0 0.842613 0.0540268 0.0512249 0.108054 8.7442e-06
0 0.582962 0.986242 0.0612472 0.0275168 8.7455e-06
0 0.0399035 0.621477 0.0434298 0.136913 8.77914e-06
0 0.710097 0.914094 0.0400891 0.108725 8.84355e-06
0 0.911099 0.393624 0.0419451 0.122819 8.84446e-06
0 0.136785 0.479866 0.0478842 0.114094 8.84572e-06
0 0.111359 0.263087 0.0527097 0.159732 8.85027e-06
0 0.0076095 0.10302 0.015219 0.136242 8.87606e-06
0 0.8183 0.358389 0.0575353 0.220134 8.88141e-06
0 0.482739 0.827517 0.0605048 0.222819 8.88864e-06
0 0.214736 0.953691 0.0256125 0.0926175 8.89931e-06
0 0.198775 0.0734899 0.0790646 0.14698 8.91762e-06
0 0.310319 0.0755034 0.0489978 0.11745 8.91974e-06
0 0.912769 0.935906 0.0423163 0.114765 8.93291e-06
0 0.344284 0.0208054 0.0315516 0.0416107 8.948e-06
0 0.112843 0.122148 0.043801 0.103356 8.96067e-06
0 0.855234 0.722819 0.0638456 0.209396 8.97337e-06
0 0.186711 0.260067 0.043801 0.121477 8.98953e-06
0 0.211952 0.484564 0.0497402 0.116779 8.99944e-06
0 0.41611 0.052349 0.0668151 0.104698 9.0432e-06
0 0.781923 0.519799 0.0708983 0.210067 9.0721e-06
0 0.935598 0.257718 0.0426875 0.126174 9.07549e-06
0 0.578322 0.985235 0.0185598 0.0295302 9.10327e-06
0 0.394766 0.968792 0.0167038 0.0624161 9.10401e-06
0 0.68337 0.0946309 0.0712695 0.138255 9.10567e-06
0 0.919636 0.264094 0.0530809 0.142953 9.13739e-06
0 0.389569 0.960403 0.0783222 0.0791946 9.15562e-06
0 0.113586 0.865772 0.0445434 0.132886 9.16262e-06
0 0.379918 0.761745 0.0426875 0.120805 9.16987e-06
0 0.212138 0.260738 0.0426875 0.109396 9.19725e-06
0 0.874536 0.992617 0.0185598 0.0147651 9.20349e-06
0 0.286377 0.889262 0.0419451 0.104698 9.20901e-06
0 0.391797 0.202685 0.0597624 0.157047 9.21239e-06
0 0.52951 0.918792 0.0597624 0.162416 9.21758e-06
0 0.174091 1 0.0861173 0 9.22658e-06
0 0.72049 0.797315 0.0786934 0.144966 9.23337e-06
0 0.0863029 0.168792 0.0412027 0.113423 9.24338e-06
0 0.768189 1 0.0939124 0 9.25377e-06
0 0.899035 0.861409 0.060876 0.160403 9.26343e-06
0 0.477357 0.973826 0.109874 0.052349 9.28055e-06
0 0.935783 0.303691 0.0452858 0.124161 9.30122e-06
0 0.677431 0.975503 0.0141054 0.0489933 9.33962e-06
0 0.311618 0.889933 0.0434298 0.103356 9.35815e-06
0 0.837231 0.304362 0.045657 0.125503 9.36601e-06
0 0.902004 0.161074 0.0601336 0.112752 9.38024e-06
0 0.987194 0.91443 0.0256125 0.171141 9.42293e-06
0 0.842613 0.157383 0.0653304 0.110738 9.4289e-06
0 0.587045 0.211745 0.0404603 0.106711 9.43422e-06
0 0.337602 0.0751678 0.0523385 0.116779 9.45593e-06
0 0.867854 0.0520134 0.0504826 0.104027 9.46434e-06
0 0.500742 0.272819 0.0549369 0.148322 9.48543e-06
0 0.592613 0.095302 0.0642168 0.13557 9.52965e-06
0 0.181143 0.977181 0.0631032 0.0456376 9.58472e-06
0 0.103563 0.464094 0.0675575 0.251678 9.58997e-06
0 0.571641 0.353356 0.0556793 0.204698 9.59135e-06
0 0.0469562 0.0412752 0.0642168 0.0825503 9.59907e-06
0 0.805494 0.0543624 0.0489978 0.108725 9.61125e-06
0 0.549555 0.96443 0.116184 0.0711409 9.61782e-06
0 0.832777 0.950671 0.0181886 0.0986577 9.61806e-06
0 0.847068 0.969463 0.0178174 0.0610738 9.63665e-06
0 0.563103 0.0963087 0.0631032 0.141611 9.63937e-06
0 0.66147 0.749329 0.0512249 0.106711 9.64498e-06
0 0.634929 0.202685 0.0746102 0.14094 9.65309e-06
0 0.648292 0.880201 0.0738679 0.23557 9.65345e-06
0 0.424462 0.97349 0.0181886 0.0530201 9.66651e-06
0 0.372866 0.57953 0.0382331 0.116107 9.67356e-06
0 0.540832 1 0.0801782 0 9.70081e-06
0 0.335932 0.040604 0.064588 0.0812081 9.71019e-06
0 0.247402 1 0.0827765 0 9.71909e-06
0 0.419451 0.969128 0.0749814 0.061745 9.72143e-06
0 0.109317 0.0154362 0.0308092 0.0308725 9.72614e-06
0 0.86173 0.348658 0.0478842 0.124161 9.77658e-06
0 0.158686 0.0120805 0.0308092 0.0241611 9.82125e-06
0 0.511136 0.0751678 0.0445434 0.119463 9.82686e-06
0 0.136229 0.438926 0.0400891 0.118121 9.83284e-06
0 0.432628 0.608054 0.0337788 0.143624 9.84728e-06
0 0.915924 0.0620805 0.0553081 0.124161 9.89003e-06
0 0.510393 0.839933 0.0512249 0.101342 9.95058e-06
0 0.687268 0.752013 0.0560505 0.106711 9.95199e-06
0 0.279139 0.273825 0.0593912 0.15302 9.96211e-06
0 0.160542 0.212081 0.0449146 0.115436 9.97449e-06
0 0.362658 0.0761745 0.0504826 0.113423 9.97651e-06
0 0.594469 0.558725 0.0434298 0.11745 9.97838e-06
0 0.636414 0.167785 0.0434298 0.110067 9.98159e-06
0 0.300854 0.879195 0.0612472 0.169128 9.99311e-06
0 0.235523 0.484899 0.0478842 0.110738 9.9959e-06
0 0.506125 0.054698 0.0642168 0.109396 1.00165e-05
0 0.113029 0.756376 0.0441722 0.116779 1.00266e-05
0 0.817558 0.745638 0.0657016 0.21745 1.00274e-05
0 0.605976 0.205034 0.0530809 0.168456 1.00786e-05
0 0.741648 0.850671 0.0890869 0.156376 1.01e-05
0 0.88196 0.632215 0.0682999 0.234899 1.01113e-05
0 0.0244989 0.157718 0.0489978 0.142282 1.01392e-05
0 0.182071 0.973826 0.0248701 0.052349 1.01515e-05
0 0.178731 0.975839 0.112472 0.0483221 1.01715e-05
0 0.684113 0.289933 0.0400891 0.161074 1.01722e-05
0 0.931143 0.00973154 0.0330364 0.0194631 1.01851e-05
0 0.560319 0.260067 0.0374907 0.106711 1.01932e-05
0 0.292502 0.0553691 0.0452858 0.110738 1.01953e-05
0 0.183927 0.12047 0.0486266 0.113423 1.01991e-05
0 0.418337 0.731544 0.0334076 0.111409 1.02011e-05
0 0.170379 0.907718 0.0534521 0.137584 1.02012e-05
0 0.863215 0.846644 0.045657 0.133557 1.02064e-05
0 0.436711 0.0744966 0.0486266 0.120805 1.02311e-05
0 1 0.319463 0 0.171812 1.0246e-05
0 0.0866741 0.435906 0.0523385 0.114765 1.02876e-05
0 0.487379 0.97953 0.0207869 0.0409396 1.03145e-05
0 0.167966 0.989262 0.0278396 0.0214765 1.04102e-05
0 0.812361 0.439933 0.0397179 0.113423 1.04109e-05
0 0.140683 0.940604 0.0965108 0.118792 1.04248e-05
0 0.243318 0.962081 0.015219 0.0758389 1.04268e-05
0 0.387713 0.0775168 0.0471418 0.113423 1.04394e-05
0 0.236637 0.436242 0.0515961 0.115436 1.04542e-05
0 0.494432 0.796644 0.0400891 0.143624 1.0456e-05
0 0.0866741 0.748322 0.0553081 0.115436 1.04689e-05
0 0.0397179 0.214765 0.0393467 0.126174 1.04729e-05
0 0.536748 0.0996644 0.0482554 0.160403 1.04739e-05
0 0.0113215 0.311074 0.0226429 0.137584 1.04756e-05
0 0.560134 0.839597 0.0838901 0.15302 1.04878e-05
0 0.369154 0.0261745 0.0330364 0.052349 1.05483e-05
0 0.798998 0.403356 0.0649592 0.157047 1.05494e-05
0 0.246845 0.334899 0.0734967 0.159732 1.05523e-05
0 0.934484 0.483221 0.0426875 0.12349 1.05737e-05
0 0.862287 0.166107 0.0445434 0.108054 1.05968e-05
0 0.718263 0.941946 0.0237565 0.116107 1.06289e-05
0 0.162027 0.483893 0.0441722 0.118121 1.06306e-05
0 0.688382 0.167785 0.0389755 0.110067 1.0631e-05
0 0.254269 0.715101 0.0616184 0.160403 1.06462e-05
0 0.908129 0.3 0.0501114 0.139597 1.07009e-05
0 0.792687 0.765101 0.0649592 0.202685 1.07215e-05
0 0.918708 0.0100671 0.0326652 0.0201342 1.07723e-05
0 0.352821 0.976174 0.0137342 0.047651 1.07917e-05
0 0.1817 0.98557 0.0352635 0.0288591 1.08174e-05
0 0.363771 0.968121 0.0155902 0.0637584 1.08521e-05
0 0.689681 0.476846 0.0460282 0.121477 1.08595e-05
0 0.554566 0.310738 0.0512249 0.177181 1.08599e-05
0 0.736637 0.490268 0.0575353 0.114765 1.08774e-05
0 0.331663 0.663423 0.0478842 0.207383 1.09213e-05
0 0.253712 0.974832 0.110245 0.0503356 1.09253e-05
0 0.481811 0.72651 0.0259837 0.104027 1.09298e-05
0 0.46121 0.846309 0.0374907 0.100671 1.09849e-05
0 0.810876 0.300336 0.049369 0.114765 1.09941e-05
0 0.473645 0.0996644 0.0556793 0.160403 1.09991e-05
0 0.555679 0.93255 0.0363771 0.134899 1.10115e-05
0 0.459911 0.0399329 0.0593912 0.0798658 1.10291e-05
0 0.112287 0.572819 0.0486266 0.118792 1.10471e-05
0 0.187268 0.393289 0.0449146 0.115436 1.10829e-05
0 0.186711 0.439597 0.0430586 0.120805 1.10833e-05
0 0.437268 0.0419463 0.043801 0.0838926 1.10915e-05
0 0.575724 0.982886 0.0185598 0.0342282 1.11051e-05
0 0.337973 0.212752 0.0397179 0.107383 1.11087e-05
0 0.512621 0.256376 0.0363771 0.107383 1.11119e-05
0 0.167595 0.312416 0.0753526 0.130872 1.11779e-05
0 0.623608 0.257718 0.0541945 0.124832 1.11791e-05
0 0.935598 0.937248 0.0419451 0.113423 1.12333e-05
0 1 0.930872 0 0.138255 1.1275e-05
0 0.308278 0.951007 0.0174462 0.0979866 1.12917e-05
0 0.737194 0.889933 0.0430586 0.10604 1.12983e-05
0 0.910171 0.436913 0.0489978 0.116779 1.13838e-05
0 0.556793 0.585235 0.0371195 0.0993289 1.14109e-05
0 0.74369 0.0530201 0.045657 0.10604 1.14493e-05
0 0.145694 0.982886 0.0649592 0.0342282 1.14531e-05
0 0.930958 0.562081 0.0527097 0.227517 1.14684e-05
0 0.93634 0.393624 0.0426875 0.120134 1.14749e-05
0 0.314959 0.201678 0.0605048 0.161745 1.15278e-05
0 0.111544 0.711409 0.0441722 0.116779 1.15342e-05
0 0.855605 0.438591 0.0853749 0.17651 1.15989e-05
0 0.994246 0.871477 0.0115071 0.187248 1.16076e-05
0 0.0406459 0.530201 0.0419451 0.134228 1.16156e-05
0 0.312361 0.0718121 0.0812918 0.143624 1.16476e-05
0 0.98608 0.0778523 0.0278396 0.114094 1.16614e-05
0 0.955457 0.0513423 0.0489978 0.102685 1.16733e-05
0 0.0155902 0.39698 0.0311804 0.227517 1.16735e-05
0 0.326837 0.940604 0.0226429 0.118792 1.17013e-05
0 0.654046 0.097651 0.0593912 0.141611 1.17076e-05
0 0.702116 0.97349 0.0137342 0.0530201 1.17115e-05
0 0.911099 0.711745 0.0463994 0.121477 1.17412e-05
0 0.662584 0.353691 0.0467706 0.095302 1.17516e-05
0 0.844284 0.266779 0.0664439 0.128188 1.17753e-05
0 0.136785 0.529866 0.0404603 0.121477 1.18223e-05
0 0.553638 0.754698 0.0382331 0.155034 1.18495e-05
0 0.792502 0.331208 0.0727543 0.155034 1.18702e-05
0 0.159428 0.613087 0.0582777 0.114765 1.18841e-05
0 0.912027 0.349329 0.0460282 0.124161 1.20084e-05
0 0.6134 0.359732 0.0345212 0.206711 1.20142e-05
0 0.536748 0.839933 0.0504826 0.0986577 1.20334e-05
0 0.499443 0.924161 0.0939124 0.151678 1.20574e-05
0 0.816258 0.965101 0.0163326 0.0697987 1.20715e-05
0 0.59317 0.05 0.0579065 0.1 1.21223e-05
0 0.444321 0.0271812 0.0326652 0.0543624 1.21332e-05
0 0.143653 0.0090604 0.0319228 0.0181208 1.21409e-05
0 0.213437 0.575168 0.0489978 0.102013 1.2144e-05
0 0.503526 0.969799 0.0575353 0.0604027 1.21967e-05
0 0.360059 0.771477 0.0764662 0.175168 1.22419e-05
0 0.235338 0.639933 0.0749814 0.144295 1.22497e-05
0 0.481626 0.557383 0.0367483 0.0879195 1.22532e-05
0 0.194878 0.795302 0.0749814 0.242953 1.22576e-05
0 0.861915 0.394631 0.0445434 0.118121 1.2264e-05
0 0.661284 0.211074 0.0434298 0.106711 1.22648e-05
0 0.377691 0.837248 0.0857461 0.156376 1.22766e-05
0 0.836674 0.392282 0.0415739 0.11745 1.22819e-05
0 0.162027 0.529195 0.0434298 0.11745 1.23094e-05
0 0.902561 0.782886 0.0783222 0.177852 1.23147e-05
0 0.475501 0.97953 0.0222717 0.0409396 1.23321e-05
0 0.339644 0.199329 0.0690423 0.138255 1.23405e-05
0 0.880846 0.72349 0.0705271 0.212081 1.23553e-05
0 0.337416 0.260403 0.0393467 0.10604 1.23837e-05
0 0.550854 0.981544 0.0207869 0.0369128 1.24811e-05
0 0.531366 0.613758 0.0308092 0.110738 1.249e-05
0 0.444135 0.933557 0.0352635 0.132886 1.2518e-05
0 0.849109 0.978859 0.0204157 0.0422819 1.25511e-05
0 0.110616 0.431544 0.0423163 0.14094 1.25699e-05
0 0.817372 0.904362 0.0489978 0.148322 1.26244e-05
0 0.383259 0.564094 0.032294 0.0986577 1.26249e-05
0 0.360245 0.0392617 0.0634744 0.0785235 1.26382e-05
0 0.110802 0.529866 0.0412027 0.116107 1.26447e-05
0 0.51856 0.0137584 0.0378619 0.0275168 1.26474e-05
0 1 0.81443 0 0.180537 1.26629e-05
0 0.749629 0.0137584 0.045657 0.0275168 1.27e-05
0 0.0863029 0.485906 0.0426875 0.119463 1.27158e-05
0 0.749629 0.938926 0.0219005 0.122148 1.27395e-05
0 0.636414 0.796309 0.0538233 0.105369 1.27469e-05
0 0.48608 0.0426175 0.0419451 0.0852349 1.275e-05
0 0.00853749 0.210067 0.017075 0.13557 1.27623e-05
0 0.586488 0.888926 0.0371195 0.104027 1.27862e-05
0 0.380661 0.939262 0.0345212 0.121477 1.27917e-05
0 0.485895 0.837584 0.0460282 0.0979866 1.27989e-05
0 0.471789 0.712081 0.0541945 0.185235 1.27998e-05
0 0.767632 0.788255 0.0653304 0.200671 1.28496e-05
0 0.936526 0.993624 0.0564217 0.0127517 1.29026e-05
0 0.187454 0.844966 0.0445434 0.108725 1.29148e-05
0 0.136414 0.758725 0.045657 0.120134 1.29388e-05
0 0.920379 0.936577 0.0909428 0.126846 1.29529e-05
0 0.236451 0.844966 0.0430586 0.102013 1.29598e-05
0 0.837231 0.673826 0.0716407 0.157047 1.29785e-05
0 0.864885 0.953356 0.0712695 0.0932886 1.29806e-05
0 0.287862 0.262416 0.0374907 0.104698 1.30172e-05
0 1 0.965436 0 0.0691275 1.3018e-05
0 0.0614328 0.754027 0.0412027 0.118792 1.30377e-05
0 0.816815 0.943624 0.0241277 0.112752 1.30537e-05
0 0.712509 0.837584 0.0567929 0.107383 1.30592e-05
0 1 0.451342 0 0.183221 1.30767e-05
0 0.710097 0.95302 0.0200445 0.0939597 1.30973e-05
0 0.331849 0.0104027 0.0371195 0.0208054 1.31734e-05
0 0.554937 0.0557047 0.0452858 0.111409 1.3214e-05
0 0.485338 0.890604 0.0345212 0.100671 1.3259e-05
0 0.611915 0.795638 0.0486266 0.106711 1.32723e-05
0 0.793059 0.901342 0.0478842 0.15302 1.32852e-05
0 0.676503 0.913423 0.049369 0.173154 1.32889e-05
0 0.212138 0.969463 0.018931 0.0610738 1.3294e-05
0 0.781737 0.0100671 0.03415 0.0201342 1.33395e-05
0 0.174091 0.704362 0.0527097 0.128188 1.33737e-05
0 0.710468 0.21745 0.03415 0.114094 1.33794e-05
0 0.818857 0.0208054 0.030438 0.0416107 1.3406e-05
0 0.117669 0.993289 0.0319228 0.0134228 1.3408e-05
0 0.413512 0.808725 0.0445434 0.114094 1.34209e-05
0 0.125278 0.0724832 0.0857461 0.144966 1.34358e-05
0 0.570156 0.725503 0.030438 0.126174 1.34442e-05
0 0.432442 0.734564 0.0319228 0.148322 1.34611e-05
0 0.848924 0.970134 0.0504826 0.0597315 1.34624e-05
0 0.134744 0.717785 0.0749814 0.149664 1.35258e-05
0 0.111544 0.619463 0.0419451 0.12349 1.35482e-05
0 0.830549 0.812752 0.0694135 0.209396 1.3574e-05
0 0.138456 0.121477 0.0460282 0.100671 1.35784e-05
0 0.0629176 0.441946 0.0389755 0.124161 1.35904e-05
0 0.211767 0.348993 0.045657 0.108725 1.35981e-05
0 0.365999 0.971476 0.0579065 0.057047 1.36009e-05
0 0.760765 0.886577 0.0441722 0.10604 1.36535e-05
0 0.435412 0.838926 0.0519673 0.102013 1.36589e-05
0 0.203044 0.975503 0.0148478 0.0489933 1.36957e-05
0 0.857832 0.798993 0.0838901 0.267785 1.37007e-05
0 0.130846 0.00939597 0.0315516 0.0187919 1.37293e-05
0 0.901819 0.550336 0.0649592 0.216107 1.37347e-05
0 0.201745 0.646644 0.0553081 0.124161 1.37624e-05
0 0.0237565 0.265772 0.0467706 0.14094 1.38486e-05
0 0.718263 0.052349 0.043801 0.104698 1.38702e-05
0 0.49536 0.866107 0.0679287 0.12953 1.39255e-05
0 0.411656 0.214094 0.0356347 0.103356 1.39298e-05
0 0.162027 0.0714765 0.0827765 0.142953 1.39458e-05
0 0.495546 0.37349 0.0326652 0.153691 1.3947e-05
0 0.610987 0.0442953 0.047513 0.0885906 1.39683e-05
0 0.576466 0.270134 0.0579065 0.145638 1.40068e-05
0 0.0100223 0.955034 0.0200445 0.0899329 1.40316e-05
0 0.412027 0.846644 0.0393467 0.105369 1.40439e-05
0 0.186526 0.619128 0.045657 0.113423 1.40808e-05
0 0.136971 0.612416 0.0519673 0.113423 1.40909e-05
0 0.186526 0.484228 0.0426875 0.116107 1.41122e-05
0 0.820156 0.535906 0.0582777 0.199329 1.41193e-05
0 0.616926 0.880201 0.0712695 0.22349 1.41497e-05
0 0.0191166 0.159732 0.0382331 0.165101 1.41616e-05
0 0.618226 0.72953 0.0374907 0.130201 1.41829e-05
0 0.405902 0.93557 0.0426875 0.128859 1.41963e-05
0 0.983853 0.680537 0.032294 0.295302 1.42009e-05
0 0.811433 0.66745 0.0452858 0.106711 1.42148e-05
0 0.49703 0.427181 0.0393467 0.172483 1.43335e-05
0 0.407387 0.328523 0.0619896 0.207383 1.43794e-05
0 0.7268 0.97047 0.0126206 0.0590604 1.44468e-05
0 0.711396 0.886242 0.0575353 0.104027 1.44471e-05
0 0.297327 0.938926 0.0215293 0.122148 1.44555e-05
0 0.0937268 0.997987 0.0441722 0.00402685 1.446e-05
0 0.360431 0.211409 0.0408315 0.10604 1.44624e-05
0 0.40386 0.907047 0.0920564 0.185906 1.4518e-05
0 0.956756 0.82349 0.0850037 0.148993 1.45271e-05
0 0.707684 0.334899 0.0671863 0.148993 1.46122e-05
0 0.59484 0.73255 0.0300668 0.133557 1.46465e-05
0 0.685969 0.894631 0.0408315 0.10604 1.4712e-05
0 0.028582 0.821812 0.0571641 0.184564 1.47697e-05
0 0.999629 1 0.000742391 0 1.47884e-05
0 0.257238 0.863087 0.0772086 0.102013 1.49526e-05
0 0.0079807 0.0778523 0.0159614 0.120805 1.50057e-05
0 0.586303 0.260067 0.0374907 0.0986577 1.50283e-05
0 0.212324 0.394295 0.047513 0.113423 1.5046e-05
0 0.126763 0.79396 0.0694135 0.144966 1.50675e-05
0 0.559391 0.926846 0.103935 0.146309 1.50677e-05
0 0.0603192 0.212752 0.0389755 0.119463 1.51561e-05
0 0.137528 0.569128 0.0738679 0.162416 1.51748e-05
0 0.385115 0.846644 0.0412027 0.106711 1.52243e-05
0 0.292316 0.759396 0.0671863 0.12953 1.52268e-05
0 0.160728 0.57651 0.043801 0.122148 1.55402e-05
0 0.143096 0.862752 0.0486266 0.130872 1.55452e-05
0 0.303452 0.974832 0.0137342 0.0503356 1.55911e-05
0 0.386971 0.213423 0.0397179 0.102013 1.56172e-05
0 0.837973 0.442282 0.0404603 0.116779 1.56244e-05
0 0.836488 0.844295 0.0463994 0.12349 1.5657e-05
0 0.205828 0.450671 0.0998515 0.234228 1.56771e-05
0 0.211767 0.846644 0.0441722 0.101342 1.56776e-05
0 0.280252 0.944631 0.03415 0.110738 1.57272e-05
0 0.886971 0.441275 0.045657 0.121477 1.57391e-05
0 0.685041 0.863087 0.0538233 0.114094 1.5773e-05
0 0.352821 0.269799 0.045657 0.114094 1.58928e-05
0 0.580921 0.933557 0.0348924 0.132886 1.59002e-05
0 0.111544 0.922148 0.0478842 0.12349 1.59033e-05
0 0.493875 0.0147651 0.0382331 0.0295302 1.59171e-05
0 0.411284 0.888255 0.0393467 0.102685 1.59352e-05
0 0.620267 0.521812 0.0430586 0.177852 1.59685e-05
0 0.21288 0.61745 0.0508537 0.102013 1.59926e-05
0 0.337973 0.839262 0.0575353 0.104027 1.60043e-05
0 0.00835189 0.428523 0.0167038 0.130872 1.60047e-05
0 0.99833 0.576174 0.00334076 0.191275 1.60523e-05
0 0.620082 0.92953 0.116184 0.14094 1.61024e-05
0 0.560319 0.882215 0.049369 0.0986577 1.61337e-05
0 0.486823 0.0758389 0.0434298 0.119463 1.61342e-05
0 0.273757 0.963758 0.015219 0.0724832 1.61964e-05
0 0.113771 0.0288591 0.0612472 0.0577181 1.62155e-05
0 0.234224 0.711745 0.0467706 0.109396 1.62394e-05
0 0.31199 0.844966 0.0449146 0.102013 1.62903e-05
0 0.798627 0.940268 0.0412027 0.115436 1.62975e-05
0 0.391425 0.769463 0.0486266 0.185906 1.62991e-05
0 0.750371 0.24396 0.0671863 0.202013 1.63084e-05
0 0.637157 0.307047 0.0404603 0.0919463 1.63135e-05
0 0.305679 0.972483 0.05902 0.0550336 1.63143e-05
0 0.263363 0.84396 0.0412027 0.102685 1.63176e-05
0 0.328508 0.976846 0.0141054 0.0463087 1.63217e-05
0 0.694692 0.692953 0.0397179 0.181879 1.63658e-05
0 0.647364 0.929866 0.0504826 0.140268 1.63911e-05
0 0.511693 0.883557 0.0508537 0.0973154 1.64015e-05
0 0.187454 0.304698 0.0445434 0.115436 1.64067e-05
0 0.562732 0.974161 0.0601336 0.0516779 1.6417e-05
0 0.0857461 0.710738 0.0452858 0.119463 1.64307e-05
0 0.595397 0.864094 0.0482554 0.113423 1.64452e-05
0 0.323125 0.270134 0.0486266 0.113423 1.64473e-05
0 0.990535 0.996644 0.018931 0.00671141 1.64532e-05
0 0.839829 0.369128 0.0701559 0.155705 1.64784e-05
0 0.430772 0.272148 0.0708983 0.160403 1.65023e-05
0 0.883074 0.755705 0.0497402 0.112752 1.65313e-05
0 0.561433 0.838591 0.0501114 0.0986577 1.65624e-05
0 0.635486 0.0751678 0.0571641 0.120805 1.65915e-05
0 0.0621752 0.531208 0.0426875 0.125503 1.66669e-05
0 0.392539 0.944631 0.0389755 0.110738 1.66692e-05
0 0.238122 0.350671 0.0471418 0.105369 1.66744e-05
0 0.140497 0.921476 0.049369 0.12349 1.67155e-05
0 0.682442 0.928523 0.120638 0.142953 1.67401e-05
0 0.119525 0.684228 0.0682999 0.160403 1.68162e-05
0 0.6134 0.0758389 0.0560505 0.122148 1.68169e-05
0 0.990535 0.0986577 0.018931 0.165101 1.68294e-05
0 0.321084 0.835235 0.0868597 0.156376 1.68423e-05
0 0.782665 0.153691 0.0642168 0.112752 1.68809e-05
0 0.612101 0.882886 0.0527097 0.0986577 1.68938e-05
0 1 1 0 0 1.6994e-05
0 0.881032 0.0214765 0.0308092 0.042953 1.70195e-05
0 0.930401 0.0493289 0.0463994 0.0986577 1.70243e-05
0 0.985338 0.040604 0.0293244 0.0812081 1.70335e-05
0 0.253341 0.974832 0.0144766 0.0503356 1.70796e-05
0 0.811247 0.619799 0.0449146 0.1 1.71131e-05
0 0.66147 0.70302 0.0512249 0.120134 1.71289e-05
0 0.203044 0.705705 0.0541945 0.120134 1.71437e-05
0 0.868782 0.584564 0.0612472 0.202685 1.71448e-05
0 0.283222 0.952349 0.0185598 0.095302 1.7158e-05
0 0.0850037 0.525839 0.0512249 0.113423 1.7197e-05
0 0.447661 0.356711 0.0356347 0.192617 1.72045e-05
0 0.0603192 0.710067 0.0412027 0.116779 1.7229e-05
0 0.93467 0.574497 0.0393467 0.127517 1.72697e-05
0 0.0077951 0.963423 0.0155902 0.0731544 1.73677e-05
0 0.103935 0.0459732 0.0905716 0.0919463 1.73711e-05
0 0.255197 0.945973 0.0337788 0.108054 1.73982e-05
0 0.228471 0.975168 0.0144766 0.0496644 1.74088e-05
0 0.0244989 0.208725 0.0489978 0.108725 1.74121e-05
0 0.985895 0.0503356 0.0282108 0.100671 1.74429e-05
0 0.162398 0.121477 0.0486266 0.103356 1.74681e-05
0 0.437268 0.929195 0.109874 0.141611 1.75294e-05
0 0.711953 0.800671 0.0430586 0.107383 1.75441e-05
0 0.379362 0.929866 0.126949 0.140268 1.7574e-05
0 0.737565 0.218792 0.0371195 0.104698 1.7621e-05
0 0.634001 0.0422819 0.0675575 0.0845638 1.76514e-05
0 0.0391611 0.711409 0.0389755 0.12349 1.76832e-05
0 0.614143 0.213087 0.0412027 0.105369 1.76871e-05
0 0.733853 0.949664 0.0178174 0.100671 1.77092e-05
0 1 0.714765 0 0.186577 1.77258e-05
0 0.143838 0.997315 0.0278396 0.00536913 1.77339e-05
0 0.186526 0.954027 0.0293244 0.0919463 1.77349e-05
0 0.533408 0.52953 0.0311804 0.104698 1.78126e-05
0 0.909614 0.484899 0.0389755 0.125503 1.78429e-05
0 0.361915 0.847315 0.0423163 0.106711 1.7897e-05
0 0.264848 0.312416 0.0538233 0.116107 1.79694e-05
0 0.921863 0.536913 0.0426875 0.144966 1.79965e-05
0 0.328693 0.957383 0.0746102 0.0852349 1.80412e-05
0 0.294172 0.686913 0.0478842 0.121477 1.80689e-05
0 0.536006 0.883221 0.0482554 0.0939597 1.80873e-05
0 0.258166 0.952685 0.018931 0.0946309 1.81093e-05
0 0.186526 0.528524 0.0419451 0.112081 1.81453e-05
0 0.367669 0.904362 0.0530809 0.140268 1.81641e-05
0 0.28415 0.0214765 0.045657 0.042953 1.81775e-05
0 0.443207 0.588255 0.0334076 0.122819 1.81805e-05
0 0.283408 0.639933 0.0805494 0.151007 1.81974e-05
0 0.211952 0.304027 0.043801 0.102013 1.83029e-05
0 0.0239421 0.377517 0.0426875 0.138926 1.83705e-05
0 0.261878 0.268456 0.0478842 0.124832 1.83743e-05
0 0.356719 0.0134228 0.0371195 0.0268456 1.83899e-05
0 0.864885 0.208389 0.0853749 0.124161 1.84392e-05
0 0.0859317 0.66443 0.045657 0.124832 1.84434e-05
0 0.814959 0.488926 0.0412027 0.116107 1.86005e-05
0 0.456941 0.60906 0.0289532 0.124161 1.86364e-05
0 0.685969 0.0520134 0.0705271 0.104027 1.86424e-05
0 0.157016 0.986242 0.0267261 0.0275168 1.86652e-05
0 0.621938 0.979195 0.05902 0.0416107 1.86667e-05
0 0.333333 0.969463 0.017075 0.0610738 1.87309e-05
0 0.72977 0.970805 0.0601336 0.0583893 1.87619e-05
0 0.803823 0.972148 0.0122494 0.0557047 1.87734e-05
0 0.017075 1 0.03415 0 1.89269e-05
0 0.172977 0.860067 0.0534521 0.124161 1.89844e-05
0 0.412398 0.207718 0.0653304 0.126846 1.90135e-05
0 0.34317 0.937584 0.0374907 0.124832 1.90189e-05
0 0.719376 0.14698 0.0616184 0.114094 1.90439e-05
0 0.636043 0.212416 0.0404603 0.106711 1.90871e-05
0 0.388456 0.874497 0.0634744 0.130201 1.9148e-05
0 0.340943 0.701007 0.0501114 0.124161 1.9171e-05
0 0.441537 0.97651 0.0567929 0.0469799 1.91749e-05
0 0.136043 0.576846 0.0404603 0.125503 1.92864e-05
0 0.967706 1 0.0334076 0 1.93045e-05
0 0.0311804 0.0107383 0.0334076 0.0214765 1.93726e-05
0 0.68467 0.812081 0.0515961 0.118121 1.94806e-05
0 0.763177 0.713423 0.0482554 0.111409 1.95011e-05
0 0.855976 0.0218121 0.030438 0.0436242 1.95159e-05
0 0.0833333 0.923154 0.0441722 0.122819 1.95343e-05
0 0.456199 0.0161074 0.0386043 0.0322148 1.95531e-05
0 0.637157 0.890604 0.0404603 0.103356 1.95688e-05
0 0.68337 0.979195 0.0564217 0.0416107 1.96095e-05
0 0.235895 0.302685 0.0419451 0.100671 1.96113e-05
0 0.162769 0.982215 0.0167038 0.0355705 1.96468e-05
0 0.406273 0.310738 0.0426875 0.131544 1.96558e-05
0 0.78879 0.665772 0.0489978 0.114094 1.96707e-05
0 0.186897 0.574497 0.0426875 0.110067 1.96718e-05
0 0.0640312 0.620134 0.0426875 0.127517 1.96896e-05
0 0.78582 0.304698 0.0423163 0.108725 1.97229e-05
0 0.770973 0.491946 0.0571641 0.127517 1.97428e-05
0 0.661841 0.154362 0.064588 0.108725 1.97706e-05
0 0.843727 0.0221477 0.030438 0.0442953 1.97811e-05
0 0.84484 0.572148 0.0905716 0.15906 1.98475e-05
0 0.806607 0.011745 0.03415 0.0234899 1.99119e-05
0 0.312546 0.555034 0.0489978 0.126174 2.00451e-05
0 0.547884 0.0137584 0.0452858 0.0275168 2.0103e-05
0 0.739235 0.845638 0.045657 0.104698 2.01545e-05
0 0.330921 0.876846 0.0560505 0.152349 2.01656e-05
0 0.739792 0.925503 0.0527097 0.148993 2.02296e-05
0 0.787491 0.346644 0.0434298 0.109396 2.02989e-05
0 0.991091 0.788926 0.0178174 0.238255 2.03334e-05
0 0.997216 0.808389 0.00556793 0.222148 2.03567e-05
0 0.634187 0.0208054 0.0657016 0.0416107 2.03971e-05
0 0.0183742 0.911745 0.0367483 0.17651 2.04208e-05
0 0.759837 0.217114 0.0363771 0.109396 2.04236e-05
0 0.737751 0.801007 0.0463994 0.105369 2.04247e-05
0 0.0122494 0.133557 0.0244989 0.178523 2.04716e-05
0 0.764291 0.953691 0.030438 0.0926175 2.05001e-05
0 0.122866 0.211409 0.0742391 0.115436 2.05246e-05
0 0.367669 0.94396 0.0404603 0.112081 2.05277e-05
0 0.637899 0.256376 0.0389755 0.103356 2.05295e-05
0 0.442836 0.72651 0.0282108 0.126846 2.05891e-05
0 0.89291 0.052349 0.0463994 0.104698 2.06193e-05
0 0.712509 0.752349 0.0567929 0.103356 2.06278e-05
0 0.266889 0.938255 0.0215293 0.12349 2.0686e-05
0 0.77654 0.270805 0.0668151 0.128188 2.07093e-05
0 0.712509 0.94698 0.0649592 0.10604 2.07414e-05
0 0.278768 0.976174 0.0141054 0.047651 2.07508e-05
0 0.625464 0.863087 0.0519673 0.111409 2.08421e-05
0 0.330921 0.470134 0.0293244 0.137584 2.08445e-05
0 0.187454 0.974832 0.0200445 0.0503356 2.0922e-05
0 0.0167038 1 0.0334076 0 2.09856e-05
0 0.985709 0.131879 0.028582 0.231544 2.1017e-05
0 0.99072 0.311409 0.0185598 0.216107 2.10274e-05
0 0.725501 0.737248 0.0820341 0.163087 2.1068e-05
0 0.554566 0.0342282 0.0631032 0.0684564 2.11146e-05
0 0.31997 0.928188 0.129176 0.143624 2.11256e-05
0 0.139198 0.885906 0.0868597 0.155705 2.11903e-05
0 0.116741 0.322819 0.0976244 0.166443 2.11906e-05
0 0.381774 0.984228 0.0560505 0.0315436 2.12362e-05
0 0.77784 0.970134 0.0122494 0.0597315 2.1246e-05
0 0.953415 0.568792 0.079807 0.165772 2.13198e-05
0 0.128619 0.265772 0.0545657 0.118121 2.13306e-05
0 0.567929 0.941611 0.0400891 0.116779 2.13449e-05
0 0.811433 0.842953 0.0467706 0.114094 2.14131e-05
0 0.117112 0.469799 0.0619896 0.161074 2.1425e-05
0 0.0187454 0.864094 0.0374907 0.149664 2.14442e-05
0 0.908315 0.014094 0.0489978 0.0281879 2.14633e-05
0 0.00853749 0.392953 0.017075 0.142953 2.14759e-05
0 0.692836 0.936577 0.0501114 0.126846 2.14842e-05
0 0.620267 0.600336 0.0452858 0.14698 2.15038e-05
0 0.674462 0.0251678 0.0712695 0.0503356 2.15494e-05
0 0.926132 0.035906 0.0838901 0.0718121 2.16248e-05
0 0.752413 0.970805 0.0126206 0.0583893 2.17237e-05
0 0.662212 0.89396 0.0408315 0.104698 2.17247e-05
0 0.233482 0.953691 0.0200445 0.0926175 2.17275e-05
0 0.430215 0.942282 0.0400891 0.115436 2.17344e-05
0 0.303823 0.94094 0.0404603 0.118121 2.17352e-05
0 0.635486 0.837919 0.0534521 0.101342 2.1738e-05
0 0.886785 0.664094 0.0482554 0.118792 2.17639e-05
0 0.00259837 0.0295302 0.00519673 0.0590604 2.17824e-05
0 0.612472 0.837919 0.0534521 0.0986577 2.17993e-05
0 0.49239 0.932886 0.0367483 0.134228 2.18514e-05
0 0.62101 0.449664 0.0489978 0.206711 2.18937e-05
0 0.564774 0.211409 0.0657016 0.13557 2.19543e-05
0 0.0224573 0.540604 0.0419451 0.136242 2.2012e-05
0 0.834818 0.943624 0.0794358 0.112752 2.2088e-05
0 0.788604 0.97047 0.0597624 0.0590604 2.21657e-05
0 0.267261 0.949329 0.0363771 0.101342 2.21938e-05
0 0.934298 0.0161074 0.0601336 0.0322148 2.22954e-05
0 0.837416 0.666779 0.047513 0.106711 2.23473e-05
0 0.013363 0.200336 0.0267261 0.184564 2.24059e-05
0 0.868411 0.495638 0.0575353 0.215436 2.2473e-05
0 0.043801 0.0100671 0.0319228 0.0201342 2.25397e-05
0 0.201002 0.870134 0.0850037 0.16443 2.25653e-05
0 0.17706 0.947987 0.0326652 0.104027 2.25838e-05
0 0.768374 0.932215 0.0423163 0.13557 2.27378e-05
0 0.654974 0.862081 0.0538233 0.109396 2.27869e-05
0 0.487194 0.306711 0.0337788 0.0966443 2.27965e-05
0 0.63363 0.502685 0.0423163 0.10604 2.27995e-05
0 0.897736 0.266443 0.0582777 0.146309 2.28006e-05
0 0.354677 0.467785 0.0330364 0.134228 2.28014e-05
0 0.0850037 0.576846 0.0430586 0.132215 2.29246e-05
0 0.542873 0.92651 0.0471418 0.140268 2.29294e-05
0 0.121938 0.16443 0.0649592 0.124832 2.29369e-05
0 0.61637 0.30604 0.062732 0.194631 2.30004e-05
0 0.426132 0.87349 0.0631032 0.12953 2.30559e-05
0 0.56366 0.981879 0.0211581 0.0362416 2.3127e-05
0 0.166852 0.269128 0.0605048 0.147651 2.3135e-05
0 0.985895 0.123826 0.0282108 0.122819 2.31873e-05
0 0.433185 0.035906 0.0631032 0.0718121 2.32322e-05
0 0.487565 0.209732 0.0679287 0.137584 2.32342e-05
0 0.0183742 0.471476 0.0367483 0.189933 2.33492e-05
0 0.885486 0.712752 0.0478842 0.112752 2.33644e-05
0 0.427803 0.0151007 0.0478842 0.0302013 2.33679e-05
0 0.807535 0.948658 0.0174462 0.102685 2.34353e-05
0 0.98441 0.895638 0.0311804 0.208725 2.34971e-05
0 0.0118782 0.25604 0.0237565 0.134899 2.3583e-05
0 0.37268 0.327852 0.03415 0.17651 2.36882e-05
0 0.983667 0.51745 0.0326652 0.284564 2.37064e-05
0 0.655345 0.812752 0.0501114 0.116779 2.37485e-05
0 0.606719 0.0090604 0.0501114 0.0181208 2.37759e-05
0 0.98608 0.931208 0.0241277 0.137584 2.37946e-05
0 0.861915 0.441275 0.0430586 0.116107 2.38658e-05
0 0.0753526 1 0.0400891 0 2.38794e-05
0 0.639941 0.62349 0.0527097 0.128859 2.40277e-05
0 0.536563 0.395302 0.0397179 0.151678 2.40303e-05
0 0.145694 0.810067 0.0530809 0.127517 2.4087e-05
0 0.786563 0.713423 0.047513 0.108725 2.41259e-05
0 0.86173 0.714094 0.0508537 0.108725 2.41477e-05
0 0.734224 0.0244966 0.0682999 0.0489933 2.41761e-05
0 0.887899 0.970134 0.0348924 0.0597315 2.4202e-05
0 0.508537 0.305369 0.0356347 0.095302 2.42245e-05
0 0.136785 0.949329 0.0463994 0.101342 2.42335e-05
0 0.198033 0.569128 0.0723831 0.163758 2.43259e-05
0 0.482925 0.269128 0.0534521 0.112752 2.44205e-05
0 0.945434 0.454027 0.0764662 0.168456 2.4583e-05
0 0.0233853 0.329866 0.0467706 0.214094 2.46383e-05
0 0.328879 0.587248 0.0549369 0.128859 2.46684e-05
0 0.938753 0.332886 0.0705271 0.131544 2.46891e-05
0 0.0129918 0.0708054 0.0259837 0.141611 2.47544e-05
0 0.219005 0.538255 0.0801782 0.169128 2.47627e-05
0 0.304937 0.157047 0.0582777 0.126174 2.47939e-05
0 0.287305 0.843624 0.043801 0.100671 2.47993e-05
0 0.353007 0.874832 0.0668151 0.130872 2.48001e-05
0 0.909985 0.577852 0.0404603 0.138255 2.48816e-05
0 0.900334 0.474161 0.0657016 0.175168 2.48824e-05
0 0.693207 0.209732 0.049369 0.151007 2.49142e-05
0 0.955642 0.707047 0.0864885 0.161745 2.49692e-05
0 0.0241277 0.960738 0.0460282 0.0785235 2.50084e-05
0 0.580735 0.502685 0.0360059 0.14094 2.5014e-05
0 0.136229 0.0308725 0.0682999 0.061745 2.50246e-05
0 0.942836 0.212752 0.0734967 0.124832 2.51792e-05
0 0.320898 0.984564 0.0553081 0.0308725 2.52414e-05
0 0.36173 0.153691 0.0567929 0.120805 2.52836e-05
0 0.975687 0.976846 0.0486266 0.0463087 2.53631e-05
0 0.227543 0.945302 0.0371195 0.109396 2.54268e-05
0 0.862843 0.665101 0.0486266 0.110067 2.54375e-05
0 0.615999 0.0258389 0.0694135 0.0516779 2.54516e-05
0 0.425947 0.157383 0.0560505 0.109396 2.5568e-05
0 0.337231 0.304027 0.0449146 0.0912752 2.57684e-05
0 0.865071 0.806711 0.062732 0.142282 2.58166e-05
0 0.0128062 0.361074 0.0256125 0.147651 2.58304e-05
0 0.244246 0.158054 0.0571641 0.12953 2.58529e-05
0 0.657944 0.0513423 0.0746102 0.102685 2.60089e-05
0 0.786563 0.845302 0.0467706 0.108054 2.60859e-05
0 0.06366 0.166779 0.0649592 0.113423 2.61545e-05
0 0.762435 0.846309 0.0460282 0.10604 2.635e-05
0 0.463252 0.873154 0.0593912 0.127517 2.64411e-05
0 0.314774 0.368121 0.0452858 0.191275 2.64539e-05
0 0.0211581 0.648993 0.0386043 0.147651 2.65039e-05
0 0.811433 0.348322 0.0408315 0.116779 2.65507e-05
0 0.0545657 0.579866 0.0668151 0.143624 2.65609e-05
0 0.636971 0.350336 0.0445434 0.0872483 2.66912e-05
0 0.0562361 0.467785 0.062732 0.14094 2.67142e-05
0 0.0556793 0.889933 0.0682999 0.138255 2.67211e-05
0 0.320341 0.734564 0.0905716 0.184564 2.68012e-05
0 0.506867 0.530872 0.0352635 0.116779 2.68455e-05
0 0.508537 0.403356 0.0378619 0.131544 2.6864e-05
0 0.737751 0.75906 0.0463994 0.104698 2.69942e-05
0 0.242019 0.258389 0.0571641 0.14094 2.71583e-05
0 0.191722 0.209732 0.0708983 0.116107 2.71602e-05
0 0.362658 0.346644 0.0378619 0.0946309 2.76579e-05
0 0.184113 0.165436 0.0601336 0.120134 2.76581e-05
0 0.286748 0.941946 0.0708983 0.116107 2.77065e-05
0 0.189866 0.00973154 0.0515961 0.0194631 2.78646e-05
0 0.981069 0.464765 0.0378619 0.149664 2.7962e-05
0 0.893467 0.0134228 0.0334076 0.0268456 2.79825e-05
0 0.868597 0.014094 0.03415 0.0281879 2.80512e-05
0 0.705642 0.0177852 0.0623608 0.0355705 2.81021e-05
0 0.268931 0.793289 0.0746102 0.212081 2.82062e-05
0 0.0248701 0.333557 0.0497402 0.124832 2.83613e-05
0 0.475872 0.630872 0.0460282 0.169128 2.83732e-05
0 0.985523 0.751678 0.0230141 0.148993 2.83895e-05
0 0.831292 0.014094 0.0345212 0.0281879 2.8407e-05
0 0.854306 0.324832 0.0850037 0.132886 2.84432e-05
0 0.0165182 0.582215 0.0330364 0.19396 2.84703e-05
0 0.174091 0.761409 0.0571641 0.120134 2.8522e-05
0 0.00835189 0.525839 0.0167038 0.144295 2.85918e-05
0 0.239421 0.537919 0.0549369 0.116107 2.86417e-05
0 0.857275 0.920134 0.0530809 0.159732 2.86483e-05
0 0.787862 0.61745 0.0575353 0.120805 2.86524e-05
0 0.205271 0.94396 0.0274684 0.112081 2.87224e-05
0 0.355605 0.702685 0.0400891 0.221477 2.88268e-05
0 0.242205 0.95 0.0352635 0.1 2.89451e-05
0 0.38363 0.809732 0.0486266 0.11745 2.90072e-05
0 0.664439 0.283221 0.0616184 0.136913 2.90555e-05
0 0.837602 0.621141 0.0463994 0.104027 2.91172e-05
0 0.463252 0.308389 0.0363771 0.090604 2.91613e-05
0 0.795471 0.0228188 0.0660728 0.0456376 2.92715e-05
0 0.810319 0.712752 0.0467706 0.108725 2.92788e-05
0 0.0640312 0.358725 0.0612472 0.140268 2.9299e-05
0 0.499814 0.334899 0.0530809 0.15302 2.93446e-05
0 0.323311 0.322819 0.0497402 0.100671 2.9478e-05
0 0.836303 0.712081 0.0482554 0.107383 2.95396e-05
0 0.468263 0.922148 0.0553081 0.155705 2.95471e-05
0 0.0705271 0.27349 0.0720119 0.152349 2.96426e-05
0 0.132331 0.99094 0.0315516 0.0181208 2.97288e-05
0 0.450445 0.307383 0.049369 0.13557 2.97841e-05
0 0.0159614 0.683893 0.0319228 0.194631 2.98461e-05
0 0.545286 0.265772 0.0556793 0.12349 2.99072e-05
0 0.480327 0.0278523 0.0593912 0.0557047 2.99808e-05
0 0.373608 0.0298658 0.0642168 0.0597315 3.00462e-05
0 0.886785 0.486242 0.0445434 0.120134 3.01532e-05
0 0.489421 0.15906 0.0582777 0.0979866 3.01664e-05
0 0.703415 0.446644 0.0504826 0.130872 3.023e-05
0 0.744618 0.982886 0.0556793 0.0342282 3.03158e-05
0 0.415367 0.269799 0.0408315 0.107383 3.03416e-05
0 0.962324 0.966107 0.0412027 0.0677852 3.03969e-05
0 0.837231 0.757383 0.0523385 0.106711 3.0602e-05
0 0.605419 0.722819 0.0296956 0.116779 3.07313e-05
0 0.530624 0.941275 0.0404603 0.11745 3.08698e-05
0 0.783593 0.936913 0.0423163 0.126174 3.09122e-05
0 0.889013 0.616443 0.0601336 0.114765 3.09151e-05
0 0.622866 0.323826 0.0460282 0.101342 3.0928e-05
0 0.602821 0.159732 0.064588 0.100671 3.09499e-05
0 0.407572 0.0255034 0.060876 0.0510067 3.10283e-05
0 0.125464 0.354362 0.0601336 0.154362 3.107e-05
0 0.497216 0.501007 0.0360059 0.14698 3.11766e-05
0 0.0241277 0.461409 0.0482554 0.149664 3.16258e-05
0 0.762064 0.757383 0.0482554 0.105369 3.18155e-05
0 0.0176318 0.0120805 0.0330364 0.0241611 3.18265e-05
0 0.624536 0.763423 0.0723831 0.169799 3.18746e-05
0 0.164068 0.822483 0.0764662 0.230201 3.20208e-05
0 0.875093 0.973154 0.0308092 0.0536913 3.20398e-05
0 0.72513 0.212752 0.0515961 0.154362 3.20694e-05
0 0.0495546 0.684228 0.0664439 0.137584 3.21128e-05
0 0.785635 0.75604 0.0486266 0.106711 3.23277e-05
0 0.553081 0.144631 0.0616184 0.222148 3.23387e-05
0 0.251299 0.0137584 0.0497402 0.0275168 3.25212e-05
0 0.184855 0.36443 0.0668151 0.154362 3.25849e-05
0 0.062732 0.97953 0.0697847 0.0409396 3.26e-05
0 0.543987 0.160403 0.0553081 0.0979866 3.273e-05
0 0.563289 0.314765 0.0441722 0.111409 3.293e-05
0 0.380661 0.0177852 0.0374907 0.0355705 3.3119e-05
0 0.0673719 0.0127517 0.0523385 0.0255034 3.31716e-05
0 0.25631 0.404698 0.0812918 0.13557 3.32335e-05
0 0.263363 0.354698 0.0471418 0.109396 3.32366e-05
0 0.177431 0.0375839 0.0876021 0.0751678 3.32451e-05
0 0.309206 0.0144295 0.0512249 0.0288591 3.35143e-05
0 0.237008 0.94698 0.0694135 0.10604 3.35434e-05
0 0.955271 1 0.0315516 0 3.35753e-05
0 0.0105791 1 0.0211581 0 3.35875e-05
0 0.711953 0.254698 0.043801 0.1 3.36119e-05
0 0.856533 0.0184564 0.0686711 0.0369128 3.38272e-05
0 1 0.0328859 0 0.0657718 3.39026e-05
0 0.757609 0.253691 0.043801 0.103356 3.39198e-05
0 0.262621 0.922148 0.0864885 0.155705 3.41105e-05
0 0.393096 0.272819 0.0549369 0.133557 3.43208e-05
0 0.538604 0.305034 0.0371195 0.0879195 3.43238e-05
0 0.353007 0.809732 0.0571641 0.118792 3.44033e-05
0 0.783036 0.947987 0.0174462 0.104027 3.44333e-05
0 0.761693 0.799664 0.047513 0.105369 3.44732e-05
0 0.242947 0.0446309 0.0404603 0.0892617 3.45267e-05
0 0.986266 0.800671 0.0274684 0.148993 3.45271e-05
0 0.786748 0.57047 0.0575353 0.111409 3.45873e-05
0 0.329621 0.944295 0.0400891 0.111409 3.46247e-05
0 0.906459 0.631544 0.0586489 0.194631 3.46668e-05
0 0.292316 0.947987 0.0360059 0.104027 3.48139e-05
0 0.376578 0.46745 0.032294 0.134899 3.48176e-05
0 0.335189 0.0251678 0.064588 0.0503356 3.50972e-05
0 0.955457 0.0151007 0.03415 0.0302013 3.53126e-05
0 0.786934 0.800671 0.0482554 0.107383 3.56138e-05
0 0.219005 0.0543624 0.0371195 0.108725 3.58129e-05
0 0.232739 0.807718 0.0601336 0.116107 3.58216e-05
0 0.483111 0.614094 0.0256125 0.112752 3.58328e-05
0 0.0129918 0.513423 0.0259837 0.228188 3.59239e-05
0 0.361173 0.30302 0.0601336 0.191275 3.59311e-05
0 0.605048 0.310067 0.0378619 0.132886 3.60244e-05
0 0.440052 0.269799 0.0412027 0.104698 3.61109e-05
0 0.544915 0.556711 0.0363771 0.0986577 3.61173e-05
0 0.0432442 0.0473154 0.0441722 0.0946309 3.63482e-05
0 0.191722 0.052349 0.0478842 0.104698 3.64938e-05
0 0.311247 0.302013 0.0426875 0.0899329 3.65083e-05
0 0.393467 0.733557 0.0348924 0.118121 3.65777e-05
0 0.0237565 0.0322148 0.047513 0.0644295 3.67074e-05
0 0.201559 0.94396 0.0764662 0.112081 3.68419e-05
0 0.493318 0.61443 0.0274684 0.116107 3.68932e-05
0 0.234595 0.757383 0.0593912 0.113423 3.70097e-05
0 0.758909 0.948658 0.0181886 0.102685 3.70421e-05
0 0.287676 0.30302 0.0430586 0.0879195 3.70854e-05
0 0.835561 0.799329 0.0534521 0.112752 3.72953e-05
0 0.894395 0.363087 0.0582777 0.14094 3.75856e-05
0 0.98608 0.355705 0.0278396 0.220134 3.79452e-05
0 0.0183742 0.975839 0.0367483 0.0483221 3.79553e-05
0 0.0215293 0.767114 0.0430586 0.24698 3.81608e-05
0 0.652561 0.363087 0.0534521 0.151678 3.84189e-05
0 0.803638 0.982215 0.0556793 0.0355705 3.84452e-05
0 0.986266 0.617785 0.0274684 0.138926 3.87655e-05
0 0.0077951 0.88557 0.0155902 0.144295 3.87983e-05
0 0.811433 0.928188 0.0734967 0.143624 3.88787e-05
0 0.273757 0.195973 0.0649592 0.130201 3.8921e-05
0 0.28879 0.445973 0.0363771 0.16443 3.89279e-05
0 0.885672 0.530201 0.0460282 0.120805 3.89445e-05
0 0.863586 0.622483 0.0449146 0.116107 3.90981e-05
0 0.260393 0.984899 0.0575353 0.0302013 3.91513e-05
0 0.0601336 1 0.0386043 0 3.91773e-05
0 0.587788 0.302013 0.0382331 0.0872483 3.93432e-05
0 0.863771 0.758054 0.0556793 0.106711 3.95417e-05
0 0.812918 0.801007 0.0504826 0.108054 3.96965e-05
0 0.559762 0.347987 0.0408315 0.0932886 3.99119e-05
0 0.25464 0.038255 0.081663 0.0765101 4.04853e-05
0 0.262435 0.760403 0.0519673 0.116779 4.05301e-05
0 0.0458426 0.787584 0.0634744 0.138926 4.05386e-05
0 0.81199 0.757047 0.049369 0.108725 4.05644e-05
0 0.0905716 0.0533557 0.047513 0.106711 4.08084e-05
0 0.395509 0.472148 0.028582 0.128188 4.11917e-05
0 0.330178 0.397651 0.0382331 0.15906 4.12647e-05
0 0.986637 0.602349 0.0267261 0.224832 4.14247e-05
0 0.0209725 0.704362 0.0397179 0.140268 4.15371e-05
0 0.887528 0.576846 0.0482554 0.128188 4.16021e-05
0 0.201559 0.80906 0.0601336 0.11745 4.16805e-05
0 0.657387 0.718792 0.0794358 0.178523 4.17948e-05
0 0.26856 0.0520134 0.0389755 0.104027 4.19514e-05
0 0.986266 0.241946 0.0274684 0.224832 4.25138e-05
0 0.661284 0.601007 0.0657016 0.153691 4.25347e-05
0 0.153304 0.978523 0.0400891 0.042953 4.25826e-05
0 0.443022 0.501007 0.0300668 0.167114 4.26359e-05
0 0.314031 0.665772 0.0564217 0.143624 4.31446e-05
0 0.00538233 0.962416 0.0107647 0.0751678 4.35049e-05
0 0.742391 0.947987 0.0371195 0.104027 4.40843e-05
0 0.544358 0.500671 0.0404603 0.147651 4.412e-05
0 0.0445434 1 0.0378619 0 4.417e-05
0 0.290831 0.361409 0.0463994 0.122819 4.42007e-05
0 0.98441 0.793624 0.0311804 0.297315 4.48031e-05
0 0.0079807 0.865436 0.0159614 0.171141 4.48978e-05
0 0.202301 0.75906 0.0586489 0.112752 4.52274e-05
0 0.986266 0.572483 0.0222717 0.142282 4.53971e-05
0 0.979584 0.0221477 0.0371195 0.0442953 4.55048e-05
0 0.0100223 0.0439597 0.0200445 0.0879195 4.55294e-05
0 0.767632 0.327181 0.0549369 0.124161 4.62138e-05
0 0.78415 0.533221 0.0508537 0.1 4.62468e-05
0 0.322012 0.808389 0.0567929 0.120134 4.65809e-05
0 0.302524 0.27953 0.0556793 0.156376 4.6881e-05
0 0.00853749 0.750671 0.017075 0.137584 4.73101e-05
0 0.37899 0.686242 0.0289532 0.196644 4.74828e-05
0 0.962509 0.94698 0.0541945 0.10604 4.77211e-05
0 0.717335 0.940604 0.0426875 0.118792 4.77875e-05
0 0.776355 0.0157718 0.0612472 0.0315436 4.77951e-05
0 0.986451 0.298658 0.0270973 0.12349 4.87422e-05
0 0.630846 0.934564 0.0382331 0.130872 4.88773e-05
0 0.814588 0.571141 0.0449146 0.0966443 4.90773e-05
0 0.205271 0.0436242 0.0393467 0.0872483 4.92491e-05
0 0.00983667 0.603356 0.0196733 0.209396 4.93501e-05
0 0.52023 0.701342 0.0360059 0.155705 4.93587e-05
0 0.690609 0.305034 0.0412027 0.0825503 4.99247e-05
0 0.930958 0.965436 0.0371195 0.0691275 5.01016e-05
0 0.667966 0.938591 0.0441722 0.122819 5.03523e-05
0 0.118597 0.0543624 0.0389755 0.108725 5.12429e-05
0 0.382331 0.320805 0.0460282 0.0993289 5.13589e-05
0 0.222717 0.687248 0.0905716 0.187919 5.13698e-05
0 0.818114 0.53255 0.0445434 0.104027 5.14154e-05
0 0.455828 0.941275 0.0386043 0.11745 5.14382e-05
0 0.172049 0.809396 0.0597624 0.119463 5.15178e-05
0 0.0200445 0.589262 0.0400891 0.150336 5.20579e-05
0 0.0126206 0.014094 0.0252413 0.0281879 5.25102e-05
0 0.837416 0.486242 0.0452858 0.112081 5.25435e-05
0 0.744246 0.268456 0.0512249 0.0993289 5.26734e-05
0 0.665553 0.472148 0.0326652 0.120134 5.33474e-05
0 0.112101 0.985235 0.0482554 0.0295302 5.35323e-05
0 0.292873 0.808054 0.0593912 0.110067 5.39905e-05
0 0.00853749 0.785235 0.017075 0.167785 5.40997e-05
0 0.0345212 0.976846 0.0534521 0.0463087 5.42008e-05
0 0.0105791 0.447651 0.0211581 0.195973 5.49394e-05
0 0.167966 0.0442953 0.0397179 0.0885906 5.53726e-05
0 0.463066 0.347315 0.0515961 0.14698 5.5654e-05
0 0.861173 0.487584 0.0430586 0.116107 5.62361e-05
0 0.592799 0.940604 0.0371195 0.118792 5.63443e-05
0 0.507424 0.346309 0.0363771 0.0939597 5.65596e-05
0 0.0675575 0.0436242 0.0408315 0.0872483 5.74003e-05
0 0.453786 0.405369 0.0300668 0.115436 5.77437e-05
0 0.97977 1 0.0345212 0 5.78451e-05
0 0.692836 0.363423 0.0605048 0.116107 5.80904e-05
0 0.712138 0.308725 0.0515961 0.0872483 5.81178e-05
0 0.264291 0.806711 0.0564217 0.112752 5.86145e-05
0 0.142725 0.0449664 0.0419451 0.0899329 5.86286e-05
0 0.602079 0.262752 0.0579065 0.122819 5.94468e-05
0 0.487751 0.350336 0.0356347 0.095302 6.02229e-05
0 0.986451 0.350336 0.0241277 0.131544 6.10331e-05
0 0.990535 0.0275168 0.018931 0.0550336 6.10424e-05
0 0.181143 0.932886 0.0489978 0.134228 6.10679e-05
0 0.211024 0.937584 0.0434298 0.124832 6.15582e-05
0 0.594469 0.333893 0.0382331 0.12953 6.16648e-05
0 0.421121 0.360738 0.0293244 0.156376 6.21359e-05
0 0.260393 0.480872 0.0909428 0.148322 6.31124e-05
0 0.355419 0.319799 0.0501114 0.0986577 6.33313e-05
0 0.154788 0.943624 0.0430586 0.112752 6.38553e-05
0 0.988122 0.957383 0.0237565 0.0852349 6.43141e-05
0 0.761878 0.930872 0.0716407 0.138255 6.44239e-05
0 0.986637 0.256376 0.0230141 0.139597 6.45219e-05
0 0.373237 0.410738 0.0404603 0.146309 6.4637e-05
0 0.985895 0.663087 0.0222717 0.15302 6.50562e-05
0 0.629547 0.658389 0.0541945 0.13557 6.60644e-05
0 0.346696 0.376175 0.0497402 0.134899 6.67066e-05
0 0.748886 0.606376 0.0634744 0.126846 6.7377e-05
0 0.778396 0.21443 0.0660728 0.141611 6.78714e-05
0 0.0181886 0.809732 0.0356347 0.133557 6.84133e-05
0 0.862287 0.572819 0.0460282 0.113423 6.86591e-05
0 0.480698 0.940604 0.0400891 0.118792 6.90835e-05
0 0.617298 0.940268 0.0408315 0.119463 6.92248e-05
0 0.430586 0.473154 0.0289532 0.163758 6.92844e-05
0 0.460282 0.699664 0.0244989 0.173826 6.95562e-05
0 0.98905 0.51443 0.0219005 0.196644 7.14505e-05
0 0.00965108 1 0.0193022 0 7.21121e-05
0 0.546956 0.358054 0.0575353 0.134899 7.3277e-05
0 0.0196733 0.758725 0.0371195 0.134899 7.41863e-05
0 0.704343 0.659732 0.0664439 0.157047 7.50673e-05
0 0.985895 0.00838926 0.0282108 0.0167785 7.51608e-05
0 0.752227 0.494631 0.0768374 0.185235 7.63636e-05
0 0.00686711 0.960738 0.0137342 0.0785235 7.70288e-05
0 0.985523 0.844295 0.0207869 0.161074 7.73581e-05
0 0.046585 0.951342 0.0545657 0.0973154 7.76068e-05
0 0.00965108 0.0114094 0.0193022 0.0228188 7.8019e-05
0 0.719562 0.429866 0.0605048 0.12953 7.8168e-05
0 0.699889 0.27349 0.0530809 0.122819 7.85146e-05
0 0.988307 0.0684564 0.0233853 0.136913 7.95821e-05
0 0.406273 0.686577 0.0345212 0.178523 7.97336e-05
0 0.220304 0.598322 0.0790646 0.152349 8.00023e-05
0 0.842799 0.536913 0.0560505 0.185235 8.35841e-05
0 0.46288 0.352349 0.0378619 0.0899329 8.40939e-05
0 0.0176318 1 0.0352635 0 8.62861e-05
0 0.105048 0.045302 0.0408315 0.090604 8.63183e-05
0 0.429473 0.75302 0.0586489 0.157047 8.89146e-05
0 0.0107647 0.922819 0.0215293 0.154362 8.98755e-05
0 0.0105791 0.694966 0.0211581 0.196644 9.01119e-05
0 0.736637 0.651342 0.0939124 0.168456 9.40852e-05
0 0.841685 0.947315 0.0389755 0.105369 9.65543e-05
0 0.435412 0.329866 0.0504826 0.179195 9.66785e-05
0 0.916852 0.970134 0.0378619 0.0597315 9.85387e-05
0 0.860245 0.530201 0.045657 0.110067 0.000100503
0 0.00631032 0.993289 0.0126206 0.0134228 0.000105858
0 0.710839 0.537584 0.0638456 0.095302 0.000109477
0 0.0103935 0.804027 0.0207869 0.222819 0.000112779
0 0.962695 0.993624 0.0441722 0.0127517 0.000114447
0 0.0296956 1 0.0371195 0 0.000115245
0 0.984781 0.994295 0.030438 0.0114094 0.000124457
0 0.988493 0.856711 0.0230141 0.218121 0.000126643
0 0.140126 0.971812 0.0315516 0.0563758 0.000126772
0 0.430958 0.354027 0.0334076 0.118792 0.000127081
0 0.988864 0.673154 0.0222717 0.209396 0.000127429
0 0.837416 0.530201 0.0393467 0.107383 0.000132524
0 0.417223 0.322148 0.0400891 0.0966443 0.000132543
0 0.729213 0.289262 0.0612472 0.119463 0.000132764
0 0.491091 0.758725 0.0623608 0.181879 0.00014098
0 0.827209 0.948993 0.032294 0.102013 0.000144166
0 0.247587 0.602349 0.0742391 0.125503 0.000148649
0 0.00983667 0.99396 0.0196733 0.0120805 0.000149852
0 0.770973 0.622148 0.0705271 0.191946 0.000149921
0 0.439124 0.323826 0.0386043 0.090604 0.000153771
0 0.987194 0.169799 0.0219005 0.132886 0.000160313
0 0.989235 0.401678 0.0215293 0.195302 0.000165725
0 0.482183 0.402013 0.0415739 0.12349 0.000165953
0 0.354306 0.610403 0.049369 0.136242 0.000194123
0 0.106904 0.950336 0.0527097 0.0993289 0.00019658
0 0.121938 0.965772 0.0463994 0.0684564 0.000206403
0 0.903118 0.965772 0.0371195 0.0684564 0.000207414
0 0.274128 0.428523 0.0523385 0.108054 0.000211618
0 0.391425 0.375839 0.045657 0.139597 0.000213663
0 0.948589 0.960067 0.0367483 0.0798658 0.000241675
0 0.0243133 0.995638 0.0486266 0.00872483 0.00024587
0 0.549183 0.75 0.049369 0.273154 0.000249659
0 0.0727543 0.954698 0.0452858 0.090604 0.00026583
0 0.0792502 0.989262 0.0553081 0.0214765 0.000269821
0 0.673163 0.64698 0.0619896 0.150336 0.000273559
0 0.60412 0.501678 0.0508537 0.167114 0.000280628
0 0.582962 0.362752 0.045657 0.128188 0.000289053
0 0.516147 0.64396 0.0293244 0.12953 0.000298496
0 0.0595768 0.962752 0.0382331 0.0744966 0.000315077
0 0.988864 0.177181 0.0222717 0.205369 0.000332228
0 0.0497402 0.992953 0.0541945 0.014094 0.000404829
0 0.438196 0.395302 0.0278396 0.15302 0.000442258
0 0.49239 0.685906 0.0226429 0.143624 0.000452846
0 0.569599 0.47047 0.0300668 0.178523 0.000467323
0 0.465293 0.408725 0.0367483 0.130201 0.000467753
0 0.589644 0.649329 0.0374907 0.17651 0.000544083
0 0.745731 0.362416 0.0631032 0.158389 0.000552098
0 0.749629 0.421812 0.0768374 0.180537 0.000553464
0 0.0889013 0.958389 0.0501114 0.0832215 0.000564259
0 0.620824 0.404027 0.0330364 0.167785 0.000611288
0 0.606347 0.360403 0.0501114 0.112752 0.000617559
0 0.543801 0.439597 0.0326652 0.202685 0.000685883
0 0.616184 0.661409 0.0386043 0.185906 0.000730131
0 0.592799 0.405369 0.0519673 0.148993 0.000764644
0 0.537491 0.708725 0.0393467 0.197315 0.000865179
0 0.282108 0.398658 0.0556793 0.190604 0.00091397
0 0.762249 0.551678 0.0708983 0.119463 0.00153288
0 0.363215 0.649329 0.0515961 0.138926 0.00197156
0 0.70193 0.407718 0.064588 0.133557 0.00235939
0 0.479027 0.408054 0.0553081 0.225503 0.00285081
0 0.563103 0.698993 0.0445434 0.195302 0.00390367
0 0.64922 0.652685 0.0801782 0.177852 0.00551184
0 0.516889 0.475168 0.0345212 0.190604 0.00685206
0 0.570713 0.42047 0.0434298 0.214094 0.0268531
0 0.404974 0.579866 0.0660728 0.367785 0.0997021
0 0.633074 0.562752 0.079807 0.39396 0.117571
0 0.48441 0.660738 0.0905716 0.171141 0.127442
0 0.48905 0.524161 0.0553081 0.330201 0.128909
0 0.55605 0.554362 0.043801 0.434899 0.131781
0 0.429659 0.441275 0.115442 0.188591 0.173607
0 0.573311 0.668792 0.09317 0.179195 0.200148
0 0.413512 0.65906 0.0935412 0.173154 0.206718
0 0.597439 0.441275 0.126578 0.196644 0.22164
0 0.342613 0.433893 0.112843 0.172483 0.227492
0 0.696548 0.406711 0.120638 0.18255 0.267546
0 0.538419 0.451342 0.0805494 0.204698 0.281727
0 0.406088 0.435906 0.0378619 0.19396 0.285934
0 0.507053 0.45906 0.0675575 0.201342 0.298884
0 0.605048 0.444631 0.0348924 0.200671 0.311574
0 0.581849 0.45 0.0293244 0.183221 0.668882
0 0.485895 0.662752 0.0244989 0.169799 0.731094
0 0.448589 0.452685 0.0278396 0.19396 0.791961
0 0.527468 0.666107 0.0319228 0.171141 0.796446
0 0.54974 0.67651 0.0326652 0.190604 0.798813
0 0.533222 0.460403 0.0308092 0.204027 0.802916
0 0.505011 0.466443 0.032294 0.190604 0.82035
0 0.507609 0.659396 0.028582 0.171141 0.820796
0 0.384558 0.436913 0.0378619 0.179866 0.823077
0 0.466592 0.66443 0.0274684 0.177181 0.826421
0 0.420007 0.430201 0.0360059 0.198658 0.830544
0 0.57461 0.672148 0.0326652 0.183221 0.832552
0 0.55902 0.44396 0.03415 0.202013 0.833466
0 0.474759 0.464094 0.0334076 0.19396 0.839821
0 0.415553 0.657718 0.0330364 0.189262 0.842935
0 0.440794 0.667114 0.0345212 0.204027 0.852299
0 0.387528 0.654027 0.0378619 0.179195 0.857235
0 0.682814 0.422483 0.0560505 0.17651 0.858022
0 0.345397 0.436913 0.0449146 0.18255 0.85926
0 0.601336 0.670134 0.0386043 0.19396 0.859918
0 0.695805 0.619463 0.0991091 0.179866 0.870017
0 0.644581 0.444631 0.0530809 0.183221 0.870898
0 0.310876 0.624832 0.0775798 0.148993 0.871299
0 0.742019 0.574161 0.0927988 0.172483 0.874203
0 0.304566 0.416107 0.0434298 0.174497 0.87617
0 0.271158 0.575168 0.0924276 0.150336 0.882292
0 0.724759 0.380537 0.0768374 0.178523 0.883494
