0 0.0735403 0.0700337 0.0465632 0.140067 8.30185e-06
0 0.135625 0.120202 0.0458241 0.119192 8.31678e-06
0 0.567997 0.636027 0.037694 0.117845 8.3177e-06
0 0.517738 1 0.014782 0 8.32948e-06
0 0.0618995 0.667003 0.0402809 0.116498 8.33299e-06
0 0.419623 0.0700337 0.0432373 0.140067 8.35459e-06
0 0.259423 0.164646 0.0413895 0.112458 8.3711e-06
0 0.161863 0.117508 0.0436068 0.113805 8.3722e-06
0 0.0618995 0.759933 0.0395418 0.117845 8.39686e-06
0 0.935698 0.621549 0.0354767 0.119865 8.43185e-06
0 0.874908 0.920539 0.0772358 0.154882 8.47098e-06
0 0.655395 0.0481481 0.0476718 0.0962963 8.47214e-06
0 0.836105 0.255892 0.04102 0.111785 8.48159e-06
0 0.00868441 0.941751 0.0173688 0.116498 8.48277e-06
0 0.637842 0.164983 0.0413895 0.115825 8.54006e-06
0 0.896341 0.911448 0.0498891 0.125926 8.56538e-06
0 0.361419 0.118855 0.0391722 0.116498 8.57931e-06
0 0.410569 0.16633 0.0391722 0.122559 8.58715e-06
0 0.0593126 1 0.033629 0 8.58935e-06
0 0.840724 0.109764 0.0650406 0.162963 8.5964e-06
0 0.812454 0.0717172 0.0417591 0.107071 8.61992e-06
0 0.0384331 0.665993 0.0362158 0.137374 8.64165e-06
0 0.985403 0.161953 0.0291944 0.135354 8.6418e-06
0 0.910754 0.622896 0.0388027 0.114478 8.64567e-06
0 0.136179 0.0760943 0.0454545 0.106397 8.65805e-06
0 0.955469 0.0447811 0.0461936 0.0895623 8.66417e-06
0 0.185883 0.0734007 0.0436068 0.107744 8.67764e-06
0 0.912786 0.256902 0.052476 0.109764 8.68195e-06
0 0.495935 0.355556 0.0347376 0.167003 8.68566e-06
0 0.679786 0.958923 0.0299335 0.0821549 8.68972e-06
0 0.886364 0.528956 0.0395418 0.112458 8.69376e-06
0 0.411678 0.0737374 0.0458241 0.112458 8.69587e-06
0 0.462306 0.0346801 0.0421286 0.0693603 8.71081e-06
0 0.838137 0.483165 0.0413895 0.10303 8.73803e-06
0 0.0365854 0.0333333 0.0391722 0.0666667 8.78832e-06
0 0.661308 0.120202 0.0439763 0.116498 8.79035e-06
0 0.557834 0.739394 0.0314117 0.187205 8.79318e-06
0 0.629712 0.731987 0.0332594 0.141414 8.81891e-06
0 0.0633777 0.846465 0.0402809 0.110438 8.8436e-06
0 1 0.22963 0 0.175084 8.84671e-06
0 0.579453 0.0484848 0.0443459 0.0969697 8.87322e-06
0 0.237251 0.0747475 0.0391722 0.113131 8.8825e-06
0 0.762934 0.207744 0.0395418 0.115152 8.89203e-06
0 0.617886 0.631987 0.0369549 0.105724 8.8953e-06
0 0.658906 0.732997 0.030303 0.140741 8.89831e-06
0 0.460273 0.213468 0.0388027 0.114478 8.96215e-06
0 0.212491 0.0343434 0.0399113 0.0686869 9.03452e-06
0 0.0208795 0.475421 0.0417591 0.16431 9.08105e-06
0 0.86031 0.960606 0.030303 0.0787879 9.11175e-06
0 0.61493 0.822559 0.0347376 0.148822 9.12308e-06
0 0.153917 0.718182 0.0720621 0.171717 9.13591e-06
0 0.540096 0.817508 0.0535846 0.169697 9.13744e-06
0 0.786585 0.120539 0.04102 0.114478 9.171e-06
0 0.159276 0.994276 0.0576497 0.0114478 9.19964e-06
0 0.999446 0.50101 0.00110865 0.180471 9.24026e-06
0 0.386918 0.893939 0.0354767 0.10303 9.24899e-06
0 0.511271 0.887205 0.0469327 0.100337 9.25037e-06
0 0.871951 0.723232 0.0742794 0.158923 9.26784e-06
0 0.284922 0.0572391 0.0591279 0.114478 9.26855e-06
0 0.422395 0.437374 0.0561715 0.2 9.27535e-06
0 0.740207 0.959933 0.030303 0.0801347 9.27624e-06
0 0.349593 0.382492 0.0539542 0.150842 9.29631e-06
0 0.865484 0.200673 0.0546933 0.133333 9.33989e-06
0 0.836659 0.348148 0.0421286 0.111785 9.34233e-06
0 0.23374 0.255892 0.0469327 0.126599 9.36172e-06
0 0.906134 0.498653 0.0790835 0.173064 9.37029e-06
0 0.0875831 0.895623 0.0413895 0.102357 9.40216e-06
0 0.187177 0.03367 0.0388027 0.0673401 9.41022e-06
0 0.901146 0.408418 0.0624538 0.134007 9.41295e-06
0 0.13544 0.52862 0.0402809 0.107744 9.42607e-06
0 0.886548 0.0333333 0.0413895 0.0666667 9.43268e-06
0 0.291759 0.63064 0.0373245 0.113805 9.43503e-06
0 0.738544 0.0680135 0.0572801 0.136027 9.4666e-06
0 0.562454 0.386532 0.045085 0.105051 9.46833e-06
0 0.568736 0.784849 0.0347376 0.111111 9.49115e-06
0 0.162047 0.0750842 0.0447154 0.105724 9.51108e-06
0 0.935514 0.840067 0.0484109 0.101684 9.51522e-06
0 0.555617 0.309764 0.0587583 0.195286 9.5599e-06
0 0.295824 0.789226 0.063932 0.19798 9.57273e-06
0 0.0216186 0.911111 0.0432373 0.158923 9.58064e-06
0 0.689394 0.243434 0.0742794 0.156902 9.58193e-06
0 0.915188 0.906061 0.0957132 0.158249 9.62503e-06
0 0.875462 0.111448 0.0739098 0.164983 9.63639e-06
0 0.637657 0.244781 0.0934959 0.183838 9.63949e-06
0 0.830192 0.960943 0.0306726 0.0781145 9.65618e-06
0 0.206208 0.377441 0.0465632 0.144781 9.68756e-06
0 0.392276 0.817172 0.0513673 0.167677 9.69504e-06
0 0.751109 0.377778 0.0528455 0.113131 9.70624e-06
0 0.935698 0.711448 0.0339985 0.109764 9.71982e-06
0 0.788803 0.777778 0.086844 0.126599 9.729e-06
0 0.0857354 0.965993 0.0243902 0.0680135 9.72982e-06
0 0.806356 0.814141 0.0583888 0.162963 9.73817e-06
0 0.388211 0.212795 0.0365854 0.117172 9.74341e-06
0 0.620473 0.377441 0.0339985 0.177104 9.78527e-06
0 0.737435 0.802357 0.0424982 0.101684 9.78683e-06
0 0.536955 0.0350168 0.0421286 0.0700337 9.83396e-06
0 0.608278 0.751852 0.0310421 0.127273 9.86475e-06
0 0.161493 0.805387 0.0487805 0.0942761 9.88594e-06
0 0.965262 0.799327 0.0465632 0.117172 9.88697e-06
0 0.800259 0.961279 0.0306726 0.0774411 9.96849e-06
0 0.131744 0.582828 0.0631929 0.154209 9.98556e-06
0 0.316704 0.377441 0.0606061 0.208081 9.99562e-06
0 0.655211 0.813131 0.0428677 0.121886 1.00082e-05
0 0.163525 0.483165 0.0439763 0.100337 1.00943e-05
0 0.661493 0.555556 0.0347376 0.157576 1.01056e-05
0 0.787694 0.886532 0.0558019 0.117845 1.01133e-05
0 0.661493 0.385522 0.0487805 0.108418 1.01249e-05
0 0.945307 0.500337 0.0798226 0.179125 1.01281e-05
0 0.661493 0.893939 0.0391722 0.0989899 1.0129e-05
0 0.514597 0.754209 0.04102 0.111785 1.01512e-05
0 0.388027 0.166667 0.0362158 0.119192 1.01972e-05
0 0.656134 0.627946 0.0388027 0.111111 1.02046e-05
0 0.973577 0.406061 0.0454545 0.13064 1.02244e-05
0 0.888027 0.256229 0.0465632 0.112458 1.02358e-05
0 0.760902 0.885859 0.0517369 0.0976431 1.02729e-05
0 0.0118256 0.582155 0.0236511 0.202694 1.02854e-05
0 0.436807 0.0343434 0.0428677 0.0686869 1.03258e-05
0 0.926275 0.200337 0.0617147 0.135354 1.03423e-05
0 0.518477 0.618182 0.0288248 0.0996633 1.03485e-05
0 0.164819 0.0535354 0.0546933 0.107071 1.03535e-05
0 0.685329 0.163636 0.0439763 0.114478 1.0357e-05
0 0.511086 0.211785 0.0362158 0.113805 1.04007e-05
0 0.885255 0.577441 0.0388027 0.108418 1.04196e-05
0 0.288803 0.118182 0.0432373 0.116498 1.04702e-05
0 0.175351 0.358923 0.0521064 0.13064 1.04888e-05
0 0.967295 0.844444 0.0469327 0.122559 1.05058e-05
0 0.511456 0.798316 0.0369549 0.0962963 1.05097e-05
0 0.186068 0.887879 0.0498891 0.0989899 1.05324e-05
0 0.940872 0.372054 0.0790835 0.152862 1.05409e-05
0 0.887287 0.439057 0.0436068 0.114478 1.05816e-05
0 0.936438 0.804377 0.037694 0.105724 1.05947e-05
0 0.0225425 0.705387 0.045085 0.275421 1.06259e-05
0 0.33592 0.30101 0.0413895 0.105051 1.06422e-05
0 0.644863 0.660269 0.0406504 0.109764 1.06532e-05
0 0.336105 0.394949 0.0417591 0.10303 1.06641e-05
0 0.0873984 0.03367 0.0388027 0.0673401 1.06818e-05
0 0.33629 0.0747475 0.0443459 0.103704 1.07549e-05
0 0.20935 0.255556 0.0373245 0.115152 1.07929e-05
0 0.191057 0.517845 0.0354767 0.125253 1.08163e-05
0 0.812084 0.887542 0.0506282 0.0969697 1.08443e-05
0 0.376571 0.889226 0.0716925 0.221549 1.08557e-05
0 0.122506 0.251515 0.0831486 0.138047 1.08872e-05
0 0.77014 0.960943 0.030303 0.0781145 1.08927e-05
0 0.935698 0.665993 0.0339985 0.113131 1.09036e-05
0 0.412047 0.213468 0.0384331 0.118519 1.09072e-05
0 0.311345 0.395623 0.0439763 0.101684 1.09209e-05
0 0.910754 0.887205 0.0513673 0.100337 1.09232e-05
0 0.310052 0.841077 0.0495196 0.0996633 1.0943e-05
0 0.38082 0.377441 0.0447154 0.148822 1.09466e-05
0 0.810606 0.208081 0.0358463 0.117172 1.09795e-05
0 0.661308 0.16431 0.0447154 0.113131 1.09985e-05
0 0.135809 0.482492 0.0424982 0.108418 1.09992e-05
0 0.68071 0.812121 0.0413895 0.121212 1.10387e-05
0 0.685698 0.212458 0.0417591 0.113805 1.10515e-05
0 0.788433 0.993603 0.0572801 0.0127946 1.10952e-05
0 0.34405 0.0707071 0.0458241 0.141414 1.11094e-05
0 0.475795 0.356229 0.0521064 0.121212 1.11235e-05
0 0.991316 0.266667 0.0173688 0.247811 1.1127e-05
0 0.510902 0.256566 0.0373245 0.113131 1.11284e-05
0 0.163895 0.212795 0.04102 0.109091 1.11513e-05
0 0.980229 0.984512 0.0395418 0.0309764 1.12066e-05
0 0.597191 0.727946 0.037694 0.153535 1.12281e-05
0 0.229305 0.375084 0.0558019 0.175084 1.12935e-05
0 0.875462 0.984175 0.0672579 0.0316498 1.12983e-05
0 0.941057 0.752862 0.0957132 0.161616 1.1306e-05
0 0.192535 0.819529 0.115299 0.215488 1.13103e-05
0 0.637287 0.211448 0.0395418 0.118519 1.13446e-05
0 0.112528 0.0346801 0.0402809 0.0693603 1.13475e-05
0 0.692535 0.0468013 0.0458241 0.0936027 1.13512e-05
0 0.607354 0.992256 0.0587583 0.0154882 1.13947e-05
0 0.255728 0.900337 0.0620843 0.169697 1.1422e-05
0 0.063932 0.802694 0.0413895 0.110438 1.14342e-05
0 0.260532 0.073064 0.0436068 0.111111 1.14412e-05
0 0.182188 0.923232 0.0628234 0.153535 1.14768e-05
0 0.772542 0.254882 0.0476718 0.124579 1.15306e-05
0 0.833703 0.526599 0.0473023 0.115825 1.15364e-05
0 0.00923873 0.141414 0.0184775 0.167003 1.16174e-05
0 0.561899 0.0356902 0.04102 0.0713805 1.1663e-05
0 0.686253 0.893939 0.0391722 0.0976431 1.1663e-05
0 0.268477 0.821549 0.0979305 0.234343 1.16993e-05
0 0.187177 0.840067 0.0535846 0.101684 1.17061e-05
0 0.465262 0.243098 0.0709534 0.146801 1.17166e-05
0 0.886548 0.483502 0.0421286 0.113131 1.17224e-05
0 0.387657 0.256229 0.0384331 0.112458 1.17245e-05
0 0.637287 0.03367 0.0402809 0.0673401 1.17285e-05
0 0.58629 0.0346801 0.0388027 0.0693603 1.17577e-05
0 0.51238 0.0343434 0.0380636 0.0686869 1.17769e-05
0 0.446415 0.553535 0.0458241 0.153535 1.18045e-05
0 0.325203 0.943098 0.0347376 0.113805 1.182e-05
0 0.0212491 0.581145 0.0424982 0.146801 1.18233e-05
0 0.311899 0.118519 0.0443459 0.113131 1.18506e-05
0 0.136548 0.0340067 0.0395418 0.0680135 1.18704e-05
0 0.847746 0.983838 0.0953437 0.0323232 1.18893e-05
0 0.285107 0.393266 0.0432373 0.0983165 1.19316e-05
0 0.986142 0.422896 0.0277162 0.23165 1.19545e-05
0 0.100517 0.981818 0.0790835 0.0363636 1.19701e-05
0 0.0628234 0.485522 0.0443459 0.114478 1.19715e-05
0 0.770325 0.382828 0.0395418 0.12862 1.19855e-05
0 0.997044 0.172391 0.00591279 0.238384 1.1998e-05
0 0.312084 0.339731 0.0469327 0.0989899 1.2006e-05
0 0.805063 0.175421 0.0528455 0.206734 1.20142e-05
0 0.185698 0.167003 0.0388027 0.110438 1.20231e-05
0 0.735403 0.885185 0.0532151 0.0962963 1.20813e-05
0 0.163341 0.437037 0.0428677 0.103704 1.2105e-05
0 0.086105 0.759596 0.0406504 0.114478 1.2135e-05
0 0.311715 0.256902 0.0439763 0.112458 1.21484e-05
0 0.0813008 0.83165 0.0620843 0.185859 1.21819e-05
0 0.13507 0.575758 0.0388027 0.105051 1.22357e-05
0 0.121027 0.920875 0.0683666 0.158249 1.22965e-05
0 0.985403 0.256229 0.0277162 0.142088 1.23266e-05
0 0.329638 0.982155 0.0384331 0.0356902 1.23304e-05
0 0.462491 0.393939 0.0432373 0.102357 1.23337e-05
0 0.404841 0.814141 0.04102 0.119865 1.23712e-05
0 0.972653 0.511784 0.0473023 0.142761 1.23863e-05
0 0.461382 0.894276 0.033629 0.103704 1.24345e-05
0 0.763119 0.353199 0.0406504 0.101684 1.25025e-05
0 0.540835 0.517172 0.0321508 0.148148 1.2505e-05
0 0.722838 0.394276 0.045085 0.143434 1.25301e-05
0 0.785662 0.351515 0.0421286 0.105051 1.25517e-05
0 0.98374 0.590572 0.0325203 0.29495 1.25669e-05
0 0.755543 0.765993 0.0424982 0.129966 1.25996e-05
0 0.387657 0.03367 0.0406504 0.0673401 1.26118e-05
0 0.00923873 0.436364 0.0184775 0.146801 1.26199e-05
0 0.537879 0.895286 0.0351072 0.0989899 1.27815e-05
0 0.644309 0.820875 0.0299335 0.169697 1.27815e-05
0 0.787879 0.16431 0.037694 0.111785 1.28433e-05
0 0.109941 0.528283 0.0417591 0.113805 1.28943e-05
0 0.363082 0.256902 0.04102 0.108418 1.28992e-05
0 0.31153 0.0360269 0.0406504 0.0720539 1.29239e-05
0 0.166851 0.251178 0.0587583 0.154882 1.29721e-05
0 0.337214 0.119192 0.04102 0.111785 1.29739e-05
0 0.556726 0.917172 0.0587583 0.165657 1.30102e-05
0 0.711197 0.893603 0.0395418 0.0969697 1.3012e-05
0 0.78289 0.871044 0.0720621 0.226936 1.3025e-05
0 0.141907 0.907071 0.0916482 0.141414 1.30606e-05
0 0.0966371 0.723569 0.0691057 0.147475 1.30844e-05
0 0.694013 0.785185 0.0339985 0.152189 1.31185e-05
0 0.987251 0.0828283 0.0254989 0.165657 1.3164e-05
0 0.935514 0.760943 0.0365854 0.107744 1.31871e-05
0 0.210458 0.209764 0.0373245 0.112458 1.32592e-05
0 0.344974 0.811448 0.04915 0.137374 1.3274e-05
0 0.861604 0.439731 0.0424982 0.107744 1.33417e-05
0 0.743533 0.550842 0.0347376 0.0888889 1.33434e-05
0 0.150222 0.93367 0.0624538 0.13266 1.33837e-05
0 0.837029 0.439394 0.0436068 0.100337 1.34381e-05
0 0.258684 0.116162 0.0399113 0.119192 1.34664e-05
0 0.311345 0.0744108 0.0469327 0.104377 1.35602e-05
0 0.767738 0.052862 0.0447154 0.105724 1.35687e-05
0 0.899298 0.966667 0.0240207 0.0666667 1.35811e-05
0 0.810052 0.349832 0.0399113 0.108418 1.36173e-05
0 0.707132 0.900337 0.0580192 0.152189 1.36363e-05
0 0.13507 0.804714 0.0439763 0.0969697 1.36415e-05
0 0.484479 0.797643 0.0384331 0.0976431 1.36521e-05
0 0.289172 0.162626 0.0528455 0.107071 1.37034e-05
0 0.161308 0.300337 0.0417591 0.107744 1.37077e-05
0 0.777531 0.579461 0.0613452 0.121886 1.37399e-05
0 0.0234664 0.418519 0.0469327 0.152862 1.37624e-05
0 0.489098 0.895623 0.0587583 0.127946 1.38064e-05
0 0.0277162 0.371044 0.0554324 0.210101 1.38452e-05
0 0.762565 0.937374 0.0521064 0.0956229 1.38644e-05
0 0.637103 0.257912 0.0406504 0.110438 1.38965e-05
0 0.331855 0.913805 0.0620843 0.172391 1.39367e-05
0 0.237066 0.627946 0.0469327 0.101684 1.39549e-05
0 0.261456 0.890572 0.0388027 0.0936027 1.39833e-05
0 0.507945 0.613805 0.0380636 0.159596 1.40332e-05
0 0.745011 0.256229 0.0428677 0.125926 1.40383e-05
0 0.54952 0.989562 0.0576497 0.0208754 1.40393e-05
0 0.697709 0.547138 0.0391722 0.101684 1.40481e-05
0 0.954361 0.893939 0.0883222 0.127273 1.40783e-05
0 0.174797 0.606061 0.0761271 0.117172 1.4082e-05
0 0.986327 0.117845 0.0243902 0.141414 1.40989e-05
0 0.288803 0.0744108 0.0469327 0.107071 1.4109e-05
0 0.28714 0.0353535 0.0406504 0.0707071 1.42024e-05
0 0.711567 0.258923 0.0380636 0.105724 1.4219e-05
0 0.300074 0.394613 0.0443459 0.150842 1.42196e-05
0 0.112528 0.758586 0.0439763 0.105724 1.42664e-05
0 1 0.620875 0 0.196633 1.43251e-05
0 0.354952 0.980471 0.0388027 0.0390572 1.43371e-05
0 0.185698 0.255556 0.0373245 0.115152 1.43478e-05
0 0.583518 0.607071 0.0339985 0.0922559 1.43776e-05
0 0.718404 0.965993 0.022912 0.0680135 1.44482e-05
0 0.837583 0.887542 0.0513673 0.0956229 1.44503e-05
0 0.336475 0.346801 0.04102 0.0996633 1.44591e-05
0 0.0873984 0.577441 0.0395418 0.113805 1.44672e-05
0 0.110865 0.577441 0.0384331 0.109764 1.45957e-05
0 0.352919 0.0390572 0.0480414 0.0781145 1.46117e-05
0 0.658167 0.966667 0.0236511 0.0666667 1.46335e-05
0 0.163156 0.394613 0.04102 0.0996633 1.46596e-05
0 0.354398 0.543098 0.0332594 0.16229 1.47566e-05
0 0.405211 0.357239 0.04915 0.167677 1.47684e-05
0 0.303215 0.306734 0.0631929 0.120539 1.47805e-05
0 0.136179 0.438384 0.04102 0.107744 1.48417e-05
0 0.492979 0.619192 0.0288248 0.104377 1.48421e-05
0 0.031966 0.938047 0.063932 0.123906 1.48584e-05
0 0.806726 0.594613 0.0620843 0.115825 1.48628e-05
0 0.862158 0.529293 0.037694 0.106397 1.48723e-05
0 0.00277162 0.0511785 0.00554324 0.102357 1.49254e-05
0 0.894124 0.69596 0.0498891 0.121886 1.49316e-05
0 0.215447 0.964646 0.0369549 0.0707071 1.49346e-05
0 0.0870288 0.944108 0.0424982 0.10101 1.49431e-05
0 0.761271 0.80303 0.0413895 0.0949495 1.49435e-05
0 0.280118 0.811448 0.045085 0.136027 1.50221e-05
0 0.907243 0.760269 0.0391722 0.106397 1.50331e-05
0 0.110495 0.484175 0.0443459 0.110438 1.50528e-05
0 0.627864 0.965993 0.0236511 0.0680135 1.50952e-05
0 0.0879527 0.712458 0.0406504 0.109091 1.51426e-05
0 0.985403 0.914141 0.0291944 0.113805 1.51655e-05
0 0.280673 0.200673 0.0528455 0.167003 1.52009e-05
0 0.587583 0.259596 0.0369549 0.100337 1.53193e-05
0 0.0116408 0.490909 0.0232816 0.203367 1.53661e-05
0 0.718404 0.992256 0.0546933 0.0154882 1.54054e-05
0 0.861789 0.483502 0.0399113 0.106397 1.54465e-05
0 0.911123 0.841414 0.0498891 0.0989899 1.55263e-05
0 0.735588 0.349495 0.0439763 0.0983165 1.55836e-05
0 0.635255 0.893266 0.0391722 0.0989899 1.56092e-05
0 0.361789 0.392929 0.0421286 0.10303 1.56891e-05
0 0.855691 0.8367 0.0594974 0.19596 1.5723e-05
0 1 0.743434 0 0.187205 1.57305e-05
0 0.361604 0.16633 0.0388027 0.114478 1.57333e-05
0 0.123245 0.303704 0.0742794 0.109091 1.57563e-05
0 0.6432 0.355219 0.0521064 0.179798 1.57842e-05
0 0.809497 0.165993 0.0388027 0.112458 1.58159e-05
0 0.561715 0.259259 0.0347376 0.103704 1.59094e-05
0 0.964338 0.0299663 0.0432373 0.0599327 1.59252e-05
0 0.208241 0.631313 0.0469327 0.0895623 1.5928e-05
0 0.64357 0.991583 0.0528455 0.016835 1.59285e-05
0 0.605876 0.316498 0.0661493 0.137374 1.59668e-05
0 0.910569 0.945455 0.0436068 0.0956229 1.60006e-05
0 0.451774 0.905724 0.0661493 0.188552 1.60432e-05
0 0.707317 0.341751 0.0591279 0.159596 1.60435e-05
0 0.0195861 0.235017 0.0391722 0.234343 1.60534e-05
0 1 0.867677 0 0.160943 1.61002e-05
0 0.600333 0.818519 0.0417591 0.119192 1.6178e-05
0 0.687916 0.966667 0.0240207 0.0666667 1.62518e-05
0 0.954176 0.924579 0.0539542 0.150842 1.62539e-05
0 0.261826 0.0333333 0.0402809 0.0666667 1.63116e-05
0 0.224501 0.816835 0.0624538 0.184512 1.63256e-05
0 0.304509 0.938047 0.0465632 0.123906 1.63754e-05
0 0.0862897 0.527273 0.0417591 0.115825 1.63936e-05
0 0.0899852 0.0538721 0.0543237 0.107744 1.64064e-05
0 0.0866593 0.80404 0.0432373 0.103704 1.64202e-05
0 0.23374 0.90404 0.063932 0.116498 1.6557e-05
0 0.294346 0.245791 0.0580192 0.216835 1.65855e-05
0 0.478197 0.707071 0.0391722 0.152189 1.66139e-05
0 0.68034 0.979125 0.0428677 0.0417508 1.66235e-05
0 0.488359 0.251852 0.0676275 0.121212 1.6638e-05
0 0.361234 0.195623 0.0587583 0.163636 1.66567e-05
0 0.902439 0.19899 0.0650406 0.121886 1.66884e-05
0 0.978566 0.192929 0.0391722 0.142088 1.67027e-05
0 0.0509978 0.992929 0.0554324 0.0141414 1.67244e-05
0 0.62269 0.519192 0.0354767 0.149495 1.67727e-05
0 0.0495196 0.719192 0.0731707 0.127946 1.6774e-05
0 0.111604 0.805387 0.0458241 0.0996633 1.67908e-05
0 0.97524 0.304714 0.0406504 0.127273 1.68166e-05
0 0.0522912 0.508754 0.071323 0.13266 1.68192e-05
0 0.535477 0.391919 0.0428677 0.102357 1.68232e-05
0 0.631744 0.545791 0.0358463 0.0962963 1.69008e-05
0 0.885994 0.886869 0.04915 0.0983165 1.69938e-05
0 0.379897 0.758249 0.0650406 0.200673 1.70579e-05
0 0.53714 0.252525 0.0454545 0.105051 1.70602e-05
0 0.150591 0.488889 0.0809313 0.220875 1.71159e-05
0 0.0663341 1 0.0181079 0 1.71359e-05
0 0.898559 0.312121 0.0624538 0.119192 1.71501e-05
0 0.712121 0.30101 0.0384331 0.103704 1.71763e-05
0 0.424982 0.195623 0.0546933 0.129966 1.7197e-05
0 0.742424 1 0.0583888 0 1.72005e-05
0 0.370473 0.947138 0.0402809 0.105724 1.72306e-05
0 0.597007 0.967003 0.0240207 0.0659933 1.72478e-05
0 0.629342 0.949832 0.0554324 0.100337 1.72503e-05
0 0.93071 0.988552 0.0920177 0.0228956 1.72841e-05
0 0.086105 0.486869 0.045085 0.110438 1.73158e-05
0 0.70048 0.823906 0.086105 0.181145 1.73948e-05
0 0.322616 0.36734 0.0495196 0.105724 1.74022e-05
0 0.802661 0.521549 0.0487805 0.12862 1.74166e-05
0 0.737435 0.408081 0.0476718 0.152189 1.74681e-05
0 0.830746 0.83569 0.0576497 0.188552 1.75642e-05
0 0.818551 0.765657 0.0517369 0.138721 1.75887e-05
0 0.0110865 0.377104 0.0221729 0.199327 1.75917e-05
0 0.948263 0.624579 0.0805617 0.185185 1.75933e-05
0 0.809682 0.400337 0.0643016 0.189226 1.75942e-05
0 0.0879527 0.622222 0.0384331 0.110438 1.76169e-05
0 0.0886918 0.667003 0.0391722 0.109764 1.7632e-05
0 0.748337 0.967003 0.0243902 0.0659933 1.76402e-05
0 0.808204 0.39596 0.0406504 0.117172 1.76691e-05
0 0.362528 0.348485 0.0413895 0.0962963 1.76761e-05
0 0.842942 0.311448 0.0672579 0.120539 1.76941e-05
0 0.868441 0.966667 0.0243902 0.0666667 1.77022e-05
0 0.0338137 0.377778 0.0535846 0.129293 1.7763e-05
0 0.41371 0.255219 0.0402809 0.105051 1.77837e-05
0 0.676829 0.346801 0.0550628 0.16835 1.77893e-05
0 0.832594 0.995623 0.0583888 0.00875421 1.78467e-05
0 0.0875831 0.843771 0.0413895 0.0983165 1.78518e-05
0 0.480229 0.927609 0.0594974 0.144781 1.78918e-05
0 0.988544 1 0.022912 0 1.78945e-05
0 0.720806 0.243098 0.0691057 0.138721 1.80237e-05
0 0.787879 0.453872 0.0399113 0.154882 1.81386e-05
0 0.709719 0.623906 0.0506282 0.100337 1.81424e-05
0 0.13082 0.697306 0.0650406 0.179798 1.81579e-05
0 0.390983 0.0538721 0.0502587 0.107744 1.83006e-05
0 0.802661 1 0.0569106 0 1.83248e-05
0 0.587583 0.388552 0.0413895 0.102357 1.83433e-05
0 0.838322 0.96734 0.0247598 0.0653199 1.8367e-05
0 0.772173 0.718855 0.0646711 0.152862 1.84072e-05
0 0.347376 0.958249 0.030303 0.0835017 1.84176e-05
0 0.486881 0.194276 0.0513673 0.124579 1.85172e-05
0 0.136364 0.944108 0.0421286 0.0956229 1.85896e-05
0 0.188285 0.347475 0.0395418 0.0996633 1.88312e-05
0 0.808019 0.967677 0.0247598 0.0646465 1.8846e-05
0 0.360865 0.0545455 0.0535846 0.109091 1.89676e-05
0 0.621766 1 0.0580192 0 1.90605e-05
0 0.788803 0.939731 0.0506282 0.0922559 1.91251e-05
0 0.501848 0.947811 0.109387 0.104377 1.91632e-05
0 0.366962 0.992256 0.0606061 0.0154882 1.91677e-05
0 0.755174 0.0447811 0.0373245 0.0895623 1.91785e-05
0 0.977088 0.956566 0.0458241 0.0868687 1.91831e-05
0 0.111973 0.846128 0.0436068 0.0936027 1.91947e-05
0 0.161123 0.945455 0.0406504 0.0929293 1.92609e-05
0 0.662417 0.258586 0.0395418 0.109091 1.93151e-05
0 0.677199 0.900673 0.0550628 0.154209 1.93821e-05
0 0.0803769 0.950842 0.110495 0.0983165 1.94171e-05
0 0.931633 0.951852 0.0561715 0.0962963 1.94359e-05
0 0.685883 0.258249 0.0421286 0.107071 1.94529e-05
0 0.121582 0.191582 0.0724316 0.121886 1.96452e-05
0 0.293422 0.781818 0.0354767 0.114478 1.96498e-05
0 0.485403 0.391246 0.0417591 0.106397 1.96674e-05
0 0.188101 0.992929 0.0606061 0.0141414 1.97414e-05
0 0.241685 0.553199 0.0509978 0.129966 1.9757e-05
0 0.862343 0.577441 0.0365854 0.101684 1.98428e-05
0 0.621212 0.813805 0.0702143 0.167677 1.98655e-05
0 0.0554324 0.406734 0.0687361 0.105051 1.99063e-05
0 0.99963 0.959596 0.000739098 0.0808081 1.99346e-05
0 0.943829 0.247811 0.0776053 0.158923 1.9972e-05
0 0.362528 0.93771 0.0509978 0.0895623 1.99753e-05
0 0.316888 0.956566 0.0306726 0.0868687 2.00572e-05
0 0.862158 0.886869 0.0487805 0.0956229 2.01393e-05
0 0.562639 0.886195 0.0484109 0.0942761 2.01491e-05
0 0.681264 0.991919 0.0543237 0.0161616 2.01835e-05
0 0.849409 0.076431 0.086105 0.152862 2.01939e-05
0 0.0807465 0.920539 0.0964523 0.138721 2.02292e-05
0 0.203067 0.911448 0.0506282 0.113805 2.0247e-05
0 0.225979 0.520539 0.0439763 0.131987 2.03098e-05
0 0.894678 0.957239 0.0835181 0.0855219 2.03123e-05
0 0.370473 0.888552 0.0572801 0.120539 2.03262e-05
0 0.777716 0.967677 0.0247598 0.0646465 2.03731e-05
0 0.279933 0.982155 0.0373245 0.0356902 2.06554e-05
0 0.736881 0.87037 0.0724316 0.216162 2.06788e-05
0 0.337953 0.241751 0.0705839 0.137374 2.07241e-05
0 0.203991 0.857912 0.0539542 0.115825 2.08533e-05
0 0.609571 0.972727 0.0469327 0.0545455 2.08628e-05
0 0.540466 0.317845 0.0609756 0.129293 2.09363e-05
0 0.024575 0.240741 0.0484109 0.146128 2.09607e-05
0 0.884885 0.622896 0.0380636 0.102357 2.09874e-05
0 0.212121 0.927273 0.0583888 0.145455 2.10436e-05
0 0.286585 0.956566 0.0306726 0.0868687 2.11052e-05
0 0.624353 0.309091 0.0461936 0.118519 2.11589e-05
0 0.0794531 0.999663 0.0650406 0.000673401 2.11767e-05
0 0.350517 0.928283 0.0609756 0.139394 2.12444e-05
0 0.766445 0.503367 0.0428677 0.158249 2.12459e-05
0 0.233925 0.857239 0.0539542 0.113131 2.12629e-05
0 0.705839 0.434007 0.045085 0.124579 2.12877e-05
0 0.294531 0.858249 0.0532151 0.113805 2.12926e-05
0 0.293976 0.906397 0.0535846 0.113131 2.13147e-05
0 0.262749 0.311111 0.0443459 0.121212 2.13274e-05
0 0.611973 0.258586 0.0369549 0.105051 2.13577e-05
0 0.412417 0.301684 0.0406504 0.0996633 2.14177e-05
0 0.521619 0.554882 0.0380636 0.107744 2.1492e-05
0 0.312454 0.164983 0.0558019 0.103704 2.15494e-05
0 0.745565 0.730303 0.0498891 0.117845 2.15568e-05
0 0.574095 0.861279 0.056541 0.123906 2.1567e-05
0 0.210643 0.0518519 0.0480414 0.103704 2.15942e-05
0 1 0.0531987 0 0.106397 2.16077e-05
0 0.461013 0.256229 0.0402809 0.101684 2.16438e-05
0 0.968958 0.96734 0.0369549 0.0653199 2.16464e-05
0 0.610495 0.885859 0.0502587 0.0949495 2.1836e-05
0 0.603289 0.912795 0.0624538 0.174411 2.18398e-05
0 0.834442 0.63367 0.0509978 0.113131 2.20808e-05
0 0.0630081 0.306734 0.0698448 0.105724 2.21381e-05
0 0.172764 0.860269 0.0513673 0.116498 2.21682e-05
0 0.565965 0.96835 0.0254989 0.0632997 2.22311e-05
0 0.11493 0.96734 0.0258684 0.0653199 2.23208e-05
0 0.605137 0.201347 0.056541 0.122559 2.23376e-05
0 0.648189 0.404714 0.0561715 0.122559 2.2404e-05
0 0.142831 0.861616 0.0476718 0.116498 2.24318e-05
0 0.88544 0.665657 0.0406504 0.0976431 2.24377e-05
0 0.535662 0.96835 0.0254989 0.0632997 2.25559e-05
0 0.986327 0.389899 0.0273466 0.13064 2.2565e-05
0 0.863267 1 0.0554324 0 2.26049e-05
0 0.735957 0.944444 0.0432373 0.0909091 2.27165e-05
0 0.931264 0.0585859 0.0606061 0.117172 2.27584e-05
0 0.263304 0.857239 0.0543237 0.111785 2.27886e-05
0 0.290281 0.209428 0.0461936 0.105051 2.28611e-05
0 0.972099 0.998317 0.0558019 0.003367 2.28663e-05
0 0.988729 0.0855219 0.0225425 0.171044 2.28739e-05
0 0.791944 0.252525 0.0628234 0.154882 2.29908e-05
0 0.667036 0.203367 0.0561715 0.117172 2.3041e-05
0 0.909276 0.800673 0.0395418 0.10101 2.31287e-05
0 0.561345 0.248822 0.0650406 0.117845 2.31584e-05
0 0.271249 0.921886 0.052476 0.156229 2.32327e-05
0 0.701959 0.973737 0.0735403 0.0525253 2.32456e-05
0 0.473208 0.522896 0.0454545 0.138047 2.32715e-05
0 0.946785 1 0.0332594 0 2.32886e-05
0 0.54527 0.19697 0.0550628 0.124579 2.32886e-05
0 0.526423 0.903704 0.0631929 0.192593 2.33111e-05
0 0.411308 0.249832 0.0886918 0.160269 2.33399e-05
0 0.00757576 0.404714 0.0151515 0.125253 2.3373e-05
0 0.388027 0.347138 0.0413895 0.0922559 2.34161e-05
0 0.446231 0.969024 0.026238 0.0619529 2.34352e-05
0 0.636179 0.942424 0.0417591 0.0882155 2.34384e-05
0 0.463599 0.347811 0.0417591 0.0895623 2.35853e-05
0 0.488359 0.30303 0.033629 0.10101 2.36088e-05
0 0.254619 0.779461 0.059867 0.151515 2.36214e-05
0 0.541759 0.745455 0.0569106 0.220875 2.39555e-05
0 0.324279 0.858923 0.0521064 0.115152 2.39887e-05
0 0.623614 0.951515 0.0824095 0.0969697 2.40881e-05
0 0.13507 0.959933 0.0417591 0.0801347 2.40972e-05
0 0.830007 0.0454545 0.0384331 0.0909091 2.42105e-05
0 0.164265 0.63266 0.0535846 0.0868687 2.43147e-05
0 0.00683666 0.294276 0.0136733 0.131987 2.43358e-05
0 0.686807 0.858586 0.0535846 0.107744 2.43633e-05
0 0.57003 0.996296 0.0587583 0.00740741 2.43839e-05
0 0.00831486 0.116498 0.0166297 0.156229 2.4429e-05
0 0.862713 0.76229 0.0469327 0.10101 2.46382e-05
0 0.63082 0.899327 0.0576497 0.16229 2.47769e-05
0 0.195122 0.950505 0.0458241 0.0989899 2.49098e-05
0 0.353289 0.76532 0.0694752 0.190572 2.49398e-05
0 0.709534 0.786195 0.0583888 0.127273 2.50276e-05
0 0.186253 0.939731 0.0509978 0.0909091 2.50294e-05
0 0.334996 0.938384 0.04915 0.0909091 2.50542e-05
0 0.235772 0.991919 0.0591279 0.0161616 2.50571e-05
0 0.261456 0.940067 0.0513673 0.0875421 2.51001e-05
0 0.0522912 0.621886 0.0698448 0.13266 2.51989e-05
0 0.419623 0.659933 0.04102 0.129293 2.52546e-05
0 0.111973 0.621549 0.037694 0.105051 2.53076e-05
0 0.50037 0.857239 0.0532151 0.127946 2.53956e-05
0 0.133962 0.621886 0.0402809 0.0989899 2.5454e-05
0 0.710089 0.394613 0.0469327 0.0956229 2.54652e-05
0 0.683851 0.953199 0.0824095 0.0936027 2.54743e-05
0 0.986696 0.439057 0.0266075 0.129293 2.55589e-05
0 0.886733 0.846801 0.04102 0.0949495 2.56713e-05
0 0.505358 0.969697 0.0277162 0.0606061 2.5737e-05
0 0.610126 0.934007 0.0532151 0.0888889 2.57578e-05
0 0.457132 0.549832 0.0347376 0.107071 2.57953e-05
0 0.510532 0.347138 0.0395418 0.0936027 2.58789e-05
0 0.348115 0.435354 0.0480414 0.142088 2.59374e-05
0 0.443829 0.860269 0.0473023 0.112458 2.60363e-05
0 0.911493 0.0531987 0.0506282 0.106397 2.60766e-05
0 0.133592 0.0572391 0.0691057 0.114478 2.6092e-05
0 0.855322 0.979461 0.0417591 0.0410774 2.61158e-05
0 0.502217 0.318519 0.0532151 0.140067 2.63558e-05
0 0.619364 0.456566 0.045085 0.179125 2.6379e-05
0 0.592942 0.953872 0.0809313 0.0922559 2.63893e-05
0 0.315225 0.89798 0.0554324 0.167677 2.64779e-05
0 0.127125 0.406734 0.0731707 0.131987 2.65161e-05
0 0.611604 0.301684 0.0362158 0.0983165 2.65315e-05
0 0.236142 0.940404 0.0509978 0.0868687 2.65773e-05
0 0.832409 0.591246 0.0543237 0.103704 2.66495e-05
0 0.28289 0.340067 0.0506282 0.161616 2.66801e-05
0 0.743533 0.310101 0.0465632 0.117845 2.69373e-05
0 0.812454 0.0606061 0.0535846 0.121212 2.69652e-05
0 0.140244 1 0.0572801 0 2.69809e-05
0 0.57003 0.734343 0.0284553 0.169024 2.70466e-05
0 0.789357 0.803704 0.0443459 0.0922559 2.71572e-05
0 0.968219 0.991919 0.0325203 0.0161616 2.72529e-05
0 0.462306 0.859259 0.0546933 0.131987 2.72996e-05
0 0.636548 0.840067 0.0447154 0.0962963 2.73598e-05
0 0.687177 0.391919 0.0469327 0.0929293 2.75382e-05
0 0.834442 0.955556 0.0813008 0.0888889 2.75656e-05
0 0.421656 0.908418 0.0635625 0.183165 2.77015e-05
0 0.405211 0.544108 0.0476718 0.142761 2.78691e-05
0 0.538064 0.30303 0.0384331 0.0915825 2.79187e-05
0 0.171101 0.911448 0.0509978 0.112458 2.80278e-05
0 0.00572801 0.0397306 0.011456 0.0794613 2.80339e-05
0 0.211013 0.940741 0.0502587 0.0888889 2.823e-05
0 0.811715 0.941414 0.0535846 0.0875421 2.82878e-05
0 0.685329 0.308417 0.0498891 0.118519 2.83014e-05
0 0.305248 0.981145 0.0384331 0.0377104 2.83059e-05
0 0.387472 0.945118 0.0373245 0.0895623 2.83308e-05
0 0.592572 0.958249 0.0484109 0.0835017 2.84293e-05
0 0.415743 0.96835 0.0251293 0.0632997 2.84518e-05
0 0.886918 0.8 0.0436068 0.0983165 2.85847e-05
0 0.86918 0.252525 0.0739098 0.148148 2.86302e-05
0 0.655026 0.857576 0.0528455 0.111111 2.87851e-05
0 0.240392 0.313805 0.0617147 0.126599 2.88555e-05
0 0.312639 0.548485 0.0399113 0.147475 2.89865e-05
0 0.211936 0.751515 0.0550628 0.123906 2.90334e-05
0 0.593866 0.907407 0.0517369 0.113805 2.90706e-05
0 0.310976 0.939731 0.0498891 0.0855219 2.91996e-05
0 0.392646 0.317172 0.056541 0.13468 2.93664e-05
0 0.0609756 0.190572 0.0716925 0.122559 2.93905e-05
0 0.207871 0.585522 0.078714 0.154209 2.93973e-05
0 0.387472 0.439394 0.0609756 0.150168 2.94582e-05
0 0.286955 0.940404 0.0498891 0.0882155 2.95545e-05
0 0.00591279 0.981145 0.0118256 0.0377104 2.97768e-05
0 0.984294 0.260943 0.0314117 0.287542 2.98508e-05
0 0.00628234 0.508754 0.0125647 0.148822 2.99011e-05
0 0.183296 0.194949 0.0561715 0.116498 2.99148e-05
0 0.235218 0.347475 0.0439763 0.0929293 2.9998e-05
0 0.385809 0.966667 0.0243902 0.0666667 3.00002e-05
0 0.837583 0.946801 0.0402809 0.0875421 3.00773e-05
0 0.576127 0.317172 0.0561715 0.133333 3.04462e-05
0 0.813193 0.842088 0.0424982 0.0909091 3.0462e-05
0 0.310052 0.989899 0.0591279 0.020202 3.04969e-05
0 0.297487 0.542761 0.0421286 0.142761 3.04991e-05
0 0.199926 1 0.0561715 0 3.05958e-05
0 0.428492 0.305387 0.0676275 0.134007 3.08266e-05
0 0.0129342 0.111448 0.0258684 0.222896 3.0974e-05
0 0.716001 0.858923 0.0580192 0.107071 3.10068e-05
0 0.47561 0.97037 0.0280857 0.0592593 3.10359e-05
0 0.0493348 0.83266 0.071323 0.140741 3.10672e-05
0 0.00628234 0.185859 0.0125647 0.145455 3.11019e-05
0 0.0199557 0.63367 0.0399113 0.141414 3.11547e-05
0 0.113636 0.912121 0.0513673 0.116498 3.11723e-05
0 0.774021 0.956229 0.0809313 0.0875421 3.1361e-05
0 0.11493 0.711111 0.0443459 0.0929293 3.1638e-05
0 0.895048 0.77138 0.0635625 0.167677 3.16697e-05
0 0.111419 0.959933 0.0801922 0.0801347 3.16849e-05
0 0.805987 0.732997 0.0517369 0.119192 3.18262e-05
0 0.203622 0.317845 0.0576497 0.138721 3.18443e-05
0 0.861973 0.946465 0.0402809 0.0909091 3.1886e-05
0 0.0194013 0.750505 0.0365854 0.151515 3.19837e-05
0 0.488359 0.348148 0.0358463 0.0929293 3.20401e-05
0 0.774945 0.0754209 0.0768662 0.150842 3.2102e-05
0 0.710828 0.348822 0.0447154 0.0915825 3.22231e-05
0 0.986142 0.527609 0.0254989 0.138047 3.22295e-05
0 0.437916 0.946465 0.0362158 0.0868687 3.24019e-05
0 0.328714 0.820202 0.086844 0.262626 3.24599e-05
0 0.412971 0.348148 0.04102 0.0902357 3.26415e-05
0 0.411863 0.946128 0.0380636 0.0861953 3.27595e-05
0 0.174612 0.966667 0.026238 0.0666667 3.27977e-05
0 0.254804 0.982155 0.0373245 0.0356902 3.28436e-05
0 0.562454 0.957912 0.0783444 0.0841751 3.2882e-05
0 0.84405 0.199663 0.0620843 0.112458 3.31217e-05
0 0.988359 0.605387 0.0232816 0.20202 3.32032e-05
0 0.347007 0.992256 0.0606061 0.0154882 3.32551e-05
0 0.212491 0.345118 0.0391722 0.0949495 3.32774e-05
0 0.912232 0.962963 0.0617147 0.0740741 3.33282e-05
0 0.985957 0.619192 0.0236511 0.139394 3.34225e-05
0 0.497228 0.0656566 0.0594974 0.131313 3.35695e-05
0 0.662047 0.349158 0.0447154 0.0895623 3.37368e-05
0 0.445307 0.63771 0.045085 0.111785 3.37769e-05
0 0.986881 0.763636 0.026238 0.224916 3.38107e-05
0 0.83629 0.758249 0.0517369 0.110438 3.3884e-05
0 0.197709 0.243434 0.0724316 0.148822 3.39969e-05
0 0.637842 0.349832 0.0428677 0.0895623 3.40047e-05
0 0.534368 0.858923 0.0465632 0.115152 3.41151e-05
0 0.863267 0.623906 0.0369549 0.0962963 3.41371e-05
0 0.240761 0.0518519 0.0439763 0.103704 3.44394e-05
0 0.444383 0.901347 0.0580192 0.108418 3.44683e-05
0 0.136364 0.778788 0.0761271 0.152862 3.45638e-05
0 0.260532 1 0.0569106 0 3.45747e-05
0 0.355876 0.964983 0.0236511 0.0700337 3.45847e-05
0 0.0112712 0.262963 0.0225425 0.212121 3.47166e-05
0 0.067997 0.0424242 0.0546933 0.0848485 3.50247e-05
0 0.983555 0.841751 0.0328899 0.304377 3.51081e-05
0 0.257391 0.542761 0.0402809 0.105051 3.53088e-05
0 0.574834 0.407744 0.0535846 0.121886 3.53433e-05
0 0.611973 0.348148 0.0413895 0.0888889 3.53989e-05
0 0.481338 0.549832 0.0395418 0.101684 3.55149e-05
0 0.575018 0.922222 0.0591279 0.12862 3.57544e-05
0 0.745196 0.856902 0.0580192 0.108418 3.587e-05
0 0.987805 0.0710438 0.022912 0.109764 3.60156e-05
0 0.351256 0.312795 0.0587583 0.111111 3.61115e-05
0 0.861419 0.80303 0.0473023 0.0949495 3.62468e-05
0 0.354398 0.857912 0.0539542 0.117172 3.63118e-05
0 0.113452 0.669697 0.0413895 0.0989899 3.63124e-05
0 0.504065 0.773401 0.0480414 0.178451 3.66538e-05
0 0.326127 0.963636 0.0232816 0.0727273 3.66558e-05
0 0.0112712 0.674074 0.0225425 0.204714 3.68499e-05
0 0.183296 0.642424 0.059867 0.0808081 3.68537e-05
0 0.86105 0.711111 0.0480414 0.0956229 3.68768e-05
0 0.0194013 0.693603 0.033629 0.150842 3.71011e-05
0 0.265891 0.362626 0.0498891 0.105724 3.71529e-05
0 0.320953 1 0.0572801 0 3.71582e-05
0 0.536955 0.345118 0.0391722 0.0909091 3.71603e-05
0 0.543422 0.958249 0.0432373 0.0835017 3.71736e-05
0 0.561715 0.943434 0.0413895 0.0902357 3.73646e-05
0 0.852365 0.0468013 0.0506282 0.0936027 3.73925e-05
0 0.984848 0.939731 0.0273466 0.111111 3.74302e-05
0 0.506467 0.706061 0.0543237 0.148822 3.74649e-05
0 0.295639 0.963636 0.0236511 0.0727273 3.75618e-05
0 0.150776 0.963973 0.0428677 0.0720539 3.75671e-05
0 0.384146 0.858586 0.0506282 0.119865 3.77459e-05
0 0.704915 0.0582492 0.0594974 0.116498 3.78024e-05
0 0.0125647 0.854882 0.0251293 0.155556 3.78094e-05
0 0.957687 0.979798 0.0646711 0.040404 3.8097e-05
0 0.562639 0.343434 0.0402809 0.0875421 3.82541e-05
0 0.720436 0.201347 0.0572801 0.109091 3.82646e-05
0 0.390798 0.925252 0.0631929 0.133333 3.86439e-05
0 0.142276 0.912121 0.0509978 0.112458 3.86754e-05
0 0.837029 0.842424 0.0421286 0.0888889 3.87949e-05
0 0.0184775 0.817172 0.0369549 0.226936 3.90085e-05
0 0.395048 0.399663 0.0613452 0.120539 3.91913e-05
0 0.99963 0.99899 0.000739098 0.0020202 3.92049e-05
0 0.265152 0.964646 0.0247598 0.0707071 3.92226e-05
0 0.774205 0.854545 0.0576497 0.107744 3.92538e-05
0 0.243163 0.2 0.0554324 0.123906 3.94121e-05
0 0.586105 0.304714 0.0384331 0.0868687 3.97792e-05
0 0.201404 0.752189 0.0916482 0.192593 3.98351e-05
0 0.584627 0.817508 0.0413895 0.129293 3.99166e-05
0 0.0589431 0.93367 0.0535846 0.13266 3.99358e-05
0 0.018847 1 0.037694 0 4.00784e-05
0 0.988544 0.69697 0.022912 0.196633 4.00945e-05
0 0.386364 0.995623 0.0631929 0.00875421 4.01234e-05
0 0.987066 0.753872 0.0251293 0.127273 4.01566e-05
0 0.0896157 0.958249 0.0402809 0.0835017 4.02366e-05
0 0.861973 0.845455 0.0424982 0.0909091 4.0356e-05
0 0.985957 0.885859 0.0280857 0.123232 4.06318e-05
0 0.981523 0.0397306 0.0362158 0.0794613 4.09384e-05
0 0.468404 0.318182 0.0550628 0.12862 4.09869e-05
0 0.204545 0.966667 0.026238 0.0666667 4.10011e-05
0 0.415004 0.907744 0.0502587 0.113131 4.11377e-05
0 0.910569 0.998653 0.0650406 0.0026936 4.14562e-05
0 0.0173688 0.973401 0.0347376 0.0531987 4.15819e-05
0 0.436622 0.299327 0.0402809 0.0949495 4.21495e-05
0 0.234664 0.965993 0.0258684 0.0680135 4.21608e-05
0 0.587214 0.345791 0.0391722 0.0868687 4.21892e-05
0 0.184035 0.312121 0.0591279 0.120539 4.25821e-05
0 0.724316 0.320875 0.059867 0.134007 4.30014e-05
0 0.180155 0.39596 0.0683666 0.131987 4.30615e-05
0 0.988729 0.490236 0.0225425 0.193939 4.34824e-05
0 0.61068 0.962626 0.0580192 0.0747475 4.35954e-05
0 0.412232 0.957576 0.0809313 0.0848485 4.3656e-05
0 0.66371 0.313468 0.0561715 0.129966 4.38553e-05
0 0.713415 0.514478 0.033629 0.157576 4.3912e-05
0 0.111419 0.0552189 0.0654102 0.110438 4.39931e-05
0 0.806171 0.641077 0.0543237 0.137374 4.42067e-05
0 0.636918 0.973064 0.0469327 0.0538721 4.43118e-05
0 0.612343 0.0383838 0.0554324 0.0767677 4.46235e-05
0 0.623984 0.858586 0.0521064 0.114478 4.4626e-05
0 0.692166 0.661616 0.0509978 0.147475 4.46447e-05
0 0.138211 0.748822 0.0546933 0.10101 4.51485e-05
0 0.364375 0.452862 0.0480414 0.158249 4.53784e-05
0 0.442905 0.335354 0.0432373 0.144108 4.54602e-05
0 0.199187 0.799663 0.0724316 0.123232 4.56476e-05
0 0.268662 0.243434 0.0702143 0.142088 4.56773e-05
0 0.141353 0.957912 0.078714 0.0841751 4.57335e-05
0 0.687361 0.349495 0.0465632 0.0888889 4.59008e-05
0 0.0458241 0.952862 0.0473023 0.0942761 4.59034e-05
0 0.00572801 0.616498 0.011456 0.151515 4.63544e-05
0 0.986696 0.710101 0.0214339 0.13266 4.64244e-05
0 0.53677 0.945791 0.0388027 0.0868687 4.66044e-05
0 0.359941 0.66936 0.045085 0.192593 4.6646e-05
0 0.783629 0.205387 0.0572801 0.107744 4.69987e-05
0 0.563193 0.303367 0.037694 0.0882155 4.70996e-05
0 0.650037 0.961953 0.0576497 0.0760943 4.79641e-05
0 0.673319 0.0390572 0.0532151 0.0781145 4.80484e-05
0 0.171101 0.955556 0.0798226 0.0888889 4.82471e-05
0 0.373245 0.0414141 0.052476 0.0828283 4.8257e-05
0 0.755543 0.955219 0.0535846 0.0895623 4.82717e-05
0 0.594789 0.857576 0.0506282 0.115152 4.84781e-05
0 0.535107 0.924579 0.0583888 0.125253 4.85771e-05
0 0.120288 0.961279 0.0417591 0.0774411 4.87242e-05
0 0.533629 0.99798 0.0635625 0.0040404 4.88712e-05
0 0.00757576 0.89798 0.0151515 0.129966 4.89799e-05
0 0.830192 0.979125 0.0417591 0.0417508 4.91371e-05
0 0.566334 0.951515 0.0580192 0.0969697 4.92105e-05
0 0.314486 0.771717 0.0495196 0.13468 4.92289e-05
0 0.793237 0.0454545 0.0498891 0.0909091 4.97155e-05
0 0.790281 0.506734 0.0521064 0.206734 4.99162e-05
0 0.98762 0.0542088 0.0247598 0.108418 5.02349e-05
0 0.414265 0.859259 0.0480414 0.115825 5.17932e-05
0 0.298596 0.440741 0.0539542 0.129966 5.18872e-05
0 0.319475 0.184175 0.0432373 0.19596 5.20978e-05
0 0.105691 0.954209 0.0546933 0.0915825 5.26418e-05
0 0.512749 0.947475 0.0358463 0.0861953 5.26756e-05
0 0.463599 0.947811 0.0351072 0.0855219 5.2834e-05
0 0.77901 0.320875 0.0569106 0.127273 5.35613e-05
0 0.862158 0.66835 0.0443459 0.0909091 5.41075e-05
0 0.733925 0.0427609 0.0517369 0.0855219 5.4123e-05
0 0.439763 0.0582492 0.059867 0.116498 5.4403e-05
0 0.531781 0.971044 0.100517 0.0579125 5.45032e-05
0 0.631375 0.0515152 0.0602365 0.10303 5.45783e-05
0 0.947154 0.999663 0.0635625 0.000673401 5.49694e-05
0 0.431449 0.516162 0.0328899 0.163636 5.5135e-05
0 0.423503 0.811111 0.0835181 0.194613 5.62289e-05
0 0.989468 0.979461 0.0210643 0.0410774 5.67273e-05
0 0.553769 0.0575758 0.0587583 0.115152 5.67537e-05
0 0.563378 0.812121 0.0528455 0.19798 5.67628e-05
0 0.352365 0.946801 0.0831486 0.106397 5.68799e-05
0 0.806171 0.0434343 0.033629 0.0868687 5.72536e-05
0 0.947709 0.946801 0.0373245 0.106397 5.73351e-05
0 0.256837 0.722559 0.0517369 0.133333 5.76424e-05
0 0.501663 0.92862 0.0550628 0.126599 5.77294e-05
0 0.980783 0.972054 0.0384331 0.0558923 5.83048e-05
0 0.480599 0.0501684 0.0617147 0.100337 5.84383e-05
0 0.392461 0.732323 0.0362158 0.169024 5.84815e-05
0 0.486327 0.942424 0.0487805 0.0855219 5.88172e-05
0 0.425536 0.997306 0.0654102 0.00538721 5.89873e-05
0 0.988359 0.33165 0.0232816 0.2 6.03709e-05
0 0.406689 0.0444444 0.0654102 0.0888889 6.06408e-05
0 0.292313 0.943434 0.0820399 0.113131 6.08777e-05
0 0.201404 0.953872 0.0790835 0.0922559 6.11999e-05
0 0.33204 0.0474747 0.063932 0.0949495 6.12014e-05
0 0.261826 0.946801 0.0809313 0.106397 6.18218e-05
0 0.835735 0.80404 0.0461936 0.0888889 6.23211e-05
0 0.813747 0.80505 0.0458241 0.0882155 6.27583e-05
0 0.716741 0.949832 0.0558019 0.100337 6.28719e-05
0 0.158167 0.646128 0.0731707 0.177104 6.31487e-05
0 0.667775 0.950842 0.0569106 0.0983165 6.47011e-05
0 0.231523 0.950842 0.0801922 0.0983165 6.47833e-05
0 0.179786 0.970707 0.0498891 0.0585859 6.49226e-05
0 0.780857 0.956229 0.0539542 0.0875421 6.51508e-05
0 0.7585 0.614478 0.0624538 0.178451 6.57775e-05
0 0.480783 0.774411 0.0509978 0.175084 6.60977e-05
0 0.31966 0.436364 0.0502587 0.125253 6.70738e-05
0 0.230044 0.958586 0.0476718 0.0828283 6.79189e-05
0 0.953067 0.99596 0.0258684 0.00808081 6.80089e-05
0 0.205469 0.980135 0.0399113 0.0397306 6.81523e-05
0 0.18422 0.0542088 0.0624538 0.108418 6.86314e-05
0 0.00480414 0.722222 0.00960828 0.16229 6.96956e-05
0 0.213784 0.675421 0.0587583 0.138721 7.08691e-05
0 0.463784 0.92862 0.0583888 0.126599 7.09056e-05
0 0.867701 0.949158 0.059867 0.101684 7.22377e-05
0 0.560791 0.973064 0.0513673 0.0538721 7.39468e-05
0 0.431818 0.926936 0.0594974 0.125926 7.49914e-05
0 0.257945 0.0521886 0.0613452 0.104377 7.51929e-05
0 0.543976 0.70404 0.0288248 0.160943 7.54042e-05
0 0.609941 0.513468 0.0306726 0.159596 7.55573e-05
0 0.264597 0.400673 0.0643016 0.121212 7.64654e-05
0 0.8932 0.950168 0.059867 0.0996633 7.69579e-05
0 0.73762 0.972054 0.0473023 0.0558923 7.70233e-05
0 0.00166297 0.994276 0.00332594 0.0114478 7.71395e-05
0 0.519956 0.971044 0.0362158 0.0579125 7.72412e-05
0 0.0101626 0.0454545 0.0203252 0.0909091 7.72836e-05
0 0.00443459 0.819529 0.00886918 0.160269 7.82798e-05
0 0.692166 0.950505 0.0576497 0.0989899 7.84371e-05
0 0.839061 0.399327 0.0624538 0.157576 7.84429e-05
0 0.50425 0.413468 0.0521064 0.149495 7.96876e-05
0 0.364006 0.973401 0.0436068 0.0531987 7.99164e-05
0 0.297672 0.660269 0.0646711 0.134007 8.03243e-05
0 0.447524 0.738721 0.0391722 0.176431 8.05289e-05
0 0.478197 0.845455 0.067997 0.186532 8.05537e-05
0 0.98762 0.180471 0.0247598 0.263973 8.0904e-05
0 0.911678 0.970707 0.0517369 0.0585859 8.09124e-05
0 0.939579 0.971717 0.0461936 0.0565657 8.16463e-05
0 0.853289 0.685859 0.0724316 0.0922559 8.219e-05
0 0.609941 0.411784 0.0543237 0.117845 8.29272e-05
0 0.663156 0.972391 0.0506282 0.0552189 8.37079e-05
0 0.214339 0.411448 0.0436068 0.10101 8.42307e-05
0 0.0251293 0.0622896 0.0502587 0.124579 8.49718e-05
0 0.405026 0.957576 0.0517369 0.0848485 8.69222e-05
0 0.187361 0.493939 0.059867 0.1367 8.73337e-05
0 0.432557 0.242761 0.0439763 0.1367 9.0562e-05
0 0.822247 0.706061 0.0554324 0.116498 9.05733e-05
0 0.420916 0.73165 0.0391722 0.167677 9.0939e-05
0 0.842757 0.949158 0.0594974 0.101684 9.17852e-05
0 0.805432 0.957239 0.0543237 0.0855219 9.39343e-05
0 0.0110865 0.171717 0.0221729 0.226263 9.52008e-05
0 0.390983 0.965657 0.0650406 0.0686869 9.68576e-05
0 0.138211 0.972727 0.0502587 0.0545455 9.959e-05
0 0.711382 0.971717 0.0487805 0.0565657 9.9894e-05
0 0.235403 0.663636 0.0620843 0.150168 0.000100058
0 0.463784 0.99798 0.0672579 0.0040404 0.000100414
0 0.243902 0.962963 0.0635625 0.0740741 0.000100527
0 0.337214 0.973401 0.0439763 0.0531987 0.000103369
0 0.985588 0.844444 0.0214339 0.146801 0.000103569
0 0.986142 0.917508 0.0277162 0.164983 0.000103667
0 0.0866593 0.973737 0.0528455 0.0525253 0.000104328
0 0.0739098 0.959933 0.0369549 0.0801347 0.000105389
0 0.42997 0.965993 0.063932 0.0680135 0.000105785
0 0.509608 0.517845 0.030303 0.142761 0.000107375
0 0.253141 0.450168 0.0554324 0.12862 0.00010792
0 0.389135 0.974747 0.0487805 0.050505 0.000109083
0 0.305063 0.203704 0.0521064 0.147475 0.000110727
0 0.5 0.998317 0.0672579 0.003367 0.000113711
0 0.341463 0.202694 0.0487805 0.145455 0.000113904
0 0.526977 0.420875 0.045085 0.149495 0.00011469
0 0.53252 0.704714 0.0266075 0.152862 0.000115074
0 0.988729 0.83569 0.0225425 0.207407 0.000115299
0 0.298411 0.73266 0.0506282 0.181818 0.000116275
0 0.113267 0.972727 0.0498891 0.0545455 0.000116388
0 0.763858 0.973064 0.0487805 0.0538721 0.000118685
0 0.980968 0.99899 0.0380636 0.0020202 0.000121142
0 0.413895 0.976094 0.0502587 0.0478114 0.000123267
0 0.435144 0.420539 0.0513673 0.129966 0.000126632
0 0.164449 0.973401 0.0480414 0.0531987 0.000128269
0 0.888027 0.972054 0.0487805 0.0558923 0.000129744
0 0.529933 0.957912 0.0502587 0.0841751 0.000131
0 0.687731 0.971717 0.0502587 0.0565657 0.000131367
0 0.81541 0.485859 0.0676275 0.19596 0.000138582
0 0.13969 0.674747 0.0517369 0.0915825 0.000139985
0 0.793607 0.409764 0.0498891 0.142088 0.00014017
0 0.502217 0.967003 0.0606061 0.0659933 0.000141649
0 0.455654 0.979798 0.0384331 0.040404 0.000143135
0 0.313562 0.974074 0.0432373 0.0518519 0.00014364
0 0.281227 0.963636 0.0657797 0.0727273 0.000149678
0 0.9915 0.99899 0.0169993 0.0020202 0.000156577
0 0.352735 0.965657 0.0661493 0.0686869 0.000156743
0 0.289911 0.974074 0.0424982 0.0518519 0.000157438
0 0.466556 0.96633 0.0624538 0.0673401 0.00015778
0 0.460643 0.769024 0.0484109 0.206061 0.000159408
0 0.863452 0.972727 0.04915 0.0545455 0.000160939
0 0.956763 0.956902 0.0436068 0.0861953 0.000161442
0 0.536401 0.974074 0.0498891 0.0518519 0.000162957
0 0.264043 0.974411 0.0432373 0.0511785 0.000166925
0 0.0118256 0.995286 0.0236511 0.00942761 0.00016845
0 0.189394 0.974747 0.0461936 0.050505 0.000168966
0 0.440318 0.976431 0.0469327 0.047138 0.000178199
0 0.706024 0.744108 0.0957132 0.184512 0.000181135
0 0.330192 0.515488 0.0439763 0.191919 0.000185201
0 0.838877 0.973737 0.0487805 0.0525253 0.000185257
0 0.00997783 0.782828 0.0199557 0.26734 0.000189727
0 0.790466 0.974074 0.0495196 0.0518519 0.00019485
0 0.00960828 0.945455 0.0192166 0.109091 0.000195468
0 0.317812 0.96532 0.0665189 0.0693603 0.000198993
0 0.513304 0.975084 0.0480414 0.0498317 0.000207534
0 0.239098 0.975758 0.0436068 0.0484848 0.00020988
0 0.814117 0.974411 0.0495196 0.0511785 0.000210895
0 0.480044 0.958586 0.0480414 0.0828283 0.000218102
0 0.214708 0.975758 0.0443459 0.0484848 0.000225156
0 0.832779 0.67138 0.0735403 0.0969697 0.000236759
0 0.73374 0.617845 0.0594974 0.212121 0.000245849
0 0.465078 0.976094 0.0469327 0.0478114 0.000253765
0 0.488914 0.975421 0.0473023 0.0491582 0.000257881
0 0.989653 0.952525 0.0206948 0.0949495 0.000262952
0 0.655395 0.680135 0.0321508 0.146801 0.000263586
0 0.0349224 1 0.0328899 0 0.000288306
0 0.0606061 0.960943 0.0332594 0.0781145 0.000315436
0 0.192166 0.447475 0.0569106 0.142088 0.000318178
0 0.0105322 0.880808 0.0210643 0.215488 0.000325853
0 0.585366 0.718855 0.0436068 0.213468 0.000330063
0 0.476164 0.424916 0.0461936 0.137374 0.000347977
0 0.533075 0.556229 0.0351072 0.193939 0.000454704
0 0.990022 0.0360269 0.0199557 0.0720539 0.000466799
0 0.341833 0.705724 0.052476 0.20202 0.000480826
0 0.238174 0.415825 0.04915 0.129966 0.000509556
0 0.17997 0.738047 0.0864745 0.111785 0.000548173
0 0.65595 0.457239 0.037694 0.188552 0.000550265
0 0.242609 0.729293 0.104582 0.153535 0.000610749
0 0.72561 0.473064 0.04915 0.182492 0.000654233
0 0.149298 0.704377 0.0702143 0.0821549 0.000798868
0 0.583333 0.481818 0.0388027 0.193266 0.000858069
0 0.205469 0.474074 0.0421286 0.138721 0.000902943
0 0.332779 0.441751 0.0691057 0.211448 0.000930566
0 0.284553 0.502694 0.0413895 0.179798 0.000960585
0 0.524205 0.677104 0.0277162 0.139394 0.00102291
0 0.368256 0.535017 0.0439763 0.183838 0.00105621
0 0.784183 0.660606 0.0923873 0.118519 0.00169561
0 0.474501 0.610438 0.0458241 0.189226 0.00190701
0 0.459534 0.69899 0.0343681 0.173737 0.00228174
0 0.550443 0.660943 0.0321508 0.142088 0.00287769
0 0.65983 0.514815 0.0580192 0.16633 0.00319513
0 0.460089 0.494949 0.0421286 0.188552 0.00431512
0 0.658906 0.703704 0.0546933 0.173737 0.00492346
0 0.199741 0.681481 0.063932 0.0835017 0.00577767
0 0.759423 0.452189 0.0443459 0.169024 0.0071628
0 0.682742 0.487879 0.0454545 0.187879 0.0087248
0 0.237435 0.480135 0.0558019 0.153535 0.0113689
0 0.502033 0.478451 0.0521064 0.193266 0.116616
0 0.418145 0.591919 0.0735403 0.401347 0.134706
0 0.406689 0.492256 0.14745 0.196633 0.134967
0 0.624538 0.588215 0.0665189 0.423569 0.147949
0 0.555063 0.641077 0.0576497 0.266667 0.149581
0 0.331486 0.612121 0.0849963 0.4 0.153821
0 0.607908 0.488889 0.105691 0.184512 0.195556
0 0.712676 0.635354 0.105322 0.30101 0.199441
0 0.366593 0.582828 0.0539542 0.385859 0.212736
0 0.350333 0.501347 0.13082 0.193266 0.222937
0 0.563008 0.494949 0.0994087 0.176431 0.235045
0 0.255358 0.490236 0.108647 0.180471 0.244985
0 0.48374 0.486195 0.124908 0.185859 0.257253
0 0.301367 0.501347 0.132668 0.186532 0.29221
0 0.600887 0.69798 0.104213 0.175758 0.2938
0 0.49187 0.662963 0.0746489 0.144781 0.297813
0 0.669808 0.490236 0.1068 0.183165 0.31029
0 0.406319 0.695286 0.104582 0.178451 0.317439
0 0.45473 0.672391 0.0631929 0.186532 0.349508
0 0.26238 0.586532 0.0620843 0.397306 0.424058
0 0.515706 0.656902 0.0291944 0.140741 0.746474
0 0.490946 0.656566 0.0314117 0.123906 0.771153
0 0.469327 0.658249 0.0369549 0.140741 0.798629
0 0.539357 0.662626 0.0291944 0.154882 0.805442
0 0.38082 0.50505 0.0476718 0.192593 0.808315
0 0.18034 0.691919 0.0960828 0.116498 0.819803
0 0.440687 0.480471 0.0424982 0.186532 0.832977
0 0.664819 0.489562 0.0310421 0.195286 0.839816
0 0.640059 0.703367 0.0369549 0.169024 0.842755
0 0.345898 0.504714 0.0428677 0.198653 0.846127
0 0.439024 0.696633 0.0399113 0.201347 0.849755
0 0.527162 0.488552 0.04102 0.185185 0.850121
0 0.600517 0.484175 0.0406504 0.195286 0.850718
0 0.810791 0.675758 0.0872136 0.134007 0.851872
0 0.742794 0.477441 0.0436068 0.187205 0.852117
0 0.570953 0.693603 0.0436068 0.19798 0.853799
0 0.565041 0.493603 0.0354767 0.180471 0.854149
0 0.775868 0.427609 0.0432373 0.148148 0.855028
0 0.482077 0.482492 0.0454545 0.197306 0.856389
0 0.406689 0.701347 0.0447154 0.19596 0.859844
0 0.635994 0.484848 0.0443459 0.204714 0.860229
0 0.701959 0.490236 0.04915 0.185859 0.863462
0 0.220436 0.463636 0.0454545 0.16633 0.867551
0 0.406135 0.489226 0.0591279 0.213468 0.869258
0 0.370103 0.708081 0.0476718 0.189226 0.869784
0 0.305248 0.5 0.0495196 0.202694 0.873651
0 0.259978 0.496633 0.0498891 0.181145 0.874845
0 0.262195 0.689226 0.078714 0.181145 0.881531
0 0.607539 0.696296 0.0421286 0.184512 0.882726
0 0.688285 0.702357 0.0816704 0.184512 0.884051
0 0.317627 0.706061 0.0750185 0.198653 0.894865
0 0.739837 0.674747 0.0798226 0.180471 0.904955
