0 0.162004 0.109255 0.0425887 0.112735 5.54478e-06
0 0.777453 0.798539 0.117745 0.164927 5.54667e-06
0 0.511274 0.0306193 0.0354906 0.0612387 5.55153e-06
0 0.174322 0.834029 0.0488518 0.12874 5.57184e-06
0 0.0501044 0.651357 0.0718163 0.129436 5.59461e-06
0 0.225261 0.800278 0.0789144 0.192067 5.60678e-06
0 0.135073 0.568894 0.0430063 0.10508 5.61638e-06
0 0.526514 0.0494085 0.05762 0.098817 5.62202e-06
0 0.119833 0.963813 0.0384134 0.072373 5.64107e-06
0 0.664927 0.922408 0.0722338 0.155184 5.6421e-06
0 0.799374 0.284273 0.0697286 0.170494 5.65596e-06
0 0.837578 0.69485 0.0475992 0.113431 5.65749e-06
0 0.76952 0.576548 0.0609603 0.124565 5.67859e-06
0 0.311691 0.0320111 0.0388309 0.0640223 5.67924e-06
0 0.910856 0.527488 0.0438413 0.139179 5.67932e-06
0 0.306889 0.466249 0.0509395 0.121086 5.68077e-06
0 0.886848 0.612039 0.0384134 0.134308 5.69184e-06
0 0.236743 0.982951 0.0526096 0.0340988 5.69421e-06
0 0.993319 0.102992 0.0133612 0.169798 5.69679e-06
0 0.742589 0.586987 0.0371608 0.114823 5.69737e-06
0 0.519833 0.644746 0.0300626 0.0828114 5.76663e-06
0 0.861378 0.110995 0.0475992 0.112039 5.77958e-06
0 0.361795 0.860821 0.0379958 0.102992 5.79386e-06
0 0.162839 0.5254 0.0434238 0.102992 5.83563e-06
0 0.330271 0.246695 0.0601253 0.199722 5.83985e-06
0 0.382672 0.963118 0.040501 0.0737648 5.85275e-06
0 0.910021 0.77801 0.0430063 0.135003 5.85349e-06
0 0.286013 0.893876 0.0526096 0.0967293 5.86371e-06
0 0.436534 0.581768 0.0538622 0.154489 5.92378e-06
0 0.263466 0.885525 0.0501044 0.121781 5.92541e-06
0 0.166806 0.0643702 0.0688935 0.12874 5.92777e-06
0 0.787474 0.609255 0.0434238 0.0981211 5.92827e-06
0 0.693319 0.0664579 0.063048 0.132916 5.95195e-06
0 0.485804 0.851079 0.0438413 0.0932498 5.95497e-06
0 0.47453 0.131176 0.0463466 0.137091 5.9627e-06
0 0.522756 0.579332 0.0192067 0.124565 5.96345e-06
0 0.31023 0.109951 0.0442589 0.128045 5.96576e-06
0 0.00897704 0.649617 0.0179541 0.141267 5.97487e-06
0 0.237161 0.0932498 0.0743215 0.151705 5.98961e-06
0 0.935282 0.403619 0.0492693 0.13222 5.99181e-06
0 0.885595 0.528184 0.0409186 0.126653 5.99455e-06
0 0.143633 0.279402 0.0634656 0.12874 5.99539e-06
0 0.861795 0.487474 0.0442589 0.113431 6.00294e-06
0 0.38309 0.178497 0.0572025 0.132916 6.00823e-06
0 0.337787 0.194154 0.0434238 0.129436 6.063e-06
0 0.419415 0.922408 0.0480167 0.155184 6.0716e-06
0 0.966806 0.901879 0.0379958 0.126653 6.08276e-06
0 0.17453 0.637787 0.0517745 0.114823 6.10488e-06
0 0.162004 0.151357 0.0442589 0.113431 6.10571e-06
0 0.261795 0.825331 0.0643006 0.11691 6.12686e-06
0 0.113361 0.0793319 0.0722338 0.115518 6.15354e-06
0 0.51691 0.785665 0.0375783 0.139179 6.1606e-06
0 0.135908 0.399791 0.0530271 0.107864 6.16901e-06
0 0.0152401 0.0640223 0.0304802 0.128045 6.18018e-06
0 0.724217 0.0929019 0.0772443 0.152401 6.19394e-06
0 0.687056 0.776966 0.0446764 0.0925539 6.19784e-06
0 0.861169 0.0695894 0.0463466 0.0960334 6.19917e-06
0 0.588727 0.106124 0.0509395 0.117606 6.22366e-06
0 0.859917 0.672582 0.118163 0.178845 6.23122e-06
0 0.144259 0.939805 0.0480167 0.117606 6.23363e-06
0 0.165762 0.278706 0.0417537 0.116214 6.23694e-06
0 0.85595 0.963466 0.0417537 0.0730689 6.23975e-06
0 0.810438 0.0692415 0.0434238 0.0995129 6.24483e-06
0 0.844468 0.788448 0.0622129 0.221294 6.25562e-06
0 0.411273 0.0306193 0.0384134 0.0612387 6.27693e-06
0 0.849061 0.936674 0.0981211 0.098817 6.28255e-06
0 0.877662 0.161447 0.0676409 0.17119 6.32927e-06
0 0.586221 0.0514962 0.056785 0.102992 6.36328e-06
0 0.696868 0.780445 0.0860125 0.138483 6.38407e-06
0 0.786639 0.695546 0.0450939 0.103688 6.38865e-06
0 0.786848 0.0323591 0.0388309 0.0647182 6.39892e-06
0 0.811482 0.653793 0.0438413 0.110647 6.41128e-06
0 0.660752 0.819763 0.0413361 0.100209 6.41416e-06
0 0.837161 0.0702853 0.0450939 0.0974252 6.42109e-06
0 0.973695 0.979471 0.0526096 0.0410578 6.4222e-06
0 0.607724 0.748434 0.0346555 0.137091 6.43354e-06
0 0.934447 0.859777 0.0417537 0.12874 6.44496e-06
0 0.765136 0.098817 0.0613779 0.146138 6.45591e-06
0 0.541545 0.666319 0.0325679 0.0981211 6.50171e-06
0 0.0870564 0.0313152 0.0421712 0.0626305 6.50336e-06
0 0.286848 0.0316632 0.0375783 0.0633264 6.50798e-06
0 0.0699374 0.965553 0.0346555 0.0688935 6.51144e-06
0 0.172443 0.345859 0.0584551 0.154489 6.51533e-06
0 0.656576 0.609951 0.040501 0.107864 6.56845e-06
0 0.636952 0.10508 0.0555324 0.107168 6.57288e-06
0 0.760752 0.695198 0.045929 0.100209 6.59257e-06
0 0.86263 0.529228 0.0442589 0.112039 6.59997e-06
0 0.431942 0.473556 0.0338205 0.180237 6.60566e-06
0 0.579958 0.831246 0.0526096 0.166319 6.60794e-06
0 0.141545 0.334029 0.0526096 0.122477 6.60822e-06
0 0.740292 0.938761 0.0693111 0.122477 6.6157e-06
0 0.420042 0.966249 0.0367432 0.0675017 6.61816e-06
0 0.613361 0.092206 0.0826722 0.146834 6.62047e-06
0 0.762004 0.0309673 0.0392484 0.0619346 6.63723e-06
0 0.661795 0.0706333 0.0417537 0.102296 6.63978e-06
0 0.224217 0.646834 0.0617954 0.170494 6.65817e-06
0 0.577035 0.354558 0.0542797 0.139875 6.67052e-06
0 0.144885 0.0775922 0.0659708 0.12039 6.6929e-06
0 0.508351 0.757481 0.0196242 0.131524 6.70728e-06
0 0.112109 0.527488 0.0446764 0.112735 6.71079e-06
0 0.465136 0.280793 0.0359081 0.106472 6.72139e-06
0 0.510647 0.859429 0.0334029 0.0932498 6.73088e-06
0 0.136117 0.485038 0.0450939 0.108559 6.74081e-06
0 0.234029 0.654141 0.0438413 0.0932498 6.74834e-06
0 0.173069 0.0828114 0.0471816 0.114127 6.79086e-06
0 0.111273 0.485038 0.0455115 0.114127 6.7981e-06
0 0.162422 0.195894 0.0450939 0.10508 6.80845e-06
0 0.965553 0.859081 0.051357 0.123173 6.81918e-06
0 0.210021 0.904662 0.0668058 0.189283 6.82272e-06
0 0.0367432 0.0302714 0.0400835 0.0605428 6.83943e-06
0 0.117119 0.938761 0.0505219 0.119694 6.84101e-06
0 0.0265136 0.781141 0.0530271 0.149617 6.84432e-06
0 0.211482 0.0295755 0.0379958 0.059151 6.87496e-06
0 0.911482 0.609255 0.0534447 0.12039 6.93921e-06
0 0.112109 0.195198 0.0471816 0.114823 6.95117e-06
0 0.351983 0.132568 0.045929 0.130132 6.96496e-06
0 0.684342 0.132916 0.0467641 0.126653 6.96525e-06
0 0.135491 0.526096 0.0438413 0.108559 6.97459e-06
0 0.736952 0.737996 0.0475992 0.100905 6.99718e-06
0 0.195825 0.742867 0.0810021 0.205289 7.01428e-06
0 0.492276 0.65588 0.0367432 0.0744607 7.04489e-06
0 0.788727 0.848991 0.0985386 0.150313 7.04553e-06
0 0.984134 0.453375 0.0317328 0.227557 7.05248e-06
0 0.23048 0.124913 0.0501044 0.124565 7.0726e-06
0 0.760334 0.904662 0.0893528 0.136395 7.08557e-06
0 0.704175 0.908838 0.111482 0.168406 7.09861e-06
0 0.837161 0.611343 0.0434238 0.12039 7.10061e-06
0 0.861169 0.731385 0.0530271 0.114127 7.14708e-06
0 0.3119 0.235908 0.0417537 0.115518 7.14792e-06
0 0.186639 0.193459 0.0425887 0.109951 7.18713e-06
0 0.861795 0.401531 0.0467641 0.115518 7.18919e-06
0 0.908768 0.983994 0.0572025 0.0320111 7.19585e-06
0 0.962213 0.444328 0.051357 0.132916 7.21203e-06
0 0.449478 0.577244 0.0263048 0.113431 7.23337e-06
0 0.837161 0.100557 0.0851775 0.157968 7.2616e-06
0 0.111065 0.134656 0.0584551 0.130132 7.26279e-06
0 0.353236 0.0755045 0.0651357 0.123173 7.2649e-06
0 0.912109 0.899791 0.0413361 0.125261 7.2757e-06
0 0.659917 0.768963 0.0455115 0.111343 7.31323e-06
0 0.762422 0.609603 0.0450939 0.104384 7.33096e-06
0 0.834447 0.527488 0.039666 0.107168 7.33172e-06
0 0.711482 0.814544 0.0584551 0.103688 7.33588e-06
0 0.187056 0.152053 0.0409186 0.113431 7.33909e-06
0 0.661378 0.270703 0.0726514 0.23382 7.34064e-06
0 0.987683 0.324983 0.0246347 0.229645 7.3626e-06
0 0.798121 0.0960334 0.0805845 0.157272 7.36684e-06
0 0.186848 0.568198 0.0413361 0.0981211 7.38864e-06
0 0.729854 0.613083 0.0409186 0.121086 7.43709e-06
0 0.781837 0.342728 0.0605428 0.22199 7.47976e-06
0 0.535908 0.852122 0.0471816 0.0925539 7.49027e-06
0 0.837996 0.110647 0.0475992 0.111343 7.50672e-06
0 0.619207 0.596381 0.0392484 0.150313 7.51032e-06
0 0.16263 0.404315 0.0463466 0.0960334 7.51047e-06
0 0.635491 0.819415 0.0384134 0.0939457 7.52331e-06
0 0.753027 0.648225 0.0597077 0.170494 7.52627e-06
0 0.594154 0.233125 0.0450939 0.128045 7.52652e-06
0 0.487056 0.360821 0.0388309 0.0953375 7.53815e-06
0 0.811691 0.779402 0.0492693 0.109951 7.54764e-06
0 0.00897704 0.0671538 0.0179541 0.113431 7.55958e-06
0 0.694572 0.420668 0.0638831 0.167711 7.56037e-06
0 0.287056 0.19485 0.0463466 0.114127 7.58436e-06
0 0.187474 0.610995 0.0425887 0.0974252 7.59927e-06
0 0.86096 0.692763 0.0442589 0.12039 7.61683e-06
0 0.160752 0.939109 0.0517745 0.0869868 7.619e-06
0 0.725052 0.836813 0.0997912 0.145442 7.63736e-06
0 0.588727 0.152401 0.0392484 0.119694 7.65262e-06
0 0.294572 0.232777 0.051357 0.121781 7.66664e-06
0 0.812109 0.602992 0.0517745 0.102296 7.69255e-06
0 0.646555 0.0535839 0.0546973 0.107168 7.70342e-06
0 0.936117 0.997564 0.0659708 0.00487126 7.70741e-06
0 0.622965 0.18302 0.0492693 0.125261 7.71003e-06
0 0.485386 0.814544 0.0338205 0.0842032 7.73061e-06
0 0.431733 0.585595 0.0392484 0.0911621 7.73435e-06
0 0.438205 0.850731 0.0588727 0.181628 7.75186e-06
0 0.62547 0.893876 0.091858 0.212248 7.76391e-06
0 0.68643 0.854558 0.05762 0.101601 7.76552e-06
0 0.812109 0.152749 0.0450939 0.10508 7.78717e-06
0 0.910021 0.100905 0.0947808 0.151705 7.79129e-06
0 0.956159 0.95929 0.0542797 0.0814196 7.83632e-06
0 0.205428 0.0821155 0.0467641 0.115518 7.84723e-06
0 0.205428 0.83229 0.0551148 0.122477 7.84961e-06
0 0.0557411 0.848643 0.0655532 0.125957 7.86844e-06
0 0.229854 0.379958 0.0471816 0.105776 7.87943e-06
0 0.508768 0.645094 0.0296451 0.0835073 7.89164e-06
0 0.763048 0.194154 0.040501 0.098817 7.90216e-06
0 0.869102 0.794711 0.0521921 0.200418 7.90765e-06
0 0.842589 0.934934 0.0693111 0.130132 7.91994e-06
0 0.232359 0.0835073 0.0413361 0.118302 7.98694e-06
0 0.477035 0.876131 0.0555324 0.104384 7.99413e-06
0 0.212109 0.939109 0.0526096 0.0869868 8.00812e-06
0 0.286848 0.941545 0.0542797 0.0890745 8.01216e-06
0 0.0753653 0.829158 0.0638831 0.164927 8.03858e-06
0 0.933403 0.653097 0.0463466 0.131524 8.04138e-06
0 0.260125 0.652749 0.0425887 0.0890745 8.05068e-06
0 0.636743 0.151705 0.0417537 0.112735 8.05742e-06
0 0.145929 0.681976 0.0672234 0.121086 8.06472e-06
0 0.98476 0.973904 0.0304802 0.0521921 8.06568e-06
0 0.385177 0.859081 0.0371608 0.0981211 8.11986e-06
0 0.988309 0.206333 0.023382 0.223382 8.12201e-06
0 0.610647 0.235908 0.039666 0.108559 8.12526e-06
0 0.684551 0.0828114 0.0488518 0.11691 8.14172e-06
0 0.0496868 0.756089 0.0734864 0.132916 8.16305e-06
0 0.161795 0.0299235 0.040501 0.0598469 8.16374e-06
0 0.322547 0.0831594 0.051357 0.118998 8.20307e-06
0 0.0498956 1 0.0597077 0 8.24146e-06
0 0.837578 0.443285 0.0417537 0.105776 8.24917e-06
0 0.693528 0.467641 0.0484342 0.146138 8.2581e-06
0 0.838831 0.775574 0.0534447 0.110647 8.27653e-06
0 0.392484 0.844468 0.0592902 0.153793 8.31552e-06
0 0.880167 0.944328 0.0626305 0.111343 8.39031e-06
0 0.586848 0.0295755 0.0379958 0.059151 8.39662e-06
0 0.136534 0.0302714 0.0417537 0.0605428 8.40746e-06
0 0.25929 0.897704 0.106054 0.17119 8.41089e-06
0 0.663048 0.110299 0.0417537 0.112039 8.42765e-06
0 0.610647 0.150313 0.0413361 0.11691 8.42884e-06
0 0.761795 0.738692 0.0463466 0.106472 8.44271e-06
0 0.451148 0.364649 0.063048 0.21016 8.4502e-06
0 0.134864 0.194502 0.0484342 0.110647 8.4728e-06
0 0.836534 0.487126 0.040501 0.102992 8.48955e-06
0 0.924635 0.974948 0.121503 0.0501044 8.50748e-06
0 0.384342 0.233125 0.0455115 0.129436 8.5078e-06
0 0.294781 0.0828114 0.0526096 0.119694 8.51224e-06
0 0.292484 0.965901 0.0538622 0.0681976 8.54992e-06
0 0.446138 0.875087 0.0530271 0.102296 8.55183e-06
0 0.991649 0.828114 0.0167015 0.226862 8.55516e-06
0 0.737161 0.895616 0.0555324 0.104384 8.55771e-06
0 0.236326 0.0295755 0.0375783 0.059151 8.57676e-06
0 0.735073 0.652401 0.0471816 0.0939457 8.58201e-06
0 0.73737 0.778706 0.0475992 0.107168 8.65551e-06
0 0.186221 0.939109 0.0526096 0.0869868 8.66917e-06
0 0.415449 0.882742 0.0434238 0.10508 8.68542e-06
0 0.361378 0.947112 0.0354906 0.0932498 8.77886e-06
0 0.288518 0.424843 0.0693111 0.171886 8.82768e-06
0 0.176827 0.52888 0.0555324 0.158664 8.8296e-06
0 0.358873 0.677453 0.0379958 0.109255 8.82962e-06
0 0.569729 0.0668058 0.0421712 0.133612 8.83722e-06
0 0.662213 0.151705 0.0425887 0.107168 8.83963e-06
0 0.886013 0.319068 0.0484342 0.113431 8.85212e-06
0 0.136326 0.442589 0.0446764 0.105776 8.87299e-06
0 0.0125261 0.387613 0.0250522 0.192067 8.87444e-06
0 0.692902 0.0434934 0.0430063 0.0869868 8.96897e-06
0 0.536743 0.235212 0.0430063 0.128045 8.98444e-06
0 0.461378 0.359777 0.0384134 0.0946416 9.04065e-06
0 0.286639 0.776618 0.0438413 0.0876827 9.0739e-06
0 0.810856 0.109603 0.0442589 0.109255 9.07889e-06
0 0.0137787 0.472512 0.0275574 0.231037 9.07907e-06
0 0.336117 0.947808 0.0367432 0.0904662 9.08103e-06
0 0.985386 0.150661 0.0292276 0.116214 9.08281e-06
0 0.873695 0.101601 0.0922756 0.153097 9.13471e-06
0 0.441127 0.230341 0.0572025 0.125261 9.13911e-06
0 0.637787 0.192763 0.040501 0.105776 9.144e-06
0 0.459917 0.85421 0.0496868 0.0911621 9.14658e-06
0 0.793946 0.533055 0.0772443 0.158664 9.17898e-06
0 0.322338 0.130828 0.0501044 0.128045 9.18111e-06
0 0.90334 0.768267 0.0814196 0.178149 9.18764e-06
0 0.707307 0.358386 0.0526096 0.141962 9.19972e-06
0 0.684134 0.235212 0.0488518 0.121086 9.20492e-06
0 0.784969 0.778358 0.0517745 0.109255 9.23525e-06
0 0.20334 0.637091 0.0534447 0.113431 9.2376e-06
0 0.996868 0.159708 0.00626305 0.215031 9.2421e-06
0 0.506054 0.782533 0.0359081 0.107864 9.27229e-06
0 0.892693 0.663535 0.0626305 0.148225 9.28001e-06
0 0.242797 0.0427975 0.0446764 0.085595 9.28284e-06
0 0.343633 0.962422 0.0551148 0.0751566 9.30966e-06
0 0.310438 0.693111 0.0413361 0.0904662 9.34394e-06
0 0.660125 0.653097 0.045929 0.0883786 9.3484e-06
0 0.106263 0.831246 0.0488518 0.114823 9.41044e-06
0 0.8119 0.0302714 0.039666 0.0605428 9.41363e-06
0 0.0505219 0.552192 0.0701461 0.141267 9.42367e-06
0 0.713361 0.235212 0.0388309 0.101601 9.43107e-06
0 0.96263 0.0292276 0.0421712 0.0584551 9.43866e-06
0 0.435699 0.853862 0.0488518 0.091858 9.44999e-06
0 0.67286 0.472164 0.040501 0.173278 9.50214e-06
0 0.241127 0.849687 0.0722338 0.137787 9.51067e-06
0 0.837787 0.19659 0.0488518 0.112039 9.55229e-06
0 0.385595 0.939457 0.0496868 0.0904662 9.58356e-06
0 0.262839 0.151009 0.0430063 0.121086 9.58628e-06
0 0.122756 0.943285 0.068476 0.113431 9.58953e-06
0 0.635908 0.89492 0.0509395 0.098817 9.64621e-06
0 0.862213 0.342728 0.0759917 0.130132 9.66105e-06
0 0.76263 0.321155 0.040501 0.106472 9.66207e-06
0 0.353236 0.846555 0.0659708 0.148225 9.67051e-06
0 0.205846 0.131872 0.0484342 0.12874 9.68409e-06
0 0.893946 0.0514962 0.0384134 0.102992 9.68695e-06
0 0.163257 0.443285 0.0475992 0.0946416 9.70679e-06
0 0.764301 0.234516 0.039666 0.102992 9.71852e-06
0 0.7119 0.778706 0.045929 0.100209 9.73591e-06
0 0.311065 0.941545 0.0526096 0.0876827 9.74975e-06
0 0.0242171 0.339944 0.0484342 0.210856 9.76736e-06
0 0.268894 0.0650661 0.0434238 0.130132 9.77012e-06
0 0.761169 0.778706 0.0492693 0.108559 9.77941e-06
0 0.511065 0.847599 0.0501044 0.150313 9.79885e-06
0 0.996033 0.945372 0.00793319 0.109255 9.82869e-06
0 0.00208768 0.964509 0.00417537 0.0709812 9.83169e-06
0 0.68977 0.721642 0.0634656 0.130828 9.8713e-06
0 0.8119 0.487126 0.0446764 0.104384 9.8715e-06
0 0.00960334 0.232777 0.0192067 0.134308 9.88225e-06
0 0.293319 0.131176 0.0530271 0.12874 9.88602e-06
0 0.936326 0.0278358 0.0430063 0.0556715 9.92732e-06
0 0.0899791 0.0546277 0.0588727 0.109255 9.93147e-06
0 0.234864 0.931454 0.0655532 0.114823 9.97283e-06
0 0.297077 0.584203 0.0438413 0.132916 9.99211e-06
0 0.605219 0.831246 0.0521921 0.171886 1.00118e-05
0 0.802088 0.337161 0.0475992 0.121781 1.0015e-05
0 0.8119 0.195894 0.0430063 0.106472 1.00434e-05
0 0.687056 0.895616 0.0538622 0.101601 1.00691e-05
0 0.78476 0.999304 0.0563674 0.00139179 1.00791e-05
0 0.223173 0.167363 0.0580376 0.185804 1.01329e-05
0 0.0787056 0.951635 0.0655532 0.0967293 1.01415e-05
0 0.0749478 0.922408 0.103967 0.145442 1.01603e-05
0 0.998539 0.46103 0.00292276 0.169102 1.01765e-05
0 0.661378 0.894572 0.0517745 0.0995129 1.02103e-05
0 0.722338 0.441197 0.0526096 0.172582 1.02118e-05
0 0.78643 0.234516 0.040501 0.102992 1.02251e-05
0 0.613361 0.314544 0.0467641 0.098817 1.02294e-05
0 0.787474 0.568198 0.0442589 0.0995129 1.02573e-05
0 0.711691 0.89492 0.0521921 0.104384 1.02576e-05
0 0.637578 0.312804 0.0484342 0.102296 1.02696e-05
0 0.480585 0.932846 0.0492693 0.134308 1.02769e-05
0 0.0832985 0.185804 0.0655532 0.130828 1.03553e-05
0 0.151775 0.891788 0.0713987 0.216423 1.03566e-05
0 0.786639 0.820459 0.0526096 0.112735 1.03713e-05
0 0.262839 0.995477 0.0613779 0.00904663 1.04955e-05
0 0.984969 0.818372 0.0300626 0.128045 1.05057e-05
0 0.140292 0.563326 0.0784969 0.164927 1.05218e-05
0 0.838205 0.153445 0.0496868 0.107864 1.05225e-05
0 0.838831 0.318024 0.0492693 0.101601 1.05782e-05
0 0.722756 0.0535839 0.0492693 0.107168 1.05951e-05
0 0.337578 0.3135 0.0480167 0.103688 1.06069e-05
0 0.56096 0.894572 0.0463466 0.0911621 1.06495e-05
0 0.832568 0.558107 0.068476 0.158664 1.06501e-05
0 0.614405 0.931454 0.0922756 0.113431 1.06788e-05
0 0.209186 0.0605428 0.0409186 0.121086 1.06926e-05
0 0.864718 0.991649 0.0584551 0.0167015 1.06963e-05
0 0.712317 0.407794 0.0450939 0.0890745 1.07593e-05
0 0.984969 0.359429 0.0300626 0.118998 1.07669e-05
0 0.0123173 0.65762 0.0246347 0.242171 1.08049e-05
0 0.185804 0.316632 0.0417537 0.126653 1.08212e-05
0 0.830063 0.0448852 0.0475992 0.0897704 1.08326e-05
0 0.55595 0.667015 0.0338205 0.110647 1.0852e-05
0 0.910021 0.403271 0.0488518 0.135699 1.08555e-05
0 0.0569937 0.370216 0.0672234 0.123869 1.08719e-05
0 0.187474 0.360821 0.0409186 0.109255 1.08959e-05
0 0.920042 0.938413 0.0680585 0.123173 1.0915e-05
0 0.679541 0.93563 0.0964509 0.112039 1.09324e-05
0 1 0.332289 0 0.164927 1.0935e-05
0 0.26952 0.364649 0.0563674 0.148921 1.0963e-05
0 0.505637 0.430411 0.0534447 0.169102 1.0974e-05
0 0.279958 0.658316 0.0613779 0.136395 1.09798e-05
0 0.762213 0.900487 0.0455115 0.105776 1.0997e-05
0 0.0123173 0.575852 0.0246347 0.195546 1.09976e-05
0 0.312109 0.319068 0.0413361 0.106472 1.10029e-05
0 0.73737 0.820459 0.0492693 0.104384 1.10264e-05
0 0.986639 0.109603 0.0250522 0.125957 1.10351e-05
0 0.911273 0.653445 0.0446764 0.133612 1.10641e-05
0 0.146764 0.734168 0.0546973 0.115518 1.10749e-05
0 0.683925 0.183716 0.0492693 0.11691 1.11099e-05
0 0.562422 0.995825 0.0584551 0.00835073 1.11234e-05
0 0.775574 0.659708 0.0772443 0.135003 1.11373e-05
0 0.362213 0.0292276 0.0388309 0.0584551 1.11644e-05
0 0.763257 0.152401 0.0425887 0.0946416 1.11736e-05
0 0.773695 0.974252 0.103549 0.0514962 1.11969e-05
0 0.813152 0.529228 0.0430063 0.106472 1.12156e-05
0 0.508351 0.59499 0.0438413 0.072373 1.12305e-05
0 0.251357 0.976688 0.109395 0.0466249 1.12385e-05
0 0.390814 0.316632 0.0651357 0.224078 1.12456e-05
0 0.480376 0.473208 0.051357 0.235212 1.12518e-05
0 0.6881 0.693459 0.045929 0.0939457 1.126e-05
0 0.836952 0.0299235 0.0421712 0.0598469 1.12667e-05
0 0.536326 0.903619 0.0329854 0.0939457 1.12856e-05
0 0.4119 0.939109 0.0471816 0.0897704 1.13363e-05
0 0.105846 0.906402 0.0722338 0.187196 1.13741e-05
0 0.852818 0.971816 0.108977 0.0563674 1.13824e-05
0 0.0133612 0.483994 0.0267223 0.142658 1.13905e-05
0 0.311065 0.900139 0.0768267 0.121781 1.14034e-05
0 0.654489 0.970424 0.0463466 0.059151 1.14123e-05
0 0.549269 0.978079 0.103132 0.0438413 1.14388e-05
0 0.811691 0.403271 0.0434238 0.100905 1.14484e-05
0 0.136534 0.801322 0.0626305 0.170494 1.14668e-05
0 0.258038 0.779402 0.05762 0.112735 1.14985e-05
0 0.293319 0.495477 0.0455115 0.129436 1.1526e-05
0 0.413152 0.997216 0.0597077 0.00556715 1.15584e-05
0 0.401253 0.980515 0.106889 0.0389701 1.15711e-05
0 0.203967 0.583159 0.0597077 0.121086 1.16403e-05
0 0.486639 0.998608 0.0605428 0.00278358 1.1666e-05
0 0.173069 0.230689 0.0496868 0.12039 1.17162e-05
0 0.569729 0.787404 0.0354906 0.169102 1.17397e-05
0 0.626722 0.28636 0.0501044 0.12039 1.17663e-05
0 0.660125 0.853514 0.0551148 0.0981211 1.17756e-05
0 0.861587 0.0292276 0.0421712 0.0584551 1.17922e-05
0 0.0273486 0.569937 0.0455115 0.151705 1.1859e-05
0 0.735282 0.232777 0.0400835 0.103688 1.18732e-05
0 0.0348643 0.968337 0.0438413 0.0633264 1.18911e-05
0 0.721086 0.966249 0.0409186 0.0675017 1.19193e-05
0 0.810438 0.446416 0.045929 0.0981211 1.19407e-05
0 0.685386 0.981559 0.0572025 0.0368824 1.19524e-05
0 0.0091858 0.850731 0.0183716 0.145442 1.19667e-05
0 0.983299 0.792276 0.0334029 0.267919 1.20436e-05
0 0.475157 0.981211 0.106054 0.0375783 1.20475e-05
0 0.392902 0.746695 0.0367432 0.158664 1.20617e-05
0 0.532777 0.748086 0.0275574 0.102992 1.2127e-05
0 0.360125 0.320807 0.0730689 0.229645 1.2163e-05
0 0.782881 0.939457 0.0734864 0.121086 1.22253e-05
0 0.856994 0.945024 0.0455115 0.102992 1.22447e-05
0 0.403758 0.580376 0.0292276 0.104384 1.2319e-05
0 0.33737 0.997216 0.0584551 0.00556715 1.24565e-05
0 0.534447 0.900487 0.0709812 0.121086 1.24634e-05
0 1 0.213987 0 0.162143 1.24785e-05
0 0.187265 0.990605 0.0638831 0.0187891 1.25465e-05
0 0.462422 0.402575 0.039666 0.0925539 1.25611e-05
0 0.734029 0.950244 0.102714 0.0995129 1.25918e-05
0 0.892902 0.233473 0.0588727 0.112039 1.25962e-05
0 0.498539 0.563674 0.0325679 0.11691 1.26058e-05
0 0.938831 0.346555 0.0680585 0.133612 1.26086e-05
0 0.556785 0.848295 0.0496868 0.140571 1.26196e-05
0 0.978914 0.281141 0.0421712 0.185108 1.26403e-05
0 0.474948 0.426583 0.051357 0.109951 1.27331e-05
0 0.711691 0.853514 0.0555324 0.103688 1.27469e-05
0 0.377453 0.924495 0.0668058 0.151009 1.27813e-05
0 0.486221 0.403271 0.0371608 0.0925539 1.28231e-05
0 0.00709812 0.657968 0.0141962 0.153793 1.28304e-05
0 0.0135699 0.284621 0.0271399 0.205985 1.28649e-05
0 0.486639 0.903619 0.0338205 0.0925539 1.28935e-05
0 0.979332 0.382046 0.0413361 0.190675 1.29597e-05
0 0.661378 0.236604 0.0400835 0.098817 1.298e-05
0 0.326722 0.979123 0.104802 0.0417537 1.29973e-05
0 0.982881 0.316632 0.034238 0.107168 1.30168e-05
0 0.862839 0.318372 0.0488518 0.10508 1.30513e-05
0 0.481628 0.648573 0.0329854 0.107168 1.30762e-05
0 0.686639 0.940849 0.0505219 0.0904662 1.30843e-05
0 0.258873 0.283577 0.0617954 0.123173 1.31109e-05
0 0.332568 0.503132 0.0471816 0.154489 1.31111e-05
0 0.280376 0.783229 0.0914405 0.155184 1.31206e-05
0 0.886848 0.0295755 0.0425887 0.059151 1.31299e-05
0 0.325261 0.284621 0.0467641 0.115518 1.31303e-05
0 0.707516 0.993041 0.0605428 0.0139179 1.31323e-05
0 0.812526 0.569589 0.0425887 0.103688 1.31599e-05
0 0.561587 0.288796 0.045929 0.115518 1.31615e-05
0 0.433612 0.804802 0.0296451 0.152401 1.3172e-05
0 0.0311065 0.343076 0.0455115 0.125261 1.31881e-05
0 0.587056 0.894224 0.0450939 0.0904662 1.32086e-05
0 0.511691 0.903967 0.0321503 0.0932498 1.32088e-05
0 0.554071 0.575505 0.0283925 0.112735 1.32123e-05
0 0.644885 0.543145 0.0363257 0.132916 1.32178e-05
0 0.835908 0.941893 0.0367432 0.114823 1.32206e-05
0 0.175574 0.973556 0.113152 0.052888 1.32463e-05
0 0.961587 0.973904 0.0434238 0.0521921 1.33024e-05
0 0.149896 0.0497564 0.0551148 0.0995129 1.33375e-05
0 0.814823 0.945024 0.0455115 0.101601 1.33648e-05
0 0.945303 0.467641 0.0701461 0.14753 1.3408e-05
0 0.293946 0.286013 0.0517745 0.115518 1.34111e-05
0 0.14071 0.231385 0.05762 0.12039 1.34229e-05
0 0.277453 0.851427 0.0705637 0.132916 1.34274e-05
0 0.787474 0.902923 0.045929 0.107864 1.34411e-05
0 0.263883 0.931106 0.0651357 0.111343 1.34537e-05
0 0.587265 0.859081 0.0371608 0.0939457 1.35115e-05
0 0.112526 0.994781 0.0638831 0.0104384 1.36254e-05
0 0.0173278 0.21016 0.0346555 0.224078 1.36605e-05
0 0.0112735 0.433194 0.022547 0.14405 1.36822e-05
0 0.190188 0.519485 0.0505219 0.102296 1.37286e-05
0 0.568685 0.886221 0.0701461 0.148225 1.37481e-05
0 0.835073 0.570633 0.0425887 0.111343 1.38143e-05
0 0.738413 0.859777 0.0480167 0.106472 1.38347e-05
0 0.613152 0.360821 0.039666 0.0981211 1.38692e-05
0 0.00271399 0.0476688 0.00542797 0.0953375 1.39368e-05
0 0.937578 0.906054 0.124843 0.148921 1.39974e-05
0 0.610647 0.89492 0.0471816 0.0932498 1.40391e-05
0 0.986639 0.0681976 0.0267223 0.102992 1.40465e-05
0 0.335908 0.892832 0.097286 0.183716 1.40628e-05
0 0.548225 0.891441 0.0860125 0.212944 1.40662e-05
0 0.894363 0.569589 0.056785 0.141267 1.40992e-05
0 0.687056 0.652401 0.0438413 0.0883786 1.41665e-05
0 0.322129 0.772095 0.0638831 0.12874 1.42433e-05
0 0.0605428 0.969381 0.0467641 0.0612387 1.42492e-05
0 0.593319 0.828462 0.0442589 0.123173 1.42506e-05
0 0.636117 0.859777 0.0421712 0.0981211 1.42874e-05
0 0.00897704 0.763048 0.0179541 0.148225 1.43138e-05
0 0.230898 0.22373 0.0534447 0.155184 1.43828e-05
0 0.780793 0.137787 0.045929 0.137787 1.44018e-05
0 0.985386 0.234168 0.0292276 0.112039 1.44158e-05
0 0.387056 0.0285317 0.0409186 0.0570633 1.45846e-05
0 0.89833 0.951635 0.0797495 0.0967293 1.45865e-05
0 0.836117 0.385525 0.0638831 0.121086 1.46124e-05
0 0.71023 0.692415 0.045929 0.098817 1.46951e-05
0 0.193528 0.96277 0.0597077 0.0744607 1.46982e-05
0 0.242589 0.601253 0.0517745 0.114127 1.47139e-05
0 0.99499 0.575852 0.0100209 0.180237 1.47324e-05
0 0.551566 0.184064 0.0776618 0.15936 1.4929e-05
0 0.839248 0.817676 0.0434238 0.118302 1.494e-05
0 0.986639 0.936674 0.022547 0.126653 1.49682e-05
0 0.385177 0.284621 0.0463466 0.119694 1.49686e-05
0 0.0966597 0.975992 0.110647 0.0480167 1.49786e-05
0 0.7119 0.941197 0.0509395 0.0897704 1.49892e-05
0 0.00793319 0.548365 0.0158664 0.154489 1.50064e-05
0 0.697704 0.968337 0.106054 0.0633264 1.50169e-05
0 0.661795 0.940849 0.0501044 0.0904662 1.5182e-05
0 0.999791 0.981211 0.000417537 0.0375783 1.53616e-05
0 0.209603 0.686848 0.0985386 0.197634 1.53924e-05
0 0.292693 0.687196 0.0542797 0.10508 1.544e-05
0 0.764301 0.361169 0.0413361 0.098817 1.54768e-05
0 0.339666 0.770703 0.051357 0.0995129 1.5498e-05
0 0.0820459 0.232429 0.0688935 0.122477 1.55009e-05
0 0.117954 0.266527 0.0705637 0.111343 1.55057e-05
0 0.256576 0.577592 0.0413361 0.121086 1.55136e-05
0 0.761587 0.854558 0.0643006 0.105776 1.5528e-05
0 0.987683 0.117954 0.0246347 0.189979 1.55312e-05
0 0.388518 0.401183 0.0480167 0.199722 1.55694e-05
0 0.285595 0.0501044 0.0526096 0.100209 1.5648e-05
0 0.637578 0.989562 0.0584551 0.0208768 1.5662e-05
0 0.893946 0.479123 0.0551148 0.132916 1.56879e-05
0 0.314823 0.852122 0.068476 0.131524 1.58165e-05
0 0.782881 0.961378 0.080167 0.0772443 1.58292e-05
0 0.894154 0.379262 0.0546973 0.119694 1.6077e-05
0 0.999165 0.847251 0.00167015 0.201113 1.60825e-05
0 0.466388 0.575852 0.0300626 0.110647 1.61415e-05
0 0.518998 0.750522 0.0300626 0.100905 1.61777e-05
0 1 0.80341 0 0.153793 1.61792e-05
0 0.085595 0.970077 0.0467641 0.0598469 1.6196e-05
0 0.144259 0.961726 0.0538622 0.0765484 1.62943e-05
0 0.00730689 0.260264 0.0146138 0.137787 1.62964e-05
0 0.0121086 0.0925539 0.0242171 0.173974 1.64026e-05
0 0.511065 0.35769 0.0384134 0.0932498 1.64616e-05
0 0.985804 0.404315 0.0283925 0.118302 1.64679e-05
0 0.57286 0.946764 0.0659708 0.106472 1.67261e-05
0 0.00751566 0.37126 0.0150313 0.134308 1.67493e-05
0 0.624635 0.969381 0.101044 0.0612387 1.692e-05
0 0.183716 0.265136 0.0601253 0.121086 1.69455e-05
0 0.13904 0.459986 0.0751566 0.139179 1.70366e-05
0 0.125887 0.368824 0.0713987 0.128045 1.70608e-05
0 0.173486 0.691023 0.0538622 0.112735 1.70992e-05
0 0.719624 0.585595 0.0413361 0.102296 1.73792e-05
0 0.812317 0.275226 0.0471816 0.100905 1.74021e-05
0 0.340292 0.696938 0.0467641 0.0981211 1.74823e-05
0 0.45929 0.908142 0.0617954 0.111343 1.75839e-05
0 0.49833 0.900835 0.0688935 0.116214 1.76215e-05
0 0.516075 0.281837 0.0400835 0.098817 1.76819e-05
0 1 0.911273 0 0.148225 1.7717e-05
0 0.306472 0.172234 0.0793319 0.152401 1.77538e-05
0 0.179749 0.878914 0.063048 0.179541 1.78012e-05
0 0.506472 0.937717 0.0601253 0.0981211 1.7893e-05
0 0.716701 0.736256 0.0613779 0.101601 1.79558e-05
0 0.350731 0.906054 0.0651357 0.122477 1.79744e-05
0 0.761169 0.819763 0.0526096 0.108559 1.79766e-05
0 0.165136 0.798887 0.0713987 0.178149 1.79974e-05
0 0.0215031 0.214335 0.0421712 0.13222 1.81708e-05
0 0.997077 0.686152 0.00584551 0.180932 1.82496e-05
0 0.986221 0.770007 0.022547 0.152401 1.82931e-05
0 1 1 0 0 1.83208e-05
0 0.406681 0.952331 0.0534447 0.0953375 1.83338e-05
0 0.880376 0.0421016 0.0446764 0.0842032 1.84301e-05
0 0.593737 0.782881 0.0643006 0.154489 1.84829e-05
0 0.503132 0.381002 0.045929 0.107864 1.86076e-05
0 0.778288 0.338553 0.0450939 0.121781 1.86616e-05
0 0.0534447 0.986082 0.0617954 0.0278358 1.86834e-05
0 0.840292 0.96103 0.0755741 0.0779402 1.86878e-05
0 0.172443 0.735212 0.0592902 0.110647 1.86893e-05
0 0.0104384 0.159708 0.0208768 0.206681 1.8711e-05
0 0.360543 0.952331 0.0555324 0.0953375 1.87254e-05
0 0.661795 0.361517 0.0417537 0.0967293 1.87387e-05
0 0.8119 0.234516 0.0463466 0.101601 1.87702e-05
0 0.611273 0.859081 0.0392484 0.0953375 1.88434e-05
0 0.492902 0.74913 0.0279749 0.0981211 1.88719e-05
0 0.463048 0.445024 0.0425887 0.0911621 1.88977e-05
0 0.12547 0.171538 0.085595 0.141267 1.90089e-05
0 0.110438 0.231037 0.0638831 0.125261 1.90655e-05
0 0.286221 0.736604 0.0438413 0.0842032 1.92024e-05
0 0.85929 0.22373 0.104384 0.160752 1.92632e-05
0 0.292067 0.334377 0.0530271 0.110647 1.92636e-05
0 0.437161 0.940153 0.0442589 0.0835073 1.92858e-05
0 0.0622129 0.263744 0.0726514 0.123869 1.93462e-05
0 0.363048 0.362561 0.0413361 0.100209 1.93758e-05
0 0.689562 0.357342 0.0430063 0.0967293 1.94119e-05
0 0.981002 0.180237 0.0379958 0.196242 1.9423e-05
0 0.985804 0.27627 0.0283925 0.11691 1.94442e-05
0 0.0450939 0.46277 0.0676409 0.130828 1.9453e-05
0 0.592276 0.332637 0.0480167 0.109951 1.94573e-05
0 0.0653445 0.0431454 0.0546973 0.0862909 1.94831e-05
0 0.53737 0.359081 0.0400835 0.091858 1.95165e-05
0 0.439248 0.950592 0.0893528 0.098817 1.9538e-05
0 0.510856 0.403619 0.039666 0.0835073 1.95593e-05
0 0.422547 0.187196 0.0517745 0.104384 1.96324e-05
0 0.980167 0.668754 0.039666 0.14753 1.96666e-05
0 0.63048 0.931454 0.0542797 0.137091 1.96823e-05
0 0.859917 0.781489 0.0455115 0.125261 1.97016e-05
0 0.686848 0.281141 0.0450939 0.100209 1.98145e-05
0 0.386221 0.574461 0.0308977 0.10508 1.98406e-05
0 0.480376 0.188587 0.0530271 0.098817 1.98428e-05
0 0.960543 0.800278 0.0772443 0.137787 1.98605e-05
0 0.625678 0.332637 0.0496868 0.112735 1.98679e-05
0 0.356159 0.180585 0.0534447 0.123173 1.9961e-05
0 0.738205 0.950592 0.0400835 0.0876827 2.00077e-05
0 0.20334 0.782881 0.0626305 0.114127 2.00493e-05
0 0.97975 0.575852 0.040501 0.145442 2.00799e-05
0 0.465136 0.3135 0.0509395 0.164927 2.02088e-05
0 0.26952 0.72199 0.0688935 0.107864 2.03325e-05
0 0.838622 0.236604 0.0530271 0.105776 2.03709e-05
0 0.443006 0.77627 0.0275574 0.180237 2.04474e-05
0 0.283299 0.923104 0.051357 0.153793 2.07085e-05
0 0.487056 0.443981 0.0388309 0.0932498 2.0717e-05
0 0.930898 0.0539318 0.0588727 0.107864 2.07305e-05
0 0.658664 0.695894 0.0521921 0.102992 2.07367e-05
0 0.785595 0.946416 0.0438413 0.0904662 2.07804e-05
0 0.512526 0.924843 0.0638831 0.150313 2.09175e-05
0 0.126305 0.039666 0.0538622 0.0793319 2.09645e-05
0 0.00605428 0.167015 0.0121086 0.146138 2.10249e-05
0 0.319415 0.655184 0.0659708 0.187196 2.11025e-05
0 0.076618 0.900835 0.0563674 0.146834 2.12364e-05
0 0.944468 0.97112 0.0442589 0.0577592 2.13115e-05
0 0.436326 0.31872 0.0676409 0.204593 2.13194e-05
0 0.786221 0.524008 0.0450939 0.122477 2.14397e-05
0 0.0183716 0.702157 0.0367432 0.158664 2.16063e-05
0 0.601253 0.186848 0.0559499 0.113431 2.16501e-05
0 0.562422 0.329158 0.0501044 0.111343 2.16869e-05
0 0.926722 0.970424 0.0505219 0.059151 2.17592e-05
0 0.830063 0.909186 0.0726514 0.134308 2.19877e-05
0 0.836117 0.44572 0.0864301 0.145442 2.2055e-05
0 0.987891 0.241823 0.0242171 0.18302 2.21691e-05
0 0.862213 0.276618 0.0501044 0.103688 2.22256e-05
0 0.709812 0.222686 0.0943633 0.154489 2.22481e-05
0 0.978914 0.182672 0.039666 0.124565 2.22692e-05
0 0.803758 0.915449 0.068476 0.135699 2.25746e-05
0 0.0617954 0.170842 0.0734864 0.12874 2.27315e-05
0 0.559499 0.478079 0.0517745 0.192067 2.27317e-05
0 0.477871 0.559151 0.0304802 0.135699 2.30092e-05
0 0.217119 0.359081 0.0526096 0.0960334 2.30846e-05
0 0.190605 0.409534 0.0488518 0.0897704 2.3123e-05
0 0.227766 0.559499 0.0488518 0.158664 2.35195e-05
0 0.586848 0.404662 0.0421712 0.085595 2.35315e-05
0 0.414614 0.331594 0.0475992 0.109255 2.35421e-05
0 0.524635 0.4238 0.0480167 0.187891 2.35861e-05
0 0.635908 0.940501 0.0492693 0.0883786 2.36393e-05
0 0.66618 0.282533 0.0605428 0.104384 2.37221e-05
0 0.991649 0.638135 0.0167015 0.219903 2.38324e-05
0 0.321712 0.599513 0.0521921 0.166319 2.39394e-05
0 0.846973 0.0702853 0.0814196 0.140571 2.39867e-05
0 0.941336 0.227557 0.0713987 0.143354 2.41587e-05
0 0.84405 0.968337 0.0438413 0.0633264 2.42362e-05
0 0.709812 0.652053 0.0450939 0.0904662 2.42958e-05
0 0.219207 0.965205 0.0542797 0.0695894 2.43984e-05
0 0.208977 0.290536 0.0555324 0.149617 2.45047e-05
0 0.956994 0.675713 0.0768267 0.169798 2.45903e-05
0 0.346764 0.467293 0.0496868 0.171886 2.4856e-05
0 0.344259 0.733473 0.0538622 0.100209 2.49104e-05
0 0.00542797 0.0372303 0.0108559 0.0744607 2.49361e-05
0 0.866806 0.229993 0.056785 0.113431 2.51754e-05
0 0.95261 0.572373 0.0730689 0.169102 2.55199e-05
0 0.318998 0.966249 0.0517745 0.0675017 2.55477e-05
0 1 0.0490605 0 0.0981211 2.55542e-05
0 0.265136 0.4238 0.056785 0.122477 2.55874e-05
0 0.315866 0.424148 0.0471816 0.178845 2.55961e-05
0 0.256367 0.921364 0.0659708 0.157272 2.56497e-05
0 0.326096 0.334029 0.0467641 0.109951 2.56676e-05
0 0.201253 0.671538 0.0743215 0.109951 2.57766e-05
0 0.416493 0.232429 0.063048 0.118302 2.58124e-05
0 0.644676 0.227905 0.0668058 0.118998 2.5838e-05
0 0.226096 0.318372 0.074739 0.233125 2.5841e-05
0 0.362213 0.974948 0.0438413 0.0501044 2.59095e-05
0 0.402923 0.887961 0.0885177 0.215727 2.59193e-05
0 0.356576 0.276966 0.0592902 0.122477 2.59287e-05
0 0.52547 0.313848 0.0688935 0.200418 2.59534e-05
0 0.896451 0.282533 0.0584551 0.102992 2.60112e-05
0 0.910438 0.0490605 0.0496868 0.0981211 2.61086e-05
0 0.387056 0.975296 0.0434238 0.0494085 2.61248e-05
0 0.778914 0.478775 0.0438413 0.150313 2.63301e-05
0 0.900835 0.186848 0.0597077 0.113431 2.64455e-05
0 0.495616 0.0542797 0.0626305 0.108559 2.64616e-05
0 0.849061 0.0455811 0.051357 0.0911621 2.65663e-05
0 0.382881 0.334377 0.0467641 0.110647 2.65705e-05
0 0.660752 0.188239 0.0572025 0.103688 2.6668e-05
0 0.594154 0.37961 0.0492693 0.103688 2.67323e-05
0 0.468267 0.957202 0.0463466 0.085595 2.6799e-05
0 0.779332 0.218163 0.085595 0.15936 2.68207e-05
0 0.392067 0.687891 0.0392484 0.132916 2.69334e-05
0 0.985595 0.694155 0.0229645 0.146834 2.7117e-05
0 0.687056 0.403967 0.0438413 0.085595 2.72319e-05
0 0.431106 0.0351427 0.051357 0.0702853 2.72523e-05
0 0.188309 0.173974 0.0709812 0.133612 2.73157e-05
0 0.412109 0.403967 0.0442589 0.0897704 2.73319e-05
0 0.631315 0.659708 0.0409186 0.107168 2.73946e-05
0 0.247808 0.176409 0.0755741 0.134308 2.74927e-05
0 0.436117 0.444328 0.0580376 0.189979 2.77359e-05
0 0.730689 0.27801 0.0350731 0.110647 2.78333e-05
0 0.799582 0.385177 0.0517745 0.103688 2.78757e-05
0 0.867015 0.89492 0.0580376 0.151705 2.80011e-05
0 0.112735 0.974252 0.0409186 0.0514962 2.80411e-05
0 0.0158664 0.991301 0.0317328 0.0173974 2.81159e-05
0 0.761378 0.951287 0.0413361 0.0862909 2.85321e-05
0 0.569729 0.575852 0.0329854 0.110647 2.86204e-05
0 0.568685 0.231733 0.0643006 0.108559 2.86707e-05
0 0.546138 0.951983 0.0860125 0.0835073 2.88979e-05
0 0.610856 0.0386221 0.0501044 0.0772443 2.89093e-05
0 0.691232 0.318024 0.0463466 0.0974252 2.90357e-05
0 0.109812 0.0501044 0.05762 0.100209 2.91234e-05
0 0.600835 0.282881 0.0626305 0.109255 2.91773e-05
0 0.64238 0.957202 0.0471816 0.085595 2.95808e-05
0 0.728392 0.280445 0.0638831 0.144746 2.99158e-05
0 0.892276 0.89318 0.0584551 0.155184 2.99429e-05
0 0.475157 0.889353 0.091023 0.217119 2.99843e-05
0 0.313987 0.501044 0.0551148 0.115518 3.01445e-05
0 0.00939457 0.940153 0.0187891 0.119694 3.03183e-05
0 0.685595 0.44572 0.045929 0.0786361 3.0439e-05
0 0.735699 0.356298 0.0417537 0.098817 3.07611e-05
0 0.474739 0.0664579 0.0784969 0.132916 3.09356e-05
0 0.336743 0.975296 0.0446764 0.0494085 3.09641e-05
0 0.588309 0.420668 0.0584551 0.169102 3.10869e-05
0 0.653862 0.33055 0.0484342 0.112735 3.11111e-05
0 0.488935 0.232429 0.0609603 0.111343 3.11818e-05
0 0.412735 0.975992 0.0421712 0.0480167 3.12437e-05
0 0.797912 0.0560195 0.0617954 0.112039 3.1386e-05
0 0.287683 0.403619 0.0475992 0.0821155 3.14258e-05
0 0.300626 0.935282 0.0584551 0.129436 3.16109e-05
0 0.854697 0.177453 0.0743215 0.14753 3.20779e-05
0 0.169729 0.964857 0.0546973 0.0702853 3.22828e-05
0 0.370355 0.790884 0.0542797 0.12874 3.27277e-05
0 0.515449 0.316632 0.039666 0.0904662 3.29947e-05
0 0.37453 0.0514962 0.0617954 0.102992 3.33726e-05
0 0.256367 0.390745 0.0534447 0.0883786 3.34165e-05
0 0.329228 0.352122 0.0872651 0.160056 3.34892e-05
0 0.706263 0.966945 0.0471816 0.0661099 3.37131e-05
0 0.424217 0.283925 0.0559499 0.108559 3.38499e-05
0 0.13904 0.975296 0.0417537 0.0494085 3.4262e-05
0 0.494781 0.31524 0.0693111 0.207376 3.4406e-05
0 0.986848 0.677801 0.0263048 0.217119 3.45906e-05
0 0.407307 0.423104 0.0597077 0.167015 3.46049e-05
0 0.744676 0.588031 0.0697286 0.157272 3.46191e-05
0 0.538831 0.28636 0.0588727 0.107864 3.47129e-05
0 0.343633 0.226514 0.0651357 0.116214 3.50429e-05
0 0.0173278 1 0.0346555 0 3.54054e-05
0 0.911691 0.974252 0.0446764 0.0514962 3.56165e-05
0 0.984134 0.0601948 0.0317328 0.12039 3.56689e-05
0 0.225052 0.0487126 0.0434238 0.0974252 3.57652e-05
0 0.482881 0.0504523 0.0538622 0.100905 3.58101e-05
0 0.389353 0.905706 0.0638831 0.114823 3.61123e-05
0 0.630271 0.765832 0.0388309 0.166319 3.63045e-05
0 0.520877 0.504175 0.0379958 0.125957 3.65757e-05
0 0.503967 0.670494 0.0409186 0.131524 3.66138e-05
0 0.241127 0.954419 0.0538622 0.0911621 3.7018e-05
0 0.775157 0.0480167 0.0555324 0.0960334 3.71456e-05
0 0.812526 0.975992 0.0492693 0.0480167 3.7279e-05
0 0.537996 0.406402 0.0421712 0.0765484 3.74559e-05
0 0.456159 0.974252 0.0413361 0.0514962 3.75604e-05
0 0.25428 0.320459 0.0434238 0.106472 3.77014e-05
0 0.370772 0.582116 0.0334029 0.0939457 3.79473e-05
0 0.463674 0.943285 0.0438413 0.0828114 3.80461e-05
0 0.179123 0.478775 0.0693111 0.119694 3.81306e-05
0 0.500835 0.29158 0.0438413 0.108559 3.82027e-05
0 0.484134 0.787752 0.0505219 0.148921 3.82534e-05
0 0.312944 0.9746 0.0438413 0.0508003 3.82762e-05
0 0.121294 0.855254 0.0480167 0.111343 3.82808e-05
0 0.838831 0.282533 0.0609603 0.100209 3.85424e-05
0 0.546138 0.780445 0.0534447 0.15936 3.85439e-05
0 0.610856 0.948504 0.0359081 0.0835073 3.86804e-05
0 0.778706 0.283577 0.0592902 0.110647 3.87319e-05
0 0.233612 0.77801 0.0588727 0.111343 3.91233e-05
0 0.33048 0.934934 0.0546973 0.130132 3.93066e-05
0 0.550522 0.0601948 0.0822547 0.12039 3.9351e-05
0 0.407724 0.0511482 0.0572025 0.102296 3.94993e-05
0 0.510647 0.445372 0.0425887 0.0807237 3.95675e-05
0 0.476618 0.326722 0.0480167 0.106472 3.97783e-05
0 0.269729 0.22547 0.0626305 0.11691 3.97887e-05
0 0.315658 0.0487126 0.0651357 0.0974252 4.03378e-05
0 0.594154 0.658664 0.0409186 0.102296 4.07031e-05
0 0.706054 0.0497564 0.056785 0.0995129 4.09984e-05
0 0.673069 0.0340988 0.0517745 0.0681976 4.10532e-05
0 0.305428 0.378914 0.0697286 0.117606 4.11547e-05
0 0.826931 0.967989 0.0480167 0.0640223 4.12371e-05
0 0.904802 0.853514 0.0559499 0.174669 4.15317e-05
0 0.639457 0.605428 0.051357 0.102992 4.1832e-05
0 0.352818 0.334377 0.045929 0.107864 4.18731e-05
0 0.693737 0.94572 0.0588727 0.108559 4.19982e-05
0 0.42714 0.907098 0.0601253 0.112039 4.21955e-05
0 0.22881 0.287056 0.0526096 0.145442 4.25484e-05
0 0.211273 0.97286 0.0501044 0.0542797 4.41902e-05
0 0.733612 0.0358386 0.0492693 0.0716771 4.43334e-05
0 0.289144 0.9746 0.0438413 0.0508003 4.43745e-05
0 0.559708 0.0438413 0.0563674 0.0876827 4.43903e-05
0 0.986639 0.510786 0.0267223 0.21016 4.46068e-05
0 0.25929 0.972164 0.0492693 0.0556715 4.48903e-05
0 0.44238 0.385177 0.0455115 0.100905 4.50834e-05
0 0.781211 0.189283 0.0592902 0.104384 4.52343e-05
0 0.270355 0.953375 0.0530271 0.0932498 4.52823e-05
0 0.220251 0.704593 0.0588727 0.14405 4.55174e-05
0 0.624217 0.0605428 0.0835073 0.121086 4.58059e-05
0 0.86952 0.972164 0.0455115 0.0556715 4.59703e-05
0 0.435908 0.954419 0.0517745 0.0911621 4.60586e-05
0 0.181837 0.974252 0.0480167 0.0514962 4.64873e-05
0 0.163883 0.97634 0.0421712 0.0473208 4.66387e-05
0 0.0104384 0.0431454 0.0208768 0.0862909 4.67603e-05
0 0.10501 0.954767 0.0505219 0.0904662 4.71848e-05
0 0.891441 0.814544 0.056785 0.155184 4.73088e-05
0 0.714614 0.287056 0.0329854 0.107864 4.74958e-05
0 0.50167 0.33055 0.0463466 0.105776 4.75739e-05
0 0.637578 0.404662 0.0392484 0.085595 4.75779e-05
0 0.605637 0.450592 0.039666 0.117606 4.77924e-05
0 0.316075 0.406402 0.0442589 0.0835073 4.79625e-05
0 0.420042 0.557759 0.0334029 0.134308 4.82231e-05
0 0.294154 0.43563 0.0572025 0.0848991 4.84038e-05
0 0.562422 0.379262 0.0609603 0.129436 4.86051e-05
0 0.385177 0.403619 0.0430063 0.0862909 4.86475e-05
0 0.403758 0.453027 0.0334029 0.175365 4.87206e-05
0 0.633194 0.0431454 0.0588727 0.0862909 4.88663e-05
0 0.721712 0.191371 0.0555324 0.100209 4.96591e-05
0 0.237787 0.976688 0.0430063 0.0466249 5.01754e-05
0 0.482672 0.28984 0.0534447 0.0995129 5.03536e-05
0 0.979958 0.0542797 0.0400835 0.108559 5.12769e-05
0 0.556994 0.421712 0.0475992 0.133612 5.14259e-05
0 0.0240084 0.0556715 0.0480167 0.111343 5.17437e-05
0 0.659708 0.404315 0.0409186 0.0848991 5.21279e-05
0 0.531106 0.328462 0.0442589 0.107168 5.24421e-05
0 0.438622 0.976688 0.040501 0.0466249 5.24968e-05
0 0.0306889 0.448852 0.0613779 0.215727 5.27523e-05
0 0.541754 0.742867 0.0279749 0.189979 5.28022e-05
0 0.334029 0.0452331 0.0584551 0.0904662 5.32063e-05
0 0.660334 0.448156 0.0471816 0.14753 5.38507e-05
0 0.638622 0.375087 0.0622129 0.137787 5.4559e-05
0 0.0152401 0.796451 0.02881 0.163535 5.50386e-05
0 0.535282 0.559499 0.0275574 0.115518 5.51395e-05
0 0.587056 0.946416 0.0442589 0.0807237 5.55294e-05
0 0.887056 0.974948 0.0480167 0.0501044 5.6469e-05
0 0.604593 0.950244 0.0517745 0.0995129 5.7563e-05
0 0.792484 0.970424 0.0509395 0.059151 5.82647e-05
0 0.361795 0.406054 0.0421712 0.085595 5.87964e-05
0 0.0102296 0.967641 0.0204593 0.0647182 5.90189e-05
0 0.440084 0.434238 0.0467641 0.0946416 5.92755e-05
0 0.443633 0.330202 0.0455115 0.103688 5.9283e-05
0 0.687891 0.975992 0.0421712 0.0480167 5.9679e-05
0 0.790814 0.435282 0.0634656 0.113431 5.97227e-05
0 0.688518 0.557759 0.0425887 0.152401 6.0081e-05
0 0.150104 0.853166 0.0530271 0.153097 6.0382e-05
0 0.202714 0.232777 0.0605428 0.110647 6.04136e-05
0 0.332985 0.395616 0.0546973 0.181628 6.06612e-05
0 0.541962 0.443981 0.045929 0.140571 6.07463e-05
0 0.206263 0.733473 0.0709812 0.100209 6.0974e-05
0 0.358455 0.573069 0.02881 0.114823 6.11746e-05
0 0.18476 0.0424495 0.0588727 0.0848991 6.21657e-05
0 0.329854 0.384482 0.0442589 0.0995129 6.21679e-05
0 0.258664 0.0434934 0.0580376 0.0869868 6.2846e-05
0 0.664301 0.975992 0.0425887 0.0480167 6.29853e-05
0 0.278706 0.604732 0.0805845 0.196242 6.33152e-05
0 0.987265 0.483299 0.0229645 0.137091 6.55278e-05
0 0.38476 0.447808 0.0446764 0.085595 6.56843e-05
0 0.482672 0.390049 0.0601253 0.132916 6.63664e-05
0 0.978497 0.941893 0.0430063 0.116214 6.6649e-05
0 0.428184 0.774182 0.051357 0.15936 6.69535e-05
0 0.753862 0.957898 0.0580376 0.0842032 6.76743e-05
0 0.361587 0.73556 0.0509395 0.17119 6.87185e-05
0 0.987056 0.89492 0.0258873 0.122477 6.89112e-05
0 0.0912317 0.853862 0.0530271 0.154489 6.91922e-05
0 0.678288 0.954071 0.0471816 0.091858 7.17539e-05
0 0.135282 0.877871 0.0559499 0.148225 7.20641e-05
0 0.253236 0.357342 0.0430063 0.0911621 7.31764e-05
0 0.357411 0.392484 0.0626305 0.13222 7.35621e-05
0 0.311482 0.732081 0.0601253 0.136395 7.39242e-05
0 0.403758 0.687891 0.034238 0.110647 7.46441e-05
0 0.618789 0.970077 0.0442589 0.0598469 7.48777e-05
0 0.539875 0.395268 0.0584551 0.140571 7.51883e-05
0 0.426931 0.398747 0.0572025 0.137787 7.66249e-05
0 0.636326 0.975992 0.0434238 0.0480167 7.7455e-05
0 0.988726 0.575852 0.022547 0.189979 7.74677e-05
0 0.713987 0.976688 0.0442589 0.0466249 7.77464e-05
0 0.9881 0.966249 0.0237996 0.0675017 8.25425e-05
0 0.186639 0.43389 0.0718163 0.110647 8.37867e-05
0 0.609395 0.607864 0.051357 0.0842032 8.43604e-05
0 0.343424 0.425539 0.039666 0.113431 8.46954e-05
0 0.751983 0.409534 0.0592902 0.0925539 8.47425e-05
0 0.391858 0.482951 0.0455115 0.173974 8.75871e-05
0 0.375365 0.417884 0.0501044 0.135699 9.17972e-05
0 0.502714 0.744259 0.0484342 0.152401 9.6921e-05
0 0.544468 0.938065 0.0484342 0.123869 9.7853e-05
0 0.669937 0.399095 0.0647182 0.132916 9.82564e-05
0 0.988935 0.0382742 0.0221294 0.0765484 9.83716e-05
0 0.328392 0.433194 0.051357 0.0869868 9.88184e-05
0 0.0114823 0.869868 0.0229645 0.204593 9.91788e-05
0 0.33737 0.574113 0.0475992 0.153097 9.97079e-05
0 0.20334 0.47112 0.0601253 0.0932498 9.98704e-05
0 0.991023 0.902575 0.0179541 0.19485 9.99089e-05
0 0.0121086 0.985734 0.0242171 0.0285317 0.000100525
0 0.732359 0.97286 0.0484342 0.0542797 0.000101359
0 0.41858 0.688587 0.0296451 0.125957 0.000102211
0 0.360752 0.446068 0.0442589 0.0821155 0.0001029
0 0.737787 0.540014 0.0350731 0.158664 0.000115614
0 0.587683 0.603688 0.0496868 0.112039 0.00011865
0 0.726514 0.390397 0.0643006 0.128045 0.000122079
0 0.989353 0.449548 0.0212944 0.180932 0.000123737
0 0.466597 0.977731 0.0446764 0.0445372 0.000130687
0 0.410438 0.444328 0.0450939 0.0939457 0.000134419
0 0.610856 0.977383 0.0425887 0.0452331 0.000138657
0 0.788518 0.472512 0.0730689 0.0946416 0.000139162
0 0.256994 0.696938 0.0572025 0.100905 0.000139851
0 0.783925 0.978775 0.0488518 0.0424495 0.000142151
0 0.619624 0.748782 0.0292276 0.119694 0.000144877
0 0.655115 0.448852 0.0425887 0.0737648 0.000149694
0 0.204384 0.511134 0.074739 0.148225 0.000150451
0 0.490397 0.948852 0.039666 0.0758525 0.000151106
0 0.106889 0.877871 0.0534447 0.135699 0.000153469
0 0.0104384 1 0.0208768 0 0.000157359
0 0.435073 0.687196 0.0334029 0.12874 0.000163034
0 0.708351 0.588379 0.0647182 0.177453 0.00016755
0 0.609186 0.40675 0.0551148 0.127349 0.000172669
0 0.451566 0.687891 0.0338205 0.132916 0.000173523
0 0.731315 0.443981 0.0563674 0.0974252 0.000179616
0 0.989144 0.741127 0.0217119 0.203201 0.00018402
0 0.592693 0.962074 0.0438413 0.0758525 0.000189422
0 0.480793 0.724078 0.0263048 0.139875 0.000189467
0 0.855741 0.833333 0.0555324 0.142658 0.000191041
0 0.497286 0.951287 0.0584551 0.0974252 0.000198298
0 0.769311 0.973208 0.051357 0.0535839 0.00021336
0 0.523173 0.547321 0.0292276 0.138483 0.000216491
0 0.620459 0.440153 0.0484342 0.0981211 0.000217012
0 0.741754 0.978775 0.0488518 0.0424495 0.000218811
0 0.639875 0.437717 0.0455115 0.108559 0.000220045
0 0.538831 0.952331 0.039666 0.0744607 0.0002293
0 0.244676 0.372303 0.0718163 0.168406 0.000244788
0 0.48309 0.970772 0.0475992 0.0584551 0.000247941
0 0.760125 0.49826 0.0755741 0.148921 0.000253289
0 0.591023 0.450244 0.0446764 0.0904662 0.000271403
0 0.0106472 0.782185 0.0212944 0.257481 0.000296195
0 0.362213 0.504175 0.039666 0.141267 0.000312057
0 0.568267 0.975296 0.045929 0.0494085 0.000312481
0 0.684551 0.505915 0.0471816 0.136395 0.000331773
0 0.226931 0.417189 0.0647182 0.0800278 0.000337935
0 0.985804 0.870564 0.0283925 0.250522 0.000345133
0 0.587891 0.979123 0.0450939 0.0417537 0.00035393
0 0.572651 0.447112 0.0421712 0.0953375 0.000381776
0 0.756576 0.979123 0.0417537 0.0417537 0.000414586
0 0.369102 0.692415 0.0375783 0.168406 0.000433023
0 0.518163 0.958942 0.045929 0.0821155 0.000478965
0 0.210438 0.391093 0.0693111 0.133612 0.000487331
0 0.41858 0.509742 0.0413361 0.173278 0.0004999
0 0.719624 0.324287 0.0379958 0.150313 0.000529906
0 0.392693 0.545929 0.0346555 0.148225 0.000564284
0 0.242589 0.342032 0.0425887 0.131524 0.000568108
0 0.24572 0.439805 0.0780793 0.0862909 0.000589002
0 0.532568 0.973556 0.0438413 0.052888 0.000596463
0 0.512526 0.978775 0.0455115 0.0424495 0.000606235
0 0.772025 0.398052 0.0676409 0.128045 0.000612609
0 0.612526 0.525052 0.0300626 0.100905 0.000671079
0 0.495198 0.9746 0.0400835 0.0508003 0.000671662
0 0.629019 0.464857 0.039666 0.091858 0.000707303
0 0.487891 0.508351 0.0321503 0.169102 0.000748287
0 0.236952 0.512874 0.0471816 0.168406 0.000764171
0 0.662839 0.505219 0.0363257 0.102992 0.000771506
0 0.505637 0.964509 0.0384134 0.0709812 0.000925083
0 0.254489 0.656576 0.0722338 0.141267 0.000928159
0 0.554906 0.961726 0.0442589 0.0765484 0.000994799
0 0.239666 0.712596 0.0651357 0.102992 0.00110045
0 0.879541 0.853166 0.0521921 0.158664 0.00114779
0 0.606681 0.553236 0.0551148 0.121086 0.0011881
0 0.558038 0.979123 0.0438413 0.0417537 0.00131937
0 0.63215 0.720598 0.0509395 0.12039 0.00132864
0 0.459708 0.736256 0.0392484 0.179541 0.00146962
0 0.669729 0.600557 0.0559499 0.158664 0.00160876
0 0.544676 0.977383 0.0371608 0.0452331 0.00169399
0 0.58309 0.482951 0.0354906 0.130828 0.00176695
0 0.590397 0.543841 0.0417537 0.137091 0.00178637
0 0.643006 0.478775 0.0350731 0.108559 0.00234989
0 0.449061 0.533055 0.039666 0.175365 0.00287179
0 0.556785 0.5254 0.0379958 0.169798 0.00306426
0 0.627557 0.551844 0.0551148 0.13222 0.00366775
0 0.289144 0.544189 0.0480167 0.173974 0.00654844
0 0.601044 0.509047 0.0446764 0.110647 0.0814135
0 0.620668 0.502436 0.0388309 0.0946416 0.109375
0 0.487683 0.530271 0.111065 0.164231 0.130927
0 0.598539 0.519485 0.0906054 0.135699 0.238928
0 0.537161 0.530619 0.0956159 0.156576 0.242595
0 0.543006 0.707376 0.0647182 0.163535 0.273554
0 0.568058 0.709116 0.0697286 0.157272 0.284101
0 0.407516 0.718163 0.0784969 0.160056 0.286035
0 0.351566 0.538274 0.122756 0.166319 0.286357
0 0.297704 0.543493 0.123591 0.160056 0.289088
0 0.487891 0.700765 0.063048 0.153097 0.304905
0 0.410021 0.532011 0.0826722 0.173278 0.345488
0 0.646973 0.514614 0.0588727 0.124565 0.376417
0 0.738831 0.472512 0.0688935 0.172582 0.432627
0 0.239248 0.479123 0.0885177 0.141267 0.498878
0 0.442589 0.719903 0.0359081 0.177453 0.754113
0 0.5762 0.524008 0.0367432 0.172582 0.776141
0 0.634447 0.503827 0.0296451 0.098817 0.780771
0 0.513152 0.700418 0.0258873 0.149617 0.789158
0 0.346973 0.540362 0.0400835 0.163535 0.79046
0 0.468894 0.707724 0.0300626 0.150313 0.808571
0 0.534656 0.703201 0.02881 0.152401 0.811152
0 0.376409 0.530967 0.0430063 0.175365 0.817376
0 0.48977 0.699026 0.0267223 0.14405 0.819773
0 0.410438 0.720946 0.0350731 0.162839 0.82069
0 0.403132 0.524704 0.0354906 0.183716 0.827202
0 0.618998 0.710856 0.040501 0.164927 0.830737
0 0.562004 0.718859 0.0325679 0.180932 0.842991
0 0.380376 0.72373 0.0409186 0.17119 0.849575
0 0.469102 0.534447 0.0388309 0.169798 0.850037
0 0.507724 0.5254 0.0392484 0.168406 0.857337
0 0.543841 0.534795 0.0338205 0.146834 0.858654
0 0.310021 0.549061 0.0555324 0.17119 0.861544
0 0.673695 0.540362 0.0538622 0.164927 0.862569
0 0.593737 0.713987 0.0384134 0.17119 0.863094
0 0.433194 0.53723 0.0354906 0.157272 0.86547
0 0.756994 0.453723 0.0634656 0.108559 0.865599
0 0.219415 0.453723 0.0722338 0.107168 0.866112
0 0.720668 0.526792 0.0492693 0.185108 0.875414
0 0.255115 0.534447 0.0509395 0.154489 0.881402
