0 0.138487 0.681359 0.0819429 0.183715 9.51817e-06
0 0.602892 0.984186 0.0177976 0.0316285 9.53315e-06
0 0.935669 0.530956 0.0433815 0.118439 9.53517e-06
0 0.897664 0.0528264 0.0667408 0.105653 9.57042e-06
0 0.682981 0.562584 0.0400445 0.115747 9.58476e-06
0 0.797553 0.942127 0.0385614 0.100942 9.59161e-06
0 0.418057 0.765478 0.0456062 0.131225 9.61244e-06
0 0.260475 0.121131 0.0352243 0.121131 9.6147e-06
0 0.285502 0.242934 0.0674824 0.222073 9.63578e-06
0 0.906007 0.357672 0.0760104 0.190444 9.70911e-06
0 0.66574 0.946837 0.0241009 0.106326 9.74585e-06
0 0.0882462 0.615747 0.0526511 0.12786 9.80787e-06
0 0.17297 0.372476 0.0500556 0.123149 9.81777e-06
0 0.862069 0.210633 0.0400445 0.119785 9.82605e-06
0 0.361142 0.0807537 0.0674824 0.161507 9.85292e-06
0 0.0871339 0.525908 0.0519095 0.121803 9.91662e-06
0 0.511309 0.76817 0.0489433 0.154105 9.91903e-06
0 0.955135 0.0541723 0.0711902 0.108345 9.92928e-06
0 0.494253 0.693472 0.034112 0.152759 9.98702e-06
0 0.717093 0.051817 0.0741565 0.103634 9.99156e-06
0 0.678346 0.931696 0.0285502 0.136608 9.99242e-06
0 0.805525 0.473419 0.0485725 0.144684 1.00038e-05
0 0.583426 0.728466 0.0448647 0.125841 1.00079e-05
0 0.00964034 0.207604 0.0192807 0.148721 1.00149e-05
0 0.483686 0.993943 0.0567297 0.0121131 1.00309e-05
0 0.63033 0.754374 0.0823137 0.164199 1.00395e-05
0 0.110493 0.6679 0.045977 0.133917 1.00463e-05
0 0.380237 0.76716 0.0448647 0.130552 1.00746e-05
0 0.315907 0.367093 0.0519095 0.19852 1.00806e-05
0 0.00704486 1 0.0140897 0 1.00912e-05
0 0.951428 0.885599 0.057842 0.15747 1.01177e-05
0 0.0174268 0.252355 0.0348535 0.18035 1.01718e-05
0 0.906192 0.585801 0.0593252 0.222746 1.01722e-05
0 0.295328 0.336474 0.0337412 0.187079 1.01727e-05
0 0.88617 0.892328 0.0474601 0.110363 1.01811e-05
0 0.212458 0.0541723 0.0659993 0.108345 1.01862e-05
0 0.761031 0.297443 0.0448647 0.107672 1.01906e-05
0 1 0.938425 0 0.123149 1.0217e-05
0 0.307749 0.481157 0.0385614 0.106326 1.0226e-05
0 0.789025 0.213997 0.0430108 0.111709 1.02517e-05
0 0.611235 0.918573 0.037449 0.0955585 1.0253e-05
0 0.576381 0.979475 0.0241009 0.0410498 1.02715e-05
0 0.11624 0.939435 0.0233593 0.121131 1.0306e-05
0 0.886541 0.6679 0.0437523 0.112382 1.03207e-05
0 0.0300334 0.968371 0.0400445 0.0632571 1.03216e-05
0 0.037449 0.392665 0.0407861 0.128533 1.03353e-05
0 0.169633 0.019179 0.0307749 0.038358 1.03893e-05
0 0.657397 0.0508075 0.0652577 0.101615 1.04346e-05
0 0.760845 0.197174 0.063033 0.166891 1.04588e-05
0 0.0317019 0.868775 0.0634038 0.26245 1.0463e-05
0 0.974972 0.823015 0.0500556 0.35397 1.04678e-05
0 0.418613 0.977456 0.0734149 0.0450875 1.04743e-05
0 0.812384 0.169246 0.0378198 0.125841 1.05208e-05
0 0.819058 0.222409 0.0600667 0.222746 1.05397e-05
0 0.102151 0.97712 0.0144605 0.0457604 1.05494e-05
0 0.067297 0.960633 0.0329996 0.0787349 1.05773e-05
0 0.691138 0.220054 0.0689655 0.248991 1.06043e-05
0 0.906563 0.966016 0.0155729 0.0679677 1.06209e-05
0 0.968484 0.757402 0.0437523 0.143338 1.06401e-05
0 0.106229 0.972746 0.0648869 0.0545087 1.06536e-05
0 0.194475 0.0225437 0.0322581 0.0450875 1.06638e-05
0 0.901372 0.953903 0.0793474 0.0921938 1.07137e-05
0 0.359103 0.533984 0.0648869 0.210633 1.07208e-05
0 0.413052 0.855316 0.0593252 0.121131 1.07384e-05
0 0.235076 0.70996 0.0652577 0.119785 1.07392e-05
0 0.966259 0.849596 0.0444939 0.132571 1.07765e-05
0 0.903411 0.866756 0.071561 0.170929 1.07863e-05
0 0.619948 0.0642665 0.0407861 0.128533 1.07924e-05
0 0.835929 0.0699865 0.0737857 0.139973 1.07926e-05
0 0.632184 0.221736 0.0786059 0.152759 1.08298e-05
0 0.910827 0.303163 0.0448647 0.117766 1.08541e-05
0 0.435484 0.914872 0.0448647 0.170256 1.086e-05
0 0.779384 0.427322 0.0281795 0.20996 1.08862e-05
0 0.495736 0.327053 0.057842 0.222073 1.09016e-05
0 0.954023 0.996299 0.0163144 0.00740242 1.09151e-05
0 0.088617 0.712988 0.0444939 0.121803 1.09285e-05
0 0.133482 0.950538 0.017056 0.0989233 1.09793e-05
0 0.617538 0.3607 0.0381906 0.156124 1.09794e-05
0 0.00778643 0.153096 0.0155729 0.128533 1.09893e-05
0 0.967 0.800135 0.0571005 0.133244 1.10173e-05
0 0.593066 0.965007 0.0352243 0.0699865 1.10366e-05
0 0.171487 0.325707 0.0685947 0.15747 1.10391e-05
0 0.275491 0.943136 0.0348535 0.113728 1.10734e-05
0 0.16092 0.215007 0.0415276 0.113728 1.10867e-05
0 0.268261 0.561911 0.0507972 0.122476 1.10995e-05
0 0.211346 0.211978 0.0393029 0.10498 1.11031e-05
0 0.394883 0.972746 0.0185391 0.0545087 1.11857e-05
0 0.538932 0.195828 0.0619207 0.152086 1.1188e-05
0 0.389507 0.969381 0.0767519 0.0612382 1.12253e-05
0 0.0285502 0.324361 0.0467186 0.126514 1.12316e-05
0 0.712273 0.923284 0.0667408 0.153432 1.12338e-05
0 0.444197 0.855316 0.0608083 0.119785 1.12691e-05
0 0.0869485 0.0144684 0.0478309 0.0289367 1.12844e-05
0 0.737857 0.304172 0.0400445 0.102288 1.12971e-05
0 0.256952 0.453567 0.0430108 0.106326 1.1302e-05
0 0.686318 0.169583 0.0400445 0.122476 1.13044e-05
0 0.00648869 0.978802 0.0129774 0.0423957 1.13113e-05
0 0.168706 0.051144 0.0474601 0.102288 1.13379e-05
0 0.0862069 0.210296 0.0470894 0.117766 1.13512e-05
0 0.956248 0.839166 0.0875046 0.123822 1.13691e-05
0 0.736745 0.168237 0.034112 0.133244 1.14019e-05
0 0.437152 0.933378 0.0548758 0.106326 1.14142e-05
0 0.999815 0.999327 0.000370782 0.00134589 1.14409e-05
0 0.535966 0.936406 0.037449 0.105653 1.14496e-05
0 0.634409 0.969381 0.0155729 0.0612382 1.14783e-05
0 0.912495 0.669583 0.0415276 0.121131 1.1484e-05
0 0.162032 0.798116 0.063033 0.117093 1.14875e-05
0 0.910271 0.34825 0.0444939 0.113728 1.15283e-05
0 0.662032 0.770188 0.0515387 0.143338 1.15738e-05
0 0.41954 0.00942126 0.0352243 0.0188425 1.16037e-05
0 0.928624 0.643674 0.071561 0.152759 1.16159e-05
0 0.545792 0.904105 0.0978865 0.19179 1.17244e-05
0 0.359844 0.0757066 0.0411568 0.117766 1.17399e-05
0 0.896923 0.766824 0.068224 0.183715 1.17461e-05
0 0.474972 0.809556 0.0437523 0.117093 1.17567e-05
0 0.406377 0.727793 0.0407861 0.1393 1.17792e-05
0 0.705043 0.729475 0.0522803 0.148048 1.18148e-05
0 0.257508 0.304509 0.04264 0.0962315 1.18161e-05
0 0.357063 0.559556 0.0318873 0.108345 1.18273e-05
0 0.614757 0.0151413 0.0444939 0.0302826 1.18347e-05
0 0.762514 0.921938 0.0648869 0.156124 1.18504e-05
0 0.0237301 0.374159 0.0467186 0.154778 1.18668e-05
0 0.286615 0.294751 0.0482017 0.0928668 1.189e-05
0 0.542269 0.0622476 0.0574713 0.124495 1.18962e-05
0 0.434001 0.734859 0.0322581 0.215343 1.19209e-05
0 0.636448 0.1679 0.04264 0.119112 1.19657e-05
0 0.954023 0.447174 0.0860215 0.170256 1.20087e-05
0 0.746014 0.0497981 0.0645161 0.0995962 1.20386e-05
0 0.269559 0.0238896 0.0318873 0.0477793 1.20863e-05
0 0.480349 0.0676312 0.0507972 0.135262 1.20915e-05
0 0.936225 0.757066 0.0437523 0.115747 1.21057e-05
0 0.161846 0.845895 0.0478309 0.114401 1.21175e-05
0 0.0693363 0.0077389 0.0348535 0.0154778 1.21591e-05
0 0.993882 0.874495 0.0122358 0.181023 1.21649e-05
0 0.294401 0.0238896 0.0326288 0.0477793 1.21702e-05
0 1 0.579408 0 0.185734 1.21803e-05
0 0.830923 0.939098 0.0296626 0.121803 1.22099e-05
0 0.929551 0.592194 0.0541342 0.168237 1.22142e-05
0 0.388024 0.689771 0.0396737 0.189771 1.22198e-05
0 0.135706 0.66891 0.045977 0.125168 1.22285e-05
0 0.25343 0.671938 0.0433815 0.133917 1.22428e-05
0 0.2868 0.933715 0.0278087 0.132571 1.22429e-05
0 0.538747 0.975774 0.0318873 0.0484522 1.23126e-05
0 0.0878754 0.575707 0.0407861 0.137954 1.23133e-05
0 0.441973 0.220727 0.0585836 0.205922 1.23372e-05
0 0.063033 0.759085 0.0482017 0.12786 1.23501e-05
0 0.787912 0.304509 0.0444939 0.102961 1.23655e-05
0 0.768632 0.812921 0.074898 0.219381 1.24102e-05
0 0.928624 0.0521534 0.0737857 0.104307 1.24258e-05
0 0.460326 0.931023 0.0522803 0.0989233 1.24423e-05
0 1 0.451548 0 0.188425 1.2562e-05
0 0.513904 0.975101 0.034112 0.0497981 1.25675e-05
0 0.781795 0.759085 0.0849092 0.179004 1.26125e-05
0 0.805339 0.904778 0.0482017 0.150067 1.27154e-05
0 1 0.817295 0 0.16891 1.27372e-05
0 0.910827 0.757066 0.0463478 0.109017 1.2738e-05
0 0.402855 0.908479 0.0967742 0.183042 1.27749e-05
0 1 0.706258 0 0.187752 1.2798e-05
0 0.899147 0.253701 0.0585836 0.133244 1.2802e-05
0 0.860586 0.668237 0.0452354 0.109017 1.2803e-05
0 0.122358 0.97039 0.017056 0.0592194 1.28133e-05
0 0.505191 0.981157 0.0337412 0.0376851 1.28246e-05
0 0.565628 0.811911 0.04264 0.117766 1.2829e-05
0 0.145717 0.939771 0.0222469 0.120458 1.28458e-05
0 0.234705 0.861036 0.0548758 0.123149 1.28946e-05
0 0.60901 0.968371 0.0574713 0.0632571 1.29145e-05
0 0.741194 0.70323 0.068224 0.164199 1.29419e-05
0 0.368928 0.0121131 0.0363367 0.0242261 1.29835e-05
0 0.500927 0.924966 0.097145 0.150067 1.30138e-05
0 0.818687 0.937416 0.0207638 0.125168 1.3019e-05
0 0.46904 0.197174 0.0556174 0.204576 1.30216e-05
0 0.485354 0.92934 0.0526511 0.100942 1.30402e-05
0 0.0619207 0.254038 0.0645161 0.111036 1.30873e-05
0 0.737301 0.759421 0.0478309 0.112382 1.30994e-05
0 0.0858361 0.478466 0.0507972 0.113055 1.31038e-05
0 0.865406 0.264132 0.0504264 0.131225 1.31041e-05
0 0.357063 0.941454 0.0222469 0.117093 1.31873e-05
0 0.654987 0.614738 0.0448647 0.178331 1.32066e-05
0 0.673712 0.472746 0.034112 0.120458 1.33172e-05
0 0.432703 0.520188 0.0659993 0.189771 1.33348e-05
0 0.394142 0.0114401 0.0363367 0.0228802 1.33349e-05
0 0.231739 0.0248991 0.0326288 0.0497981 1.33425e-05
0 0.47627 0.909489 0.0938079 0.181023 1.34631e-05
0 0.31053 0.760094 0.0507972 0.106999 1.34885e-05
0 0.817019 0.963661 0.0152021 0.0726783 1.36521e-05
0 0.658324 0.477456 0.0359659 0.113728 1.36583e-05
0 0.111791 0.706258 0.0611791 0.113728 1.36767e-05
0 0.863923 0.85498 0.0897293 0.185061 1.37444e-05
0 0.203745 0.264132 0.0478309 0.131225 1.37929e-05
0 0.925844 0.700202 0.0585836 0.147376 1.38072e-05
0 0.686133 0.593876 0.0574713 0.123149 1.38455e-05
0 0.461995 0.169583 0.0355951 0.125168 1.38553e-05
0 0.183723 0.15175 0.0574713 0.124495 1.3861e-05
0 0.187245 0.484522 0.0415276 0.100942 1.39534e-05
0 0.187616 0.440108 0.0400445 0.106326 1.3954e-05
0 0.997405 0.811911 0.00519095 0.210633 1.39801e-05
0 0.991287 0.470727 0.0174268 0.222746 1.39819e-05
0 0.833704 0.211306 0.0404153 0.115747 1.40307e-05
0 0.788839 0.257402 0.04264 0.108345 1.4056e-05
0 0.838153 0.66218 0.0478309 0.135935 1.41066e-05
0 0.711902 0.303499 0.0437523 0.0982503 1.41133e-05
0 0.863737 0.303836 0.0418984 0.113728 1.41673e-05
0 0.211531 0.845895 0.0500556 0.115747 1.41713e-05
0 0.908602 0.949529 0.0181683 0.100942 1.42537e-05
0 0.418242 0.476783 0.0318873 0.133917 1.42817e-05
0 0.786429 0.962651 0.0140897 0.0746972 1.43141e-05
0 0.535966 0.811911 0.04264 0.115074 1.43171e-05
0 0.554876 0.369785 0.0433815 0.226783 1.43331e-05
0 0.510753 0.929004 0.0530219 0.100269 1.43405e-05
0 0.105673 0.816958 0.0674824 0.236878 1.43499e-05
0 0.708565 0.932369 0.0296626 0.135262 1.43669e-05
0 0.101965 0.0578735 0.080089 0.115747 1.43972e-05
0 0.836485 0.435397 0.0496848 0.111709 1.44087e-05
0 0.203003 0.857672 0.0930664 0.171602 1.44105e-05
0 0.896923 0.696164 0.074898 0.135262 1.44288e-05
0 0.317204 0.276918 0.0685947 0.206595 1.44466e-05
0 0.242677 0.148385 0.0582128 0.125841 1.44818e-05
0 0.705784 0.836137 0.06637 0.220054 1.45347e-05
0 0.965703 0.666891 0.0441231 0.129206 1.45714e-05
0 0.885984 0.846232 0.0478309 0.111036 1.45806e-05
0 0.656656 0.0111036 0.0370782 0.0222073 1.46446e-05
0 0.505006 0.809556 0.0422692 0.115747 1.46555e-05
0 0.0856507 0.759758 0.0496848 0.130552 1.46606e-05
0 0.986466 0.301144 0.0248424 0.1393 1.47106e-05
0 0.176678 0.936406 0.0196515 0.127187 1.47566e-05
0 0.861698 0.847914 0.045977 0.114401 1.47844e-05
0 0.438265 0.975101 0.0296626 0.0497981 1.47918e-05
0 0.966815 0.70895 0.0567297 0.129879 1.47988e-05
0 0.886911 0.347914 0.0437523 0.114401 1.48612e-05
0 0.264553 0.767833 0.088617 0.187079 1.48758e-05
0 0.260289 0.205249 0.0867631 0.195155 1.48779e-05
0 0.586948 0.1679 0.0437523 0.125841 1.49047e-05
0 0.295884 0.455922 0.0385614 0.158143 1.49536e-05
0 0.113645 0.0356662 0.0559881 0.0713324 1.49604e-05
0 0.986096 0.0494616 0.0278087 0.0989233 1.49627e-05
0 0.0428254 0.0487887 0.0478309 0.0975774 1.50136e-05
0 0.377086 0.845559 0.0867631 0.160834 1.50482e-05
0 0.0856507 0.0524899 0.0533927 0.10498 1.50962e-05
0 0.911383 0.619112 0.0407861 0.117093 1.51089e-05
0 0.977568 0.256729 0.0337412 0.136608 1.5124e-05
0 0.980349 0.46568 0.0393029 0.172275 1.51647e-05
0 0.808306 0.264132 0.0504264 0.124495 1.51659e-05
0 0.204672 0.78432 0.0897293 0.171602 1.51749e-05
0 0.0617353 0.483176 0.037449 0.121131 1.51923e-05
0 0.304783 0.942799 0.034112 0.114401 1.52437e-05
0 0.497775 0.594213 0.0315165 0.146703 1.52763e-05
0 0.0678532 0.934724 0.0504264 0.130552 1.52791e-05
0 0.0281795 0.989569 0.0563589 0.0208614 1.52909e-05
0 0.435855 0.473755 0.0329996 0.119785 1.5307e-05
0 0.331479 0.200202 0.057842 0.218708 1.53446e-05
0 0.788098 0.712651 0.0500556 0.115747 1.53455e-05
0 0.573415 0.9179 0.0582128 0.164199 1.54188e-05
0 0.130701 0.563594 0.0611791 0.224092 1.54378e-05
0 0.805525 0.673284 0.0411568 0.128533 1.54968e-05
0 0.564145 0.974092 0.0574713 0.051817 1.5508e-05
0 0.738228 0.932369 0.028921 0.135262 1.55261e-05
0 0.186689 0.845895 0.0478309 0.114401 1.55407e-05
0 0.111791 0.931696 0.083426 0.136608 1.55467e-05
0 0.664442 0.967362 0.0148313 0.0652759 1.55595e-05
0 0.769003 0.0339838 0.0333704 0.0679677 1.56002e-05
0 0.885984 0.303836 0.0441231 0.11642 1.56311e-05
0 0.337041 0.844549 0.0489433 0.118439 1.5671e-05
0 0.134038 0.0286003 0.0693363 0.0572005 1.5761e-05
0 0.0498702 0.466353 0.0685947 0.137281 1.57886e-05
0 0.457731 0.679677 0.0367075 0.166891 1.58162e-05
0 0.150167 0.903096 0.0615499 0.158816 1.58482e-05
0 0.434372 0.588493 0.0456062 0.125841 1.59002e-05
0 0.187245 0.391992 0.0415276 0.10969 1.60129e-05
0 0.830367 0.358345 0.0767519 0.194482 1.60227e-05
0 0.364479 0.969717 0.017056 0.0605653 1.60436e-05
0 0.946051 0.315276 0.0863923 0.158143 1.61157e-05
0 0.484056 0.561911 0.0307749 0.10498 1.61449e-05
0 0.65165 0.972746 0.0122358 0.0545087 1.6151e-05
0 0.221728 0.246972 0.0556174 0.188425 1.62024e-05
0 0.862996 0.529946 0.0411568 0.111036 1.6218e-05
0 0.162773 0.748654 0.0600667 0.112382 1.6229e-05
0 0.868372 0.940108 0.0222469 0.119785 1.62492e-05
0 0.519095 0.559219 0.0318873 0.121131 1.62546e-05
0 0.834446 0.315949 0.0456062 0.129879 1.63074e-05
0 0.935855 0.799462 0.0571005 0.109017 1.63136e-05
0 0.300704 0.149394 0.0585836 0.121131 1.63229e-05
0 0.127735 0.975774 0.0137189 0.0484522 1.63567e-05
0 0.621617 0.92934 0.126437 0.141319 1.636e-05
0 0.131628 0.966016 0.0637746 0.0679677 1.63752e-05
0 0.527252 0.924966 0.0519095 0.150067 1.6399e-05
0 0.627364 0.979475 0.0148313 0.0410498 1.64021e-05
0 0.717649 0.877524 0.0530219 0.13459 1.64142e-05
0 0.263441 0.856999 0.0574713 0.121803 1.64371e-05
0 0.266407 0.845895 0.0871339 0.184388 1.64875e-05
0 0.187987 0.801817 0.0482017 0.121803 1.64931e-05
0 0.131257 0.362719 0.0830552 0.176312 1.64982e-05
0 0.160363 0.392665 0.0433815 0.106999 1.65706e-05
0 0.700964 0.051817 0.0812013 0.103634 1.65816e-05
0 0.84594 0.969717 0.0166852 0.0605653 1.65977e-05
0 0.112718 0.439771 0.0444939 0.113728 1.66037e-05
0 0.625139 0.841857 0.0852799 0.162853 1.66252e-05
0 0.2132 0.963661 0.0140897 0.0726783 1.66539e-05
0 0.315907 0.690108 0.0519095 0.156797 1.66958e-05
0 0.44327 0.810229 0.0433815 0.119785 1.67054e-05
0 0.977012 0.871467 0.045977 0.185734 1.67409e-05
0 0.862625 0.348923 0.0418984 0.111036 1.67636e-05
0 0.0867631 0.34926 0.0437523 0.111709 1.68025e-05
0 0.334816 0.965343 0.0155729 0.0693136 1.6813e-05
0 0.856693 0.0269179 0.0322581 0.0538358 1.68143e-05
0 0.812013 0.304845 0.0407861 0.111709 1.68266e-05
0 0.24175 0.475774 0.0482017 0.123822 1.69058e-05
0 0.112162 0.614065 0.0582128 0.121803 1.69121e-05
0 0.0192807 0.905787 0.0385614 0.188425 1.69122e-05
0 0.98591 0.345895 0.0281795 0.130552 1.69288e-05
0 0.0116796 0.196837 0.0233593 0.220054 1.70329e-05
0 0.786986 0.971736 0.0589544 0.0565276 1.70344e-05
0 0.913237 0.846904 0.0474601 0.10969 1.70386e-05
0 0.0287356 0.454913 0.0478309 0.153432 1.70899e-05
0 0.836485 0.479139 0.0437523 0.109017 1.71606e-05
0 0.88617 0.71467 0.0437523 0.109017 1.71827e-05
0 0.638302 0.840511 0.0507972 0.113055 1.71979e-05
0 0.887468 0.618102 0.0441231 0.104307 1.71997e-05
0 0.996478 0.967362 0.00704486 0.0652759 1.72174e-05
0 0.56396 0.978466 0.0266963 0.0430686 1.7222e-05
0 0.112347 0.394011 0.0452354 0.113728 1.72315e-05
0 0.690582 0.0181696 0.0470894 0.0363392 1.72676e-05
0 0.526326 0.974428 0.0322581 0.051144 1.73078e-05
0 0.587505 0.934388 0.0456062 0.131225 1.74181e-05
0 0.720245 0.196501 0.0700779 0.162853 1.74302e-05
0 0.848721 0.971063 0.0563589 0.0578735 1.74404e-05
0 0.292362 0.324697 0.0582128 0.10969 1.7457e-05
0 0.334075 0.939098 0.0370782 0.121803 1.74579e-05
0 0.338339 0.0790713 0.0396737 0.112382 1.75137e-05
0 0.0865777 0.0693136 0.0930664 0.138627 1.75568e-05
0 0.439006 0.927322 0.103819 0.145357 1.76071e-05
0 0.357805 0.963997 0.0615499 0.0720054 1.76367e-05
0 0.00815721 0.254038 0.0163144 0.132571 1.77188e-05
0 0.79366 0.93607 0.0211346 0.12786 1.77326e-05
0 0.14238 0.754038 0.0519095 0.115074 1.77326e-05
0 0.954765 0.59253 0.0467186 0.193136 1.77373e-05
0 0.630515 0.466689 0.0352243 0.11642 1.77418e-05
0 0.695032 0.966353 0.0144605 0.0672948 1.77542e-05
0 0.15647 0.0100942 0.0355951 0.0201884 1.77631e-05
0 0.0513534 0.358008 0.0671116 0.126514 1.77757e-05
0 0.385057 0.554509 0.0574713 0.183042 1.78338e-05
0 0.836856 0.847241 0.0474601 0.114401 1.78475e-05
0 0.4429 0.0524899 0.0463478 0.10498 1.78821e-05
0 0.119207 0.0185061 0.0307749 0.0370121 1.78864e-05
0 0.354283 0.977793 0.0137189 0.0444145 1.78936e-05
0 0.935113 0.894684 0.0437523 0.10969 1.79065e-05
0 0.159436 0.438762 0.0422692 0.106326 1.79232e-05
0 0.0734149 0.0296097 0.0719318 0.0592194 1.79283e-05
0 0.64442 0.509421 0.0326288 0.0888291 1.79348e-05
0 0.0420838 0.942463 0.0500556 0.115074 1.79564e-05
0 0.786244 0.19751 0.0730441 0.155451 1.797e-05
0 0.612347 0.797779 0.0515387 0.106999 1.79958e-05
0 0.111235 0.756057 0.0489433 0.121803 1.80701e-05
0 0.11383 0.0524899 0.0711902 0.10498 1.80775e-05
0 0.835002 0.80249 0.0482017 0.113728 1.80868e-05
0 0.114572 0.258412 0.0452354 0.119785 1.80887e-05
0 0.203003 0.425639 0.0574713 0.155451 1.81477e-05
0 0.812199 0.39031 0.0463478 0.121131 1.81557e-05
0 0.50482 0.957268 0.0456062 0.0854643 1.81811e-05
0 0.273823 0.963661 0.0144605 0.0726783 1.81879e-05
0 0.0858361 0.438762 0.04264 0.115747 1.83615e-05
0 0.16092 0.617093 0.0474601 0.109017 1.83817e-05
0 0.862811 0.802826 0.0467186 0.110363 1.84567e-05
0 0.217278 0.944818 0.0237301 0.110363 1.84672e-05
0 0.307193 0.946164 0.0152021 0.107672 1.84696e-05
0 0.811086 0.712315 0.0470894 0.104307 1.84864e-05
0 0.16129 0.714334 0.0467186 0.11642 1.84913e-05
0 0.542084 0.958614 0.0444939 0.0827725 1.85239e-05
0 0.0187245 0.994616 0.037449 0.0107672 1.85358e-05
0 0.727104 0.970727 0.0600667 0.0585464 1.85558e-05
0 0.105302 0.939771 0.0437523 0.120458 1.86371e-05
0 0.736559 0.0467699 0.0433815 0.0935397 1.86524e-05
0 0.226733 0.933715 0.0300334 0.132571 1.86658e-05
0 0.989618 0.0979139 0.0207638 0.163526 1.87183e-05
0 0.53059 0.484859 0.0385614 0.128533 1.87211e-05
0 0.614757 0.474428 0.0266963 0.111709 1.87523e-05
0 0.0278087 0.210633 0.0430108 0.113055 1.88637e-05
0 0.894142 0.0245626 0.0322581 0.0491252 1.8885e-05
0 0.9835 0.928668 0.0329996 0.142665 1.88946e-05
0 0.219318 0.026245 0.0329996 0.0524899 1.89323e-05
0 0.281424 0.0144684 0.0385614 0.0289367 1.89373e-05
0 0.596033 0.812248 0.0441231 0.118439 1.89993e-05
0 0.0496848 0.569987 0.0697071 0.145357 1.90513e-05
0 0.637746 0.0292732 0.0593252 0.0585464 1.90682e-05
0 0.646644 0.877524 0.063033 0.176312 1.90707e-05
0 0.768817 0.935397 0.0211346 0.129206 1.91236e-05
0 0.518539 0.264132 0.0537634 0.187752 1.91381e-05
0 0.632184 0.370794 0.0585836 0.261104 1.91943e-05
0 0.36967 0.149394 0.0815721 0.145357 1.91999e-05
0 0.0326288 0.990915 0.0281795 0.0181696 1.92596e-05
0 0.573229 0.367766 0.051168 0.217362 1.93089e-05
0 0.404524 0.476783 0.0355951 0.133917 1.93268e-05
0 0.609381 0.169919 0.0389321 0.119112 1.93623e-05
0 0.919169 0.0218708 0.0311457 0.0437416 1.93745e-05
0 0.177605 0.972746 0.0126066 0.0545087 1.94172e-05
0 0.15888 0.950202 0.0174268 0.0995962 1.94252e-05
0 0.643864 0.306864 0.0522803 0.158816 1.94506e-05
0 0.26789 0.237214 0.0493141 0.160834 1.94548e-05
0 0.020393 0.574024 0.0407861 0.17362 1.94695e-05
0 0.219503 0.639637 0.0415276 0.136608 1.94806e-05
0 0.316277 0.122476 0.0422692 0.106326 1.94884e-05
0 0.00964034 0.356662 0.0192807 0.138627 1.95001e-05
0 0.327215 0.937752 0.0211346 0.124495 1.95251e-05
0 0.0513534 0.677658 0.0745273 0.149394 1.95318e-05
0 0.0863923 0.393338 0.0437523 0.113728 1.96465e-05
0 0.0200222 0.933715 0.0400445 0.132571 1.9666e-05
0 0.643864 0.469717 0.0307749 0.121131 1.9697e-05
0 0.729514 0.906797 0.0396737 0.11642 1.98121e-05
0 0.852058 0.323015 0.0734149 0.176312 1.98425e-05
0 0.711346 0.213324 0.0441231 0.107672 1.98518e-05
0 0.317946 0.0491252 0.0507972 0.0982503 1.99251e-05
0 0.152762 0.974764 0.0133482 0.0504711 2.00343e-05
0 0.017056 1 0.034112 0 2.00565e-05
0 0.834631 0.265478 0.0452354 0.129879 2.00568e-05
0 0.256581 0.933378 0.028921 0.133244 2.00585e-05
0 0.987393 0.210633 0.0244716 0.129206 2.00906e-05
0 0.595106 0.865074 0.0474601 0.120458 2.0114e-05
0 0.878569 0.976447 0.0129774 0.0471063 2.01177e-05
0 0.11383 0.484859 0.045977 0.113728 2.01388e-05
0 0.227846 0.970727 0.0114943 0.0585464 2.0149e-05
0 0.935484 0.846568 0.0444939 0.111709 2.01528e-05
0 0.141639 0.704913 0.0519095 0.11642 2.01656e-05
0 0.658139 0.949529 0.0177976 0.100942 2.02911e-05
0 0.881535 0.026245 0.0322581 0.0524899 2.03011e-05
0 0.612162 0.883244 0.0526511 0.0989233 2.03038e-05
0 0.910271 0.396366 0.0415276 0.111709 2.03195e-05
0 0.916945 0.0400404 0.0637746 0.0800808 2.03209e-05
0 0.720801 0.146703 0.0585836 0.126514 2.04042e-05
0 0.637004 0.950202 0.0689655 0.0995962 2.04373e-05
0 0.689655 0.935397 0.0200222 0.129206 2.04688e-05
0 0.0157582 0.703567 0.0315165 0.259085 2.05092e-05
0 0.942529 0.202557 0.0763812 0.142665 2.0577e-05
0 0.917686 0.904441 0.0622914 0.168237 2.05808e-05
0 0.324805 0.842194 0.0875046 0.171602 2.07376e-05
0 0.781238 0.138627 0.057842 0.135935 2.07383e-05
0 0.318687 0.025572 0.0344828 0.051144 2.07386e-05
0 0.967557 0.617766 0.0507972 0.130552 2.07646e-05
0 0.122173 0.157806 0.0619207 0.115074 2.07808e-05
0 0.677605 0.972746 0.0107527 0.0545087 2.0787e-05
0 0.429737 0.960969 0.0415276 0.0780619 2.08167e-05
0 0.210419 0.304172 0.0456062 0.102288 2.08208e-05
0 0.97627 1 0.0296626 0 2.08758e-05
0 0.347423 0.365074 0.0496848 0.201211 2.09322e-05
0 0.979236 0.162853 0.0355951 0.10498 2.103e-05
0 0.357805 0.121467 0.0415276 0.113728 2.10575e-05
0 0.755469 0.907133 0.0411568 0.129206 2.10884e-05
0 0.707638 0.955249 0.0656285 0.089502 2.11866e-05
0 0.423619 0.147712 0.0559881 0.120458 2.12543e-05
0 0.190397 0.951548 0.0307749 0.0969044 2.12543e-05
0 0.83667 0.39502 0.0396737 0.118439 2.12545e-05
0 0.624212 0.983513 0.0559881 0.0329744 2.13e-05
0 0.55673 0.927322 0.0515387 0.145357 2.13169e-05
0 0.202633 0.9714 0.0114943 0.0572005 2.14312e-05
0 0.844828 0.928668 0.0381906 0.142665 2.14357e-05
0 0.780311 0.856999 0.0604375 0.148721 2.15227e-05
0 0.986652 0.119785 0.0244716 0.133244 2.15361e-05
0 0.0608083 0.158816 0.0645161 0.110363 2.15569e-05
0 0.123841 0.206931 0.0734149 0.129879 2.15723e-05
0 0.182796 0.249664 0.0593252 0.131898 2.15809e-05
0 0.0576567 0.019179 0.0470894 0.038358 2.17298e-05
0 0.826845 0.545087 0.0645161 0.121131 2.17636e-05
0 0.802373 0.932705 0.136448 0.13459 2.18067e-05
0 0.8604 0.713661 0.0470894 0.106999 2.18684e-05
0 0.482944 0.486541 0.0411568 0.137281 2.19226e-05
0 0.243233 0.966016 0.0148313 0.0679677 2.19535e-05
0 0.414164 0.810565 0.0474601 0.119112 2.20408e-05
0 0.0617353 0.394347 0.0418984 0.111709 2.20453e-05
0 0.114757 0.526918 0.0552466 0.114401 2.20815e-05
0 0.886726 0.80249 0.0456062 0.108345 2.22058e-05
0 0.484056 0.152423 0.0507972 0.11642 2.22974e-05
0 0.812384 0.213661 0.0363367 0.113728 2.23064e-05
0 0.757879 0.954576 0.0659993 0.0908479 2.23102e-05
0 0.814423 0.438425 0.0448647 0.133917 2.23905e-05
0 0.883945 0.950538 0.0185391 0.0989233 2.24847e-05
0 0.912495 0.804845 0.0467186 0.110363 2.2491e-05
0 0.98591 0.0393674 0.0281795 0.0787349 2.25129e-05
0 0.63515 0.3607 0.0467186 0.141319 2.25915e-05
0 0.843344 0.149058 0.0567297 0.132571 2.26391e-05
0 0.703003 0.973082 0.0103819 0.0538358 2.26431e-05
0 0.728217 0.973419 0.00964034 0.0531629 2.26461e-05
0 0.862811 0.396366 0.0400445 0.114401 2.26827e-05
0 0.421765 0.927658 0.0500556 0.144684 2.27501e-05
0 0.635706 0.886945 0.0404153 0.109017 2.28092e-05
0 0.243975 0.0137954 0.0378198 0.0275908 2.28192e-05
0 0.899333 0.159489 0.0559881 0.115747 2.2831e-05
0 0.740082 0.851952 0.080089 0.110363 2.28379e-05
0 0.464034 0.47712 0.0292918 0.133244 2.28411e-05
0 0.428254 0.877187 0.0593252 0.136608 2.28628e-05
0 0.0622914 0.439098 0.0393029 0.11642 2.3002e-05
0 0.0100111 1 0.0200222 0 2.30228e-05
0 0.836856 0.713324 0.0474601 0.106326 2.30324e-05
0 0.112718 0.346568 0.045977 0.113055 2.30672e-05
0 0.136448 0.393674 0.0422692 0.113055 2.30686e-05
0 0.838524 0.942463 0.0241009 0.115074 2.30972e-05
0 0.175565 0.548116 0.0671116 0.136608 2.31134e-05
0 0.950871 0.936743 0.0641453 0.126514 2.3165e-05
0 0.335929 0.0299462 0.0563589 0.0598923 2.31659e-05
0 0.794401 0.0397039 0.0648869 0.0794078 2.32126e-05
0 0.211531 0.716353 0.0500556 0.113728 2.32594e-05
0 0.743048 0.932032 0.14238 0.135935 2.32656e-05
0 0.185947 0.715343 0.0463478 0.117093 2.33221e-05
0 0.572488 0.221063 0.0622914 0.213324 2.33321e-05
0 0.88617 0.756729 0.0444939 0.104307 2.34069e-05
0 0.86244 0.756057 0.0467186 0.105653 2.34158e-05
0 0.907119 0.971736 0.0552466 0.0565276 2.34549e-05
0 0.114016 0.305182 0.0456062 0.113728 2.34965e-05
0 0.284205 0.760431 0.0507972 0.117093 2.35603e-05
0 0.712088 0.253365 0.0433815 0.100269 2.36218e-05
0 0.785873 0.460296 0.0574713 0.187079 2.36388e-05
0 0.407119 0.330417 0.0333704 0.156124 2.36512e-05
0 0.140712 0.868102 0.0522803 0.114401 2.37497e-05
0 0.858547 0.94751 0.0159436 0.10498 2.38548e-05
0 0.753244 0.973419 0.0100111 0.0531629 2.3873e-05
0 0.855024 0.0363392 0.0622914 0.0726783 2.38847e-05
0 0.180386 0.904778 0.0604375 0.190444 2.39179e-05
0 0.159251 0.529946 0.0448647 0.105653 2.40707e-05
0 0.346311 0.880215 0.0697071 0.22611 2.42282e-05
0 0.159436 0.484186 0.0430108 0.102961 2.42765e-05
0 0.824435 0.449865 0.0812013 0.19179 2.42772e-05
0 0.183537 0.949192 0.017056 0.101615 2.43687e-05
0 0.245643 0.97039 0.0626622 0.0592194 2.43695e-05
0 0.378754 0.93035 0.119763 0.1393 2.44655e-05
0 0.186133 0.969717 0.0645161 0.0605653 2.44809e-05
0 0.872451 0.905451 0.063033 0.154105 2.45758e-05
0 0.312199 0.301144 0.0467186 0.0908479 2.45915e-05
0 0.869855 0.195155 0.074898 0.138627 2.46066e-05
0 0.297182 0.935397 0.020393 0.129206 2.46644e-05
0 0.83426 0.759085 0.0600667 0.129206 2.47313e-05
0 0.762885 0.666555 0.0537634 0.148721 2.47628e-05
0 0.986281 0.434388 0.0274379 0.121803 2.48039e-05
0 0.135521 0.612382 0.0559881 0.114401 2.48491e-05
0 0.319244 0.941117 0.0355951 0.117766 2.48641e-05
0 0.555617 0.0474428 0.0433815 0.0948856 2.48914e-05
0 0.0435669 0.00942126 0.0337412 0.0188425 2.49039e-05
0 0.354839 0.220727 0.057842 0.201884 2.49625e-05
0 0.0812013 0.921602 0.100853 0.156797 2.50054e-05
0 0.778643 0.974092 0.0103819 0.051817 2.50181e-05
0 0.762699 0.762113 0.0496848 0.113728 2.50232e-05
0 0.624768 0.862719 0.0526511 0.118439 2.5047e-05
0 0.00741565 0.0733513 0.0148313 0.138627 2.50578e-05
0 0.75825 0.212651 0.0385614 0.109017 2.51322e-05
0 0.307749 0.960296 0.063033 0.0794078 2.51425e-05
0 0.294587 0.855316 0.0589544 0.119785 2.52406e-05
0 0.780682 0.019852 0.0404153 0.0397039 2.52496e-05
0 0.00815721 0.457941 0.0163144 0.156797 2.53076e-05
0 0.11383 0.57537 0.045977 0.126514 2.53822e-05
0 0.807193 0.943472 0.0140897 0.113055 2.54947e-05
0 0.854653 0.976447 0.0126066 0.0471063 2.55254e-05
0 0.27957 0.051817 0.0482017 0.103634 2.55296e-05
0 0.382462 0.864065 0.0522803 0.121131 2.55968e-05
0 0.23934 0.635935 0.0685947 0.177658 2.56311e-05
0 0.185762 0.303499 0.0415276 0.107672 2.56369e-05
0 0.860771 0.618439 0.0456062 0.100942 2.56431e-05
0 0.188357 0.756729 0.0496848 0.11642 2.5688e-05
0 0.704301 0.905451 0.0389321 0.112382 2.57241e-05
0 0.106785 0.00975774 0.0348535 0.0195155 2.57459e-05
0 0.0311457 0.0100942 0.034112 0.0201884 2.57686e-05
0 0.16129 0.344549 0.0444939 0.10498 2.58105e-05
0 0.282722 0.959287 0.0626622 0.0814267 2.58927e-05
0 0.333148 0.962988 0.0611791 0.0740242 2.59708e-05
0 0.889321 0.530956 0.0418984 0.111709 2.60587e-05
0 0.191138 0.0356662 0.0559881 0.0713324 2.6083e-05
0 0.758065 0.254711 0.0404153 0.0989233 2.62405e-05
0 0.43604 0.361709 0.0504264 0.124495 2.62887e-05
0 0.253801 0.974092 0.0114943 0.051817 2.63079e-05
0 0.613645 0.155114 0.074898 0.156797 2.64231e-05
0 0.136263 0.440108 0.0404153 0.110363 2.64516e-05
0 0.0187245 0.0302826 0.037449 0.0605653 2.64595e-05
0 0.144234 0.0201884 0.0304042 0.0403768 2.65669e-05
0 0.829625 0.975437 0.0114943 0.0491252 2.65797e-05
0 0.304227 0.97611 0.0122358 0.0477793 2.65826e-05
0 0.944197 0.0218708 0.0315165 0.0437416 2.66344e-05
0 0.662403 0.154105 0.0552466 0.126514 2.66771e-05
0 0.286615 0.170592 0.0378198 0.10969 2.67221e-05
0 0.080089 0.972746 0.0571005 0.0545087 2.67964e-05
0 0.495365 0.031965 0.0600667 0.06393 2.69365e-05
0 0.13997 0.983176 0.0552466 0.0336474 2.69978e-05
0 0.986652 0.391655 0.0229885 0.138627 2.70319e-05
0 0.719132 0.937079 0.0211346 0.125841 2.71032e-05
0 0.780311 0.90646 0.04264 0.139973 2.73201e-05
0 0.329626 0.978129 0.0133482 0.0437416 2.73339e-05
0 0.756581 0.33782 0.0463478 0.145357 2.74698e-05
0 0.00574713 0.0168237 0.0114943 0.0336474 2.75102e-05
0 0.842047 0.584455 0.0541342 0.193136 2.75215e-05
0 0.808306 0.956931 0.0645161 0.0861373 2.76259e-05
0 0.111605 0.891655 0.0526511 0.115747 2.77099e-05
0 0.8604 0.576716 0.0448647 0.10498 2.78561e-05
0 0.279014 0.975437 0.0122358 0.0491252 2.78901e-05
0 0.779014 0.265478 0.0726733 0.154105 2.79837e-05
0 0.888765 0.576716 0.0430108 0.10498 2.80079e-05
0 0.314794 0.0296097 0.0637746 0.0592194 2.80373e-05
0 0.375788 0.325707 0.0515387 0.153432 2.80398e-05
0 0.433074 0.0299462 0.0637746 0.0598923 2.80713e-05
0 0.667408 0.904441 0.0489433 0.168237 2.81332e-05
0 0.805154 0.550471 0.0485725 0.115747 2.81862e-05
0 0.680756 0.838829 0.0867631 0.178331 2.81925e-05
0 0.604375 0.930686 0.0504264 0.138627 2.83601e-05
0 0.986652 0.933042 0.0252132 0.129879 2.83784e-05
0 0.864294 0.437079 0.0482017 0.108345 2.85672e-05
0 0.18706 0.344213 0.0411568 0.104307 2.87309e-05
0 0.74898 0.936406 0.0215054 0.127187 2.87449e-05
0 0.282722 0.94751 0.0166852 0.10498 2.8792e-05
0 0.492028 0.978802 0.0333704 0.0423957 2.90183e-05
0 0.181683 0.0121131 0.0355951 0.0242261 2.91385e-05
0 0.988135 0.265814 0.0237301 0.200538 2.91494e-05
0 0.794587 0.636608 0.0422692 0.131898 2.92587e-05
0 0.811643 0.0228802 0.0489433 0.0457604 2.92693e-05
0 0.804412 0.975774 0.0107527 0.0484522 2.9463e-05
0 0.804227 0.98856 0.0571005 0.0228802 2.9514e-05
0 0.34353 0.107335 0.0552466 0.185061 2.95285e-05
0 0.354468 0.949865 0.0355951 0.100269 2.95487e-05
0 0.465888 0.945828 0.0507972 0.108345 2.95679e-05
0 0.737486 0.20895 0.0400445 0.104307 2.9739e-05
0 0.865035 0.983849 0.0541342 0.0323015 2.98597e-05
0 0.886726 0.397375 0.0411568 0.113728 2.99025e-05
0 0.554876 0.150404 0.0812013 0.156797 2.99825e-05
0 0.605302 0.051817 0.0463478 0.103634 2.99937e-05
0 0.654245 0.213324 0.0515387 0.123822 3.0031e-05
0 0.408788 0.0235532 0.0589544 0.0471063 3.02095e-05
0 0.380979 0.982167 0.0582128 0.0356662 3.02554e-05
0 0.910085 0.574697 0.0411568 0.113055 3.02929e-05
0 1 0.0302826 0 0.0605653 3.03437e-05
0 0.727104 0.0158143 0.0541342 0.0316285 3.03929e-05
0 0.464961 0.878196 0.0571005 0.130552 3.04644e-05
0 0.752317 0.032638 0.0496848 0.0652759 3.04792e-05
0 0.206155 0.0141319 0.0378198 0.0282638 3.04799e-05
0 0.910456 0.531629 0.0411568 0.114401 3.08249e-05
0 0.826659 0.650404 0.0952911 0.230821 3.09991e-05
0 0.685206 0.990242 0.0563589 0.0195155 3.12218e-05
0 0.373563 0.026245 0.0648869 0.0524899 3.12562e-05
0 0.906377 0.0131225 0.0367075 0.026245 3.13018e-05
0 0.553949 0.0339838 0.0645161 0.0679677 3.13313e-05
0 0.909529 0.48284 0.0415276 0.111036 3.1427e-05
0 0.494253 0.324361 0.0370782 0.12786 3.14464e-05
0 0.868743 0.0158143 0.0378198 0.0316285 3.15997e-05
0 0.136633 0.345895 0.0448647 0.111709 3.17313e-05
0 0.627364 0.813257 0.0482017 0.123149 3.18146e-05
0 0.131257 0.942127 0.0355951 0.115747 3.18468e-05
0 0.745273 0.988896 0.057842 0.0222073 3.18647e-05
0 0.83667 0.916555 0.0760104 0.166891 3.19004e-05
0 0.199666 0.196501 0.0693363 0.146703 3.1922e-05
0 0.53541 0.679677 0.0304042 0.164199 3.19319e-05
0 0.16129 0.26144 0.0415276 0.111036 3.20963e-05
0 0.881906 0.450538 0.0589544 0.209287 3.21143e-05
0 0.743789 0.220054 0.0496848 0.197847 3.21585e-05
0 0.259733 0.031965 0.0574713 0.06393 3.22087e-05
0 0.984242 0.461306 0.0315165 0.277927 3.22441e-05
0 0.81053 0.844213 0.0504264 0.111036 3.22767e-05
0 0.322951 0.320996 0.0526511 0.0995962 3.24395e-05
0 0.57564 0.875841 0.059696 0.127187 3.25644e-05
0 0.243048 0.211642 0.0456062 0.0908479 3.26053e-05
0 0.0063033 0.571332 0.0126066 0.168237 3.2703e-05
0 0.503152 0.27389 0.0541342 0.13459 3.27206e-05
0 0.306266 0.0158143 0.0385614 0.0316285 3.28492e-05
0 0.161846 0.935397 0.071561 0.129206 3.28662e-05
0 0.635892 0.213997 0.0444939 0.110363 3.30526e-05
0 0.693363 0.90747 0.0355951 0.152759 3.31349e-05
0 0.782351 0.943472 0.0140897 0.113055 3.34777e-05
0 0.841305 0.0215343 0.045977 0.0430686 3.35931e-05
0 0.159993 0.574697 0.0478309 0.106326 3.36524e-05
0 0.682796 0.946501 0.0159436 0.106999 3.3733e-05
0 0.918243 0.932369 0.110864 0.135262 3.38666e-05
0 0.539118 0.22039 0.0378198 0.105653 3.39371e-05
0 0.0515387 0.905787 0.0659993 0.13459 3.40203e-05
0 0.687801 0.801144 0.0585836 0.112382 3.40543e-05
0 0.879681 0.950538 0.0352243 0.0989233 3.40798e-05
0 0.0224323 0.864401 0.0448647 0.170256 3.42705e-05
0 0.640527 0.926312 0.0463478 0.147376 3.42901e-05
0 0.20838 0.947847 0.017056 0.104307 3.43749e-05
0 0.909529 0.441117 0.0415276 0.108345 3.44741e-05
0 0.471264 0.515478 0.0474601 0.219381 3.45259e-05
0 0.314423 0.168237 0.0407861 0.110363 3.46578e-05
0 0.236745 0.937416 0.0218762 0.125168 3.49652e-05
0 0.565999 0.749664 0.0567297 0.185734 3.51329e-05
0 0.978495 0.587483 0.0430108 0.258412 3.54972e-05
0 0.987023 0.485195 0.0237301 0.12786 3.55002e-05
0 0.707453 0.944818 0.0148313 0.110363 3.55135e-05
0 0.353912 0.862046 0.0552466 0.121131 3.55606e-05
0 0.589359 0.980485 0.0218762 0.039031 3.55886e-05
0 0.0626622 0.811238 0.0556174 0.127187 3.5646e-05
0 0.0189099 0.814939 0.0378198 0.165545 3.56793e-05
0 0.958658 0.991252 0.0619207 0.0174966 3.58338e-05
0 0.757508 0.943809 0.0148313 0.112382 3.58347e-05
0 0.68502 0.212315 0.0463478 0.127187 3.5872e-05
0 0.00222469 0.0279273 0.00444939 0.0558546 3.58897e-05
0 0.4099 0.17362 0.0389321 0.119785 3.58916e-05
0 0.449203 0.620121 0.0359659 0.167564 3.60162e-05
0 0.3934 0.92463 0.0526511 0.15074 3.62909e-05
0 0.136263 0.485195 0.0418984 0.110363 3.63217e-05
0 0.286429 0.254374 0.04264 0.0928668 3.63827e-05
0 0.266593 0.936743 0.0215054 0.126514 3.64481e-05
0 0.131442 0.0124495 0.0352243 0.0248991 3.64784e-05
0 0.887097 0.934388 0.071561 0.131225 3.66149e-05
0 0.661476 0.932032 0.074898 0.135935 3.66153e-05
0 0.738784 0.252692 0.0352243 0.0975774 3.66477e-05
0 0.25825 0.94751 0.0166852 0.10498 3.67079e-05
0 0.0150167 0.829408 0.0300334 0.280619 3.6802e-05
0 0.732481 0.944145 0.0144605 0.111709 3.68419e-05
0 0.240638 0.328735 0.0474601 0.135262 3.69706e-05
0 0.35799 0.0531629 0.0441231 0.106326 3.71348e-05
0 0.686689 0.302153 0.0452354 0.0928668 3.72292e-05
0 0.80571 0.762786 0.0600667 0.129879 3.72799e-05
0 0.931405 0.0124495 0.0363367 0.0248991 3.73948e-05
0 0.00778643 0.616083 0.0155729 0.141992 3.74034e-05
0 0.807935 0.802826 0.051168 0.111709 3.75963e-05
0 0.23693 0.806191 0.0600667 0.119785 3.77423e-05
0 0.797182 0.822005 0.074898 0.183715 3.78069e-05
0 0.614757 0.0299462 0.0645161 0.0598923 3.78278e-05
0 0.0552466 0.976783 0.0252132 0.0464334 3.78322e-05
0 0.00519095 0.686406 0.0103819 0.177658 3.784e-05
0 0.322024 0.989233 0.0574713 0.0215343 3.78842e-05
0 0.316277 0.878869 0.057842 0.164199 3.79058e-05
0 0.961809 0.986541 0.0266963 0.0269179 3.79138e-05
0 0.515573 0.349933 0.0448647 0.123822 3.7967e-05
0 0.464034 0.213324 0.0381906 0.100942 3.79833e-05
0 0.865591 0.480485 0.0404153 0.106326 3.80059e-05
0 0.508899 0.684724 0.0307749 0.148721 3.82466e-05
0 0.539859 0.876851 0.0571005 0.12786 3.86603e-05
0 0.00945495 0.675976 0.0189099 0.224092 3.89676e-05
0 0.66333 0.846568 0.0422692 0.115747 3.90296e-05
0 0.500927 0.877187 0.0571005 0.127187 3.93346e-05
0 0.670189 0.0114401 0.0500556 0.0228802 3.93559e-05
0 0.337968 0.123149 0.0367075 0.107672 3.95373e-05
0 0.862254 0.926312 0.0723026 0.147376 3.98444e-05
0 0.479978 0.774563 0.0767519 0.228802 4.01917e-05
0 0.144791 0.29105 0.0515387 0.16218 4.08134e-05
0 0.382091 0.811911 0.0515387 0.123149 4.10741e-05
0 0.201149 0.989906 0.0559881 0.0201884 4.13251e-05
0 0.70634 0.0232167 0.0474601 0.0464334 4.13738e-05
0 0.262143 0.989569 0.0571005 0.0208614 4.15104e-05
0 0.629959 0.268506 0.0563589 0.191117 4.16008e-05
0 0.452169 0.451548 0.0367075 0.152086 4.16456e-05
0 0.922692 0.981157 0.0537634 0.0376851 4.19361e-05
0 0.0129774 0.993271 0.0259548 0.013459 4.20705e-05
0 0.36485 0.58782 0.0482017 0.132571 4.21072e-05
0 0.0854653 0.806191 0.0537634 0.12786 4.2123e-05
0 0.262329 0.762113 0.0567297 0.123149 4.21718e-05
0 0.00778643 0.303499 0.0155729 0.15074 4.23252e-05
0 0.786059 0.76245 0.0489433 0.111709 4.23955e-05
0 0.292918 0.913526 0.0882462 0.172948 4.25801e-05
0 0.212273 0.758412 0.0552466 0.119785 4.26345e-05
0 0.161105 0.301817 0.0433815 0.104307 4.27885e-05
0 0.26307 0.249327 0.037449 0.0921938 4.28242e-05
0 0.655914 0.812248 0.0526511 0.126514 4.31016e-05
0 0.35799 0.355316 0.0463478 0.131898 4.31973e-05
0 0.984242 0.990579 0.0315165 0.0188425 4.33406e-05
0 0.426029 0.742261 0.0711902 0.189771 4.36789e-05
0 0.956062 0.0151413 0.0359659 0.0302826 4.3731e-05
0 0.00871339 0.480148 0.0174268 0.135262 4.37559e-05
0 0.122173 0.80821 0.0871339 0.145357 4.42092e-05
0 0.492584 0.222073 0.0656285 0.131898 4.44559e-05
0 0.00648869 0.0400404 0.0129774 0.0800808 4.44944e-05
0 0.235261 0.758412 0.0574713 0.117093 4.44986e-05
0 0.495551 0.527927 0.0493141 0.19852 4.52236e-05
0 0.316092 0.595222 0.0559881 0.143338 4.54156e-05
0 0.376529 0.933042 0.04264 0.133917 4.55594e-05
0 0.421765 0.372813 0.0530219 0.205922 4.55963e-05
0 0.712458 0.800135 0.059696 0.113055 4.61919e-05
0 0.321098 0.747645 0.0860215 0.213997 4.62968e-05
0 0.0287356 0.0282638 0.0478309 0.0565276 4.65391e-05
0 0.0179829 0.0124495 0.0329996 0.0248991 4.69987e-05
0 0.403967 0.280956 0.0456062 0.194482 4.71205e-05
0 0.508899 0.218035 0.037449 0.0942127 4.74394e-05
0 0.564701 0.221063 0.0407861 0.106999 4.75023e-05
0 0.135521 0.530283 0.0433815 0.114401 4.75747e-05
0 0.340564 0.301817 0.04264 0.089502 4.77386e-05
0 0.987208 0.381225 0.025584 0.246972 4.82496e-05
0 0.579718 0.585801 0.04264 0.11642 4.83199e-05
0 0.342603 0.268506 0.0563589 0.185734 4.84906e-05
0 0.464776 0.350606 0.04264 0.114401 4.86041e-05
0 0.135706 0.574024 0.045977 0.114401 4.86707e-05
0 0.390619 0.301817 0.0500556 0.1393 4.99234e-05
0 0.374305 0.466353 0.0315165 0.118439 5.00626e-05
0 0.488506 0.216353 0.0367075 0.0921938 5.02336e-05
0 0.524657 0.694482 0.0318873 0.183042 5.08027e-05
0 0.155358 0.946501 0.0311457 0.106999 5.0903e-05
0 0.297738 0.614738 0.0600667 0.193136 5.09087e-05
0 0.687987 0.845222 0.0456062 0.111709 5.1264e-05
0 0.738228 0.806528 0.0519095 0.115074 5.134e-05
0 0.447905 0.694818 0.0326288 0.229475 5.16928e-05
0 0.6802 0.902086 0.0396737 0.127187 5.17723e-05
0 0.263812 0.808546 0.0611791 0.120458 5.19689e-05
0 0.711161 0.841521 0.0482017 0.111036 5.2186e-05
0 0.344271 0.362046 0.0367075 0.110363 5.24207e-05
0 0.314609 0.254711 0.0441231 0.0962315 5.24271e-05
0 0.00926956 1 0.0185391 0 5.25122e-05
0 0.886911 0.442127 0.0385614 0.109017 5.34735e-05
0 0.0899147 0.92463 0.0567297 0.139973 5.43896e-05
0 0.222469 0.451884 0.0556174 0.151413 5.47054e-05
0 0.488877 0.254374 0.0396737 0.0888291 5.52179e-05
0 0.710419 0.583445 0.063033 0.113055 5.53182e-05
0 0.616611 0.315949 0.0482017 0.121803 5.55728e-05
0 0.419911 0.305182 0.04264 0.175639 5.5645e-05
0 0.45495 0.268506 0.0556174 0.183042 5.58074e-05
0 0.293289 0.809892 0.063033 0.121803 5.58489e-05
0 0.426214 0.97611 0.0270671 0.0477793 5.67255e-05
0 0.353541 0.811911 0.0552466 0.125841 5.68372e-05
0 0.74175 0.360027 0.0441231 0.137281 5.68502e-05
0 0.978309 0.956258 0.0433815 0.0874832 5.68956e-05
0 0.65888 0.302826 0.0452354 0.0915209 5.69443e-05
0 0.636077 0.301817 0.0463478 0.0935397 5.72883e-05
0 0.484798 0.358008 0.0433815 0.130552 5.77611e-05
0 0.391917 0.449529 0.0370782 0.152086 5.78907e-05
0 0.315536 0.212651 0.0422692 0.103634 5.82365e-05
0 0.362069 0.171938 0.0441231 0.115074 5.8993e-05
0 0.337597 0.168237 0.0381906 0.115747 5.92451e-05
0 0.762885 0.799125 0.0671116 0.106999 5.94823e-05
0 0.785873 0.91319 0.0745273 0.17362 5.97174e-05
0 0.32221 0.811238 0.057842 0.124495 5.97497e-05
0 0.980163 0.0205249 0.0367075 0.0410498 6.02286e-05
0 0.988135 0.0669583 0.0237301 0.133917 6.02748e-05
0 0.685762 0.920592 0.0745273 0.158816 6.02874e-05
0 0.211531 0.925976 0.0730441 0.148048 6.05091e-05
0 0.432888 0.215007 0.0433815 0.104307 6.05632e-05
0 0.388765 0.175303 0.0381906 0.117766 6.10123e-05
0 0.516314 0.301144 0.0418984 0.0948856 6.11589e-05
0 0.295884 0.678668 0.0697071 0.172948 6.17847e-05
0 0.785317 0.804509 0.0533927 0.111036 6.18467e-05
0 0.419726 0.619448 0.0355951 0.16218 6.34688e-05
0 0.261402 0.923284 0.0734149 0.153432 6.35355e-05
0 0.0430108 0.972746 0.0326288 0.0545087 6.37332e-05
0 0.33185 0.67934 0.0422692 0.135262 6.4601e-05
0 0.00444939 0.797779 0.00889878 0.183715 6.53954e-05
0 0.630886 0.943809 0.0315165 0.112382 6.56005e-05
0 0.736003 0.91319 0.0741565 0.17362 6.56979e-05
0 0.462922 0.30249 0.0418984 0.0921938 6.63942e-05
0 0.609381 0.215343 0.0367075 0.109017 6.64806e-05
0 0.0124212 0.626514 0.0248424 0.22611 6.67111e-05
0 0.580089 0.0467699 0.0411568 0.0935397 6.74642e-05
0 0.718391 0.266487 0.071561 0.144011 6.75375e-05
0 0.283463 0.210633 0.0418984 0.0982503 6.77809e-05
0 0.761772 0.837483 0.0552466 0.106999 6.78923e-05
0 0.987393 0.906797 0.0252132 0.186406 6.89189e-05
0 0.544865 0.323015 0.0448647 0.125168 6.90384e-05
0 0.193178 0.574697 0.0563589 0.109017 7.13958e-05
0 0.822766 0.630552 0.057842 0.166891 7.18696e-05
0 0.466444 0.977793 0.0326288 0.0444145 7.21248e-05
0 0.368372 0.282974 0.0826845 0.141992 7.57484e-05
0 0.451613 0.972746 0.034112 0.0545087 7.69319e-05
0 0.985725 0.006393 0.0285502 0.012786 7.80087e-05
0 0.476641 0.970727 0.0344828 0.0585464 7.83223e-05
0 0.6066 0.216689 0.0504264 0.177658 7.9259e-05
0 0.338895 0.213324 0.0407861 0.106326 8.01596e-05
0 0.461439 0.258412 0.04264 0.090175 8.01736e-05
0 0.539859 0.597577 0.0378198 0.12786 8.18696e-05
0 0.677605 0.276245 0.0611791 0.19179 8.2297e-05
0 0.635521 0.258412 0.0452354 0.0969044 8.3116e-05
0 0.951242 0.946501 0.0337412 0.106999 8.45491e-05
0 0.0103819 0.559219 0.0207638 0.195155 8.50765e-05
0 0.682796 0.263122 0.0485725 0.106326 8.55162e-05
0 0.891175 0.946164 0.0367075 0.107672 8.61977e-05
0 0.532073 0.306191 0.0430108 0.125168 8.6402e-05
0 0.606229 0.455922 0.0333704 0.148721 8.65899e-05
0 0.0107527 0.0534993 0.0215054 0.106999 8.71086e-05
0 0.692807 0.395357 0.0500556 0.179677 8.81256e-05
0 0.854839 0.951548 0.0263255 0.0969044 8.91959e-05
0 0.988506 0.961305 0.0229885 0.077389 9.00695e-05
0 0.987579 0.164872 0.0248424 0.248991 9.2145e-05
0 0.0103819 0.129206 0.0207638 0.207268 9.22374e-05
0 0.243789 0.277254 0.054505 0.141319 9.25404e-05
0 0.2132 0.555518 0.0489433 0.132571 9.29631e-05
0 0.413793 0.295424 0.0444939 0.090175 9.46891e-05
0 0.299592 0.281965 0.063033 0.13459 9.53328e-05
0 0.38135 0.243607 0.0515387 0.144011 9.58157e-05
0 0.165184 0.932032 0.0337412 0.135935 9.69486e-05
0 0.515017 0.257066 0.0385614 0.090175 9.89345e-05
0 0.988691 0.846232 0.0226177 0.164872 0.000103087
0 0.0645161 0.975774 0.0200222 0.0484522 0.000103846
0 0.989062 0.0181696 0.0218762 0.0363392 0.000104179
0 0.339822 0.253028 0.0404153 0.0969044 0.000105097
0 0.617353 0.942799 0.0385614 0.114401 0.000105154
0 0.00945495 0.0121131 0.0189099 0.0242261 0.000105381
0 0.363367 0.211978 0.0482017 0.10498 0.000105825
0 0.0122358 0.445155 0.0244716 0.216016 0.000106112
0 0.709863 0.718035 0.0945495 0.211306 0.000106482
0 0.356693 0.310902 0.0407861 0.130552 0.000106905
0 0.00908417 0.960969 0.0181683 0.0780619 0.000108167
0 0.422877 0.691454 0.0411568 0.213324 0.00010888
0 0.565814 0.592194 0.0355951 0.122476 0.000109954
0 0.535224 0.351615 0.0515387 0.131225 0.000114579
0 0.180015 0.933378 0.0396737 0.126514 0.000115938
0 0.364294 0.253028 0.0456062 0.0955585 0.000116653
0 0.929737 0.939771 0.0441231 0.120458 0.00011761
0 0.73934 0.451211 0.045977 0.202557 0.000118181
0 0.395254 0.218708 0.051168 0.184388 0.000128277
0 0.601965 0.329071 0.0441231 0.148048 0.000134252
0 0.63997 0.951211 0.028921 0.0975774 0.000136698
0 0.833333 0.580417 0.0500556 0.113728 0.000143839
0 0.408602 0.210633 0.0482017 0.0995962 0.000144449
0 0.987579 0.532974 0.0218762 0.133244 0.00014546
0 0.375417 0.722746 0.0656285 0.242261 0.000145871
0 0.859288 0.932032 0.04264 0.130552 0.000148005
0 0.00926956 0.403769 0.0185391 0.212651 0.000148968
0 0.985725 0.79576 0.020393 0.171602 0.000149046
0 0.0863923 0.852961 0.0786059 0.19852 0.000149863
0 0.119948 0.926649 0.0448647 0.139973 0.000150586
0 0.951613 0.970727 0.0226177 0.0585464 0.000153296
0 0.781795 0.564603 0.0567297 0.142665 0.000154617
0 0.659807 0.275908 0.0626622 0.146703 0.000158343
0 0.480905 0.286003 0.0585836 0.125168 0.000162663
0 0.00945495 0.910834 0.0189099 0.178331 0.000173733
0 0.418057 0.243943 0.0582128 0.16218 0.0001738
0 0.0485725 0.850942 0.0674824 0.106999 0.000175874
0 0.986652 0.661171 0.0215054 0.150067 0.00017597
0 0.90508 0.946164 0.0378198 0.107672 0.000176266
0 0.268076 0.195155 0.0355951 0.149394 0.000179098
0 0.98591 0.682369 0.0281795 0.281292 0.000180917
0 0.391732 0.213997 0.0396737 0.106326 0.000209075
0 0.391546 0.252692 0.0452354 0.0935397 0.00020908
0 0.11142 0.858008 0.0975158 0.126514 0.000209201
0 0.586578 0.250336 0.051168 0.144011 0.000211353
0 0.207267 0.638964 0.0659993 0.195828 0.000227131
0 0.436225 0.277927 0.0493141 0.158816 0.000230395
0 0.0101965 0.764468 0.020393 0.216689 0.00023535
0 0.98832 0.537349 0.0233593 0.209287 0.00023536
0 0.480534 0.712315 0.0519095 0.207941 0.000239018
0 0.565072 0.348923 0.0519095 0.123149 0.000244092
0 0.568224 0.264805 0.0515387 0.0989233 0.0002837
0 0.217464 0.379206 0.0530219 0.172948 0.000301177
0 0.555061 0.693136 0.0311457 0.199192 0.000301974
0 0.413237 0.254711 0.0456062 0.0908479 0.000324758
0 0.0114943 0.35498 0.0229885 0.213324 0.000331088
0 0.594179 0.681023 0.0418984 0.197847 0.000413177
0 0.544679 0.269515 0.0526511 0.170256 0.000452748
0 0.681498 0.451548 0.0489433 0.187079 0.000460728
0 0.693919 0.684724 0.054505 0.159489 0.000462737
0 0.250834 0.587483 0.0530219 0.169583 0.000499199
0 0.784946 0.382571 0.051168 0.164872 0.000525527
0 0.506674 0.621804 0.0300334 0.18035 0.000568507
0 0.0111235 0.855653 0.0222469 0.229475 0.000576685
0 0.590471 0.353634 0.0404153 0.133917 0.000650699
0 0.554876 0.621131 0.0322581 0.166891 0.000685169
0 0.606785 0.265814 0.0418984 0.137281 0.000715161
0 0.392659 0.401077 0.0489433 0.168237 0.00071622
0 0.989618 0.743271 0.0207638 0.216016 0.000744144
0 0.484613 0.653096 0.0252132 0.186406 0.000744941
0 0.989618 0.605989 0.0207638 0.19852 0.000776892
0 0.727104 0.404105 0.0474601 0.171602 0.000837402
0 0.546162 0.268506 0.0422692 0.0888291 0.000847195
0 0.593252 0.303499 0.034112 0.113055 0.00088634
0 0.619763 0.425976 0.04264 0.213997 0.00101054
0 0.569707 0.306191 0.04264 0.122476 0.00103155
0 0.655358 0.385935 0.0589544 0.166218 0.00113453
0 0.50241 0.67463 0.0548758 0.21467 0.00116949
0 0.286615 0.406797 0.045977 0.193136 0.0014493
0 0.237486 0.375841 0.0656285 0.213324 0.00163937
0 0.659622 0.681696 0.068224 0.220727 0.00166314
0 0.361884 0.652086 0.0526511 0.234186 0.00197644
0 0.986837 0.822005 0.0263255 0.288694 0.00198984
0 0.508528 0.422611 0.0433815 0.196501 0.00244244
0 0.326659 0.415209 0.0533927 0.174966 0.00273399
0 0.06637 0.870794 0.0741565 0.126514 0.00335157
0 0.582128 0.287012 0.0370782 0.119112 0.00384615
0 0.362996 0.440444 0.0407861 0.16891 0.00430257
0 0.567853 0.685061 0.0359659 0.195155 0.00463119
0 0.585465 0.418573 0.0422692 0.204576 0.00515337
0 0.5571 0.287349 0.04264 0.115747 0.00632902
0 0.465517 0.41891 0.0329996 0.206595 0.00986436
0 0.528736 0.638627 0.0333704 0.183042 0.0395704
0 0.482202 0.646366 0.122729 0.19179 0.120084
0 0.560438 0.645693 0.0826845 0.197174 0.169186
0 0.601594 0.416891 0.103448 0.194482 0.223949
0 0.484427 0.422611 0.121987 0.199192 0.243986
0 0.556359 0.416555 0.0915832 0.204576 0.254385
0 0.350204 0.416891 0.134594 0.189098 0.257224
0 0.408788 0.64502 0.083426 0.195828 0.268512
0 0.677234 0.422947 0.112347 0.187752 0.298212
0 0.608825 0.649731 0.097145 0.194482 0.342097
0 0.416203 0.415882 0.0923248 0.191117 0.358658
0 0.4835 0.637281 0.0600667 0.176312 0.369695
0 0.278643 0.406124 0.103448 0.19179 0.405991
0 0.516871 0.636945 0.028921 0.194482 0.752015
0 0.577679 0.651077 0.0378198 0.205249 0.800798
0 0.348535 0.420929 0.0363367 0.178331 0.81856
0 0.604375 0.409489 0.0452354 0.211978 0.822422
0 0.406748 0.643338 0.0363367 0.216689 0.828963
0 0.466259 0.638627 0.0329996 0.187079 0.829184
0 0.441602 0.419919 0.0444939 0.193809 0.829493
0 0.493511 0.639637 0.0274379 0.16891 0.829785
0 0.545792 0.645357 0.0318873 0.191117 0.83289
0 0.379681 0.427995 0.0400445 0.17362 0.8343
0 0.407304 0.410161 0.0411568 0.210633 0.845311
0 0.484427 0.424966 0.04264 0.210633 0.846391
0 0.378198 0.6393 0.0430108 0.20323 0.847419
0 0.667594 0.422947 0.0418984 0.19179 0.848566
0 0.528365 0.42362 0.0452354 0.207941 0.848726
0 0.43604 0.649731 0.0355951 0.216016 0.849826
0 0.565443 0.419583 0.0407861 0.19179 0.850254
0 0.640897 0.648721 0.0456062 0.197847 0.857291
0 0.63515 0.421938 0.0400445 0.195155 0.859512
0 0.605488 0.65074 0.0415276 0.20996 0.860073
0 0.762885 0.396703 0.0537634 0.207941 0.863956
0 0.710419 0.41218 0.0496848 0.201211 0.866409
0 0.256211 0.394011 0.0489433 0.216016 0.871416
0 0.23007 0.581427 0.054505 0.149394 0.877085
0 0.746199 0.613728 0.0789766 0.183042 0.885999
0 0.307379 0.420929 0.0526511 0.189098 0.888162
0 0.330367 0.631898 0.0734149 0.197847 0.888388
0 0.693734 0.644347 0.0860215 0.199865 0.892378
0 0.797924 0.591857 0.0704486 0.159489 0.895536
0 0.274194 0.612046 0.0708194 0.181023 0.897322
