0 0.105498 0.828073 0.0586924 0.175957 7.73936e-06
0 0.249629 0.876763 0.0586924 0.144392 7.74059e-06
0 0.752229 0.820685 0.0809807 0.212223 7.74309e-06
0 0.761516 0.00973808 0.0349183 0.0194762 7.76149e-06
0 0.863299 0.304903 0.0475483 0.120887 7.76279e-06
0 0.302006 0.606783 0.0416048 0.125588 7.79853e-06
0 0.838596 0.304567 0.0456909 0.109469 7.80082e-06
0 0.519316 0.00906649 0.0356612 0.018133 7.83604e-06
0 0.687407 0.211887 0.044948 0.118872 7.84268e-06
0 0.537147 0.0527199 0.0586924 0.10544 7.86358e-06
0 0.093425 1 0.0791233 0 7.88586e-06
0 0.48607 0.890195 0.0360327 0.104097 7.89365e-06
0 0.850483 0.975151 0.0211738 0.0496978 7.90413e-06
0 0.475483 0.0523841 0.0416048 0.104768 7.91099e-06
0 0.974369 0.988247 0.0289747 0.0235057 7.93538e-06
0 0.251486 0.971122 0.114413 0.0577569 7.95022e-06
0 0.503529 0.627267 0.0412333 0.157152 7.9649e-06
0 0.0633358 0.710544 0.0456909 0.134318 8.00176e-06
0 0.185921 0.303559 0.0427192 0.111484 8.01327e-06
0 0.685364 0.0517126 0.0475483 0.103425 8.0332e-06
0 0.292533 0.0500336 0.0598068 0.100067 8.03684e-06
0 0.359027 0.954332 0.018945 0.0913365 8.04672e-06
0 0.544205 0.927804 0.038633 0.144392 8.04679e-06
0 0.462667 0.304231 0.0390045 0.102082 8.05134e-06
0 0.764487 1 0.076523 0 8.05553e-06
0 0.48607 0.934856 0.0375186 0.104768 8.05992e-06
0 0.836367 0.0083949 0.0360327 0.0167898 8.06102e-06
0 0.115527 0.0554063 0.0690936 0.110813 8.0977e-06
0 0.619242 0.0100739 0.0371471 0.0201478 8.10557e-06
0 0.394131 0.584285 0.0416048 0.123573 8.10915e-06
0 0.446694 0.497649 0.019688 0.124916 8.13145e-06
0 0.781575 0.24278 0.0520059 0.234385 8.1349e-06
0 0.637816 0.985561 0.013373 0.0288784 8.13582e-06
0 0.431649 0.0221625 0.0312036 0.044325 8.14197e-06
0 0.774331 0.974479 0.0234027 0.051041 8.14771e-06
0 0.367571 0.902619 0.057578 0.14775 8.15327e-06
0 0.811664 0.844862 0.0438336 0.108798 8.16417e-06
0 0.295505 0.098724 0.0650074 0.137005 8.19383e-06
0 0.763002 0.30591 0.0393759 0.122901 8.20105e-06
0 0.211738 0.123909 0.0401189 0.110813 8.21144e-06
0 0.760215 0.665883 0.0419762 0.104097 8.23615e-06
0 0.907318 0.96642 0.058321 0.0671592 8.2494e-06
0 0.263559 0.48086 0.0494056 0.104768 8.27037e-06
0 0.607541 0.522498 0.0286033 0.0886501 8.30077e-06
0 0.418091 0.988919 0.0687221 0.0221625 8.32388e-06
0 0.366642 0.970786 0.0267459 0.0584285 8.34581e-06
0 0.661961 0.305574 0.0401189 0.103425 8.35974e-06
0 0.484955 0.78912 0.0427192 0.100739 8.38886e-06
0 0.136144 0.391538 0.0568351 0.135662 8.39317e-06
0 0.474369 0.914372 0.0408618 0.120215 8.39587e-06
0 0.607912 0.588314 0.0390045 0.0993956 8.42189e-06
0 0.903975 0.976494 0.0130015 0.0470114 8.44069e-06
0 0.09974 0.983546 0.117756 0.032908 8.4452e-06
0 0.729755 0.954332 0.0360327 0.0886501 8.44999e-06
0 0.149146 0.976158 0.0664933 0.047683 8.45632e-06
0 0.171805 1 0.082838 0 8.45761e-06
0 0.982727 0.587307 0.0345468 0.230356 8.45795e-06
0 0.786404 0.712895 0.0445765 0.10544 8.46007e-06
0 0.022474 0.647414 0.0427192 0.142377 8.46154e-06
0 0.837853 0.796172 0.0605498 0.108126 8.48575e-06
0 0.162147 0.350907 0.044948 0.117529 8.48999e-06
0 0.480498 0.825386 0.0538633 0.184016 8.49404e-06
0 0.835067 0.422767 0.0631501 0.136333 8.49464e-06
0 0.0809807 0.881128 0.0928678 0.174614 8.5182e-06
0 0.312221 0.264943 0.0679792 0.16454 8.52366e-06
0 0.23867 0.0711887 0.0739227 0.142377 8.52388e-06
0 0.770245 0.958026 0.126672 0.083949 8.52557e-06
0 0.511701 0.841169 0.0494056 0.102754 8.59017e-06
0 0.744985 0.0520484 0.0479198 0.104097 8.59018e-06
0 0.161404 0.573539 0.0508915 0.127602 8.6019e-06
0 0.0843239 0.708865 0.0482912 0.133647 8.60744e-06
0 0.774331 0.647079 0.0538633 0.117529 8.61395e-06
0 0.735327 0.305574 0.0427192 0.114171 8.62789e-06
0 0.982541 0.453324 0.0349183 0.229684 8.63659e-06
0 0.469539 0.00906649 0.0364042 0.018133 8.63874e-06
0 0.2474 0.956682 0.0282318 0.0866353 8.64895e-06
0 0.805163 0.428475 0.0538633 0.12223 8.67272e-06
0 0.305349 0.905641 0.0497771 0.139019 8.71855e-06
0 0.342496 0.942243 0.0364042 0.115514 8.72455e-06
0 0.955423 0.051041 0.0505201 0.102082 8.73933e-06
0 0.086367 0.570853 0.0553492 0.124916 8.7532e-06
0 0.60234 0.979181 0.0167162 0.0416387 8.76602e-06
0 0.624071 0.047683 0.0564636 0.095366 8.77622e-06
0 0.655461 0.0523841 0.0442051 0.104768 8.78509e-06
0 0.00464339 0.411686 0.00928678 0.20685 8.79421e-06
0 0.811107 0.747482 0.0612927 0.106111 8.80646e-06
0 0.656204 0.59268 0.0560921 0.125588 8.81393e-06
0 0.173477 0.93049 0.0720654 0.122901 8.82502e-06
0 0.176263 0.970114 0.114042 0.0597717 8.82608e-06
0 0.291233 0.18133 0.0534918 0.208193 8.82627e-06
0 0.606798 0.978173 0.0650074 0.0436535 8.83486e-06
0 0.431092 0.496306 0.0300892 0.114171 8.83591e-06
0 0.73607 0.395903 0.0427192 0.10141 8.84147e-06
0 0.759101 0.0732035 0.0739227 0.146407 8.8623e-06
0 0.145988 0.758899 0.0460624 0.120887 8.87399e-06
0 0.058321 0.985897 0.0274889 0.0282068 8.8957e-06
0 0.16159 0.303895 0.0438336 0.116185 8.966e-06
0 0.907132 0.950638 0.0163447 0.098724 8.96819e-06
0 0.784361 0.393889 0.0419762 0.10544 9.01985e-06
0 0.509472 0.206179 0.0531204 0.132975 9.05086e-06
0 0.633544 0.955675 0.018945 0.0886501 9.0755e-06
0 0.0570208 0.791135 0.0694651 0.131632 9.07794e-06
0 0.887444 0.910678 0.0304606 0.114171 9.08182e-06
0 0.780646 0.981531 0.0679792 0.0369375 9.08329e-06
0 0.203938 0.465749 0.0750371 0.165883 9.09327e-06
0 0.670319 0.606447 0.0397474 0.110141 9.09589e-06
0 0.557578 0.962055 0.0267459 0.0758899 9.10885e-06
0 0.211738 0.349563 0.0423477 0.106783 9.13436e-06
0 0.144874 0.645735 0.0438336 0.136333 9.16355e-06
0 0.690007 1 0.0754086 0 9.19864e-06
0 0.759287 0.418066 0.0549777 0.171256 9.19943e-06
0 0.763559 0.484218 0.0456909 0.115514 9.21475e-06
0 0.0861813 0.529214 0.0453195 0.131632 9.27744e-06
0 0.780646 0.0433177 0.0404903 0.0866353 9.2954e-06
0 0.825594 0.95366 0.0256315 0.0926796 9.29643e-06
0 0.81185 0.799866 0.0464339 0.107455 9.3067e-06
0 0.187036 0.956347 0.0204309 0.0873069 9.30954e-06
0 0.21341 0.622566 0.0494056 0.111484 9.33819e-06
0 0.510215 0.389523 0.0390045 0.108798 9.34141e-06
0 0.765045 0.258227 0.0367756 0.129617 9.34645e-06
0 0.844354 0.974479 0.0245171 0.051041 9.3644e-06
0 0.476226 0.992277 0.112184 0.0154466 9.38294e-06
0 0.482541 1 0.0586924 0 9.39436e-06
0 0.200966 0.859302 0.0794948 0.207522 9.40083e-06
0 0.703938 0.919073 0.0534918 0.161854 9.44029e-06
0 0.138001 0.172263 0.0427192 0.113499 9.44281e-06
0 0.69688 0.960376 0.119614 0.0792478 9.4677e-06
0 0.238484 0.827401 0.0505201 0.225655 9.47075e-06
0 0.146174 0.698791 0.0471768 0.129617 9.47924e-06
0 1 1 0 0 9.48795e-06
0 0.777303 0.562794 0.0768945 0.196105 9.5132e-06
0 0.51133 0.929483 0.0516345 0.103425 9.54689e-06
0 0.964339 0.484553 0.051263 0.147079 9.57634e-06
0 0.0817236 0.429147 0.0534918 0.165212 9.59258e-06
0 0.567236 0.940228 0.0430906 0.119543 9.60523e-06
0 1 0.82505 0 0.163197 9.61957e-06
0 0.351226 0.0980524 0.0523774 0.137005 9.63176e-06
0 0.00557207 0.952317 0.0111441 0.095366 9.66057e-06
0 0.688336 0.304903 0.0438336 0.100739 9.66073e-06
0 0.788262 0.484553 0.0438336 0.106783 9.69093e-06
0 0.636144 0.889187 0.0419762 0.102082 9.6951e-06
0 0.894874 0.778039 0.0653789 0.124244 9.69638e-06
0 0.917719 0.0503694 0.0471768 0.100739 9.71058e-06
0 0.835996 0.753526 0.0442051 0.112827 9.72103e-06
0 0.814079 0.97683 0.0271174 0.0463398 9.72154e-06
0 0.205423 0.406985 0.0624071 0.155809 9.72567e-06
0 0.444837 0.724647 0.0271174 0.115514 9.7307e-06
0 0.812221 0.714909 0.044948 0.110813 9.7402e-06
0 0.061107 0.99362 0.0300892 0.0127602 9.74154e-06
0 0.663633 0.980188 0.0256315 0.0396239 9.75037e-06
0 0.156018 0.195769 0.0661218 0.200806 9.7529e-06
0 0.679235 0.0208193 0.0456909 0.0416387 9.767e-06
0 0.532318 0.730356 0.0334324 0.10544 9.77079e-06
0 0.410847 0.304231 0.0393759 0.108798 9.80246e-06
0 0.381872 0.0275353 0.0326894 0.0550705 9.80676e-06
0 0.294019 0.0349228 0.0338039 0.0698455 9.83618e-06
0 0.984584 0.700806 0.0308321 0.235729 9.86221e-06
0 0.151746 0.972465 0.0286033 0.0550705 9.87771e-06
0 0.580238 0.406649 0.038633 0.136333 9.87782e-06
0 0.844354 0.718267 0.0631501 0.167226 9.87927e-06
0 0.534918 0.92814 0.0482912 0.100739 9.88835e-06
0 0.836553 0.713566 0.0416048 0.112156 9.97297e-06
0 0.859212 0.754533 0.0423477 0.113499 9.97677e-06
0 0.588596 0.984218 0.0182021 0.0315648 9.98883e-06
0 0.330609 0.880792 0.0653789 0.202149 1.00194e-05
0 0.582652 0.986232 0.0620357 0.0275353 1.00204e-05
0 0.134473 0.304567 0.0468053 0.122901 1.00471e-05
0 1 0.32908 0 0.154466 1.0056e-05
0 0.96211 0.258563 0.0564636 0.108798 1.00764e-05
0 0.635401 0.259234 0.0404903 0.111484 1.00774e-05
0 0.659361 0.51914 0.0319465 0.0980524 1.00798e-05
0 0.352897 0.975487 0.013373 0.0490262 1.01086e-05
0 0.337667 0.258899 0.0416048 0.116185 1.01226e-05
0 0.558507 0.610477 0.0338039 0.0899933 1.01396e-05
0 0.31445 0.80994 0.0791233 0.174614 1.01432e-05
0 0.242571 0.967764 0.0230312 0.0644728 1.01579e-05
0 0.693536 0.979181 0.02526 0.0416387 1.01642e-05
0 0.139302 0.842176 0.0408618 0.114171 1.0166e-05
0 0.660847 0.796508 0.0482912 0.127602 1.01984e-05
0 0.683692 0.0738751 0.0761516 0.14775 1.02144e-05
0 0.53529 0.961048 0.064636 0.0779046 1.02439e-05
0 0.512816 0.889859 0.0360327 0.102082 1.02634e-05
0 0.593239 0.0570853 0.051263 0.114171 1.02751e-05
0 0.357727 0.965077 0.064636 0.0698455 1.02902e-05
0 0.556092 0.823707 0.0520059 0.151108 1.0306e-05
0 0.254086 0.572196 0.0586924 0.185359 1.0312e-05
0 0.446322 0.81229 0.0419762 0.110813 1.03159e-05
0 0.386887 0.259234 0.0397474 0.115514 1.03364e-05
0 0.386701 0.212559 0.0401189 0.116185 1.03411e-05
0 0.353269 0.0305574 0.0497771 0.0611148 1.03473e-05
0 0.135958 0.695433 0.0780089 0.188717 1.03603e-05
0 0.936293 0.531229 0.0486627 0.149093 1.0366e-05
0 0.132429 0.820013 0.0791233 0.162525 1.03718e-05
0 0.738856 0.351914 0.0423477 0.103425 1.03954e-05
0 0.419577 0.585628 0.0390045 0.112827 1.04114e-05
0 0.546062 0.524513 0.0215453 0.108798 1.04145e-05
0 0.110327 0.844527 0.0401189 0.108126 1.04267e-05
0 0.319094 0.0366017 0.0349183 0.0732035 1.04309e-05
0 0.57838 0.984218 0.0185736 0.0315648 1.04813e-05
0 0.00780089 0.798187 0.0156018 0.139019 1.04939e-05
0 0.647103 0.0725319 0.0750371 0.145064 1.05012e-05
0 0.442979 0.31867 0.0464339 0.113499 1.05438e-05
0 0.785475 0.837811 0.0553492 0.10544 1.05531e-05
0 0.986256 0.0779046 0.0267459 0.120887 1.05701e-05
0 0.360513 0.804903 0.0434621 0.102754 1.0592e-05
0 0.78399 0.977166 0.0278603 0.0456682 1.06327e-05
0 0.08711 0.21323 0.0531204 0.108126 1.06377e-05
0 0.0141159 0.717932 0.0282318 0.241773 1.06441e-05
0 0.395431 0.732706 0.0308321 0.138348 1.06467e-05
0 0.76003 0.619208 0.0438336 0.103425 1.06725e-05
0 0.77916 0.903627 0.0538633 0.192747 1.06837e-05
0 0.407875 0.726662 0.038633 0.124916 1.06911e-05
0 0.658432 0.955339 0.018945 0.0893217 1.06939e-05
0 0.152117 0.981195 0.0390045 0.0376091 1.06966e-05
0 0.333395 0.95131 0.0174591 0.0973808 1.06999e-05
0 0.247585 0.976158 0.019688 0.047683 1.07217e-05
0 0.721954 0.0718603 0.0739227 0.143721 1.07547e-05
0 0.610513 0.0715245 0.0754086 0.143049 1.07643e-05
0 0.6224 0.842176 0.0776374 0.212223 1.07685e-05
0 0.167533 0.982874 0.038633 0.0342512 1.07918e-05
0 0.554421 1 0.0546062 0 1.08021e-05
0 0.260958 0.325722 0.0471768 0.126259 1.08263e-05
0 0.167162 0.905306 0.0364042 0.104768 1.08288e-05
0 0.57318 0.0708529 0.0750371 0.141706 1.08365e-05
0 0.161218 0.171592 0.0438336 0.110813 1.08402e-05
0 0.385587 0.0721961 0.0742942 0.144392 1.09058e-05
0 0.742942 0.906313 0.0475483 0.137676 1.09105e-05
0 0.213039 0.573875 0.0479198 0.108126 1.09123e-05
0 0.686664 0.348892 0.0427192 0.0946944 1.09456e-05
0 0.874443 0.956682 0.0178306 0.0866353 1.09699e-05
0 0.369428 0.60141 0.0382615 0.108126 1.09963e-05
0 0.722697 0.85225 0.0731798 0.217596 1.09971e-05
0 0.610327 0.882136 0.0505201 0.100067 1.10035e-05
0 0.911404 0.484553 0.0560921 0.137676 1.10184e-05
0 0.280275 0.906313 0.0479198 0.145735 1.10257e-05
0 0.151189 0.941907 0.0438336 0.0785762 1.10265e-05
0 0.737556 0.613163 0.0471768 0.111484 1.10296e-05
0 0.694837 0.638012 0.0508915 0.135662 1.10577e-05
0 0.376672 0.977838 0.0371471 0.044325 1.10755e-05
0 0.362184 0.257555 0.0401189 0.117529 1.10926e-05
0 0.461181 0.813298 0.0479198 0.134318 1.11045e-05
0 0.444094 0.0114171 0.0360327 0.0228341 1.11307e-05
0 0.796434 0.965077 0.051263 0.0698455 1.11575e-05
0 0.761516 0.351242 0.0401189 0.107455 1.11963e-05
0 0.593054 0.943922 0.0404903 0.112156 1.12044e-05
0 0.46471 0.716253 0.0341753 0.113499 1.12153e-05
0 0.385215 0.797179 0.0505201 0.106111 1.12336e-05
0 0.111627 0.52955 0.0434621 0.133647 1.12489e-05
0 0.526189 0.825722 0.0538633 0.163197 1.12644e-05
0 0.773774 0.535259 0.0497771 0.116857 1.12856e-05
0 0.990528 0.289456 0.018945 0.225655 1.13213e-05
0 0.131315 0.963398 0.0590639 0.0732035 1.13912e-05
0 0.632429 0.974144 0.0635215 0.0517126 1.14179e-05
0 0.355498 0.946273 0.0416048 0.107455 1.14276e-05
0 0.536033 0.305238 0.0371471 0.102754 1.14366e-05
0 0.812036 0.527535 0.0423477 0.110813 1.14447e-05
0 0.548105 0.985897 0.0286033 0.0282068 1.14589e-05
0 0.837481 0.843519 0.0456909 0.111484 1.14591e-05
0 0.615713 1 0.0791233 0 1.14674e-05
0 0.730869 0.51276 0.0479198 0.143049 1.15e-05
0 0.324666 0.0530557 0.0460624 0.106111 1.15061e-05
0 0.998328 0.463734 0.00334324 0.16051 1.15515e-05
0 0.628157 0.978509 0.0156018 0.0429819 1.15576e-05
0 0.0880386 0.347549 0.0497771 0.137676 1.15615e-05
0 0.273031 0.969778 0.0215453 0.0604433 1.15997e-05
0 0.502786 0.335796 0.0538633 0.145064 1.16274e-05
0 0.623886 0.969107 0.11627 0.0617864 1.163e-05
0 0.235327 0.321021 0.0456909 0.132975 1.16759e-05
0 0.140602 0.80188 0.0412333 0.108798 1.1682e-05
0 0.585438 0.880792 0.0497771 0.098724 1.16836e-05
0 0.795877 0.0409671 0.0404903 0.0819342 1.16932e-05
0 0.106241 0.965077 0.0609212 0.0698455 1.17103e-05
0 0.832281 0.663868 0.0664933 0.139019 1.17165e-05
0 0.268016 0.853929 0.0612927 0.153794 1.17496e-05
0 0.447994 0.989926 0.0661218 0.0201478 1.17775e-05
0 0.505572 0.810947 0.0393759 0.10544 1.17916e-05
0 0.548848 0.981531 0.11107 0.0369375 1.17962e-05
0 0.0848811 0.619879 0.0494056 0.132975 1.18239e-05
0 0.720097 0.295165 0.0635215 0.210208 1.18599e-05
0 0.30052 0.848556 0.0609212 0.161854 1.19082e-05
0 0.881315 0.0255205 0.032318 0.051041 1.19113e-05
0 0.811293 0.486568 0.0430906 0.110813 1.19131e-05
0 0.412704 0.347213 0.0401189 0.107455 1.19652e-05
0 0.861998 0.958026 0.0182021 0.0826058 1.19941e-05
0 0.429792 0.984218 0.0319465 0.0315648 1.19943e-05
0 0.0633358 0.621222 0.0456909 0.128946 1.19956e-05
0 0.683135 0.95366 0.0185736 0.0926796 1.20081e-05
0 0.31055 0.349563 0.0430906 0.0933512 1.20179e-05
0 0.0618499 0.303559 0.0516345 0.130289 1.20309e-05
0 0.66159 0.887173 0.0430906 0.102082 1.20531e-05
0 0.509287 0.262257 0.0445765 0.129617 1.20607e-05
0 0.337667 0.304903 0.0416048 0.107455 1.20749e-05
0 0.211738 0.4409 0.0423477 0.112156 1.20803e-05
0 0.811293 0.168905 0.038633 0.109469 1.20878e-05
0 0.437964 0.977838 0.026003 0.044325 1.21049e-05
0 0.615156 0.938214 0.0453195 0.123573 1.21049e-05
0 0.127786 0.974144 0.01263 0.0517126 1.21098e-05
0 0.991085 0.719275 0.0178306 0.237743 1.21297e-05
0 0.765602 0.0449966 0.0401189 0.0899933 1.21318e-05
0 0.643574 0.779046 0.0434621 0.115514 1.2155e-05
0 0.535847 0.328744 0.0590639 0.145735 1.2186e-05
0 0.229941 0.905641 0.0445765 0.128274 1.22017e-05
0 0.0241456 0.210208 0.0445765 0.114171 1.22093e-05
0 0.33321 0.403627 0.0430906 0.100739 1.22097e-05
0 0.163262 0.664876 0.0590639 0.116857 1.2216e-05
0 0.447251 0.0540631 0.0609212 0.108126 1.2256e-05
0 0.773774 0.759234 0.0594354 0.117529 1.22915e-05
0 0.0625929 0.212223 0.0508915 0.108798 1.2302e-05
0 0.717682 0.906313 0.0460624 0.141706 1.234e-05
0 0.102712 0.975487 0.0130015 0.0490262 1.2358e-05
0 0.603083 0.358294 0.0620357 0.186031 1.23674e-05
0 0.403603 0.908328 0.0947251 0.183345 1.23722e-05
0 0.936107 0.620551 0.0475483 0.134318 1.23741e-05
0 0.607727 0.973136 0.0282318 0.0537273 1.24057e-05
0 0.73607 0.0423103 0.0397474 0.0846206 1.2477e-05
0 0.465825 0.32505 0.0616642 0.15178 1.25507e-05
0 0.41159 0.969107 0.0319465 0.0617864 1.25542e-05
0 0.488299 0.303224 0.0382615 0.0973808 1.25945e-05
0 0.840639 0.947952 0.02526 0.104097 1.26139e-05
0 0.887816 0.529214 0.0423477 0.143721 1.26417e-05
0 0.423291 0.0708529 0.0746657 0.141706 1.26796e-05
0 0.554792 0.524513 0.0241456 0.102082 1.26963e-05
0 0.913262 0.620551 0.0427192 0.132975 1.27402e-05
0 0.82838 0.973808 0.013373 0.0523841 1.27514e-05
0 0.680535 0.800873 0.0586924 0.116185 1.27755e-05
0 0.231798 0.177972 0.0416048 0.167898 1.27972e-05
0 0.36237 0.211551 0.0390045 0.120887 1.2815e-05
0 0.182578 0.98321 0.0382615 0.0335796 1.28343e-05
0 0.281575 0.0332438 0.0334324 0.0664876 1.28818e-05
0 0.986256 0.859637 0.0274889 0.119543 1.29328e-05
0 0.106798 0.341504 0.0664933 0.182001 1.29523e-05
0 0.204681 0.905641 0.0430906 0.122901 1.30145e-05
0 0.187036 0.524177 0.0538633 0.112156 1.31057e-05
0 0.419019 0.0141034 0.0371471 0.0282068 1.31215e-05
0 0.790676 0.947616 0.0256315 0.104768 1.31655e-05
0 0.751672 0.0265279 0.0486627 0.0530557 1.31774e-05
0 0.0664933 0.984889 0.0245171 0.0302216 1.31829e-05
0 0.164004 0.439557 0.0464339 0.121558 1.32056e-05
0 0.181464 0.969443 0.0286033 0.0611148 1.32183e-05
0 0.48737 0.348892 0.0401189 0.0960376 1.32197e-05
0 0.430535 0.938885 0.0468053 0.12223 1.3252e-05
0 0.206538 0.800201 0.1211 0.211551 1.32594e-05
0 0.291419 0.395232 0.0568351 0.114842 1.32937e-05
0 0.17812 0.343519 0.0917533 0.19812 1.33305e-05
0 0.162704 0.395568 0.0468053 0.114171 1.3341e-05
0 0.353826 0.0533915 0.0442051 0.106783 1.33487e-05
0 0.300149 0.522834 0.0453195 0.215581 1.33498e-05
0 0.0839524 0.969107 0.0586924 0.0617864 1.33773e-05
0 0.245357 0.255541 0.0560921 0.113499 1.34238e-05
0 0.760773 0.836467 0.0564636 0.102754 1.34319e-05
0 0.0832095 0.920752 0.100297 0.158496 1.34357e-05
0 0.901746 0.172599 0.058321 0.0940228 1.34615e-05
0 0.541233 0.799866 0.0564636 0.163868 1.34655e-05
0 0.362556 0.303559 0.0416048 0.108798 1.34679e-05
0 0.913076 0.163533 0.0750371 0.153794 1.35434e-05
0 0.186293 0.573204 0.0456909 0.118872 1.35658e-05
0 0.187036 0.620887 0.0456909 0.118872 1.35875e-05
0 0.537333 0.988919 0.0664933 0.0221625 1.36084e-05
0 0.181464 0.0339154 0.0338039 0.0678308 1.36622e-05
0 0.736441 0.842176 0.0479198 0.102082 1.36764e-05
0 0.962853 0.302552 0.0460624 0.118872 1.3677e-05
0 0.985513 0.121894 0.0289747 0.126931 1.37063e-05
0 0.937593 0.262592 0.0490342 0.112827 1.37373e-05
0 0.161961 0.25722 0.0438336 0.108798 1.3751e-05
0 0.98347 0.943586 0.0330609 0.112827 1.37555e-05
0 0.0230312 0.339825 0.0460624 0.217596 1.37616e-05
0 0.142088 0.909335 0.0338039 0.116857 1.37739e-05
0 0.581909 0.527199 0.0286033 0.106111 1.37877e-05
0 0.115527 0.465077 0.0653789 0.149765 1.38e-05
0 0.894688 0.671927 0.0612927 0.129617 1.38544e-05
0 0.115342 0.569174 0.0672363 0.141706 1.39065e-05
0 0.998143 0.586971 0.00371471 0.18133 1.39208e-05
0 0.307578 0.948623 0.0163447 0.102754 1.39215e-05
0 0.0111441 0.649429 0.0222883 0.196105 1.39516e-05
0 0.137444 0.980188 0.0371471 0.0396239 1.39933e-05
0 0.0280461 0.991941 0.0560921 0.0161182 1.39991e-05
0 0.291233 0.946273 0.0245171 0.107455 1.40007e-05
0 0.965639 0.349899 0.0516345 0.123573 1.40141e-05
0 0.107727 0.209872 0.0921248 0.16454 1.4063e-05
0 0.474926 0.910678 0.0895245 0.178643 1.41031e-05
0 0.999814 0.715245 0.000371471 0.173271 1.4198e-05
0 0.255758 0.9409 0.0494056 0.1182 1.42386e-05
0 0.705238 0.605104 0.032318 0.12223 1.42481e-05
0 0.118685 0.666891 0.070951 0.127602 1.429e-05
0 0.0534918 0.672935 0.0690936 0.132975 1.43139e-05
0 0.635773 0.302888 0.0390045 0.104768 1.44212e-05
0 0.16419 0.760578 0.0505201 0.121558 1.44346e-05
0 0.711181 0.843855 0.0471768 0.10141 1.44479e-05
0 0.0104012 0.876763 0.0208024 0.13499 1.44501e-05
0 0.206352 0.034587 0.0338039 0.0691739 1.45625e-05
0 0.255944 0.575218 0.0445765 0.0973808 1.4578e-05
0 0.0139302 0.193754 0.0278603 0.19409 1.45879e-05
0 0.419577 0.263936 0.0508915 0.111484 1.46252e-05
0 0.717868 0.94728 0.0345468 0.10544 1.46278e-05
0 0.18425 0.393553 0.0445765 0.108798 1.46564e-05
0 0.870171 0.69409 0.0843239 0.139019 1.46999e-05
0 0.231798 0.0322364 0.0334324 0.0644728 1.47042e-05
0 0.500371 0.946944 0.0884101 0.106111 1.47186e-05
0 0.91029 0.0201478 0.044948 0.0402955 1.47298e-05
0 0.332467 0.961719 0.063893 0.0765615 1.49227e-05
0 0.0728083 0.034587 0.0393759 0.0691739 1.50038e-05
0 0.054049 0.955675 0.0546062 0.0886501 1.50129e-05
0 0.841196 0.208193 0.0523774 0.1182 1.50388e-05
0 0.330795 0.0224983 0.0427192 0.0449966 1.50519e-05
0 0.609955 0.397246 0.0408618 0.0973808 1.50886e-05
0 0.32838 0.974479 0.013373 0.051041 1.51398e-05
0 0.653418 0.979181 0.0156018 0.0416387 1.51636e-05
0 0.76133 0.391874 0.0419762 0.100067 1.52882e-05
0 0.985884 0.647414 0.0282318 0.235057 1.53009e-05
0 0.834324 0.564137 0.063893 0.138348 1.5392e-05
0 0.811107 0.0392881 0.0390045 0.0785762 1.54418e-05
0 0.546434 0.61585 0.0297177 0.095366 1.5444e-05
0 0.210438 0.16857 0.0390045 0.110141 1.54535e-05
0 0.740156 0.95131 0.0263744 0.0973808 1.55069e-05
0 0.872957 0.5591 0.0787519 0.180658 1.56914e-05
0 0.685178 0.837811 0.0560921 0.100067 1.57243e-05
0 0.979941 0.468771 0.03789 0.145064 1.57709e-05
0 0.882058 0.971122 0.0516345 0.0577569 1.57928e-05
0 0.347883 0.0708529 0.0783804 0.141706 1.58461e-05
0 0.868871 0.171592 0.0698365 0.172599 1.58922e-05
0 0.814264 0.981867 0.0349183 0.036266 1.59373e-05
0 0.404346 0.494291 0.0300892 0.114171 1.59468e-05
0 0.0364042 0.30188 0.0430906 0.13096 1.59518e-05
0 0.122957 0.218603 0.0661218 0.100067 1.59664e-05
0 0.0278603 0.346541 0.0475483 0.116857 1.60154e-05
0 0.661776 0.349899 0.0434621 0.0940228 1.60308e-05
0 0.662333 0.951981 0.0676077 0.0960376 1.60677e-05
0 0.302192 0.946608 0.0345468 0.106783 1.614e-05
0 0.94688 0.0285426 0.0371471 0.0570853 1.61517e-05
0 0.240342 0.807589 0.0973254 0.144392 1.62065e-05
0 0.387816 0.303895 0.0401189 0.109469 1.6226e-05
0 0.0200594 0.459704 0.0401189 0.182001 1.62751e-05
0 0.560178 0.966756 0.0616642 0.0664876 1.62824e-05
0 0.575594 0.98086 0.0204309 0.0382807 1.62877e-05
0 0.559993 0.859302 0.0776374 0.165883 1.63287e-05
0 0.951895 0.828408 0.0813522 0.145735 1.64309e-05
0 0.911033 0.52955 0.0456909 0.147079 1.64727e-05
0 0.413633 0.803895 0.057578 0.115514 1.64783e-05
0 0.00724368 0.0758899 0.0144874 0.138348 1.65035e-05
0 0.336924 0.348556 0.0423477 0.0967092 1.65472e-05
0 0.56575 0.313298 0.051263 0.113499 1.65662e-05
0 0.731241 0.964741 0.0620357 0.0705171 1.65818e-05
0 0.687036 0.39859 0.0442051 0.0946944 1.65978e-05
0 0.404903 0.939893 0.0453195 0.120215 1.66031e-05
0 0.505201 0.435191 0.0371471 0.198791 1.6611e-05
0 0.560736 0.934856 0.0887816 0.130289 1.66553e-05
0 0.617756 0.811619 0.0460624 0.13499 1.66791e-05
0 0.461924 0.348556 0.0419762 0.0980524 1.66927e-05
0 0.122214 0.152787 0.0661218 0.117529 1.67182e-05
0 0.67812 0.977166 0.0152303 0.0456682 1.67323e-05
0 0.10847 0.952989 0.0185736 0.0940228 1.67326e-05
0 0.792719 0.90497 0.0460624 0.145735 1.6824e-05
0 0.899331 0.374077 0.0601783 0.1182 1.68849e-05
0 0.29662 0.729013 0.0404903 0.128274 1.69133e-05
0 0.98997 0.915715 0.0200594 0.16454 1.69151e-05
0 0.854012 0.977502 0.0148588 0.0449966 1.69875e-05
0 0.679978 0.942243 0.0360327 0.115514 1.70322e-05
0 0.586738 0.838482 0.0486627 0.098724 1.70446e-05
0 0.21081 0.969443 0.0271174 0.0611148 1.70495e-05
0 0.15416 0.975823 0.013373 0.0483546 1.70685e-05
0 0.765416 0.949295 0.0263744 0.10141 1.70867e-05
0 0.879458 0.980188 0.0152303 0.0396239 1.71014e-05
0 0.307207 0.960376 0.064636 0.0792478 1.71461e-05
0 0.268945 0.431498 0.051263 0.13096 1.71566e-05
0 0.51263 0.348892 0.038633 0.0933512 1.72135e-05
0 0.772474 0.806582 0.0627786 0.111484 1.72238e-05
0 0.979012 0.570181 0.0419762 0.139691 1.72302e-05
0 0.507429 0.988583 0.064636 0.0228341 1.72385e-05
0 0.132429 0.586971 0.0523774 0.202821 1.73212e-05
0 0.803678 0.974479 0.0137444 0.051041 1.73372e-05
0 0.882429 0.391874 0.0508915 0.161854 1.7377e-05
0 0.185736 0.442579 0.0460624 0.116857 1.73885e-05
0 0.260773 0.393889 0.0445765 0.098724 1.73948e-05
0 0.0130015 0.29953 0.026003 0.128946 1.74094e-05
0 0.727897 0.973136 0.0137444 0.0537273 1.74678e-05
0 0.512259 0.300873 0.0349183 0.0993956 1.752e-05
0 0.303492 0.973136 0.01263 0.0537273 1.75589e-05
0 0.182392 0.96407 0.0572065 0.0718603 1.76266e-05
0 0.393759 0.0154466 0.03789 0.0308932 1.76815e-05
0 0.412147 0.887508 0.0427192 0.102754 1.77258e-05
0 0.312036 0.0708529 0.0787519 0.141706 1.77438e-05
0 0.81185 0.211551 0.0412333 0.106111 1.77787e-05
0 0.218239 0.019812 0.0404903 0.0396239 1.78821e-05
0 0.0919391 0.0315648 0.0538633 0.0631296 1.78937e-05
0 0.334695 0.801209 0.0586924 0.110141 1.8024e-05
0 0.83581 0.955003 0.0742942 0.0899933 1.80416e-05
0 0.242385 0.530557 0.0620357 0.153123 1.80448e-05
0 0.716939 0.813633 0.0616642 0.108126 1.81239e-05
0 0.195022 0.149093 0.0794948 0.14775 1.8142e-05
0 0.274331 0.0711887 0.0761516 0.142377 1.81648e-05
0 0.477526 0.988919 0.0635215 0.0221625 1.81864e-05
0 0.0579495 0.461719 0.064636 0.145735 1.82197e-05
0 0.121842 0.261921 0.0676077 0.116857 1.82368e-05
0 0.419762 0.148086 0.0482912 0.108126 1.82482e-05
0 0.922548 0.0486904 0.0768945 0.0973808 1.82636e-05
0 0.662147 0.395568 0.0456909 0.0899933 1.83416e-05
0 0.893202 0.463062 0.0546062 0.133647 1.83759e-05
0 0.986256 0.0517126 0.0274889 0.103425 1.84002e-05
0 0.337296 0.884822 0.0468053 0.102754 1.84045e-05
0 0.903975 0.86266 0.0568351 0.215581 1.84282e-05
0 0.36237 0.348556 0.0419762 0.100739 1.84406e-05
0 0.2461 0.468771 0.070951 0.134318 1.84823e-05
0 0.204123 0.974815 0.0130015 0.0503694 1.85482e-05
0 0.703009 0.975151 0.0144874 0.0496978 1.85682e-05
0 0.187407 0.365346 0.0657504 0.119543 1.86486e-05
0 0.610513 0.304231 0.0367756 0.102082 1.86576e-05
0 0.753157 0.972801 0.0137444 0.0543989 1.8688e-05
0 0.479941 0.154466 0.0497771 0.0940228 1.87035e-05
0 0.315007 0.935863 0.0490342 0.128274 1.87069e-05
0 0.650446 0.341504 0.0586924 0.137676 1.87839e-05
0 0.931278 0.0258563 0.0520059 0.0517126 1.8846e-05
0 0.00817236 0.707522 0.0163447 0.136333 1.88682e-05
0 0.64766 0.664876 0.0486627 0.111484 1.89399e-05
0 0.197437 0.981867 0.0375186 0.036266 1.89865e-05
0 0.93425 0.39456 0.0505201 0.133647 1.90414e-05
0 0.424777 0.339825 0.0516345 0.145064 1.91049e-05
0 0.487927 0.39859 0.0375186 0.106783 1.92361e-05
0 0.022474 0.481531 0.044948 0.134318 1.92399e-05
0 0.179421 0.976494 0.013373 0.0470114 1.92771e-05
0 0.182392 0.262592 0.0601783 0.110141 1.93492e-05
0 0.985884 0.662525 0.0282318 0.132304 1.94029e-05
0 0.941122 0.943586 0.0390045 0.112827 1.94077e-05
0 0.965825 0.396911 0.0468053 0.137005 1.94734e-05
0 0.203566 0.538281 0.0676077 0.153794 1.95741e-05
0 0.760587 0.712895 0.0427192 0.098724 1.95896e-05
0 0.418276 0.199463 0.0579495 0.110141 1.96577e-05
0 0.647103 0.194426 0.0564636 0.118872 1.96907e-05
0 0.0237741 0.265615 0.0475483 0.13096 1.97507e-05
0 0.30182 0.155473 0.057578 0.10544 1.97543e-05
0 0.129272 0.905977 0.0341753 0.0913365 1.97827e-05
0 0.965082 0.955339 0.0497771 0.0893217 1.98353e-05
0 0.985513 0.0409671 0.0289747 0.0819342 1.9889e-05
0 0.83841 0.468771 0.0624071 0.127602 1.9933e-05
0 0.534547 0.393217 0.0393759 0.100067 1.99516e-05
0 0.563893 0.861988 0.0490342 0.112156 1.99719e-05
0 0.359955 0.148422 0.051263 0.107455 1.99999e-05
0 0.166419 0.707858 0.0505201 0.112827 2.0081e-05
0 0.122585 0.345198 0.0624071 0.112827 2.02131e-05
0 0.276932 0.948959 0.031575 0.102082 2.02831e-05
0 0.601969 0.260578 0.0538633 0.102082 2.03423e-05
0 0.978455 0.423774 0.0430906 0.239087 2.05798e-05
0 0.410847 0.84822 0.0423477 0.103425 2.06787e-05
0 0.0208024 0.576226 0.0416048 0.231028 2.06899e-05
0 0.244614 0.159839 0.0560921 0.103425 2.0722e-05
0 0.536961 0.2636 0.0516345 0.0946944 2.08403e-05
0 0.868871 0.0174614 0.03789 0.0349228 2.08706e-05
0 0.635773 0.844862 0.0434621 0.100739 2.08961e-05
0 0.705609 0.0191404 0.0464339 0.0382807 2.09306e-05
0 0.00854383 0.209537 0.0170877 0.143721 2.09335e-05
0 0.540305 0.152451 0.0501486 0.0967092 2.10415e-05
0 0.471954 0.379785 0.0464339 0.114842 2.10973e-05
0 0.306278 0.0154466 0.0442051 0.0308932 2.11198e-05
0 0.861441 0.343183 0.0705795 0.120887 2.11272e-05
0 0.93815 0.466085 0.0627786 0.127602 2.11604e-05
0 0.480684 0.268637 0.0482912 0.0926796 2.11689e-05
0 0.536961 0.349228 0.0412333 0.0913365 2.12175e-05
0 0.187221 0.485561 0.0468053 0.1182 2.12778e-05
0 0.848254 0.0507052 0.0783804 0.10141 2.13752e-05
0 0.00742942 0.14775 0.0148588 0.143721 2.14567e-05
0 0.778789 0.973808 0.0137444 0.0523841 2.1496e-05
0 0.745171 0.752183 0.0661218 0.1182 2.15057e-05
0 0.708767 0.953324 0.0193165 0.0933512 2.15178e-05
0 0.448551 0.852921 0.0590639 0.115514 2.15191e-05
0 0.691865 0.876763 0.0568351 0.153794 2.1564e-05
0 0.705052 0.948623 0.0364042 0.102754 2.16034e-05
0 0.939822 0.341504 0.064636 0.118872 2.16102e-05
0 0.268759 0.018133 0.0397474 0.036266 2.16346e-05
0 0.0239599 0.430826 0.0479198 0.136333 2.17395e-05
0 0.178678 0.205507 0.0661218 0.162525 2.17449e-05
0 0.624071 0.378778 0.0460624 0.102082 2.18053e-05
0 0.281204 0.505037 0.0497771 0.167898 2.1844e-05
0 0.896731 0.267293 0.0653789 0.095366 2.18572e-05
0 0.0544205 0.571189 0.0642645 0.140363 2.18615e-05
0 0.98607 0.209201 0.0278603 0.122901 2.19792e-05
0 0.432764 0.0396239 0.0616642 0.0792478 2.19897e-05
0 0.13503 0.0298858 0.0642645 0.0597717 2.19993e-05
0 0.764302 0.351914 0.0739227 0.197448 2.20173e-05
0 0.0174591 1 0.0349183 0 2.20619e-05
0 0.622585 0.318334 0.0468053 0.111484 2.2101e-05
0 0.291419 0.734721 0.0635215 0.201477 2.21953e-05
0 0.310178 0.805574 0.0468053 0.109469 2.22465e-05
0 0.776003 0.95769 0.0720654 0.0846206 2.22573e-05
0 0.987741 0.356951 0.0245171 0.204835 2.22722e-05
0 0.566679 0.204164 0.0538633 0.107455 2.23135e-05
0 0.307764 0.299866 0.0390045 0.10544 2.24286e-05
0 0.655832 0.940564 0.0352897 0.118872 2.24622e-05
0 0.00928678 0.570181 0.0185736 0.15178 2.24943e-05
0 0.865156 0.975487 0.0624071 0.0490262 2.25595e-05
0 0.229012 0.974144 0.0130015 0.0517126 2.25954e-05
0 0.848811 0.0208193 0.0468053 0.0416387 2.26349e-05
0 0.544577 0.0214909 0.0416048 0.0429819 2.26537e-05
0 0.233098 0.482203 0.0382615 0.110141 2.26625e-05
0 0.917348 0.932841 0.108098 0.134318 2.27872e-05
0 0.635215 0.349563 0.0430906 0.0920081 2.28467e-05
0 0.118685 0.0268637 0.032318 0.0537273 2.28606e-05
0 0.0169019 0.915044 0.0338039 0.169913 2.29817e-05
0 0.364785 0.0184688 0.0416048 0.0369375 2.29832e-05
0 0.682207 0.925789 0.0976969 0.148422 2.30204e-05
0 0.156575 0.0305574 0.0330609 0.0611148 2.30451e-05
0 0.89023 0.214909 0.0627786 0.114171 2.31622e-05
0 0.955795 0.0137676 0.0349183 0.0275353 2.31798e-05
0 0.947437 0.573539 0.070208 0.162525 2.32179e-05
0 0.990899 0.0550705 0.0182021 0.110141 2.33144e-05
0 0.379272 0.929483 0.0950966 0.141034 2.3351e-05
0 0.210438 0.484218 0.0442051 0.114171 2.33831e-05
0 0.891345 0.568167 0.0568351 0.134318 2.33869e-05
0 0.373514 0.036266 0.0635215 0.0725319 2.34743e-05
0 0.745914 0.808932 0.0624071 0.110813 2.34746e-05
0 0.00798663 0.482203 0.0159733 0.123573 2.35096e-05
0 0.254272 0.974144 0.0130015 0.0517126 2.36438e-05
0 0.893574 0.014775 0.0352897 0.02955 2.37185e-05
0 0.774703 0.459704 0.0768945 0.165883 2.38442e-05
0 0.772288 0.0547347 0.0787519 0.109469 2.38481e-05
0 0.832838 0.952653 0.0185736 0.0946944 2.38582e-05
0 0.0308321 0.0413029 0.0594354 0.0826058 2.38609e-05
0 1 0.0319006 0 0.0638012 2.40158e-05
0 0.694094 0.725655 0.0471768 0.118872 2.40647e-05
0 0.631129 0.0151108 0.03789 0.0302216 2.40934e-05
0 0.783061 0.951645 0.0185736 0.0967092 2.43353e-05
0 0.552377 0.0577569 0.077266 0.115514 2.43682e-05
0 0.01263 0.0738751 0.02526 0.14775 2.43861e-05
0 0.343425 0.197784 0.0605498 0.113499 2.45252e-05
0 0.773217 0.42814 0.0486627 0.114842 2.46009e-05
0 0.0627786 0.157152 0.0653789 0.126259 2.46921e-05
0 0.929235 0.904634 0.0471768 0.155809 2.47155e-05
0 0.132987 0.950974 0.0178306 0.0980524 2.47252e-05
0 0.562036 0.396239 0.0393759 0.0940228 2.47427e-05
0 0.601969 0.154802 0.0531204 0.098724 2.47499e-05
0 0.943165 0.212895 0.0676077 0.124916 2.48606e-05
0 0.477526 0.0597717 0.0798663 0.119543 2.48799e-05
0 0.819465 0.970114 0.0245171 0.0597717 2.48896e-05
0 0.108284 0.9409 0.0442051 0.100739 2.48985e-05
0 0.620171 0.926796 0.0932392 0.146407 2.49087e-05
0 0.475854 0.81229 0.038633 0.104097 2.50017e-05
0 0.212481 0.84184 0.0572065 0.108126 2.50166e-05
0 0.455238 0.938885 0.0456909 0.12223 2.50244e-05
0 0.388744 0.373069 0.0494056 0.110813 2.50988e-05
0 0.606055 0.0251847 0.0412333 0.0503694 2.51075e-05
0 0.161961 0.211216 0.0453195 0.104097 2.51109e-05
0 0.577452 0.340497 0.0531204 0.135662 2.51651e-05
0 0.237184 0.840497 0.0560921 0.10544 2.53833e-05
0 0.869614 0.462391 0.0757801 0.145735 2.54332e-05
0 0.489413 0.203828 0.0560921 0.109469 2.54661e-05
0 0.611256 0.844527 0.0397474 0.100067 2.54818e-05
0 0.23477 0.437206 0.0393759 0.106111 2.54832e-05
0 0.637073 0.6182 0.0453195 0.0920081 2.56298e-05
0 0.497214 0.873069 0.0620357 0.120887 2.56956e-05
0 0.0241456 0.582606 0.0430906 0.148422 2.5755e-05
0 0.580052 0.791135 0.0479198 0.186702 2.58108e-05
0 0.846397 0.167898 0.0560921 0.0940228 2.58928e-05
0 0.188522 0.753862 0.057578 0.118872 2.6008e-05
0 0.283247 0.950302 0.0182021 0.0993956 2.60552e-05
0 0.238484 0.573204 0.0408618 0.100067 2.60853e-05
0 0.700037 0.0611148 0.0791233 0.12223 2.6127e-05
0 0.260401 0.615514 0.0505201 0.106783 2.61768e-05
0 0.955795 0.702149 0.0809807 0.157824 2.62258e-05
0 0.744614 0.970114 0.0627786 0.0597717 2.63484e-05
0 0.986441 0.166555 0.0234027 0.139691 2.63536e-05
0 0.00984398 1 0.019688 0 2.65578e-05
0 0.580052 0.666555 0.0382615 0.152451 2.66115e-05
0 0.381315 0.969778 0.0598068 0.0604433 2.68282e-05
0 0.2474 0.378106 0.0542348 0.123573 2.68844e-05
0 0.66679 0.255205 0.0534918 0.102082 2.69522e-05
0 0.0083581 0.674278 0.0167162 0.14775 2.69779e-05
0 0.48737 0.0389523 0.0475483 0.0779046 2.70414e-05
0 0.0109584 0.258227 0.0219168 0.132304 2.71034e-05
0 0.986256 0.882807 0.0215453 0.148422 2.71705e-05
0 0.562779 0.0359302 0.0468053 0.0718603 2.72688e-05
0 0.282689 0.962391 0.0609212 0.0752183 2.73421e-05
0 0.0332467 0.991269 0.0263744 0.0174614 2.73723e-05
0 0.684064 0.970786 0.0605498 0.0584285 2.74144e-05
0 0.534547 0.861988 0.0453195 0.108126 2.74726e-05
0 0.983655 0.862995 0.0326894 0.274009 2.74855e-05
0 0.0605498 0.367025 0.063893 0.137676 2.75258e-05
0 0.00687221 0.785762 0.0137444 0.150437 2.76733e-05
0 0.826523 0.0248489 0.0468053 0.0496978 2.77267e-05
0 0.889302 0.941907 0.026003 0.116185 2.78344e-05
0 0.676263 0.0416387 0.0627786 0.0832774 2.7915e-05
0 0.0811664 0.0137676 0.0345468 0.0275353 2.79215e-05
0 0.621843 0.969107 0.0609212 0.0617864 2.79869e-05
0 0.985327 0.0775688 0.0293462 0.155138 2.82334e-05
0 0.92292 0.976158 0.0627786 0.047683 2.82626e-05
0 0.00780089 0.42814 0.0156018 0.124244 2.83401e-05
0 0.86497 0.945265 0.0271174 0.109469 2.83832e-05
0 0.788076 0.210208 0.0627786 0.112827 2.8422e-05
0 0.124071 0.887173 0.051263 0.169241 2.84258e-05
0 0.73347 0.952989 0.019688 0.0940228 2.86701e-05
0 0.380201 0.941236 0.0434621 0.117529 2.86785e-05
0 0.0609212 0.259906 0.0676077 0.12223 2.8679e-05
0 0.235513 0.530893 0.038633 0.109469 2.86848e-05
0 0.711553 0.0419745 0.0501486 0.083949 2.88551e-05
0 0.788262 0.0214909 0.0475483 0.0429819 2.88819e-05
0 0.984027 0.302552 0.0319465 0.120215 2.89018e-05
0 0.285847 0.670249 0.0694651 0.159839 2.90301e-05
0 0.279532 0.975823 0.0137444 0.0483546 2.92236e-05
0 0.717682 0.2045 0.0586924 0.113499 2.92877e-05
0 0.459324 0.403627 0.0412333 0.126259 2.93095e-05
0 0.914933 0.393889 0.0490342 0.136333 2.9387e-05
0 0.00538633 0.0177972 0.0107727 0.0355944 2.95163e-05
0 0.0111441 0.491941 0.0222883 0.188717 2.95739e-05
0 0.329866 0.945937 0.0364042 0.108126 2.95813e-05
0 0.178678 0.0500336 0.077266 0.100067 2.9764e-05
0 0.593796 0.319342 0.0442051 0.110813 2.98532e-05
0 0.00557207 0.988583 0.0111441 0.0228341 2.98944e-05
0 0.389487 0.636333 0.0486627 0.144392 3.01004e-05
0 0.361999 0.405306 0.0479198 0.10141 3.0188e-05
0 0.130944 0.0177972 0.0375186 0.0355944 3.02231e-05
0 0.808135 0.952653 0.018945 0.0946944 3.03417e-05
0 0.185736 0.171592 0.0430906 0.108126 3.03911e-05
0 0.11627 0.944929 0.0794948 0.110141 3.06065e-05
0 0.985884 0.241101 0.0282318 0.213566 3.07549e-05
0 0.845097 0.372062 0.0579495 0.114171 3.08214e-05
0 0.829495 0.904634 0.0490342 0.1773 3.08299e-05
0 0.610698 0.349228 0.0401189 0.0913365 3.09669e-05
0 0.758172 0.952317 0.0193165 0.095366 3.10147e-05
0 0.72734 0.0231699 0.0460624 0.0463398 3.10189e-05
0 0.243314 0.0191404 0.038633 0.0382807 3.10685e-05
0 0.0581352 0.0221625 0.0464339 0.044325 3.10892e-05
0 0.312779 0.843855 0.051263 0.104097 3.11689e-05
0 0.403046 0.0550705 0.0780089 0.110141 3.15819e-05
0 0.655646 0.0208193 0.0401189 0.0416387 3.19226e-05
0 0.891902 0.860645 0.0490342 0.145735 3.19412e-05
0 0.0434621 0.0221625 0.0312036 0.044325 3.21284e-05
0 0.524331 0.0752183 0.0523774 0.150437 3.21775e-05
0 0.664004 0.155473 0.0523774 0.0973808 3.25684e-05
0 0.0924963 0.859973 0.0490342 0.171256 3.25732e-05
0 0.98607 0.755541 0.0278603 0.143721 3.2633e-05
0 0.878343 0.93687 0.0390045 0.126259 3.26936e-05
0 0.986441 0.762928 0.0271174 0.2364 3.30926e-05
0 0.317051 0.927804 0.10364 0.144392 3.31438e-05
0 0.193536 0.698791 0.0720654 0.203492 3.32989e-05
0 0.801263 0.951645 0.0289747 0.0967092 3.33168e-05
0 0.985698 0.256884 0.0286033 0.120215 3.35298e-05
0 0.868128 0.857958 0.051263 0.165883 3.35629e-05
0 0.0198737 0.706179 0.0397474 0.152451 3.35938e-05
0 0.266345 0.947952 0.0312036 0.104097 3.365e-05
0 0.00222883 0.02955 0.00445765 0.0591001 3.36658e-05
0 0.106798 0.884486 0.0471768 0.130289 3.37634e-05
0 0.341568 0.728341 0.058321 0.144392 3.38336e-05
0 0.617385 0.495635 0.0341753 0.126259 3.39007e-05
0 0.629086 0.0580927 0.0768945 0.116185 3.41477e-05
0 0.41419 0.034587 0.0482912 0.0691739 3.42149e-05
0 0.286404 0.840497 0.0527489 0.102754 3.43387e-05
0 0.71211 0.944594 0.0698365 0.110813 3.43414e-05
0 0.21341 0.801209 0.0598068 0.108798 3.45671e-05
0 0.192979 0.0218267 0.0390045 0.0436535 3.4695e-05
0 0.0089153 0.251847 0.0178306 0.128946 3.48078e-05
0 0.328009 0.0554063 0.0780089 0.110813 3.48431e-05
0 0.253715 0.0540631 0.0750371 0.108126 3.50883e-05
0 0.714896 0.314641 0.0434621 0.110813 3.51963e-05
0 0.960438 0.987576 0.0308321 0.0248489 3.5661e-05
0 0.193536 0.213902 0.0676077 0.102754 3.57131e-05
0 0.168091 0.0204835 0.0382615 0.0409671 3.58805e-05
0 0.0648217 0.981195 0.0159733 0.0376091 3.60075e-05
0 0.212481 0.753526 0.0668648 0.12223 3.60454e-05
0 0.39023 0.870047 0.0664933 0.125588 3.60609e-05
0 0.33971 0.0349228 0.0501486 0.0698455 3.61567e-05
0 0.661404 0.87542 0.0598068 0.165883 3.62145e-05
0 0.308692 0.215245 0.0393759 0.116185 3.62571e-05
0 0.33451 0.638684 0.0531204 0.143721 3.63527e-05
0 0.721768 0.161854 0.0497771 0.100739 3.67529e-05
0 0.591753 0.496978 0.0304606 0.143721 3.69672e-05
0 0.979755 0.0218267 0.0375186 0.0436535 3.70552e-05
0 0.265045 0.0342512 0.0508915 0.0685024 3.72867e-05
0 0.865528 0.164876 0.0468053 0.112156 3.73363e-05
0 0.986627 0.616521 0.0237741 0.14775 3.74161e-05
0 0.639673 0.0382807 0.0482912 0.0765615 3.76116e-05
0 0.352712 0.868032 0.070951 0.124244 3.76805e-05
0 0.418091 0.386165 0.0412333 0.119543 3.77215e-05
0 0.54179 0.716588 0.0248886 0.142377 3.78743e-05
0 0.290119 0.296844 0.0349183 0.107455 3.78776e-05
0 0.0178306 0.820013 0.0356612 0.145064 3.79248e-05
0 0.187407 0.669577 0.0612927 0.108798 3.80801e-05
0 0.105684 0.016454 0.0360327 0.032908 3.81325e-05
0 0.563522 0.347884 0.0408618 0.0873069 3.82821e-05
0 0.481798 0.49597 0.0289747 0.149765 3.8458e-05
0 0.530832 0.617864 0.0289747 0.107455 3.87506e-05
0 0.441493 0.390195 0.0404903 0.119543 3.90352e-05
0 0.874257 0.245803 0.0768945 0.228341 3.90812e-05
0 0.212667 0.982203 0.0375186 0.0355944 3.92164e-05
0 0.336553 0.845198 0.0497771 0.10544 3.95689e-05
0 0.272103 0.199799 0.0590639 0.108126 3.96455e-05
0 0.428678 0.872398 0.0631501 0.123573 3.98011e-05
0 0.588039 0.347884 0.0371471 0.0913365 3.98519e-05
0 0.318165 0.974815 0.0620357 0.0503694 4.0015e-05
0 0.470654 0.614842 0.0245171 0.108126 4.00255e-05
0 0.426077 0.965749 0.0326894 0.0685024 4.03914e-05
0 0.781946 0.354936 0.0609212 0.143049 4.06143e-05
0 0.659547 0.626595 0.0404903 0.120887 4.18442e-05
0 0.0308321 0.0154466 0.0356612 0.0308932 4.23249e-05
0 0.719725 0.252518 0.0494056 0.102082 4.2408e-05
0 0.528232 0.526864 0.0304606 0.114842 4.24754e-05
0 0.870728 0.262257 0.0572065 0.114842 4.24928e-05
0 0.510401 0.0611148 0.0445765 0.12223 4.25118e-05
0 0.881872 0.95366 0.0208024 0.0926796 4.28016e-05
0 0.777675 0.16454 0.0531204 0.0993956 4.30629e-05
0 0.656389 0.637005 0.0713224 0.171256 4.34394e-05
0 0.749257 0.472801 0.0705795 0.159839 4.35084e-05
0 0.179421 0.904298 0.03789 0.128274 4.35359e-05
0 0.983841 0.350907 0.032318 0.129617 4.3576e-05
0 0.0176449 0.0167898 0.0345468 0.0335796 4.38018e-05
0 0.00854383 0.954332 0.0170877 0.0913365 4.41521e-05
0 0.236441 0.948959 0.0345468 0.102082 4.41967e-05
0 0.867385 0.906313 0.0326894 0.0960376 4.4534e-05
0 0.433321 0.717596 0.0308321 0.16454 4.46853e-05
0 0.0111441 0.80188 0.0222883 0.209537 4.54088e-05
0 0.916048 0.905977 0.038633 0.119543 4.55429e-05
0 0.642459 0.9409 0.0330609 0.1182 4.57126e-05
0 0.00910104 0.351914 0.0182021 0.142377 4.57709e-05
0 0.604198 0.774681 0.0427192 0.175285 4.60112e-05
0 0.171062 0.955339 0.0308321 0.0893217 4.61674e-05
0 0.857169 0.954332 0.0204309 0.0913365 4.64037e-05
0 0.503715 0.707522 0.0482912 0.177972 4.66095e-05
0 0.842311 0.903627 0.0412333 0.139019 4.67061e-05
0 0.780275 0.258227 0.0553492 0.108126 4.69088e-05
0 0.261516 0.93049 0.0728083 0.139019 4.75618e-05
0 0.850854 0.265279 0.057578 0.095366 4.83623e-05
0 0.232169 0.955339 0.0780089 0.0893217 4.86982e-05
0 0.576709 0.967764 0.0330609 0.0644728 4.89944e-05
0 0.811478 0.935863 0.070951 0.128274 4.90496e-05
0 0.0104012 0.870719 0.0208024 0.200806 4.97637e-05
0 0.220282 0.615178 0.0943536 0.241773 4.97865e-05
0 0.0130015 0.380121 0.026003 0.205507 4.98807e-05
0 0.156204 0.955003 0.0300892 0.0899933 5.00436e-05
0 0.667533 0.945937 0.03789 0.108126 5.03714e-05
0 0.489413 0.971122 0.032318 0.0577569 5.03761e-05
0 0.761516 0.938214 0.0720654 0.123573 5.06597e-05
0 0.283247 0.804567 0.0494056 0.107455 5.09492e-05
0 0.53919 0.973472 0.0293462 0.0530557 5.13747e-05
0 0.736441 0.65178 0.0605498 0.117529 5.14631e-05
0 0.203938 0.972801 0.0668648 0.0543989 5.15034e-05
0 0.258915 0.975823 0.064636 0.0483546 5.18892e-05
0 0.98867 0.0292142 0.0226597 0.0584285 5.24992e-05
0 0.113113 0.950974 0.0226597 0.0980524 5.41388e-05
0 0.0182021 0.0258563 0.0364042 0.0517126 5.43007e-05
0 0.518574 0.64137 0.0282318 0.106111 5.43584e-05
0 0.236999 0.80188 0.0594354 0.106111 5.43665e-05
0 0.211553 0.93049 0.0724368 0.139019 5.4657e-05
0 0.36107 0.720282 0.0438336 0.124244 5.52885e-05
0 0.98737 0.165883 0.02526 0.256548 5.54676e-05
0 0.903603 0.906649 0.0345468 0.0967092 5.67203e-05
0 0.125557 0.937878 0.0371471 0.124244 5.70801e-05
0 0.155832 0.854936 0.0553492 0.15178 5.71177e-05
0 0.165676 0.805574 0.0557207 0.10544 5.82361e-05
0 0.00984398 0.0503694 0.019688 0.100739 5.82515e-05
0 0.867942 0.210544 0.0516345 0.113499 5.83654e-05
0 0.278232 0.349899 0.0668648 0.138348 5.83762e-05
0 0.217496 0.668234 0.0620357 0.126259 5.84779e-05
0 0.46341 0.972465 0.0293462 0.0550705 5.89917e-05
0 0.493871 0.698791 0.0226597 0.13499 5.90222e-05
0 0.00984398 0.925453 0.019688 0.149093 6.0577e-05
0 0.985884 0.00873069 0.0282318 0.0174614 6.11004e-05
0 0.593425 0.379449 0.0412333 0.100739 6.23372e-05
0 0.631501 0.424446 0.0393759 0.146407 6.30235e-05
0 0.161033 0.928811 0.0716939 0.142377 6.37344e-05
0 0.302377 0.254197 0.0371471 0.108126 6.37402e-05
0 0.564079 0.977838 0.0226597 0.044325 6.47103e-05
0 0.986813 0.527199 0.0226597 0.149093 6.47971e-05
0 0.00947251 0.993284 0.018945 0.0134318 6.52652e-05
0 0.707838 0.712895 0.0568351 0.175285 6.54898e-05
0 0.814264 0.949631 0.0267459 0.100739 6.66831e-05
0 0.463967 0.872062 0.0579495 0.122901 6.66875e-05
0 0.630386 0.944594 0.0364042 0.110813 6.82782e-05
0 0.11627 0.906985 0.0349183 0.102754 6.98386e-05
0 0.440565 0.963062 0.0401189 0.0738751 6.99997e-05
0 0.859955 0.93687 0.0705795 0.126259 7.02637e-05
0 0.392273 0.41135 0.0401189 0.110813 7.15215e-05
0 0.185921 0.953324 0.031575 0.0933512 7.17284e-05
0 0.179421 0.835124 0.0720654 0.151108 7.26958e-05
0 0.343425 0.43687 0.0404903 0.147079 7.33576e-05
0 0.65416 0.739422 0.0520059 0.100739 7.50567e-05
0 0.313522 0.716924 0.0475483 0.133647 7.55193e-05
0 0.2513 0.743452 0.102155 0.249832 7.63361e-05
0 0.502043 0.970786 0.0330609 0.0584285 7.73575e-05
0 0.986256 0.988583 0.0274889 0.0228341 7.89082e-05
0 0.666605 0.706179 0.0568351 0.132304 7.98404e-05
0 0.26133 0.805238 0.0560921 0.106111 8.01802e-05
0 0.988856 0.581263 0.0222883 0.207522 8.20703e-05
0 0.0104012 0.131632 0.0208024 0.209537 8.23206e-05
0 0.985513 0.801209 0.0208024 0.162525 8.23642e-05
0 0.188893 0.709537 0.0590639 0.108126 8.3926e-05
0 0.387444 0.712223 0.0527489 0.19812 8.54461e-05
0 0.0534918 0.977502 0.0185736 0.0449966 8.63673e-05
0 0.146731 0.952989 0.0787519 0.0940228 8.87581e-05
0 0.927006 0.943586 0.0367756 0.112827 8.88441e-05
0 0.141902 0.952317 0.0304606 0.095366 9.00039e-05
0 0.243128 0.639019 0.0620357 0.129617 9.03548e-05
0 0.240713 0.745467 0.0705795 0.143721 9.04429e-05
0 0.0104012 1 0.0208024 0 9.05704e-05
0 0.754086 0.697784 0.0809807 0.146407 9.10979e-05
0 0.70078 0.387173 0.0650074 0.179315 9.22103e-05
0 0.953566 0.981867 0.0237741 0.036266 9.32394e-05
0 0.451152 0.974144 0.0286033 0.0517126 9.37774e-05
0 0.712296 0.641706 0.0560921 0.177972 9.61862e-05
0 0.0427192 0.969107 0.0349183 0.0617864 9.81228e-05
0 0.514673 0.969778 0.0330609 0.0604433 0.000102359
0 0.506686 0.619543 0.0274889 0.104097 0.000104428
0 0.988856 0.961048 0.0222883 0.0779046 0.000109011
0 0.20078 0.951981 0.0330609 0.0960376 0.000113122
0 0.685364 0.736736 0.0854383 0.237743 0.000120244
0 0.493128 0.618872 0.0263744 0.106783 0.00012217
0 0.215639 0.952989 0.0338039 0.0940228 0.000124982
0 0.0742942 0.922431 0.0490342 0.155138 0.000125582
0 0.979569 0.963398 0.0364042 0.0732035 0.000126312
0 0.989413 0.491941 0.0211738 0.196776 0.000126575
0 0.370728 0.495299 0.0408618 0.124244 0.000129725
0 0.174777 0.958026 0.0761516 0.083949 0.000131288
0 0.617199 0.744459 0.0538633 0.132304 0.000136308
0 0.293834 0.246138 0.0401189 0.179315 0.000146603
0 0.476783 0.970786 0.0293462 0.0584285 0.000146882
0 0.00965825 0.0154466 0.0193165 0.0308932 0.000150893
0 0.252786 0.714574 0.0523774 0.128946 0.000153532
0 0.348068 0.733714 0.0809807 0.241101 0.000165634
0 0.480498 0.640698 0.0248886 0.114171 0.000167121
0 0.527117 0.970786 0.0319465 0.0584285 0.000167983
0 0.638002 0.390195 0.0620357 0.167898 0.000174599
0 0.340267 0.492612 0.0416048 0.13499 0.000199607
0 0.47214 0.76998 0.0527489 0.179315 0.000226374
0 0.0102155 0.561115 0.0204309 0.204835 0.000230609
0 0.0908247 0.931498 0.0501486 0.137005 0.000251171
0 0.989042 0.42176 0.0219168 0.189389 0.000258051
0 0.484584 0.397246 0.0553492 0.172599 0.00026468
0 0.557764 0.396911 0.0523774 0.166555 0.000291925
0 0.468796 0.956011 0.0468053 0.0879785 0.000298177
0 0.989042 0.832438 0.0219168 0.218267 0.000299931
0 0.664562 0.412021 0.0616642 0.155138 0.00031255
0 0.33321 0.391202 0.0705795 0.173942 0.000344648
0 0.733098 0.534251 0.0605498 0.255876 0.000371925
0 0.061107 0.969107 0.0278603 0.0617864 0.000407549
0 0.217868 0.71961 0.102897 0.143049 0.000487312
0 0.718796 0.4137 0.0557207 0.139691 0.000490938
0 0.412147 0.397582 0.0605498 0.184016 0.000534961
0 0.420134 0.731699 0.0468053 0.182001 0.00053707
0 0.727526 0.448287 0.0412333 0.126931 0.000540062
0 0.603826 0.650772 0.0471768 0.169241 0.000672123
0 0.371285 0.427804 0.0627786 0.18133 0.000737098
0 0.949851 0.963398 0.0289747 0.0732035 0.000946932
0 0.622771 0.701142 0.0397474 0.153123 0.00102779
0 0.294391 0.440228 0.0397474 0.167226 0.00105138
0 0.542719 0.427132 0.0542348 0.18133 0.00106731
0 0.483284 0.686031 0.0245171 0.151108 0.00169657
0 0.607912 0.430154 0.0560921 0.172599 0.00207993
0 0.587296 0.721625 0.0416048 0.211551 0.00661206
0 0.433321 0.441236 0.0404903 0.190732 0.0198942
0 0.514302 0.483882 0.0345468 0.179315 0.0232957
0 0.456166 0.474815 0.0267459 0.162525 0.0295895
0 0.382987 0.467428 0.0408618 0.141034 0.0474205
0 0.326709 0.462055 0.0397474 0.145064 0.0485352
0 0.555721 0.689725 0.0304606 0.182673 0.0502396
0 0.482169 0.665547 0.130758 0.165212 0.0846978
0 0.560178 0.563465 0.0505201 0.393553 0.112105
0 0.480498 0.563465 0.0501486 0.38818 0.113143
0 0.695208 0.47448 0.0434621 0.144392 0.123823
0 0.33581 0.56951 0.0794948 0.41773 0.133479
0 0.542348 0.474815 0.105498 0.173271 0.152425
0 0.604755 0.471122 0.0958395 0.165883 0.153785
0 0.409733 0.563465 0.0445765 0.398925 0.16455
0 0.392273 0.464406 0.111441 0.165883 0.170783
0 0.569094 0.472129 0.0371471 0.173271 0.203594
0 0.435178 0.463734 0.0865527 0.16454 0.217036
0 0.34974 0.461719 0.111813 0.159167 0.218006
0 0.701523 0.579248 0.057578 0.357958 0.250351
0 0.541233 0.675285 0.0661218 0.172599 0.271628
0 0.469911 0.469443 0.0705795 0.174614 0.277798
0 0.302749 0.672935 0.147845 0.166555 0.281828
0 0.466382 0.66454 0.057578 0.163197 0.293591
0 0.644131 0.472801 0.0787519 0.163868 0.316978
0 0.489413 0.665212 0.0501486 0.152451 0.334319
0 0.683878 0.46642 0.0936107 0.156481 0.350593
0 0.422363 0.677636 0.0624071 0.175957 0.409948
0 0.619799 0.706179 0.0858098 0.153794 0.456986
0 0.526374 0.667226 0.0274889 0.16857 0.780702
0 0.489785 0.663197 0.0226597 0.151108 0.794239
0 0.425706 0.679315 0.0289747 0.161854 0.794636
0 0.472511 0.663533 0.0245171 0.167898 0.799175
0 0.443536 0.461048 0.0289747 0.172599 0.801079
0 0.607541 0.472465 0.0390045 0.165883 0.808087
0 0.397103 0.465077 0.0319465 0.152451 0.815091
0 0.358655 0.469443 0.0523774 0.15178 0.819375
0 0.47084 0.472465 0.0293462 0.165883 0.82004
0 0.421434 0.461383 0.0293462 0.159839 0.822904
0 0.582095 0.467428 0.0289747 0.174614 0.824785
0 0.570022 0.691068 0.0286033 0.175957 0.824824
0 0.4961 0.478845 0.0338039 0.190732 0.827476
0 0.545691 0.673606 0.0267459 0.173271 0.827689
0 0.507987 0.663868 0.0234027 0.159167 0.829441
0 0.555163 0.477837 0.0300892 0.175285 0.829976
0 0.44948 0.669913 0.0274889 0.180658 0.831629
0 0.528046 0.474815 0.0338039 0.178643 0.831703
0 0.403046 0.676293 0.0349183 0.170584 0.836421
0 0.598254 0.702149 0.0338039 0.165883 0.836556
0 0.667905 0.478845 0.0468053 0.15178 0.836806
0 0.635958 0.472129 0.0364042 0.154466 0.855132
0 0.643202 0.711887 0.057578 0.130289 0.856583
0 0.311107 0.459369 0.0434621 0.163868 0.861704
0 0.694279 0.673942 0.0728083 0.172599 0.880802
0 0.711367 0.466756 0.0430906 0.166555 0.881007
0 0.362556 0.677972 0.064636 0.173942 0.883558
0 0.255944 0.676964 0.077266 0.153123 0.88662
0 0.315936 0.67092 0.0687221 0.179987 0.889492
