0 0.138385 0.52957 0.0455724 0.115591 7.48619e-06
0 0.840496 0.97547 0.0707669 0.0490591 7.48749e-06
0 0.936828 0.710349 0.0463134 0.126344 7.50307e-06
0 0.695813 0.960685 0.148944 0.078629 7.5061e-06
0 0.418859 0.947245 0.0277881 0.105511 7.51726e-06
0 0.14209 0.64953 0.0507595 0.135081 7.51961e-06
0 0.622453 0.262769 0.048166 0.133065 7.52207e-06
0 0.238236 0.523858 0.0452019 0.112231 7.54092e-06
0 0.160986 0.802755 0.0411263 0.110887 7.55527e-06
0 0.962949 0.661626 0.0526121 0.124328 7.56457e-06
0 0.900519 0.061828 0.0648388 0.123656 7.56741e-06
0 0.0878103 0.395161 0.0348277 0.138441 7.5717e-06
0 0.083179 0.700941 0.0522416 0.139785 7.59769e-06
0 0.553538 0.984879 0.0192664 0.0302419 7.63787e-06
0 0.66821 0.928763 0.0492775 0.129032 7.63962e-06
0 0.70804 0.934476 0.0311226 0.120296 7.64061e-06
0 0.0607632 0.980175 0.0185254 0.0396505 7.67247e-06
0 0.186736 0.348454 0.0437199 0.117608 7.68357e-06
0 0.963876 0.803427 0.0411263 0.125672 7.6842e-06
0 0.980548 0.451613 0.0389033 0.239247 7.70147e-06
0 0.725454 0.134073 0.0726195 0.178091 7.70739e-06
0 0.718229 0.954637 0.0329752 0.0625 7.73796e-06
0 0.293998 0.0977823 0.0626158 0.137769 7.74042e-06
0 0.186736 0.755712 0.0459429 0.109543 7.74695e-06
0 0.981845 1 0.0303816 0 7.75725e-06
0 0.43794 0.25672 0.0392738 0.114247 7.76167e-06
0 0.161541 0.301747 0.0437199 0.11828 7.78507e-06
0 0.888848 0.394825 0.0429789 0.114919 7.78829e-06
0 0.303446 0.497984 0.0400148 0.150538 7.80726e-06
0 0.934235 0.393817 0.0403853 0.13172 7.83937e-06
0 0.906447 0.96707 0.0589107 0.0658602 7.86904e-06
0 0.482216 0.906586 0.0589107 0.162634 7.87424e-06
0 0.276584 0.959341 0.0270471 0.0813172 7.88051e-06
0 0.987217 0.917339 0.025565 0.165323 7.88492e-06
0 0.184698 0.712366 0.0455724 0.115591 7.90644e-06
0 0.605409 0.758737 0.0355687 0.112903 7.92164e-06
0 0.582994 0.983199 0.0603927 0.0336022 7.96449e-06
0 0.453872 0.978831 0.0237125 0.0423387 7.96472e-06
0 0.292886 0.978159 0.0181549 0.0436828 7.99022e-06
0 0.592997 0.0994624 0.0500185 0.139785 7.99314e-06
0 0.504631 0.986559 0.0214894 0.0268817 7.99628e-06
0 0.0222305 0.539987 0.0444609 0.144489 8.0161e-06
0 0.132271 0.972782 0.0548351 0.0544355 8.02822e-06
0 0.366432 0.948925 0.0237125 0.102151 8.0331e-06
0 0.087625 0.956989 0.0218599 0.0860215 8.03374e-06
0 0.486106 0.839382 0.046684 0.104839 8.04304e-06
0 0.266951 0.907594 0.0463134 0.131048 8.06169e-06
0 0.856058 0.0483871 0.0381623 0.0967742 8.06372e-06
0 0.769174 0.47211 0.0429789 0.19422 8.06572e-06
0 0.310671 0.0759409 0.0463134 0.112903 8.0674e-06
0 0.767692 0.94086 0.0422379 0.0900538 8.08063e-06
0 0.108929 0.438508 0.0385328 0.124328 8.09251e-06
0 0.0820674 0.813844 0.0477955 0.123656 8.09288e-06
0 0.621156 0.376344 0.0359392 0.18414 8.09984e-06
0 0.690811 1 0.0833642 0 8.11086e-06
0 0.46332 0.128696 0.074472 0.167339 8.11171e-06
0 0.26269 1 0.0622453 0 8.13358e-06
0 0.486847 0.980511 0.0207484 0.0389785 8.1416e-06
0 0.845128 0.975806 0.0214894 0.0483871 8.16961e-06
0 0.902742 0.976142 0.0129678 0.0477151 8.19303e-06
0 0.366432 0.982527 0.0177844 0.0349462 8.2224e-06
0 0.815672 0.97379 0.0196369 0.0524194 8.22941e-06
0 0.488885 0.302755 0.0359392 0.112231 8.23236e-06
0 0.63857 0.255712 0.0426084 0.112231 8.23849e-06
0 0.636347 0.167003 0.0403853 0.113575 8.23858e-06
0 0.86143 0.393145 0.0429789 0.115591 8.24737e-06
0 0.761949 0.25504 0.0440904 0.116263 8.25091e-06
0 0.574102 0.97547 0.0196369 0.0490591 8.28409e-06
0 0.324935 1 0.0807707 0 8.28516e-06
0 0.83605 0.757392 0.0418674 0.106183 8.30156e-06
0 0.0872545 0.575605 0.0433494 0.112231 8.31819e-06
0 0.862912 0.623656 0.0444609 0.130376 8.36989e-06
0 0.112264 0.818212 0.114857 0.207661 8.37709e-06
0 0.582808 0.957661 0.0222305 0.0846774 8.38733e-06
0 0.693961 0.046371 0.0363097 0.0927419 8.39716e-06
0 0.685254 0.211694 0.0418674 0.112903 8.4055e-06
0 0.324194 0.852823 0.0800296 0.198925 8.40724e-06
0 0.785476 0.530914 0.046684 0.110215 8.41939e-06
0 0.866432 0.907258 0.0359392 0.0833333 8.42813e-06
0 0.133383 0.0977823 0.0392738 0.104167 8.43692e-06
0 0.4887 0.34879 0.0363097 0.108871 8.45131e-06
0 0.532234 0.960685 0.026306 0.078629 8.45591e-06
0 0.88681 0.708669 0.0411263 0.12164 8.46637e-06
0 0.252501 0.674059 0.0463134 0.125 8.55554e-06
0 0.213227 0.347446 0.0433494 0.112903 8.55801e-06
0 0.0520563 0.979839 0.0137088 0.0403226 8.5918e-06
0 0.138014 0.0352823 0.023342 0.0705645 8.59683e-06
0 0.242497 0.0672043 0.0655798 0.134409 8.59921e-06
0 0.83605 0.648185 0.0537236 0.133737 8.60604e-06
0 0.86495 0.75672 0.0492775 0.138441 8.65042e-06
0 0.355687 0.0487231 0.048166 0.0974462 8.65187e-06
0 0.161356 0.848454 0.0396443 0.108199 8.65561e-06
0 0.359392 0.611895 0.0459429 0.114919 8.65659e-06
0 0.42349 0.978159 0.0222305 0.0436828 8.65674e-06
0 0.212301 0.713038 0.0452019 0.108871 8.65894e-06
0 0.128937 0.980175 0.0148203 0.0396505 8.66144e-06
0 0.108929 0.0981183 0.0377918 0.102151 8.68833e-06
0 0.153575 0.978159 0.0144498 0.0436828 8.69358e-06
0 0.0857725 0.0947581 0.0477955 0.11828 8.70292e-06
0 0.911263 0.708669 0.0440904 0.127016 8.70753e-06
0 0.776213 0.767473 0.0748425 0.163978 8.71957e-06
0 0.253612 0.985215 0.115228 0.0295699 8.73481e-06
0 0.878844 0.818548 0.0600222 0.224462 8.76443e-06
0 0.898851 0.942876 0.0214894 0.114247 8.76785e-06
0 0.811226 0.300067 0.0522416 0.114919 8.77774e-06
0 0.533346 0.989583 0.0574287 0.0208333 8.77944e-06
0 0.336977 0.0752688 0.0470545 0.116935 8.78242e-06
0 0.456651 0.062836 0.0403853 0.125672 8.78819e-06
0 0.113931 0.710349 0.0411263 0.119624 8.80127e-06
0 0.962764 0.62164 0.0418674 0.129032 8.81049e-06
0 0.407929 1 0.0570582 0 8.8472e-06
0 0.294739 0.327621 0.0566877 0.186156 8.85933e-06
0 0.785661 0.973118 0.0188959 0.0537634 8.86559e-06
0 0.894961 0.757392 0.0463134 0.143817 8.88204e-06
0 0.528529 0.897849 0.0678029 0.204301 8.88981e-06
0 0.316599 0.128024 0.0589107 0.170027 8.89244e-06
0 0.238792 0.981183 0.0366803 0.0376344 8.89534e-06
0 0.571878 0.0705645 0.075213 0.141129 8.89772e-06
0 0.483883 0.613239 0.0281586 0.0893817 8.92949e-06
0 0.364209 0.97379 0.0200074 0.0524194 8.93321e-06
0 0.242312 0.97547 0.0214894 0.0490591 8.94671e-06
0 0.143757 0.805108 0.0585402 0.123656 8.94923e-06
0 0.277695 0.128024 0.071508 0.172715 8.95236e-06
0 0.125417 0.0349462 0.022601 0.0698925 8.9694e-06
0 0.192849 0.882392 0.0544646 0.235215 9.01336e-06
0 0.110967 0.620296 0.0359392 0.123656 9.02149e-06
0 0.662468 0.214382 0.0414969 0.112903 9.0367e-06
0 0.450722 0.752016 0.0351982 0.146505 9.0599e-06
0 0.580956 0.0456989 0.0452019 0.0913979 9.06278e-06
0 0.1608 0.753024 0.047425 0.112231 9.08688e-06
0 0.64598 0.0756048 0.074472 0.15121 9.10872e-06
0 0.386254 0.256048 0.0433494 0.119624 9.13124e-06
0 0.936273 0.623992 0.046684 0.131048 9.13728e-06
0 0.0390886 0.480847 0.0507595 0.110887 9.14711e-06
0 0.621712 0.962366 0.136347 0.0752688 9.20164e-06
0 0.555761 0.292003 0.0585402 0.167339 9.20652e-06
0 0.835124 0.530242 0.0422379 0.112903 9.20794e-06
0 0.736384 0.837702 0.0566877 0.108199 9.24432e-06
0 0.164691 0.669019 0.073731 0.15793 9.26205e-06
0 0.683401 0.078293 0.073731 0.156586 9.27028e-06
0 0.163394 0.167339 0.0437199 0.111559 9.27845e-06
0 0.37588 0.907258 0.0566877 0.153226 9.29051e-06
0 0.935346 0.301747 0.0492775 0.13172 9.31319e-06
0 0.443868 0.155914 0.047425 0.193548 9.31849e-06
0 0.393664 0.976479 0.0211189 0.047043 9.33421e-06
0 0.932938 0.952285 0.0177844 0.0954301 9.34288e-06
0 0.203038 0.646169 0.05113 0.127016 9.37634e-06
0 0.870878 0.061828 0.0648388 0.123656 9.38088e-06
0 0.402186 0.983871 0.110041 0.0322581 9.4011e-06
0 0.483142 0.980847 0.0244535 0.0383065 9.40876e-06
0 0.162097 0.211022 0.0448314 0.115591 9.40889e-06
0 0.918674 0.938844 0.0403853 0.110215 9.42984e-06
0 0.747499 0.319892 0.0515006 0.133065 9.43433e-06
0 0.608373 0.0722446 0.0748425 0.144489 9.443e-06
0 0.293442 0.0567876 0.0326047 0.113575 9.44315e-06
0 0.111338 0.529906 0.0389033 0.114919 9.49653e-06
0 0.330308 0.90625 0.0537236 0.15121 9.50714e-06
0 0.023342 0.695229 0.046684 0.145833 9.51852e-06
0 0.287329 0.260081 0.0381623 0.13172 9.52434e-06
0 0.461652 0.301075 0.0385328 0.107527 9.54221e-06
0 0.100222 0.0336022 0.0211189 0.0672043 9.58109e-06
0 1 0.936828 0 0.126344 9.58213e-06
0 0.535569 0.966062 0.0552056 0.0678763 9.58464e-06
0 0.86143 0.347446 0.0459429 0.115591 9.59098e-06
0 0.644313 0.0534274 0.0363097 0.106855 9.59692e-06
0 0.0826232 0.952621 0.0177844 0.0947581 9.60211e-06
0 0.485735 0.890457 0.0400148 0.104839 9.62212e-06
0 0.830863 0.0853495 0.075213 0.170699 9.62704e-06
0 0.168951 0.471438 0.0592812 0.213038 9.63131e-06
0 0.529455 0.987231 0.0214894 0.0255376 9.6382e-06
0 0.936828 0.757392 0.0418674 0.120968 9.6518e-06
0 0.99611 0.325605 0.00778066 0.167339 9.67635e-06
0 0.636347 0.302419 0.0403853 0.104839 9.68845e-06
0 0.506854 0.909274 0.0555761 0.123656 9.70076e-06
0 0.619303 0.609879 0.0329752 0.127016 9.70481e-06
0 0.148944 0.0611559 0.0629863 0.122312 9.72007e-06
0 0.831234 0.0561156 0.0396443 0.112231 9.72864e-06
0 0.0072249 0.100806 0.0144498 0.139785 9.76695e-06
0 0.535198 0.799731 0.0344572 0.0900538 9.78479e-06
0 0.761949 0.135417 0.072249 0.183468 9.78922e-06
0 0.0594665 0.0658602 0.0648388 0.13172 9.80246e-06
0 0.161541 0.348454 0.0429789 0.116263 9.80597e-06
0 0.811226 0.34711 0.0426084 0.117608 9.82062e-06
0 0.458874 0.956317 0.0218599 0.0873656 9.83762e-06
0 0.681549 0.732863 0.0344572 0.120296 9.83946e-06
0 0.967395 0.393817 0.0437199 0.122312 9.87385e-06
0 0.0100037 0.298387 0.0200074 0.134409 9.8986e-06
0 0.511486 0.383737 0.0552056 0.228495 9.90379e-06
0 0.571323 0.524866 0.0259355 0.122312 9.93041e-06
0 0.0187106 0.0302419 0.0322342 0.0604839 9.93833e-06
0 0.185439 0.847782 0.0440904 0.104167 9.98015e-06
0 0.337162 0.257056 0.0407558 0.124328 9.99561e-06
0 0.966654 0.440524 0.0452019 0.116263 9.99664e-06
0 0.812153 0.43918 0.0422379 0.110887 1.00206e-05
0 0.810856 0.667675 0.0411263 0.105511 1.00226e-05
0 0.603742 0.982863 0.0181549 0.0342742 1.00842e-05
0 0.421267 0.0742608 0.0711375 0.148522 1.01133e-05
0 0.371063 0.731183 0.0381623 0.107527 1.01259e-05
0 0.312153 0.209341 0.0426084 0.127016 1.01492e-05
0 0.238607 0.210013 0.0348277 0.137769 1.01627e-05
0 0.615413 1 0.0822527 0 1.01759e-05
0 0.425898 0.131384 0.0707669 0.168683 1.01875e-05
0 0.654316 0.31754 0.0548351 0.129704 1.02069e-05
0 0.202482 0.974798 0.0129678 0.0504032 1.0209e-05
0 0.912745 0.758401 0.0403853 0.120296 1.022e-05
0 0.587069 0.890793 0.0418674 0.104167 1.02504e-05
0 0.0844757 0.648858 0.0526121 0.136425 1.02658e-05
0 0.994072 0.873992 0.0118562 0.184812 1.03194e-05
0 0.212486 0.757392 0.0470545 0.110215 1.03712e-05
0 0.0281586 0.203965 0.0429789 0.118952 1.03751e-05
0 0.547054 0.727487 0.0314931 0.131048 1.04017e-05
0 0.227862 0.974462 0.0125973 0.0510753 1.04131e-05
0 0.096332 0.942876 0.0326047 0.114247 1.04435e-05
0 0.261949 0.802755 0.046684 0.113575 1.04739e-05
0 0.811782 0.392809 0.0414969 0.114919 1.04808e-05
0 0.979437 0.403898 0.0411263 0.19086 1.04898e-05
0 0.389589 0.134073 0.075213 0.175403 1.05202e-05
0 0.803075 0.946573 0.0337162 0.106855 1.05425e-05
0 0.587069 0.960349 0.0618748 0.0793011 1.05847e-05
0 0.636903 0.793011 0.047425 0.107527 1.05864e-05
0 0.964987 0.530242 0.0440904 0.111559 1.05952e-05
0 0.0394591 0.529234 0.0433494 0.120296 1.06011e-05
0 0.466284 0.338038 0.0552056 0.15457 1.06402e-05
0 0.762505 0.844758 0.0444609 0.107527 1.06515e-05
0 0.162282 0.440524 0.0437199 0.110887 1.06743e-05
0 0.657836 0.956317 0.0203779 0.0873656 1.07042e-05
0 0.355132 0.903562 0.0559466 0.149866 1.07367e-05
0 0.834754 0.574261 0.0429789 0.113575 1.07459e-05
0 0.954057 0.997312 0.0155613 0.00537634 1.0763e-05
0 0.341608 0.947245 0.0237125 0.105511 1.07785e-05
0 0.887736 0.625 0.0400148 0.135753 1.07939e-05
0 0.138014 0.849462 0.0411263 0.104839 1.07963e-05
0 0.205076 0.954973 0.0322342 0.0766129 1.08103e-05
0 0.757318 0.0803091 0.0733605 0.160618 1.08123e-05
0 0.812338 0.484879 0.0426084 0.110887 1.08494e-05
0 0.408855 0.954301 0.0196369 0.0913979 1.08601e-05
0 0.996851 0.96707 0.00629863 0.0658602 1.08828e-05
0 0.976473 0.931452 0.0470545 0.137097 1.08922e-05
0 0.178399 0.977487 0.0137088 0.0450269 1.09021e-05
0 0.978325 0.870296 0.0433494 0.188172 1.09353e-05
0 0.181919 0.047379 0.0703964 0.0947581 1.09356e-05
0 0.864209 0.979839 0.0188959 0.0403226 1.09692e-05
0 0.90478 0.572581 0.0733605 0.178763 1.09896e-05
0 0.36884 0.397513 0.0411263 0.12836 1.10529e-05
0 0.16432 0.936156 0.0833642 0.127688 1.10653e-05
0 0.459615 0.0722446 0.074472 0.144489 1.10686e-05
0 0.85402 0.694892 0.0829937 0.166667 1.11145e-05
0 0.60615 0.0443548 0.0422379 0.0887097 1.11488e-05
0 0.287329 0.843414 0.0477955 0.107527 1.11614e-05
0 0.786958 0.846102 0.0429789 0.107527 1.11622e-05
0 0.889959 0.218414 0.0548351 0.120968 1.11805e-05
0 0.2412 0.946909 0.0244535 0.106183 1.12129e-05
0 0.878844 0.979503 0.0140793 0.0409946 1.12151e-05
0 0.380882 0.0426747 0.0437199 0.0853495 1.12185e-05
0 0.386254 0.304099 0.0426084 0.105511 1.1339e-05
0 0.496851 0.198925 0.0563172 0.258065 1.13564e-05
0 0.854761 0.882729 0.0414969 0.109543 1.13758e-05
0 0.0585402 0.957661 0.0192664 0.0846774 1.1381e-05
0 0.684328 0.25672 0.0422379 0.114247 1.13964e-05
0 0.419785 0.729167 0.0303816 0.13172 1.13991e-05
0 0.162653 0.572581 0.046684 0.114247 1.14e-05
0 0.509818 0.84039 0.047425 0.101478 1.14516e-05
0 0.121341 0.941532 0.0418674 0.0860215 1.1453e-05
0 0.13153 0.0238575 0.0429789 0.0477151 1.14596e-05
0 0.403668 0.979503 0.0144498 0.0409946 1.14619e-05
0 0.253427 0.976479 0.0125973 0.047043 1.14915e-05
0 0.535754 0.0698925 0.0755835 0.139785 1.14995e-05
0 0.484624 0.520497 0.0237125 0.118952 1.15319e-05
0 0.212671 0.575941 0.0459429 0.102151 1.15404e-05
0 0.0235272 0.313844 0.0470545 0.21371 1.15622e-05
0 0.473879 0.375672 0.0414969 0.123656 1.15914e-05
0 0.535939 0.33703 0.0581697 0.15121 1.16004e-05
0 0.984809 0.219422 0.0303816 0.22379 1.16127e-05
0 0.31734 0.408602 0.0374213 0.125 1.16203e-05
0 0.600963 0.719758 0.0274176 0.138441 1.16369e-05
0 0.811597 0.802755 0.0426084 0.105511 1.1637e-05
0 0.450167 0.424731 0.0414969 0.181452 1.16391e-05
0 0.966469 0.484879 0.0463134 0.112231 1.16408e-05
0 0.161912 0.392809 0.0429789 0.112231 1.16435e-05
0 0.786588 0.346774 0.0422379 0.114247 1.16584e-05
0 0.159133 0.711021 0.0492775 0.119624 1.16714e-05
0 0.114857 0.0453629 0.0526121 0.0907258 1.16788e-05
0 0.378659 0.978159 0.0140793 0.0436828 1.16997e-05
0 0.795109 0.0826613 0.0733605 0.165323 1.17067e-05
0 0.721193 0.077621 0.073731 0.155242 1.1742e-05
0 0.104854 0.062164 0.0837347 0.124328 1.17571e-05
0 0.838088 0.804435 0.0407558 0.104839 1.17795e-05
0 0.412745 0.303427 0.0363097 0.104167 1.178e-05
0 0.465728 0.923051 0.0392738 0.153898 1.17813e-05
0 0.929418 0.904906 0.0470545 0.135081 1.17815e-05
0 0.311967 0.84543 0.047425 0.108871 1.17817e-05
0 0.761764 0.706989 0.048907 0.106183 1.17957e-05
0 0.308448 0.0756048 0.071508 0.15121 1.18332e-05
0 0.633197 0.958333 0.0214894 0.0833333 1.18611e-05
0 0.348648 0.684812 0.049648 0.150538 1.18625e-05
0 0.187106 0.393817 0.0437199 0.112903 1.19202e-05
0 0.912375 0.528562 0.0418674 0.113575 1.194e-05
0 0.411449 0.396841 0.0403853 0.104167 1.19579e-05
0 0.316043 0.946237 0.0244535 0.107527 1.19731e-05
0 0.159133 0.0991263 0.0381623 0.102823 1.20044e-05
0 0.480548 1 0.0540941 0 1.20087e-05
0 0.610041 0.303763 0.0374213 0.104839 1.20176e-05
0 0.802519 0.853831 0.0822527 0.163306 1.21373e-05
0 0.547054 0.964382 0.113005 0.0712366 1.21742e-05
0 0.812708 0.53125 0.0418674 0.113575 1.2193e-05
0 0.289737 0.303427 0.0385328 0.114919 1.22054e-05
0 0.426825 0.340054 0.0577992 0.150538 1.22054e-05
0 0.386254 0.80914 0.0492775 0.108871 1.22234e-05
0 0.267136 0.0389785 0.0377918 0.077957 1.22537e-05
0 0.911634 0.877016 0.0678029 0.112903 1.2266e-05
0 0.462208 0.956317 0.0618748 0.0873656 1.22725e-05
0 0.0918859 0.906586 0.0385328 0.108871 1.23229e-05
0 0.436643 0.301411 0.0389033 0.101478 1.2344e-05
0 0.0855873 0.528898 0.0422379 0.111559 1.23632e-05
0 0.406076 0.824597 0.0548351 0.165323 1.2383e-05
0 0.728418 0.909946 0.049648 0.176075 1.23897e-05
0 0.772323 0.0567876 0.0811412 0.113575 1.23903e-05
0 0.792886 0.40793 0.0600222 0.159946 1.23986e-05
0 0.799741 0.605511 0.0766951 0.172043 1.23992e-05
0 0.510004 0.798387 0.0337162 0.0913979 1.24097e-05
0 0.890515 0.946909 0.024083 0.106183 1.24258e-05
0 0.520563 0.616935 0.0274176 0.0900538 1.24271e-05
0 0.238977 0.0907258 0.0444609 0.123656 1.24347e-05
0 0.811226 0.616935 0.0411263 0.106183 1.24421e-05
0 0.185439 0.572917 0.0440904 0.108199 1.24692e-05
0 0.539089 1 0.0755835 0 1.24825e-05
0 0.384216 0.0756048 0.0726195 0.15121 1.25147e-05
0 0.611338 0.890121 0.0422379 0.105511 1.25366e-05
0 0.125973 0.205645 0.0629863 0.138441 1.25389e-05
0 0.112449 0.847446 0.0411263 0.0994624 1.25714e-05
0 1 1 0 0 1.26113e-05
0 0.260282 0.757392 0.0455724 0.107527 1.26329e-05
0 0.493331 0.61828 0.0285291 0.104839 1.26599e-05
0 0.737125 0.800739 0.0463134 0.105511 1.26637e-05
0 0.444239 0.374328 0.0429789 0.122312 1.26772e-05
0 0.629307 0.968078 0.071508 0.0638441 1.27001e-05
0 0.6608 0.350134 0.0418674 0.0981183 1.27287e-05
0 0.695443 0.599462 0.0407558 0.146505 1.28056e-05
0 0.848833 0.979167 0.0185254 0.0416667 1.28128e-05
0 0.475176 0.977151 0.104113 0.0456989 1.28191e-05
0 0.384031 0.954301 0.0188959 0.0913979 1.28251e-05
0 0.893479 0.0302419 0.0337162 0.0604839 1.28374e-05
0 0.44498 0.607191 0.0311226 0.100134 1.28425e-05
0 0.784735 0.303427 0.0414969 0.113575 1.28813e-05
0 0.41219 0.349798 0.0381623 0.102823 1.28959e-05
0 0.212116 0.438844 0.0426084 0.106183 1.29131e-05
0 0.497592 0.0715726 0.0763246 0.143145 1.29243e-05
0 0.505002 0.941868 0.0452019 0.116263 1.29635e-05
0 0.836236 0.777554 0.0681734 0.153226 1.29785e-05
0 0.136717 0.0396505 0.0674324 0.0793011 1.29869e-05
0 0.461652 0.890121 0.0422379 0.105511 1.30024e-05
0 0.307151 0.963374 0.0615043 0.0732527 1.30433e-05
0 0.273249 0.0745968 0.0692849 0.149194 1.30666e-05
0 0.502038 0.336022 0.0533531 0.157258 1.30728e-05
0 0.435532 0.891129 0.0463134 0.104839 1.31133e-05
0 0.812153 0.846102 0.0422379 0.104839 1.31169e-05
0 0.677658 0.977151 0.0148203 0.0456989 1.31231e-05
0 0.361245 0.210685 0.046684 0.117608 1.31305e-05
0 0.526862 0.823925 0.0607632 0.22043 1.31854e-05
0 0.597073 0.377352 0.0463134 0.116263 1.32247e-05
0 0.124861 0.696237 0.106706 0.181452 1.3243e-05
0 0.635791 0.890457 0.0452019 0.104839 1.33044e-05
0 0.241015 0.964718 0.0381623 0.0705645 1.33101e-05
0 0.185995 0.439516 0.0429789 0.110215 1.33704e-05
0 0.353094 0.335685 0.0615043 0.147177 1.3371e-05
0 0.90163 0.154906 0.0552056 0.12164 1.3372e-05
0 0.909596 0.574261 0.0377918 0.122984 1.34526e-05
0 0.69007 0.966734 0.073731 0.0665323 1.34851e-05
0 0.288625 0.346774 0.0429789 0.102151 1.34967e-05
0 0.892368 0.672379 0.0603927 0.149866 1.35e-05
0 0.00203779 0.950605 0.00407558 0.0987903 1.36324e-05
0 0.435717 0.349798 0.0385328 0.101478 1.36868e-05
0 0.925528 0.955309 0.0251945 0.0893817 1.3752e-05
0 0.739348 0.558804 0.0492775 0.133737 1.37574e-05
0 0.303631 0.975134 0.0129678 0.0497312 1.38325e-05
0 0.997221 0.449261 0.00555761 0.192876 1.38754e-05
0 0.841793 0.153226 0.0577992 0.11828 1.38979e-05
0 0.688403 0.303091 0.0407558 0.103495 1.39497e-05
0 0.893479 0.298723 0.0492775 0.132392 1.39835e-05
0 0.432382 0.609207 0.0311226 0.105511 1.40011e-05
0 0.705261 0.905578 0.0470545 0.152554 1.40085e-05
0 0.235643 0.757392 0.046684 0.110215 1.40232e-05
0 0.211004 0.0957661 0.0492775 0.116263 1.40372e-05
0 0.71156 0.304099 0.0403853 0.106855 1.40452e-05
0 0.762134 0.302419 0.0355687 0.116935 1.40548e-05
0 0.466284 0.820565 0.0500185 0.159946 1.40646e-05
0 0.694516 0.97379 0.0188959 0.0524194 1.40884e-05
0 1 0.814516 0 0.176075 1.40987e-05
0 0.37588 0.306788 0.0581697 0.184812 1.411e-05
0 0.918488 0.335013 0.047425 0.18078 1.4186e-05
0 0.278622 0.976815 0.0133383 0.046371 1.42246e-05
0 0.0125973 0.199261 0.0251945 0.183468 1.43005e-05
0 0.840867 0.366599 0.0626158 0.155242 1.4325e-05
0 0.785106 0.440188 0.0429789 0.108871 1.43647e-05
0 0.664135 0.974462 0.0188959 0.0510753 1.44337e-05
0 0.00666914 0.209677 0.0133383 0.137097 1.44411e-05
0 0.615598 0.696909 0.0351982 0.181452 1.44908e-05
0 0.810115 0.755712 0.0433494 0.102823 1.45039e-05
0 0.133197 0.956989 0.0203779 0.0860215 1.4572e-05
0 0.785476 0.800739 0.0429789 0.108199 1.45789e-05
0 0.355502 0.810484 0.0522416 0.115591 1.45994e-05
0 0.162838 0.485215 0.0433494 0.108871 1.46033e-05
0 0.0637273 0.527554 0.0437199 0.108871 1.46223e-05
0 0.935532 0.0245296 0.050389 0.0490591 1.46363e-05
0 0.997221 0.810484 0.00555761 0.219086 1.464e-05
0 0.702853 0.977151 0.0140793 0.0456989 1.46498e-05
0 0.304928 0.0443548 0.0422379 0.0887097 1.46553e-05
0 0.487217 0.0789651 0.0400148 0.12836 1.46605e-05
0 0.00815117 0.34711 0.0163023 0.141801 1.46681e-05
0 0.270841 0.562836 0.047425 0.116263 1.47001e-05
0 0.151538 0.983199 0.0370508 0.0336022 1.47153e-05
0 0.0815117 0.981183 0.0585402 0.0376344 1.47238e-05
0 0.727677 0.976815 0.0133383 0.046371 1.4786e-05
0 0.864024 0.813508 0.0459429 0.122984 1.48216e-05
0 0.737495 0.758065 0.0448314 0.104839 1.48238e-05
0 0.390886 0.936492 0.0452019 0.124328 1.48643e-05
0 0.026306 0.320901 0.0459429 0.124328 1.48832e-05
0 0.810115 0.712366 0.0433494 0.100806 1.48957e-05
0 0.0865135 0.93918 0.072249 0.12164 1.48967e-05
0 0.90904 0.0262097 0.0426084 0.0524194 1.4899e-05
0 0.829011 0.976142 0.0122268 0.0477151 1.49217e-05
0 0.347536 0.0766129 0.0718785 0.153226 1.4964e-05
0 0.0213042 0.649194 0.0411263 0.153226 1.50085e-05
0 0.847166 0.0201613 0.0440904 0.0403226 1.5039e-05
0 0.356243 0.37836 0.0500185 0.106183 1.51191e-05
0 0.353835 0.977487 0.0133383 0.0450269 1.51268e-05
0 0.458133 0.609879 0.0307521 0.0974462 1.51641e-05
0 0.683772 0.861559 0.0566877 0.116935 1.5176e-05
0 0.613561 0.336358 0.0585402 0.15121 1.51867e-05
0 0.698036 0.352151 0.0600222 0.134409 1.52653e-05
0 0.332716 0.964046 0.0615043 0.0719086 1.53291e-05
0 0.863653 0.210349 0.0659503 0.137097 1.54012e-05
0 0.0072249 0.312164 0.0144498 0.141801 1.55341e-05
0 0.163023 0.529234 0.0437199 0.110887 1.55459e-05
0 0.19711 0.206653 0.0659503 0.133737 1.55499e-05
0 0.761023 0.800739 0.0444609 0.108199 1.56312e-05
0 0.786958 0.713038 0.0422379 0.102151 1.56748e-05
0 0.192108 0.0194892 0.0433494 0.0389785 1.56817e-05
0 0.636903 0.959677 0.0622453 0.0806452 1.57619e-05
0 0.577992 0.339718 0.0555761 0.147177 1.57633e-05
0 0.412375 0.947245 0.0666914 0.105511 1.587e-05
0 0.656725 0.978831 0.0611338 0.0423387 1.59491e-05
0 0.653575 0.380712 0.047425 0.108199 1.59683e-05
0 0.777881 0.909946 0.0433494 0.15457 1.60386e-05
0 0.358837 0.953629 0.0181549 0.0927419 1.60567e-05
0 0.80641 0.0611559 0.0411263 0.122312 1.61775e-05
0 0.916821 0.0413306 0.0670619 0.0826613 1.6195e-05
0 0.856058 0.0356183 0.0692849 0.0712366 1.62635e-05
0 0.64209 0.200605 0.0592812 0.127016 1.62787e-05
0 0.789737 0.197581 0.0640978 0.134409 1.63348e-05
0 0.908114 0.953629 0.0185254 0.0927419 1.63673e-05
0 0.329011 0.976142 0.0133383 0.0477151 1.63946e-05
0 0.653205 0.981855 0.0170434 0.0362903 1.652e-05
0 0.296036 0.80746 0.0570582 0.116263 1.65464e-05
0 0.0114857 0.133065 0.0229715 0.176075 1.65489e-05
0 0.636347 0.847446 0.0448314 0.107527 1.66801e-05
0 0.0689144 0.0188172 0.0452019 0.0376344 1.6712e-05
0 0.213042 0.412298 0.0637273 0.140457 1.67237e-05
0 0.517599 0.0611559 0.049648 0.122312 1.67287e-05
0 0.817525 0.940524 0.022601 0.118952 1.67377e-05
0 0.868099 0.948253 0.0288996 0.103495 1.68219e-05
0 0.505743 0.520833 0.0266765 0.123656 1.68604e-05
0 0.79196 0.94086 0.023342 0.11828 1.6951e-05
0 0.644868 0.882392 0.0529826 0.221774 1.69923e-05
0 0.736199 0.852823 0.0859578 0.168011 1.70283e-05
0 0.108188 0.954301 0.0192664 0.0913979 1.70324e-05
0 0.685624 0.813844 0.0552056 0.123656 1.70608e-05
0 0.184698 0.482863 0.0433494 0.106855 1.7075e-05
0 0.587255 0.302419 0.0377918 0.100806 1.71474e-05
0 0.742682 0.906922 0.0418674 0.129704 1.71704e-05
0 0.748796 0.945565 0.0259355 0.108871 1.72268e-05
0 0.0911449 0.855511 0.0548351 0.153226 1.73187e-05
0 0.238422 0.0406586 0.0285291 0.0813172 1.73622e-05
0 0.183957 0.527554 0.0440904 0.108871 1.74034e-05
0 0.670989 0.50168 0.0429789 0.136425 1.74114e-05
0 0.407744 0.606519 0.0292701 0.106855 1.74122e-05
0 0.16784 0.0725806 0.0563172 0.145161 1.74312e-05
0 0.710819 0.740927 0.072249 0.184812 1.74619e-05
0 0.988699 0.868616 0.022601 0.125672 1.74629e-05
0 0.854761 0.980511 0.0140793 0.0389785 1.74677e-05
0 0.135976 0.711358 0.0452019 0.124328 1.74827e-05
0 0.124861 0.312164 0.0674324 0.135081 1.74861e-05
0 0.643572 0.728159 0.0377918 0.117608 1.75209e-05
0 0.388292 0.34207 0.0459429 0.100806 1.75419e-05
0 0.593368 0.94086 0.0344572 0.11828 1.76082e-05
0 0.763246 0.34543 0.0370508 0.111559 1.7633e-05
0 0.361245 0.847782 0.050389 0.114919 1.76407e-05
0 0.753057 0.976142 0.0129678 0.0477151 1.7688e-05
0 0.999259 0.578293 0.00148203 0.190188 1.77243e-05
0 0.336606 0.847782 0.0485365 0.112231 1.77261e-05
0 0.177473 0.946909 0.0281586 0.106183 1.77519e-05
0 0.945535 0.22547 0.0607632 0.127016 1.77856e-05
0 0.875139 0.952621 0.0288996 0.0947581 1.78507e-05
0 0.766395 0.94422 0.024824 0.111559 1.78524e-05
0 0.181363 0.909946 0.0492775 0.137097 1.79144e-05
0 0.610597 0.847782 0.0422379 0.106855 1.79553e-05
0 0.785847 0.576613 0.0563172 0.110215 1.79581e-05
0 0.797332 0.471102 0.0637273 0.143817 1.79722e-05
0 0.95628 0.822245 0.0844757 0.139113 1.79863e-05
0 0.906447 0.879368 0.0374213 0.172715 1.80135e-05
0 0.185439 0.155242 0.0529826 0.122312 1.8041e-05
0 0.363097 0.738911 0.0807707 0.215726 1.80851e-05
0 0.435902 0.858199 0.0789181 0.177419 1.81214e-05
0 0.199518 0.0372984 0.0655798 0.0745968 1.81245e-05
0 0.0622453 0.949261 0.0659503 0.101478 1.81831e-05
0 0.629492 0.985215 0.0185254 0.0295699 1.82239e-05
0 0.785661 0.755712 0.0426084 0.105511 1.82721e-05
0 0.683772 0.955309 0.0196369 0.0893817 1.83221e-05
0 0.89385 0.467406 0.0566877 0.140457 1.83541e-05
0 0.0741015 0.0352823 0.0659503 0.0705645 1.85153e-05
0 0.196369 0.459677 0.0711375 0.162634 1.85166e-05
0 0.238236 0.302755 0.0326047 0.116263 1.86153e-05
0 0.532605 0.614247 0.026306 0.0954301 1.86184e-05
0 0.246943 0.974126 0.022601 0.0517473 1.86358e-05
0 0.803631 0.976142 0.0118562 0.0477151 1.86691e-05
0 0.606706 0.611559 0.0314931 0.115591 1.87128e-05
0 0.714894 0.810148 0.0581697 0.127016 1.8749e-05
0 0.0842905 0.483871 0.0381623 0.116935 1.88273e-05
0 0.987403 0.0836694 0.0251945 0.104167 1.8949e-05
0 0.655984 0.814516 0.0537236 0.11828 1.90611e-05
0 0.241941 0.907594 0.0459429 0.139113 1.90633e-05
0 0.856243 0.836021 0.0548351 0.212366 1.90821e-05
0 0.935717 0.527218 0.0448314 0.110887 1.9093e-05
0 0.761949 0.757729 0.0418674 0.105511 1.90937e-05
0 0.119303 0.94422 0.0281586 0.111559 1.90957e-05
0 0.625417 0.81418 0.050389 0.108199 1.90995e-05
0 0.165061 0.96539 0.0640978 0.0692204 1.91283e-05
0 0.936273 0.806116 0.0377918 0.106855 1.91562e-05
0 0.352167 0.947917 0.0774361 0.104167 1.91774e-05
0 0.857725 0.954301 0.0177844 0.0913979 1.91821e-05
0 0.565209 0.941532 0.0426084 0.116935 1.92555e-05
0 0.705817 0.0346102 0.0518711 0.0692204 1.93045e-05
0 0.843461 0.254032 0.0566877 0.110215 1.95189e-05
0 0.868099 0.0362903 0.0377918 0.0725806 1.95293e-05
0 0.085402 0.440524 0.0337162 0.129704 1.9654e-05
0 0.597073 0.810484 0.0492775 0.102151 1.96587e-05
0 0.654872 0.947245 0.0374213 0.105511 1.97068e-05
0 0.256947 0.982527 0.0374213 0.0349462 1.97382e-05
0 0.713042 0.198925 0.0581697 0.133065 1.97659e-05
0 0.360874 0.304435 0.0422379 0.104839 1.97908e-05
0 0.782512 0.96203 0.0607632 0.0759409 1.97922e-05
0 0.20804 0.954301 0.0188959 0.0913979 1.98058e-05
0 0.740459 0.948253 0.026306 0.103495 1.98241e-05
0 0.718229 0.945901 0.025565 0.108199 1.99452e-05
0 0.699148 0.0547715 0.0807707 0.109543 1.99713e-05
0 0.371804 0.453629 0.0403853 0.146505 2.00472e-05
0 0.570582 0.608199 0.0303816 0.103495 2.01022e-05
0 0.0164876 0.996304 0.0329752 0.00739247 2.02288e-05
0 0.181919 0.100806 0.0385328 0.102151 2.02561e-05
0 0.999629 0.707997 0.000741015 0.188844 2.02617e-05
0 0.280104 0.0426747 0.0400148 0.0853495 2.03618e-05
0 0.540571 0.300403 0.0407558 0.100806 2.04977e-05
0 0.613005 0.351478 0.0366803 0.0981183 2.05785e-05
0 0.324194 0.808804 0.0526121 0.114919 2.07721e-05
0 0.989811 0.0110887 0.0203779 0.0221774 2.09112e-05
0 0.130048 0.0715726 0.0526121 0.143145 2.09166e-05
0 0.447758 0.527218 0.0277881 0.124328 2.10073e-05
0 0.883475 0.955981 0.0196369 0.0880376 2.10476e-05
0 0.475732 0.863911 0.046684 0.109543 2.10506e-05
0 0.23342 0.952285 0.0185254 0.0954301 2.10558e-05
0 0.115228 0.667339 0.0652093 0.139785 2.10816e-05
0 0.00592812 0.150538 0.0118562 0.122312 2.1105e-05
0 0.950908 0.0403226 0.0314931 0.0806452 2.11879e-05
0 0.694331 0.498656 0.0348277 0.115591 2.12591e-05
0 0.00222305 0.0268817 0.00444609 0.0537634 2.12952e-05
0 0.560763 0.260417 0.0381623 0.109543 2.14119e-05
0 0.564839 0.862231 0.0515006 0.107527 2.14197e-05
0 0.530382 0.0487231 0.0418674 0.0974462 2.1425e-05
0 0.886439 0.80746 0.0403853 0.104167 2.145e-05
0 0.778622 0.977151 0.0122268 0.0456989 2.14617e-05
0 0.783253 0.157258 0.0548351 0.0981183 2.15153e-05
0 0.596332 0.861559 0.0529826 0.112903 2.15379e-05
0 0.85402 0.441196 0.0829937 0.170027 2.15852e-05
0 0.465913 0.426075 0.0366803 0.177419 2.16395e-05
0 0.238422 0.395497 0.0426084 0.108199 2.16887e-05
0 0.149685 0.852487 0.0555761 0.176747 2.17396e-05
0 0.951278 0.340054 0.0566877 0.122312 2.17582e-05
0 0.849574 0.575941 0.0807707 0.177419 2.18622e-05
0 0.839385 0.949597 0.0300111 0.100806 2.19506e-05
0 0.856428 0.324597 0.073731 0.139785 2.19544e-05
0 0.124491 0.158266 0.0570582 0.12164 2.19772e-05
0 0.444794 0.863575 0.0507595 0.112903 2.20092e-05
0 0.0072249 0.992271 0.0144498 0.015457 2.20401e-05
0 0.210263 0.884073 0.0589107 0.178091 2.21331e-05
0 0.864579 0.974126 0.0581697 0.0517473 2.22996e-05
0 0.98555 0.938844 0.0288996 0.122312 2.23573e-05
0 0.308262 0.951613 0.0185254 0.0967742 2.24049e-05
0 0.166173 0.941532 0.0455724 0.102151 2.26862e-05
0 0.812708 0.575605 0.0418674 0.106855 2.27848e-05
0 0.929789 0.83703 0.0574287 0.200941 2.28122e-05
0 0.788255 0.0144489 0.0411263 0.0288978 2.28271e-05
0 0.91256 0.394153 0.0333457 0.124328 2.28277e-05
0 0.907003 0.270161 0.0755835 0.198925 2.28491e-05
0 0.990552 0.584677 0.0188959 0.211022 2.28977e-05
0 0.390515 0.872984 0.0622453 0.13172 2.31182e-05
0 0.330122 0.432796 0.0392738 0.159946 2.3266e-05
0 0.344757 0.940188 0.0455724 0.119624 2.32771e-05
0 0.985921 0.887433 0.0281586 0.120296 2.34399e-05
0 0.740274 0.472782 0.0333457 0.122984 2.35074e-05
0 0.501112 0.804435 0.0507595 0.149194 2.35807e-05
0 0.191923 0.0745968 0.0548351 0.149194 2.3596e-05
0 0.628751 0.523521 0.0311226 0.116935 2.36361e-05
0 0.105224 0.0709005 0.050389 0.141801 2.37022e-05
0 0.00907744 0.0100806 0.0181549 0.0201613 2.37943e-05
0 0.987958 0.0446909 0.024083 0.0893817 2.40849e-05
0 0.00555761 0.974462 0.0111152 0.0510753 2.41215e-05
0 0.937014 0.846774 0.0392738 0.0981183 2.42305e-05
0 0.691182 0.924395 0.0477955 0.15121 2.4272e-05
0 0.818081 0.0456989 0.0444609 0.0913979 2.43564e-05
0 0.796406 0.031586 0.0648388 0.063172 2.44045e-05
0 0.384587 0.450941 0.0377918 0.126344 2.45754e-05
0 0.668396 0.0517473 0.0363097 0.103495 2.46333e-05
0 0.501112 0.925067 0.0892923 0.149866 2.46551e-05
0 0.634309 0.352487 0.0392738 0.0947581 2.47001e-05
0 0.362727 0.349126 0.0429789 0.093414 2.47004e-05
0 0.792145 0.90625 0.0385328 0.120296 2.473e-05
0 0.0583549 0.78797 0.0692849 0.139113 2.49689e-05
0 0.060578 0.881048 0.0544646 0.181452 2.49997e-05
0 0.0235272 0.450269 0.0470545 0.134409 2.50588e-05
0 0.858837 0.940188 0.0437199 0.112903 2.50644e-05
0 0.30993 0.258401 0.0366803 0.125672 2.51611e-05
0 0.120785 0.828965 0.0570582 0.163306 2.52173e-05
0 0.987217 0.121976 0.025565 0.114919 2.52974e-05
0 0.250093 0.0144489 0.0437199 0.0288978 2.53855e-05
0 0.502408 0.968078 0.0555761 0.0638441 2.54599e-05
0 0.634865 0.030914 0.0507595 0.061828 2.55102e-05
0 0.365135 0.246976 0.0603927 0.116263 2.55227e-05
0 0.84272 0.0416667 0.0403853 0.0833333 2.55618e-05
0 0.579844 0.948253 0.0370508 0.103495 2.56743e-05
0 0.512412 0.396505 0.0363097 0.110215 2.57661e-05
0 0.702668 0.679771 0.0463134 0.143145 2.57919e-05
0 0.0768803 0.883065 0.0492775 0.141129 2.58114e-05
0 0.115043 0.936828 0.0833642 0.126344 2.58484e-05
0 0.0644683 0.952957 0.0266765 0.094086 2.59e-05
0 0.546869 0.518817 0.0229715 0.116935 2.59221e-05
0 0.835309 0.952957 0.072249 0.094086 2.59241e-05
0 0.608003 0.0114247 0.046684 0.0228495 2.60538e-05
0 0.585587 0.400874 0.0411263 0.109543 2.60858e-05
0 0.402742 0.0577957 0.0792886 0.115591 2.64899e-05
0 0.383846 0.377688 0.048166 0.106183 2.66741e-05
0 0.479622 0.943548 0.0433494 0.112903 2.66855e-05
0 0.343461 0.186492 0.0644683 0.120296 2.66936e-05
0 0.41219 0.0372984 0.0492775 0.0745968 2.66981e-05
0 0.165432 0.87836 0.0559466 0.186828 2.67095e-05
0 0.337532 0.0399866 0.0518711 0.0799731 2.68315e-05
0 0.315858 0.942204 0.0448314 0.115591 2.6992e-05
0 0.483698 0.456989 0.0329752 0.139785 2.70656e-05
0 0.716191 0.617271 0.0607632 0.148522 2.71118e-05
0 0.987958 0.151882 0.024083 0.188172 2.71986e-05
0 0.751575 0.634073 0.0396443 0.131048 2.72128e-05
0 0.743609 0.0574597 0.0377918 0.114919 2.72546e-05
0 0.545572 0.613911 0.0277881 0.093414 2.72601e-05
0 0.600963 0.156922 0.0518711 0.106855 2.7275e-05
0 0.258614 0.0336022 0.0622453 0.0672043 2.72985e-05
0 0.0626158 0.361559 0.0548351 0.127688 2.73012e-05
0 0.0172286 1 0.0344572 0 2.73686e-05
0 0.615043 0.0285618 0.0674324 0.0571237 2.73721e-05
0 0.0227862 0.59207 0.0448314 0.145161 2.75815e-05
0 0.894961 0.357527 0.0544646 0.137097 2.77734e-05
0 0.560948 0.300403 0.0407558 0.0981183 2.77961e-05
0 0.414783 0.862903 0.0507595 0.116935 2.78504e-05
0 0.201927 0.976815 0.0615043 0.046371 2.79831e-05
0 0.540571 0.156922 0.05113 0.102823 2.81651e-05
0 0.668581 0.0117608 0.0448314 0.0235215 2.81938e-05
0 0.546313 0.00974462 0.0477955 0.0194892 2.8204e-05
0 0.221564 0.680108 0.0904039 0.176075 2.82544e-05
0 0.722119 0.24664 0.0526121 0.123656 2.84559e-05
0 0.126343 0.357863 0.0548351 0.133737 2.85788e-05
0 0.673583 0.663979 0.0629863 0.182796 2.86032e-05
0 0.427381 0.0107527 0.0463134 0.0215054 2.86648e-05
0 0.553353 0.0504032 0.0774361 0.100806 2.87159e-05
0 0.792701 0.0487231 0.0485365 0.0974462 2.87815e-05
0 0.677473 0.946237 0.0366803 0.107527 2.87816e-05
0 0.566506 0.200941 0.0592812 0.120968 2.89565e-05
0 0.0096332 0.357527 0.0192664 0.134409 2.90226e-05
0 0.256947 0.942876 0.0440904 0.103495 2.90881e-05
0 0.128566 0.254032 0.0548351 0.115591 2.91087e-05
0 0.0555761 0.679771 0.0674324 0.132392 2.9214e-05
0 0.582808 0.611895 0.0274176 0.109543 2.92152e-05
0 0.477584 0.0514113 0.0800296 0.102823 2.92422e-05
0 0.435532 0.0302419 0.0648388 0.0604839 2.92876e-05
0 0.010189 0.464718 0.0203779 0.141801 2.93283e-05
0 0.556317 0.728495 0.022601 0.151882 2.93335e-05
0 0.681919 0.927419 0.114487 0.145161 2.93495e-05
0 0.212301 0.538306 0.0681734 0.134409 2.93799e-05
0 0.680808 0.0393145 0.0389033 0.078629 2.9686e-05
0 0.663023 0.153562 0.0500185 0.106855 2.96882e-05
0 0.504631 0.452957 0.0311226 0.139785 2.96898e-05
0 0.841608 0.881384 0.0470545 0.171371 2.96932e-05
0 0.675806 0.0295699 0.0666914 0.0591398 2.98419e-05
0 0.808077 0.950269 0.0163023 0.0994624 2.99921e-05
0 0.985921 0.663306 0.0244535 0.139785 3.00139e-05
0 0.959059 0.993952 0.0603927 0.0120968 3.00604e-05
0 0.21508 0.604503 0.0759541 0.12164 3.02529e-05
0 0.560578 0.03125 0.049648 0.0625 3.03812e-05
0 0.86143 0.931116 0.0703964 0.137769 3.03924e-05
0 0.782883 0.950605 0.0170434 0.0987903 3.04843e-05
0 0.280474 0.410954 0.0400148 0.122984 3.05321e-05
0 0.486291 0.0322581 0.0485365 0.0645161 3.07108e-05
0 0.709337 0.956317 0.0203779 0.0873656 3.07603e-05
0 0.00870693 0.569556 0.0174139 0.129704 3.09942e-05
0 0.944239 0.335685 0.07299 0.24664 3.10954e-05
0 0.00815117 0.678763 0.0163023 0.151882 3.11651e-05
0 0.621341 0.927083 0.108188 0.145833 3.11938e-05
0 0.329937 0.314852 0.0470545 0.147177 3.1299e-05
0 0.408485 0.716062 0.0314931 0.153898 3.13935e-05
0 0.492219 0.200605 0.0589107 0.114919 3.15629e-05
0 0.917933 0.93246 0.107077 0.135081 3.16806e-05
0 0.0144498 0.904234 0.0288996 0.191532 3.17142e-05
0 0.244165 0.156586 0.048166 0.116935 3.17315e-05
0 0.21156 0.941196 0.0711375 0.117608 3.17469e-05
0 0.665802 0.248992 0.0540941 0.108199 3.18156e-05
0 0.440719 0.970766 0.0559466 0.0584677 3.1881e-05
0 0.482771 0.156922 0.049648 0.100134 3.19691e-05
0 0.661912 0.878024 0.0596517 0.167339 3.20677e-05
0 0.962393 0.988575 0.026306 0.0228495 3.2115e-05
0 0.0603927 0.164315 0.0585402 0.110887 3.21423e-05
0 0.729344 0.0100806 0.0411263 0.0201613 3.21994e-05
0 0.0072249 0.886089 0.0144498 0.147177 3.22441e-05
0 0.560763 0.926075 0.0967025 0.147849 3.2394e-05
0 0.60578 0.252016 0.0533531 0.104839 3.24314e-05
0 0.362356 0.15457 0.0548351 0.112903 3.25212e-05
0 0.443127 0.0483871 0.0422379 0.0967742 3.25353e-05
0 0.0213042 0.030914 0.0426084 0.061828 3.26511e-05
0 0.557984 0.612903 0.0288996 0.104839 3.26831e-05
0 1 0.0329301 0 0.0658602 3.26947e-05
0 0.275102 0.198589 0.0603927 0.114919 3.27434e-05
0 0.506669 0.642137 0.025565 0.104167 3.27551e-05
0 0.986106 0.627016 0.0277881 0.22043 3.27828e-05
0 0.758429 0.951949 0.0177844 0.0961021 3.27993e-05
0 0.0596517 0.982527 0.0244535 0.0349462 3.28065e-05
0 0.00907744 1 0.0181549 0 3.291e-05
0 0.783253 0.249664 0.0548351 0.117608 3.29432e-05
0 0.986847 0.21203 0.026306 0.118952 3.3018e-05
0 0.954428 0.583333 0.0726195 0.168011 3.33822e-05
0 0.886625 0.936828 0.0689144 0.126344 3.3637e-05
0 0.00666914 0.783266 0.0133383 0.155242 3.37068e-05
0 0.418859 0.197917 0.0648388 0.109543 3.38677e-05
0 0.560393 0.856855 0.0789181 0.165323 3.38888e-05
0 0.283809 0.953293 0.0200074 0.093414 3.38888e-05
0 0.737125 0.0292339 0.0633568 0.0584677 3.40154e-05
0 0.0653946 0.268145 0.0559466 0.108871 3.4028e-05
0 0.189144 0.949933 0.0322342 0.100134 3.40946e-05
0 0.236754 0.936492 0.0711375 0.127016 3.41438e-05
0 0.276399 0.364919 0.0540941 0.130376 3.41925e-05
0 0.214894 0.9375 0.0414969 0.125 3.41967e-05
0 0.54409 0.929435 0.0500185 0.141129 3.43612e-05
0 0.655613 0.0420027 0.0389033 0.0840054 3.46244e-05
0 0.377918 0.927419 0.099296 0.145161 3.47584e-05
0 0.0127825 0.53461 0.025565 0.222446 3.47974e-05
0 0.72286 0.157258 0.049648 0.0967742 3.48655e-05
0 0.59522 0.611895 0.0285291 0.109543 3.49335e-05
0 0.189144 0.245632 0.0559466 0.12164 3.49701e-05
0 0.621341 0.849462 0.0792886 0.172043 3.49764e-05
0 0.00685439 0.25336 0.0137088 0.122312 3.52886e-05
0 0.39422 0.420027 0.0363097 0.126344 3.52999e-05
0 0.424972 0.155578 0.049648 0.106855 3.54164e-05
0 0.30289 0.15457 0.0529826 0.114247 3.5418e-05
0 0.585217 0.726479 0.0463134 0.15457 3.54321e-05
0 0.733605 0.954637 0.0200074 0.0907258 3.54592e-05
0 0.326047 0.947917 0.0303816 0.104167 3.559e-05
0 0.241941 0.24328 0.0533531 0.125 3.55977e-05
0 0.115413 0.572917 0.0589107 0.139113 3.5668e-05
0 0.283809 0.498992 0.0429789 0.127016 3.57055e-05
0 0.186921 0.946909 0.0678029 0.106183 3.57776e-05
0 0.144498 0.943548 0.0792886 0.112903 3.57906e-05
0 0.315858 0.0295699 0.0663209 0.0591398 3.58048e-05
0 0.957577 0.700941 0.0848462 0.172043 3.58319e-05
0 0.480919 0.726142 0.0214894 0.12836 3.61947e-05
0 0.802519 0.974798 0.0607632 0.0504032 3.62869e-05
0 0.0622453 0.464046 0.0622453 0.136425 3.62877e-05
0 0.374398 0.0275538 0.0670619 0.0551075 3.65223e-05
0 0.249907 0.351142 0.0500185 0.132392 3.65409e-05
0 0.561504 0.971102 0.0574287 0.0577957 3.68269e-05
0 0.987958 0.718414 0.024083 0.202957 3.69413e-05
0 0.542608 0.24832 0.0500185 0.106855 3.69488e-05
0 0.42349 0.927755 0.0540941 0.144489 3.69511e-05
0 0.305484 0.269825 0.0477955 0.215726 3.71319e-05
0 0.642831 0.939516 0.0340867 0.120968 3.73403e-05
0 0.454428 0.946573 0.0366803 0.106855 3.7378e-05
0 0.804002 0.907594 0.0437199 0.15793 3.75309e-05
0 0.297147 0.948589 0.0311226 0.102823 3.76975e-05
0 0.533531 0.863575 0.046684 0.106183 3.81084e-05
0 0.984253 0.0389785 0.0314931 0.077957 3.81219e-05
0 0.681734 0.978495 0.0585402 0.0430108 3.84721e-05
0 0.98555 0.754032 0.0229715 0.149194 3.84924e-05
0 0.921082 0.979167 0.0570582 0.0416667 3.8541e-05
0 0.00944794 0.951613 0.0188959 0.0967742 3.86634e-05
0 0.621526 0.976142 0.0574287 0.0477151 3.90275e-05
0 0.954242 0.438844 0.0670619 0.188172 3.90873e-05
0 0.37977 0.974462 0.0585402 0.0510753 3.93141e-05
0 0.987032 0.166331 0.0259355 0.114919 3.95145e-05
0 0.983142 0.0198253 0.0337162 0.0396505 3.96145e-05
0 0.76658 0.550739 0.0548351 0.116263 3.98173e-05
0 0.904594 0.830309 0.0670619 0.242608 3.98176e-05
0 0.501297 0.870968 0.0585402 0.119624 3.98665e-05
0 0.0105595 0.398858 0.0211189 0.1875 4.00733e-05
0 0.0105595 0.627352 0.0211189 0.195565 4.02384e-05
0 0.424787 0.241599 0.0522416 0.112231 4.0376e-05
0 0.320119 0.926075 0.100778 0.147849 4.03867e-05
0 0.118562 0.469758 0.0585402 0.133065 4.17504e-05
0 0.0513153 0.987231 0.0100037 0.0255376 4.21879e-05
0 0.986291 0.617271 0.0274176 0.124328 4.26092e-05
0 0.195813 0.358535 0.0774361 0.160618 4.3137e-05
0 0.00815117 0.525202 0.0163023 0.135081 4.38502e-05
0 0.767692 0.0490591 0.0459429 0.0981183 4.40169e-05
0 0.730456 0.0446909 0.0403853 0.0893817 4.44602e-05
0 0.00852168 0.580309 0.0170434 0.144489 4.44995e-05
0 0.263246 0.975134 0.0626158 0.0497312 4.47025e-05
0 0.829011 0.936828 0.0440904 0.126344 4.49895e-05
0 0.986662 0.844758 0.0214894 0.142473 4.53781e-05
0 0.692293 0.950605 0.0337162 0.0987903 4.56966e-05
0 0.429789 0.947917 0.0348277 0.104167 4.65348e-05
0 0.0105595 0.00873656 0.0211189 0.0174731 4.76353e-05
0 0.531123 0.426747 0.0337162 0.145161 4.7907e-05
0 0.0563172 0.582325 0.0629863 0.133737 4.81691e-05
0 0.712116 0.945565 0.0674324 0.108871 4.85407e-05
0 0.646351 0.519153 0.0329752 0.110887 4.866e-05
0 0.379215 0.62164 0.0552056 0.151882 4.86872e-05
0 0.321415 0.975134 0.0603927 0.0497312 4.94944e-05
0 0.0440904 0.938508 0.0355687 0.122984 4.96067e-05
0 0.477955 0.243616 0.048166 0.113575 4.97172e-05
0 0.811226 0.923723 0.072249 0.152554 5.0752e-05
0 0.0652093 0.976815 0.0148203 0.046371 5.12829e-05
0 0.458874 0.518817 0.024083 0.125 5.13256e-05
0 0.605039 0.945901 0.0370508 0.108199 5.19505e-05
0 0.216562 0.47043 0.0655798 0.11828 5.20623e-05
0 0.841608 0.905914 0.0329752 0.104839 5.23821e-05
0 0.0127825 0.877352 0.025565 0.237231 5.37529e-05
0 0.879215 0.905914 0.0400148 0.108871 5.38366e-05
0 0.761208 0.930444 0.072249 0.139113 5.49377e-05
0 0.286773 0.936828 0.0689144 0.126344 5.49958e-05
0 0.986847 0.574261 0.024083 0.120296 5.50808e-05
0 0.616154 0.751008 0.0689144 0.30578 5.55384e-05
0 0.261949 0.955309 0.0288996 0.0893817 5.59389e-05
0 0.904039 0.260417 0.05113 0.129704 5.60249e-05
0 0.527788 0.932124 0.0426084 0.135753 5.62017e-05
0 0.406447 0.933132 0.0437199 0.133737 5.65768e-05
0 0.979066 0.0399866 0.0374213 0.0799731 5.67435e-05
0 0.757132 0.407258 0.0418674 0.114247 5.71276e-05
0 0.507595 0.698253 0.0222305 0.139785 5.76746e-05
0 0.736199 0.93918 0.0696554 0.12164 5.79262e-05
0 0.140237 0.938172 0.0403853 0.123656 5.84694e-05
0 0.987032 0.511425 0.0259355 0.196237 5.86939e-05
0 0.541497 0.805108 0.0552056 0.145161 5.88249e-05
0 0.251945 0.0450269 0.0333457 0.0900538 6.00151e-05
0 0.512783 0.496976 0.0296406 0.160618 6.07008e-05
0 0.306225 0.326277 0.0403853 0.132392 6.08361e-05
0 0.636717 0.394153 0.0418674 0.0947581 6.1115e-05
0 0.570952 0.43078 0.0348277 0.166667 6.13168e-05
0 0.104854 0.885417 0.0444609 0.179435 6.15668e-05
0 0.245091 0.634409 0.0640978 0.165323 6.20174e-05
0 0.905706 0.632392 0.0426084 0.186828 6.24364e-05
0 0.917562 0.838374 0.0463134 0.139113 6.46376e-05
0 0.888848 0.931116 0.0422379 0.137769 6.47811e-05
0 0.727862 0.379368 0.0515006 0.12836 6.50584e-05
0 0.629678 0.943884 0.0381623 0.112231 6.61042e-05
0 0.234161 0.445565 0.0733605 0.151882 6.63284e-05
0 0.867173 0.860887 0.0470545 0.139785 6.67258e-05
0 0.0646536 0.932124 0.0403853 0.135753 6.77111e-05
0 0.0103742 0.718414 0.0207484 0.202957 6.83192e-05
0 0.483327 0.725134 0.0440904 0.143817 6.85622e-05
0 0.988699 0.991935 0.022601 0.016129 6.89903e-05
0 0.987773 0.0675403 0.0244535 0.135081 6.91266e-05
0 0.987588 0.258065 0.024824 0.11828 7.09674e-05
0 0.325676 0.496976 0.0377918 0.147177 7.1748e-05
0 0.69359 0.414987 0.0422379 0.110887 7.39203e-05
0 0.371063 0.522513 0.0351982 0.125672 7.49241e-05
0 0.355317 0.612567 0.0741015 0.167339 7.6033e-05
0 0.0137088 0.813844 0.0274176 0.163978 7.61104e-05
0 0.905706 0.929435 0.0411263 0.141129 7.67112e-05
0 0.582067 0.519489 0.0311226 0.125 7.84577e-05
0 0.321415 0.676747 0.0426084 0.139785 7.86513e-05
0 0.506669 0.714718 0.0351982 0.198253 7.96293e-05
0 0.535013 0.72379 0.0318637 0.162634 8.06756e-05
0 0.990737 0.951613 0.0185254 0.0967742 8.20112e-05
0 0.81734 0.905578 0.0363097 0.122984 8.32704e-05
0 0.987032 0.28797 0.0259355 0.203629 8.68622e-05
0 0.922564 0.466734 0.0452019 0.143145 8.8154e-05
0 0.976287 0.971774 0.0326047 0.0564516 9.128e-05
0 0.00852168 0.0601478 0.0170434 0.120296 9.34026e-05
0 0.346795 0.523521 0.0363097 0.142473 9.34163e-05
0 0.0100037 1 0.0200074 0 9.57608e-05
0 0.987958 0.525538 0.022601 0.115591 9.78823e-05
0 0.761764 0.372984 0.0615043 0.166667 9.82153e-05
0 0.987958 0.908938 0.024083 0.182124 9.86499e-05
0 0.155984 0.953965 0.0296406 0.0920699 9.91253e-05
0 0.010189 0.468414 0.0203779 0.19086 0.00010676
0 0.00778066 0.956653 0.0155613 0.0866935 0.000114136
0 0.987032 0.821237 0.0259355 0.260753 0.00011553
0 0.416636 0.522177 0.025565 0.13172 0.000115975
0 0.952205 0.976142 0.0177844 0.0477151 0.00011628
0 0.200074 0.934476 0.0400148 0.131048 0.000116841
0 0.655613 0.422715 0.0396443 0.133065 0.000117092
0 0.298814 0.430108 0.0448314 0.142473 0.000117669
0 0.594109 0.432124 0.0374213 0.170699 0.000119429
0 0.346054 0.446573 0.046684 0.129704 0.000119944
0 0.120971 0.881384 0.0470545 0.148522 0.000125186
0 0.629863 0.426411 0.0340867 0.135081 0.000126473
0 0.484624 0.384745 0.0763246 0.176747 0.000132558
0 0.01093 0.923387 0.0218599 0.153226 0.000137705
0 0.413857 0.38172 0.0592812 0.157258 0.00013818
0 0.405706 0.455981 0.0333457 0.136425 0.000138976
0 0.987958 0.966734 0.024083 0.0665323 0.000140017
0 0.385698 0.515793 0.0288996 0.129704 0.000143821
0 0.257503 0.476478 0.0452019 0.13172 0.000156365
0 0.606521 0.516129 0.0288996 0.11828 0.000159974
0 0.638755 0.386089 0.0577992 0.176747 0.000160267
0 0.756391 0.477823 0.0522416 0.130376 0.000160496
0 0.371619 0.41297 0.0741015 0.170027 0.00016339
0 0.561134 0.38172 0.0507595 0.163978 0.000165763
0 0.333457 0.381048 0.0659503 0.159946 0.000171267
0 0.00889218 0.797043 0.0177844 0.25672 0.000171407
0 0.297332 0.666331 0.0870693 0.148522 0.000172886
0 0.240645 0.578293 0.0804001 0.172715 0.000178258
0 0.988699 0.304099 0.0211189 0.12164 0.000184953
0 0.465728 0.650874 0.0274176 0.137769 0.000194443
0 0.98907 0.480511 0.0203779 0.11828 0.000212415
0 0.552427 0.746976 0.0422379 0.218414 0.000221867
0 0.430345 0.409274 0.0492775 0.16129 0.000227707
0 0.519637 0.697581 0.0211189 0.135753 0.000242195
0 0.953316 0.938844 0.0370508 0.122312 0.000250283
0 0.892738 0.859879 0.0440904 0.147177 0.000254968
0 0.716006 0.415323 0.0448314 0.133065 0.000260051
0 0.296221 0.620968 0.0559466 0.170699 0.000334556
0 0.988514 0.445901 0.0229715 0.191532 0.000334902
0 0.76306 0.62164 0.0663209 0.192204 0.000337284
0 0.407003 0.515121 0.0307521 0.145833 0.000350967
0 0.646906 0.455645 0.0385328 0.134409 0.000355908
0 0.989811 0.436492 0.0188959 0.118952 0.000367279
0 0.24824 0.550067 0.0414969 0.140457 0.000378923
0 0.989996 0.344086 0.0200074 0.120968 0.000384304
0 0.48203 0.418347 0.046684 0.167339 0.000404904
0 0.990182 0.389785 0.0196369 0.116935 0.00043709
0 0.988514 0.355511 0.0229715 0.193548 0.00052639
0 0.608744 0.417675 0.050389 0.165995 0.000647344
0 0.547054 0.423051 0.0515006 0.172715 0.000717411
0 0.716932 0.468078 0.0459429 0.139113 0.000902202
0 0.67488 0.453965 0.0492775 0.160618 0.00118794
0 0.569841 0.699597 0.0229715 0.193548 0.00146306
0 0.46684 0.733871 0.0392738 0.196237 0.00159144
0 0.445721 0.699933 0.0303816 0.198253 0.00289032
0 0.745091 0.418683 0.0459429 0.153226 0.00344493
0 0.267692 0.436828 0.0418674 0.141129 0.00737654
0 0.430159 0.494288 0.0318637 0.163306 0.0214547
0 0.553724 0.574597 0.0552056 0.401882 0.0698241
0 0.466469 0.673723 0.129678 0.174059 0.0849617
0 0.468322 0.564516 0.049648 0.383065 0.0937193
0 0.337718 0.565188 0.0863283 0.353495 0.119652
0 0.635606 0.566196 0.074472 0.374328 0.132181
0 0.573546 0.568548 0.0437199 0.380376 0.143886
0 0.612634 0.477151 0.112264 0.169355 0.160749
0 0.412004 0.570565 0.05113 0.373656 0.162989
0 0.396258 0.484543 0.0996665 0.170699 0.18279
0 0.715635 0.556788 0.0907744 0.297715 0.185158
0 0.669692 0.568548 0.0707669 0.346774 0.193288
0 0.307707 0.539315 0.07299 0.332661 0.200227
0 0.505372 0.667339 0.0592812 0.162634 0.205219
0 0.430715 0.485215 0.0841052 0.166667 0.211087
0 0.472397 0.679435 0.0548351 0.177419 0.241906
0 0.404594 0.675403 0.0948499 0.173387 0.251661
0 0.539274 0.673387 0.0559466 0.174731 0.253861
0 0.662838 0.470094 0.10967 0.165995 0.263495
0 0.543349 0.479167 0.0640978 0.165323 0.27485
0 0.31382 0.467742 0.105224 0.166667 0.280358
0 0.468877 0.484207 0.0611338 0.18078 0.293035
0 0.684698 0.636089 0.14598 0.171371 0.296555
0 0.579659 0.674059 0.0663209 0.186828 0.300191
0 0.577066 0.476142 0.0329752 0.178091 0.707666
0 0.431641 0.683132 0.0318637 0.204973 0.74808
0 0.442386 0.480175 0.0303816 0.188844 0.777381
0 0.600222 0.481855 0.0355687 0.173387 0.805235
0 0.45628 0.686492 0.0314931 0.206317 0.809813
0 0.55502 0.674731 0.0266765 0.188172 0.81124
0 0.579289 0.673387 0.0300111 0.188172 0.811888
0 0.699518 0.459677 0.0422379 0.162634 0.812534
0 0.624861 0.480175 0.0329752 0.165995 0.81262
0 0.552056 0.483199 0.0274176 0.165323 0.813684
0 0.47814 0.673051 0.025565 0.176747 0.813849
0 0.51482 0.664987 0.0218599 0.156586 0.814806
0 0.46684 0.478831 0.0251945 0.188844 0.815621
0 0.496665 0.668011 0.023342 0.163978 0.821291
0 0.525565 0.476142 0.0314931 0.186156 0.825924
0 0.53279 0.668347 0.0251945 0.168683 0.826524
0 0.417192 0.487903 0.0370508 0.174731 0.826644
0 0.393294 0.487567 0.0381623 0.172715 0.82852
0 0.657651 0.480847 0.047425 0.153898 0.830668
0 0.493887 0.480511 0.0311226 0.181452 0.833653
0 0.314931 0.469086 0.047425 0.178763 0.841068
0 0.41571 0.676411 0.0429789 0.196909 0.843548
0 0.282142 0.452957 0.0515006 0.158602 0.858119
0 0.358651 0.486895 0.0548351 0.178091 0.863639
0 0.730826 0.4375 0.0500185 0.147849 0.86807
0 0.604113 0.671707 0.0389033 0.190188 0.869466
0 0.743794 0.591062 0.073731 0.15121 0.883218
0 0.692108 0.631384 0.0659503 0.184812 0.886219
0 0.646906 0.666667 0.0778066 0.192204 0.893261
0 0.32475 0.646505 0.0692849 0.169355 0.894109
0 0.271212 0.611895 0.0763246 0.163306 0.895973
0 0.371434 0.669019 0.07299 0.18078 0.906226
