0 0.137665 0.206028 0.0463426 0.149209 6.31865e-06
0 0.773285 0.457016 0.050886 0.157115 6.33562e-06
0 0.393685 0.806324 0.0540663 0.183794 6.33849e-06
0 0.572013 0.0864625 0.0772376 0.172925 6.339e-06
0 0.586324 0.760375 0.0467969 0.178854 6.35089e-06
0 0.159927 0.107213 0.0463426 0.131423 6.35787e-06
0 0.474784 0.126482 0.0454339 0.177866 6.36789e-06
0 0.479328 0.746542 0.0390731 0.137352 6.3841e-06
0 0.518174 0.539032 0.0277147 0.113636 6.43512e-06
0 0.577238 0.970356 0.0140845 0.0592885 6.44514e-06
0 0.205361 0.0736166 0.0463426 0.147233 6.44701e-06
0 0.360972 0.155632 0.0440709 0.147233 6.46754e-06
0 0.587006 0.0993083 0.0436165 0.137352 6.49848e-06
0 0.510677 0.895257 0.0408905 0.110672 6.50068e-06
0 0.478419 1 0.0408905 0 6.51233e-06
0 0.318492 0.954545 0.0336211 0.0909091 6.51991e-06
0 0.593367 0.610672 0.0263517 0.181818 6.5216e-06
0 0.372785 1 0.0404362 0 6.52282e-06
0 0.769877 0.0113636 0.0340754 0.0227273 6.52371e-06
0 0.496365 0.750988 0.0386188 0.13834 6.54033e-06
0 0.737165 0.0988142 0.0440709 0.134387 6.54141e-06
0 0.997501 0.333004 0.00499773 0.213439 6.55591e-06
0 0.131758 0.231225 0.0826897 0.243083 6.55755e-06
0 0.262608 0.645751 0.0472513 0.117589 6.57339e-06
0 0.237165 0.263834 0.0436165 0.130435 6.61441e-06
0 0.550659 0.976779 0.0163562 0.0464427 6.65869e-06
0 0.569287 0.608202 0.0345298 0.11166 6.66358e-06
0 0.969105 0.083498 0.0445252 0.166996 6.67262e-06
0 0.17333 0.130435 0.0531577 0.173913 6.70347e-06
0 0.757156 0.0118577 0.0340754 0.0237154 6.72483e-06
0 0.945934 0.0938735 0.079055 0.187747 6.72902e-06
0 0.00408905 0.943676 0.0081781 0.112648 6.76296e-06
0 0.813948 0.264822 0.0467969 0.146245 6.76471e-06
0 0.351204 0.248024 0.0681508 0.199605 6.77266e-06
0 0.759882 0.48419 0.0395275 0.130435 6.78005e-06
0 0.0163562 0.938241 0.0327124 0.123518 6.81468e-06
0 0.201272 0.176383 0.0754203 0.218379 6.86985e-06
0 0.286915 0.806324 0.0449796 0.12253 6.89031e-06
0 0.842117 0.983696 0.0340754 0.0326087 6.89972e-06
0 0.602681 0.965415 0.0467969 0.06917 6.92547e-06
0 0.369378 0.953063 0.0408905 0.0938735 6.97751e-06
0 0.0440709 0.0192688 0.0290777 0.0385376 6.9863e-06
0 0.574966 0.977273 0.0140845 0.0454545 7.00798e-06
0 0.432076 0.217391 0.0527033 0.241107 7.01128e-06
0 0.786234 0.699111 0.0449796 0.12747 7.01518e-06
0 0.460927 0.15415 0.0422535 0.144269 7.13849e-06
0 0.736256 0.152668 0.0431622 0.137352 7.18611e-06
0 0.212631 0.697628 0.0463426 0.136364 7.19639e-06
0 0.0427079 0.335474 0.0736029 0.242095 7.2084e-06
0 0.458201 0.0103755 0.0377101 0.020751 7.22357e-06
0 0.368015 0.30336 0.0590641 0.22332 7.27566e-06
0 0.99682 0.494071 0.00636075 0.211462 7.27747e-06
0 0.83303 0.100791 0.0495229 0.136364 7.31984e-06
0 0.695139 1 0.053612 0 7.33189e-06
0 0.657656 0.47332 0.0395275 0.148221 7.34865e-06
0 0.00431622 0.633893 0.00863244 0.251976 7.35008e-06
0 0.110177 0.519763 0.0595184 0.1917 7.35775e-06
0 0.406179 0.225296 0.0590641 0.264822 7.37843e-06
0 0.836211 0.262352 0.0477056 0.178854 7.39437e-06
0 0.123807 0.105237 0.0758746 0.210474 7.40813e-06
0 0.569514 0.30336 0.0349841 0.213439 7.46967e-06
0 0.20468 0.943676 0.0458882 0.112648 7.48943e-06
0 0.163562 0.372036 0.0454339 0.178854 7.49544e-06
0 0.636302 0.159091 0.0449796 0.13834 7.49611e-06
0 0.878691 0.317688 0.0808723 0.220356 7.50223e-06
0 0.283962 1 0.0472513 0 7.53703e-06
0 0.348932 0.0928854 0.0754203 0.185771 7.55823e-06
0 0.811222 0.74753 0.0467969 0.135375 7.58251e-06
0 0.453885 0.971344 0.0690595 0.0573123 7.58865e-06
0 0.309178 0.311759 0.0431622 0.125494 7.59289e-06
0 0.686279 0.753953 0.0413448 0.114625 7.63631e-06
0 0.977283 1 0.0454339 0 7.64518e-06
0 0.31622 0.337451 0.0645161 0.255929 7.67183e-06
0 0.462517 0.0983202 0.0454339 0.139328 7.6736e-06
0 0.722626 0.090415 0.0740572 0.18083 7.67864e-06
0 0.391867 0.253953 0.054975 0.189723 7.6893e-06
0 0.726488 0.968874 0.028169 0.062253 7.69667e-06
0 0.758519 0.0953557 0.0749659 0.190711 7.70299e-06
0 0.14448 0.454051 0.0654248 0.214427 7.7044e-06
0 0.476602 0.184783 0.0527033 0.162055 7.74241e-06
0 0.998637 0.0928854 0.00272603 0.185771 7.75177e-06
0 0.161063 0.867589 0.0368015 0.144269 7.77923e-06
0 0.479328 0.823617 0.0490686 0.200593 7.80717e-06
0 0.832122 0.0118577 0.0331667 0.0237154 7.81961e-06
0 0.494094 0.349308 0.0386188 0.155138 7.82951e-06
0 0.017492 0.0499012 0.0349841 0.0998024 7.85305e-06
0 0.052249 0.522727 0.0599727 0.162055 7.86098e-06
0 0.787142 0.646245 0.0449796 0.128458 7.86615e-06
0 0.809178 0.980731 0.0345298 0.0385376 7.87712e-06
0 0.116538 0.302372 0.0713312 0.290514 7.88437e-06
0 0.469332 0.568676 0.0327124 0.117589 7.93009e-06
0 0.134484 0.8083 0.0417992 0.130435 7.94078e-06
0 0.164925 0.175889 0.0763289 0.221344 7.95627e-06
0 0.00431622 0.209486 0.00863244 0.258893 7.97375e-06
0 0.757156 0.496542 0.0640618 0.194664 8.04821e-06
0 0.868696 0.775692 0.0572467 0.148221 8.0793e-06
0 0.435484 0.303854 0.054975 0.186759 8.0811e-06
0 0.436847 0.600296 0.0368015 0.11166 8.08526e-06
0 0.0915493 0.69664 0.0513403 0.130435 8.09074e-06
0 0.390504 0.967391 0.0313494 0.0652174 8.13019e-06
0 0.915493 0.256423 0.0754203 0.19664 8.13029e-06
0 0.416856 0.528162 0.0340754 0.121542 8.13037e-06
0 0.0699682 0.0676877 0.0390731 0.135375 8.20304e-06
0 0.974557 0.16749 0.050886 0.232213 8.20402e-06
0 0.476147 0.969862 0.0272603 0.0602767 8.24889e-06
0 0.636983 0.690217 0.0436165 0.125494 8.26275e-06
0 0.761245 0.86413 0.0422535 0.137352 8.3302e-06
0 0.559291 0.0513834 0.0408905 0.102767 8.34035e-06
0 0.760336 0.367589 0.0458882 0.128458 8.34857e-06
0 0.583826 0.806818 0.0354384 0.103755 8.36063e-06
0 0.367106 0.658103 0.0417992 0.205534 8.37805e-06
0 0.997274 0.936265 0.00545207 0.12747 8.40854e-06
0 0.655384 0.769763 0.0704225 0.171937 8.41669e-06
0 0.488187 0.987648 0.0177192 0.0247036 8.44747e-06
0 0.659927 0.750988 0.0386188 0.110672 8.46735e-06
0 0.509541 0.318182 0.0422535 0.114625 8.54374e-06
0 0.763517 0.152668 0.0477056 0.137352 8.54622e-06
0 0.583826 1 0.0408905 0 8.55388e-06
0 0.287824 0.321146 0.0386188 0.128458 8.567e-06
0 0.310768 0.0933794 0.0736029 0.186759 8.57982e-06
0 0.667197 0.327075 0.0431622 0.150198 8.59513e-06
0 0.236711 0.0978261 0.0736029 0.195652 8.60576e-06
0 0.996365 0.900692 0.00726942 0.192688 8.60877e-06
0 0.236938 0.478261 0.0431622 0.140316 8.63712e-06
0 0.811904 0.866107 0.0381645 0.141304 8.67807e-06
0 0.761472 0.698617 0.0454339 0.118577 8.70484e-06
0 0.528396 0.027668 0.0427079 0.055336 8.71578e-06
0 0.235348 0.69664 0.0499773 0.132411 8.75447e-06
0 0.1597 0.825593 0.0513403 0.194664 8.77816e-06
0 0.31304 0.26581 0.0445252 0.132411 8.80173e-06
0 0.736483 0.698123 0.0445252 0.115613 8.80935e-06
0 0.615175 0.992095 0.0554294 0.0158103 8.82401e-06
0 0.802817 0.0217391 0.0318037 0.0434783 8.85159e-06
0 0.237846 0.427866 0.0440709 0.132411 8.86439e-06
0 0.344162 1 0.0486143 0 8.86724e-06
0 0.438891 1 0.0572467 0 8.91464e-06
0 0.844616 0.0118577 0.0327124 0.0237154 8.92602e-06
0 0.419582 1 0.0495229 0 8.95691e-06
0 0.0322581 0.0133399 0.0345298 0.0266798 8.96017e-06
0 0.538619 0.976285 0.0195366 0.0474308 9.04266e-06
0 0.968878 0.0261858 0.0313494 0.0523715 9.07521e-06
0 0.311449 0.80583 0.0467969 0.119565 9.0796e-06
0 0.64766 0.268281 0.0558837 0.192688 9.09114e-06
0 0.888914 0.108202 0.0467969 0.137352 9.09731e-06
0 0.967969 0.303854 0.0640618 0.255929 9.12599e-06
0 0.767606 0.740613 0.0531577 0.176877 9.13365e-06
0 0.359382 0.809289 0.0417992 0.114625 9.18121e-06
0 0.192867 0.873518 0.0713312 0.252964 9.19016e-06
0 0.787142 0.101285 0.0513403 0.129447 9.19357e-06
0 0.666288 0.0612648 0.052249 0.12253 9.19407e-06
0 0.675148 0.970356 0.0899591 0.0592885 9.20043e-06
0 0.182644 0.985672 0.0499773 0.0286561 9.21371e-06
0 0.938437 0.107213 0.0504316 0.137352 9.21802e-06
0 0.710132 0.751482 0.0445252 0.119565 9.27301e-06
0 0.461608 0.0518775 0.0408905 0.103755 9.27706e-06
0 0.762381 0.102273 0.0499773 0.133399 9.32891e-06
0 0.17901 0.0755929 0.0808723 0.151186 9.34868e-06
0 0.36279 0.261858 0.0440709 0.130435 9.358e-06
0 0.684916 0.806818 0.0758746 0.168972 9.37837e-06
0 0.660154 1 0.0481599 0 9.39215e-06
0 0.091095 0.881423 0.0667878 0.237154 9.41687e-06
0 0.0858701 0.158597 0.0481599 0.163043 9.44819e-06
0 0.499318 1 0.056338 0 9.50265e-06
0 0.68537 0.810771 0.0486143 0.117589 9.53089e-06
0 0.873467 0.17836 0.0758746 0.212451 9.54411e-06
0 0.735802 0.642292 0.0440709 0.108696 9.54715e-06
0 0.720127 0.979249 0.0463426 0.041502 9.77204e-06
0 0.528623 0.894763 0.0631531 0.210474 9.79953e-06
0 0.726261 0.403656 0.0595184 0.190711 9.82501e-06
0 0.455929 0.246542 0.0604271 0.228261 9.85027e-06
0 0.493412 0.61413 0.0263517 0.0859684 9.85199e-06
0 0.395502 0.680336 0.0422535 0.149209 9.85798e-06
0 0.464789 1 0.0490686 0 9.87597e-06
0 0.909587 0.106719 0.0481599 0.13834 9.89975e-06
0 0.418446 0.0652174 0.0481599 0.130435 9.90253e-06
0 0.995457 0.657115 0.00908678 0.221344 9.94126e-06
0 0.0302135 0.853261 0.0604271 0.293478 9.95371e-06
0 0.0626988 0.953063 0.0690595 0.0938735 1.00512e-05
0 0.851885 0.076581 0.081781 0.153162 1.00904e-05
0 0.492958 0.0928854 0.0590641 0.185771 1.01113e-05
0 0.609268 0.8083 0.0390731 0.108696 1.01242e-05
0 0.519082 0.0746047 0.0377101 0.149209 1.01664e-05
0 0.336438 0.152174 0.0613358 0.148221 1.01788e-05
0 0.811449 0.80583 0.0399818 0.135375 1.02015e-05
0 0.478419 0.325593 0.0436165 0.12747 1.02098e-05
0 0.052249 0.393775 0.0636075 0.153162 1.0214e-05
0 0.588823 0.939229 0.0318037 0.121542 1.02146e-05
0 0.816447 0.318676 0.0517946 0.153162 1.02725e-05
0 0.505452 0.163043 0.0676965 0.187747 1.02985e-05
0 0.00636075 0.06917 0.0127215 0.13834 1.03158e-05
0 0.735348 0.865119 0.0477056 0.12747 1.0329e-05
0 0.406633 0.86166 0.053612 0.193676 1.0334e-05
0 0.8194 0.0123518 0.0331667 0.0247036 1.03356e-05
0 0.796002 0.097332 0.0754203 0.194664 1.03565e-05
0 0.710132 0.959486 0.0572467 0.0810277 1.03661e-05
0 0.869605 0.0993083 0.079055 0.198617 1.03903e-05
0 0.83144 0.0998024 0.0781463 0.199605 1.04047e-05
0 0.433439 0.786561 0.0481599 0.211462 1.04561e-05
0 0.855747 0.383893 0.0558837 0.251976 1.04584e-05
0 0.101772 0.0938735 0.0754203 0.187747 1.05083e-05
0 0.265788 0.596344 0.0527033 0.149209 1.05796e-05
0 0.810541 0.100791 0.0517946 0.132411 1.06767e-05
0 0.283507 0.864625 0.0481599 0.126482 1.0721e-05
0 0.253521 0.971344 0.0908678 0.0573123 1.07779e-05
0 0.251931 0.397727 0.0695139 0.184783 1.079e-05
0 0.981826 0.229249 0.0363471 0.250988 1.0802e-05
0 0.375284 1 0.0663335 0 1.08049e-05
0 0.593139 0.279644 0.0368015 0.199605 1.08369e-05
0 0.645616 0.993083 0.0545207 0.013834 1.08695e-05
0 0.335302 0.807806 0.0445252 0.117589 1.08918e-05
0 0.761472 0.644269 0.0436165 0.114625 1.09015e-05
0 0.760791 0.536067 0.0404362 0.123518 1.09218e-05
0 0.24557 0.659091 0.0704225 0.156126 1.09238e-05
0 0.712403 0.698617 0.0427079 0.12253 1.09342e-05
0 0.964107 0.535079 0.0499773 0.139328 1.09418e-05
0 0.370513 0.554842 0.0313494 0.129447 1.09505e-05
0 0.58746 0.941206 0.0672422 0.117589 1.09524e-05
0 0.607224 0.0711462 0.0377101 0.142292 1.0965e-05
0 0.0904135 0.699605 0.0835984 0.280632 1.09758e-05
0 0.0186279 0.0158103 0.0336211 0.0316206 1.10245e-05
0 0.927987 1 0.0495229 0 1.10545e-05
0 0.761018 0.588933 0.0408905 0.118577 1.11612e-05
0 0.744207 0.44664 0.0490686 0.146245 1.12101e-05
0 0.0586097 0.170455 0.0854157 0.214427 1.12718e-05
0 0.0876874 0.0242095 0.0454339 0.048419 1.13515e-05
0 0.196502 0.410573 0.0749659 0.202569 1.13709e-05
0 0.154248 0.942688 0.0504316 0.114625 1.14205e-05
0 0.256247 0.965909 0.0345298 0.0681818 1.14421e-05
0 0.698773 0.927866 0.0972285 0.144269 1.14868e-05
0 0.579509 0.822628 0.0540663 0.210474 1.15609e-05
0 0.635847 0.810771 0.0431622 0.11166 1.15904e-05
0 0.447297 0.0657115 0.0649705 0.131423 1.16369e-05
0 0.981599 0.999012 0.0340754 0.00197628 1.1698e-05
0 0.618128 0.273715 0.0631531 0.203557 1.17716e-05
0 0.554294 0.979249 0.0899591 0.041502 1.17731e-05
0 0.946842 0.982708 0.0472513 0.034585 1.17952e-05
0 0.21104 0.20751 0.0477056 0.128458 1.1821e-05
0 0.610177 0.158103 0.0427079 0.136364 1.18433e-05
0 0.961381 0.828063 0.0772376 0.302372 1.18501e-05
0 0.200136 0.561265 0.0713312 0.266798 1.19375e-05
0 0.937756 0.857708 0.0463426 0.134387 1.19375e-05
0 0.543389 0.75247 0.030895 0.135375 1.19794e-05
0 0.918673 0.705534 0.081781 0.274704 1.20344e-05
0 0.313948 0.972332 0.0908678 0.055336 1.20554e-05
0 0.512949 0.971344 0.0218083 0.0573123 1.20737e-05
0 0.112676 0.859684 0.0436165 0.130435 1.21818e-05
0 0.359836 0.991107 0.0554294 0.0177866 1.22048e-05
0 0.0224898 0.590415 0.0449796 0.153162 1.22178e-05
0 0.47751 0.0652174 0.0626988 0.130435 1.22566e-05
0 0.734439 0.590415 0.0449796 0.107708 1.22998e-05
0 0.794184 0.766798 0.0463426 0.189723 1.23291e-05
0 0.489323 1 0.0472513 0 1.23441e-05
0 0.272831 0.8167 0.0949568 0.163043 1.24007e-05
0 0.908451 0.0943676 0.0813267 0.188735 1.24175e-05
0 0.938891 0.699605 0.0540663 0.134387 1.24274e-05
0 0.629487 0.963933 0.057701 0.0721344 1.2498e-05
0 0.887778 0.318676 0.050886 0.143281 1.25309e-05
0 0.544298 1 0.0572467 0 1.25351e-05
0 0.209905 0.156126 0.0481599 0.134387 1.25659e-05
0 0.0229441 0.25 0.0458882 0.15415 1.2576e-05
0 0.49114 0.159585 0.0408905 0.139328 1.26769e-05
0 0.868469 0.659091 0.0513403 0.148221 1.269e-05
0 0.133348 0.985672 0.0395275 0.0286561 1.27091e-05
0 0.89323 0.592885 0.0472513 0.146245 1.27435e-05
0 0.976147 0.249506 0.0477056 0.23419 1.27745e-05
0 0.714221 0.82164 0.0663335 0.155138 1.27981e-05
0 0.00908678 0.586957 0.0181736 0.195652 1.28587e-05
0 0.281236 0.967391 0.0372558 0.0652174 1.28677e-05
0 0.284189 0.912549 0.0467969 0.125494 1.28696e-05
0 0.556792 0.610672 0.0286234 0.112648 1.28926e-05
0 0.750568 0.978755 0.0472513 0.0424901 1.29025e-05
0 0.405043 0.988142 0.0567924 0.0237154 1.29218e-05
0 0.313494 0.979743 0.0454339 0.0405138 1.29494e-05
0 0.630168 1 0.0481599 0 1.29794e-05
0 0.239209 1 0.0458882 0 1.30245e-05
0 0.187188 0.271245 0.0754203 0.161067 1.31066e-05
0 0.42458 0.896739 0.057701 0.151186 1.31071e-05
0 0.506815 0.848814 0.0431622 0.120553 1.32195e-05
0 0.494775 0.979249 0.0881418 0.041502 1.32833e-05
0 0.61881 0.334486 0.0390731 0.131423 1.32888e-05
0 0.496365 0.512846 0.0368015 0.142292 1.33613e-05
0 0.462063 0.210474 0.0427079 0.124506 1.33645e-05
0 0.997047 0.247036 0.00590641 0.16996 1.33921e-05
0 0.676056 0.991601 0.0545207 0.0167984 1.34431e-05
0 0.535438 0.861166 0.0368015 0.105731 1.34555e-05
0 0.374375 0.976285 0.0899591 0.0474308 1.34727e-05
0 0.527033 0.393281 0.0417992 0.160079 1.34853e-05
0 0.974784 0.959486 0.0504316 0.0810277 1.34913e-05
0 0.0572467 0.0543478 0.0454339 0.108696 1.35294e-05
0 0.600409 1 0.0477056 0 1.35581e-05
0 0.644253 0.0523715 0.0454339 0.104743 1.36094e-05
0 0.619264 0.932312 0.0954112 0.135375 1.37146e-05
0 0.561336 0.316206 0.0404362 0.104743 1.37558e-05
0 0.494094 0.914032 0.0368015 0.171937 1.39807e-05
0 0.5393 0.618083 0.0318037 0.113636 1.40284e-05
0 0.977056 0.994071 0.0458882 0.0118577 1.40428e-05
0 0.710813 0.864625 0.0504316 0.120553 1.40506e-05
0 0.347115 0.374012 0.0608814 0.210474 1.40593e-05
0 0.720582 0.911561 0.0499773 0.176877 1.40749e-05
0 0.736256 0.365613 0.0413448 0.128458 1.40866e-05
0 0.385734 0.854743 0.0517946 0.110672 1.40911e-05
0 0.340981 0.924407 0.0540663 0.151186 1.41166e-05
0 0.70627 0.992095 0.0531577 0.0158103 1.41244e-05
0 0.78169 1 0.0495229 0 1.41474e-05
0 0.197637 0.0968379 0.0808723 0.193676 1.41836e-05
0 0.525216 1 0.0481599 0 1.41906e-05
0 0.545207 0.935277 0.0917765 0.129447 1.42804e-05
0 0.428214 1 0.0467969 0 1.42808e-05
0 0.582462 0.507905 0.0327124 0.104743 1.4336e-05
0 0.584053 0.311265 0.0413448 0.110672 1.43521e-05
0 0.564289 0.356225 0.0408905 0.135375 1.43572e-05
0 0.686506 0.481719 0.0463426 0.117589 1.44058e-05
0 0.495911 0.707016 0.026806 0.178854 1.44169e-05
0 0.518855 0.917984 0.0345298 0.164032 1.44856e-05
0 0.45025 0.509881 0.0263517 0.158103 1.45137e-05
0 0.526806 0.80336 0.0486143 0.195652 1.45391e-05
0 0.735348 0.480237 0.0377101 0.130435 1.45417e-05
0 0.581781 0.0780632 0.0395275 0.156126 1.45512e-05
0 0.608814 0.857213 0.0436165 0.105731 1.45764e-05
0 0.593139 0.982708 0.02408 0.034585 1.45768e-05
0 0.660836 0.810771 0.0467969 0.113636 1.46672e-05
0 0.685143 0.213933 0.0417992 0.125494 1.46723e-05
0 0.738074 0.968874 0.0913221 0.062253 1.46804e-05
0 0.218083 0.95751 0.0381645 0.0849802 1.47331e-05
0 0.925034 0.785573 0.0581554 0.130435 1.47433e-05
0 0.666061 0.925889 0.0517946 0.148221 1.48069e-05
0 0.770559 0.0686759 0.0708769 0.137352 1.48935e-05
0 0.538164 0.0849802 0.0640618 0.16996 1.4927e-05
0 0.890732 0.373518 0.054975 0.144269 1.49998e-05
0 0.939346 0.754941 0.0513403 0.12253 1.50087e-05
0 0.945706 0.492095 0.083144 0.215415 1.5026e-05
0 0.974784 0.935277 0.0504316 0.129447 1.50735e-05
0 0.0381645 0.208004 0.0672422 0.178854 1.51228e-05
0 0.0127215 0.76334 0.025443 0.242095 1.51499e-05
0 0.557474 0.0983202 0.0417992 0.135375 1.51652e-05
0 0.686279 0.861166 0.0504316 0.115613 1.51819e-05
0 0.00795093 0.0993083 0.0159019 0.166996 1.52922e-05
0 0.85711 0.981225 0.0340754 0.0375494 1.53221e-05
0 0.932758 0.307312 0.056338 0.219368 1.54522e-05
0 0.538846 0.338439 0.0436165 0.133399 1.54775e-05
0 0.838937 0.323617 0.057701 0.200593 1.55205e-05
0 0.983189 0.369071 0.0336211 0.309289 1.55985e-05
0 0.00567924 0.129941 0.0113585 0.16502 1.56281e-05
0 0.493412 0.818676 0.0363471 0.139328 1.56368e-05
0 0.79373 0.857213 0.079055 0.139328 1.57182e-05
0 0.433894 0.977767 0.0872331 0.0444664 1.5729e-05
0 0.983417 0.5 0.0331667 0.335968 1.57667e-05
0 0.462063 0.315217 0.0390731 0.112648 1.57878e-05
0 0.985688 0.0523715 0.0286234 0.104743 1.58125e-05
0 0.866652 0.26334 0.0767833 0.151186 1.58232e-05
0 0.353021 0.670949 0.0463426 0.166008 1.58702e-05
0 0.305543 0.673419 0.0495229 0.19664 1.6029e-05
0 0.336665 0.20751 0.0463426 0.144269 1.60534e-05
0 0.811904 1 0.0499773 0 1.60607e-05
0 0.570423 1 0.0477056 0 1.61138e-05
0 0.00863244 0.0153162 0.0172649 0.0306324 1.61199e-05
0 0.0233985 0.522727 0.0467969 0.156126 1.61664e-05
0 0.343026 0.965415 0.0363471 0.06917 1.6171e-05
0 0.610859 0.261364 0.0467969 0.109684 1.61785e-05
0 0.164925 0.476285 0.0699682 0.335968 1.61846e-05
0 0.407769 0.343874 0.057701 0.221344 1.62086e-05
0 0.0876874 0.304842 0.0681508 0.236166 1.62768e-05
0 0.329623 0.992095 0.0531577 0.0158103 1.62815e-05
0 0.808042 0.901186 0.057701 0.197628 1.63796e-05
0 0.355975 0.724802 0.0567924 0.151186 1.64292e-05
0 0.485007 0.861166 0.0340754 0.105731 1.64863e-05
0 0.121763 0.886364 0.0617901 0.227273 1.65623e-05
0 0.763971 0.916996 0.0422535 0.128458 1.65686e-05
0 0.0406633 0.73419 0.0558837 0.280632 1.65717e-05
0 0.46388 0.967885 0.028169 0.0642292 1.65802e-05
0 0.860518 0.315711 0.0517946 0.157115 1.66216e-05
0 0.957065 0.0148221 0.0340754 0.0296443 1.67487e-05
0 0.16129 0.0983202 0.0808723 0.19664 1.68456e-05
0 0.735802 0.537055 0.0440709 0.113636 1.68701e-05
0 0.502953 0.257905 0.0454339 0.136364 1.69206e-05
0 0.592912 0.819664 0.0427079 0.159091 1.69207e-05
0 0.91731 0.0597826 0.0608814 0.119565 1.70066e-05
0 0.00999546 0.3167 0.0199909 0.170949 1.70871e-05
0 0.588142 0.161067 0.0404362 0.134387 1.71039e-05
0 0.560427 0.859684 0.0386188 0.104743 1.71473e-05
0 0.0579282 0.0271739 0.0458882 0.0543478 1.71649e-05
0 0.893685 0.735672 0.0590641 0.222332 1.71729e-05
0 0.871876 1 0.0481599 0 1.71875e-05
0 0.564062 0.977273 0.0168105 0.0454545 1.72128e-05
0 0.0822354 0.391304 0.0599727 0.156126 1.72146e-05
0 0.986143 0.101779 0.0277147 0.140316 1.72433e-05
0 0.270559 0.0874506 0.0558837 0.174901 1.73924e-05
0 0.955475 0.972826 0.0290777 0.0543478 1.73965e-05
0 0.905497 0.170455 0.0699682 0.255929 1.73986e-05
0 0.393003 0.905138 0.0463426 0.148221 1.7515e-05
0 0.962744 0.646245 0.0472513 0.150198 1.75523e-05
0 0.892322 0.20504 0.0490686 0.135375 1.76639e-05
0 0.435711 0.863636 0.0354384 0.106719 1.76727e-05
0 0.126988 0.738636 0.0567924 0.190711 1.77018e-05
0 0.684689 0.373024 0.0481599 0.113636 1.77192e-05
0 0.188778 0.156621 0.0495229 0.12747 1.78888e-05
0 0.472285 0.936265 0.0885961 0.12747 1.79711e-05
0 0.691731 0.0968379 0.0431622 0.193676 1.81165e-05
0 0.0686052 0.962451 0.030895 0.0750988 1.81817e-05
0 0.288278 0.653162 0.0586097 0.142292 1.82548e-05
0 0.787142 0.326087 0.0604271 0.114625 1.82564e-05
0 0.322808 0.330534 0.0467969 0.131423 1.85684e-05
0 0.399591 0.935277 0.0913221 0.129447 1.8611e-05
0 0.960245 0.482213 0.0558837 0.130435 1.86422e-05
0 0.289868 0.956522 0.0408905 0.0869565 1.86524e-05
0 0.581327 0.360178 0.0386188 0.170949 1.86701e-05
0 0.849159 0.0266798 0.0490686 0.0533597 1.88335e-05
0 0.555884 0.893281 0.0458882 0.213439 1.89832e-05
0 0.977283 0.966897 0.0445252 0.0662055 1.90513e-05
0 0.363244 0.318676 0.0431622 0.109684 1.90894e-05
0 0.488187 0.0938735 0.0431622 0.128458 1.9095e-05
0 0.951613 0.187253 0.0658791 0.192688 1.91189e-05
0 0.775329 0.813241 0.0613358 0.146245 1.91722e-05
0 0.093821 0.0652174 0.0395275 0.130435 1.919e-05
0 0.00840527 0.425889 0.0168105 0.158103 1.91909e-05
0 0.192867 0.0212451 0.0458882 0.0424901 1.92744e-05
0 0.940254 0.8083 0.0513403 0.124506 1.93365e-05
0 0.417765 0.850296 0.0477056 0.119565 1.94716e-05
0 0.935257 0.536067 0.0586097 0.133399 1.94896e-05
0 0.637892 0.211957 0.0490686 0.121542 1.95078e-05
0 0.388687 0.210474 0.0386188 0.126482 1.97102e-05
0 0.844616 0.203557 0.0690595 0.128458 1.982e-05
0 0.669696 0.186265 0.0772376 0.16502 1.99356e-05
0 0.355975 0.0573123 0.0477056 0.114625 1.99889e-05
0 0.482281 0.242095 0.0495229 0.203557 2.00824e-05
0 0.242844 0.828557 0.0695139 0.16502 2.01197e-05
0 0.864607 0.811265 0.0399818 0.126482 2.01818e-05
0 0.902544 1 0.0495229 0 2.02664e-05
0 0.919809 0.486166 0.0713312 0.181818 2.03641e-05
0 0.437756 0.259881 0.0377101 0.114625 2.03846e-05
0 0.348478 0.77915 0.0517946 0.117589 2.04725e-05
0 0.460245 0.863142 0.0354384 0.105731 2.04924e-05
0 0.464789 0.615613 0.0272603 0.126482 2.0766e-05
0 0.788278 0.407115 0.0763289 0.162055 2.08049e-05
0 0.5393 0.902668 0.0481599 0.131423 2.0813e-05
0 0.263971 0.45751 0.0545207 0.162055 2.0814e-05
0 0.116538 0.410079 0.0695139 0.181818 2.08586e-05
0 0.667651 0.629447 0.0504316 0.120553 2.09672e-05
0 0.736029 0.902668 0.0908678 0.16502 2.10358e-05
0 0.718537 0.453557 0.0477056 0.134387 2.1043e-05
0 0.030895 0.665514 0.0617901 0.267787 2.10696e-05
0 0.193548 0.0518775 0.0363471 0.103755 2.11646e-05
0 0.504771 0.927372 0.0408905 0.145257 2.11847e-05
0 0.0231713 0.456028 0.0463426 0.155138 2.12685e-05
0 0.368242 0.906621 0.0467969 0.147233 2.12754e-05
0 0.599046 0.902668 0.0495229 0.137352 2.1295e-05
0 0.700363 0.0578063 0.0731486 0.115613 2.13017e-05
0 0.568378 0.929842 0.0318037 0.140316 2.13513e-05
0 0.408678 0.725791 0.0513403 0.19664 2.13766e-05
0 0.304861 0.960968 0.0354384 0.0780632 2.14511e-05
0 0.199909 0.0434783 0.0654248 0.0869565 2.14881e-05
0 0.703771 0.268775 0.0872331 0.199605 2.15661e-05
0 0.458655 0.754941 0.0213539 0.193676 2.15972e-05
0 0.112676 0.700099 0.0436165 0.125494 2.16199e-05
0 0.613358 0.666996 0.0590641 0.181818 2.17133e-05
0 0.528169 0.263834 0.0495229 0.162055 2.17352e-05
0 0.594275 0.358696 0.0481599 0.118577 2.17678e-05
0 0.585643 0.857708 0.0399818 0.106719 2.17871e-05
0 0.410722 0.20998 0.0372558 0.12747 2.1792e-05
0 0.985915 0.427866 0.028169 0.136364 2.17959e-05
0 0.132894 0.0429842 0.0676965 0.0859684 2.19326e-05
0 0.333712 0.0370553 0.0540663 0.0741107 2.19902e-05
0 0.686506 0.426383 0.0463426 0.113636 2.20222e-05
0 0.955702 1 0.0504316 0 2.20981e-05
0 0.855975 0.953557 0.0963199 0.0928854 2.21436e-05
0 0.842117 1 0.0477056 0 2.2148e-05
0 0.555429 0.719368 0.0277147 0.164032 2.21632e-05
0 0.863926 0.858202 0.0368015 0.129447 2.22294e-05
0 0.263517 0.857213 0.0590641 0.135375 2.22588e-05
0 0.317356 0.925889 0.0467969 0.148221 2.24446e-05
0 0.298955 0.92836 0.0481599 0.143281 2.25478e-05
0 0.594275 0.711462 0.0363471 0.173913 2.26842e-05
0 0.929805 0.605731 0.0922308 0.300395 2.2705e-05
0 0.614721 0.791996 0.0636075 0.16502 2.28664e-05
0 0.380736 0.710968 0.0608814 0.115613 2.28979e-05
0 0.451613 0.968379 0.0263517 0.0632411 2.30168e-05
0 0.891186 0.646739 0.0449796 0.143281 2.30401e-05
0 0.867333 0.410573 0.0745116 0.143281 2.30714e-05
0 0.322808 0.929842 0.0940482 0.140316 2.30955e-05
0 0.68219 0.0528656 0.0413448 0.105731 2.31145e-05
0 0.928896 0.130929 0.0849614 0.161067 2.31464e-05
0 0.273285 0.98419 0.0567924 0.0316206 2.34742e-05
0 0.686052 0.264328 0.0417992 0.109684 2.36819e-05
0 0.792367 0.260375 0.0699682 0.137352 2.37282e-05
0 0.0842799 0.98419 0.0413448 0.0316206 2.37744e-05
0 0.480463 0.508893 0.0286234 0.148221 2.37901e-05
0 0.299409 0.993577 0.050886 0.0128458 2.38007e-05
0 0.985461 0.587451 0.0290777 0.151186 2.38526e-05
0 0.226715 0.0563241 0.0363471 0.112648 2.39144e-05
0 0.736711 0.992095 0.0513403 0.0158103 2.39698e-05
0 0.913448 0.54002 0.0531577 0.145257 2.40677e-05
0 0.270104 0.400198 0.0567924 0.144269 2.40992e-05
0 0.400727 0.0597826 0.0754203 0.119565 2.41431e-05
0 0.587915 0.976779 0.0127215 0.0464427 2.41992e-05
0 0.202408 0.709486 0.0749659 0.237154 2.45394e-05
0 0.716492 0.275198 0.0617901 0.125494 2.4705e-05
0 0.954793 0.91996 0.0458882 0.160079 2.478e-05
0 0.164471 0.919466 0.0372558 0.133399 2.47903e-05
0 0.964334 0.920949 0.0395275 0.130435 2.50117e-05
0 0.389368 0.262352 0.0354384 0.121542 2.52041e-05
0 0.638573 0.259881 0.0467969 0.108696 2.52249e-05
0 0.227851 0.982213 0.057701 0.0355731 2.53142e-05
0 0.184689 0.320652 0.0622444 0.125494 2.53611e-05
0 0.511131 0.794466 0.0408905 0.158103 2.53709e-05
0 0.555202 0.932312 0.0372558 0.131423 2.53986e-05
0 0.11881 0.20504 0.0649705 0.121542 2.54455e-05
0 0.0397547 0.643281 0.0495229 0.136364 2.55469e-05
0 0.495684 0.889328 0.0763289 0.181818 2.55592e-05
0 0.676511 0.966403 0.025443 0.0671937 2.56623e-05
0 0.631531 0.0681818 0.0372558 0.136364 2.57709e-05
0 0.713539 0.364625 0.0422535 0.118577 2.57846e-05
0 0.0124943 0.491107 0.0249886 0.225296 2.58661e-05
0 0.193321 0.980237 0.0449796 0.0395257 2.59035e-05
0 0.872331 0.701087 0.104498 0.188735 2.59295e-05
0 0.141981 0.858696 0.0413448 0.140316 2.59843e-05
0 0.406633 0.0350791 0.0554294 0.0701581 2.60012e-05
0 0.308723 0.203557 0.0558837 0.118577 2.60404e-05
0 0.534757 0.133399 0.0427079 0.166008 2.62981e-05
0 0.0159019 0.958992 0.0318037 0.0820158 2.63214e-05
0 0.46229 0.261364 0.0431622 0.107708 2.63997e-05
0 0.00227169 0.0385376 0.00454339 0.0770751 2.64884e-05
0 0.00704225 0.95751 0.0140845 0.0849802 2.65078e-05
0 0.693548 0.868577 0.0722399 0.262846 2.66108e-05
0 0.991595 0.574605 0.0168105 0.194664 2.66357e-05
0 0.76806 0.688735 0.077692 0.177866 2.67112e-05
0 0.519082 0.115119 0.0586097 0.230237 2.6762e-05
0 0.218083 0.0434783 0.0345298 0.0869565 2.68147e-05
0 0.044298 0.900692 0.0713312 0.198617 2.68173e-05
0 0.184916 0.204051 0.0636075 0.117589 2.69436e-05
0 0.868696 0.714427 0.0517946 0.130435 2.70558e-05
0 0.963653 0.976779 0.053612 0.0464427 2.70959e-05
0 0.0243071 0.394763 0.0486143 0.155138 2.71695e-05
0 0.393685 0.550395 0.0313494 0.13834 2.72089e-05
0 0.827578 0.0721344 0.052249 0.144269 2.7296e-05
0 0.715811 0.333004 0.0604271 0.124506 2.73487e-05
0 0.789868 0.936759 0.0667878 0.112648 2.75477e-05
0 0.797138 0.986166 0.0558837 0.027668 2.75545e-05
0 0.251704 0.0158103 0.0445252 0.0316206 2.75684e-05
0 0.0477056 0.261858 0.0645161 0.16996 2.78584e-05
0 0.593594 0.0597826 0.0467969 0.119565 2.78898e-05
0 0.953885 0.268775 0.0558837 0.175889 2.7942e-05
0 0.0361199 0.576087 0.0531577 0.20751 2.8233e-05
0 0.290095 0.527174 0.0386188 0.145257 2.82582e-05
0 0.74239 0.923913 0.0490686 0.152174 2.83215e-05
0 0.00863244 0.259881 0.0172649 0.15415 2.85221e-05
0 0.123353 0.459486 0.0586097 0.148221 2.85525e-05
0 0.362562 0.201087 0.056338 0.115613 2.86389e-05
0 0.118582 0.0528656 0.0445252 0.105731 2.87186e-05
0 0.31622 0.378458 0.0408905 0.193676 2.87319e-05
0 0.328941 0.511364 0.030895 0.129447 2.87434e-05
0 0.449341 0.865119 0.0499773 0.188735 2.87778e-05
0 0.171967 0.680336 0.0713312 0.16502 2.88047e-05
0 0.856202 0.974308 0.0458882 0.0513834 2.88186e-05
0 0.840073 0.436759 0.0617901 0.16996 2.88275e-05
0 0.378919 0.656126 0.0608814 0.12253 2.91104e-05
0 0.611086 0.594368 0.0481599 0.117589 2.91317e-05
0 0.180373 0.0454545 0.0363471 0.0909091 2.9235e-05
0 0.864607 0.0657115 0.0499773 0.131423 2.92638e-05
0 0.0127215 0.0923913 0.025443 0.184783 2.92659e-05
0 0.985915 0.597826 0.028169 0.272727 2.92891e-05
0 0.993185 0.398221 0.0136302 0.1917 2.92986e-05
0 0.615175 0.872036 0.0463426 0.248024 2.94358e-05
0 0.356202 0.931818 0.0436165 0.136364 2.94441e-05
0 1 0.994565 0 0.0108696 2.9476e-05
0 0.242844 0.0469368 0.0358928 0.0938735 2.95335e-05
0 0.828033 0.975296 0.0386188 0.0494071 2.95593e-05
0 0.35234 0.758399 0.0876874 0.202569 2.96155e-05
0 0.935711 0.640316 0.0604271 0.144269 2.96922e-05
0 0.312131 0.0197628 0.0454339 0.0395257 2.9696e-05
0 0.907542 0.309289 0.0604271 0.13834 2.96978e-05
0 0.388005 0.317194 0.0372558 0.114625 2.97692e-05
0 0.258292 0.0385376 0.0604271 0.0770751 2.97703e-05
0 0.904135 0.45504 0.056338 0.155138 2.98797e-05
0 0.480009 0.924407 0.0440709 0.151186 2.99461e-05
0 0.00704225 0.65415 0.0140845 0.146245 2.99659e-05
0 0.331213 0.38587 0.0408905 0.129447 3.00436e-05
0 0.680827 0.930336 0.0431622 0.139328 3.01893e-05
0 0.0765561 0.998518 0.0567924 0.00296443 3.01978e-05
0 0.712176 0.541996 0.0449796 0.107708 3.02963e-05
0 0.570877 0.902174 0.0504316 0.171937 3.03717e-05
0 0.0708769 0.041502 0.0626988 0.083004 3.04729e-05
0 0.163335 0.981719 0.0440709 0.0365613 3.05101e-05
0 0.592004 0.219368 0.0581554 0.221344 3.09091e-05
0 0.270786 0.27915 0.0636075 0.153162 3.10657e-05
0 0.568832 0.062253 0.0454339 0.124506 3.11156e-05
0 0.975239 0.733696 0.0495229 0.226285 3.14584e-05
0 0.317129 0.0424901 0.0617901 0.0849802 3.15162e-05
0 0.410041 0.259387 0.0358928 0.119565 3.16586e-05
0 0.886188 0.699111 0.0467969 0.129447 3.16588e-05
0 0.767833 0.910573 0.0572467 0.178854 3.16775e-05
0 0.733076 0.297431 0.0567924 0.213439 3.17401e-05
0 0.780781 0.0587945 0.0458882 0.117589 3.17745e-05
0 0.11881 0.576087 0.0667878 0.16996 3.19102e-05
0 0.546797 0.392787 0.0322581 0.159091 3.19566e-05
0 0.215584 0.870059 0.0449796 0.135375 3.20177e-05
0 0.421399 0.771739 0.0358928 0.142292 3.20458e-05
0 0.251704 0.328557 0.0554294 0.125494 3.2103e-05
0 0.106088 0.76581 0.0504316 0.189723 3.21981e-05
0 0.685143 0.329051 0.0554294 0.132411 3.22108e-05
0 0.610632 0.395257 0.0372558 0.164032 3.23851e-05
0 0.175375 0.547431 0.0654248 0.199605 3.23894e-05
0 0.988869 0.385375 0.0222626 0.166008 3.25556e-05
0 0.667424 0.242095 0.0517946 0.199605 3.26922e-05
0 0.827124 0.98666 0.0531577 0.0266798 3.27365e-05
0 0.0815538 0.0533597 0.0422535 0.106719 3.2749e-05
0 0.756702 0.312747 0.0467969 0.117589 3.27508e-05
0 0.581554 0.716403 0.0236256 0.152174 3.27682e-05
0 0.907996 0.158103 0.0513403 0.142292 3.28335e-05
0 0.490005 0.255929 0.0395275 0.108696 3.28456e-05
0 0.437074 0.317688 0.0381645 0.107708 3.29124e-05
0 0.985007 0.751482 0.0299864 0.163043 3.29721e-05
0 0.472058 0.369565 0.0463426 0.167984 3.30304e-05
0 0.35552 0.879447 0.0486143 0.171937 3.31511e-05
0 0.780327 0.206028 0.0613358 0.109684 3.32419e-05
0 0.758065 0.267787 0.0440709 0.120553 3.3254e-05
0 0.443889 0.629941 0.0263517 0.176877 3.33066e-05
0 0.881645 0.863142 0.0795093 0.12747 3.33693e-05
0 0.888914 0.754941 0.0431622 0.118577 3.34182e-05
0 0.883235 0.980731 0.0327124 0.0385376 3.34521e-05
0 0.610859 0.208498 0.0495229 0.120553 3.3764e-05
0 0.119037 0.668972 0.0681508 0.264822 3.39247e-05
0 0.0286234 0.0370553 0.0472513 0.0741107 3.40508e-05
0 0.178555 0.462945 0.0590641 0.155138 3.44736e-05
0 0.180145 0.947134 0.0340754 0.105731 3.45402e-05
0 0.334393 0.290514 0.0590641 0.166008 3.47027e-05
0 0.116992 0.324111 0.057701 0.128458 3.48388e-05
0 0.254884 0.993577 0.0490686 0.0128458 3.50165e-05
0 0.876193 0.560771 0.0749659 0.163043 3.50459e-05
0 0.84189 0.564229 0.0599727 0.166008 3.52473e-05
0 0.49841 0.0444664 0.0572467 0.0889328 3.5533e-05
0 0.710359 0.634387 0.0504316 0.114625 3.57674e-05
0 0.889596 0.810277 0.0463426 0.114625 3.58545e-05
0 0.510677 0.51581 0.0299864 0.144269 3.6086e-05
0 0.813721 0.921443 0.0408905 0.131423 3.62106e-05
0 0.986143 0.644763 0.026806 0.157115 3.63655e-05
0 0.990005 0.720356 0.0199909 0.197628 3.65411e-05
0 0.925488 0.187747 0.0736029 0.162055 3.68898e-05
0 0.542935 0.062253 0.0408905 0.124506 3.69507e-05
0 0.371422 0.0232213 0.0440709 0.0464427 3.69774e-05
0 0.986824 0.482213 0.0263517 0.146245 3.69924e-05
0 0.443435 0.352273 0.0327124 0.147233 3.70046e-05
0 0.106997 0.261364 0.052249 0.172925 3.7066e-05
0 0.533621 0.722332 0.0258973 0.15415 3.72516e-05
0 0.905043 0.05583 0.0445252 0.11166 3.76723e-05
0 0.393003 0.0657115 0.0417992 0.131423 3.78207e-05
0 0.995684 0.0335968 0.00863244 0.0671937 3.80428e-05
0 0.0674693 0.583498 0.0658791 0.176877 3.81947e-05
0 0.239664 0.926877 0.0922308 0.146245 3.83416e-05
0 0.0258973 0.853261 0.0454339 0.155138 3.84064e-05
0 0.0701954 0.454051 0.0722399 0.200593 3.8661e-05
0 0.0863244 0.65415 0.0645161 0.146245 3.91026e-05
0 0.930713 0.0597826 0.0431622 0.119565 3.91051e-05
0 0.917765 0.391798 0.0636075 0.242095 3.91686e-05
0 0.376874 0.0449605 0.0622444 0.0899209 3.94375e-05
0 0.775102 0.557312 0.0763289 0.193676 3.97262e-05
0 0.767151 0.987648 0.0531577 0.0247036 3.97816e-05
0 0.0649705 0.211957 0.0608814 0.125494 3.97839e-05
0 0.0129487 0.19417 0.0258973 0.170949 3.98356e-05
0 0.909359 0.927866 0.0349841 0.106719 3.99007e-05
0 0.721945 0.206522 0.0626988 0.104743 3.99949e-05
0 0.0588369 1 0.0467969 0 4.00916e-05
0 0.495002 0.210474 0.0504316 0.102767 4.0099e-05
0 0.592912 0.47085 0.0290777 0.109684 4.01086e-05
0 0.529759 0.93083 0.0372558 0.13834 4.03789e-05
0 0.940254 0.41996 0.0649705 0.132411 4.05192e-05
0 0.637665 0.329051 0.0395275 0.0889328 4.05295e-05
0 0.301454 0.868083 0.0558837 0.200593 4.05954e-05
0 0.970468 0.582016 0.0463426 0.148221 4.06996e-05
0 0.947297 0.579051 0.0690595 0.148221 4.07066e-05
0 0.489323 0.967885 0.025443 0.0642292 4.08226e-05
0 0.672422 0.0177866 0.0472513 0.0355731 4.14232e-05
0 0.32985 0.867095 0.053612 0.18083 4.15783e-05
0 0.723308 0.512846 0.0626988 0.16996 4.15975e-05
0 0.156293 0.0642292 0.0381645 0.128458 4.17292e-05
0 0.45502 0.926877 0.0431622 0.146245 4.19349e-05
0 0.919582 0.97332 0.0599727 0.0533597 4.2151e-05
0 0.711722 0.591403 0.0504316 0.107708 4.23308e-05
0 0.990005 0.967885 0.0199909 0.0642292 4.23434e-05
0 0.179464 0.993083 0.0472513 0.013834 4.23785e-05
0 0.20945 0.991601 0.0490686 0.0167984 4.25208e-05
0 0.97274 0.884387 0.0545207 0.1917 4.26009e-05
0 0.0227169 1 0.0454339 0 4.27553e-05
0 0.415947 0.92836 0.0422535 0.143281 4.28143e-05
0 0.245797 0.20504 0.053612 0.113636 4.29197e-05
0 0.678101 0.0375494 0.0613358 0.0750988 4.29631e-05
0 0.611995 0.0182806 0.0481599 0.0365613 4.29696e-05
0 0.377101 0.365613 0.0545207 0.189723 4.3004e-05
0 0.937301 0.374012 0.0545207 0.12747 4.3384e-05
0 0.26965 0.892292 0.0895048 0.156126 4.34536e-05
0 0.815766 0.95504 0.0486143 0.0899209 4.36499e-05
0 0.430713 0.0212451 0.0463426 0.0424901 4.386e-05
0 0.479782 0.027668 0.0545207 0.055336 4.3881e-05
0 0.487279 0.0518775 0.0395275 0.103755 4.41445e-05
0 0.983871 0.184783 0.0322581 0.144269 4.42058e-05
0 0.568151 0.242589 0.0477056 0.176877 4.45032e-05
0 0.616084 0.0395257 0.0636075 0.0790514 4.45407e-05
0 0.0883689 0.580534 0.0767833 0.277668 4.52756e-05
0 0.942753 0.322628 0.0472513 0.121542 4.52765e-05
0 0.176965 0.838439 0.0622444 0.12747 4.52864e-05
0 0.607451 0.69664 0.0345298 0.164032 4.54027e-05
0 0.200591 0.903162 0.0540663 0.177866 4.54897e-05
0 0.655384 0.875988 0.0495229 0.151186 4.56397e-05
0 0.465016 0.511858 0.0277147 0.175889 4.57752e-05
0 0.619037 0.0543478 0.0404362 0.108696 4.60006e-05
0 0.42935 0.20751 0.0572467 0.110672 4.62383e-05
0 0.435711 0.0424901 0.0626988 0.0849802 4.64017e-05
0 0.580191 0.469368 0.028169 0.12253 4.67712e-05
0 0.75284 0.960474 0.0318037 0.0790514 4.67796e-05
0 0.705361 0.923913 0.0458882 0.152174 4.71026e-05
0 0.783508 0.925395 0.0595184 0.149209 4.75353e-05
0 0.0440709 0.982708 0.050886 0.034585 4.77576e-05
0 0.0601999 0.980731 0.0404362 0.0385376 4.84054e-05
0 0.986824 0.905632 0.0263517 0.188735 4.94339e-05
0 0.0567924 0.664032 0.0654248 0.217391 4.94621e-05
0 0.14289 0.0548419 0.0431622 0.109684 5.00376e-05
0 0.134257 1 0.0458882 0 5.01882e-05
0 0.401408 0.291502 0.0867787 0.177866 5.02135e-05
0 0.554748 0.041996 0.0599727 0.0839921 5.05023e-05
0 0.478873 0.615613 0.0227169 0.114625 5.07168e-05
0 0.104498 1 0.0454339 0 5.07677e-05
0 0.0393003 0.69664 0.0431622 0.162055 5.09025e-05
0 0.0129487 1 0.0258973 0 5.10639e-05
0 0.946842 0.972332 0.0690595 0.055336 5.11218e-05
0 0.549977 0.020751 0.0458882 0.041502 5.122e-05
0 0.863244 0.924407 0.0345298 0.117589 5.13409e-05
0 0.976602 0.448617 0.0431622 0.152174 5.18178e-05
0 0.948887 0.713439 0.0895048 0.195652 5.18775e-05
0 0.406406 0.41502 0.0349841 0.124506 5.22501e-05
0 0.644253 0.337451 0.0299864 0.163043 5.24066e-05
0 0.0665607 0.715909 0.0731486 0.141304 5.25311e-05
0 0.789414 0.0103755 0.0477056 0.020751 5.28793e-05
0 0.657656 0.367095 0.054975 0.190711 5.29229e-05
0 0.955929 0.0652174 0.0436165 0.130435 5.29965e-05
0 0.01204 0.572134 0.02408 0.189723 5.36156e-05
0 0.911404 0.635375 0.0545207 0.144269 5.38753e-05
0 0.504089 0.062253 0.0395275 0.124506 5.44045e-05
0 0.038846 0.979743 0.0404362 0.0405138 5.47601e-05
0 0.732167 0.013834 0.0449796 0.027668 5.58109e-05
0 0.430032 0.931324 0.0377101 0.133399 5.61119e-05
0 0.519082 0.719368 0.0277147 0.132411 5.61439e-05
0 0.133803 0.945158 0.0540663 0.109684 5.62428e-05
0 0.449796 0.39081 0.0336211 0.172925 5.65671e-05
0 0.0261245 0.920455 0.0458882 0.141304 5.67306e-05
0 0.738755 0.0340909 0.0581554 0.0681818 5.72675e-05
0 0.988187 0.852273 0.0236256 0.159091 5.75039e-05
0 0.412994 0.329051 0.0427079 0.12253 5.83549e-05
0 0.267378 0.677372 0.0695139 0.139328 5.86895e-05
0 0.63085 0.868577 0.0513403 0.179842 5.9047e-05
0 0.392549 0.410079 0.0399818 0.126482 5.93108e-05
0 0.847115 0.698617 0.0604271 0.128458 6.02445e-05
0 0.269423 0.921937 0.0590641 0.156126 6.04765e-05
0 0.00954112 0.950099 0.0190822 0.0998024 6.0638e-05
0 0.719673 0.588439 0.081781 0.155138 6.15388e-05
0 0.464562 0.738636 0.0440709 0.178854 6.21392e-05
0 0.868469 0.985178 0.0713312 0.0296443 6.2555e-05
0 0.422081 0.708498 0.0354384 0.12253 6.30452e-05
0 0.0136302 0.429348 0.0272603 0.18083 6.37654e-05
0 0.662199 0.258893 0.0404362 0.106719 6.381e-05
0 0.843026 0.055336 0.0404362 0.110672 6.39662e-05
0 0.738301 0.273221 0.0363471 0.11166 6.4923e-05
0 0.88687 0.98419 0.0472513 0.0316206 6.49335e-05
0 0.754657 0.0657115 0.0436165 0.131423 6.50358e-05
0 0.832122 0.911561 0.0495229 0.129447 6.52681e-05
0 0.416402 0.38587 0.0404362 0.11166 6.57308e-05
0 0.935484 0.478755 0.0590641 0.125494 6.65595e-05
0 0.587687 0.210474 0.0422535 0.116601 6.66752e-05
0 0.0127215 0.020751 0.025443 0.041502 6.6705e-05
0 0.443889 0.73419 0.0408905 0.211462 6.68359e-05
0 0.434575 0.716403 0.0313494 0.150198 6.79819e-05
0 0.116765 0.969862 0.0354384 0.0602767 6.84916e-05
0 0.980691 0.0242095 0.0340754 0.048419 6.85314e-05
0 0.318719 0.0746047 0.0331667 0.149209 6.91132e-05
0 0.957519 0.79249 0.0540663 0.199605 6.93663e-05
0 0.11154 0.961462 0.0386188 0.0770751 6.93788e-05
0 0.906406 0.788538 0.0463426 0.160079 7.11365e-05
0 0.148569 0.88587 0.056338 0.228261 7.16807e-05
0 0.737619 0.314229 0.0404362 0.110672 7.22992e-05
0 0.0895048 0.984684 0.0472513 0.0306324 7.35673e-05
0 0.108814 0.660573 0.054975 0.143281 7.35987e-05
0 0.283962 0.546443 0.0590641 0.256917 7.38812e-05
0 0.659246 0.559783 0.0436165 0.129447 7.4018e-05
0 0.98955 0.0227273 0.0208996 0.0454545 7.62271e-05
0 0.149478 0.990119 0.0463426 0.0197628 7.78729e-05
0 0.512721 0.102273 0.0431622 0.12747 7.80846e-05
0 0.952976 0.991107 0.0467969 0.0177866 7.83998e-05
0 0.0122672 0.708004 0.0245343 0.178854 7.87095e-05
0 0.922762 0.588933 0.0726942 0.16996 7.88993e-05
0 0.0152204 0.816206 0.0304407 0.181818 7.96957e-05
0 0.847796 0.828063 0.0590641 0.140316 7.97892e-05
0 0.975693 0.719368 0.0413448 0.152174 8.03828e-05
0 0.0636075 0.315217 0.0672422 0.142292 8.0879e-05
0 0.0165834 0.302866 0.0331667 0.168972 8.09079e-05
0 0.00613358 0.98913 0.0122672 0.0217391 8.14864e-05
0 0.553158 0.158103 0.0413448 0.134387 8.26803e-05
0 0.167878 0.0513834 0.0377101 0.102767 8.28976e-05
0 0.0290777 1 0.0472513 0 8.43676e-05
0 0.986143 0.301383 0.0277147 0.227273 8.52292e-05
0 0.50159 0.967391 0.0208996 0.0652174 8.57999e-05
0 0.676738 0.871047 0.052249 0.198617 8.6019e-05
0 0.584734 0.257905 0.0417992 0.100791 8.6244e-05
0 0.0149932 0.661561 0.0299864 0.210474 8.74792e-05
0 0.80577 0.062253 0.0422535 0.124506 8.99321e-05
0 0.0320309 0.275692 0.0640618 0.23913 9.14881e-05
0 0.430486 0.493577 0.026806 0.137352 9.26586e-05
0 0.170377 0.970356 0.0663335 0.0592885 9.34594e-05
0 0.880282 0.0568182 0.0413448 0.113636 9.40051e-05
0 0.978419 0.320158 0.0404362 0.132411 9.80914e-05
0 0.825761 0.93083 0.0486143 0.13834 9.84039e-05
0 0.0822354 0.222332 0.0726942 0.250988 9.86303e-05
0 0.218764 0.914032 0.0504316 0.171937 9.88817e-05
0 0.915266 0.425395 0.0486143 0.121542 9.90592e-05
0 0.959564 0.986166 0.0463426 0.027668 9.95262e-05
0 0.5602 0.256423 0.0408905 0.0978261 0.00010249
0 0.91254 0.37747 0.0495229 0.130435 0.000102537
0 0.907088 0.697628 0.0649705 0.136364 0.00010269
0 0.567697 0.700593 0.0277147 0.181818 0.000106685
0 0.00976829 0.0666996 0.0195366 0.133399 0.000106731
0 0.303498 0.686759 0.0854157 0.12253 0.000107038
0 0.330077 0.617095 0.0495229 0.129447 0.000110214
0 0.655384 0.349802 0.0331667 0.120553 0.000112334
0 0.961154 0.863142 0.0740572 0.129447 0.000115864
0 0.988187 0.0874506 0.0236256 0.174901 0.000115965
0 0.119264 0.987154 0.0458882 0.0256917 0.000116699
0 0.93503 0.981719 0.0345298 0.0365613 0.000117403
0 0.485461 0.402174 0.0331667 0.144269 0.000117933
0 0.30577 0.062747 0.0390731 0.125494 0.000120587
0 0.70627 0.0642292 0.0404362 0.128458 0.000120673
0 0.138119 0.951581 0.0436165 0.0968379 0.000125589
0 0.779646 0.952075 0.0354384 0.0958498 0.000126283
0 0.988642 1 0.0227169 0 0.000127287
0 0.397092 0.356719 0.0481599 0.128458 0.000127734
0 0.858246 0.912055 0.0499773 0.175889 0.000130591
0 0.19105 0.935277 0.0458882 0.129447 0.000134637
0 0.63562 0.306818 0.0527033 0.157115 0.000135449
0 0.911177 0.846344 0.0595184 0.137352 0.000139104
0 0.541572 0.249506 0.0390731 0.103755 0.0001395
0 0.731031 0.0632411 0.0408905 0.126482 0.000141162
0 0.324625 0.734684 0.0786006 0.170949 0.000144104
0 0.989096 0.516304 0.0218083 0.238142 0.000145476
0 0.988642 0.681324 0.0227169 0.242095 0.000150391
0 0.843026 0.937253 0.0486143 0.125494 0.000153664
0 0.91731 0.923913 0.0472513 0.152174 0.00015387
0 0.553612 0.306324 0.0486143 0.179842 0.000155084
0 0.00885961 0.986166 0.0177192 0.027668 0.000155137
0 0.0168105 0.941206 0.0336211 0.117589 0.000157505
0 0.105407 0.947628 0.050886 0.104743 0.000157549
0 0.00567924 1 0.0113585 0 0.000159445
0 0.986143 0.985672 0.0277147 0.0286561 0.00016023
0 0.0681508 0.919466 0.0545207 0.161067 0.000160864
0 0.345298 0.517787 0.0454339 0.205534 0.000162034
0 0.987279 0.174407 0.025443 0.275692 0.000168658
0 0.0795093 0.93083 0.0427079 0.124506 0.00017155
0 0.354157 0.600791 0.0540663 0.179842 0.000175132
0 0.766924 0.956028 0.0336211 0.0879447 0.000176009
0 0.896865 0.986166 0.0408905 0.027668 0.000176111
0 0.2801 0.0543478 0.0331667 0.108696 0.000182177
0 0.492958 0.306818 0.0527033 0.16502 0.000183361
0 0.462971 0.407609 0.0290777 0.151186 0.000184117
0 0.595865 0.650198 0.0431622 0.197628 0.000190595
0 0.680145 0.545949 0.0645161 0.174901 0.000191163
0 0.0118128 0.19417 0.0236256 0.277668 0.000197823
0 0.267378 0.0592885 0.0358928 0.118577 0.000198667
0 0.300545 0.607708 0.054975 0.144269 0.000200877
0 0.478192 0.703557 0.026806 0.181818 0.000205895
0 0.87483 0.921937 0.0458882 0.156126 0.000207586
0 0.177874 0.916996 0.054975 0.166008 0.000211254
0 0.410041 0.543478 0.0495229 0.195652 0.000211999
0 0.50886 0.216403 0.0372558 0.152174 0.000221588
0 0.619037 0.476779 0.0513403 0.204545 0.000244134
0 0.895048 0.927372 0.0290777 0.145257 0.000249072
0 0.0461154 0.941206 0.0558837 0.117589 0.000253565
0 0.361199 0.512352 0.0390731 0.161067 0.00025409
0 0.982735 0.841897 0.0345298 0.150198 0.000254489
0 0.677192 0.418972 0.057701 0.213439 0.000258468
0 0.541118 0.202569 0.0554294 0.221344 0.000258851
0 0.24239 0.903162 0.0649705 0.185771 0.000261724
0 0.360291 0.372036 0.0481599 0.151186 0.000265537
0 0.964107 0.952075 0.0481599 0.0958498 0.000266785
0 0.956156 0.325099 0.0440709 0.167984 0.000294732
0 0.124035 0.83498 0.0454339 0.156126 0.000298944
0 0.969332 0.958498 0.0258973 0.083004 0.000305351
0 0.103589 0.931324 0.0381645 0.137352 0.000309049
0 0.0872331 0.974802 0.0781463 0.0503953 0.000309466
0 0.650159 0.621542 0.0481599 0.158103 0.000313381
0 0.119264 0.928854 0.0386188 0.142292 0.000318108
0 0.057701 0.987154 0.0608814 0.0256917 0.000330036
0 0.00318037 0.996542 0.00636075 0.006917 0.000335746
0 0.507724 0.683794 0.0195366 0.152174 0.000337526
0 0.649023 0.381423 0.0322581 0.112648 0.000344261
0 0.0849614 0.824605 0.0663335 0.137352 0.000350418
0 0.646524 0.416996 0.0481599 0.146245 0.000362646
0 0.0104498 0.883893 0.0208996 0.200593 0.000375466
0 0.913221 0.975296 0.053612 0.0494071 0.000382661
0 0.301 0.360178 0.054975 0.159091 0.000391062
0 0.168333 0.956522 0.0477056 0.0869565 0.000414508
0 0.509314 0.622036 0.0290777 0.119565 0.000417011
0 0.287824 0.438241 0.0404362 0.16502 0.000421828
0 0.0297592 0.978261 0.0595184 0.0434783 0.000447632
0 0.147433 0.920949 0.0395275 0.140316 0.000462033
0 0.542253 0.466403 0.02408 0.13834 0.000469807
0 0.630395 0.59832 0.054975 0.176877 0.000504526
0 0.991822 1 0.0163562 0 0.000521413
0 0.300772 0.481225 0.0463426 0.177866 0.000523096
0 0.0801908 0.764822 0.0631531 0.1917 0.000523891
0 0.426851 0.660079 0.0313494 0.120553 0.000549563
0 0.0608814 0.963439 0.0617901 0.0731225 0.000564739
0 0.378919 0.424407 0.0417992 0.115613 0.000568088
0 0.986143 0.829051 0.0277147 0.284585 0.000579798
0 0.830304 0.95998 0.0386188 0.0800395 0.000599123
0 0.988414 0.976285 0.0231713 0.0474308 0.000672885
0 0.0143117 0.995059 0.0286234 0.00988142 0.0006907
0 0.934802 0.924901 0.0404362 0.150198 0.000690782
0 0.126761 0.95998 0.0499773 0.0800395 0.000711767
0 0.857565 0.953557 0.0395275 0.0928854 0.000717402
0 0.554521 0.717885 0.0449796 0.31917 0.000731262
0 0.0967742 0.90415 0.0590641 0.128458 0.000743813
0 0.992049 0.992095 0.0159019 0.0158103 0.00075602
0 0.637665 0.374012 0.0567924 0.174901 0.000767973
0 0.689459 0.618577 0.0740572 0.150198 0.000823913
0 0.0672422 0.948123 0.0436165 0.103755 0.000824562
0 0.0945025 0.964427 0.056338 0.0711462 0.000866421
0 0.129941 0.90168 0.0390731 0.147233 0.000880409
0 0.0197637 0.757411 0.0395275 0.188735 0.000936133
0 0.0229441 0.955534 0.0458882 0.0889328 0.000972338
0 0.843707 0.964427 0.0327124 0.0711462 0.000993831
0 0.346433 0.407115 0.0386188 0.146245 0.00106675
0 0.961381 0.955534 0.0345298 0.0889328 0.00107334
0 0.978192 0.946146 0.0399818 0.107708 0.00119758
0 0.533848 0.202569 0.0417992 0.102767 0.00125316
0 0.431622 0.382411 0.050886 0.173913 0.00127327
0 0.45025 0.700593 0.0218083 0.152174 0.00128919
0 0.505225 0.385375 0.0436165 0.195652 0.00142322
0 0.432076 0.428854 0.0336211 0.197628 0.00171137
0 0.545207 0.194664 0.0363471 0.150198 0.00192516
0 0.989777 0.943676 0.0204453 0.112648 0.00198789
0 0.945479 0.953063 0.0354384 0.0938735 0.00215429
0 0.30577 0.434783 0.0354384 0.150198 0.00216391
0 0.339618 0.67836 0.0749659 0.101779 0.00249734
0 0.874602 0.956028 0.0354384 0.0879447 0.00273258
0 0.658337 0.526186 0.0726942 0.153162 0.00277815
0 0.0527033 0.853755 0.0472513 0.158103 0.00277933
0 0.416402 0.668972 0.0404362 0.158103 0.0028145
0 0.5209 0.192688 0.0404362 0.162055 0.00372981
0 0.90368 0.962451 0.0436165 0.0750988 0.00406401
0 0.932303 0.955534 0.0318037 0.0889328 0.0041342
0 0.0527033 0.797925 0.0645161 0.19664 0.0043969
0 0.915493 0.958004 0.0363471 0.0839921 0.00470018
0 0.425034 0.513834 0.0422535 0.205534 0.00473932
0 0.364153 0.463439 0.0449796 0.128458 0.00567753
0 0.889596 0.958004 0.0318037 0.0839921 0.00956412
0 0.472967 0.646245 0.0227169 0.158103 0.0107523
0 0.528169 0.637846 0.0304407 0.155138 0.0116871
0 0.901636 0.958498 0.029532 0.083004 0.013896
0 0.341209 0.45751 0.0517946 0.146245 0.0402308
0 0.393912 0.492589 0.0399818 0.182806 0.0509391
0 0.489777 0.540514 0.0454339 0.411067 0.0871269
0 0.487051 0.44417 0.110859 0.190711 0.105962
0 0.550432 0.534091 0.0349841 0.443676 0.127949
0 0.496138 0.658597 0.105407 0.198617 0.129482
0 0.583826 0.506917 0.0372558 0.426877 0.148939
0 0.0499773 0.800889 0.0408905 0.137352 0.149977
0 0.361881 0.484684 0.0949568 0.210474 0.164123
0 0.646524 0.505435 0.0726942 0.30336 0.165954
0 0.403226 0.467885 0.0740572 0.204545 0.181489
0 0.631531 0.608696 0.133576 0.15415 0.188659
0 0.558837 0.431818 0.0835984 0.183794 0.214917
0 0.427533 0.45751 0.0626988 0.179842 0.2587
0 0.466379 0.452075 0.052249 0.178854 0.263495
0 0.504771 0.647727 0.0490686 0.151186 0.265163
0 0.537937 0.659585 0.0554294 0.188735 0.275257
0 0.532485 0.438241 0.0581554 0.18083 0.288539
0 0.497955 0.449111 0.0481599 0.176877 0.291796
0 0.476147 0.667984 0.0490686 0.193676 0.296658
0 0.319855 0.535573 0.0490686 0.355731 0.302975
0 0.451159 0.673419 0.0381645 0.186759 0.363459
0 0.494775 0.656621 0.0190822 0.159091 0.363862
0 0.603816 0.41749 0.0708769 0.176877 0.381179
0 0.502953 0.652174 0.0218083 0.156126 0.668422
0 0.519764 0.657609 0.0227169 0.159091 0.685243
0 0.482508 0.657115 0.0199909 0.16996 0.712174
0 0.422081 0.464921 0.0290777 0.182806 0.729751
0 0.441845 0.448123 0.0258973 0.192688 0.740353
0 0.462744 0.669466 0.0231713 0.178854 0.743291
0 0.570423 0.424407 0.0304407 0.184783 0.766551
0 0.407996 0.477767 0.0327124 0.186759 0.768703
0 0.46388 0.452075 0.0208996 0.178854 0.773684
0 0.51204 0.446146 0.025443 0.192688 0.776089
0 0.559746 0.664526 0.0290777 0.198617 0.785589
0 0.531804 0.441206 0.0277147 0.168972 0.797266
0 0.589505 0.420949 0.0340754 0.158103 0.805603
0 0.540209 0.669466 0.0245343 0.200593 0.8075
0 0.440709 0.68083 0.0236256 0.166008 0.808063
0 0.484325 0.454051 0.0272603 0.182806 0.81518
0 0.555202 0.42836 0.028169 0.188735 0.819706
0 0.581781 0.666008 0.0368015 0.195652 0.850131
0 0.626079 0.413043 0.0472513 0.193676 0.856164
0 0.377783 0.501482 0.0395275 0.19664 0.859493
0 0.318037 0.450099 0.0408905 0.170949 0.865915
0 0.32667 0.647233 0.0717856 0.126482 0.872224
0 0.666515 0.593874 0.0763289 0.15415 0.877202
