0 0.546348 0.959369 0.123471 0.0812626 6.41486e-06
0 0.511494 0.891874 0.0359659 0.108798 6.41601e-06
0 0.322581 1 0.0815721 0 6.44608e-06
0 0.0619207 0.213902 0.0496848 0.112156 6.45788e-06
0 0.114386 0.485225 0.0448647 0.121558 6.47035e-06
0 0.887653 0.348556 0.0444939 0.119543 6.47431e-06
0 0.213014 0.258227 0.0433815 0.121558 6.48469e-06
0 0.789025 0.919409 0.0281795 0.123573 6.48684e-06
0 0.262329 0.0980524 0.06637 0.145064 6.49154e-06
0 0.0218762 0.855944 0.0437523 0.266622 6.49309e-06
0 0.691324 0.960376 0.0322581 0.0792478 6.5386e-06
0 0.646644 0.0738751 0.0734149 0.14775 6.55348e-06
0 0.99073 0.492948 0.0185391 0.241773 6.56633e-06
0 0.861142 0.34822 0.04264 0.117529 6.57251e-06
0 0.631813 0.957018 0.0207638 0.0859637 6.58243e-06
0 0.598257 0.942579 0.0233593 0.114842 6.61658e-06
0 0.807008 0.766958 0.0604375 0.166555 6.64697e-06
0 0.913979 0.0752183 0.0637746 0.150437 6.64789e-06
0 0.359288 0.521827 0.0304042 0.102082 6.65565e-06
0 0.29125 0.496306 0.0463478 0.159839 6.67107e-06
0 0.140341 0.861988 0.102707 0.16454 6.69791e-06
0 0.95013 1 0.0218762 0 6.69983e-06
0 0.794772 0.670249 0.0500556 0.139691 6.73952e-06
0 0.0582128 0.988247 0.0593252 0.0235057 6.78076e-06
0 0.568039 0.964406 0.0363367 0.0711887 6.78384e-06
0 0.906748 0.360645 0.0774935 0.171927 6.81447e-06
0 0.936225 0.757555 0.0422692 0.12223 6.8179e-06
0 0.460882 0.796844 0.0519095 0.109469 6.82708e-06
0 0.355024 0.805238 0.0656285 0.124916 6.82737e-06
0 0.0142751 0.10141 0.0285502 0.202821 6.83396e-06
0 0.00778643 0.943586 0.0155729 0.112827 6.83531e-06
0 0.44327 0.0943586 0.0678532 0.140363 6.86216e-06
0 0.460697 0.0705171 0.0774935 0.141034 6.86298e-06
0 0.367445 0.944594 0.0222469 0.110813 6.88313e-06
0 0.910271 0.484889 0.0437523 0.1182 6.88549e-06
0 0.910456 0.439893 0.04264 0.123573 6.90313e-06
0 0.886541 0.395232 0.0444939 0.120215 6.93402e-06
0 0.449017 0.579584 0.0407861 0.0913365 6.95129e-06
0 0.961253 0.168905 0.0493141 0.124244 6.9718e-06
0 0.347052 0.879449 0.0763812 0.235729 6.99119e-06
0 0.408973 0.95366 0.0192807 0.0926796 7.00113e-06
0 0.486466 0.934184 0.0400445 0.106111 7.03013e-06
0 0.209863 0.933177 0.0259548 0.132304 7.03421e-06
0 0.94568 0.134654 0.0723026 0.188717 7.03655e-06
0 0.998146 0.132639 0.00370782 0.214238 7.05323e-06
0 0.686874 0.212223 0.0404153 0.120887 7.06925e-06
0 0.90304 0.975823 0.0137189 0.0483546 7.07502e-06
0 0.993511 0.874748 0.0129774 0.186031 7.07855e-06
0 1 0.9409 0 0.1182 7.08385e-06
0 0.267519 0.335124 0.0626622 0.197448 7.089e-06
0 0.539674 1 0.0774935 0 7.09485e-06
0 0.285132 0.424782 0.0645161 0.210208 7.09612e-06
0 0.481461 0.544661 0.0322581 0.095366 7.10873e-06
0 0.113274 0.866689 0.0493141 0.132304 7.14839e-06
0 0.637931 0.260913 0.037449 0.109469 7.16144e-06
0 0.935669 0.801545 0.04264 0.114842 7.17315e-06
0 0.935299 0.839825 0.0530219 0.110813 7.1736e-06
0 0.835187 0.304903 0.0411568 0.116857 7.18481e-06
0 0.126622 0.570181 0.0760104 0.145064 7.18739e-06
0 0.46218 0.25722 0.037449 0.107455 7.20272e-06
0 0.203003 0.0957018 0.0611791 0.148422 7.22708e-06
0 0.386726 0.0718603 0.0763812 0.143721 7.22779e-06
0 0.160734 0.349228 0.0418984 0.111484 7.22969e-06
0 0.628661 0.407656 0.0396737 0.135662 7.23546e-06
0 0.3198 0.948287 0.0344828 0.103425 7.24646e-06
0 0.359473 0.21088 0.0396737 0.1182 7.27122e-06
0 0.662773 0.214238 0.0411568 0.116857 7.27844e-06
0 0.813126 0.21323 0.0407861 0.132304 7.27947e-06
0 0.811828 0.30591 0.0404153 0.110813 7.27969e-06
0 0.186318 0.838818 0.0567297 0.110141 7.28914e-06
0 0.485725 0.795836 0.0519095 0.106111 7.32037e-06
0 0.536707 0.966085 0.0856507 0.0678308 7.32615e-06
0 0.938265 0.25957 0.0567297 0.118872 7.33397e-06
0 0.406934 0.335796 0.0619207 0.213566 7.34002e-06
0 0.418613 0.946608 0.0252132 0.106783 7.34729e-06
0 0.266036 0.0560779 0.0671116 0.112156 7.35015e-06
0 0.182054 0.0174614 0.0296626 0.0349228 7.36395e-06
0 0.435113 0.797179 0.0507972 0.114171 7.37773e-06
0 0.144605 0.757555 0.0548758 0.126259 7.40739e-06
0 0.586207 0.966756 0.0541342 0.0664876 7.41315e-06
0 0.300704 0.9409 0.0407861 0.0873069 7.42112e-06
0 0.74416 0.496978 0.0311457 0.112827 7.4401e-06
0 0.405265 0.271995 0.0533927 0.173271 7.44994e-06
0 0.227104 0.534251 0.0433815 0.144392 7.45406e-06
0 0.588617 0.981531 0.0233593 0.0369375 7.50228e-06
0 0.484798 0.8818 0.0537634 0.106111 7.50753e-06
0 0.0824991 0.702149 0.0515387 0.147079 7.51001e-06
0 0.690397 0.949631 0.0237301 0.100739 7.51697e-06
0 0.543752 0.977166 0.0218762 0.0456682 7.55127e-06
0 0.835558 0.347884 0.0396737 0.112827 7.55617e-06
0 0.915091 0.132639 0.0904709 0.163197 7.57561e-06
0 0.0604375 0.52955 0.0452354 0.13499 7.58678e-06
0 1 0.195097 0 0.156481 7.59432e-06
0 0.126251 0.661182 0.0797182 0.147079 7.59619e-06
0 0.723026 0.770316 0.0563589 0.149093 7.65267e-06
0 0.306266 0.378778 0.0467186 0.142377 7.66663e-06
0 0.233407 0.380121 0.0463478 0.112827 7.70028e-06
0 0.503337 0.26998 0.0574713 0.153123 7.71163e-06
0 0.911568 0.393889 0.0448647 0.121558 7.71246e-06
0 0.897849 0.0543989 0.0693363 0.108798 7.7231e-06
0 0.331479 0.0372733 0.0355951 0.0745467 7.72561e-06
0 0.236559 0.213902 0.0385614 0.129617 7.73309e-06
0 0.657583 0.952989 0.0181683 0.0940228 7.74853e-06
0 0.125139 0.0728677 0.0774935 0.145735 7.76619e-06
0 0.912495 0.347213 0.0467186 0.1182 7.79835e-06
0 0.963293 0.531901 0.0415276 0.137005 7.79974e-06
0 0.954765 0.833445 0.0867631 0.141034 7.86094e-06
0 0.186689 0.389523 0.0515387 0.110141 7.86181e-06
0 0.504449 0.095366 0.0441231 0.153123 7.87051e-06
0 0.68502 0.0752183 0.0774935 0.150437 7.88647e-06
0 0.713941 0.259234 0.04264 0.106111 7.89503e-06
0 1 0.317999 0 0.169913 7.90244e-06
0 0.807935 0.0537273 0.063033 0.107455 7.93423e-06
0 0.669077 0.733714 0.0389321 0.112156 7.96e-06
0 0.243419 0.81632 0.0730441 0.182001 7.96814e-06
0 0.763997 0.919073 0.0285502 0.121558 7.98948e-06
0 0.31776 0.335124 0.0734149 0.235057 7.99628e-06
0 0.929366 0.69812 0.0604375 0.234385 7.9994e-06
0 0.336485 0.169241 0.0418984 0.120887 8.02021e-06
0 0.0233593 0.317999 0.0467186 0.235729 8.02859e-06
0 0.738969 0.077233 0.045977 0.115514 8.03754e-06
0 0.531702 0.566152 0.0318873 0.100739 8.04119e-06
0 0.437152 0.256212 0.0393029 0.109469 8.10325e-06
0 0.999444 0.998321 0.00111235 0.00335796 8.11284e-06
0 0.68465 0.0416387 0.0567297 0.0832774 8.11941e-06
0 0.862254 0.257891 0.0441231 0.120887 8.17339e-06
0 0.632555 0.338482 0.0422692 0.193418 8.1886e-06
0 0.861513 0.168905 0.04264 0.114842 8.1954e-06
0 0.16611 0.823707 0.0771227 0.242445 8.21268e-06
0 0.205599 0.0550705 0.0626622 0.110141 8.22525e-06
0 0.607712 0.959705 0.0252132 0.080591 8.27445e-06
0 0.5736 0.975487 0.0192807 0.0490262 8.28227e-06
0 0.403411 0.97683 0.0133482 0.0463398 8.3196e-06
0 0.486281 0.303224 0.0381906 0.100067 8.3442e-06
0 0.163886 0.915044 0.0281795 0.121558 8.34956e-06
0 0.834631 0.212559 0.0437523 0.128274 8.35319e-06
0 0.266222 0.385494 0.0496848 0.111484 8.36658e-06
0 0.937338 0.974479 0.0200222 0.051041 8.41193e-06
0 0.813867 0.919073 0.0296626 0.124244 8.42347e-06
0 0.752688 0.299866 0.057842 0.16857 8.43519e-06
0 0.533556 0.0705171 0.0771227 0.141034 8.45301e-06
0 0.0823137 0.592008 0.0593252 0.147079 8.46779e-06
0 0.980163 0.666891 0.0396737 0.158496 8.49637e-06
0 0.380608 0.814305 0.0522803 0.157824 8.51235e-06
0 0.866889 0.915379 0.0593252 0.166555 8.51799e-06
0 0.0882462 0.0708529 0.0830552 0.141706 8.53147e-06
0 0.699481 0.748825 0.101224 0.284755 8.58992e-06
0 0.931776 0.975487 0.0786059 0.0490262 8.60225e-06
0 0.838153 0.0543989 0.0648869 0.108798 8.60236e-06
0 0.996663 0.810611 0.00667408 0.217596 8.62008e-06
0 0.979422 0.567495 0.0411568 0.155809 8.62032e-06
0 0.349648 0.0718603 0.0756396 0.143721 8.64597e-06
0 0.233037 0.0540631 0.0441231 0.108126 8.65013e-06
0 0.986652 0.865682 0.0266963 0.138348 8.67246e-06
0 0.145903 0.0543989 0.0648869 0.108798 8.68418e-06
0 0.323322 0.0543989 0.0482017 0.108798 8.68693e-06
0 0.837041 0.666891 0.04264 0.103425 8.6952e-06
0 0.479792 0.966085 0.0326288 0.0678308 8.77282e-06
0 0.188728 0.916723 0.0259548 0.1182 8.7901e-06
0 0.561179 0.883143 0.0537634 0.103425 8.81855e-06
0 0.143122 0.86501 0.0504264 0.124916 8.82778e-06
0 0.962366 0.257891 0.0559881 0.119543 8.82914e-06
0 0.899333 0.939893 0.0218762 0.120215 8.85831e-06
0 0.122544 0.356951 0.0730441 0.141706 8.89156e-06
0 0.867445 0.0540631 0.0685947 0.108126 8.89685e-06
0 0.00778643 0.067495 0.0155729 0.13499 8.89823e-06
0 0.93604 0.620215 0.037449 0.129617 8.95202e-06
0 0.462366 0.303895 0.0393029 0.098724 8.95689e-06
0 0.536337 0.876091 0.0567297 0.129617 9.00949e-06
0 0.485354 0.347884 0.0407861 0.103425 9.04354e-06
0 0.58769 0.93452 0.0415276 0.100067 9.04537e-06
0 0.406748 0.0107455 0.0355951 0.0214909 9.04661e-06
0 0.190768 0.665212 0.0485725 0.102754 9.04721e-06
0 0.884687 0.619879 0.0444939 0.111484 9.07217e-06
0 0.617909 0.96642 0.0307749 0.0671592 9.12616e-06
0 0.17297 0.0483546 0.0589544 0.0967092 9.14571e-06
0 0.913052 0.665212 0.0567297 0.114842 9.20998e-06
0 0.173526 0.86266 0.0533927 0.120215 9.24739e-06
0 0.0507972 0.952653 0.0556174 0.0946944 9.25793e-06
0 0.601038 0.981195 0.0215054 0.0376091 9.26772e-06
0 0.511309 0.927804 0.0504264 0.10141 9.27976e-06
0 0.535224 0.968771 0.0515387 0.062458 9.33874e-06
0 0.534854 0.93452 0.0389321 0.102754 9.35769e-06
0 0.682054 0.4137 0.0359659 0.169241 9.35825e-06
0 0.984242 0.0815984 0.0315165 0.163197 9.36274e-06
0 0.980719 0.783076 0.0385614 0.154466 9.39174e-06
0 0.526882 0.358966 0.0533927 0.210208 9.39968e-06
0 0.0233593 0.92176 0.0467186 0.156481 9.40143e-06
0 0.294772 0.156817 0.0704486 0.216924 9.40198e-06
0 0.437152 0.303559 0.0407861 0.0993956 9.40946e-06
0 0.435484 0.859973 0.0856507 0.16454 9.43236e-06
0 0.907304 0.965749 0.0163144 0.0685024 9.47634e-06
0 0.799036 0.849563 0.0882462 0.166555 9.47868e-06
0 0.934186 0.318334 0.110122 0.196105 9.53638e-06
0 1 1 0 0 9.5927e-06
0 0.387653 0.303559 0.0396737 0.102082 9.61435e-06
0 0.901928 0.957354 0.0789766 0.0852921 9.61695e-06
0 0.887468 0.669913 0.0433815 0.118872 9.64273e-06
0 0.642195 0.728341 0.034112 0.117529 9.64381e-06
0 0.91231 0.166555 0.0656285 0.110141 9.64641e-06
0 0.485169 0.841504 0.0530219 0.107455 9.65322e-06
0 0.551353 0.208529 0.0941787 0.16857 9.66553e-06
0 0.489247 0.956347 0.037449 0.0873069 9.66589e-06
0 0.887282 0.303224 0.045977 0.116185 9.66825e-06
0 0.583611 0.990598 0.0585836 0.0188046 9.68606e-06
0 0.718576 0.0543989 0.0637746 0.108798 9.71875e-06
0 0.342232 0.944258 0.0222469 0.111484 9.72296e-06
0 0.231554 0.760242 0.06637 0.150437 9.73674e-06
0 0.436596 0.888516 0.0411568 0.111484 9.7674e-06
0 0.0209492 0.189725 0.0418984 0.21961 9.78026e-06
0 0.571561 0.566152 0.0322581 0.0873069 9.79782e-06
0 0.533927 0.992948 0.0571005 0.0141034 9.81032e-06
0 0.885799 0.441572 0.0430108 0.120215 9.83539e-06
0 0.309047 0.250504 0.0812013 0.153123 9.8623e-06
0 0.243233 0.96642 0.0163144 0.0671592 9.93993e-06
0 0.828699 0.917394 0.0548758 0.165212 9.95626e-06
0 0.119763 0.256212 0.0667408 0.114842 9.9786e-06
0 0.194475 0.0191404 0.0300334 0.0382807 9.98297e-06
0 0.47145 0.517126 0.0292918 0.0967092 9.99142e-06
0 0.910271 0.894896 0.0415276 0.109469 9.99161e-06
0 0.537078 0.849228 0.0344828 0.10544 1.00286e-05
0 0.880237 0.812626 0.0615499 0.209537 1.00294e-05
0 0.745087 0.667226 0.0634038 0.187374 1.00566e-05
0 0.938079 0.342176 0.0585836 0.114842 1.00645e-05
0 0.383018 0.949631 0.017056 0.100739 1.00965e-05
0 0.562106 0.856615 0.0875046 0.141706 1.01068e-05
0 0.780868 0.553056 0.0378198 0.106783 1.01113e-05
0 0.587319 0.892881 0.0393029 0.106783 1.01129e-05
0 0.860957 0.395568 0.0422692 0.115514 1.01492e-05
0 0.965517 0.619879 0.0437523 0.141034 1.01585e-05
0 0.886355 0.169241 0.0478309 0.111484 1.016e-05
0 0.887838 0.714238 0.0456062 0.112156 1.01673e-05
0 0.629403 0.209872 0.0967742 0.169913 1.01734e-05
0 0.0101965 0.471122 0.020393 0.157824 1.01794e-05
0 0.777716 0.0507052 0.0656285 0.10141 1.022e-05
0 0.811828 0.889523 0.04264 0.104097 1.02255e-05
0 0.0196515 0.997314 0.0393029 0.00537273 1.02339e-05
0 0.275677 0.9409 0.0396737 0.1182 1.0234e-05
0 0.406563 0.387173 0.0411568 0.156481 1.02446e-05
0 0.0302188 0.970114 0.0470894 0.0597717 1.02546e-05
0 0.775677 0.95366 0.0281795 0.0926796 1.03006e-05
0 0.295884 0.0554063 0.0689655 0.110813 1.03089e-05
0 0.512607 0.304567 0.0389321 0.0973808 1.03252e-05
0 0.585465 0.478509 0.0318873 0.118872 1.03378e-05
0 0.420653 0.60779 0.0337412 0.116857 1.03966e-05
0 0.982759 0.931498 0.0344828 0.137005 1.04143e-05
0 0.565443 0.802552 0.0593252 0.12223 1.04224e-05
0 0.913422 0.303224 0.0478309 0.113499 1.04645e-05
0 0.566741 0.337475 0.0567297 0.180658 1.05274e-05
0 0.214498 0.304231 0.0441231 0.106111 1.05378e-05
0 0.812384 0.347213 0.0400445 0.104768 1.05503e-05
0 0.911198 0.846541 0.0418984 0.108126 1.05534e-05
0 0.983315 0.764607 0.0333704 0.298858 1.05537e-05
0 0.0279941 0.328408 0.0456062 0.131632 1.05848e-05
0 0.0769373 0.979516 0.0152021 0.0409671 1.05894e-05
0 0.946237 0.446608 0.0845384 0.169241 1.05988e-05
0 0.966259 0.977838 0.0378198 0.044325 1.06045e-05
0 0.280497 0.0245131 0.0441231 0.0490262 1.06164e-05
0 0.23693 0.0705171 0.0786059 0.141034 1.06658e-05
0 0.507786 0.536938 0.0337412 0.10141 1.06699e-05
0 0.424546 0.0718603 0.0771227 0.143721 1.06935e-05
0 0.936411 0.170248 0.0522803 0.116185 1.06975e-05
0 0.787542 0.936199 0.0541342 0.127602 1.0749e-05
0 0.782165 0.501343 0.0300334 0.120215 1.0755e-05
0 0.958843 0.303224 0.0504264 0.13096 1.07715e-05
0 0.642566 0.612827 0.0355951 0.148422 1.08019e-05
0 0.186874 0.712895 0.0482017 0.110813 1.08041e-05
0 0.555061 0.988247 0.0237301 0.0235057 1.08377e-05
0 0.579533 0.987576 0.0229885 0.0248489 1.08756e-05
0 0.205599 0.606111 0.0656285 0.171256 1.09218e-05
0 0.380793 0.495299 0.0400445 0.140363 1.09229e-05
0 0.601409 0.276024 0.0571005 0.112827 1.09323e-05
0 0.501483 0.74278 0.0507972 0.143721 1.09378e-05
0 0.0116796 0.318334 0.0233593 0.150437 1.09444e-05
0 0.667779 0.0503694 0.0489433 0.100739 1.09737e-05
0 0.0832406 0.646743 0.0463478 0.153123 1.09835e-05
0 0.525584 0.977166 0.0270671 0.0456682 1.09959e-05
0 0.59251 0.925118 0.0585836 0.149765 1.10393e-05
0 0.281609 0.402619 0.0448647 0.108126 1.10486e-05
0 0.412866 0.320685 0.0456062 0.117529 1.10786e-05
0 0.586763 0.594359 0.0344828 0.127602 1.10817e-05
0 0.212644 0.968771 0.0174268 0.062458 1.10975e-05
0 0.830367 0.790463 0.0656285 0.209537 1.11063e-05
0 0.897664 0.262257 0.0563589 0.118872 1.1136e-05
0 0.461068 0.849228 0.0381906 0.113499 1.11918e-05
0 0.453652 0.978845 0.0226177 0.0423103 1.12105e-05
0 1 0.456682 0 0.178643 1.12236e-05
0 0.499258 0.0695097 0.0737857 0.139019 1.12302e-05
0 0.578791 0.26998 0.0593252 0.15178 1.12357e-05
0 0.655543 0.267293 0.0467186 0.124916 1.12424e-05
0 0.758806 0.215245 0.0367075 0.110813 1.13275e-05
0 0.53059 0.989255 0.0252132 0.0214909 1.1338e-05
0 0.0265109 0.484889 0.0530219 0.202821 1.13583e-05
0 0.565072 0.21088 0.0571005 0.110141 1.13987e-05
0 0.164071 0.617864 0.0493141 0.110141 1.14071e-05
0 0.0172414 1 0.0344828 0 1.14265e-05
0 0.00815721 0.209201 0.0163144 0.156481 1.14787e-05
0 0.911754 0.211887 0.0548758 0.114842 1.1495e-05
0 0.0537634 0.365682 0.0659993 0.13096 1.15301e-05
0 0.0723026 0.0319006 0.0393029 0.0638012 1.15578e-05
0 0.00129774 0.977502 0.00259548 0.0449966 1.16162e-05
0 0.764924 0.0124244 0.0444939 0.0248489 1.1636e-05
0 0.506674 0.802216 0.0559881 0.116185 1.16674e-05
0 0.562106 0.840161 0.051168 0.103425 1.17358e-05
0 0.00723026 0.0547347 0.0144605 0.109469 1.17665e-05
0 0.382462 0.846541 0.0908417 0.19812 1.18087e-05
0 0.361698 0.385829 0.0656285 0.218267 1.18119e-05
0 0.784946 0.887173 0.0452354 0.103425 1.18292e-05
0 0.273452 0.966085 0.0159436 0.0678308 1.1854e-05
0 0.456062 0.0480188 0.0474601 0.0960376 1.18773e-05
0 0.8604 0.714574 0.0448647 0.107455 1.19287e-05
0 0.267334 0.905641 0.0444939 0.133647 1.19358e-05
0 0.640341 0.21323 0.0600667 0.118872 1.19577e-05
0 0.335929 0.258227 0.0407861 0.117529 1.19708e-05
0 0.563589 0.979852 0.0237301 0.0402955 1.19886e-05
0 0.686133 0.266622 0.0507972 0.123573 1.20071e-05
0 0.846311 0.964406 0.0152021 0.0711887 1.20106e-05
0 0.861698 0.666891 0.0444939 0.107455 1.20248e-05
0 0.60419 0.986232 0.020393 0.0275353 1.20457e-05
0 0.143307 0.59268 0.0507972 0.124244 1.20819e-05
0 0.299592 0.883143 0.045977 0.212223 1.2098e-05
0 0.735076 0.584621 0.0537634 0.100067 1.21268e-05
0 0.418984 0.976494 0.0726733 0.0470114 1.21308e-05
0 0.596589 0.86266 0.051168 0.121558 1.21321e-05
0 0.476826 0.209872 0.0912125 0.16454 1.21639e-05
0 0.951798 0.708865 0.0941787 0.148422 1.2164e-05
0 0.749166 0.0527199 0.0671116 0.10544 1.21755e-05
0 0.381535 0.0285426 0.0318873 0.0570853 1.21828e-05
0 0.212458 0.347213 0.0467186 0.100739 1.21941e-05
0 0.477568 0.984218 0.0704486 0.0315648 1.22207e-05
0 1 0.817999 0 0.171927 1.23437e-05
0 0.942529 0.93687 0.0437523 0.126259 1.235e-05
0 0.582128 0.688046 0.0244716 0.165883 1.23837e-05
0 0.629588 0.959033 0.0741565 0.0819342 1.24879e-05
0 0.344642 0.610141 0.0322581 0.121558 1.25099e-05
0 0.535039 0.809604 0.0430108 0.116185 1.25135e-05
0 0.0253986 0.20047 0.0433815 0.117529 1.25365e-05
0 0.169448 0.00873069 0.0355951 0.0174614 1.25519e-05
0 0.837041 0.891538 0.0418984 0.104097 1.25699e-05
0 0.578791 0.0604433 0.0556174 0.120887 1.2587e-05
0 0.0083426 0.100739 0.0166852 0.14775 1.2639e-05
0 0.811457 0.847884 0.0448647 0.10141 1.26426e-05
0 0.618465 0.332774 0.0474601 0.144392 1.27062e-05
0 0.00685947 0.366017 0.0137189 0.145064 1.27067e-05
0 0.423433 0.977166 0.0207638 0.0456682 1.27119e-05
0 0.608083 0.969443 0.0593252 0.0611148 1.27239e-05
0 0.737857 0.216924 0.034112 0.115514 1.27521e-05
0 0.103077 0.0604433 0.080089 0.120887 1.27885e-05
0 0.634223 0.97045 0.0166852 0.0591001 1.27961e-05
0 0.376159 0.906649 0.0522803 0.142377 1.28106e-05
0 0.504264 0.85863 0.0585836 0.117529 1.28577e-05
0 0.538561 0.978509 0.0248424 0.0429819 1.28905e-05
0 0.884872 0.576226 0.0463478 0.107455 1.28939e-05
0 0.884316 0.527871 0.045977 0.107455 1.29177e-05
0 0.802744 0.377435 0.0519095 0.1182 1.29591e-05
0 0.112347 0.0386165 0.0526511 0.077233 1.29598e-05
0 0.910456 0.71088 0.04264 0.121558 1.29648e-05
0 0.762514 0.935527 0.0530219 0.128946 1.29841e-05
0 0.378569 0.974144 0.0126066 0.0517126 1.30024e-05
0 0.560623 0.75319 0.0378198 0.0933512 1.301e-05
0 0.108639 0.950302 0.0177976 0.0993956 1.30262e-05
0 0.761031 0.702821 0.0530219 0.156481 1.30266e-05
0 0.884687 0.485897 0.0444939 0.112156 1.30331e-05
0 0.812569 0.935863 0.0515387 0.128274 1.30409e-05
0 0.106229 0.963734 0.0648869 0.0725319 1.30417e-05
0 0.288283 0.937542 0.0300334 0.124916 1.3095e-05
0 0.13756 0.527199 0.0467186 0.114171 1.30967e-05
0 0.597145 0.810611 0.0478309 0.120887 1.3126e-05
0 0.175195 0.416387 0.0611791 0.143721 1.31283e-05
0 0.88376 0.953324 0.0196515 0.0933512 1.31424e-05
0 0.102151 0.972801 0.0129774 0.0543989 1.31501e-05
0 0.934742 0.705843 0.051168 0.1182 1.32923e-05
0 0.906563 0.0352586 0.0355951 0.0705171 1.33243e-05
0 0.00964034 0.403627 0.0192807 0.249832 1.33721e-05
0 0.43604 0.840497 0.0548758 0.112156 1.34397e-05
0 0.241565 0.942579 0.0441231 0.108126 1.34587e-05
0 0.88172 0.0366017 0.0355951 0.0732035 1.3581e-05
0 0.213571 0.397918 0.0430108 0.108126 1.35838e-05
0 0.331665 0.608798 0.0307749 0.118872 1.36096e-05
0 0.482388 0.981867 0.0252132 0.036266 1.36295e-05
0 0.599184 0.365346 0.0400445 0.217596 1.36543e-05
0 0.238598 0.258899 0.0404153 0.122901 1.36569e-05
0 0.463107 0.876091 0.0593252 0.133647 1.37523e-05
0 0.856878 0.0352586 0.0355951 0.0705171 1.37838e-05
0 0.663886 0.68771 0.0418984 0.178643 1.38516e-05
0 0.721913 0.299866 0.0615499 0.167226 1.38578e-05
0 0.647571 0.881128 0.0700779 0.220282 1.38749e-05
0 0.20356 0.374412 0.045977 0.120215 1.39308e-05
0 0.0276233 0.98724 0.0381906 0.0255205 1.39694e-05
0 0.933445 0.666891 0.0389321 0.124916 1.39925e-05
0 0.492028 0.142042 0.0815721 0.128274 1.39985e-05
0 0.842047 0.252183 0.0600667 0.125588 1.39999e-05
0 0.490916 0.215245 0.057842 0.102754 1.40727e-05
0 0.786615 0.306582 0.0418984 0.0973808 1.41547e-05
0 0.878569 0.978173 0.0144605 0.0436535 1.42048e-05
0 0.910827 0.800537 0.0441231 0.108798 1.42587e-05
0 0.995921 0.966085 0.00815721 0.0678308 1.42906e-05
0 0.752688 0.771995 0.0689655 0.186031 1.4327e-05
0 0.836856 0.841504 0.0548758 0.103425 1.43536e-05
0 0.31776 0.0245131 0.0430108 0.0490262 1.44352e-05
0 0.144234 0.80994 0.0541342 0.120887 1.44552e-05
0 0.501298 0.925789 0.0926956 0.148422 1.4492e-05
0 0.730256 0.928475 0.0448647 0.125588 1.45368e-05
0 0.358917 0.261921 0.0548758 0.103425 1.45539e-05
0 0.586763 0.304567 0.0411568 0.0973808 1.46223e-05
0 0.0228031 0.646071 0.0456062 0.163868 1.4624e-05
0 0.832406 0.959369 0.0637746 0.0812626 1.46256e-05
0 0.775491 0.247817 0.0582128 0.1182 1.46545e-05
0 0.0168706 0.942915 0.0337412 0.114171 1.467e-05
0 0.162588 0.576897 0.0500556 0.103425 1.47073e-05
0 0.357434 0.946944 0.0155729 0.106111 1.47253e-05
0 0.138673 0.441572 0.0585836 0.117529 1.47308e-05
0 0.00760104 0.0742109 0.0152021 0.133647 1.48256e-05
0 0.683352 0.951645 0.0177976 0.0967092 1.48625e-05
0 0.389507 0.970114 0.0730441 0.0597717 1.48847e-05
0 0.701335 0.0554063 0.0812013 0.110813 1.48996e-05
0 0.835002 0.377435 0.0689655 0.142377 1.49013e-05
0 0.323693 0.811954 0.0556174 0.115514 1.4927e-05
0 1 0.579919 0 0.182001 1.49662e-05
0 0.745273 0.224983 0.045977 0.18133 1.49853e-05
0 0.601409 0.153794 0.0504264 0.102082 1.50228e-05
0 0.623285 0.846877 0.0852799 0.155809 1.50559e-05
0 0.853912 0.975823 0.0133482 0.0483546 1.51023e-05
0 0.079162 0.925789 0.107898 0.148422 1.5107e-05
0 0.628476 0.983882 0.0177976 0.0322364 1.51239e-05
0 0.363923 0.97045 0.0174268 0.0591001 1.51495e-05
0 0.828699 0.972801 0.0126066 0.0543989 1.51523e-05
0 0.329996 0.904298 0.0467186 0.132304 1.51716e-05
0 0.360215 0.302552 0.04264 0.102754 1.52194e-05
0 0.985169 0.48321 0.0296626 0.133647 1.52638e-05
0 0.815907 0.966085 0.0159436 0.0678308 1.52768e-05
0 0.885614 0.84587 0.04264 0.10544 1.53015e-05
0 0.132369 0.0315648 0.0697071 0.0631296 1.53235e-05
0 0.329996 0.953324 0.0311457 0.0799194 1.53454e-05
0 0.00982573 1 0.0196515 0 1.53605e-05
0 0.309974 0.211551 0.0452354 0.120887 1.53667e-05
0 0.393771 0.974479 0.0192807 0.051041 1.53971e-05
0 0.951242 0.572196 0.0863923 0.157152 1.53992e-05
0 0.664257 0.158831 0.0522803 0.0960376 1.54136e-05
0 0.0782351 0.974479 0.0645161 0.051041 1.54213e-05
0 0.311457 0.258899 0.0444939 0.116185 1.54249e-05
0 0.129959 0.945265 0.0344828 0.109469 1.54316e-05
0 0.754357 0.956011 0.0322581 0.0812626 1.54383e-05
0 0.259918 0.25722 0.0430108 0.12223 1.54677e-05
0 0.475528 0.979181 0.0226177 0.0416387 1.54875e-05
0 0.122173 0.151444 0.0648869 0.110813 1.56005e-05
0 0.0105673 0.859637 0.0211346 0.190732 1.56421e-05
0 0.394698 0.607455 0.0307749 0.110813 1.56639e-05
0 0.502595 0.968771 0.054505 0.062458 1.56788e-05
0 0.611605 0.890866 0.0404153 0.104097 1.56794e-05
0 0.785502 0.967092 0.0159436 0.065816 1.57271e-05
0 0.286615 0.258227 0.0444939 0.118872 1.57304e-05
0 0.181683 0.95366 0.0674824 0.0926796 1.57352e-05
0 0.228587 0.939221 0.0322581 0.121558 1.57485e-05
0 0.391732 0.338146 0.0559881 0.144392 1.57538e-05
0 0.603077 0.598052 0.0337412 0.110813 1.58912e-05
0 0.131628 0.958026 0.0659993 0.083949 1.59017e-05
0 0.692621 0.905977 0.0504264 0.141034 1.59358e-05
0 0.849092 0.970786 0.0600667 0.0584285 1.60091e-05
0 0.841676 0.154802 0.0571005 0.114842 1.60198e-05
0 0.02132 0.591001 0.0411568 0.150437 1.60505e-05
0 0.622173 0.929147 0.123841 0.141706 1.60747e-05
0 0.232295 0.955339 0.0641453 0.0893217 1.61146e-05
0 0.213571 0.705507 0.0585836 0.121558 1.6123e-05
0 0.0817575 0.0100739 0.0352243 0.0201478 1.61997e-05
0 0.982759 0.211216 0.0344828 0.120215 1.62055e-05
0 0.680571 0.354936 0.0552466 0.16857 1.62204e-05
0 0.127364 0.971122 0.0122358 0.0577569 1.62723e-05
0 0.178346 0.0537273 0.0845384 0.107455 1.62935e-05
0 0.480719 0.14775 0.0448647 0.0993956 1.63104e-05
0 0.708936 0.0352586 0.0526511 0.0705171 1.63234e-05
0 0.819429 0.0265279 0.0326288 0.0530557 1.63758e-05
0 0.180386 0.926796 0.0463478 0.146407 1.64154e-05
0 0.48591 0.753862 0.0396737 0.100067 1.64263e-05
0 0.862254 0.893217 0.0411568 0.104768 1.64363e-05
0 0.177234 0.968771 0.0111235 0.062458 1.64762e-05
0 0.537449 0.304567 0.0396737 0.0946944 1.65196e-05
0 0.562477 0.973472 0.0563589 0.0530557 1.65419e-05
0 0.681498 0.497985 0.0415276 0.108126 1.66266e-05
0 0.157026 0.473472 0.0678532 0.225655 1.6634e-05
0 0.241565 0.882471 0.0567297 0.158496 1.668e-05
0 0.0589544 0.260242 0.0645161 0.120215 1.66965e-05
0 0.7868 0.345534 0.0415276 0.0960376 1.67125e-05
0 0.644234 0.731363 0.0774935 0.212223 1.67335e-05
0 0.738042 0.256548 0.0367075 0.104768 1.67612e-05
0 0.816648 0.946608 0.0248424 0.106783 1.67887e-05
0 0.187801 0.034587 0.0552466 0.0691739 1.68022e-05
0 0.557657 0.690396 0.0318873 0.154466 1.68146e-05
0 0.85558 0.78912 0.0626622 0.197448 1.68305e-05
0 0.102707 0.0177972 0.0474601 0.0355944 1.68503e-05
0 0.859288 0.952317 0.0189099 0.095366 1.68584e-05
0 0.537449 0.278711 0.054505 0.106111 1.68632e-05
0 0.422877 0.14775 0.0470894 0.104768 1.69456e-05
0 0.242677 0.941236 0.0233593 0.117529 1.69703e-05
0 0.711531 0.305238 0.0430108 0.0973808 1.69792e-05
0 0.417872 0.270651 0.0519095 0.104768 1.70511e-05
0 0.60178 0.938885 0.0422692 0.119543 1.7073e-05
0 0.731739 0.958361 0.0641453 0.0832774 1.70832e-05
0 0.659993 0.958026 0.0734149 0.083949 1.70987e-05
0 0.736745 0.303559 0.0415276 0.0980524 1.71018e-05
0 0.885614 0.894224 0.0418984 0.106783 1.71094e-05
0 0.652948 0.978845 0.0155729 0.0423103 1.71746e-05
0 0.355395 0.901948 0.0500556 0.149093 1.71788e-05
0 0.00593252 0.148086 0.011865 0.133647 1.71876e-05
0 0.450686 0.919073 0.0433815 0.161854 1.72521e-05
0 0.782165 0.957018 0.0641453 0.0859637 1.72756e-05
0 0.131813 0.0191404 0.0307749 0.0382807 1.72839e-05
0 0.0680386 0.936535 0.0456062 0.126931 1.74618e-05
0 0.228217 0.971457 0.0107527 0.0570853 1.74974e-05
0 0.722469 0.159167 0.0522803 0.100739 1.75521e-05
0 0.613089 0.847549 0.0411568 0.110141 1.76188e-05
0 0.20393 0.808932 0.0608083 0.113499 1.76475e-05
0 0.983686 0.165212 0.0326288 0.294157 1.7688e-05
0 0.986652 0.933177 0.0244716 0.129617 1.76953e-05
0 0.206711 0.0120886 0.0359659 0.0241773 1.77081e-05
0 0.664257 0.970786 0.0166852 0.0584285 1.77364e-05
0 0.200964 0.759234 0.0571005 0.121558 1.77367e-05
0 0.176492 0.952317 0.0281795 0.095366 1.7758e-05
0 0.867445 0.498657 0.0589544 0.172599 1.78022e-05
0 0.362254 0.398925 0.0452354 0.107455 1.78326e-05
0 0.694475 0.969778 0.0163144 0.0604433 1.79005e-05
0 0.724694 0.968435 0.0159436 0.0631296 1.79214e-05
0 0.392473 0.95131 0.0337412 0.0973808 1.79326e-05
0 0.868372 0.939893 0.0222469 0.120215 1.79464e-05
0 0.752874 0.970786 0.0122358 0.0584285 1.80775e-05
0 0.286615 0.300873 0.0452354 0.108798 1.81048e-05
0 0.986096 0.28677 0.0278087 0.220282 1.81067e-05
0 0.357434 0.959705 0.0637746 0.080591 1.81454e-05
0 0.517056 0.961048 0.0381906 0.0779046 1.81483e-05
0 1 0.706514 0 0.185359 1.83008e-05
0 0.152577 0.970114 0.0114943 0.0597717 1.83242e-05
0 0.258065 0.937878 0.0318873 0.124244 1.83322e-05
0 0.98591 0.049362 0.0281795 0.098724 1.83484e-05
0 0.778087 0.971122 0.0122358 0.0577569 1.84395e-05
0 0.311828 0.30188 0.045977 0.106783 1.84647e-05
0 0.78198 0.161182 0.0526511 0.103425 1.84782e-05
0 0.210604 0.882136 0.0585836 0.177972 1.8486e-05
0 0.261772 0.346877 0.0482017 0.0960376 1.84929e-05
0 0.534297 0.752854 0.0370782 0.0899933 1.85685e-05
0 0.749166 0.938885 0.0218762 0.12223 1.85814e-05
0 0.862069 0.847213 0.0430108 0.102754 1.85843e-05
0 0.425844 0.349563 0.0530219 0.136333 1.86271e-05
0 0.393956 0.014775 0.0359659 0.02955 1.86794e-05
0 0.76066 0.885494 0.0470894 0.104097 1.868e-05
0 0.174082 0.758899 0.0567297 0.116857 1.87037e-05
0 0.161661 0.442579 0.0548758 0.112827 1.872e-05
0 0.353541 0.974144 0.0122358 0.0517126 1.87362e-05
0 0.243789 0.155138 0.0537634 0.111484 1.87368e-05
0 0.910456 0.755876 0.0448647 0.113499 1.87502e-05
0 0.36003 0.149093 0.0519095 0.107455 1.88924e-05
0 0.202633 0.97045 0.0107527 0.0591001 1.89812e-05
0 0.1396 0.483882 0.0478309 0.112156 1.90122e-05
0 0.713941 0.204164 0.0619207 0.114171 1.90852e-05
0 0.983315 0.544661 0.0333704 0.296844 1.90972e-05
0 0.766963 0.8227 0.0737857 0.1773 1.91158e-05
0 0.487208 0.0315648 0.0452354 0.0631296 1.91476e-05
0 0.832036 0.0285426 0.0333704 0.0570853 1.91674e-05
0 0.00815721 0.255541 0.0163144 0.151108 1.92364e-05
0 0.478124 0.0530557 0.0782351 0.106111 1.92419e-05
0 0.00463478 0.254533 0.00926956 0.137005 1.92427e-05
0 0.253986 0.049362 0.0852799 0.098724 1.92705e-05
0 0.0608083 0.153123 0.0689655 0.1182 1.929e-05
0 0.886911 0.946944 0.0674824 0.106111 1.93118e-05
0 0.542455 0.593015 0.0296626 0.112827 1.93214e-05
0 0.40749 0.901612 0.0652577 0.196776 1.93433e-05
0 0.433259 0.0399597 0.0582128 0.0799194 1.93442e-05
0 0.561735 0.305238 0.0393029 0.0960376 1.9367e-05
0 0.686318 0.306917 0.0422692 0.0993956 1.93881e-05
0 0.413608 0.863667 0.0500556 0.116857 1.93943e-05
0 0.270856 0.851242 0.0648869 0.16051 1.94466e-05
0 0.173341 0.808261 0.0567297 0.112156 1.94544e-05
0 0.307564 0.946944 0.0159436 0.106111 1.94765e-05
0 0.736745 0.886165 0.0489433 0.10544 1.95198e-05
0 0.703189 0.973808 0.0129774 0.0523841 1.95264e-05
0 0.803485 0.972465 0.0126066 0.0550705 1.95709e-05
0 0.210975 0.438214 0.0571005 0.204835 1.95795e-05
0 0.286429 0.34822 0.0478309 0.0973808 1.95894e-05
0 0.761031 0.760578 0.0441231 0.10544 1.96003e-05
0 0.636077 0.887844 0.04264 0.104768 1.96051e-05
0 0.678161 0.976494 0.0140897 0.0470114 1.96972e-05
0 0.539859 0.148422 0.0467186 0.100739 1.97089e-05
0 0.976455 1 0.0315165 0 1.9755e-05
0 0.260845 0.301209 0.0448647 0.109469 1.98058e-05
0 0.314238 0.954668 0.0278087 0.0906649 1.98128e-05
0 0.324064 0.382136 0.0541342 0.107455 1.98251e-05
0 0.326659 0.0483546 0.0837968 0.0967092 1.98411e-05
0 0.305895 0.013096 0.0444939 0.0261921 1.98896e-05
0 0.814609 0.711216 0.0482017 0.116857 1.99631e-05
0 0.33667 0.302552 0.0407861 0.10544 2.00265e-05
0 0.122729 0.214574 0.0697071 0.114842 2.00586e-05
0 0.622914 0.98321 0.0563589 0.0335796 2.00819e-05
0 0.943641 0.211216 0.0719318 0.139019 2.00848e-05
0 0.184835 0.15178 0.0559881 0.111484 2.00887e-05
0 0.852799 0.049362 0.0845384 0.098724 2.01541e-05
0 0.189099 0.581263 0.0548758 0.100067 2.0194e-05
0 0.630886 0.937206 0.0329996 0.125588 2.022e-05
0 0.676492 0.879113 0.0582128 0.163868 2.02212e-05
0 0.237115 0.344527 0.0470894 0.0980524 2.02293e-05
0 0.320171 0.524177 0.0418984 0.113499 2.02497e-05
0 0.918057 0.0211551 0.0430108 0.0423103 2.03308e-05
0 0.237301 0.304567 0.0452354 0.108126 2.0358e-05
0 0.133667 0.948623 0.0174268 0.102754 2.03848e-05
0 0.917872 0.931498 0.11383 0.137005 2.04362e-05
0 0.926956 0.0466756 0.0808306 0.0933512 2.04883e-05
0 0.371709 0.0342512 0.0626622 0.0685024 2.05153e-05
0 0.566185 0.468099 0.0304042 0.137005 2.05886e-05
0 0.425844 0.0191404 0.0359659 0.0382807 2.05911e-05
0 0.00852799 0.57824 0.017056 0.18133 2.07768e-05
0 0.833704 0.950638 0.0181683 0.098724 2.08138e-05
0 0.327215 0.941572 0.0226177 0.116857 2.08906e-05
0 0.511494 0.754533 0.037449 0.0906649 2.09067e-05
0 0.761772 0.305574 0.0411568 0.095366 2.09127e-05
0 0.388765 0.385494 0.0522803 0.116857 2.0964e-05
0 0.593066 0.0470114 0.0463478 0.0940228 2.09761e-05
0 0.638302 0.30591 0.0418984 0.100067 2.09773e-05
0 0.0461624 0.465077 0.0641453 0.147079 2.10421e-05
0 0.217835 0.942915 0.0233593 0.114171 2.11054e-05
0 0.978495 0.0298858 0.0378198 0.0597717 2.11401e-05
0 0.86003 0.443922 0.04264 0.115514 2.11587e-05
0 0.684464 0.924782 0.0875046 0.150437 2.12309e-05
0 0.935113 0.0265279 0.0556174 0.0530557 2.1247e-05
0 0.377271 0.950302 0.0307749 0.0993956 2.1353e-05
0 0.761587 0.346206 0.0444939 0.0893217 2.13566e-05
0 0.552095 0.0406313 0.0593252 0.0812626 2.13969e-05
0 0.36485 0.014775 0.0422692 0.02955 2.14138e-05
0 0.18947 0.953996 0.0266963 0.0920081 2.14165e-05
0 0.985169 0.16454 0.0296626 0.131632 2.15009e-05
0 0.886911 0.75722 0.0467186 0.106783 2.15054e-05
0 0.23693 0.804903 0.051168 0.114842 2.15372e-05
0 0.256396 0.495299 0.04264 0.149765 2.15399e-05
0 0.00778643 0.992612 0.0155729 0.014775 2.15965e-05
0 0.48795 0.97683 0.0244716 0.0463398 2.16944e-05
0 0.791991 0.946273 0.0252132 0.107455 2.17109e-05
0 0.984427 0.255876 0.0311457 0.123573 2.17175e-05
0 0.438821 0.929147 0.102707 0.141706 2.17331e-05
0 0.785132 0.84587 0.0470894 0.10141 2.17358e-05
0 0.757879 0.254869 0.0393029 0.102754 2.17528e-05
0 0.300519 0.150772 0.054505 0.108126 2.17563e-05
0 0.335929 0.845198 0.0504264 0.110813 2.21065e-05
0 0.613089 0.0369375 0.0626622 0.0738751 2.22041e-05
0 0.253986 0.975151 0.0111235 0.0496978 2.22245e-05
0 0.544123 0.0201478 0.0367075 0.0402955 2.22246e-05
0 0.47627 0.282068 0.0500556 0.106111 2.22993e-05
0 0.403226 0.0486904 0.0804598 0.0973808 2.2318e-05
0 0.562291 0.348556 0.04264 0.0993956 2.23947e-05
0 0.986652 0.905977 0.0266963 0.188046 2.2411e-05
0 0.617909 0.044325 0.04264 0.0886501 2.24527e-05
0 0.303671 0.974144 0.011865 0.0517126 2.25314e-05
0 0.0494994 0.573539 0.0678532 0.14775 2.25421e-05
0 0.6066 0.0174614 0.0400445 0.0349228 2.26536e-05
0 0.0704486 0.865682 0.109752 0.15178 2.27169e-05
0 0.655172 0.904298 0.0474601 0.139019 2.27205e-05
0 0.54264 0.916723 0.0574713 0.166555 2.27908e-05
0 0.571932 0.934184 0.0463478 0.131632 2.28087e-05
0 0.642751 0.0473472 0.0441231 0.0946944 2.28682e-05
0 0.337783 0.350235 0.0422692 0.098724 2.29e-05
0 0.787727 0.758227 0.0456062 0.0980524 2.29023e-05
0 0.683537 0.986568 0.0567297 0.0268637 2.29961e-05
0 0.411198 0.0271995 0.0489433 0.0543989 2.30475e-05
0 0.736374 0.34822 0.045977 0.0879785 2.30763e-05
0 0.255284 0.0218267 0.0404153 0.0436535 2.31199e-05
0 0.861513 0.618872 0.0463478 0.10141 2.31365e-05
0 0.420467 0.926796 0.0393029 0.146407 2.32468e-05
0 0.986466 0.43687 0.0270671 0.262592 2.32556e-05
0 0.187801 0.445601 0.0470894 0.114842 2.34193e-05
0 0.802929 0.983882 0.0559881 0.0322364 2.34203e-05
0 0.119207 0.0107455 0.0352243 0.0214909 2.35236e-05
0 0.939192 0.304903 0.0467186 0.120887 2.35239e-05
0 0.862254 0.332102 0.0752688 0.133647 2.35995e-05
0 0.29403 0.810947 0.0615499 0.117529 2.36078e-05
0 0.955506 0.0221625 0.0415276 0.044325 2.36212e-05
0 0.958658 0.990262 0.0641453 0.0194762 2.37165e-05
0 0.661105 0.307253 0.0415276 0.10141 2.38966e-05
0 0.893029 0.0208193 0.0418984 0.0416387 2.3932e-05
0 0.263812 0.810611 0.059696 0.112827 2.39569e-05
0 0.837783 0.617193 0.0485725 0.0980524 2.40519e-05
0 0.766778 0.946608 0.0252132 0.106783 2.4102e-05
0 0.808491 0.940564 0.0233593 0.118872 2.42794e-05
0 0.632369 0.764607 0.0448647 0.149765 2.43455e-05
0 0.795328 0.0349228 0.0622914 0.0698455 2.438e-05
0 0.17779 0.526528 0.0708194 0.127602 2.43828e-05
0 0.835929 0.715917 0.04264 0.100739 2.43912e-05
0 0.868001 0.0211551 0.0422692 0.0423103 2.44236e-05
0 0.743419 0.985561 0.0563589 0.0288784 2.44417e-05
0 0.0478309 0.670249 0.0726733 0.150437 2.44573e-05
0 0.718205 0.853593 0.0600667 0.14775 2.44939e-05
0 0.296626 0.941907 0.0237301 0.116185 2.46032e-05
0 0.79644 0.533915 0.0452354 0.135662 2.46414e-05
0 0.328699 0.975487 0.0122358 0.0490262 2.46835e-05
0 0.788469 0.0167898 0.0433815 0.0335796 2.47437e-05
0 0.920838 0.980188 0.054505 0.0396239 2.47948e-05
0 1 0.0315648 0 0.0631296 2.48032e-05
0 0.0194661 0.817663 0.0381906 0.145735 2.48088e-05
0 0.668706 0.0154466 0.0396737 0.0308932 2.48102e-05
0 0.385614 0.859637 0.0533927 0.1182 2.491e-05
0 0.675751 0.034587 0.0611791 0.0691739 2.50326e-05
0 0.702447 0.946273 0.0352243 0.107455 2.50758e-05
0 0.44086 0.974815 0.0556174 0.0503694 2.53405e-05
0 0.96218 0.985225 0.0259548 0.02955 2.54234e-05
0 0.00482017 0.851578 0.00964034 0.135662 2.56661e-05
0 0.00704486 0.887173 0.0140897 0.150437 2.57881e-05
0 0.139414 0.981195 0.0593252 0.0376091 2.58367e-05
0 0.418613 0.216253 0.0615499 0.100739 2.58397e-05
0 0.282907 0.960712 0.0608083 0.0785762 2.58764e-05
0 0.784205 0.799866 0.0474601 0.103425 2.58958e-05
0 0.165369 0.948623 0.0326288 0.102754 2.59455e-05
0 0.144049 0.0107455 0.0344828 0.0214909 2.59571e-05
0 0.267519 0.752854 0.0685947 0.174614 2.61645e-05
0 0.664998 0.497314 0.0522803 0.187374 2.62061e-05
0 0.342974 0.0218267 0.0400445 0.0436535 2.62153e-05
0 0.655914 0.335796 0.0600667 0.192075 2.62262e-05
0 0.361698 0.84587 0.0463478 0.113499 2.62635e-05
0 0.708936 0.950302 0.0185391 0.0993956 2.62654e-05
0 0.308306 0.968771 0.0619207 0.062458 2.63681e-05
0 0.98591 0.88415 0.0215054 0.156481 2.64621e-05
0 0.482388 0.505709 0.0370782 0.095366 2.65987e-05
0 0.614201 0.981867 0.0196515 0.036266 2.66481e-05
0 0.282722 0.947952 0.0166852 0.104097 2.6732e-05
0 0.340749 0.212559 0.0652577 0.106783 2.68395e-05
0 0.990174 0.988583 0.0196515 0.0228341 2.69047e-05
0 0.638116 0.347549 0.0452354 0.0960376 2.69558e-05
0 0.791806 0.202485 0.0656285 0.122901 2.70873e-05
0 0.862625 0.985225 0.0552466 0.02955 2.71438e-05
0 0.526882 0.927468 0.0474601 0.145064 2.75462e-05
0 0.625881 0.811283 0.0504264 0.123573 2.76428e-05
0 0.742492 0.856951 0.0648869 0.186702 2.7953e-05
0 0.279384 0.976494 0.0122358 0.0470114 2.79682e-05
0 0.315721 0.876427 0.0574713 0.165212 2.81007e-05
0 0.886726 0.79953 0.0456062 0.10141 2.81158e-05
0 0.636819 0.846206 0.0433815 0.111484 2.81331e-05
0 0.68706 0.837475 0.0593252 0.103425 2.8322e-05
0 0.103634 0.940228 0.0418984 0.119543 2.83443e-05
0 0.158509 0.946608 0.0166852 0.106783 2.8517e-05
0 0.728217 0.0157824 0.0400445 0.0315648 2.86344e-05
0 0.661105 0.803559 0.0444939 0.109469 2.86928e-05
0 0.864664 0.926125 0.0837968 0.14775 2.87407e-05
0 0.379496 0.929819 0.119021 0.140363 2.88024e-05
0 0.71079 0.347549 0.0474601 0.0866353 2.88284e-05
0 0.917686 0.938549 0.0482017 0.122901 2.9127e-05
0 0.633482 0.705507 0.0300334 0.179315 2.96159e-05
0 0.735818 0.0339154 0.0619207 0.0678308 2.96279e-05
0 0.712458 0.502015 0.0485725 0.133647 2.9715e-05
0 0.201335 0.979516 0.0571005 0.0409671 2.97782e-05
0 0.860957 0.757891 0.0474601 0.102754 2.98951e-05
0 0.843344 0.018133 0.0404153 0.036266 3.00117e-05
0 0.837412 0.797851 0.0448647 0.0980524 3.00745e-05
0 0.257879 0.947616 0.0166852 0.104768 3.01049e-05
0 0.837227 0.576561 0.0526511 0.0946944 3.01238e-05
0 0.988135 0.151444 0.0237301 0.195433 3.02307e-05
0 0.0437523 0.0120886 0.0348535 0.0241773 3.04764e-05
0 0.213941 0.929147 0.051168 0.141706 3.10113e-05
0 0.0580274 0.0214909 0.0463478 0.0429819 3.11652e-05
0 0.194846 0.212223 0.0693363 0.116857 3.11752e-05
0 0.661847 0.844862 0.0467186 0.108798 3.13389e-05
0 0.953838 0.962391 0.0344828 0.0752183 3.13544e-05
0 0.871153 0.203156 0.0708194 0.124244 3.13597e-05
0 0.183166 0.945601 0.0163144 0.108798 3.14277e-05
0 0.011865 0.962055 0.0237301 0.0758899 3.16153e-05
0 0.232851 0.946273 0.0163144 0.107455 3.17523e-05
0 0.497034 0.926796 0.0522803 0.146407 3.19638e-05
0 0.806452 0.0144392 0.0378198 0.0288784 3.20997e-05
0 0.718391 0.905641 0.0470894 0.152451 3.21571e-05
0 0.283463 0.731699 0.102707 0.259906 3.22697e-05
0 0.406192 0.726998 0.0381906 0.132304 3.22937e-05
0 0.812013 0.795836 0.0430108 0.100739 3.23082e-05
0 0.469596 0.357623 0.0507972 0.133647 3.24602e-05
0 0.860957 0.576897 0.0467186 0.0993956 3.26597e-05
0 0.985539 0.302888 0.028921 0.130289 3.29997e-05
0 0.266222 0.942579 0.0252132 0.114842 3.30634e-05
0 0.687431 0.804903 0.0482017 0.108126 3.30674e-05
0 0.271783 0.21088 0.0637746 0.110141 3.31097e-05
0 0.121431 0.918737 0.054505 0.162525 3.31947e-05
0 0.665184 0.946608 0.034112 0.106783 3.32125e-05
0 0.986096 0.0416387 0.0278087 0.0832774 3.32885e-05
0 0.00500556 0.0177972 0.0100111 0.0355944 3.37614e-05
0 0.455321 0.610477 0.0363367 0.111484 3.38737e-05
0 0.0695217 0.98321 0.0226177 0.0335796 3.4052e-05
0 0.715239 0.94728 0.0333704 0.10544 3.41115e-05
0 0.152577 0.946944 0.0344828 0.106111 3.42069e-05
0 0.736003 0.731363 0.0489433 0.158496 3.44943e-05
0 0.814794 0.521491 0.0485725 0.109469 3.4536e-05
0 0.828699 0.441907 0.0467186 0.127602 3.46084e-05
0 0.336485 0.925118 0.0745273 0.149765 3.48526e-05
0 0.0494994 0.779046 0.0752688 0.161182 3.50862e-05
0 0.679829 0.950638 0.0337412 0.098724 3.57155e-05
0 0.351502 0.342848 0.0556174 0.13499 3.57331e-05
0 0.31776 0.341169 0.0593252 0.130289 3.59514e-05
0 0.812384 0.756548 0.0437523 0.100067 3.59658e-05
0 0.0129774 0.264607 0.0259548 0.235057 3.61771e-05
0 0.986652 0.0748825 0.0244716 0.122901 3.62187e-05
0 0.862996 0.798858 0.0456062 0.0973808 3.6733e-05
0 0.380608 0.982203 0.0574713 0.0355944 3.67843e-05
0 0.650167 0.401276 0.0478309 0.125588 3.68912e-05
0 0.436782 0.932505 0.0452354 0.13499 3.70643e-05
0 0.985725 0.390531 0.0248424 0.157824 3.72498e-05
0 0.835373 0.756212 0.0467186 0.0993956 3.76407e-05
0 0.541157 0.367361 0.054505 0.142377 3.76684e-05
0 0.0176122 0.695769 0.0352243 0.162525 3.79013e-05
0 0.0196515 0.716253 0.0393029 0.259906 3.79162e-05
0 0.191138 0.618536 0.0537634 0.102082 3.80463e-05
0 0.739711 0.949966 0.0318873 0.100067 3.81403e-05
0 0.208009 0.946273 0.017056 0.107455 3.86391e-05
0 0.292362 0.927804 0.0841676 0.144392 3.86617e-05
0 0.783834 0.949966 0.0185391 0.100067 3.91359e-05
0 0.161105 0.482874 0.0463478 0.108798 3.9177e-05
0 0.988506 0.077233 0.0229885 0.154466 3.95474e-05
0 0.00611791 0.684688 0.0122358 0.186031 3.95958e-05
0 0.984613 0.992612 0.0307749 0.014775 3.96258e-05
0 0.196515 0.93452 0.0474601 0.13096 4.00148e-05
0 0.0020393 0.02955 0.00407861 0.0591001 4.01773e-05
0 0.534112 0.468435 0.0300334 0.13499 4.03179e-05
0 0.00982573 1 0.0196515 0 4.05526e-05
0 0.986281 0.648758 0.0274379 0.239087 4.07092e-05
0 0.260845 0.98321 0.0574713 0.0335796 4.08912e-05
0 0.984983 0.532236 0.0241009 0.149765 4.09986e-05
0 0.210419 0.581934 0.054505 0.0906649 4.1076e-05
0 0.0177976 0.014775 0.034112 0.02955 4.15277e-05
0 0.493697 0.680658 0.0307749 0.133647 4.24326e-05
0 0.740082 0.403962 0.0437523 0.121558 4.24398e-05
0 0.717093 0.395232 0.0526511 0.129617 4.27637e-05
0 0.758806 0.949966 0.0189099 0.100067 4.31851e-05
0 0.387838 0.629953 0.0504264 0.15178 4.33168e-05
0 0.677049 0.767629 0.0474601 0.138348 4.33986e-05
0 0.46941 0.591336 0.0348535 0.117529 4.3711e-05
0 0.0285502 0.0305574 0.0474601 0.0611148 4.37607e-05
0 0.320912 0.985225 0.0574713 0.02955 4.38559e-05
0 0.712088 0.935191 0.071561 0.129617 4.40201e-05
0 0.513534 0.975151 0.0266963 0.0496978 4.55536e-05
0 0.0100111 0.0496978 0.0200222 0.0993956 4.58207e-05
0 0.505933 0.355272 0.0493141 0.139691 4.58692e-05
0 0.0174268 0.0255205 0.0348535 0.051041 4.58937e-05
0 0.0131628 0.445265 0.0263255 0.252518 4.61236e-05
0 0.642566 0.946608 0.034112 0.106783 4.77804e-05
0 0.0105673 0.153794 0.0211346 0.209537 4.88569e-05
0 0.116796 0.945265 0.0370782 0.109469 4.90627e-05
0 0.245087 0.681666 0.0467186 0.130289 4.91229e-05
0 0.757879 0.803559 0.051168 0.102754 4.96921e-05
0 0.812013 0.933848 0.0711902 0.132304 5.00846e-05
0 0.161476 0.926461 0.0723026 0.147079 5.04516e-05
0 0.686874 0.34822 0.0478309 0.0866353 5.08272e-05
0 0.611605 0.374748 0.0433815 0.155809 5.15013e-05
0 0.297553 0.715917 0.0582128 0.142377 5.16414e-05
0 0.261402 0.923103 0.0734149 0.153794 5.16573e-05
0 0.205599 0.341504 0.0723026 0.148422 5.23745e-05
0 0.230812 0.0171256 0.0359659 0.0342512 5.30279e-05
0 0.467557 0.926461 0.0489433 0.147079 5.34321e-05
0 0.662588 0.34587 0.045977 0.0899933 5.38286e-05
0 0.407119 0.936199 0.0400445 0.127602 5.43362e-05
0 0.539303 0.707522 0.0485725 0.19409 5.5138e-05
0 0.893956 0.93687 0.0422692 0.126259 5.51441e-05
0 0.985725 0.0080591 0.0285502 0.0161182 5.63347e-05
0 0.00444939 0.774345 0.00889878 0.189389 5.67618e-05
0 0.802002 0.949966 0.0311457 0.100067 5.7154e-05
0 0.0520949 0.978509 0.0196515 0.0429819 5.77364e-05
0 0.482388 0.744795 0.0585836 0.224312 5.78158e-05
0 0.858361 0.524849 0.0482017 0.100067 5.88214e-05
0 0.713756 0.80591 0.0504264 0.107455 5.89973e-05
0 0.616982 0.939221 0.0407861 0.121558 5.9133e-05
0 0.737115 0.799194 0.0608083 0.102082 6.30434e-05
0 0.988506 0.355608 0.0229885 0.210208 6.33992e-05
0 0.978124 0.959033 0.0437523 0.0819342 6.34448e-05
0 0.183723 0.47448 0.0723026 0.120215 6.40132e-05
0 0.759548 0.843183 0.0522803 0.100067 6.53402e-05
0 0.211346 0.922767 0.0734149 0.154466 6.77738e-05
0 0.780682 0.43049 0.0448647 0.14775 7.0623e-05
0 0.828142 0.946608 0.0352243 0.106783 7.10235e-05
0 0.761958 0.932505 0.0711902 0.13499 7.1465e-05
0 0.987393 0.0261921 0.0252132 0.0523841 7.29229e-05
0 0.0124212 0.905641 0.0248424 0.188717 7.3206e-05
0 0.985169 0.614171 0.0222469 0.171256 7.42786e-05
0 0.514646 0.678308 0.0363367 0.174614 7.44766e-05
0 0.336856 0.63499 0.0604375 0.145735 7.52232e-05
0 0.581387 0.524849 0.0385614 0.188717 7.67601e-05
0 0.988506 0.718267 0.0229885 0.208865 7.76768e-05
0 0.0103819 0.332102 0.0207638 0.207522 7.83e-05
0 0.495736 0.594694 0.0281795 0.139019 8.23623e-05
0 0.737301 0.840497 0.0537634 0.100067 8.41873e-05
0 0.98832 0.963734 0.0233593 0.0725319 8.466e-05
0 0.842232 0.947616 0.0359659 0.104768 8.76367e-05
0 0.75102 0.468099 0.0456062 0.162525 8.86938e-05
0 0.856693 0.488247 0.0478309 0.104768 9.08612e-05
0 0.501298 0.974479 0.0266963 0.051041 9.20744e-05
0 0.326659 0.719275 0.0771227 0.157152 9.34971e-05
0 0.426214 0.735057 0.0604375 0.21961 0.000100048
0 0.615684 0.689725 0.0322581 0.193418 0.000100826
0 0.985354 0.800873 0.020393 0.169913 0.000111376
0 0.950871 0.97683 0.0248424 0.0463398 0.000113022
0 0.568595 0.415379 0.0329996 0.16454 0.000114388
0 0.00982573 0.603089 0.0196515 0.260578 0.000115247
0 0.879681 0.941572 0.0433815 0.116857 0.000116756
0 0.660734 0.430826 0.0504264 0.153794 0.000119799
0 0.58287 0.679651 0.045977 0.251175 0.000121297
0 0.825176 0.481867 0.0507972 0.106783 0.000127796
0 0.802002 0.469107 0.0771227 0.200806 0.000128932
0 0.413052 0.494291 0.0385614 0.184016 0.000131097
0 0.465146 0.710208 0.0500556 0.191404 0.000131479
0 0.0100111 0.802552 0.0200222 0.220282 0.000131653
0 0.00964034 0.0141034 0.0192807 0.0282068 0.000131884
0 0.821468 0.652787 0.0812013 0.128946 0.000134046
0 0.525584 0.595366 0.0322581 0.124244 0.000134428
0 0.558213 0.718603 0.0567297 0.232371 0.000135713
0 0.480905 0.590329 0.0304042 0.103425 0.000138179
0 0.471635 0.472801 0.0266963 0.141034 0.000151603
0 0.446978 0.40732 0.0315165 0.153794 0.000162664
0 0.501483 0.40732 0.0352243 0.175285 0.00017807
0 0.855395 0.944258 0.0385614 0.111484 0.000183642
0 0.633667 0.47045 0.0385614 0.147079 0.000190492
0 0.500185 0.513768 0.0467186 0.169241 0.000191692
0 0.0103819 0.697784 0.0207638 0.218939 0.000199256
0 0.842788 0.495635 0.0585836 0.150437 0.000202167
0 0.0100111 0.513432 0.0200222 0.218267 0.000207286
0 0.988691 0.582942 0.0226177 0.221625 0.000207396
0 0.386911 0.71323 0.0634038 0.228341 0.000211175
0 0.0641453 0.973472 0.0229885 0.0530557 0.000216826
0 0.586763 0.374077 0.0448647 0.139691 0.000218317
0 0.52614 0.661854 0.0333704 0.171256 0.0002224
0 0.218947 0.5 0.0448647 0.13499 0.000227193
0 0.544308 0.450638 0.0304042 0.155809 0.000230022
0 0.783278 0.388852 0.0641453 0.1773 0.000242622
0 0.360215 0.71961 0.0537634 0.157824 0.000251732
0 0.988691 0.833445 0.0226177 0.222968 0.000254432
0 0.468669 0.430826 0.0355951 0.173942 0.00025739
0 0.338895 0.385829 0.0622914 0.179315 0.000279617
0 0.00871339 0.944258 0.0174268 0.111484 0.0002868
0 0.536707 0.501007 0.0493141 0.173271 0.000318668
0 0.443085 0.629953 0.0415276 0.157152 0.000336076
0 0.819244 0.557757 0.0641453 0.128274 0.000387942
0 0.492584 0.688046 0.0411568 0.22364 0.000417417
0 0.226363 0.652451 0.0767519 0.116185 0.000501803
0 0.255284 0.418402 0.0656285 0.155809 0.000518228
0 0.541528 0.654466 0.0285502 0.169913 0.000626746
0 0.214498 0.441907 0.0367075 0.132975 0.000670786
0 0.305339 0.426125 0.0700779 0.161854 0.000671676
0 0.699296 0.405306 0.0711902 0.19409 0.00103845
0 0.223396 0.572196 0.0685947 0.193418 0.00107393
0 0.810901 0.462391 0.0422692 0.157824 0.00108381
0 0.596218 0.656481 0.0333704 0.182001 0.00137912
0 0.479792 0.654802 0.0296626 0.18133 0.00249025
0 0.447905 0.689389 0.0378198 0.196776 0.00345153
0 0.790323 0.467764 0.0456062 0.13096 0.00365539
0 0.70152 0.452989 0.0467186 0.16857 0.00375423
0 0.567668 0.620551 0.0318873 0.161182 0.0049233
0 0.346867 0.463734 0.0515387 0.153794 0.0221659
0 0.770671 0.492612 0.0604375 0.133647 0.0278848
0 0.244716 0.593351 0.0496848 0.206179 0.0311944
0 0.556544 0.534587 0.0645161 0.397582 0.0823607
0 0.793103 0.605104 0.0697071 0.111484 0.0961646
0 0.477382 0.54869 0.0485725 0.404298 0.110389
0 0.634965 0.541974 0.0582128 0.409671 0.128764
0 0.542825 0.631968 0.100853 0.173271 0.142048
0 0.345384 0.566488 0.0730441 0.391538 0.168267
0 0.412866 0.567495 0.0515387 0.4137 0.173411
0 0.430664 0.452317 0.0989989 0.180658 0.177172
0 0.604931 0.441236 0.103448 0.175957 0.191505
0 0.436225 0.482539 0.04264 0.270651 0.193145
0 0.36967 0.465749 0.126808 0.177972 0.19822
0 0.5571 0.436535 0.0945495 0.169241 0.213632
0 0.644605 0.448287 0.113089 0.184688 0.223944
0 0.254727 0.551713 0.068224 0.344527 0.232202
0 0.672043 0.553727 0.0537634 0.378106 0.243709
0 0.492399 0.444929 0.0956618 0.16857 0.252673
0 0.722655 0.456347 0.126808 0.165883 0.256884
0 0.310901 0.467092 0.122729 0.165883 0.272445
0 0.613274 0.643385 0.0763812 0.184016 0.283303
0 0.728402 0.552384 0.0500556 0.379449 0.283491
0 0.487023 0.640363 0.0700779 0.182001 0.287896
0 0.431034 0.664876 0.0871339 0.192075 0.321358
0 0.51168 0.443251 0.0348535 0.174614 0.343261
0 0.512421 0.624916 0.0266963 0.157824 0.766389
0 0.608083 0.645064 0.0318873 0.183345 0.779175
0 0.46459 0.653123 0.0363367 0.184688 0.784224
0 0.434372 0.670249 0.0352243 0.192075 0.802621
0 0.58046 0.632304 0.0329996 0.161854 0.806094
0 0.648128 0.454668 0.0385614 0.178643 0.811536
0 0.593066 0.429819 0.037449 0.186702 0.813744
0 0.489989 0.631296 0.0292918 0.155809 0.815465
0 0.420838 0.447952 0.0422692 0.200134 0.815658
0 0.617538 0.446273 0.04264 0.184688 0.819927
0 0.53337 0.62458 0.0300334 0.166555 0.824442
0 0.556174 0.625923 0.0281795 0.158496 0.830346
0 0.453281 0.451981 0.0322581 0.162525 0.831924
0 0.406377 0.678308 0.0474601 0.198791 0.832838
0 0.525584 0.439221 0.037449 0.182673 0.836254
0 0.483871 0.445937 0.0378198 0.170584 0.836831
0 0.36485 0.473808 0.0422692 0.175285 0.839149
0 0.394142 0.461719 0.0400445 0.188717 0.840873
0 0.557842 0.438885 0.0337412 0.175285 0.853266
0 0.683908 0.454668 0.0522803 0.185359 0.853926
0 0.767519 0.457354 0.0407861 0.15178 0.860908
0 0.273637 0.467764 0.0482017 0.175285 0.869326
0 0.730256 0.452989 0.0507972 0.169913 0.869632
0 0.247312 0.637005 0.0793474 0.169913 0.87293
0 0.770115 0.615178 0.0741565 0.15178 0.873315
0 0.633667 0.660175 0.0437523 0.198791 0.873542
0 0.321839 0.468771 0.0556174 0.175957 0.876583
0 0.23211 0.469443 0.0415276 0.153123 0.881436
0 0.296626 0.667226 0.0845384 0.195433 0.886229
0 0.724694 0.647079 0.0700779 0.176629 0.888936
0 0.673526 0.652451 0.06637 0.186031 0.894919
0 0.357434 0.680994 0.0837968 0.213566 0.902033
