0 0.912047 0.753526 0.0554324 0.112827 7.42449e-06
0 0.0301183 0.945937 0.04915 0.108126 7.44483e-06
0 0.162232 0.166891 0.0465632 0.10544 7.4643e-06
0 0.00295639 0.985225 0.00591279 0.02955 7.48405e-06
0 0.144309 0.737743 0.0528455 0.121558 7.49517e-06
0 0.00849963 0.708865 0.0169993 0.148422 7.55418e-06
0 0.786585 0.669241 0.0454545 0.120215 7.557e-06
0 0.961936 0.95131 0.0384331 0.0973808 7.67583e-06
0 0.157058 0.301545 0.0473023 0.134318 7.69648e-06
0 0.287324 0.48321 0.0432373 0.10544 7.71468e-06
0 0.787509 0.165547 0.045085 0.114842 7.73098e-06
0 0.838507 0.482874 0.0413895 0.123573 7.76484e-06
0 0.444013 0.979181 0.0388027 0.0416387 7.77463e-06
0 0.805987 0.836467 0.0591279 0.226326 7.789e-06
0 0.120103 1 0.0613452 0 7.79489e-06
0 0.738544 0.117864 0.0498891 0.120215 7.82487e-06
0 0.320214 0.936535 0.0306726 0.126931 7.83337e-06
0 0.937177 0.665883 0.0473023 0.13096 7.85109e-06
0 0.788803 1 0.0144124 0 7.86365e-06
0 0.997598 0.174614 0.00480414 0.224312 7.86542e-06
0 0.76238 0.255876 0.0443459 0.112827 7.8678e-06
0 0.975795 0.933177 0.0484109 0.133647 7.87516e-06
0 0.466741 0.249161 0.0532151 0.159839 7.89146e-06
0 0.461197 0.893889 0.0354767 0.100739 7.93272e-06
0 0.386733 0.036266 0.0447154 0.0725319 7.94097e-06
0 0.886548 0.0322364 0.0399113 0.0644728 7.95092e-06
0 0.461752 0.296172 0.0424982 0.106111 7.95227e-06
0 0.963415 0.665883 0.0443459 0.13096 7.9538e-06
0 0.187361 0.750168 0.0502587 0.106111 7.97111e-06
0 0.00868441 0.0916723 0.0173688 0.143049 7.98118e-06
0 0.935514 0.349899 0.0439763 0.126259 7.99932e-06
0 0.763119 0.211216 0.0428677 0.114842 8.02778e-06
0 0.0617147 0.996978 0.0118256 0.00604432 8.0772e-06
0 0.236327 0.0319006 0.0380636 0.0638012 8.119e-06
0 0.886733 0.665883 0.0439763 0.126931 8.12553e-06
0 0.186438 0.801209 0.0380636 0.102082 8.12634e-06
0 0.563008 0.162861 0.0528455 0.125588 8.1388e-06
0 0.255728 0.618872 0.0798226 0.25722 8.17924e-06
0 0.355506 0.784755 0.0643016 0.16454 8.20702e-06
0 0.185514 0.167562 0.045085 0.108126 8.2134e-06
0 0.662047 0.80591 0.0794531 0.150437 8.22737e-06
0 0.260902 0.760578 0.0428677 0.110813 8.23464e-06
0 0.0445307 0.368032 0.0535846 0.141034 8.26379e-06
0 0.350517 0.963734 0.0794531 0.0725319 8.27446e-06
0 0.0870288 0.0325722 0.0388027 0.0651444 8.32302e-06
0 0.542313 0.0513768 0.0572801 0.102754 8.32755e-06
0 0.789727 0.797179 0.0509978 0.110141 8.32832e-06
0 0.787509 0.756212 0.0436068 0.107455 8.33929e-06
0 0.362343 0.0745467 0.0469327 0.1182 8.34285e-06
0 0.819106 0.906313 0.0484109 0.180658 8.34399e-06
0 0.382299 0.361652 0.0528455 0.128274 8.34415e-06
0 0.235772 0.893553 0.0369549 0.104097 8.37385e-06
0 0.709719 0.438214 0.0454545 0.116185 8.38163e-06
0 0.386733 0.0742109 0.04915 0.118872 8.38321e-06
0 0.112158 0.879785 0.0284553 0.12223 8.39162e-06
0 0.758869 0.342848 0.0469327 0.120215 8.4017e-06
0 0.605322 0.741437 0.0273466 0.138348 8.4132e-06
0 0.861789 0.0322364 0.0399113 0.0644728 8.47195e-06
0 0.961567 0.439221 0.0487805 0.116857 8.48507e-06
0 0.493348 0.739758 0.0251293 0.16857 8.52214e-06
0 0.1432 0.693083 0.0395418 0.128946 8.54115e-06
0 0.987251 0.762257 0.0254989 0.209537 8.5629e-06
0 0.0105322 0.252518 0.0210643 0.137005 8.59229e-06
0 0.703622 0.369375 0.0473023 0.205507 8.59309e-06
0 0.0600517 0.982539 0.0269771 0.0349228 8.60586e-06
0 0.336659 0.0332438 0.0384331 0.0664876 8.61694e-06
0 0.86068 0.849228 0.0694752 0.243788 8.61725e-06
0 0.305617 0.982874 0.0118256 0.0342512 8.61793e-06
0 0.841463 0.347884 0.0428677 0.130289 8.64369e-06
0 0.244272 0.987911 0.0110865 0.0241773 8.68408e-06
0 0.437177 0.8227 0.0620843 0.194762 8.69064e-06
0 0.585551 0.0735393 0.0498891 0.114842 8.70222e-06
0 0.411123 0.893889 0.0402809 0.100739 8.70605e-06
0 0.987805 0.356615 0.0243902 0.239087 8.74605e-06
0 0.443459 0.254533 0.0473023 0.131632 8.75085e-06
0 0.132114 0.402955 0.0742794 0.308932 8.76611e-06
0 0.186622 0.0319006 0.0391722 0.0638012 8.7761e-06
0 0.811715 0.0332438 0.04102 0.0664876 8.78275e-06
0 0.562084 0.21088 0.0399113 0.126259 8.86058e-06
0 0.211382 0.0315648 0.0391722 0.0631296 8.87423e-06
0 0.906504 0.515782 0.0628234 0.216253 8.8917e-06
0 0.485218 0.799866 0.0310421 0.0873069 8.90423e-06
0 0.786401 0.120551 0.0458241 0.114842 8.93823e-06
0 0.758684 0.437878 0.0399113 0.127602 8.97223e-06
0 0.260902 0.893217 0.0406504 0.106111 9.02259e-06
0 0.836844 0.0325722 0.0402809 0.0651444 9.0431e-06
0 0.87269 0.0584285 0.0558019 0.116857 9.04507e-06
0 0.812639 0.577233 0.0495196 0.126931 9.08237e-06
0 0.964154 0.576897 0.0465632 0.120887 9.08359e-06
0 0.900961 0.965413 0.022912 0.0691739 9.09695e-06
0 0.236696 0.759234 0.0417591 0.109469 9.1218e-06
0 0.531227 0.764607 0.0373245 0.116185 9.12863e-06
0 0.53714 0.894896 0.033629 0.100067 9.13599e-06
0 0.585366 0.209872 0.045085 0.128274 9.14481e-06
0 0.736327 0.892545 0.04102 0.108798 9.16948e-06
0 0.0232816 0.6773 0.0465632 0.276024 9.17189e-06
0 0.677014 0.0691739 0.0613452 0.138348 9.20217e-06
0 0.932742 0.97045 0.0273466 0.0591001 9.22295e-06
0 0.817997 0.047683 0.0461936 0.095366 9.22498e-06
0 0.380451 0.762928 0.0439763 0.131632 9.25299e-06
0 0.786401 0.711887 0.0443459 0.107455 9.26288e-06
0 0.787509 0.212223 0.0443459 0.116857 9.28492e-06
0 0.211936 0.800537 0.0388027 0.102082 9.30973e-06
0 0.71323 0.815984 0.0783444 0.14775 9.3283e-06
0 0.990392 0.744124 0.0192166 0.232371 9.33005e-06
0 0.00868441 0.389523 0.0173688 0.15178 9.36017e-06
0 0.335551 0.982874 0.0125647 0.0342512 9.41551e-06
0 0.0777901 0.875084 0.0402809 0.0993956 9.41825e-06
0 0.903917 0.927468 0.0421286 0.112827 9.44337e-06
0 0.968588 1 0.022912 0 9.47211e-06
0 0.612343 0.255541 0.0458241 0.116185 9.47654e-06
0 0.811345 0.712223 0.0447154 0.109469 9.48503e-06
0 0.262749 0.846877 0.0428677 0.102082 9.51183e-06
0 0.935883 0.301545 0.0432373 0.123573 9.53139e-06
0 0.911493 0.349899 0.0447154 0.134318 9.53759e-06
0 0.126386 0.879113 0.0280857 0.120887 9.54062e-06
0 0.665743 0.987911 0.0136733 0.0241773 9.58208e-06
0 0.571877 0.752518 0.0447154 0.192747 9.58872e-06
0 0.361419 0.843183 0.0569106 0.106783 9.5913e-06
0 0.336659 0.883815 0.0539542 0.102082 9.63489e-06
0 0.657243 0.0584285 0.0395418 0.116857 9.64726e-06
0 0.238359 0.800201 0.0399113 0.102754 9.64948e-06
0 0.302476 0.907992 0.0646711 0.184016 9.66547e-06
0 0.414634 0.302216 0.0406504 0.108798 9.672e-06
0 0.274945 0.985561 0.0118256 0.0288784 9.67251e-06
0 0.687546 0.0349228 0.0417591 0.0698455 9.71511e-06
0 0.761456 0.0762257 0.0484109 0.110813 9.72816e-06
0 0.161493 0.0325722 0.0391722 0.0651444 9.76944e-06
0 0.834257 1 0.0158906 0 9.80096e-06
0 0.913156 0.795836 0.0480414 0.1182 9.80111e-06
0 0.0550628 0.937878 0.0236511 0.124244 9.80983e-06
0 0.0613452 0.995635 0.0687361 0.00873069 9.81087e-06
0 0.564671 0.309604 0.045085 0.120887 9.86865e-06
0 0.474686 0.0899933 0.0432373 0.158496 9.87733e-06
0 0.406504 0.763264 0.0399113 0.133647 9.88711e-06
0 0.486696 0.840833 0.0480414 0.095366 9.90498e-06
0 0.511271 0.893553 0.0314117 0.10141 9.95546e-06
0 0.145418 1 0.0521064 0 9.99816e-06
0 0.00831486 0.207522 0.0166297 0.155809 1.00112e-05
0 0.365484 0.982874 0.0125647 0.0342512 1.00208e-05
0 1 0.236736 0 0.172599 1.00391e-05
0 0.632668 0.92814 0.0465632 0.143721 1.00693e-05
0 0.537324 0.346877 0.0399113 0.100067 1.01089e-05
0 0.641722 0.991605 0.0417591 0.0167898 1.01121e-05
0 0.888211 0.574211 0.0439763 0.119543 1.01449e-05
0 0.687361 0.257891 0.0406504 0.111484 1.01662e-05
0 0.21286 0.757891 0.0384331 0.106783 1.01734e-05
0 0.136548 0.16454 0.0469327 0.103425 1.01874e-05
0 0.630451 0.968435 0.0798226 0.0631296 1.019e-05
0 0.961752 1 0.033629 0 1.02021e-05
0 0.316704 0.523842 0.0502587 0.100739 1.0231e-05
0 0.944013 0.997985 0.0535846 0.00402955 1.02455e-05
0 0.963784 0.0332438 0.0406504 0.0664876 1.02507e-05
0 0.587029 0.893889 0.0380636 0.0993956 1.02699e-05
0 0.211567 0.849228 0.0365854 0.0973808 1.02819e-05
0 0.325388 0.570181 0.0594974 0.153123 1.03116e-05
0 0.451589 0.0530557 0.0532151 0.106111 1.03155e-05
0 0.742794 0.35863 0.0502587 0.138348 1.03756e-05
0 0.212121 0.893553 0.0362158 0.100067 1.03933e-05
0 0.849963 0.989926 0.059867 0.0201478 1.04085e-05
0 0.58629 0.300537 0.0402809 0.108126 1.04182e-05
0 0.737805 0.66454 0.0476718 0.120215 1.046e-05
0 0.186253 0.894224 0.0391722 0.100067 1.04642e-05
0 0.462491 0.0355944 0.0424982 0.0711887 1.04765e-05
0 0.518293 0.0543989 0.0513673 0.108798 1.05027e-05
0 0.295455 0.364674 0.0454545 0.130289 1.05275e-05
0 0.964708 0.531565 0.0469327 0.116185 1.05277e-05
0 0.886364 0.75722 0.0424982 0.113499 1.05353e-05
0 0.00868441 0.526864 0.0173688 0.145735 1.05577e-05
0 0.744642 0.416387 0.0495196 0.146407 1.06354e-05
0 0.869919 0.966085 0.0236511 0.0678308 1.06496e-05
0 0.635994 0.985897 0.0133038 0.0282068 1.06638e-05
0 0.813562 0.256548 0.0447154 0.1182 1.06817e-05
0 0.266445 0.800537 0.0561715 0.12223 1.07294e-05
0 0.449557 0.962391 0.0838877 0.0752183 1.0741e-05
0 0.526238 0.923439 0.0517369 0.153123 1.08017e-05
0 0.286585 0.665883 0.0432373 0.10544 1.08028e-05
0 0.661863 0.755205 0.0421286 0.0946944 1.0813e-05
0 0.530673 0.994291 0.045085 0.0114171 1.08297e-05
0 0.762565 0.119208 0.0484109 0.116185 1.08566e-05
0 0.337768 0.350571 0.0391722 0.103425 1.0871e-05
0 0.0842572 0.420081 0.052476 0.155138 1.08913e-05
0 0.762195 0.893217 0.0388027 0.106111 1.09065e-05
0 0.586474 0.255205 0.0436068 0.115514 1.09312e-05
0 0.849409 1 0.0158906 0 1.09426e-05
0 0.501848 0.31632 0.0517369 0.153123 1.09545e-05
0 0.272912 0.999328 0.0816704 0.00134318 1.09903e-05
0 0.786585 0.032908 0.0417591 0.065816 1.09923e-05
0 0.375092 0.715581 0.0317812 0.139019 1.10395e-05
0 0.418145 0.0483546 0.0469327 0.0967092 1.10512e-05
0 0.389135 0.963734 0.0820399 0.0725319 1.10786e-05
0 0.617147 0.770987 0.0502587 0.166555 1.10843e-05
0 0.710458 0.208529 0.0388027 0.118872 1.10979e-05
0 0.98374 0.589657 0.0325203 0.268637 1.12051e-05
0 0.761086 0.802216 0.0432373 0.108126 1.12181e-05
0 0.963415 0.486232 0.0480414 0.1182 1.12352e-05
0 0.724501 0.462055 0.0668884 0.163868 1.12459e-05
0 0.486327 0.982203 0.0118256 0.0355944 1.12843e-05
0 0.899852 0.200134 0.0576497 0.134318 1.12924e-05
0 0.455839 0.982539 0.0121951 0.0349228 1.13187e-05
0 0.759978 0.755541 0.0454545 0.108798 1.13703e-05
0 0.386733 0.395232 0.0417591 0.098724 1.13875e-05
0 0.362158 0.543653 0.0569106 0.155138 1.14185e-05
0 0.358278 0.347549 0.0388027 0.10141 1.14257e-05
0 0.322801 0.310275 0.0439763 0.120887 1.14967e-05
0 0.0195861 0.936535 0.0391722 0.126931 1.15141e-05
0 0.181079 0.996642 0.0665189 0.00671592 1.15259e-05
0 0.509978 0.346541 0.0354767 0.102082 1.1543e-05
0 0.887842 0.256548 0.0454545 0.123573 1.15534e-05
0 0.645972 0.758227 0.0480414 0.138348 1.15929e-05
0 0.355691 0.549698 0.0373245 0.0879785 1.16049e-05
0 0.576312 0.982874 0.0121951 0.0342512 1.16497e-05
0 0.51626 0.982539 0.0118256 0.0349228 1.16551e-05
0 0.395233 0.983882 0.0129342 0.0322364 1.16574e-05
0 0.75813 0.389187 0.0395418 0.132304 1.1661e-05
0 0.775684 0.821021 0.0694752 0.126931 1.16714e-05
0 1 0.5 0 0.177972 1.16807e-05
0 0.543607 0.912022 0.0620843 0.175957 1.17502e-05
0 0.761826 0.847884 0.04102 0.108126 1.17717e-05
0 0.710089 0.892881 0.0432373 0.110813 1.18233e-05
0 0.860865 0.573875 0.0424982 0.120215 1.18907e-05
0 0.546194 0.982874 0.0118256 0.0342512 1.18965e-05
0 0.0365854 0.0322364 0.0399113 0.0644728 1.19091e-05
0 0.52088 0.607455 0.0284553 0.0946944 1.196e-05
0 0.625831 0.30994 0.04915 0.118872 1.19634e-05
0 0.323171 0.894896 0.0898004 0.180658 1.19666e-05
0 1 0.365346 0 0.175957 1.1972e-05
0 0.334996 0.942579 0.0402809 0.0946944 1.19982e-05
0 0.243163 0.653123 0.0620843 0.145735 1.20041e-05
0 0.459719 0.938549 0.0362158 0.0920081 1.20197e-05
0 0.77476 0.890866 0.108278 0.167226 1.20599e-05
0 0.494826 0.912693 0.0443459 0.174614 1.2153e-05
0 0.343865 0.994291 0.0402809 0.0114171 1.22489e-05
0 0.196231 0.98959 0.0465632 0.0208193 1.22564e-05
0 0.791574 0.990598 0.045085 0.0188046 1.22816e-05
0 0.61918 0.735729 0.0351072 0.102754 1.22862e-05
0 0.362343 0.634318 0.0402809 0.141706 1.2305e-05
0 0.852365 0.0809268 0.0890613 0.161854 1.23119e-05
0 0.425166 0.984218 0.0121951 0.0315648 1.234e-05
0 0.0824095 0.253526 0.0473023 0.133647 1.23879e-05
0 0.0118256 0.450302 0.0236511 0.183345 1.24737e-05
0 0.936068 0.576561 0.0487805 0.122901 1.24909e-05
0 0.285661 0.922095 0.0532151 0.155809 1.25473e-05
0 0.0569106 0.956347 0.0162602 0.0873069 1.25751e-05
0 0.0881375 0.95366 0.0166297 0.0926796 1.26378e-05
0 0.56153 0.0315648 0.0617147 0.0631296 1.26652e-05
0 0.391168 0.921424 0.0572801 0.157152 1.27574e-05
0 0.0824095 0.956347 0.164819 0.0873069 1.27612e-05
0 0.262195 0.477837 0.0454545 0.132304 1.27939e-05
0 0.631375 0.739422 0.0395418 0.119543 1.28286e-05
0 0.819106 1 0.0158906 0 1.28883e-05
0 0.592757 0.431833 0.0487805 0.204164 1.2909e-05
0 0.585735 0.794157 0.0458241 0.0960376 1.29105e-05
0 0.112343 0.0322364 0.0391722 0.0644728 1.29423e-05
0 0.317627 0.483546 0.0513673 0.102082 1.302e-05
0 0.711752 0.479516 0.0473023 0.112827 1.30294e-05
0 0.40983 0.931498 0.0554324 0.0926796 1.30613e-05
0 0.342942 0.393553 0.0561715 0.208193 1.30729e-05
0 0.53677 0.387508 0.04102 0.106111 1.31463e-05
0 0.305063 0.980524 0.0395418 0.0389523 1.32262e-05
0 0.706948 0.313298 0.0672579 0.21961 1.32292e-05
0 0.322247 0.640363 0.0509978 0.114842 1.32381e-05
0 0.579268 0.942915 0.0580192 0.114171 1.32918e-05
0 0.830746 0.83546 0.0606061 0.216253 1.33042e-05
0 0.837583 0.712223 0.0402809 0.110813 1.33396e-05
0 0.933666 0.917058 0.0550628 0.165883 1.33405e-05
0 0.284553 0.620551 0.0443459 0.108798 1.33508e-05
0 0.606061 0.985225 0.0133038 0.02955 1.33574e-05
0 0.990577 0.312626 0.018847 0.222297 1.33576e-05
0 0.863636 0.946273 0.128603 0.107455 1.33772e-05
0 0.812084 0.804567 0.0395418 0.111484 1.33852e-05
0 0.466001 0.922095 0.0546933 0.155809 1.33974e-05
0 0.909091 0.965413 0.0406504 0.0691739 1.3435e-05
0 0.361234 0.93452 0.0580192 0.0933512 1.34654e-05
0 0.310976 0.39456 0.0417591 0.108126 1.34794e-05
0 0.861604 0.913029 0.0617147 0.173942 1.3485e-05
0 0.0846268 1 0.0502587 0 1.34958e-05
0 0.855506 0.366689 0.111604 0.165212 1.35153e-05
0 0.885255 0.895903 0.0432373 0.107455 1.35893e-05
0 0.908352 0.992612 0.0606061 0.014775 1.3692e-05
0 0.923319 0.857958 0.0454545 0.112156 1.36992e-05
0 0.638027 0.841504 0.0513673 0.106111 1.37321e-05
0 0.912417 0.571525 0.0561715 0.114171 1.37767e-05
0 0.54527 0.980188 0.0654102 0.0396239 1.37888e-05
0 0.370103 0.895903 0.0461936 0.104768 1.38631e-05
0 0.110865 0.804231 0.0391722 0.0973808 1.39077e-05
0 0.611604 0.80188 0.037694 0.0993956 1.39249e-05
0 0.487435 0.393889 0.037694 0.106783 1.39272e-05
0 0.995935 0.974815 0.00813008 0.0503694 1.40503e-05
0 0.636733 0.893553 0.0436068 0.108126 1.40668e-05
0 0.860126 0.620215 0.0395418 0.121558 1.40899e-05
0 0.25425 0.521827 0.075388 0.179987 1.40916e-05
0 0.31153 0.936199 0.0532151 0.0940228 1.41326e-05
0 0.910569 0.25722 0.0413895 0.124916 1.41412e-05
0 0.836474 0.571525 0.0402809 0.123573 1.42444e-05
0 0.837398 0.666891 0.0347376 0.1182 1.43362e-05
0 0.605691 0.994291 0.0620843 0.0114171 1.43582e-05
0 0.196231 0.931162 0.037694 0.0893217 1.44623e-05
0 0.863452 0.510074 0.114191 0.179315 1.44821e-05
0 0.486511 0.931498 0.0498891 0.0886501 1.45379e-05
0 0.104398 0.939221 0.0269771 0.121558 1.45521e-05
0 0.980783 0.971793 0.0384331 0.0564137 1.45572e-05
0 0.789172 0.84822 0.0388027 0.107455 1.45623e-05
0 0.455469 0.40094 0.0498891 0.185359 1.45908e-05
0 0.568182 0.733378 0.0343681 0.108798 1.4626e-05
0 0.775129 0.531901 0.0543237 0.123573 1.46367e-05
0 0.544346 0.992612 0.0665189 0.014775 1.46433e-05
0 0.437916 0.349563 0.0369549 0.100067 1.46578e-05
0 0.736327 0.846877 0.0439763 0.107455 1.46634e-05
0 0.860126 0.758227 0.0402809 0.110141 1.47133e-05
0 0.460273 0.34822 0.0380636 0.100067 1.47801e-05
0 0.973947 0.997985 0.0521064 0.00402955 1.47972e-05
0 0.859017 0.242109 0.11493 0.169913 1.48237e-05
0 0.741131 0.309268 0.0476718 0.121558 1.4833e-05
0 0.694198 0.72364 0.0388027 0.179315 1.48347e-05
0 0.150776 0.820013 0.045085 0.1182 1.49254e-05
0 0.295824 0.420081 0.0498891 0.122901 1.49519e-05
0 0.939024 0.368704 0.101996 0.174614 1.5016e-05
0 0.484848 0.991269 0.0665189 0.0174614 1.50793e-05
0 0.811345 0.757891 0.04102 0.109469 1.50914e-05
0 0.163895 0.938214 0.0254989 0.123573 1.50918e-05
0 0.134146 0.939557 0.0258684 0.120887 1.5139e-05
0 0.86105 0.711216 0.0384331 0.110141 1.51633e-05
0 0.487251 0.347884 0.0365854 0.0993956 1.51644e-05
0 0.136548 0.0319006 0.0388027 0.0638012 1.51842e-05
0 0.803769 1 0.0155211 0 1.52064e-05
0 0.746674 0.529886 0.0535846 0.116857 1.52945e-05
0 0.753326 0.749496 0.104582 0.231028 1.53467e-05
0 0.154287 0.908664 0.0535846 0.138348 1.53781e-05
0 0.38507 0.939557 0.0443459 0.0926796 1.53864e-05
0 0.118625 0.377099 0.097561 0.159167 1.5402e-05
0 0.31153 0.667898 0.0443459 0.0946944 1.54801e-05
0 0.944752 0.507388 0.109017 0.182001 1.5495e-05
0 0.845159 0.609469 0.0317812 0.210208 1.55006e-05
0 0.586474 0.932505 0.052476 0.0920081 1.55329e-05
0 0.315041 0.067495 0.0594974 0.13499 1.55464e-05
0 0.561345 0.932841 0.052476 0.0899933 1.55504e-05
0 0.381005 0.887844 0.0872136 0.170584 1.55659e-05
0 0.338692 0.386837 0.0432373 0.103425 1.56248e-05
0 0.522173 0.548355 0.030303 0.098724 1.56368e-05
0 0.773466 1 0.0140429 0 1.56433e-05
0 0.909276 0.0530557 0.0454545 0.106111 1.57239e-05
0 0.0112712 0.332102 0.0225425 0.200806 1.57383e-05
0 0.838137 0.757891 0.0406504 0.109469 1.58018e-05
0 0.434405 0.971457 0.0424982 0.0570853 1.59358e-05
0 0.00277162 0.0523841 0.00554324 0.104768 1.59403e-05
0 0.205839 1 0.0532151 0 1.59574e-05
0 0.0120103 0.716253 0.0240207 0.212895 1.59844e-05
0 0.755358 0.047683 0.0465632 0.095366 1.59901e-05
0 0.244272 0.585964 0.0613452 0.137676 1.60104e-05
0 0.0663341 0.97683 0.0136733 0.0463398 1.60404e-05
0 0.2949 0.855272 0.0561715 0.122901 1.60405e-05
0 0.686253 0.893553 0.0436068 0.112156 1.60925e-05
0 0.288064 0.942243 0.0395418 0.0967092 1.61172e-05
0 0.885625 0.349563 0.0454545 0.139019 1.61411e-05
0 0.28252 0.745131 0.0905395 0.143049 1.61508e-05
0 0.986327 0.937878 0.0243902 0.122901 1.6249e-05
0 0.513119 0.034587 0.0417591 0.0691739 1.62575e-05
0 0.870103 0.75319 0.086844 0.132304 1.62632e-05
0 0.860495 0.666891 0.0380636 0.1182 1.62942e-05
0 0.865484 1 0.0576497 0 1.63456e-05
0 0.556356 0.429147 0.0424982 0.202821 1.63469e-05
0 0.372506 0.800201 0.0606061 0.112156 1.63719e-05
0 0.636918 0.804231 0.0402809 0.104097 1.64257e-05
0 0.011456 0.627602 0.022912 0.200806 1.64319e-05
0 0.432003 0.318334 0.0532151 0.142377 1.64498e-05
0 0.667036 0.992948 0.0620843 0.0141034 1.65592e-05
0 0.695861 0.872062 0.0946046 0.206179 1.65677e-05
0 0.194937 0.816655 0.0609756 0.174614 1.66026e-05
0 0.840909 0.199463 0.0609756 0.131632 1.6668e-05
0 0.560237 0.792814 0.0436068 0.0920081 1.67043e-05
0 0.863082 0.346206 0.04915 0.126931 1.6738e-05
0 0.735403 0.758227 0.0458241 0.102082 1.67391e-05
0 0.446046 0.734385 0.0280857 0.161854 1.68405e-05
0 1 0.637676 0 0.176629 1.68516e-05
0 0.0463784 0.928475 0.0447154 0.13499 1.68757e-05
0 0.586659 0.870047 0.0750185 0.245131 1.69908e-05
0 0.126201 0.258563 0.071323 0.131632 1.70813e-05
0 0.294346 0.803224 0.0543237 0.120887 1.71181e-05
0 0.648559 0.40732 0.0480414 0.141706 1.7153e-05
0 0.536401 0.932841 0.0513673 0.0913365 1.7229e-05
0 1 0.75957 0 0.167898 1.72363e-05
0 0.425166 0.992948 0.0654102 0.0141034 1.72715e-05
0 0.947709 1 0.0328899 0 1.73534e-05
0 0.92184 0.954332 0.120103 0.0913365 1.73885e-05
0 0.838692 0.968099 0.0269771 0.0638012 1.74272e-05
0 0.0219882 0.24278 0.0439763 0.22767 1.74424e-05
0 0.612713 0.350907 0.0458241 0.0973808 1.74776e-05
0 0.261086 0.941236 0.0388027 0.10141 1.74781e-05
0 0.789727 0.895232 0.0369549 0.104768 1.74997e-05
0 0.323725 0.804567 0.052476 0.12223 1.75119e-05
0 0.103104 0.840833 0.0569106 0.194762 1.75763e-05
0 0.985588 0.826394 0.0288248 0.139019 1.76023e-05
0 0.862897 0.894896 0.116778 0.153794 1.76287e-05
0 0.768108 0.71088 0.0750185 0.132304 1.76299e-05
0 0.934405 0.393889 0.056541 0.112156 1.76822e-05
0 0.324834 0.855272 0.0561715 0.122901 1.77439e-05
0 0.636179 0.938885 0.0424982 0.102082 1.78425e-05
0 0.00794531 0.0725319 0.0158906 0.124916 1.78585e-05
0 0.864006 0.526864 0.0421286 0.117529 1.79244e-05
0 0.745935 0.472465 0.0498891 0.121558 1.7978e-05
0 0.905395 0.821692 0.0657797 0.237072 1.7983e-05
0 0.857539 0.469107 0.0521064 0.211551 1.80236e-05
0 0.182373 0.71726 0.0683666 0.1182 1.804e-05
0 0.727458 0.993284 0.0609756 0.0134318 1.80892e-05
0 0.666297 0.49597 0.0288248 0.117529 1.81097e-05
0 0.563378 0.956011 0.159276 0.0879785 1.81884e-05
0 0.907428 0.427468 0.0661493 0.222297 1.82012e-05
0 0.928123 0.0755541 0.0809313 0.151108 1.82372e-05
0 0.848854 0.0496978 0.0517369 0.0993956 1.82875e-05
0 0.64357 0.0463398 0.0454545 0.0926796 1.83746e-05
0 0.339061 0.242109 0.0602365 0.187374 1.83865e-05
0 0.0543237 0.962391 0.0761271 0.0752183 1.84218e-05
0 0.734294 0.800873 0.0458241 0.106783 1.84384e-05
0 0.935698 0.530222 0.0487805 0.116185 1.84456e-05
0 0.250185 0.710208 0.0702143 0.128274 1.84703e-05
0 0.631559 0.897246 0.0672579 0.157152 1.85356e-05
0 0.278825 0.448287 0.0594974 0.145735 1.85792e-05
0 0.243163 0.994963 0.0665189 0.0100739 1.86354e-05
0 0.503326 0.955339 0.160384 0.0893217 1.86793e-05
0 0.417775 0.366689 0.0476718 0.114171 1.87967e-05
0 0.477273 0.964741 0.0594974 0.0705171 1.88366e-05
0 0.586474 0.390195 0.0443459 0.104768 1.89434e-05
0 0.0221729 0.313969 0.0443459 0.137676 1.89903e-05
0 0.618441 0.851914 0.0831486 0.237072 1.90351e-05
0 0.662786 0.892545 0.0447154 0.111484 1.9105e-05
0 0.772912 0.496306 0.078714 0.15178 1.91941e-05
0 0.508684 0.709872 0.0314117 0.127602 1.92589e-05
0 0.934775 0.0554063 0.0558019 0.110813 1.92666e-05
0 0.568921 0.6182 0.0277162 0.102754 1.92688e-05
0 0.897081 0.804903 0.0447154 0.112156 1.93233e-05
0 0.567073 0.360309 0.0469327 0.121558 1.93291e-05
0 0.445122 0.902619 0.0521064 0.111484 1.94441e-05
0 0.985772 0.376427 0.0284553 0.207522 1.95016e-05
0 0.330192 0.952317 0.0558019 0.095366 1.95088e-05
0 0.107169 0.764943 0.0628234 0.220282 1.95321e-05
0 0.510347 0.931833 0.0487805 0.0879785 1.95421e-05
0 0.4551 0.96004 0.0439763 0.0799194 1.95886e-05
0 0.612343 0.932169 0.0539542 0.0940228 1.96061e-05
0 0.0242055 0.251175 0.0484109 0.141034 1.96191e-05
0 0.711013 0.803559 0.0465632 0.106783 1.96265e-05
0 0.257945 0.918066 0.0554324 0.163868 1.96394e-05
0 0.36031 0.306582 0.0620843 0.129617 1.96795e-05
0 0.587214 0.954332 0.0288248 0.0913365 1.97397e-05
0 0.629527 0.973136 0.0617147 0.0537273 1.97663e-05
0 0.526053 0.952653 0.0269771 0.0946944 1.98202e-05
0 0.895048 0.726998 0.0657797 0.116185 1.99819e-05
0 0.601626 0.923774 0.0546933 0.152451 1.99958e-05
0 0.896526 0.304231 0.0591279 0.130289 1.9998e-05
0 0.0803769 0.576897 0.0476718 0.120887 2.00478e-05
0 0.606245 0.522498 0.0240207 0.1182 2.00876e-05
0 0.0818551 0.906985 0.0831486 0.186031 2.01867e-05
0 0.715817 0.518133 0.067997 0.137676 2.02696e-05
0 0.202143 0.929147 0.0709534 0.139019 2.02737e-05
0 0.546009 0.943586 0.0957132 0.112827 2.03564e-05
0 0.535292 0.798187 0.0321508 0.0879785 2.03695e-05
0 0.367886 0.951645 0.0550628 0.0967092 2.03874e-05
0 0.606984 0.551377 0.033629 0.0993956 2.05029e-05
0 0.141722 0.863331 0.0498891 0.128274 2.05794e-05
0 0.474871 0.366689 0.0458241 0.1182 2.06976e-05
0 0.193829 0.939893 0.0269771 0.120215 2.07162e-05
0 0.658537 0.966085 0.0339985 0.0678308 2.07569e-05
0 0.985957 0.886837 0.0280857 0.126931 2.07604e-05
0 0.837214 0.619879 0.0306726 0.124916 2.0775e-05
0 0.095898 0.971457 0.0750185 0.0570853 2.08459e-05
0 0.465817 0.952989 0.0269771 0.0940228 2.09012e-05
0 1 0.866689 0 0.169913 2.0919e-05
0 0.0133038 0.356279 0.0266075 0.136333 2.10181e-05
0 0.429786 0.932505 0.0569106 0.13499 2.11546e-05
0 0.0766815 0.820013 0.0484109 0.145064 2.11827e-05
0 0.709165 0.955003 0.0310421 0.0899933 2.12146e-05
0 0.442535 0.957018 0.156319 0.0859637 2.13147e-05
0 0.511271 0.798858 0.0306726 0.0852921 2.13696e-05
0 0.391353 0.973136 0.0672579 0.0537273 2.13728e-05
0 0.364745 0.993956 0.0643016 0.0120886 2.13837e-05
0 0.561345 0.393889 0.037694 0.109469 2.13979e-05
0 0.136179 0.900604 0.133407 0.198791 2.14482e-05
0 0.120473 0.821357 0.037694 0.0926796 2.15067e-05
0 0.608093 0.887844 0.0447154 0.111484 2.15468e-05
0 0.584627 0.711551 0.0266075 0.13499 2.16919e-05
0 0.932003 0.953324 0.0421286 0.0933512 2.16931e-05
0 0.208056 0.875756 0.0458241 0.218939 2.17003e-05
0 0.435514 0.952653 0.0269771 0.0946944 2.1712e-05
0 0.111604 0.0631296 0.059867 0.126259 2.18205e-05
0 0.0511826 0.916387 0.0875831 0.167226 2.18282e-05
0 0.711567 0.758563 0.0461936 0.100067 2.19056e-05
0 0.947524 0.938549 0.0480414 0.122901 2.1964e-05
0 0.742794 0.584621 0.0591279 0.114842 2.19972e-05
0 0.987805 0.175285 0.0243902 0.194762 2.20454e-05
0 0.942905 0.25319 0.0646711 0.131632 2.20968e-05
0 0.41833 0.958697 0.0443459 0.0826058 2.21955e-05
0 0.84442 0.834453 0.0672579 0.120215 2.2229e-05
0 0.637657 0.351578 0.0402809 0.098724 2.24821e-05
0 0.986696 0.164876 0.0266075 0.120215 2.25633e-05
0 0.585181 0.349228 0.0417591 0.0980524 2.26187e-05
0 0.997967 0.0580927 0.00406504 0.116185 2.26311e-05
0 0.344605 0.86266 0.078714 0.172599 2.26509e-05
0 0.304509 0.99362 0.0635625 0.0127602 2.27176e-05
0 0.104028 0.907992 0.0543237 0.139691 2.27559e-05
0 0.926275 1 0.0587583 0 2.27647e-05
0 0.898004 0.612827 0.0628234 0.133647 2.279e-05
0 0.404656 0.437878 0.0399113 0.1182 2.29148e-05
0 0.255174 0.251511 0.0646711 0.187374 2.29393e-05
0 0.863821 0.392881 0.0484109 0.124916 2.29495e-05
0 0.592387 0.0470114 0.0480414 0.0940228 2.29983e-05
0 0.662417 0.806246 0.0424982 0.106783 2.30055e-05
0 0.40558 0.953324 0.0277162 0.0933512 2.30752e-05
0 0.375831 0.95366 0.0280857 0.0926796 2.30848e-05
0 0.623614 1 0.0594974 0 2.31033e-05
0 0.470067 0.937542 0.0960828 0.124916 2.32283e-05
0 0.519032 0.454332 0.0314117 0.137676 2.33295e-05
0 0.27439 0.583613 0.0654102 0.131632 2.3523e-05
0 0.622321 0.942915 0.101256 0.114171 2.37528e-05
0 0.682557 0.522162 0.0406504 0.163197 2.38695e-05
0 0.263673 0.957018 0.160754 0.0859637 2.40464e-05
0 0.564302 1 0.0591279 0 2.40541e-05
0 0.736511 0.939893 0.052476 0.0946944 2.40676e-05
0 0.84017 0.300873 0.0543237 0.119543 2.40898e-05
0 0.571877 0.922095 0.0535846 0.155809 2.4113e-05
0 0.0212491 0.380121 0.0424982 0.208193 2.41506e-05
0 0.25813 0.885494 0.0934959 0.171256 2.41871e-05
0 0.663156 0.847549 0.0454545 0.106111 2.44161e-05
0 0.53714 0.0335796 0.0447154 0.0671592 2.44227e-05
0 0.0164449 0.0601075 0.0328899 0.120215 2.44402e-05
0 0.503695 1 0.0583888 0 2.44459e-05
0 0.341833 0.564809 0.0495196 0.108798 2.44542e-05
0 0.985957 0.755205 0.022912 0.139019 2.44852e-05
0 0.866962 0.633311 0.0813008 0.146407 2.46134e-05
0 0.912417 0.530557 0.0458241 0.114171 2.47693e-05
0 0.797302 0.0564137 0.0668884 0.112827 2.48004e-05
0 0.987805 0.470114 0.0243902 0.184016 2.4859e-05
0 0.104028 0.882136 0.0986696 0.180658 2.48856e-05
0 0.0232816 0.579248 0.0465632 0.124244 2.49689e-05
0 0.947709 1 0.0321508 0 2.50107e-05
0 0.490761 0.894224 0.0421286 0.10544 2.51311e-05
0 0.241131 0.927804 0.0447154 0.141706 2.53027e-05
0 0.775314 0.636669 0.0546933 0.132975 2.5362e-05
0 0.233001 0.97045 0.0535846 0.0591001 2.53819e-05
0 0.43071 0.88818 0.0417591 0.10141 2.55109e-05
0 0.836474 0.516118 0.0609756 0.13499 2.55231e-05
0 0.208426 0.503022 0.0709534 0.142377 2.55587e-05
0 0.710828 0.844527 0.0469327 0.10544 2.56894e-05
0 0.723947 0.389187 0.0620843 0.163197 2.57089e-05
0 0.0522912 0.473136 0.0572801 0.117529 2.57922e-05
0 0.384516 0.857287 0.0550628 0.117529 2.58355e-05
0 0.499261 0.882807 0.0872136 0.153794 2.58654e-05
0 0.910754 0.959705 0.0617147 0.080591 2.61167e-05
0 0.147081 0.95769 0.0199557 0.0846206 2.61577e-05
0 0.990207 0.852921 0.0195861 0.174614 2.61898e-05
0 0.835551 0.804231 0.0413895 0.10544 2.63373e-05
0 0.935144 0.483546 0.04915 0.1182 2.63768e-05
0 0.391907 0.955675 0.04915 0.0886501 2.64021e-05
0 0.551367 0.892545 0.0421286 0.106111 2.64034e-05
0 0.184405 0.614506 0.0620843 0.130289 2.64645e-05
0 0.116408 0.86266 0.0502587 0.133647 2.66572e-05
0 0.814302 0.848892 0.0395418 0.106111 2.67006e-05
0 0.685514 1 0.059867 0 2.67267e-05
0 0.761826 0.942915 0.0380636 0.0993956 2.67325e-05
0 0.977273 1 0.0365854 0 2.67723e-05
0 0.686253 0.803895 0.0569106 0.128946 2.68036e-05
0 0.555432 0.955003 0.0509978 0.0899933 2.68732e-05
0 0.177199 0.954332 0.018847 0.0913365 2.69604e-05
0 0.425166 0.190396 0.0484109 0.121558 2.71042e-05
0 0.345898 0.954332 0.0288248 0.0913365 2.71372e-05
0 0.0223577 0.530557 0.0447154 0.124916 2.71626e-05
0 0.182003 0.300201 0.0558019 0.115514 2.72392e-05
0 0.0212491 0.692075 0.0380636 0.144392 2.72595e-05
0 0.951774 0.636333 0.0757576 0.141706 2.72819e-05
0 0.858832 0.895903 0.0436068 0.103425 2.7304e-05
0 0.888766 0.529214 0.0458241 0.110141 2.73391e-05
0 0.439394 0.880121 0.0842572 0.163197 2.73393e-05
0 0.132668 0.505037 0.0702143 0.141034 2.74189e-05
0 0.242609 0.299194 0.056541 0.121558 2.74633e-05
0 0.0960828 0.878778 0.0332594 0.133647 2.75234e-05
0 0.443089 1 0.0583888 0 2.76306e-05
0 0.681449 0.720282 0.0428677 0.132304 2.76921e-05
0 0.341094 0.702485 0.052476 0.100739 2.77113e-05
0 0.84017 0.260913 0.0424982 0.121558 2.77188e-05
0 0.813747 0.895567 0.0362158 0.108126 2.7777e-05
0 0.609202 0.968435 0.0484109 0.0631296 2.78203e-05
0 0.79102 0.192411 0.0772358 0.145735 2.79392e-05
0 0.026238 0.503694 0.052476 0.205507 2.79547e-05
0 0.260717 0.529214 0.0461936 0.126259 2.79559e-05
0 0.408906 0.549362 0.0203252 0.119543 2.79767e-05
0 0.296563 0.303559 0.0543237 0.1182 2.80075e-05
0 0.18034 0.894224 0.09017 0.163197 2.8202e-05
0 0.323171 0.369375 0.0447154 0.12223 2.82458e-05
0 0.835181 0.40732 0.0576497 0.13499 2.83061e-05
0 0.549704 0.844527 0.0801922 0.222297 2.83176e-05
0 0.684775 0.845534 0.0487805 0.103425 2.83866e-05
0 0.125647 0.312626 0.0561715 0.118872 2.85153e-05
0 0.986142 0.695433 0.0277162 0.226326 2.86058e-05
0 0.185698 0.0580927 0.0646711 0.116185 2.86431e-05
0 0.988729 0.912693 0.0225425 0.108798 2.90296e-05
0 0.780118 0.927804 0.0561715 0.144392 2.91407e-05
0 0.808204 0.969443 0.0280857 0.0611148 2.92875e-05
0 0.26238 0.633983 0.0554324 0.137005 2.92879e-05
0 0.834257 0.612492 0.0691057 0.149093 2.93182e-05
0 0.264412 1 0.0558019 0 2.93186e-05
0 0.0722469 0.513432 0.0484109 0.19812 2.9718e-05
0 0.557095 0.622901 0.0218034 0.10544 2.97236e-05
0 0.842757 0.901612 0.0572801 0.196776 2.97632e-05
0 0.0620843 0.0517126 0.0554324 0.103425 2.98305e-05
0 0.744272 1 0.059867 0 2.99404e-05
0 0.313193 0.975823 0.0668884 0.0483546 3.025e-05
0 0.203622 0.384486 0.067997 0.122901 3.05948e-05
0 0.360865 0.188381 0.0543237 0.132304 3.05961e-05
0 0.44272 0.943922 0.0473023 0.112156 3.05999e-05
0 0.505543 0.953324 0.0502587 0.0933512 3.06395e-05
0 0.71748 0.0466756 0.0417591 0.0933512 3.0781e-05
0 0.835366 0.848892 0.0380636 0.104768 3.08213e-05
0 0.277347 0.392881 0.0624538 0.131632 3.09796e-05
0 0.11881 0.205171 0.0668884 0.132304 3.14235e-05
0 0.987435 0.346541 0.0251293 0.115514 3.14314e-05
0 0.534368 0.858294 0.0436068 0.112827 3.15044e-05
0 0.499446 0.0681666 0.0528455 0.136333 3.16145e-05
0 0.00591279 0.0409671 0.0118256 0.0819342 3.16496e-05
0 0.414819 0.247817 0.0631929 0.131632 3.16698e-05
0 0.789911 0.938885 0.0498891 0.0913365 3.18669e-05
0 0.689394 0.30994 0.0484109 0.116185 3.18996e-05
0 0.1966 0.259906 0.0687361 0.119543 3.19834e-05
0 0.748522 0.965413 0.0254989 0.0691739 3.20364e-05
0 0.300443 0.195433 0.0517369 0.126259 3.22182e-05
0 0.886179 0.482874 0.0465632 0.1182 3.22365e-05
0 1 0.998993 0 0.00201478 3.23284e-05
0 0.777531 0.581934 0.0583888 0.128274 3.24304e-05
0 0.593681 0.735393 0.0373245 0.115514 3.27853e-05
0 0.0436068 0.957354 0.0421286 0.0852921 3.2893e-05
0 0.641907 0.252854 0.0643016 0.159167 3.30521e-05
0 0.986327 0.80188 0.0273466 0.132975 3.30832e-05
0 0.984664 0.961383 0.0306726 0.077233 3.33523e-05
0 0.00979305 0.859637 0.0195861 0.239087 3.34111e-05
0 0.352919 0.244795 0.0561715 0.129617 3.34809e-05
0 0.0101626 0.783412 0.0203252 0.229013 3.36234e-05
0 0.837214 0.726998 0.0720621 0.118872 3.36439e-05
0 0.866408 0.961719 0.0432373 0.0765615 3.36813e-05
0 0.605691 0.191068 0.0569106 0.126931 3.37805e-05
0 0.0109017 0.129281 0.0218034 0.208865 3.37843e-05
0 0.383038 1 0.0572801 0 3.37923e-05
0 0.56578 0.257891 0.059867 0.142377 3.38129e-05
0 0.504989 0.176293 0.0484109 0.234385 3.38956e-05
0 0.504435 0.858966 0.0443459 0.110141 3.39078e-05
0 0.986696 0.211887 0.0251293 0.124244 3.3973e-05
0 0.911678 0.395903 0.0539542 0.120215 3.41133e-05
0 0.181079 0.203492 0.0613452 0.131632 3.42976e-05
0 0.781781 0.241101 0.0661493 0.139691 3.43757e-05
0 0.932742 0.438549 0.0509978 0.115514 3.45914e-05
0 0.986511 0.707858 0.0269771 0.126259 3.46622e-05
0 0.865669 0.482203 0.0388027 0.114171 3.47302e-05
0 0.460458 0.731699 0.0502587 0.204835 3.48588e-05
0 0.117147 0.730356 0.0657797 0.116185 3.5062e-05
0 0.0227273 0.47448 0.0454545 0.125588 3.5117e-05
0 0.00776053 0.820685 0.0155211 0.128946 3.5218e-05
0 0.486327 0.971793 0.0436068 0.0564137 3.53872e-05
0 0.687546 0.964406 0.0232816 0.0711887 3.55402e-05
0 0.603474 0.309268 0.0606061 0.125588 3.56664e-05
0 0.841463 0.96407 0.0406504 0.0718603 3.57042e-05
0 0.323355 1 0.0583888 0 3.58646e-05
0 0.242979 0.411014 0.0580192 0.131632 3.59751e-05
0 0.986881 0.438549 0.026238 0.111484 3.62927e-05
0 0.419253 0.544997 0.0314117 0.109469 3.65064e-05
0 0.627494 0.962391 0.0221729 0.0752183 3.65317e-05
0 0.180155 0.507723 0.0602365 0.141034 3.66312e-05
0 0.389135 0.709201 0.0436068 0.137005 3.69326e-05
0 0.206393 0.756212 0.0838877 0.132975 3.70426e-05
0 0.951035 0.89221 0.0772358 0.117529 3.7207e-05
0 0.717849 0.964406 0.0240207 0.0711887 3.72227e-05
0 0.566149 0.858294 0.0473023 0.112827 3.73137e-05
0 0.132114 0.626931 0.0683666 0.136333 3.735e-05
0 0.270325 0.255876 0.063932 0.124916 3.74368e-05
0 0.207502 0.953996 0.018847 0.0920081 3.74484e-05
0 0.779933 0.306582 0.0550628 0.112156 3.74509e-05
0 0.890244 0.848556 0.052476 0.151108 3.74922e-05
0 0.657058 0.370719 0.0458241 0.110141 3.75398e-05
0 0.991131 0.561786 0.0177384 0.215581 3.75679e-05
0 0.00628234 0.189389 0.0125647 0.155809 3.78021e-05
0 0.87306 0.962055 0.0764967 0.0758899 3.78525e-05
0 0.855137 0.287441 0.052476 0.184016 3.78741e-05
0 0.888396 0.395232 0.0539542 0.121558 3.82657e-05
0 0.116593 0.940564 0.0269771 0.118872 3.83476e-05
0 0.985957 0.845198 0.0214339 0.149765 3.84638e-05
0 0.912971 0.484218 0.0484109 0.119543 3.85576e-05
0 0.288987 0.495635 0.0643016 0.175957 3.86234e-05
0 0.83592 0.893889 0.0391722 0.103425 3.89199e-05
0 0.17646 0.40732 0.056541 0.137676 3.8933e-05
0 0.666112 0.315984 0.0513673 0.13096 3.89408e-05
0 0.245011 0.197448 0.0546933 0.127602 3.89462e-05
0 0.978381 0.0567495 0.04102 0.113499 3.90644e-05
0 0.643755 0.680994 0.0354767 0.12223 3.91341e-05
0 0.597746 0.96004 0.0210643 0.0799194 3.91859e-05
0 0.568182 0.95769 0.0195861 0.0846206 3.92464e-05
0 0.224501 0.900269 0.0484109 0.16051 3.93197e-05
0 0.657243 0.964406 0.0232816 0.0711887 3.94707e-05
0 0.475795 0.308261 0.0476718 0.112827 3.96449e-05
0 0.208795 0.620887 0.0776053 0.140363 3.96758e-05
0 0.558574 0.709872 0.0203252 0.161182 3.98571e-05
0 0.804509 0.962055 0.075388 0.0758899 3.99176e-05
0 0.58592 0.973136 0.0447154 0.0537273 3.99232e-05
0 0.537509 0.973136 0.0461936 0.0537273 3.99371e-05
0 0.62306 0.858294 0.0591279 0.114171 3.99815e-05
0 0.511826 0.972129 0.0436068 0.0557421 4.01229e-05
0 0.0221729 0.629617 0.0443459 0.143049 4.01733e-05
0 0.813008 0.942243 0.037694 0.100739 4.04748e-05
0 0.538064 0.956347 0.0192166 0.0873069 4.04824e-05
0 0.418514 0.733378 0.0380636 0.134318 4.05348e-05
0 0.129897 0.763264 0.0750185 0.128274 4.05975e-05
0 0.11881 0.406649 0.0498891 0.129617 4.0622e-05
0 0.864375 0.439557 0.0391722 0.122901 4.06512e-05
0 0.41371 0.812626 0.071323 0.192075 4.07702e-05
0 0.986511 0.297851 0.0269771 0.112156 4.08664e-05
0 0.361789 0.971457 0.0473023 0.0570853 4.09633e-05
0 0.77827 0.969107 0.0288248 0.0617864 4.10516e-05
0 0.343865 0.664876 0.0572801 0.102082 4.1307e-05
0 0.18071 0.846206 0.0495196 0.154466 4.15162e-05
0 0.407058 0.638684 0.0388027 0.124916 4.17999e-05
0 0.959165 0.759234 0.0816704 0.137676 4.2272e-05
0 0.477827 0.956347 0.0192166 0.0873069 4.24014e-05
0 0.594789 0.859637 0.0521064 0.114171 4.24576e-05
0 0.375831 0.641034 0.0421286 0.102754 4.26633e-05
0 0.874538 0.874412 0.0550628 0.158496 4.29374e-05
0 0.447524 0.957018 0.0199557 0.0859637 4.29862e-05
0 0.0572801 0.203156 0.0635625 0.128274 4.33454e-05
0 0.368995 0.51679 0.0314117 0.108126 4.33532e-05
0 0.956578 0.982874 0.0631929 0.0342512 4.33828e-05
0 0.775684 0.049362 0.0569106 0.098724 4.39915e-05
0 0.386733 0.958697 0.0210643 0.0826058 4.39934e-05
0 0.502402 0.399933 0.0484109 0.13096 4.40159e-05
0 0.953806 1 0.0199557 0 4.40813e-05
0 0.237435 0.955003 0.018847 0.0899933 4.41239e-05
0 0.415373 0.857958 0.0517369 0.116185 4.4127e-05
0 0.614006 0.0449966 0.0506282 0.0899933 4.41481e-05
0 0.628049 0.677972 0.0380636 0.136333 4.42663e-05
0 0.543976 0.622901 0.0258684 0.0893217 4.42719e-05
0 0.688655 0.965077 0.0757576 0.0698455 4.43464e-05
0 0.777716 0.369711 0.0654102 0.141706 4.4564e-05
0 0.110865 0.605776 0.0546933 0.12223 4.4727e-05
0 0.417036 0.958026 0.0203252 0.083949 4.47292e-05
0 0.986881 0.663868 0.0232816 0.133647 4.5161e-05
0 0.986327 0.264943 0.0273466 0.222297 4.53594e-05
0 0.562454 0.973472 0.0458241 0.0530557 4.5378e-05
0 0.0606061 0.312962 0.0569106 0.1182 4.56997e-05
0 0.888581 0.438214 0.0454545 0.128274 4.57402e-05
0 0.537879 0.319006 0.0572801 0.1182 4.58801e-05
0 0.661863 0.868368 0.0643016 0.182673 4.60173e-05
0 0.733555 0.0446608 0.0509978 0.0893217 4.61406e-05
0 0.0504435 0.731363 0.0617147 0.115514 4.63179e-05
0 0.83592 0.965077 0.0776053 0.0698455 4.64988e-05
0 0.963784 0.972801 0.0436068 0.0543989 4.65297e-05
0 0.97986 0.516454 0.0402809 0.171927 4.65582e-05
0 0.712491 0.357287 0.0473023 0.12223 4.68015e-05
0 0.507576 0.957018 0.0195861 0.0859637 4.68632e-05
0 0.483001 0.191404 0.0443459 0.112827 4.69697e-05
0 0.686622 0.36501 0.0502587 0.117529 4.75183e-05
0 0.598485 0.755876 0.063932 0.16454 4.7858e-05
0 0.97949 0.403291 0.04102 0.13096 4.78939e-05
0 0.432557 0.046004 0.0447154 0.0920081 4.78958e-05
0 0.533999 0.709872 0.0362158 0.184016 4.8496e-05
0 0.665188 0.591672 0.0465632 0.107455 4.90665e-05
0 0.356061 0.959369 0.0218034 0.0812626 4.96087e-05
0 0.402624 0.0577569 0.0617147 0.115514 5.02077e-05
0 0.724686 0.96004 0.0539542 0.0799194 5.02554e-05
0 0.745011 0.949631 0.0835181 0.100739 5.03387e-05
0 0.988729 0.10544 0.0225425 0.186702 5.03891e-05
0 0.313008 0.0416387 0.0480414 0.0832774 5.09922e-05
0 0.305617 0.954668 0.0509978 0.0906649 5.10252e-05
0 0.473023 0.859302 0.0465632 0.106783 5.10737e-05
0 0.616778 0.399261 0.0480414 0.0960376 5.12867e-05
0 0.0574649 0.405641 0.0609756 0.128946 5.16091e-05
0 0.986696 0.485225 0.0266075 0.113499 5.18664e-05
0 0.0197709 0.753862 0.0395418 0.136333 5.18878e-05
0 0.919254 0.872398 0.0631929 0.229684 5.20065e-05
0 0.456393 0.728005 0.0258684 0.139691 5.20632e-05
0 0.986696 0.52955 0.0266075 0.114842 5.20839e-05
0 0.276423 0.968099 0.0731707 0.0638012 5.20983e-05
0 0.985218 0.064137 0.0295639 0.128274 5.24421e-05
0 0.642646 0.525185 0.0295639 0.104768 5.27176e-05
0 0.501478 0.258899 0.0576497 0.128274 5.27843e-05
0 0.259793 0.0540631 0.0591279 0.108126 5.27982e-05
0 0.618071 0.95366 0.0461936 0.0926796 5.34109e-05
0 0.984664 0.861652 0.0306726 0.276696 5.41287e-05
0 0.457132 0.396239 0.0369549 0.0967092 5.42428e-05
0 0.720067 0.310611 0.0550628 0.114842 5.44544e-05
0 0.936807 0.969778 0.0421286 0.0604433 5.49593e-05
0 0.988174 0.0742109 0.0236511 0.104097 5.5137e-05
0 0.661678 0.194426 0.0535846 0.124244 5.52474e-05
0 0.750554 0.629617 0.0694752 0.141706 5.52974e-05
0 0.918145 0.938549 0.0550628 0.122901 5.54342e-05
0 0.725795 0.196776 0.0583888 0.123573 5.54735e-05
0 0.54065 0.195769 0.0509978 0.110813 5.5533e-05
0 0.320584 0.715917 0.0602365 0.142377 5.67596e-05
0 0.669069 0.937542 0.0498891 0.124916 5.69156e-05
0 0.0127494 1 0.0254989 0 5.71031e-05
0 0.986881 0.574882 0.0254989 0.12223 5.71582e-05
0 0.0249446 0.0664876 0.0498891 0.132975 5.73084e-05
0 0.657613 0.684016 0.0521064 0.167226 5.7803e-05
0 0.0609756 0.872733 0.0480414 0.16857 5.81671e-05
0 0.296009 0.959705 0.0214339 0.080591 5.87339e-05
0 0.168145 0.963062 0.0776053 0.0738751 5.87906e-05
0 0.672395 0.0449966 0.0498891 0.0899933 5.88761e-05
0 0.0792683 0.908999 0.0535846 0.147079 5.90084e-05
0 0.729305 0.966085 0.0351072 0.0678308 5.92687e-05
0 0.702143 0.0570853 0.0561715 0.114171 5.92857e-05
0 0.912786 0.438214 0.0480414 0.122901 5.96449e-05
0 0.369734 0.0406313 0.0484109 0.0812626 5.96959e-05
0 0.774945 0.96004 0.0783444 0.0799194 5.98008e-05
0 0.89357 0.939221 0.0473023 0.121558 6.00588e-05
0 0.555432 0.0597717 0.0613452 0.119543 6.0167e-05
0 0.866778 0.816991 0.0498891 0.143049 6.03053e-05
0 0.325758 0.959705 0.0225425 0.080591 6.03535e-05
0 0.384146 0.517797 0.0328899 0.110141 6.05754e-05
0 0.58167 0.519812 0.0243902 0.112827 6.10287e-05
0 0.470621 0.613163 0.026238 0.115514 6.1051e-05
0 0.714338 0.942243 0.082779 0.115514 6.12454e-05
0 0.134885 0.820349 0.0399113 0.112156 6.1383e-05
0 0.98762 0.256212 0.0232816 0.122901 6.16751e-05
0 0.203622 0.917058 0.0879527 0.165883 6.17381e-05
0 0.480229 0.0540631 0.0580192 0.108126 6.19533e-05
0 0.443644 0.85863 0.0469327 0.112156 6.22394e-05
0 0.266445 0.958026 0.0206948 0.083949 6.23156e-05
0 0.114191 0.914708 0.0813008 0.170584 6.24255e-05
0 0.680155 0.965413 0.0351072 0.0691739 6.24708e-05
0 0.436438 0.390531 0.0495196 0.13499 6.24898e-05
0 0.335366 0.0584285 0.0580192 0.116857 6.3722e-05
0 0.253695 0.96407 0.0380636 0.0718603 6.41038e-05
0 0.739098 0.958697 0.037694 0.0826058 6.50885e-05
0 0.35218 0.405977 0.0502587 0.122901 6.6116e-05
0 0.194937 0.872062 0.0513673 0.155138 6.64743e-05
0 0.336844 0.971457 0.0461936 0.0570853 6.66647e-05
0 0.987251 1 0.0254989 0 6.70647e-05
0 0.429047 0.775353 0.0591279 0.132304 6.7302e-05
0 0.0914634 0.821021 0.0417591 0.125588 6.75176e-05
0 0.216371 0.96407 0.0358463 0.0718603 6.75904e-05
0 0.088507 0.512424 0.0535846 0.161182 6.79827e-05
0 0.714338 0.251847 0.059867 0.14775 6.80184e-05
0 0.653732 0.9409 0.0835181 0.1182 6.84139e-05
0 0.164265 0.815984 0.0498891 0.165212 6.84507e-05
0 0.0157058 0.981867 0.0314117 0.036266 6.95845e-05
0 0.00831486 0.298187 0.0166297 0.145064 6.97734e-05
0 0.294531 0.617193 0.0746489 0.171927 6.98312e-05
0 0.564117 0.930154 0.0883222 0.139691 7.02442e-05
0 0.00646711 0.71323 0.0129342 0.139691 7.15403e-05
0 0.116778 0.96004 0.0465632 0.0799194 7.19113e-05
0 0.951774 0.962055 0.0299335 0.0758899 7.20276e-05
0 0.143939 0.921424 0.0794531 0.157152 7.26928e-05
0 0.544161 0.46004 0.0277162 0.131632 7.34412e-05
0 0.635809 0.40094 0.0447154 0.095366 7.3674e-05
0 0.806911 0.927804 0.056541 0.144392 7.40647e-05
0 0.988729 0.627938 0.0225425 0.189389 7.46192e-05
0 0.0107169 0.402955 0.0214339 0.139691 7.51638e-05
0 0.279194 0.958697 0.0447154 0.0826058 7.5323e-05
0 0.988729 0.981195 0.0225425 0.0376091 7.5498e-05
0 0.0145972 0.946608 0.0291944 0.106783 7.56723e-05
0 0.717849 0.9409 0.0484109 0.1182 7.74904e-05
0 0.479675 0.803559 0.0739098 0.188717 7.89849e-05
0 0.413156 0.930826 0.0864745 0.138348 7.90282e-05
0 0.106061 0.503022 0.052476 0.1182 7.97665e-05
0 0.0813008 0.943586 0.0399113 0.112827 8.00693e-05
0 0.0151515 0.874412 0.030303 0.134318 8.04282e-05
0 0.0101626 0.917394 0.0203252 0.165212 8.14749e-05
0 0.631744 0.0570853 0.0594974 0.114171 8.15159e-05
0 0.0570953 0.510745 0.0572801 0.109469 8.19228e-05
0 0.0234664 0.369375 0.0439763 0.131632 8.36564e-05
0 0.551737 0.759906 0.0509978 0.173942 8.37237e-05
0 0.591833 0.676964 0.0358463 0.169241 8.3838e-05
0 0.503695 0.929483 0.0864745 0.141034 8.41603e-05
0 0.142646 0.336803 0.0583888 0.220954 8.68867e-05
0 0.338877 0.61182 0.0650406 0.194762 8.7077e-05
0 0.591279 0.612827 0.0406504 0.140363 8.79716e-05
0 0.0107169 0.95366 0.0214339 0.0926796 8.93181e-05
0 0.204361 0.945937 0.045085 0.108126 8.97539e-05
0 0.00905395 0.616185 0.0181079 0.143049 9.4071e-05
0 0.6432 0.956682 0.0417591 0.0866353 9.41254e-05
0 0.0478566 0.605104 0.0543237 0.12223 9.42273e-05
0 0.755358 0.931498 0.052476 0.137005 9.52617e-05
0 0.0118256 0.505037 0.0236511 0.143721 9.5356e-05
0 0.313747 0.971122 0.0436068 0.0577569 9.5464e-05
0 0.31966 0.436535 0.0576497 0.161182 9.6626e-05
0 0.434035 0.709537 0.0417591 0.169913 9.70186e-05
0 0.00979305 0.0453324 0.0195861 0.0906649 9.8894e-05
0 0.182003 0.936535 0.0439763 0.126931 0.000102488
0 0.322801 0.934856 0.0838877 0.130289 0.000103866
0 0.988359 0.968771 0.0232816 0.062458 0.000103982
0 0.239468 0.963734 0.0554324 0.0725319 0.000107516
0 0.263489 0.927468 0.0857354 0.145064 0.000107895
0 0.904656 0.873741 0.0495196 0.15178 0.000109722
0 0.704176 0.964741 0.0343681 0.0705171 0.000117456
0 0.990761 0.940564 0.0184775 0.118872 0.000119236
0 0.779379 0.964741 0.0369549 0.0705171 0.000122776
0 0.830746 0.940564 0.0495196 0.118872 0.000124001
0 0.481153 0.759906 0.037694 0.163197 0.000125333
0 0.466186 0.456347 0.0299335 0.144392 0.000125952
0 0.204545 0.963398 0.0602365 0.0732035 0.000129688
0 0.451404 0.544661 0.0373245 0.138348 0.000132591
0 0.0674427 0.945937 0.0395418 0.108126 0.000132905
0 0.693089 0.940564 0.0476718 0.118872 0.000136074
0 0.754435 0.96407 0.0351072 0.0718603 0.000140265
0 0.546194 0.414372 0.0487805 0.126259 0.000140832
0 0.127679 0.937206 0.0543237 0.125588 0.000143892
0 0.230229 0.939557 0.0428677 0.120887 0.000148477
0 0.441242 0.647414 0.037694 0.15178 0.000151767
0 0.616038 0.514775 0.0339985 0.113499 0.000170823
0 0.986696 0.918737 0.0266075 0.162525 0.000178887
0 0.879342 0.945937 0.0476718 0.108126 0.000179757
0 0.992979 1 0.0140429 0 0.000183251
0 0.989468 0.0413029 0.0210643 0.0826058 0.000191419
0 0.79065 0.95769 0.0402809 0.0846206 0.000193009
0 0.617701 0.613835 0.0432373 0.158496 0.000195881
0 0.628788 0.514775 0.0343681 0.109469 0.000202079
0 0.435514 0.441572 0.0424982 0.148422 0.000206557
0 0.543237 0.675621 0.022912 0.138348 0.000212119
0 0.818736 0.955339 0.0373245 0.0893217 0.000218366
0 0.982446 1 0.0321508 0 0.000218904
0 0.581486 0.425453 0.0469327 0.129617 0.00022565
0 0.191981 0.957018 0.04102 0.0859637 0.000225664
0 0.141353 0.947616 0.0484109 0.104768 0.000227874
0 0.699926 0.427132 0.0657797 0.188046 0.000237361
0 0.608832 0.456011 0.0395418 0.123573 0.000242138
0 0.451404 0.439221 0.0314117 0.132975 0.000246518
0 0.391353 0.455675 0.0436068 0.126931 0.000246853
0 0.545639 0.518805 0.026238 0.124244 0.000249807
0 0.343311 0.510745 0.0613452 0.145735 0.000249834
0 0.706578 0.676964 0.0583888 0.173271 0.000252352
0 0.166297 0.944594 0.0480414 0.110813 0.000260279
0 0.498337 0.442915 0.0373245 0.129617 0.000267906
0 0.167221 0.874412 0.0439763 0.159839 0.000277596
0 0.103659 0.947616 0.0476718 0.104768 0.000283637
0 0.490761 0.530222 0.0421286 0.140363 0.000323261
0 0.682188 0.408999 0.0406504 0.154466 0.000331777
0 0.804693 0.96004 0.0395418 0.0799194 0.00036835
0 0.60255 0.497314 0.0365854 0.126931 0.000410887
0 0.625092 0.430826 0.0469327 0.128274 0.000467063
0 0.854582 0.944594 0.0424982 0.110813 0.000548245
0 0.49612 0.700806 0.0373245 0.167226 0.000577698
0 0.706208 0.605776 0.045085 0.131632 0.0008847
0 0.411863 0.517461 0.0284553 0.133647 0.00140549
0 0.342942 0.476494 0.0413895 0.129617 0.00160117
0 0.365115 0.699799 0.0591279 0.218939 0.00162136
0 0.530857 0.618536 0.0269771 0.134318 0.0026812
0 0.470436 0.515782 0.0236511 0.143721 0.00284539
0 0.640429 0.469107 0.0406504 0.149765 0.00306833
0 0.388396 0.594694 0.0561715 0.200806 0.00372925
0 0.682003 0.468099 0.0528455 0.153123 0.00373232
0 0.567812 0.6773 0.0277162 0.177972 0.00609537
0 0.505174 0.517797 0.0325203 0.134318 0.00699891
0 0.504619 0.591672 0.026238 0.170584 0.00804276
0 0.418145 0.461719 0.0602365 0.173942 0.0111765
0 0.473762 0.560107 0.0347376 0.178643 0.0130633
0 0.481707 0.641034 0.026238 0.124244 0.014163
0 0.484848 0.465749 0.0487805 0.19006 0.0212447
0 0.432742 0.515447 0.0258684 0.13096 0.0282758
0 0.485033 0.599396 0.0691057 0.46004 0.0299264
0 0.564486 0.600739 0.0816704 0.327065 0.0485859
0 0.455839 0.592008 0.04915 0.37139 0.0852486
0 0.406874 0.586971 0.0606061 0.355944 0.0970165
0 0.490022 0.612156 0.0495196 0.263936 0.108807
0 0.40133 0.674278 0.0539542 0.165212 0.145473
0 0.431264 0.62458 0.0509978 0.279382 0.148975
0 0.432927 0.6773 0.0964523 0.159167 0.161949
0 0.472653 0.494627 0.0938655 0.159167 0.167705
0 0.667406 0.633647 0.0650406 0.148422 0.179618
0 0.600148 0.609134 0.0532151 0.280725 0.18073
0 0.505728 0.649429 0.056541 0.139691 0.192564
0 0.47136 0.671592 0.0683666 0.170584 0.192767
0 0.435883 0.493284 0.0801922 0.159167 0.206486
0 0.582409 0.655138 0.0724316 0.161854 0.228263
0 0.374538 0.603089 0.0528455 0.308932 0.233396
0 0.61456 0.649093 0.0909091 0.155138 0.24302
0 0.599778 0.480188 0.075388 0.154466 0.252594
0 0.465262 0.688717 0.0332594 0.186031 0.26117
0 0.542683 0.484218 0.0594974 0.146407 0.26472
0 0.505174 0.491605 0.0583888 0.15178 0.268737
0 0.54102 0.650772 0.0473023 0.139691 0.282809
0 0.383777 0.493284 0.0875831 0.141706 0.31432
0 0.446231 0.492948 0.0373245 0.153123 0.506289
0 0.494087 0.652116 0.0258684 0.146407 0.645348
0 0.478751 0.495299 0.0291944 0.157824 0.672987
0 0.571508 0.485561 0.026238 0.165212 0.678036
0 0.47524 0.668905 0.0310421 0.162525 0.683577
0 0.495935 0.499328 0.0251293 0.151108 0.709062
0 0.508869 0.648422 0.0221729 0.136333 0.709585
0 0.521434 0.649093 0.0221729 0.133647 0.714495
0 0.519401 0.497649 0.0247598 0.15178 0.735493
0 0.534183 0.489926 0.0240207 0.155138 0.741451
0 0.421471 0.495635 0.0358463 0.145064 0.747321
0 0.537509 0.650437 0.0210643 0.136333 0.767849
0 0.591279 0.479181 0.0317812 0.156481 0.790522
0 0.557834 0.661182 0.0277162 0.16857 0.792731
0 0.458426 0.490262 0.0299335 0.171927 0.796792
0 0.453252 0.677972 0.0314117 0.171256 0.797705
0 0.421286 0.683345 0.045085 0.161854 0.807823
0 0.555063 0.482539 0.0280857 0.16454 0.81775
0 0.39745 0.493956 0.0402809 0.13499 0.833038
0 0.625831 0.475823 0.0402809 0.129617 0.833788
0 0.581116 0.659503 0.0321508 0.158496 0.835197
0 0.359941 0.491941 0.0391722 0.147079 0.86438
0 0.609941 0.659503 0.0395418 0.169241 0.871399
0 0.662602 0.465413 0.0421286 0.14775 0.872289
0 0.645602 0.641706 0.0517369 0.141706 0.872394
0 0.68847 0.620887 0.0539542 0.147079 0.881517
0 0.381005 0.662525 0.0635625 0.155138 0.891752
