0 0.836529 0.832217 0.0393388 0.121232 6.27034e-06
0 0.280496 0.236437 0.0492562 0.158071 6.28175e-06
0 0.657686 0.681849 0.0340496 0.124581 6.32449e-06
0 0.804959 0.0542532 0.0502479 0.108506 6.32614e-06
0 0.087438 0.179839 0.0433058 0.126591 6.33312e-06
0 0.837025 0.432686 0.0476033 0.133958 6.34379e-06
0 0.909422 0.995981 0.0178512 0.00803751 6.34881e-06
0 0.686612 0.0763563 0.0442975 0.115204 6.36305e-06
0 0.897686 0.691561 0.0664463 0.138647 6.37189e-06
0 0.88562 0.070998 0.054876 0.120563 6.40977e-06
0 0.862975 0.178835 0.0446281 0.124581 6.41564e-06
0 0.0866116 0.282317 0.0456198 0.12927 6.47211e-06
0 0.393884 0.843603 0.0717355 0.19223 6.50208e-06
0 0.354215 0.0375084 0.0452893 0.0750167 6.52529e-06
0 0.81157 0.0760214 0.0436364 0.115874 6.52762e-06
0 0.668264 0.852311 0.0479339 0.158741 6.54643e-06
0 0.430909 0.981916 0.0406612 0.0361688 6.56027e-06
0 0.629091 1 0.0647934 0 6.56743e-06
0 0.661488 0.0770261 0.0409917 0.112525 6.59601e-06
0 0.161983 0.636638 0.0416529 0.131949 6.59633e-06
0 0.837355 0.280308 0.042314 0.12927 6.60245e-06
0 0.213388 0.67783 0.0505785 0.124581 6.60821e-06
0 0.997851 0.645345 0.00429752 0.248493 6.61697e-06
0 0.610413 0.838915 0.04 0.0997991 6.62511e-06
0 0.910909 0.179169 0.0419835 0.123912 6.62662e-06
0 0.11157 0.0341594 0.0380165 0.0683188 6.63332e-06
0 0.885785 0.736772 0.0433058 0.133958 6.69462e-06
0 0.750248 1 0.0638017 0 6.6995e-06
0 0.173223 0.0435365 0.0469421 0.087073 6.70271e-06
0 0.32281 0.215338 0.0552066 0.134628 6.73039e-06
0 0.13719 0.736772 0.0436364 0.124581 6.73073e-06
0 0.879008 0.974213 0.0304132 0.051574 6.73267e-06
0 0.811074 0.779303 0.0538843 0.118553 6.75461e-06
0 0.315372 0.663429 0.0429752 0.109176 6.78297e-06
0 0.81124 0.739116 0.0396694 0.121232 6.81011e-06
0 0.412066 0.03215 0.0366942 0.0643001 6.82477e-06
0 0.580331 0.0505693 0.0446281 0.101139 6.82726e-06
0 0.406942 0.780978 0.0257851 0.123242 6.85331e-06
0 0.837025 0.126591 0.0442975 0.123242 6.86906e-06
0 0.866281 0.880442 0.0558678 0.228399 6.95363e-06
0 0.0429752 0.0512391 0.0456198 0.102478 6.96513e-06
0 0.861653 0.0358339 0.0386777 0.0716678 6.97227e-06
0 0.935372 0.280643 0.0446281 0.123242 6.97569e-06
0 0.369917 0.924983 0.0449587 0.150033 6.97719e-06
0 0.164463 0.56497 0.0644628 0.172137 6.98916e-06
0 0.494711 0.077361 0.0433058 0.154722 7.0327e-06
0 0.936198 0.780308 0.0528926 0.1286 7.0375e-06
0 0.809917 0.827194 0.0482645 0.116544 7.04125e-06
0 0.524793 0.0813798 0.0426446 0.16276 7.07726e-06
0 0.83686 0.780308 0.0512397 0.120563 7.08778e-06
0 0.419008 1 0.0664463 0 7.09027e-06
0 0.798182 0.643001 0.0644628 0.195579 7.09689e-06
0 0.212727 0.493302 0.0657851 0.146685 7.13116e-06
0 0.837686 0.380107 0.0489256 0.12793 7.19151e-06
0 0.689421 0.262224 0.0657851 0.176155 7.20951e-06
0 0.924463 1 0.0195041 0 7.21314e-06
0 0.91157 0.83724 0.0419835 0.139317 7.23324e-06
0 0.338182 0.929672 0.0489256 0.111186 7.24836e-06
0 0.0077686 0.503014 0.0155372 0.294709 7.26665e-06
0 0.835041 0.229069 0.0416529 0.1286 7.30041e-06
0 0.171901 0.0954454 0.0542149 0.131949 7.3069e-06
0 0.893719 0.400536 0.0565289 0.151373 7.31263e-06
0 0.335537 0.834226 0.0542149 0.139987 7.34678e-06
0 0.187603 0.434025 0.0452893 0.119223 7.37675e-06
0 0.0877686 0.584059 0.0519008 0.159411 7.38227e-06
0 0.538182 1 0.0654545 0 7.3926e-06
0 0.39124 0.0589417 0.0538843 0.117883 7.39329e-06
0 0.20562 0.886135 0.0476033 0.132619 7.40652e-06
0 0.810909 0.532485 0.0416529 0.123242 7.4291e-06
0 0.113058 0.157066 0.0542149 0.146685 7.44194e-06
0 0.208595 0.560616 0.0694215 0.176825 7.47192e-06
0 0.316198 0.91996 0.0618182 0.16008 7.47242e-06
0 0.478678 1 0.0661157 0 7.48344e-06
0 0.541322 0.0606162 0.0565289 0.121232 7.56597e-06
0 0.605124 0.648024 0.0373554 0.106497 7.56739e-06
0 0.112893 0.482585 0.0492562 0.126591 7.56982e-06
0 0.812066 0.432351 0.0439669 0.126591 7.57733e-06
0 0.00809917 0.0947756 0.0161983 0.153382 7.59268e-06
0 0.898843 0.579705 0.0601653 0.149364 7.59662e-06
0 0.830083 0.957803 0.0297521 0.0455459 7.61613e-06
0 1 0.388814 0 0.202947 7.66934e-06
0 0.213223 0.738446 0.0449587 0.121232 7.67352e-06
0 0.704463 0.604488 0.0383471 0.125251 7.68501e-06
0 0.461488 0.231078 0.0376859 0.127261 7.687e-06
0 0.886446 0.1785 0.0426446 0.123912 7.70806e-06
0 0.862314 0.230074 0.0459504 0.123912 7.71332e-06
0 0.562645 0.231078 0.0363636 0.124581 7.72292e-06
0 0.786116 0.687207 0.0429752 0.111186 7.72725e-06
0 0.237686 0.583054 0.0403306 0.117214 7.73758e-06
0 0.0861157 0.480911 0.0499174 0.125921 7.76635e-06
0 0.761157 0.260214 0.0604959 0.178835 7.80139e-06
0 0.788264 0.0756865 0.0446281 0.113865 7.85545e-06
0 0.813554 0.227395 0.0390083 0.123912 7.86104e-06
0 0.611736 0.177495 0.0406612 0.121902 7.9015e-06
0 0.710579 0.877763 0.0512397 0.118553 7.94685e-06
0 0.862975 0.379437 0.0519008 0.13061 7.95087e-06
0 0.617521 0.98359 0.0396694 0.0328198 7.95267e-06
0 0.935537 0.890154 0.0390083 0.133958 7.95855e-06
0 0.194215 0.888145 0.0459504 0.223711 7.96136e-06
0 0.910578 0.12793 0.0413223 0.123242 7.9743e-06
0 0.910578 0.231078 0.0439669 0.121902 7.98104e-06
0 0.786281 0.531815 0.0419835 0.117883 7.99398e-06
0 0.0867769 0.0334896 0.0380165 0.0669792 8.02071e-06
0 0.886777 0.035499 0.0386777 0.070998 8.02262e-06
0 0.599174 1 0.065124 0 8.07369e-06
0 0.862314 0.832887 0.0393388 0.122572 8.1015e-06
0 0.00380165 0.945077 0.00760331 0.109846 8.10376e-06
0 0.38281 0.818821 0.0409917 0.12793 8.11433e-06
0 0.173388 0.766577 0.0439669 0.141326 8.1223e-06
0 0.286777 0.882786 0.0413223 0.119223 8.14729e-06
0 0.982479 0.590757 0.0350413 0.317482 8.21116e-06
0 0.787107 0.17649 0.0429752 0.123912 8.22132e-06
0 0.899339 0.959478 0.0300826 0.0810449 8.25107e-06
0 0.936859 0.736437 0.0456198 0.134628 8.25705e-06
0 0.984298 0.705291 0.031405 0.255861 8.25994e-06
0 0.637851 0.1785 0.04 0.122572 8.26064e-06
0 0.162975 0.679839 0.0476033 0.121902 8.26541e-06
0 0.580992 0.609846 0.0406612 0.121232 8.28744e-06
0 0.111736 0.784997 0.0442975 0.121902 8.31469e-06
0 0.49719 0.764903 0.0429752 0.198259 8.32437e-06
0 0.587107 0.0324849 0.0370248 0.0649699 8.33411e-06
0 0.162149 0.736102 0.0386777 0.1286 8.34655e-06
0 0.83405 0.178165 0.0429752 0.123242 8.35328e-06
0 0.212562 0.832887 0.0495868 0.123912 8.35586e-06
0 0.71405 0.179839 0.0449587 0.118553 8.37258e-06
0 0.886281 0.231413 0.0429752 0.122572 8.3794e-06
0 0.20281 0.0941058 0.0492562 0.125251 8.39393e-06
0 0.568595 1 0.0647934 0 8.45647e-06
0 0.912231 0.786671 0.0446281 0.134628 8.46371e-06
0 0.811736 0.483255 0.0439669 0.121232 8.46926e-06
0 0.571736 0.793034 0.0386777 0.120563 8.47271e-06
0 0.81124 0.280978 0.042314 0.119893 8.50641e-06
0 0.96562 0.43704 0.0442975 0.13061 8.50691e-06
0 0.23719 0.634628 0.0406612 0.111855 8.50996e-06
0 0.0370248 0.0348292 0.0390083 0.0696584 8.55153e-06
0 0.208099 1 0.065124 0 8.557e-06
0 0.802645 0.705961 0.0489256 0.12994 8.5782e-06
0 0.573058 0.458138 0.0499174 0.229069 8.58812e-06
0 0.188099 0.834561 0.042314 0.123242 8.59343e-06
0 0.166777 0.905894 0.052562 0.157401 8.5971e-06
0 0.888264 0.633958 0.0429752 0.138647 8.6045e-06
0 0.281157 0.527796 0.04 0.0964501 8.60459e-06
0 0.41124 0.177495 0.0396694 0.124581 8.63613e-06
0 0.433884 0.941393 0.0380165 0.103818 8.64661e-06
0 0.403967 0.569993 0.0284298 0.127261 8.65713e-06
0 0.32876 0.477897 0.0492562 0.134628 8.66082e-06
0 0.912727 0.736772 0.046281 0.135298 8.66367e-06
0 0.202975 0.646685 0.0482645 0.142666 8.68311e-06
0 0.0633058 0.378768 0.048595 0.117214 8.68481e-06
0 0.43157 0.552579 0.0294215 0.121902 8.69521e-06
0 0.652066 0.79203 0.0558678 0.16142 8.69901e-06
0 0.0322314 0.717683 0.0644628 0.221701 8.73642e-06
0 0.705124 0.407904 0.0568595 0.180844 8.7827e-06
0 0.237521 1 0.0671074 0 8.81476e-06
0 0.232397 0.0405224 0.0469421 0.0810449 8.84353e-06
0 0.969917 0.123242 0.0515702 0.143336 8.84652e-06
0 0.112397 0.738111 0.0442975 0.120563 8.88034e-06
0 0.0224793 0.341259 0.0449587 0.152043 8.88947e-06
0 1 0.552579 0 0.202277 8.89828e-06
0 0.354876 0.150033 0.0631405 0.136638 8.90089e-06
0 0.860165 0.333891 0.0509091 0.126591 8.93576e-06
0 0.310413 0.93637 0.0568595 0.111186 8.93865e-06
0 0.911074 0.281648 0.046281 0.123912 8.97253e-06
0 0.587273 0.231413 0.0366942 0.12793 8.97376e-06
0 0.267438 1 0.0661157 0 9.00615e-06
0 0.88595 0.332552 0.0515702 0.125251 9.04357e-06
0 0.913058 0.380442 0.0502479 0.12994 9.04689e-06
0 0.787603 0.229739 0.0413223 0.120563 9.04882e-06
0 0.0310744 0.621567 0.0621488 0.204956 9.05844e-06
0 0.421322 0.0609511 0.0538843 0.121902 9.07665e-06
0 0.31124 0.180509 0.0439669 0.114534 9.13443e-06
0 0.231736 0.0941058 0.0489256 0.125251 9.15125e-06
0 0.648926 0.919625 0.0694215 0.16075 9.18754e-06
0 0.554876 0.795713 0.0393388 0.121902 9.1886e-06
0 0.142975 0.0954454 0.0538843 0.134628 9.22949e-06
0 0.785124 0.48292 0.042314 0.113865 9.23571e-06
0 0.213884 0.528131 0.0409917 0.121232 9.24725e-06
0 0.386446 0.0294709 0.0363636 0.0589417 9.29713e-06
0 0.541322 0.902545 0.0565289 0.189551 9.2997e-06
0 0.510413 0.232083 0.0330578 0.115874 9.3024e-06
0 0.203802 0.0435365 0.048595 0.087073 9.33177e-06
0 0.911405 0.890489 0.0409917 0.135968 9.34e-06
0 0.556364 0.633624 0.0396694 0.117883 9.34611e-06
0 0.948595 0.561956 0.0704132 0.16075 9.35963e-06
0 0.00975207 0.223711 0.0195041 0.147354 9.38054e-06
0 0.886612 0.836236 0.0416529 0.12793 9.39603e-06
0 0.786777 0.128265 0.0429752 0.123912 9.39773e-06
0 0.448926 1 0.0654545 0 9.40308e-06
0 0.836364 0.0361688 0.0396694 0.0723376 9.42062e-06
0 0.0395041 0.835901 0.0426446 0.125921 9.42674e-06
0 0.00413223 0.623912 0.00826446 0.231078 9.47451e-06
0 0.88562 0.786671 0.0442975 0.12793 9.499e-06
0 0.685785 0.181179 0.0446281 0.119893 9.53728e-06
0 0.880331 0.0525787 0.0442975 0.105157 9.55718e-06
0 0.28281 0.070998 0.0499174 0.117883 9.57505e-06
0 0.818182 0.139652 0.0522314 0.186872 9.63075e-06
0 0.827603 0.955794 0.018843 0.0884126 9.64606e-06
0 0.525124 0.459478 0.0413223 0.150033 9.68878e-06
0 0.286777 0.0331547 0.0386777 0.0663094 9.73291e-06
0 0.203306 0.398526 0.0509091 0.146015 9.73702e-06
0 0.935703 0.634963 0.0519008 0.150033 9.75536e-06
0 0.809587 0.585064 0.0409917 0.121232 9.77062e-06
0 0.18562 0.736102 0.0413223 0.127261 9.78208e-06
0 0.50876 1 0.0647934 0 9.80695e-06
0 0.0857851 0.332552 0.0479339 0.126591 9.8118e-06
0 0.16 0.496651 0.0634711 0.158741 9.81745e-06
0 0.761818 0.0348292 0.0393388 0.0696584 9.83983e-06
0 0.629256 0.803416 0.0604959 0.176155 9.8569e-06
0 0.293058 0.42063 0.0459504 0.144675 9.8583e-06
0 0.63719 0.0324849 0.0373554 0.0649699 9.90886e-06
0 0.239008 0.17649 0.0429752 0.123912 9.91747e-06
0 0.871901 1 0.0307438 0 9.92867e-06
0 0.758843 0.130275 0.0366942 0.126591 9.97236e-06
0 0.354876 0.206966 0.0604959 0.135298 1.00186e-05
0 0.935372 0.331882 0.0466116 0.123912 1.00218e-05
0 0.245124 0.264568 0.0347107 0.198259 1.00281e-05
0 0.36 0.93637 0.0575207 0.104488 1.00393e-05
0 0.257686 0.443068 0.0340496 0.201607 1.0066e-05
0 0.141653 0.889149 0.0452893 0.134628 1.00884e-05
0 0.142149 0.157401 0.0561983 0.136638 1.00979e-05
0 0.0904132 0.0619558 0.0552066 0.123912 1.01039e-05
0 0.863141 0.126591 0.046281 0.121902 1.01453e-05
0 0.17438 0.705291 0.0433058 0.146015 1.0147e-05
0 0.81157 0.0381782 0.0416529 0.0763563 1.01775e-05
0 0.450579 0.0589417 0.0535537 0.117883 1.02008e-05
0 0.213554 0.333557 0.042314 0.116544 1.02343e-05
0 0.760826 0.826189 0.0499174 0.110516 1.02685e-05
0 0.913388 0.637307 0.0456198 0.149364 1.02858e-05
0 0.437686 0.787341 0.0528926 0.196249 1.03325e-05
0 0.281653 0.924313 0.0442975 0.151373 1.03497e-05
0 0.759669 0.632619 0.0429752 0.105157 1.03565e-05
0 0.0519008 0.886135 0.0614876 0.136638 1.04441e-05
0 0.172893 0.158071 0.0535537 0.132619 1.04544e-05
0 0.484463 0.835566 0.0353719 0.0971199 1.04619e-05
0 0.861322 0.738781 0.0380165 0.12994 1.04653e-05
0 0.861157 0.787006 0.0403306 0.121902 1.04657e-05
0 0.88562 0.127595 0.0442975 0.122572 1.05272e-05
0 0.337851 0.180509 0.0429752 0.113195 1.05275e-05
0 0.109752 0.890489 0.046281 0.137307 1.06159e-05
0 0.314711 0.376423 0.0687603 0.247823 1.06204e-05
0 0.935537 0.380442 0.0482645 0.124581 1.06992e-05
0 0.786116 0.834226 0.0429752 0.110516 1.07275e-05
0 0.635868 0.27495 0.0889256 0.212324 1.08877e-05
0 0.444132 0.33791 0.0472727 0.134628 1.08897e-05
0 0.0209917 0.260549 0.0419835 0.255861 1.09756e-05
0 0.761653 0.229739 0.0403306 0.115204 1.10005e-05
0 0.536033 0.836906 0.0353719 0.0971199 1.10518e-05
0 0.407438 0.610851 0.0373554 0.107167 1.10563e-05
0 0.571736 0.568989 0.0366942 0.123912 1.10639e-05
0 0.771074 0.579036 0.0532231 0.131949 1.11171e-05
0 0.313719 0.262559 0.058843 0.164769 1.11589e-05
0 0.26281 0.0328198 0.0376859 0.0656397 1.11985e-05
0 0.810248 0.633624 0.0396694 0.119223 1.1233e-05
0 0.735372 0.281313 0.0419835 0.112525 1.12752e-05
0 0.788099 0.633958 0.042314 0.113195 1.1281e-05
0 0.937686 0.03215 0.0406612 0.0643001 1.12992e-05
0 0.52 0.753851 0.0323967 0.102478 1.13067e-05
0 0.892231 0.891494 0.0581818 0.217013 1.13117e-05
0 0.73719 0.227395 0.042314 0.115874 1.13168e-05
0 0.712066 0.0344943 0.0396694 0.0689886 1.13289e-05
0 0.787438 0.585064 0.0416529 0.114534 1.13696e-05
0 0.678182 0.863362 0.0770248 0.223711 1.14042e-05
0 0.0806612 0.711989 0.0489256 0.141996 1.14211e-05
0 0.706446 0.930342 0.0502479 0.139317 1.14712e-05
0 0.66 0.180509 0.0446281 0.118553 1.14894e-05
0 0.713884 0.835566 0.0459504 0.106497 1.15243e-05
0 0.336859 0.0294709 0.0383471 0.0589417 1.1527e-05
0 0.938347 0.485265 0.0479339 0.121232 1.15355e-05
0 0.638182 0.228064 0.0393388 0.126591 1.15739e-05
0 0.833058 0.996651 0.0370248 0.00669792 1.15762e-05
0 0.286116 0.838915 0.0519008 0.121232 1.15854e-05
0 0.525289 0.766912 0.0304132 0.19424 1.15984e-05
0 0.787603 0.0358339 0.0393388 0.0716678 1.16085e-05
0 0.112562 0.380777 0.052562 0.117214 1.16127e-05
0 0.734876 0.836236 0.0489256 0.114534 1.16562e-05
0 0.378182 0.662425 0.0502479 0.164769 1.17019e-05
0 0.655207 0.0492297 0.0442975 0.0984595 1.1754e-05
0 1 0.246149 0 0.209645 1.17723e-05
0 0.810579 0.379772 0.0442975 0.120563 1.18118e-05
0 0.0907438 0.997321 0.0366942 0.00535834 1.18298e-05
0 0.912066 0.332217 0.0489256 0.125921 1.18615e-05
0 0.812727 0.1785 0.0386777 0.121232 1.19281e-05
0 0.236364 0.834226 0.0509091 0.115874 1.19289e-05
0 0.161983 0.427662 0.0456198 0.119893 1.20028e-05
0 0.362314 0.180844 0.0390083 0.113865 1.21059e-05
0 0.00842975 0.277964 0.0168595 0.150033 1.21166e-05
0 0.231074 0.236772 0.054876 0.209645 1.21859e-05
0 0.756364 0.929672 0.0641322 0.140656 1.22465e-05
0 0.494711 0.754521 0.0307438 0.107837 1.23738e-05
0 0.0879339 0.380107 0.0515702 0.115874 1.23916e-05
0 0.384132 0.179169 0.0390083 0.115874 1.24251e-05
0 0.685455 0.880777 0.0479339 0.125921 1.24316e-05
0 0.264959 0.638647 0.0426446 0.102478 1.25044e-05
0 0.430248 0.648694 0.0340496 0.110516 1.25514e-05
0 0.31157 0.876423 0.0545455 0.117214 1.26574e-05
0 0.686942 0.0328198 0.0403306 0.0656397 1.26635e-05
0 0.793223 0.905224 0.0472727 0.157401 1.27729e-05
0 0.962975 0.634628 0.0476033 0.145345 1.28073e-05
0 0.780165 0.932686 0.0436364 0.134628 1.28105e-05
0 0.29124 0.558942 0.0641322 0.220362 1.29376e-05
0 0.829587 0.980576 0.0419835 0.038848 1.29744e-05
0 0.52562 0.846618 0.0416529 0.239786 1.29781e-05
0 0.260496 0.277629 0.0403306 0.110516 1.30014e-05
0 0.0247934 0.268252 0.0495868 0.148024 1.3005e-05
0 0.661818 0.384126 0.0442975 0.114534 1.31199e-05
0 0.956529 0.692565 0.0710744 0.178165 1.31513e-05
0 0.213058 0.277964 0.0393388 0.109846 1.31693e-05
0 0.873884 0.983925 0.0386777 0.03215 1.33698e-05
0 0.386942 0.563965 0.0228099 0.135298 1.35703e-05
0 0.999835 0.975218 0.000330579 0.0495646 1.36166e-05
0 0.84 0.910248 0.0456198 0.158071 1.37304e-05
0 0.213719 0.437374 0.04 0.115204 1.37932e-05
0 0.408926 0.93503 0.0575207 0.0977897 1.38417e-05
0 0.0424793 0.918285 0.0638017 0.163429 1.39205e-05
0 0.00942149 0.480911 0.018843 0.146015 1.39918e-05
0 0.900331 0.458138 0.065124 0.141996 1.40321e-05
0 0.474545 0.402545 0.0466116 0.1286 1.4102e-05
0 0.946612 0.976892 0.0697521 0.0462157 1.41395e-05
0 0.426116 0.937374 0.0747107 0.125251 1.42471e-05
0 0.183636 0.947756 0.107438 0.104488 1.43193e-05
0 0.110744 0.0619558 0.0601653 0.123912 1.43466e-05
0 0.629917 0.482251 0.0426446 0.132619 1.44162e-05
0 0.968926 0.0723376 0.0555372 0.117883 1.44256e-05
0 0.685124 0.935365 0.0552066 0.109176 1.44302e-05
0 0.2 0.923309 0.0813223 0.153382 1.44946e-05
0 0.824959 0.959143 0.0168595 0.0817147 1.44981e-05
0 0.511901 0.0589417 0.0512397 0.117883 1.45178e-05
0 0.944297 0.931681 0.0532231 0.136638 1.45349e-05
0 0.686612 0.227395 0.0436364 0.115874 1.45591e-05
0 0.711405 0.936035 0.054876 0.107837 1.4596e-05
0 0.761322 0.282317 0.0390083 0.113195 1.45961e-05
0 0.736033 0.640656 0.0433058 0.119893 1.46783e-05
0 0.0249587 0.417281 0.0499174 0.229069 1.47014e-05
0 0.832231 0.93436 0.0234711 0.131279 1.4712e-05
0 0.368926 0.847957 0.0773554 0.235767 1.47276e-05
0 0.0629752 0.836906 0.04 0.119893 1.47554e-05
0 0.533719 0.405224 0.0426446 0.127261 1.47589e-05
0 0.99405 0.866711 0.0119008 0.214334 1.47879e-05
0 0.519339 0.550234 0.0244628 0.115874 1.48178e-05
0 0.54 0.641661 0.0353719 0.104488 1.48585e-05
0 0.757355 0.174481 0.0396694 0.121232 1.48603e-05
0 0.086281 0.977227 0.0647934 0.0455459 1.48797e-05
0 0.618512 0.573677 0.0284298 0.107837 1.48855e-05
0 0.944793 0.420295 0.0720661 0.164099 1.49231e-05
0 0.687273 0.279973 0.0436364 0.113865 1.50785e-05
0 0.512397 0.459143 0.0436364 0.221701 1.51297e-05
0 0.199174 0.798058 0.0757025 0.152043 1.51577e-05
0 0.130248 0.926323 0.0912397 0.147354 1.51632e-05
0 0.712562 0.228399 0.0439669 0.111186 1.51636e-05
0 0.786281 0.280308 0.0393388 0.111855 1.51803e-05
0 0.803636 0.961152 0.0224793 0.0776959 1.5216e-05
0 0.841818 0.958473 0.0307438 0.0522438 1.52378e-05
0 0.123967 0.276624 0.0733884 0.143336 1.53609e-05
0 0.126446 0.839585 0.0783471 0.154722 1.54389e-05
0 0.129421 0.702612 0.0796694 0.151373 1.54853e-05
0 0.438347 0.628935 0.042314 0.168788 1.55385e-05
0 0.525289 0.585733 0.0310744 0.12927 1.55702e-05
0 0.252066 0.926993 0.094876 0.146015 1.56177e-05
0 0.394711 0.855995 0.0317355 0.198259 1.56196e-05
0 0.265124 0.0900871 0.0575207 0.133289 1.5668e-05
0 0.910744 0.212324 0.0793388 0.188881 1.56928e-05
0 0.979008 0.14367 0.0419835 0.287341 1.57883e-05
0 0.587273 0.383121 0.04 0.109846 1.57998e-05
0 0.786777 0.737776 0.0442975 0.109176 1.59123e-05
0 0.997355 0.185867 0.00528926 0.247153 1.59384e-05
0 0.387273 0.938044 0.073719 0.123912 1.60252e-05
0 0.772727 0.401206 0.0446281 0.143336 1.60301e-05
0 0.466612 0.263898 0.061157 0.16075 1.60526e-05
0 0.129752 0.49933 0.0618182 0.150703 1.60781e-05
0 1 0.703952 0 0.208975 1.61234e-05
0 0.50562 0.399531 0.0419835 0.12793 1.62087e-05
0 0.869917 0.267247 0.0763636 0.146015 1.62301e-05
0 0.917686 0.947421 0.101157 0.105157 1.62366e-05
0 0.19124 0.968185 0.0380165 0.0636303 1.63192e-05
0 0.130248 0.563295 0.0740496 0.140656 1.63258e-05
0 0.660496 0.281313 0.0436364 0.115204 1.64172e-05
0 0.733719 0.858339 0.0704132 0.22572 1.64407e-05
0 0.861818 0.98292 0.0641322 0.0341594 1.6491e-05
0 0.911405 0.0519089 0.0495868 0.103818 1.65789e-05
0 0.111074 0.806765 0.0753719 0.142666 1.66477e-05
0 0.922975 0.985934 0.0614876 0.0281313 1.6657e-05
0 0.656033 0.881447 0.0492562 0.124581 1.66981e-05
0 0.20281 0.212994 0.0459504 0.12994 1.68001e-05
0 0.356694 0.271936 0.0568595 0.152713 1.6805e-05
0 0.503471 0.816477 0.0476033 0.12994 1.68313e-05
0 0.455041 0.653717 0.0300826 0.111186 1.6889e-05
0 0.00826446 0.0746818 0.0165289 0.135968 1.69493e-05
0 0.849256 0.456798 0.08 0.187542 1.70261e-05
0 0.565289 0.276289 0.058843 0.157401 1.70464e-05
0 0.861653 0.939049 0.094876 0.121902 1.71334e-05
0 0.441818 0.40422 0.0426446 0.125251 1.72663e-05
0 0.859008 0.980241 0.04 0.0395177 1.73247e-05
0 0.402975 0.284997 0.0813223 0.19491 1.73355e-05
0 0.907273 0.330877 0.0816529 0.183523 1.73358e-05
0 0.809917 0.330877 0.042314 0.116544 1.73928e-05
0 0.981983 0.0820496 0.0360331 0.164099 1.73983e-05
0 0.028595 0.423644 0.0545455 0.133289 1.74169e-05
0 0.836033 0.93637 0.0793388 0.127261 1.74246e-05
0 0.489752 0.282652 0.0598347 0.152713 1.74623e-05
0 0.998512 0.930342 0.00297521 0.139317 1.75677e-05
0 0.28595 0.279303 0.0383471 0.109846 1.7691e-05
0 0.538678 0.328198 0.0353719 0.111186 1.77612e-05
0 0.587438 0.284662 0.0357025 0.119223 1.78547e-05
0 0.945785 0.268587 0.0740496 0.166109 1.79268e-05
0 0.321322 0.881447 0.0766942 0.203617 1.79353e-05
0 0.864628 0.983255 0.0267769 0.0334896 1.80029e-05
0 0.0224793 0.892498 0.0409917 0.142666 1.8075e-05
0 0.410744 0.319826 0.0459504 0.109176 1.81088e-05
0 0.784959 0.431681 0.0413223 0.114534 1.81329e-05
0 0.202479 0.70797 0.0505785 0.131279 1.81692e-05
0 0.977355 0.798727 0.0452893 0.25921 1.83053e-05
0 0.663967 0.224046 0.052562 0.115874 1.8354e-05
0 0.989421 0.0853985 0.021157 0.170797 1.84162e-05
0 0.336529 0.882117 0.0436364 0.113865 1.85176e-05
0 0.338182 0.231748 0.042314 0.108506 1.85345e-05
0 0.360826 0.883456 0.0446281 0.108506 1.85626e-05
0 0.840826 0.333891 0.0624793 0.144005 1.86473e-05
0 0.0702479 0.769591 0.0406612 0.207636 1.88901e-05
0 0.93405 0.051574 0.0558678 0.103148 1.9044e-05
0 0.985785 0.413262 0.0284298 0.250502 1.90677e-05
0 0.537521 0.282317 0.0350413 0.110516 1.92443e-05
0 0.996859 0.795713 0.00628099 0.265238 1.92678e-05
0 0.650909 0.442398 0.0621488 0.165439 1.92819e-05
0 0.635207 0.885466 0.0413223 0.113865 1.93038e-05
0 0.660331 0.942063 0.0419835 0.110516 1.95074e-05
0 0.961818 0.809779 0.0763636 0.168788 1.9523e-05
0 0.462479 0.382117 0.0396694 0.113195 1.95482e-05
0 0.128099 0.048225 0.0552066 0.0964501 1.95746e-05
0 0.28 0.139987 0.0707438 0.279973 1.96551e-05
0 0.50876 0.626926 0.0271074 0.103148 1.96818e-05
0 0.0826446 0.891494 0.046281 0.140656 1.9691e-05
0 0.20281 0.158406 0.0459504 0.125251 1.97086e-05
0 0.486446 0.282317 0.0360331 0.113195 1.97457e-05
0 0.853719 0.211989 0.0763636 0.172137 1.97567e-05
0 0.00760331 0.400536 0.0152066 0.141996 1.97948e-05
0 0.485124 0.887475 0.0373554 0.103148 1.9871e-05
0 0.255207 0.904555 0.0727273 0.182853 1.99281e-05
0 0.237521 0.436035 0.0380165 0.117883 1.9944e-05
0 0.0109091 0.135968 0.0218182 0.22639 1.99469e-05
0 0.359174 0.482251 0.0426446 0.131279 2.00244e-05
0 0.612397 0.382451 0.04 0.111186 2.00767e-05
0 0.183471 0.379102 0.0469421 0.112525 2.0091e-05
0 0.733058 0.214334 0.0704132 0.171467 2.00932e-05
0 0.184628 0.333891 0.0644628 0.141326 2.02372e-05
0 0.00958678 0.579705 0.0191736 0.146685 2.02506e-05
0 0.00958678 0.890489 0.0191736 0.219022 2.03564e-05
0 0.124132 0.329538 0.0704132 0.133958 2.04954e-05
0 0.975702 0.492297 0.048595 0.246484 2.05998e-05
0 0.787934 0.787676 0.0452893 0.112525 2.06094e-05
0 0.715702 0.281983 0.0608264 0.164769 2.06161e-05
0 0.605289 0.223041 0.0528926 0.125921 2.06863e-05
0 0.377521 0.483925 0.0363636 0.134628 2.06937e-05
0 0.363967 0.318486 0.0436364 0.115874 2.07055e-05
0 0.00247934 0.0552579 0.00495868 0.110516 2.07127e-05
0 0.57686 0.348292 0.054876 0.156731 2.07238e-05
0 0.21405 0.482251 0.0386777 0.108506 2.07249e-05
0 0.123471 0.432016 0.073719 0.135298 2.08741e-05
0 0.198182 0.280308 0.0717355 0.141326 2.09673e-05
0 0.556198 0.574682 0.0353719 0.136638 2.09906e-05
0 0.542314 0.225385 0.0505785 0.12927 2.10288e-05
0 0.434215 0.878433 0.0492562 0.107837 2.11573e-05
0 0.311405 0.27562 0.0403306 0.105157 2.12218e-05
0 0.732231 0.958473 0.0363636 0.0830543 2.12454e-05
0 0.338347 0.329873 0.0413223 0.107837 2.13414e-05
0 0.0234711 0.563965 0.0469421 0.233088 2.14375e-05
0 0.868099 0.424313 0.0753719 0.156062 2.151e-05
0 0.511901 0.764903 0.0366942 0.152713 2.15289e-05
0 0.486281 0.326859 0.0376859 0.115204 2.15867e-05
0 0.795207 0.214334 0.0717355 0.170127 2.1973e-05
0 0.948595 0.967515 0.0380165 0.0649699 2.2065e-05
0 0.481157 0.22706 0.0492562 0.120563 2.2195e-05
0 0.53719 0.88714 0.033719 0.0997991 2.22118e-05
0 0.188595 0.458808 0.0717355 0.164769 2.22338e-05
0 0.04 0.776289 0.0509091 0.111186 2.22413e-05
0 0.0601653 0.458138 0.0667769 0.143336 2.22474e-05
0 0.745455 0.16276 0.0542149 0.191561 2.23559e-05
0 0.335868 0.423644 0.046281 0.107837 2.2398e-05
0 0.657355 0.747153 0.0380165 0.146685 2.24315e-05
0 0.0642975 0.330543 0.0684298 0.137307 2.26666e-05
0 0.859008 0.0569324 0.0618182 0.113865 2.2701e-05
0 0.0809917 0.765573 0.0449587 0.136638 2.2708e-05
0 0.362975 0.384461 0.0429752 0.112525 2.27787e-05
0 0.563306 0.284327 0.0363636 0.113195 2.29169e-05
0 0.636364 0.283992 0.0396694 0.119223 2.29211e-05
0 0.36595 0.568319 0.0277686 0.126591 2.29428e-05
0 0.0813223 0.827528 0.0449587 0.142666 2.29445e-05
0 0.423471 0.223711 0.0522314 0.121902 2.29942e-05
0 0.604298 0.846618 0.0595041 0.190221 2.30027e-05
0 0.00842975 0.427662 0.0168595 0.145345 2.32277e-05
0 0.0679339 0.0448761 0.0545455 0.0897522 2.32586e-05
0 0.617686 0.685198 0.0366942 0.156731 2.32949e-05
0 0.160496 0.332552 0.0578512 0.110516 2.33255e-05
0 0.67405 0.346283 0.0694215 0.178165 2.33575e-05
0 0.0247934 0.524447 0.0476033 0.147354 2.33901e-05
0 0.981157 0.964166 0.0350413 0.0716678 2.34104e-05
0 0.556364 0.962492 0.042314 0.0750167 2.35408e-05
0 0.237686 0.332552 0.0343802 0.121232 2.38124e-05
0 0.610744 0.88781 0.0413223 0.109176 2.3878e-05
0 0.806612 0.937374 0.0271074 0.125251 2.39071e-05
0 0.0135537 0.615539 0.0271074 0.242465 2.39453e-05
0 0.732727 0.0498995 0.0479339 0.0997991 2.39798e-05
0 0.239008 0.526457 0.042314 0.108506 2.40394e-05
0 0.383802 0.389484 0.0495868 0.12927 2.41196e-05
0 0.562314 0.383121 0.0396694 0.109846 2.41523e-05
0 0.505455 0.883121 0.0449587 0.115874 2.41808e-05
0 0.510083 0.281983 0.0330578 0.112525 2.42439e-05
0 0.734545 0.331212 0.0456198 0.115874 2.43105e-05
0 0.157851 0.362358 0.0717355 0.211654 2.47804e-05
0 0.787603 0.33858 0.0697521 0.165439 2.48518e-05
0 0.635868 0.382451 0.0406612 0.113865 2.50538e-05
0 0.792562 0.974548 0.0280992 0.0509042 2.50799e-05
0 0.386612 0.884796 0.0439669 0.107167 2.50879e-05
0 0.585785 0.4357 0.0416529 0.107837 2.51743e-05
0 0.563141 0.327528 0.0373554 0.109846 2.53344e-05
0 0.979174 0.328533 0.0416529 0.166778 2.54621e-05
0 0.288264 0.79136 0.0555372 0.145345 2.56202e-05
0 0.661157 0.430342 0.0482645 0.105157 2.57095e-05
0 0.233884 0.388814 0.052562 0.144005 2.57545e-05
0 0.225289 0.920964 0.0545455 0.158071 2.58242e-05
0 0.268926 0.572338 0.0479339 0.148024 2.58382e-05
0 0.678843 0.922639 0.0644628 0.154722 2.59691e-05
0 0.810579 0.945747 0.0568595 0.108506 2.59814e-05
0 0.99124 0.290355 0.0175207 0.253851 2.59835e-05
0 0.431736 0.0488948 0.0476033 0.0977897 2.60184e-05
0 0.285455 0.62927 0.0433058 0.118553 2.60358e-05
0 0.295537 0.943737 0.0449587 0.112525 2.60395e-05
0 0.232562 0.687542 0.0981818 0.178835 2.60747e-05
0 0.760992 0.432686 0.0363636 0.1286 2.61797e-05
0 0.336033 0.383791 0.0439669 0.107167 2.62167e-05
0 0.0259504 0.0679839 0.0519008 0.135968 2.64191e-05
0 0.462479 0.284997 0.0370248 0.115874 2.65747e-05
0 0.837355 0.957133 0.0185124 0.0857334 2.68238e-05
0 0.124463 0.218687 0.065124 0.137307 2.68935e-05
0 0.267934 0.207301 0.0446281 0.16276 2.69186e-05
0 0.00677686 0.202947 0.0135537 0.180844 2.69558e-05
0 0.781983 0.0545881 0.0585124 0.109176 2.69634e-05
0 0.237851 0.781313 0.0571901 0.125251 2.6965e-05
0 0.223636 0.805425 0.086281 0.196249 2.69874e-05
0 0.43686 0.284662 0.04 0.116544 2.70452e-05
0 0.617025 0.748158 0.0353719 0.1286 2.71552e-05
0 0.463967 0.871735 0.0499174 0.144005 2.72076e-05
0 0.0528926 0.564635 0.0647934 0.152713 2.72371e-05
0 0.660331 0.482251 0.0426446 0.140656 2.74261e-05
0 0.18876 0.0498995 0.0535537 0.0997991 2.75635e-05
0 0.759835 0.349297 0.0505785 0.156062 2.7578e-05
0 0.00528926 0.041862 0.0105785 0.083724 2.77108e-05
0 0.502314 0.343269 0.0492562 0.165439 2.7971e-05
0 0.612066 0.0432016 0.0459504 0.0864032 2.81245e-05
0 0.236694 0.277294 0.0363636 0.109846 2.8133e-05
0 0.813058 0.955794 0.0208264 0.0884126 2.85812e-05
0 0.965785 0.489283 0.0426446 0.119893 2.86926e-05
0 0.734545 0.583389 0.0568595 0.150033 2.8742e-05
0 0.863471 0.944072 0.046281 0.111855 2.87736e-05
0 0.405455 0.849632 0.0393388 0.135968 2.91399e-05
0 0.594215 0.881112 0.048595 0.122572 2.9175e-05
0 0.601653 0.348292 0.0561983 0.152713 2.92107e-05
0 0.32595 0.943737 0.046281 0.112525 2.92967e-05
0 0.463636 0.942733 0.0380165 0.101139 2.93106e-05
0 0.587934 0.326859 0.0373554 0.108506 2.93427e-05
0 0.0218182 0.765908 0.0429752 0.141326 2.9481e-05
0 0.170413 0.997656 0.0333884 0.00468855 2.96902e-05
0 0.784628 0.378098 0.04 0.117214 3.02965e-05
0 0.33405 0.572338 0.0228099 0.142666 3.06664e-05
0 0.394215 0.948761 0.0413223 0.102478 3.07747e-05
0 0.932231 0.972873 0.0350413 0.0542532 3.08332e-05
0 0.309256 0.331547 0.0393388 0.109846 3.10191e-05
0 0.98843 0.56497 0.0231405 0.209645 3.10597e-05
0 0.0616529 0.213329 0.0664463 0.149364 3.11427e-05
0 0.182479 0.223711 0.0608264 0.124581 3.11625e-05
0 0.612066 0.284327 0.0373554 0.118553 3.1196e-05
0 0.0175207 0.0643001 0.0350413 0.1286 3.1282e-05
0 0.411074 0.884461 0.0419835 0.103818 3.13254e-05
0 0.78562 0.268922 0.0664463 0.16142 3.14e-05
0 0.651405 0.348292 0.061157 0.154052 3.14397e-05
0 0.63438 0.326524 0.0403306 0.113195 3.16804e-05
0 0.67157 0.0448761 0.0472727 0.0897522 3.17452e-05
0 0.419174 0.95144 0.0436364 0.0971199 3.1958e-05
0 0.408264 0.769926 0.0502479 0.237776 3.25144e-05
0 0.558678 0.0562626 0.0542149 0.112525 3.29109e-05
0 0.336198 0.297053 0.0641322 0.144005 3.30021e-05
0 0.986942 0.632284 0.0261157 0.158071 3.32188e-05
0 0.0804959 0.99933 0.031405 0.00133958 3.32835e-05
0 0.532066 0.752177 0.0333884 0.113865 3.33159e-05
0 0.3 0.616879 0.0433058 0.178165 3.3421e-05
0 0.464628 0.332887 0.0545455 0.158071 3.345e-05
0 0.36 0.96785 0.0442975 0.0643001 3.36714e-05
0 0.37124 0.045211 0.0515702 0.090422 3.36811e-05
0 0.267603 0.804421 0.061157 0.132619 3.36954e-05
0 0.482975 0.930342 0.0416529 0.139317 3.37161e-05
0 0.0922314 0.982585 0.0363636 0.0348292 3.37267e-05
0 0.242314 0.694575 0.0515702 0.101808 3.37737e-05
0 1 0.0572672 0 0.114534 3.38387e-05
0 0.78595 0.331212 0.0393388 0.111855 3.38495e-05
0 0.613884 0.328198 0.0363636 0.108506 3.39955e-05
0 0.785124 0.925653 0.0634711 0.148694 3.40468e-05
0 0.112231 0.943068 0.0393388 0.103148 3.41238e-05
0 0.269421 0.405559 0.0469421 0.149364 3.4359e-05
0 0.0570248 0.74079 0.0532231 0.156731 3.44032e-05
0 0.309917 0.968185 0.0433058 0.0636303 3.4418e-05
0 0.746116 0.67582 0.0442975 0.170127 3.45597e-05
0 0.244463 0.229404 0.0578512 0.111855 3.46296e-05
0 0.424628 0.836571 0.052562 0.204956 3.46772e-05
0 0.480661 0.640321 0.0304132 0.0991293 3.48383e-05
0 0.540496 0.35432 0.0568595 0.154052 3.50662e-05
0 0.0586777 0.690221 0.077686 0.157401 3.5233e-05
0 0.408926 0.0525787 0.0575207 0.105157 3.58143e-05
0 0.586942 0.656062 0.0433058 0.141326 3.583e-05
0 0.00727273 0.318151 0.0145455 0.159411 3.58618e-05
0 0.364298 0.234762 0.0409917 0.103818 3.61301e-05
0 0.136529 0.943403 0.0390083 0.105157 3.69679e-05
0 0.564297 0.882451 0.0476033 0.117214 3.69777e-05
0 0.854876 0.907234 0.0383471 0.118553 3.7037e-05
0 0.781488 0.964166 0.0290909 0.0716678 3.7041e-05
0 0.633884 0.93637 0.0545455 0.104488 3.73651e-05
0 0.631074 0.0519089 0.0568595 0.103818 3.756e-05
0 0.466116 0.937374 0.0700826 0.125251 3.76468e-05
0 0.309752 0.0448761 0.0522314 0.0897522 3.77068e-05
0 0.388926 0.431681 0.0433058 0.121232 3.77236e-05
0 0.0128926 0.844943 0.0257851 0.251172 3.77423e-05
0 0.460331 0.444072 0.0373554 0.113865 3.81234e-05
0 0.486116 0.0555928 0.0552066 0.111186 3.82198e-05
0 0.767273 0.970864 0.0310744 0.0582719 3.82434e-05
0 0.539174 0.933691 0.0839669 0.132619 3.85292e-05
0 0.467107 0.80777 0.0429752 0.148694 3.8561e-05
0 0.48843 0.442398 0.04 0.107837 3.86133e-05
0 0.0952066 1 0.0297521 0 3.86198e-05
0 0.578843 0.930007 0.0581818 0.139987 3.89643e-05
0 0.706446 0.0525787 0.058843 0.105157 3.90184e-05
0 0.332562 0.0475553 0.058843 0.0951105 3.91845e-05
0 0.267273 0.9357 0.048595 0.1286 3.92414e-05
0 0.817521 0.90355 0.0383471 0.158071 3.94579e-05
0 0.0105785 0.363697 0.021157 0.210315 3.9495e-05
0 0.758347 0.965506 0.0343802 0.0689886 3.95489e-05
0 0.916694 0.961487 0.0390083 0.0770261 4.03929e-05
0 0.35438 0.347957 0.0621488 0.144005 4.04463e-05
0 0.693719 0.353985 0.0545455 0.145345 4.07844e-05
0 0.636694 0.431011 0.0429752 0.103818 4.10294e-05
0 0.0249587 0.642331 0.0459504 0.133958 4.10408e-05
0 0.00826446 0.634963 0.0165289 0.144675 4.11986e-05
0 0.729917 0.924648 0.0542149 0.150703 4.13735e-05
0 0.919504 0.930677 0.0512397 0.138647 4.13992e-05
0 0.381488 0.98493 0.0297521 0.0301407 4.15151e-05
0 0.00842975 0.879102 0.0168595 0.135968 4.2126e-05
0 0.710744 0.96718 0.0409917 0.0656397 4.22066e-05
0 0.663306 0.992967 0.0380165 0.0140656 4.23213e-05
0 0.410744 0.280978 0.0413223 0.109176 4.236e-05
0 0.0404959 0.685198 0.0552066 0.109846 4.24704e-05
0 0.159669 0.375754 0.0495868 0.111186 4.2809e-05
0 0.483636 0.867381 0.0575207 0.188881 4.30288e-05
0 0.492231 0.550904 0.0264463 0.123912 4.30466e-05
0 0.234711 0.527127 0.0846281 0.198259 4.3081e-05
0 0.74 0.417616 0.0565289 0.133289 4.31446e-05
0 0.149091 0.980241 0.0628099 0.0395177 4.35876e-05
0 0.081157 0.940389 0.0591736 0.117883 4.37477e-05
0 0.987273 0.943403 0.0254545 0.113195 4.39281e-05
0 0.26 0.0485599 0.0598347 0.0971199 4.39531e-05
0 0.352231 0.436035 0.065124 0.116544 4.39615e-05
0 0.987438 0.277294 0.0224793 0.148694 4.40757e-05
0 0.835537 0.965841 0.0492562 0.0683188 4.42606e-05
0 0.559835 0.87006 0.0704132 0.200938 4.44726e-05
0 0.390579 0.343938 0.052562 0.149364 4.48954e-05
0 0.987603 0.0572672 0.0247934 0.114534 4.49782e-05
0 0.285124 0.96852 0.0426446 0.0629605 4.49795e-05
0 0.238017 0.48359 0.0442975 0.100469 4.50087e-05
0 0.0158678 0.914601 0.0317355 0.170797 4.52414e-05
0 0.0624793 0.781313 0.0383471 0.114534 4.5454e-05
0 0.299835 0.234762 0.0581818 0.102478 4.58091e-05
0 0.12562 0.984595 0.0297521 0.0308104 4.60228e-05
0 0.58595 0.83992 0.0459504 0.16075 4.61004e-05
0 0.727769 0.528801 0.0499174 0.138647 4.64238e-05
0 0.861653 0.950435 0.0241322 0.0991293 4.73655e-05
0 0.967273 0.942398 0.0581818 0.115204 4.74474e-05
0 0.660165 0.967515 0.0429752 0.0649699 4.74575e-05
0 0.713719 0.335566 0.0370248 0.116544 4.75439e-05
0 0.41438 0.684193 0.0320661 0.150703 4.78149e-05
0 0.481653 0.359344 0.0522314 0.148024 4.79651e-05
0 0.546942 0.998995 0.0300826 0.00200938 4.80253e-05
0 0.531901 0.998995 0.0304132 0.00200938 4.8106e-05
0 0.107273 0.929002 0.0618182 0.141996 4.81176e-05
0 0.0560331 0.697254 0.0406612 0.120563 4.85695e-05
0 0.477355 0.757535 0.0363636 0.183523 4.8659e-05
0 0.98595 0.583724 0.0280992 0.133289 4.86961e-05
0 0.00892562 0.446417 0.0178512 0.154722 4.88106e-05
0 0.695041 0.439049 0.0499174 0.102478 4.88696e-05
0 0.986281 0.432351 0.0261157 0.137307 4.91419e-05
0 0.480826 0.980911 0.0380165 0.0381782 4.97471e-05
0 0.903306 0.96651 0.0347107 0.0669792 4.99144e-05
0 0.986942 0.88848 0.0261157 0.223041 5.05226e-05
0 0.987107 0.683523 0.0224793 0.153382 5.05637e-05
0 0.612562 0.463496 0.0469421 0.140656 5.14987e-05
0 0.41719 0.361688 0.0515702 0.155392 5.20328e-05
0 0.025124 0.585399 0.046281 0.140656 5.21455e-05
0 0.415372 0.449766 0.0466116 0.139987 5.22977e-05
0 0.84876 0.980576 0.0307438 0.038848 5.27385e-05
0 0.373884 0.953449 0.0899174 0.0931011 5.27713e-05
0 0.763802 0.465506 0.0565289 0.117883 5.27958e-05
0 0.250744 0.352646 0.0604959 0.16008 5.28567e-05
0 0.46562 0.751842 0.0307438 0.157401 5.29109e-05
0 0.968595 0.0421969 0.0396694 0.0843938 5.31745e-05
0 0.637025 0.997321 0.0317355 0.00535834 5.32846e-05
0 0.155868 0.981916 0.0300826 0.0361688 5.34882e-05
0 0.276033 0.454789 0.0621488 0.186202 5.35277e-05
0 0.746446 0.546216 0.046281 0.168118 5.40401e-05
0 0.00793388 0.832217 0.0158678 0.139987 5.4054e-05
0 0.879669 0.904889 0.0449587 0.16209 5.42976e-05
0 0.727769 0.358674 0.0631405 0.189551 5.43783e-05
0 0.890248 0.952445 0.0370248 0.0951105 5.44852e-05
0 0.0747107 0.925653 0.0654545 0.148694 5.51033e-05
0 0.11405 0.974548 0.0608264 0.0509042 5.57538e-05
0 0.012562 0.741795 0.025124 0.240455 5.5891e-05
0 0.987934 0.222371 0.0241322 0.152713 5.60402e-05
0 0.555537 0.938044 0.048595 0.123912 5.67504e-05
0 0.00991736 0.045211 0.0198347 0.090422 5.70619e-05
0 0.844793 0.954789 0.0446281 0.090422 5.71365e-05
0 0.763636 0.508038 0.0595041 0.117214 5.73103e-05
0 0.397851 0.914936 0.073719 0.170127 5.74504e-05
0 0.220826 0.424313 0.0740496 0.16276 5.80165e-05
0 0.0684298 0.972539 0.042314 0.054923 5.84995e-05
0 0.0256198 0.942063 0.0512397 0.114534 5.86291e-05
0 0.011405 0.562626 0.0228099 0.164769 5.88418e-05
0 0.410083 0.969859 0.0499174 0.0602813 5.96856e-05
0 0.0214876 0.710985 0.0429752 0.134628 5.97223e-05
0 0.542479 0.756865 0.0343802 0.146015 5.98368e-05
0 0.110579 0.985265 0.0287603 0.0294709 6.10316e-05
0 0.0532231 0.931346 0.0654545 0.107837 6.1133e-05
0 0.592231 0.998995 0.0300826 0.00200938 6.15006e-05
0 0.987438 0.236102 0.025124 0.255191 6.25034e-05
0 0.426612 0.98426 0.031405 0.0314802 6.25402e-05
0 0.396694 0.98493 0.0290909 0.0301407 6.30043e-05
0 0.0109091 0.683188 0.0218182 0.136638 6.31728e-05
0 0.0527273 0.804756 0.0624793 0.134628 6.36265e-05
0 0.644298 0.949096 0.0390083 0.101808 6.37912e-05
0 0.314215 0.412592 0.0552066 0.117883 6.38563e-05
0 0.41157 0.984595 0.0304132 0.0308104 6.38855e-05
0 0.513223 0.448426 0.0380165 0.107837 6.3907e-05
0 0.257851 0.489283 0.0515702 0.178835 6.40218e-05
0 0.987273 0.936035 0.0234711 0.125251 6.42329e-05
0 0.621983 0.998326 0.0307438 0.00334896 6.5071e-05
0 0.561983 0.99866 0.0304132 0.00267917 6.54309e-05
0 0.607107 0.99866 0.0300826 0.00267917 6.54706e-05
0 0.600165 0.566309 0.0320661 0.12927 6.60132e-05
0 0.380165 0.956464 0.0429752 0.087073 6.62078e-05
0 0.00859504 0.781313 0.0171901 0.138647 6.64397e-05
0 0.712893 0.798058 0.061157 0.149364 6.70907e-05
0 0.50595 0.928667 0.0558678 0.142666 6.81934e-05
0 0.381157 0.258205 0.0489256 0.172137 6.89614e-05
0 0.576033 0.978902 0.0644628 0.0421969 6.99702e-05
0 0.68595 0.978567 0.0727273 0.0428667 6.99718e-05
0 0.879008 0.986604 0.0238017 0.0267917 7.00617e-05
0 0.0219835 0.83791 0.0439669 0.146015 7.0196e-05
0 0.257521 0.678165 0.0416529 0.142666 7.1618e-05
0 0.436529 0.457803 0.0413223 0.146685 7.16859e-05
0 0.577025 0.99866 0.0300826 0.00267917 7.19698e-05
0 0.64843 0.992297 0.0366942 0.0154052 7.23774e-05
0 0.537686 0.942063 0.0439669 0.0944407 7.3514e-05
0 0.539174 0.445747 0.0376859 0.107837 7.49844e-05
0 0.984463 0.529806 0.0310744 0.121902 7.55763e-05
0 0.488926 0.940723 0.0489256 0.0931011 7.59774e-05
0 0.715041 0.971534 0.0601653 0.0569324 7.60758e-05
0 0.501488 0.977562 0.0654545 0.0448761 7.64533e-05
0 0.0110744 0.673811 0.0221488 0.167448 7.73921e-05
0 0.441653 0.98292 0.0330578 0.0341594 7.8622e-05
0 0.538678 0.978232 0.065124 0.0435365 7.91229e-05
0 0.989587 0.691561 0.0208264 0.22572 7.94786e-05
0 0.0552066 0.949766 0.0456198 0.100469 8.02226e-05
0 0.678512 0.951105 0.0466116 0.0977897 8.07566e-05
0 0.486777 0.98292 0.0327273 0.0341594 8.11655e-05
0 0.441488 0.955124 0.0452893 0.0897522 8.12157e-05
0 0.0558678 0.976557 0.0654545 0.0468855 8.12459e-05
0 0.469752 0.95144 0.0396694 0.0971199 8.13282e-05
0 0.611736 0.946417 0.0446281 0.0977897 8.20491e-05
0 0.140496 0.98292 0.0290909 0.0341594 8.22331e-05
0 0.712727 0.378433 0.0390083 0.113865 8.30509e-05
0 0.278017 0.167448 0.0390083 0.111186 8.30575e-05
0 0.465455 0.978232 0.0667769 0.0435365 8.34436e-05
0 0.505289 0.982251 0.0366942 0.035499 8.34936e-05
0 0.456529 0.98292 0.0323967 0.0341594 8.35815e-05
0 0.989091 0.362358 0.0218182 0.206296 8.42162e-05
0 0.0092562 0.730743 0.0185124 0.135298 8.45249e-05
0 0.0492562 0.994642 0.0376859 0.0107167 8.52151e-05
0 0.562975 0.440723 0.0376859 0.108506 8.69144e-05
0 0.0132231 0.915606 0.0264463 0.137977 8.74972e-05
0 0.70843 0.747153 0.0396694 0.125251 8.90447e-05
0 0.561818 0.9501 0.0406612 0.0890824 9.06223e-05
0 0.988926 0.820831 0.0221488 0.221701 9.08235e-05
0 0.98843 0.884461 0.0204959 0.137307 9.1067e-05
0 0.204959 0.937374 0.0456198 0.125251 9.22661e-05
0 0.742149 0.966175 0.0330578 0.067649 9.27399e-05
0 0.987934 0.491293 0.0241322 0.19491 9.27816e-05
0 0.968099 0.971199 0.0433058 0.0576021 9.38017e-05
0 0.692066 0.960482 0.0373554 0.0790355 9.47795e-05
0 0.745124 0.972204 0.0628099 0.0555928 9.51638e-05
0 0.390909 0.980911 0.0671074 0.0381782 9.54596e-05
0 0.42843 0.979906 0.0680992 0.0401875 9.55983e-05
0 0.34595 0.569658 0.0340496 0.113195 9.56858e-05
0 0.555868 0.980911 0.0393388 0.0381782 9.59785e-05
0 0.347769 0.934025 0.0561983 0.131949 9.67626e-05
0 0.00710744 0.978232 0.0142149 0.0435365 9.74107e-05
0 0.80281 0.972539 0.0631405 0.054923 9.77123e-05
0 0.656198 0.568654 0.0304132 0.133958 9.88843e-05
0 0.384959 0.27495 0.0373554 0.0957803 9.88986e-05
0 0.135537 0.967515 0.0416529 0.0649699 9.98168e-05
0 0.0102479 0.795044 0.0204959 0.164769 9.99307e-05
0 0.541157 0.83992 0.0429752 0.171467 0.000100035
0 0.616033 0.979571 0.0657851 0.0408573 0.000100701
0 0.367769 0.278634 0.04 0.0910918 0.00010166
0 0.586281 0.748493 0.0294215 0.16276 0.00010412
0 0.990744 0.968855 0.0185124 0.0622907 0.000104159
0 0.714876 0.557267 0.0439669 0.171467 0.000106094
0 0.0447934 0.732753 0.0452893 0.105827 0.000107312
0 0.651901 0.979906 0.0654545 0.0401875 0.000110303
0 0.274876 0.304756 0.0538843 0.146015 0.000111673
0 0.617851 0.929002 0.0561983 0.141996 0.000112788
0 0.73719 0.792699 0.0634711 0.141326 0.000114534
0 0.501818 0.98292 0.0323967 0.0341594 0.000115092
0 0.385289 0.239116 0.0340496 0.100469 0.000115259
0 0.629421 0.5643 0.0297521 0.13061 0.000115593
0 0.697355 0.978567 0.0360331 0.0428667 0.000117173
0 0.978182 0.990288 0.0409917 0.019424 0.000117868
0 0.471074 0.982585 0.0330578 0.0348292 0.000120439
0 0.342479 0.956464 0.0403306 0.087073 0.000120745
0 0.775041 0.972539 0.0631405 0.054923 0.000122355
0 0.240496 0.942733 0.0532231 0.114534 0.000123058
0 0.180992 0.940723 0.0426446 0.118553 0.000126724
0 0.36595 0.98426 0.0290909 0.0314802 0.000127237
0 0.680826 0.667448 0.0472727 0.169457 0.000129233
0 0.300826 0.364702 0.0528926 0.150703 0.00013181
0 0.0252893 0.977227 0.0505785 0.0455459 0.000131884
0 0.516529 0.98359 0.0320661 0.0328198 0.0001327
0 0.676364 0.523108 0.0509091 0.154052 0.000133851
0 0.985124 0.483925 0.0297521 0.122572 0.000134221
0 0.091405 0.949096 0.0519008 0.101808 0.000136359
0 0.399835 0.459812 0.0452893 0.126591 0.000142914
0 0.311901 0.472539 0.0426446 0.144005 0.000147509
0 0.455041 0.959478 0.0393388 0.0810449 0.000147907
0 0.292066 0.973878 0.0644628 0.0522438 0.000147974
0 0.0558678 0.974548 0.0343802 0.0509042 0.00014894
0 0.322645 0.974548 0.0634711 0.0509042 0.000152577
0 0.350909 0.982585 0.0300826 0.0348292 0.000152737
0 0.257355 0.54722 0.0459504 0.136638 0.000153308
0 0.185455 0.980911 0.0284298 0.0381782 0.000154674
0 0.743141 0.937374 0.0449587 0.125251 0.000160003
0 0.629091 0.956129 0.0409917 0.0877428 0.000160877
0 0.580661 0.544206 0.0327273 0.137307 0.000161369
0 0.281488 0.360348 0.0512397 0.136638 0.000163257
0 0.135537 0.936705 0.0476033 0.126591 0.000163616
0 0.956198 0.957803 0.0419835 0.0843938 0.000164788
0 0.0304132 0.95278 0.0581818 0.0944407 0.000165769
0 0.0859504 0.973878 0.0495868 0.0522438 0.000172818
0 0.987603 0.168453 0.0195041 0.186872 0.000172914
0 0.0166942 0.962157 0.0333884 0.0756865 0.000176597
0 0.904628 0.936705 0.0459504 0.126591 0.000176605
0 0.681818 0.979571 0.0347107 0.0408573 0.000177128
0 0.875703 0.947086 0.0297521 0.105827 0.000181243
0 0.941653 0.972539 0.0452893 0.054923 0.000182307
0 0.677686 0.5643 0.0284298 0.139987 0.000185119
0 0.0644628 0.996651 0.0350413 0.00669792 0.000187696
0 0.200496 0.981916 0.0280992 0.0361688 0.000188262
0 0.117521 0.957468 0.0406612 0.0850636 0.000190298
0 0.0446281 0.964501 0.0383471 0.070998 0.000190891
0 0.166612 0.946752 0.0409917 0.106497 0.000195735
0 0.991736 0.188212 0.0165289 0.262559 0.000195804
0 0.275702 0.130275 0.0317355 0.114534 0.000197533
0 0.93157 0.954119 0.0469421 0.0917616 0.000198431
0 0.989917 0.986939 0.0201653 0.0261219 0.000199475
0 0.767934 0.944407 0.0409917 0.111186 0.000205165
0 0.53124 0.953115 0.0436364 0.0937709 0.000208328
0 0.170413 0.964166 0.0360331 0.0716678 0.000211072
0 0.817686 0.977897 0.0347107 0.0442063 0.000214976
0 0.260826 0.971869 0.0542149 0.0562626 0.000215359
0 0.449752 0.751172 0.0300826 0.181514 0.000226777
0 0.951736 0.99933 0.0297521 0.00133958 0.000228308
0 0.151736 0.946417 0.0469421 0.107167 0.000231664
0 0.215372 0.981916 0.0287603 0.0361688 0.000238777
0 0.30562 0.980241 0.0307438 0.0395177 0.000241153
0 0.61157 0.970529 0.0509091 0.0589417 0.000242046
0 0.802314 0.976892 0.0357025 0.0462157 0.000242196
0 0.52595 0.64367 0.0284298 0.121902 0.000254102
0 0.850744 0.951775 0.0221488 0.0964501 0.000256699
0 0.726942 0.977562 0.0357025 0.0448761 0.000259942
0 0.21686 0.958138 0.0363636 0.083724 0.000263184
0 0.755537 0.71132 0.0690909 0.103148 0.000268398
0 0.989917 0.9501 0.0201653 0.0997991 0.000269598
0 0.982149 0.038848 0.0310744 0.0776959 0.000269824
0 0.757025 0.976892 0.0363636 0.0462157 0.000275228
0 0.203802 0.970529 0.0512397 0.0589417 0.000280146
0 0.27124 0.143336 0.0452893 0.188881 0.000289851
0 0.741818 0.977227 0.0357025 0.0455459 0.00029313
0 0.592066 0.954119 0.0522314 0.0917616 0.000296405
0 0.00181818 0.985599 0.00363636 0.0288011 0.000302844
0 0.290083 0.980241 0.031405 0.0395177 0.000313786
0 0.229917 0.971869 0.0519008 0.0562626 0.000320644
0 0.604793 0.505693 0.0393388 0.159411 0.000320731
0 0.26 0.980911 0.031405 0.0381782 0.000342016
0 0.711901 0.977897 0.0353719 0.0442063 0.000342594
0 0.738017 0.496316 0.0406612 0.116544 0.000346057
0 0.720331 0.670797 0.0403306 0.144005 0.000349933
0 0.245124 0.981246 0.0307438 0.0375084 0.000352069
0 0.275207 0.980911 0.031405 0.0381782 0.000366825
0 0.230413 0.981246 0.0297521 0.0375084 0.000372079
0 0.786777 0.976222 0.0370248 0.0475553 0.000378378
0 0.586942 0.973208 0.0552066 0.0535834 0.000379332
0 0.538512 0.973543 0.0502479 0.0529136 0.000393719
0 0.0140496 0.982585 0.0280992 0.0348292 0.000414143
0 0.00859504 0.946417 0.0171901 0.107167 0.000418816
0 0.303967 0.567314 0.0327273 0.156731 0.000420581
0 0.320331 0.979571 0.0310744 0.0408573 0.000431041
0 0.772066 0.976557 0.0360331 0.0468855 0.000431142
0 0.249917 0.748493 0.0720661 0.111855 0.000466083
0 0.493058 0.958808 0.0433058 0.0823845 0.000467664
0 0.609752 0.738111 0.0439669 0.206296 0.000486076
0 0.335207 0.980576 0.0310744 0.038848 0.000498893
0 0.745785 0.754856 0.0581818 0.111186 0.00050454
0 0.0191736 0.993972 0.0383471 0.0120563 0.000516596
0 0.719008 0.441393 0.0469421 0.140656 0.000560422
0 0.568264 0.961487 0.0449587 0.0770261 0.000586083
0 0.284132 0.676155 0.0505785 0.135968 0.000586546
0 0.332231 0.550234 0.0416529 0.141326 0.00058718
0 0.00942149 0.971869 0.018843 0.0562626 0.000650271
0 0.304132 0.747823 0.0515702 0.122572 0.000687363
0 0.344132 0.724046 0.0561983 0.178165 0.000759022
0 0.790909 0.942733 0.0340496 0.114534 0.000797092
0 0.466612 0.67582 0.0280992 0.123242 0.00080521
0 0.989421 0.0753516 0.0178512 0.133289 0.000987732
0 0.517025 0.959812 0.042314 0.0803751 0.0010322
0 0.990083 0.115874 0.0198347 0.231748 0.00111309
0 0.0319008 0.992297 0.0433058 0.0154052 0.00126262
0 0.639669 0.517749 0.0396694 0.16075 0.00139055
0 0.650413 0.626256 0.0492562 0.222371 0.00139586
0 0.501818 0.478902 0.0449587 0.151373 0.00145875
0 0.743636 0.471534 0.0710744 0.140656 0.00148486
0 0.585455 0.488948 0.0350413 0.168788 0.00175427
0 0.700661 0.715338 0.0565289 0.119223 0.00198575
0 0.990909 0.0512391 0.0181818 0.102478 0.0022803
0 0.665124 0.714668 0.0396694 0.139317 0.00228191
0 0.516033 0.657736 0.0204959 0.119223 0.00237189
0 0.450083 0.491628 0.0320661 0.170127 0.0025171
0 0.533058 0.520429 0.0254545 0.146015 0.00266082
0 0.732231 0.683858 0.0502479 0.100469 0.00302199
0 0.552727 0.674146 0.0310744 0.125251 0.00303712
0 0.360165 0.62994 0.0532231 0.220362 0.00439234
0 0.269752 0.747823 0.0555372 0.0917616 0.00468404
0 0.267769 0.478232 0.0449587 0.109846 0.00657543
0 0.369256 0.529136 0.046281 0.171467 0.00706003
0 0.444463 0.690556 0.0380165 0.16075 0.00819061
0 0.390413 0.728399 0.0515702 0.16276 0.00907452
0 0.554711 0.522438 0.0310744 0.152713 0.0099233
0 0.319669 0.64568 0.0522314 0.203617 0.0156153
0 0.557686 0.718017 0.0330578 0.170127 0.0244747
0 0.519669 0.698259 0.0284298 0.168118 0.0427498
0 0.478843 0.697589 0.141818 0.185532 0.0596058
0 0.339669 0.666108 0.115372 0.316812 0.0739206
0 0.633884 0.668453 0.111405 0.304086 0.101303
0 0.400331 0.528131 0.113058 0.16142 0.125305
0 0.567107 0.698593 0.0757025 0.166109 0.17028
0 0.34843 0.537173 0.117686 0.16209 0.188524
0 0.613719 0.528131 0.104793 0.158741 0.191918
0 0.502149 0.685867 0.0601653 0.148694 0.217397
0 0.463802 0.697924 0.058843 0.175486 0.238056
0 0.487603 0.509377 0.0780165 0.156062 0.241929
0 0.607273 0.70931 0.0978512 0.168788 0.242629
0 0.678347 0.531815 0.0998347 0.174146 0.290255
0 0.550579 0.511052 0.0657851 0.16209 0.298276
0 0.425124 0.715673 0.067438 0.182853 0.305616
0 0.435372 0.511386 0.0634711 0.156062 0.320959
0 0.297521 0.72639 0.0859504 0.126591 0.342414
0 0.706942 0.509377 0.0585124 0.164099 0.37477
0 0.299835 0.5 0.0495868 0.164099 0.457445
0 0.496694 0.686202 0.0261157 0.172137 0.60283
0 0.544463 0.695244 0.0350413 0.178165 0.625675
0 0.508099 0.683188 0.0284298 0.174146 0.716967
0 0.53124 0.689216 0.0323967 0.179504 0.748144
0 0.412562 0.512726 0.0350413 0.180174 0.758862
0 0.478182 0.690891 0.0241322 0.177495 0.764486
0 0.275372 0.712324 0.0542149 0.115874 0.771331
0 0.593388 0.524782 0.0363636 0.168118 0.784579
0 0.437355 0.507033 0.0304132 0.183523 0.789232
0 0.569752 0.517749 0.0320661 0.159411 0.789341
0 0.570413 0.705291 0.031405 0.180844 0.796559
0 0.457355 0.71132 0.0267769 0.196919 0.801398
0 0.730909 0.728399 0.0495868 0.119893 0.810342
0 0.619174 0.528466 0.0370248 0.159411 0.817456
0 0.544628 0.513061 0.0287603 0.155392 0.81894
0 0.288099 0.476557 0.0380165 0.121232 0.823529
0 0.435041 0.716008 0.0297521 0.184863 0.827477
0 0.518678 0.511052 0.0310744 0.159411 0.828408
0 0.462975 0.512056 0.0254545 0.16142 0.829202
0 0.488264 0.510382 0.0290909 0.16209 0.83499
0 0.407603 0.725385 0.0330578 0.183523 0.839172
0 0.724628 0.480241 0.0436364 0.105827 0.840339
0 0.59686 0.713664 0.0347107 0.174816 0.845253
0 0.38595 0.531145 0.0360331 0.159411 0.857613
0 0.652727 0.539183 0.0479339 0.16209 0.861822
0 0.31405 0.544541 0.0370248 0.16075 0.862305
0 0.352397 0.535834 0.0476033 0.166109 0.86637
0 0.634545 0.715673 0.0538843 0.172137 0.870183
0 0.69438 0.543536 0.0413223 0.16276 0.87212
0 0.68281 0.717013 0.0604959 0.158741 0.873816
0 0.320661 0.726725 0.0687603 0.167448 0.886306
0 0.369091 0.731078 0.0598347 0.174816 0.901459
