0 0.586474 0.0332215 0.0421286 0.066443 1.05774e-05
0 0.590724 0.665101 0.0306726 0.114094 1.05891e-05
0 0.511826 0.0375839 0.0391722 0.0751678 1.06422e-05
0 0.787324 0.349664 0.0417591 0.100671 1.0666e-05
0 0.390798 0.057047 0.0550628 0.114094 1.07028e-05
0 0.968404 0.999329 0.0181079 0.00134228 1.0741e-05
0 0.0430525 0.990268 0.0321508 0.0194631 1.07586e-05
0 0.20473 0.909396 0.0347376 0.0939597 1.07592e-05
0 0.316334 0.850671 0.075388 0.138926 1.0783e-05
0 0.963599 0.209732 0.0439763 0.110738 1.07873e-05
0 0.486142 0.840268 0.0469327 0.0993289 1.07951e-05
0 0.242424 0.90906 0.0347376 0.0879195 1.08298e-05
0 0.935514 0.710738 0.0424982 0.108725 1.0834e-05
0 0.906504 0.445638 0.0495196 0.205369 1.08831e-05
0 0.665188 0.340268 0.0473023 0.0979866 1.09772e-05
0 0.224316 0.871141 0.0443459 0.186577 1.0994e-05
0 0.187177 0.168121 0.0432373 0.109396 1.10389e-05
0 0.446231 0.0912752 0.0587583 0.143624 1.10775e-05
0 0.337398 0.949329 0.0317812 0.101342 1.1151e-05
0 0.610495 0.885906 0.0583888 0.10604 1.1182e-05
0 0.210643 0.211409 0.045085 0.114094 1.11954e-05
0 0.211197 0.167785 0.0439763 0.108725 1.12028e-05
0 0.352919 0.935235 0.0709534 0.12953 1.12107e-05
0 0.277716 0.951007 0.0129342 0.0979866 1.12156e-05
0 0.965632 0.531544 0.0413895 0.114094 1.12351e-05
0 0.212676 0.347651 0.0439763 0.104698 1.12502e-05
0 0.106061 0.628188 0.0546933 0.197315 1.12768e-05
0 0.555063 0.187584 0.0606061 0.216779 1.12769e-05
0 0.570953 0.575503 0.022912 0.104027 1.12795e-05
0 0.964338 1 0.0683666 0 1.12877e-05
0 0.535662 0.252013 0.0461936 0.142953 1.13012e-05
0 0.507576 0.34698 0.0343681 0.108725 1.13143e-05
0 0.345898 0.0580537 0.0546933 0.116107 1.13647e-05
0 0.336475 0.0325503 0.04102 0.0651007 1.13697e-05
0 0.861973 0.258054 0.04102 0.112081 1.14445e-05
0 0.784922 0.996309 0.0628234 0.00738255 1.14798e-05
0 0.507391 0.630872 0.0317812 0.085906 1.14863e-05
0 0.853659 0.956376 0.0140429 0.0872483 1.14931e-05
0 0.237251 0.0325503 0.0391722 0.0651007 1.15376e-05
0 0.282705 0.929866 0.0177384 0.140268 1.15655e-05
0 0.00702143 0.090604 0.0140429 0.138255 1.16272e-05
0 0.38932 0.963087 0.0838877 0.0738255 1.165e-05
0 0.488174 0.302013 0.0332594 0.112752 1.16964e-05
0 0.0661493 0.975839 0.0162602 0.0483221 1.17221e-05
0 0.906689 0.991946 0.0121951 0.0161074 1.17256e-05
0 0.386364 0.0328859 0.0417591 0.0657718 1.17535e-05
0 0.65558 0.0385906 0.0495196 0.0771812 1.17831e-05
0 0.937731 0.304698 0.0439763 0.118121 1.18785e-05
0 0.210643 0.393289 0.0443459 0.107383 1.18943e-05
0 0.585551 0.809732 0.0461936 0.14698 1.19007e-05
0 0.425536 0.982886 0.0121951 0.0342282 1.19064e-05
0 1 0.864094 0 0.157718 1.19261e-05
0 0.845344 0.994631 0.0676275 0.0107383 1.19394e-05
0 0.575388 0.984899 0.0118256 0.0302013 1.19589e-05
0 1 0.366443 0 0.179866 1.19767e-05
0 0.456948 0.661074 0.0314117 0.120805 1.20124e-05
0 0.160754 0.0315436 0.0391722 0.0630872 1.20198e-05
0 0.0631929 0.992282 0.0716925 0.0154362 1.2034e-05
0 0.900961 0.200336 0.0635625 0.130872 1.20406e-05
0 0.912047 0.670134 0.0458241 0.112081 1.20564e-05
0 0.91371 0.348658 0.04102 0.113423 1.20825e-05
0 0.837214 0.393289 0.04102 0.107383 1.20855e-05
0 0.174427 0.873825 0.102735 0.190604 1.21354e-05
0 0.04915 0.36745 0.052476 0.128188 1.21356e-05
0 0.111973 0.706376 0.0576497 0.105369 1.21381e-05
0 0.46286 0.0385906 0.0417591 0.0771812 1.21744e-05
0 0.981523 1 0.0369549 0 1.22497e-05
0 0.862158 0.348322 0.0413895 0.107383 1.22509e-05
0 0.810791 0.166779 0.0428677 0.108054 1.22509e-05
0 0.395787 0.983221 0.0118256 0.033557 1.22729e-05
0 0.00794531 0.707047 0.0158906 0.152349 1.22754e-05
0 0.114375 0.80302 0.0528455 0.124161 1.23028e-05
0 0.0864745 0.0345638 0.0406504 0.0691275 1.23065e-05
0 0.354767 0.909396 0.0546933 0.162416 1.23132e-05
0 0.300813 0.654027 0.0539542 0.12953 1.23509e-05
0 0.669993 0.956376 0.0258684 0.0456376 1.23741e-05
0 0.631929 0.938255 0.0362158 0.114094 1.23776e-05
0 0.242609 0.994631 0.00923873 0.0107383 1.2421e-05
0 0.0890613 0.620805 0.0428677 0.100671 1.24223e-05
0 0.113267 0.481544 0.0388027 0.116107 1.24386e-05
0 0.104767 0.871477 0.0594974 0.179195 1.24996e-05
0 0.210828 0.257383 0.0461936 0.110738 1.25115e-05
0 0.887472 0.438255 0.0388027 0.111409 1.25543e-05
0 0.112158 0.258054 0.0380636 0.124161 1.2565e-05
0 0.789542 0.941946 0.0395418 0.116107 1.25808e-05
0 0.997783 0.788255 0.00443459 0.224832 1.25952e-05
0 0.761826 0.0352349 0.04102 0.0704698 1.26083e-05
0 0.384146 0.80302 0.0439763 0.104027 1.26087e-05
0 0.121212 0.995302 0.0657797 0.00939597 1.26165e-05
0 0.765521 0.211409 0.0447154 0.104698 1.26541e-05
0 0.657428 0.938926 0.0288248 0.122148 1.26814e-05
0 0.817997 0.790604 0.0668884 0.194631 1.2696e-05
0 0.711013 0.840604 0.0480414 0.101342 1.2725e-05
0 1 0.956376 0 0.0872483 1.27433e-05
0 0.605506 0.985906 0.011456 0.0281879 1.27578e-05
0 0.596637 0.542953 0.0284553 0.139597 1.27605e-05
0 0.0572801 0.976174 0.0243902 0.047651 1.27705e-05
0 0.596452 0.858725 0.0495196 0.118792 1.27728e-05
0 0.540466 0.612752 0.0388027 0.114094 1.27803e-05
0 0.845898 0.302349 0.0724316 0.165772 1.27912e-05
0 0.408906 0.420134 0.0328899 0.17047 1.28188e-05
0 0.754804 0.842953 0.0750185 0.225503 1.28308e-05
0 0.0920177 0.907047 0.045085 0.15906 1.28411e-05
0 0.443829 0.780201 0.0406504 0.113423 1.28517e-05
0 0.597376 0.60604 0.0358463 0.085906 1.28866e-05
0 0.162417 0.299329 0.0461936 0.112752 1.29395e-05
0 0.155211 0.792953 0.0635625 0.199329 1.2958e-05
0 0.861973 0.302013 0.0417591 0.111409 1.29875e-05
0 0.910754 0.801007 0.0417591 0.105369 1.30025e-05
0 0.56153 0.894295 0.0380636 0.1 1.30211e-05
0 0.211382 0.301678 0.0458241 0.106711 1.30395e-05
0 0.913895 0.303691 0.0413895 0.110738 1.30598e-05
0 0.937546 0.0291946 0.0413895 0.0583893 1.30776e-05
0 0.813193 0.393624 0.0402809 0.105369 1.31233e-05
0 0.334812 0.398322 0.0465632 0.101342 1.31242e-05
0 0.977458 0.943624 0.0428677 0.112752 1.31343e-05
0 0.811715 0.117785 0.0447154 0.105369 1.31365e-05
0 0.365115 0.985235 0.0110865 0.0295302 1.31531e-05
0 0.868256 0.538591 0.0609756 0.203356 1.31712e-05
0 0.267738 0.909396 0.0343681 0.0979866 1.31944e-05
0 0.345898 0.701678 0.0569106 0.124161 1.32218e-05
0 0.788248 0.119128 0.0443459 0.108054 1.32575e-05
0 0.862158 0.394966 0.0413895 0.108054 1.32955e-05
0 0.651885 0.310403 0.0517369 0.120134 1.3341e-05
0 0.964338 0.0536913 0.0521064 0.107383 1.33746e-05
0 0.459904 0.885235 0.0498891 0.100671 1.3396e-05
0 0.381005 0.763087 0.0421286 0.128859 1.34277e-05
0 0.161678 0.212752 0.0432373 0.114094 1.34584e-05
0 0.512195 0.939597 0.0347376 0.0926175 1.34592e-05
0 0.186438 0.194966 0.0668884 0.133557 1.34959e-05
0 0.181079 0.994295 0.0665189 0.0114094 1.35213e-05
0 0.722838 0.874497 0.0635625 0.17047 1.35363e-05
0 0.361419 0.0318792 0.0413895 0.0637584 1.36058e-05
0 0.96323 0.305369 0.0454545 0.119463 1.36241e-05
0 0.394863 0.968121 0.0698448 0.0637584 1.36347e-05
0 0.111234 0.033557 0.0399113 0.0671141 1.36484e-05
0 0.80765 0.926846 0.0158906 0.146309 1.36848e-05
0 0.689394 0.97349 0.0742794 0.0530201 1.36856e-05
0 0.965078 0.438255 0.0432373 0.116779 1.36876e-05
0 0.587214 0.372148 0.0583888 0.210067 1.37188e-05
0 0.0136733 0.0674497 0.0273466 0.134899 1.37392e-05
0 0.162417 0.348993 0.0439763 0.10604 1.38023e-05
0 0.707502 0.928188 0.0166297 0.143624 1.38095e-05
0 0.525129 0.462752 0.0421286 0.163087 1.38895e-05
0 0.597931 0.734899 0.0206948 0.167785 1.38936e-05
0 0.922579 0.956376 0.0321508 0.0872483 1.38986e-05
0 0.565965 0.208054 0.0447154 0.119463 1.3976e-05
0 0.743348 0.254698 0.0476718 0.133557 1.39779e-05
0 0.436068 0.257383 0.0399113 0.109396 1.39832e-05
0 0.535846 0.89396 0.0362158 0.0979866 1.39965e-05
0 0.629527 0.96745 0.0794531 0.0651007 1.4002e-05
0 0.394124 0.553356 0.0343681 0.114765 1.40137e-05
0 0.578344 0.934899 0.0576497 0.130201 1.40375e-05
0 0.565041 0.348993 0.0369549 0.0966443 1.40468e-05
0 0.657058 0.517114 0.0369549 0.142953 1.41335e-05
0 0.133038 0.564094 0.0620843 0.180537 1.41813e-05
0 0.868441 0.789597 0.0613452 0.204698 1.41976e-05
0 0.136179 0.0322148 0.0402809 0.0644295 1.42016e-05
0 0.526977 0.871477 0.0554324 0.185906 1.42065e-05
0 0.848854 0.0751678 0.0849963 0.150336 1.42082e-05
0 0.860126 0.934899 0.0203252 0.130201 1.42115e-05
0 0.855691 0.957047 0.0291944 0.0442953 1.42541e-05
0 0.797118 0.537584 0.0665189 0.107383 1.42596e-05
0 0.0800074 0.899664 0.116408 0.200671 1.42723e-05
0 0.248522 0.864765 0.0971914 0.204698 1.42832e-05
0 0.694937 0.993624 0.011456 0.0127517 1.42958e-05
0 0.837029 0.347987 0.0406504 0.105369 1.43072e-05
0 0.486696 0.445302 0.0399113 0.112081 1.4332e-05
0 0.560421 0.930872 0.0535846 0.0885906 1.43435e-05
0 0.913341 0.393624 0.0402809 0.109396 1.43908e-05
0 0.737435 0.940604 0.0269771 0.118792 1.43921e-05
0 0.0606061 0.814094 0.0761271 0.139597 1.44001e-05
0 0.724501 0.99698 0.011456 0.00604027 1.44322e-05
0 0.578714 0.319128 0.0539542 0.145638 1.44447e-05
0 0.786955 0.71443 0.0513673 0.104027 1.44993e-05
0 0.635255 0.988591 0.0110865 0.0228188 1.45333e-05
0 0.978197 0.95 0.0436068 0.1 1.45352e-05
0 0.805617 0.953356 0.15595 0.0932886 1.45386e-05
0 0.985588 0.903691 0.0288248 0.192617 1.46247e-05
0 0.0358463 1 0.0162602 0 1.46556e-05
0 0.283259 0.936913 0.026238 0.126174 1.46592e-05
0 0.468958 0.97047 0.0650406 0.0590604 1.47199e-05
0 0.272173 0.634564 0.0535846 0.110738 1.47353e-05
0 0.0559867 0.957383 0.0173688 0.0852349 1.48044e-05
0 0.310791 0.758389 0.0657797 0.120805 1.48493e-05
0 0.260163 0.259396 0.0399113 0.109396 1.48612e-05
0 0.732077 0.925503 0.0155211 0.148993 1.49365e-05
0 0.950296 0.758054 0.0920177 0.161745 1.49967e-05
0 0.905211 0.994631 0.0698448 0.0107383 1.50102e-05
0 0.420362 0.54698 0.0284553 0.127517 1.50327e-05
0 0.42184 0.72651 0.0218034 0.11745 1.5033e-05
0 0.564856 0.859396 0.0476718 0.112081 1.50421e-05
0 0.199741 0.585906 0.0572801 0.120805 1.5055e-05
0 0.586105 0.886577 0.0554324 0.0993289 1.50565e-05
0 0.585735 0.947987 0.0258684 0.104027 1.50623e-05
0 0.915558 0.975839 0.0846268 0.0483221 1.51121e-05
0 0.0879527 0.447987 0.0628234 0.210067 1.51204e-05
0 0.763119 0.166779 0.0465632 0.108054 1.51305e-05
0 0.676275 0.941946 0.0258684 0.116107 1.51873e-05
0 0.0127494 0.578188 0.0254989 0.203356 1.52375e-05
0 0.570584 0.767785 0.0236511 0.155705 1.52397e-05
0 0.843866 0.917785 0.0461936 0.16443 1.52686e-05
0 0.884885 0.669463 0.04915 0.110738 1.52868e-05
0 0.488729 0.394631 0.0358463 0.10604 1.53714e-05
0 0.865669 0.952013 0.160754 0.0959732 1.53863e-05
0 0.113452 0.748658 0.052476 0.124161 1.54307e-05
0 0.988359 0.741611 0.0232816 0.189262 1.54529e-05
0 0.196415 0.0456376 0.0683666 0.0912752 1.54572e-05
0 0.655211 0.36745 0.0539542 0.105369 1.55258e-05
0 0.540281 0.115101 0.0569106 0.167114 1.55428e-05
0 0.723762 0.99396 0.0661493 0.0120805 1.5563e-05
0 0.18847 0.941611 0.0369549 0.116779 1.55709e-05
0 0.762749 0.301007 0.0391722 0.1 1.56125e-05
0 0.0537694 0.725168 0.071323 0.138926 1.56461e-05
0 0.111789 0.347651 0.04102 0.108725 1.565e-05
0 0.303215 0.992953 0.00997783 0.014094 1.57555e-05
0 0.88544 0.84698 0.0399113 0.107383 1.57975e-05
0 0.334072 0.990268 0.0103474 0.0194631 1.58023e-05
0 0.121027 0.19094 0.0691057 0.12953 1.58494e-05
0 0.336475 0.258725 0.0402809 0.106711 1.5855e-05
0 0.0646711 0.0436242 0.0517369 0.0872483 1.58553e-05
0 0.266075 0.973154 0.0731707 0.0536913 1.58819e-05
0 0.135625 0.481544 0.0406504 0.122819 1.59224e-05
0 0.0809313 0.958389 0.158906 0.0832215 1.59355e-05
0 0.0585735 0.188926 0.0668884 0.12953 1.59622e-05
0 0.136179 0.669128 0.0454545 0.0993289 1.59967e-05
0 0.161123 0.257718 0.0473023 0.115436 1.60781e-05
0 0.0768662 0.948658 0.0835181 0.0986577 1.60787e-05
0 0.135625 0.532886 0.0413895 0.111409 1.60863e-05
0 0.954915 0.629866 0.0857354 0.157718 1.60905e-05
0 1 0.747651 0 0.181208 1.61064e-05
0 0.203252 0.727181 0.0813008 0.165772 1.61173e-05
0 0.272727 0.995302 0.00960828 0.00939597 1.61412e-05
0 0.177568 0.911074 0.0461936 0.160403 1.61562e-05
0 0.506098 0.858054 0.0454545 0.110738 1.61637e-05
0 0.999446 0.498322 0.00110865 0.188591 1.61659e-05
0 0.691426 0.0647651 0.0399113 0.12953 1.61913e-05
0 0.617886 0.332886 0.0539542 0.18255 1.62082e-05
0 0.872506 0.870805 0.0635625 0.19396 1.62309e-05
0 0.516814 0.791275 0.0373245 0.12349 1.62383e-05
0 0.960643 0.168456 0.0469327 0.0939597 1.62836e-05
0 0.843496 0.677181 0.0676275 0.195973 1.63554e-05
0 0.530303 0.631879 0.0332594 0.0879195 1.63827e-05
0 0.86456 0.234564 0.0801922 0.145638 1.65575e-05
0 0.911863 0.615772 0.0432373 0.108054 1.65605e-05
0 0.432003 0.663423 0.0354767 0.122819 1.65915e-05
0 0.682927 0.85 0.0628234 0.118792 1.65933e-05
0 0.898189 0.298658 0.0594974 0.134228 1.66466e-05
0 0.0223577 0.312416 0.0432373 0.137584 1.67307e-05
0 0.86493 0.903356 0.103843 0.193289 1.67548e-05
0 0.84017 0.195973 0.0683666 0.136913 1.68045e-05
0 0.605137 0.450336 0.0365854 0.128859 1.68122e-05
0 0.887287 0.940604 0.0258684 0.118792 1.6863e-05
0 0.443274 0.398658 0.0439763 0.132886 1.69022e-05
0 0.286585 0.0305369 0.04102 0.0610738 1.69249e-05
0 0.680894 0.766779 0.0476718 0.138926 1.69808e-05
0 0.798226 0.944295 0.0288248 0.111409 1.69817e-05
0 0.612343 0.821812 0.0813008 0.291946 1.69864e-05
0 0.133222 0.62349 0.078714 0.148993 1.7082e-05
0 0.9102 0.75604 0.0443459 0.108054 1.70993e-05
0 0.910015 0.481208 0.0351072 0.116779 1.71241e-05
0 0.0375092 0.392617 0.04915 0.104698 1.72432e-05
0 0.509608 0.544631 0.0295639 0.140268 1.72963e-05
0 0.646157 0.94396 0.026238 0.112081 1.73317e-05
0 0.806171 1 0.0572801 0 1.73493e-05
0 0.662971 0.188591 0.0620843 0.13557 1.7359e-05
0 0.421471 0.919799 0.056541 0.160403 1.73831e-05
0 0.0105322 0.648993 0.0210643 0.230872 1.74141e-05
0 0.613267 0.230537 0.071323 0.214094 1.74298e-05
0 0.386548 0.258054 0.0436068 0.112081 1.74332e-05
0 0.813008 0.347651 0.0399113 0.103356 1.74519e-05
0 0.111419 0.666107 0.0417591 0.1 1.74746e-05
0 0.195307 0.869128 0.056541 0.154362 1.74797e-05
0 0.26238 0.0312081 0.0413895 0.0624161 1.75005e-05
0 0.117886 0.250671 0.0783444 0.145638 1.75028e-05
0 0.764228 0.257383 0.0428677 0.101342 1.75311e-05
0 0.496305 0.0590604 0.0539542 0.118121 1.75473e-05
0 0.451404 0.812416 0.0454545 0.148322 1.75763e-05
0 0.710089 0.592617 0.04915 0.127517 1.75876e-05
0 0.330562 0.838591 0.100148 0.246309 1.76321e-05
0 0.507021 0.904698 0.0502587 0.114094 1.77478e-05
0 0.803769 0.952013 0.0125647 0.0959732 1.77773e-05
0 0.664634 0.992953 0.011456 0.014094 1.78012e-05
0 0.73374 0.162416 0.04915 0.126174 1.78289e-05
0 0.203252 0.958725 0.175905 0.0825503 1.78527e-05
0 0.00609756 0.183221 0.0121951 0.148993 1.78536e-05
0 0.911493 0.711409 0.0454545 0.108725 1.78655e-05
0 0.372875 0.189597 0.0768662 0.191275 1.79487e-05
0 0.0546933 0.962752 0.0746489 0.0744966 1.80702e-05
0 0.687361 0.939933 0.0273466 0.120134 1.81851e-05
0 0.494087 0.661745 0.0332594 0.132886 1.82339e-05
0 0.0299335 0.960403 0.0406504 0.0791946 1.82644e-05
0 0.755913 0.855034 0.0506282 0.142282 1.82693e-05
0 0.910384 0.437248 0.0365854 0.113423 1.82771e-05
0 0.837029 0.300671 0.0406504 0.108725 1.82813e-05
0 1 0.624161 0 0.195973 1.83452e-05
0 0.211936 0.528859 0.0484109 0.0979866 1.8372e-05
0 0.768293 0.943624 0.0288248 0.112752 1.8381e-05
0 0.757576 0.925168 0.0155211 0.149664 1.8396e-05
0 0.0825942 1 0.0543237 0 1.84595e-05
0 1 0.0526846 0 0.105369 1.84599e-05
0 0.714523 0.759396 0.0484109 0.113423 1.84942e-05
0 0.192535 0.933893 0.0251293 0.132215 1.85044e-05
0 0.78252 0.926175 0.0158906 0.147651 1.85091e-05
0 0.786401 0.169128 0.0413895 0.10604 1.85583e-05
0 0.167406 0.932886 0.0295639 0.134228 1.856e-05
0 0.127679 0.0436242 0.0543237 0.0872483 1.8606e-05
0 0.867886 1 0.0550628 0 1.87062e-05
0 0.145048 1 0.0558019 0 1.87087e-05
0 0.838877 0.575503 0.0443459 0.1 1.87345e-05
0 0.203067 0.955034 0.0151515 0.0899329 1.87416e-05
0 0.406689 0.544295 0.0395418 0.111409 1.88389e-05
0 0.93884 0.168456 0.0476718 0.0939597 1.88466e-05
0 0.916112 0.903356 0.109387 0.193289 1.88632e-05
0 0.94235 0.372819 0.0960828 0.175168 1.90205e-05
0 0.253141 0.95302 0.0140429 0.0939597 1.90257e-05
0 0.827605 0.94396 0.0277162 0.112081 1.90931e-05
0 0.659645 0.761074 0.0923873 0.209396 1.91984e-05
0 0.018847 0.241275 0.037694 0.23557 1.92103e-05
0 0.964708 0.0298658 0.0432373 0.0597315 1.92398e-05
0 0.634516 0.241275 0.0716925 0.137584 1.92614e-05
0 0.138211 0.706376 0.0569106 0.0986577 1.93255e-05
0 0.718773 0.684564 0.0473023 0.126174 1.93324e-05
0 0.265152 0.198993 0.0454545 0.12953 1.93379e-05
0 0.37269 0.893624 0.0380636 0.122819 1.93885e-05
0 0.185698 0.258389 0.0439763 0.114094 1.93921e-05
0 0.186438 0.301007 0.0424982 0.108054 1.94162e-05
0 0.135625 0.34698 0.0399113 0.108725 1.9425e-05
0 0.862528 0.439597 0.0406504 0.107383 1.94913e-05
0 0.565225 0.394966 0.0365854 0.0946309 1.95024e-05
0 0.938655 0.435906 0.0428677 0.110738 1.95335e-05
0 0.344605 0.948322 0.0269771 0.103356 1.95581e-05
0 0.553954 0.963423 0.0569106 0.0731544 1.96015e-05
0 0.2415 0.992282 0.0698448 0.0154362 1.96144e-05
0 0.933112 0.573154 0.0487805 0.102013 1.96365e-05
0 0.555987 0.951007 0.0269771 0.0979866 1.96796e-05
0 0.945861 0.245638 0.0735403 0.142282 1.97008e-05
0 0.200111 0.903356 0.120103 0.193289 1.97506e-05
0 0.732446 0.207047 0.0406504 0.12953 1.97544e-05
0 0.206393 1 0.0572801 0 1.97609e-05
0 0.572801 0.539933 0.0288248 0.141611 1.97941e-05
0 0.633038 0.636577 0.045085 0.12953 1.98458e-05
0 0.195307 0.44698 0.0380636 0.169128 1.98686e-05
0 0.575942 0.113087 0.078714 0.156376 1.98821e-05
0 0.882483 0.585906 0.0665189 0.214765 1.99353e-05
0 0.535107 0.931208 0.0502587 0.0852349 2.00009e-05
0 0.486327 0.992953 0.0628234 0.014094 2.00291e-05
0 0.772542 0.690268 0.0728012 0.132215 2.00419e-05
0 0.301183 0.811745 0.0731707 0.200671 2.005e-05
0 0.933851 0.0567114 0.0576497 0.113423 2.00556e-05
0 0.745196 0.956376 0.160015 0.0872483 2.00679e-05
0 0.983925 0.210738 0.0321508 0.283221 2.01482e-05
0 0.489283 0.348322 0.0325203 0.104698 2.0194e-05
0 0.124353 0.298658 0.0661493 0.119463 2.02435e-05
0 0.355876 0.25 0.0613452 0.149664 2.02538e-05
0 0.837029 0.258054 0.0428677 0.106711 2.03314e-05
0 0.83629 0.44094 0.0406504 0.104698 2.05026e-05
0 0.186068 0.347987 0.0424982 0.105369 2.0508e-05
0 0.139505 0.900671 0.123799 0.198658 2.05297e-05
0 0.46748 0.941946 0.0465632 0.116107 2.05545e-05
0 0.00129342 0.983221 0.00258684 0.033557 2.05657e-05
0 0.0199557 0.432215 0.0399113 0.209396 2.07692e-05
0 0.314117 0.943289 0.0273466 0.113423 2.08566e-05
0 0.212121 0.760738 0.052476 0.109396 2.08645e-05
0 0.424982 0.993624 0.0643016 0.0127517 2.09199e-05
0 0.431449 0.542617 0.0254989 0.142953 2.10521e-05
0 0.838692 0.94094 0.0277162 0.118121 2.11498e-05
0 0.00203252 0.0520134 0.00406504 0.104027 2.11593e-05
0 0.722469 0.816107 0.0813008 0.2 2.12352e-05
0 0.985772 0.70906 0.0284553 0.11745 2.13427e-05
0 0.505913 0.675168 0.0266075 0.131544 2.13774e-05
0 0.473023 0.859396 0.0473023 0.113423 2.14468e-05
0 0.472653 0.905034 0.0495196 0.114765 2.14559e-05
0 0.0208795 0.528188 0.0388027 0.14094 2.14851e-05
0 0.228381 0.954362 0.014782 0.0912752 2.14892e-05
0 0.0386179 0.436242 0.0439763 0.10604 2.15135e-05
0 0.859202 0.371477 0.0776053 0.148322 2.15861e-05
0 0.985772 0.662752 0.0284553 0.116107 2.16302e-05
0 0.667221 0.907718 0.0402809 0.11745 2.16481e-05
0 0.781042 0.191275 0.0676275 0.139597 2.17746e-05
0 0.375277 0.951342 0.0284553 0.0973154 2.18294e-05
0 0.664265 0.992282 0.0676275 0.0154362 2.1871e-05
0 0.362897 0.994295 0.0665189 0.0114094 2.1989e-05
0 0.359202 0.804698 0.0465632 0.112752 2.20046e-05
0 0.607354 0.170134 0.0461936 0.114765 2.20521e-05
0 0.610495 0.253356 0.0443459 0.108054 2.20759e-05
0 0.314856 0.924161 0.0384331 0.151678 2.21029e-05
0 0.342387 0.516779 0.0358463 0.116779 2.21581e-05
0 0.986881 0.121812 0.026238 0.106711 2.21988e-05
0 0.162417 0.668456 0.04915 0.0993289 2.22202e-05
0 0.988174 0.58255 0.0236511 0.193289 2.22799e-05
0 0.103659 0.0647651 0.0609756 0.12953 2.23291e-05
0 0.301552 0.993624 0.0687361 0.0127517 2.23456e-05
0 0.119549 0.506711 0.0646711 0.139597 2.23553e-05
0 0.545824 0.992282 0.0657797 0.0154362 2.23888e-05
0 0.907428 0.584564 0.0594974 0.193289 2.24376e-05
0 0.163156 0.842282 0.0447154 0.0939597 2.24649e-05
0 0.317258 0.901678 0.106061 0.196644 2.25113e-05
0 0.40558 0.95302 0.0277162 0.0939597 2.25387e-05
0 0.988729 0.0825503 0.0225425 0.138255 2.26102e-05
0 0.86105 0.486913 0.0406504 0.106711 2.26231e-05
0 0.15558 0.40302 0.0495196 0.192617 2.27122e-05
0 0.956393 0.498658 0.0783444 0.159732 2.28367e-05
0 0.382114 0.905369 0.0790835 0.0993289 2.28657e-05
0 0.788803 0.298993 0.0402809 0.1 2.28862e-05
0 0.186068 0.244966 0.103843 0.162416 2.28896e-05
0 0.314856 0.972483 0.0739098 0.0550336 2.2961e-05
0 0.461567 0.348322 0.0384331 0.0966443 2.29697e-05
0 0.940503 0.347315 0.0509978 0.112081 2.29714e-05
0 0.116962 0.908389 0.0417591 0.138926 2.30091e-05
0 0.886548 0.800671 0.0436068 0.10604 2.31099e-05
0 0.0216186 0.640604 0.0432373 0.160403 2.31346e-05
0 0.022912 0.246644 0.0458241 0.155034 2.32426e-05
0 0.809128 0.214765 0.0395418 0.103356 2.33114e-05
0 0.162602 0.620805 0.0465632 0.0966443 2.33645e-05
0 0.742239 0.945638 0.0742794 0.108725 2.34188e-05
0 0.837398 0.623825 0.0473023 0.1 2.34349e-05
0 0.186068 0.624832 0.0461936 0.095302 2.3454e-05
0 0.0424982 0.0439597 0.0413895 0.0879195 2.35238e-05
0 0.113452 0.577852 0.0384331 0.0993289 2.35478e-05
0 0.391353 0.780872 0.0731707 0.22349 2.35577e-05
0 0.386548 0.971812 0.0421286 0.0563758 2.3613e-05
0 0.91833 0.929195 0.037694 0.112081 2.36574e-05
0 0.984294 1 0.0314117 0 2.36577e-05
0 0.26626 0.541946 0.0388027 0.11745 2.36724e-05
0 0.0567258 0.299329 0.0617147 0.110067 2.36795e-05
0 0.963784 0.346644 0.0532151 0.116107 2.36799e-05
0 0.410939 0.940268 0.045085 0.0912752 2.37271e-05
0 0.199557 0.94698 0.0783444 0.10604 2.37979e-05
0 0.688285 0.252013 0.0432373 0.138926 2.38433e-05
0 0.0866593 0.953356 0.0173688 0.0932886 2.38685e-05
0 0.885809 0.712081 0.0495196 0.112752 2.39007e-05
0 0.0825942 0.372483 0.0439763 0.132886 2.39094e-05
0 0.466741 0.955034 0.0288248 0.0899329 2.3969e-05
0 0.98799 0.151342 0.0240207 0.17651 2.39955e-05
0 0.584257 0.972483 0.0458241 0.0550336 2.40513e-05
0 0.980599 0.982886 0.0388027 0.0342282 2.41241e-05
0 0.102919 0.936242 0.026238 0.127517 2.41296e-05
0 0.51201 0.44396 0.0380636 0.104027 2.41564e-05
0 0.0763119 0.950671 0.026238 0.0986577 2.42777e-05
0 0.605137 0.991275 0.0683666 0.0174497 2.42828e-05
0 0.856984 0.940604 0.0258684 0.118792 2.44185e-05
0 0.66408 0.960067 0.0162602 0.0677852 2.44288e-05
0 0.634146 0.30302 0.0413895 0.101342 2.44653e-05
0 0.664819 0.401678 0.0643016 0.130872 2.44677e-05
0 0.500739 0.317114 0.0495196 0.148322 2.45219e-05
0 0.31153 0.259396 0.0317812 0.113423 2.45412e-05
0 0.0382483 0.97047 0.04102 0.0590604 2.45436e-05
0 0.00776053 0.287919 0.0155211 0.139597 2.45449e-05
0 0.261456 0.798658 0.0602365 0.107383 2.45865e-05
0 0.53677 0.67349 0.0358463 0.133557 2.46224e-05
0 0.894678 0.402685 0.0591279 0.136913 2.46849e-05
0 0.987251 0.755705 0.0240207 0.124832 2.46948e-05
0 1 0.99698 0 0.00604027 2.47144e-05
0 0.680525 0.897651 0.0994087 0.204698 2.47284e-05
0 0.246305 0.195302 0.0602365 0.142282 2.48226e-05
0 0.134701 0.868792 0.0572801 0.187248 2.48642e-05
0 0.686622 0.802685 0.0487805 0.103356 2.48667e-05
0 0.0990392 0.977181 0.0761271 0.0456376 2.4875e-05
0 0.245381 0.255705 0.0583888 0.143624 2.48826e-05
0 0.356245 0.789933 0.0776053 0.175839 2.49104e-05
0 0.886548 0.535906 0.0406504 0.109396 2.49283e-05
0 0.887657 0.758054 0.0443459 0.110738 2.49349e-05
0 0.746859 1 0.0569106 0 2.49381e-05
0 0.781781 0.790604 0.0824095 0.225503 2.50065e-05
0 0.117517 0.41443 0.0746489 0.134899 2.51357e-05
0 0.411678 0.892953 0.0436068 0.0973154 2.52053e-05
0 0.797487 0.867114 0.0591279 0.162416 2.52617e-05
0 0.923873 1 0.0509978 0 2.5313e-05
0 0.717664 0.939262 0.0266075 0.121477 2.54024e-05
0 0.536585 0.857718 0.045085 0.110067 2.5428e-05
0 0.41796 0.45604 0.052476 0.157718 2.54357e-05
0 0.986696 0.619463 0.0251293 0.126174 2.55293e-05
0 0.0502587 0.623825 0.0665189 0.125503 2.55583e-05
0 0.429047 0.378523 0.0495196 0.163758 2.55794e-05
0 0.812454 0.298658 0.0380636 0.10604 2.56504e-05
0 0.467849 0.320805 0.0561715 0.136913 2.56529e-05
0 0.0497044 0.922148 0.086844 0.155705 2.56544e-05
0 0.0554324 0.965772 0.0339985 0.0684564 2.57409e-05
0 0.63544 0.395302 0.0439763 0.0926175 2.57413e-05
0 0.00554324 0.612752 0.0110865 0.151678 2.58329e-05
0 0.186438 0.711745 0.0498891 0.105369 2.58766e-05
0 0.690872 0.304698 0.0358463 0.102013 2.59333e-05
0 0.662047 0.80302 0.0454545 0.104027 2.59398e-05
0 0.612158 0.304698 0.0380636 0.0979866 2.59484e-05
0 0.892461 0.506376 0.0583888 0.140268 2.60464e-05
0 0.112528 0.914765 0.0883222 0.17047 2.60704e-05
0 0.981523 0.400671 0.0369549 0.14094 2.61227e-05
0 0.736696 0.904698 0.0779749 0.190604 2.6157e-05
0 0.304693 0.19396 0.056541 0.151678 2.62133e-05
0 0.703437 0.955034 0.0144124 0.0899329 2.62145e-05
0 0.00794531 0.501678 0.0158906 0.145638 2.62296e-05
0 0.616223 0.202349 0.0521064 0.120134 2.63289e-05
0 0.851072 0.0439597 0.0539542 0.0879195 2.63496e-05
0 0.0110865 0.51443 0.0221729 0.210067 2.63499e-05
0 0.813562 0.442953 0.0388027 0.102013 2.64264e-05
0 0.986511 0.801007 0.0269771 0.122819 2.64462e-05
0 0.279564 0.909396 0.0351072 0.111409 2.64924e-05
0 0.940503 0.392617 0.0413895 0.111409 2.65648e-05
0 0.430894 0.0520134 0.0487805 0.104027 2.65838e-05
0 0.236327 0.919128 0.0742794 0.161745 2.66077e-05
0 0.849963 0.960738 0.0162602 0.0731544 2.67817e-05
0 0.475795 0.421477 0.04915 0.12349 2.6818e-05
0 0.457871 0.446309 0.0436068 0.114094 2.68335e-05
0 0.29527 0.937919 0.0251293 0.124161 2.69599e-05
0 0.86068 0.847651 0.0413895 0.10604 2.70445e-05
0 0.36105 0.395302 0.0428677 0.0912752 2.70522e-05
0 0.96323 0.391275 0.0447154 0.118121 2.70847e-05
0 0.13544 0.618456 0.0439763 0.0959732 2.71354e-05
0 0.1602 0.712752 0.04915 0.100671 2.72466e-05
0 0.61068 0.0426175 0.0558019 0.0852349 2.72704e-05
0 0.181633 0.492282 0.0535846 0.183221 2.72785e-05
0 0.911493 0.534564 0.0380636 0.113423 2.73063e-05
0 0.0578344 0.400671 0.0609756 0.103356 2.73067e-05
0 0.538433 0.38557 0.0532151 0.138926 2.74651e-05
0 0.133038 0.937919 0.0266075 0.124161 2.74826e-05
0 0.149298 0.95604 0.0192166 0.0879195 2.7491e-05
0 0.44272 0.942953 0.0487805 0.114094 2.74986e-05
0 0.737805 0.761074 0.0498891 0.103356 2.75644e-05
0 0.748337 0.939933 0.0266075 0.120134 2.76443e-05
0 0.625647 0.856376 0.0546933 0.120805 2.77369e-05
0 0.67997 0.935235 0.0746489 0.109396 2.78183e-05
0 0.480783 0.661409 0.0295639 0.124161 2.78341e-05
0 0.863821 0.620805 0.0461936 0.103356 2.78669e-05
0 0.112158 0.620134 0.0388027 0.0939597 2.78726e-05
0 0.227088 0.930201 0.0291944 0.139597 2.78767e-05
0 0.142831 0.74698 0.0521064 0.122148 2.79134e-05
0 0.213415 0.712081 0.0513673 0.10604 2.80223e-05
0 0.684775 0.958389 0.162602 0.0832215 2.80356e-05
0 0.38507 0.362416 0.0509978 0.112752 2.80406e-05
0 0.654102 0.959732 0.0872136 0.0805369 2.80982e-05
0 0.00535846 0.812416 0.0107169 0.140268 2.8136e-05
0 0.444568 0.967785 0.0369549 0.0644295 2.82975e-05
0 0.418699 0.972819 0.0458241 0.0543624 2.83095e-05
0 0.749815 0.953691 0.0184775 0.0926175 2.83677e-05
0 0.563562 0.958725 0.152993 0.0825503 2.85003e-05
0 0.142831 0.803691 0.0558019 0.116107 2.8675e-05
0 0.495381 0.969128 0.0343681 0.061745 2.86874e-05
0 0.191981 0.909396 0.0358463 0.115436 2.88338e-05
0 0.910384 0.0486577 0.0521064 0.0973154 2.88568e-05
0 0.93034 0.963087 0.0225425 0.0738255 2.89274e-05
0 0.324095 0.959732 0.169993 0.0805369 2.89567e-05
0 0.41371 0.646644 0.0343681 0.153691 2.89598e-05
0 0.728936 0.954362 0.0136733 0.0912752 2.90446e-05
0 0.642461 0.905369 0.0476718 0.150336 2.90866e-05
0 0.174982 0.938926 0.0254989 0.122148 2.91025e-05
0 0.960089 0.97349 0.0310421 0.0530201 2.9175e-05
0 0.238174 0.946644 0.0158906 0.106711 2.93233e-05
0 0.987251 0.0724832 0.0254989 0.0966443 2.93835e-05
0 0.268662 0.945638 0.0155211 0.108725 2.9448e-05
0 0.308758 0.25 0.056541 0.151007 2.97296e-05
0 0.371766 0.0449664 0.0509978 0.0899329 2.98603e-05
0 0.775129 0.052349 0.056541 0.104698 2.98896e-05
0 0.79102 0.454027 0.0661493 0.138926 3.01991e-05
0 0.288987 0.799329 0.0569106 0.112752 3.02722e-05
0 0.629527 0.953356 0.0173688 0.0932886 3.03061e-05
0 0.466741 0.787919 0.0443459 0.126174 3.0313e-05
0 0.163341 0.532886 0.0436068 0.103356 3.03761e-05
0 0.874353 0.957383 0.0849963 0.0852349 3.04698e-05
0 0.689394 0.953691 0.0181079 0.0926175 3.04843e-05
0 0.67221 0.0446309 0.0509978 0.0892617 3.05378e-05
0 0.559867 0.973826 0.0465632 0.052349 3.06218e-05
0 0.26663 1 0.056541 0 3.06237e-05
0 0.492794 0.251007 0.063932 0.139597 3.06488e-05
0 0.18034 0.792953 0.0665189 0.185906 3.0656e-05
0 0.599224 0.953356 0.0181079 0.0932886 3.07578e-05
0 0.624169 0.960738 0.161863 0.0785235 3.0843e-05
0 0.235218 0.312416 0.0535846 0.122819 3.08816e-05
0 0.630266 0.0607383 0.0580192 0.121477 3.08941e-05
0 0.186807 0.761409 0.0498891 0.1 3.09441e-05
0 0.655765 0.852349 0.0609756 0.122148 3.09764e-05
0 0.29065 0.910738 0.0402809 0.148993 3.09843e-05
0 0.429231 0.951678 0.0550628 0.0966443 3.10098e-05
0 0.298965 0.947315 0.0155211 0.105369 3.11843e-05
0 0.00517369 0.040604 0.0103474 0.0812081 3.12131e-05
0 0.812639 0.712416 0.0532151 0.102685 3.127e-05
0 0.47561 0.363087 0.0465632 0.112752 3.13243e-05
0 0.524021 0.657047 0.0295639 0.10604 3.13417e-05
0 0.179786 0.0580537 0.0654102 0.116107 3.14706e-05
0 0.184959 0.575168 0.0454545 0.0939597 3.16649e-05
0 0.257206 0.930537 0.0288248 0.138926 3.16899e-05
0 0.809867 0.955369 0.0203252 0.0892617 3.17051e-05
0 0.210828 0.668792 0.0528455 0.0932886 3.18429e-05
0 0.618256 0.92349 0.075388 0.104698 3.19173e-05
0 0.00886918 0.400336 0.0177384 0.133557 3.19349e-05
0 0.112528 0.398322 0.0388027 0.105369 3.19911e-05
0 0.986511 0.887919 0.0269771 0.122148 3.2354e-05
0 0.502402 1 0.0587583 0 3.23739e-05
0 0.985957 0.571812 0.0280857 0.119463 3.24429e-05
0 0.900406 0.955034 0.0181079 0.0899329 3.25229e-05
0 0.788803 0.213758 0.0402809 0.0973154 3.26616e-05
0 0.754619 0.955034 0.0133038 0.0899329 3.26631e-05
0 0.556911 0.747987 0.0214339 0.165772 3.2703e-05
0 0.314856 0.315772 0.0480414 0.118792 3.29454e-05
0 0.0175536 0.939262 0.0351072 0.121477 3.29705e-05
0 0.444568 0.90302 0.0509978 0.11745 3.30088e-05
0 0.730044 0.470134 0.0498891 0.137584 3.30621e-05
0 0.201774 0.307383 0.0849963 0.158389 3.32073e-05
0 0.137288 0.575168 0.0424982 0.0979866 3.33448e-05
0 0.165004 0.481208 0.04102 0.107383 3.3369e-05
0 0.791944 0.0442953 0.0554324 0.0885906 3.36474e-05
0 0.809867 0.75906 0.056541 0.104698 3.36805e-05
0 0.65946 0.954027 0.0181079 0.0919463 3.37332e-05
0 0.44235 1 0.0583888 0 3.38234e-05
0 0.719143 0.954027 0.0184775 0.0919463 3.3998e-05
0 0.336105 0.348658 0.0432373 0.0919463 3.4084e-05
0 0.161308 0.574832 0.0447154 0.0973154 3.41544e-05
0 0.337214 0.302013 0.04102 0.100671 3.428e-05
0 0.839616 0.95604 0.0199557 0.0879195 3.44285e-05
0 0.859941 0.802013 0.0465632 0.0993289 3.44461e-05
0 0.712491 0.802013 0.0502587 0.0993289 3.44528e-05
0 0.779749 0.955369 0.0199557 0.0892617 3.45068e-05
0 0.790096 0.25604 0.0413895 0.0973154 3.4537e-05
0 0.905395 0.908389 0.0443459 0.153691 3.4653e-05
0 0.54952 0.896309 0.0443459 0.12953 3.46757e-05
0 0.2051 0.938926 0.0258684 0.122148 3.48561e-05
0 0.841094 0.506376 0.0761271 0.173826 3.487e-05
0 0.603104 0.913758 0.0620843 0.172483 3.48719e-05
0 0.544715 0.303356 0.0583888 0.124832 3.49139e-05
0 0.829823 0.907383 0.0328899 0.107383 3.4968e-05
0 0.206393 0.408725 0.0853659 0.167785 3.50628e-05
0 0.605691 0.634899 0.0325203 0.0912752 3.51041e-05
0 0.207132 0.949329 0.0173688 0.101342 3.51464e-05
0 0.404102 0.0624161 0.0617147 0.124832 3.51497e-05
0 0.23762 0.669799 0.059867 0.0939597 3.51534e-05
0 0.985403 0.16745 0.0291944 0.104027 3.51591e-05
0 0.623245 0.972483 0.0705839 0.0550336 3.5181e-05
0 0.529564 0.950671 0.0509978 0.0986577 3.52578e-05
0 0.71748 0.190604 0.0528455 0.148993 3.52656e-05
0 0.383777 1 0.0594974 0 3.54839e-05
0 0.499815 0.381879 0.0484109 0.143624 3.55355e-05
0 0.325388 1 0.0580192 0 3.56932e-05
0 0.686438 1 0.0594974 0 3.57048e-05
0 0.138766 0.93255 0.0373245 0.134899 3.57399e-05
0 0.00461936 0.719128 0.00923873 0.16443 3.57756e-05
0 0.560791 0.892953 0.0824095 0.177852 3.57808e-05
0 0.257945 0.948993 0.0768662 0.102013 3.59683e-05
0 0.782336 0.247315 0.0716925 0.161745 3.6042e-05
0 0.431079 0.882886 0.0417591 0.118792 3.63181e-05
0 0.0120103 0.37953 0.0240207 0.196644 3.6324e-05
0 0.838322 0.751678 0.0580192 0.102013 3.63547e-05
0 0.0210643 0.370805 0.0421286 0.141611 3.64887e-05
0 0.564117 1 0.0602365 0 3.67553e-05
0 0.626016 0.92651 0.105691 0.14698 3.68438e-05
0 0.0164449 0.759396 0.0328899 0.165772 3.69442e-05
0 0.210458 0.813423 0.0742794 0.195973 3.70239e-05
0 0.0552476 0.501342 0.0587583 0.12349 3.70736e-05
0 0.88507 0.615436 0.0443459 0.104698 3.70986e-05
0 0.0197709 1 0.0395418 0 3.71742e-05
0 0.379712 0.942282 0.0476718 0.115436 3.73528e-05
0 0.304693 0.908725 0.0388027 0.136913 3.76076e-05
0 0.537694 0.957383 0.0206948 0.0852349 3.77583e-05
0 0.0230968 0.0697987 0.0461936 0.139597 3.77747e-05
0 0.568182 0.95604 0.0195861 0.0879195 3.78194e-05
0 0.438655 0.884228 0.0813008 0.172483 3.78277e-05
0 0.572801 0.24698 0.0620843 0.13557 3.80022e-05
0 0.00849963 0.343624 0.0169993 0.13557 3.81004e-05
0 0.421656 0.19094 0.0539542 0.133557 3.81303e-05
0 0.176644 0.952013 0.0184775 0.0959732 3.81662e-05
0 0.00979305 0.43557 0.0195861 0.130201 3.82228e-05
0 0.412047 0.252013 0.0694752 0.130872 3.83111e-05
0 0.507021 0.959396 0.0214339 0.0812081 3.83355e-05
0 0.813008 0.66745 0.0509978 0.101342 3.84506e-05
0 0.490392 0.882886 0.0480414 0.128188 3.84595e-05
0 0.838877 0.845973 0.0458241 0.101342 3.87517e-05
0 0.838692 0.957718 0.0853659 0.0845638 3.9149e-05
0 0.81153 0.579195 0.0509978 0.0912752 3.92325e-05
0 0.136364 0.39396 0.0428677 0.104698 3.93246e-05
0 0.86105 0.756711 0.0480414 0.110738 3.93453e-05
0 0.447154 0.957383 0.0206948 0.0852349 3.94091e-05
0 0.498337 0.884228 0.0831486 0.171141 3.94435e-05
0 0.987251 0.938591 0.0218034 0.118792 3.95467e-05
0 0.994826 1 0.0103474 0 3.96441e-05
0 0.763858 0.776846 0.0724316 0.132215 3.96909e-05
0 0.633777 0.346644 0.0406504 0.0892617 3.98015e-05
0 0.81153 0.257047 0.0384331 0.102013 3.99464e-05
0 0.0818551 0.912752 0.0890613 0.174497 4.00688e-05
0 0.625277 1 0.0606061 0 4.01349e-05
0 0.273466 0.954698 0.0517369 0.090604 4.02868e-05
0 0.187361 0.667114 0.0495196 0.0979866 4.03196e-05
0 0.622321 0.724497 0.0258684 0.130872 4.04518e-05
0 0.38895 0.858054 0.0728012 0.134899 4.0457e-05
0 0.358093 0.952685 0.0177384 0.0946309 4.05578e-05
0 0.213599 0.477852 0.0509978 0.0979866 4.07012e-05
0 0.729675 0.0446309 0.0528455 0.0892617 4.0713e-05
0 0.80765 0.942282 0.0299335 0.115436 4.08282e-05
0 0.61105 0.394966 0.04102 0.0919463 4.13297e-05
0 0.0208795 0.472483 0.0351072 0.139597 4.16908e-05
0 0.32816 0.950671 0.0169993 0.0986577 4.17403e-05
0 0.334627 0.804698 0.0528455 0.119463 4.1787e-05
0 0.988359 0.85906 0.0232816 0.204027 4.18367e-05
0 0.778455 0.942282 0.0291944 0.115436 4.18768e-05
0 0.483555 0.193289 0.0528455 0.12349 4.19172e-05
0 0.238729 0.470805 0.0487805 0.122819 4.22973e-05
0 0.284368 0.759732 0.0594974 0.118121 4.23364e-05
0 0.235033 0.937584 0.0251293 0.124832 4.24303e-05
0 0.581116 0.666779 0.0314117 0.153691 4.24974e-05
0 0.461013 0.973826 0.0461936 0.052349 4.25158e-05
0 0.869364 0.956376 0.0195861 0.0872483 4.26153e-05
0 0.5534 0.0714765 0.0550628 0.126846 4.27246e-05
0 0.162971 0.757718 0.0458241 0.0939597 4.27584e-05
0 0.328529 0.057047 0.0591279 0.114094 4.28792e-05
0 0.00997783 0.95302 0.0199557 0.0939597 4.29277e-05
0 0.153178 0.928188 0.04102 0.143624 4.32294e-05
0 0.363636 0.34698 0.0436068 0.0885906 4.33402e-05
0 0.116593 0.954698 0.018847 0.090604 4.33671e-05
0 0.78714 0.662752 0.0546933 0.105369 4.34572e-05
0 0.0140429 0.855705 0.0280857 0.159732 4.35361e-05
0 0.548965 0.19396 0.0550628 0.115436 4.36055e-05
0 0.310606 0.0466443 0.0506282 0.0932886 4.37578e-05
0 0.387472 0.955034 0.0195861 0.0899329 4.39199e-05
0 0.0105322 0.19698 0.0210643 0.204698 4.41003e-05
0 0.484848 0.970134 0.0495196 0.0597315 4.42921e-05
0 0.163895 0.952013 0.0484109 0.0959732 4.43018e-05
0 0.704915 0.059396 0.0521064 0.118792 4.44276e-05
0 0.482816 0.0704698 0.056541 0.131544 4.45352e-05
0 0.417221 0.956376 0.0199557 0.0872483 4.4559e-05
0 0.476718 0.959396 0.0221729 0.0812081 4.45727e-05
0 0.886548 0.577517 0.0413895 0.101342 4.46821e-05
0 0.988544 0.220805 0.022912 0.190604 4.47329e-05
0 0.291944 0.921812 0.0820399 0.156376 4.47469e-05
0 0.509793 0.970134 0.0498891 0.0597315 4.48503e-05
0 0.956578 0.971812 0.0772358 0.0563758 4.49303e-05
0 0.435698 0.973826 0.0495196 0.052349 4.52748e-05
0 0.594789 0.238926 0.0498891 0.118121 4.53982e-05
0 0.329638 0.909396 0.0465632 0.155705 4.54728e-05
0 0.238359 0.755705 0.0517369 0.114094 4.56502e-05
0 0.587398 0.393624 0.0365854 0.0946309 4.57998e-05
0 0.411308 0.304362 0.0384331 0.102685 4.60118e-05
0 0.810052 0.841946 0.0561715 0.090604 4.61804e-05
0 0.988914 0.51443 0.0221729 0.192617 4.62167e-05
0 0.264597 0.937584 0.0258684 0.124832 4.63485e-05
0 0.171656 0.922148 0.0801922 0.155705 4.63914e-05
0 0.166112 0.804027 0.0484109 0.0818792 4.6448e-05
0 0.707687 0.495302 0.0428677 0.104698 4.68159e-05
0 0.53714 0.44396 0.0365854 0.101342 4.68741e-05
0 0.912047 0.576846 0.0436068 0.0986577 4.71405e-05
0 0.240392 0.862081 0.0484109 0.133557 4.71581e-05
0 0.713599 0.314765 0.045085 0.0966443 4.73809e-05
0 0.577975 0.166107 0.0709534 0.141611 4.74875e-05
0 0.987066 0.256376 0.0258684 0.114094 4.77194e-05
0 0.355321 0.318456 0.0661493 0.124161 4.79319e-05
0 0.160384 0.396644 0.0391722 0.104698 4.82201e-05
0 0.146341 0.955034 0.0192166 0.0899329 4.82946e-05
0 0.611973 0.347315 0.0369549 0.0892617 4.86607e-05
0 0.311715 0.802685 0.0558019 0.119463 4.88189e-05
0 0.592942 0.944295 0.0469327 0.111409 4.88239e-05
0 0.865299 0.577181 0.0439763 0.100671 4.89776e-05
0 0.927568 0.939933 0.0909091 0.120134 4.9043e-05
0 0.36105 0.512752 0.0339985 0.131544 4.9097e-05
0 0.21711 0.574497 0.0535846 0.0818792 4.91813e-05
0 0.861973 0.532886 0.0424982 0.100671 4.92848e-05
0 0.986881 0.847651 0.0218034 0.138255 4.94436e-05
0 0.424982 0.318792 0.0583888 0.131544 4.95611e-05
0 0.464708 0.389597 0.0521064 0.12953 4.9735e-05
0 0.986696 0.212081 0.0266075 0.111409 5.00403e-05
0 0.987251 0.421477 0.0254989 0.209396 5.02059e-05
0 0.354398 0.852349 0.0776053 0.13557 5.02576e-05
0 0.837398 0.669128 0.0502587 0.0979866 5.05297e-05
0 0.0212491 0.420805 0.0351072 0.136913 5.08371e-05
0 0.434405 0.395302 0.0402809 0.085906 5.1106e-05
0 0.536031 0.974161 0.0461936 0.0516779 5.11612e-05
0 0.186992 0.838255 0.0509978 0.0885906 5.12508e-05
0 0.981523 0.971141 0.0369549 0.0577181 5.13703e-05
0 0.218219 0.638591 0.0794531 0.128188 5.15095e-05
0 0.576497 0.384228 0.0495196 0.12953 5.16926e-05
0 0.839616 0.712081 0.0487805 0.104698 5.20608e-05
0 0.0849963 0.47047 0.037694 0.103356 5.2239e-05
0 0.623614 0.437584 0.0476718 0.136913 5.27806e-05
0 0.987066 0.528188 0.0243902 0.124832 5.31896e-05
0 0.495011 0.749664 0.0195861 0.147651 5.38245e-05
0 0.405395 0.958725 0.0502587 0.0825503 5.43386e-05
0 0.21286 0.839933 0.052476 0.0838926 5.4553e-05
0 0.201589 0.954362 0.0543237 0.0912752 5.48356e-05
0 0.867701 0.67953 0.0606061 0.157718 5.50905e-05
0 0.0101626 0.106376 0.0203252 0.203356 5.51154e-05
0 0.182373 0.425839 0.0469327 0.185906 5.54576e-05
0 0.0094235 0.913423 0.018847 0.173154 5.59726e-05
0 0.980783 0.0419463 0.0384331 0.0838926 5.60883e-05
0 0.776423 0.923154 0.0879527 0.153691 5.61216e-05
0 0.815225 0.528524 0.0421286 0.0892617 5.67928e-05
0 0.162971 0.957718 0.0184775 0.0845638 5.68025e-05
0 0.255913 0.0506711 0.0631929 0.101342 5.70008e-05
0 0.247228 0.715772 0.0849963 0.133557 5.72513e-05
0 0.259793 0.755705 0.0591279 0.114094 5.75351e-05
0 0.804324 0.93557 0.0772358 0.128859 5.77141e-05
0 0.56541 0.441275 0.0354767 0.112081 5.79324e-05
0 0.715447 0.915101 0.0894309 0.169799 5.81501e-05
0 0.746489 0.8 0.067997 0.116779 5.82419e-05
0 0.407243 0.377181 0.0465632 0.154362 5.8407e-05
0 0.279749 0.256376 0.0539542 0.151678 5.91929e-05
0 0.202882 0.908054 0.09017 0.183893 5.98318e-05
0 0.987251 0.437248 0.0254989 0.121477 5.99087e-05
0 0.655211 0.916443 0.0894309 0.167114 6.02138e-05
0 0.136733 0.435235 0.0399113 0.105369 6.03225e-05
0 0.237805 0.955034 0.0535846 0.0899329 6.06162e-05
0 0.987435 0.482886 0.0243902 0.120134 6.12355e-05
0 0.43459 0.347651 0.0391722 0.0899329 6.13081e-05
0 0.542129 0.805369 0.0657797 0.281879 6.24389e-05
0 0.592202 0.36443 0.04102 0.10604 6.41405e-05
0 0.394124 0.319128 0.0558019 0.128188 6.43122e-05
0 0.186622 0.527517 0.037694 0.0979866 6.45067e-05
0 0.84405 0.792953 0.0532151 0.145638 6.46876e-05
0 0.0886918 0.95604 0.022912 0.0879195 6.4746e-05
0 0.790096 0.575839 0.0546933 0.0939597 6.49127e-05
0 0.809313 0.803691 0.059867 0.0932886 6.54491e-05
0 0.244642 0.351342 0.0487805 0.0959732 6.55981e-05
0 0.210273 0.805705 0.0554324 0.0919463 6.66055e-05
0 0.428492 0.797315 0.0646711 0.181208 6.74163e-05
0 0.563932 0.925503 0.0872136 0.148993 6.74551e-05
0 0.785477 0.762081 0.0558019 0.105369 6.77846e-05
0 0.0107169 0.288255 0.0214339 0.192617 6.97552e-05
0 0.966371 0.974832 0.045085 0.0503356 7.05907e-05
0 0.865669 0.918792 0.086105 0.162416 7.06498e-05
0 0.579823 0.733221 0.0273466 0.16443 7.0847e-05
0 0.816149 0.487248 0.0395418 0.0912752 7.13617e-05
0 0.949557 0.937919 0.0395418 0.124161 7.17255e-05
0 0.162417 0.43557 0.0395418 0.103356 7.1859e-05
0 0.855137 0.902349 0.0391722 0.136242 7.19134e-05
0 0.834996 0.487584 0.0402809 0.0946309 7.23058e-05
0 0.596268 0.295302 0.0580192 0.131544 7.26263e-05
0 0.763489 0.959396 0.0872136 0.0812081 7.26328e-05
0 0.324279 0.915772 0.0898004 0.168456 7.2935e-05
0 0.774945 0.318456 0.0731707 0.16443 7.32443e-05
0 0.930155 0.931544 0.0502587 0.136913 7.35728e-05
0 0.412417 0.342282 0.0413895 0.0872483 7.36505e-05
0 0.44272 0.857047 0.0487805 0.116779 7.36836e-05
0 0.988359 0.924161 0.0232816 0.151678 7.39585e-05
0 0.989283 0.286577 0.0214339 0.18255 7.64676e-05
0 0.00794531 0.969128 0.0158906 0.061745 7.68553e-05
0 0.261826 0.916779 0.0794531 0.166443 7.85697e-05
0 0.473392 0.935906 0.0857354 0.128188 7.88343e-05
0 0.413525 0.929866 0.0872136 0.140268 7.8943e-05
0 0.781596 0.47953 0.045085 0.0932886 7.99351e-05
0 0.414265 0.856711 0.0539542 0.121477 8.04141e-05
0 0.143016 0.916107 0.0872136 0.167785 8.08602e-05
0 0.838877 0.52651 0.0413895 0.0892617 8.23042e-05
0 0.221175 0.446309 0.0698448 0.119463 8.56307e-05
0 0.987805 0.303691 0.0243902 0.11745 8.62306e-05
0 0.322986 0.498993 0.045085 0.142953 8.62346e-05
0 0.187731 0.805369 0.0539542 0.0845638 8.70143e-05
0 0.674058 0.324161 0.0657797 0.157047 8.84433e-05
0 0.348115 0.424497 0.0554324 0.152349 9.1228e-05
0 0.983186 1 0.0240207 0 9.36222e-05
0 0.570584 0.481544 0.0347376 0.161745 9.36292e-05
0 0.480044 0.748658 0.0266075 0.151007 9.38695e-05
0 0.325018 0.952349 0.0232816 0.095302 9.49486e-05
0 0.689209 0.955705 0.0591279 0.0885906 9.55881e-05
0 0.00960828 0.781879 0.0192166 0.245638 9.60165e-05
0 0.640429 0.697987 0.0325203 0.17047 9.78152e-05
0 0.821323 0.615436 0.0757576 0.139597 9.82568e-05
0 0.715078 0.272483 0.0583888 0.186577 0.000100655
0 0.311899 0.373825 0.0443459 0.157047 0.000101326
0 0.622136 0.484899 0.0373245 0.168456 0.000101344
0 0.214339 0.525503 0.0665189 0.178523 0.00010154
0 0.239468 0.815772 0.0591279 0.152349 0.000102129
0 0.874353 0.923154 0.0436068 0.153691 0.000102912
0 0.187361 0.480872 0.0347376 0.105369 0.00010333
0 0.520695 0.750671 0.0192166 0.148322 0.000104395
0 0.334812 0.268121 0.0643016 0.157718 0.000104741
0 0.684959 0.515772 0.0365854 0.118792 0.000106197
0 0.186992 0.439597 0.0339985 0.104698 0.000106572
0 0.353843 0.947651 0.0388027 0.104698 0.000107809
0 0.724132 0.95604 0.0580192 0.0879195 0.000109824
0 0.407797 0.69698 0.0277162 0.148322 0.000110316
0 0.438285 0.732215 0.0347376 0.169128 0.00011177
0 0.5085 0.504027 0.0399113 0.155705 0.000112683
0 0.737805 0.33557 0.0528455 0.108725 0.000113857
0 0.660939 0.445638 0.0402809 0.142282 0.000115365
0 0.0715078 0.424497 0.0513673 0.161745 0.000119783
0 0.780488 0.848322 0.052476 0.104698 0.000120424
0 0.0112712 0.984899 0.0225425 0.0302013 0.000123052
0 0.121212 0.424832 0.0354767 0.142282 0.000123287
0 0.456393 0.748993 0.0347376 0.161074 0.000124328
0 0.488174 0.789262 0.0576497 0.205369 0.000125833
0 0.681079 0.591611 0.0569106 0.169799 0.000127092
0 0.792868 0.619799 0.0683666 0.109396 0.000127528
0 0.584257 0.452685 0.0369549 0.132215 0.000134146
0 0.951219 0.967114 0.022912 0.0657718 0.000134689
0 0.417591 0.37651 0.0362158 0.111409 0.000141166
0 0.237066 0.579866 0.0402809 0.0979866 0.000142214
0 0.986327 0.059396 0.0273466 0.118792 0.000143196
0 0.696046 0.37047 0.0469327 0.143624 0.000144668
0 0.543422 0.474497 0.0321508 0.144966 0.000144722
0 0.286585 0.667785 0.103104 0.169128 0.000147357
0 0.416112 0.532886 0.0458241 0.178523 0.000148602
0 0.759793 0.371477 0.0591279 0.1 0.000153969
0 0.765706 0.453356 0.0539542 0.203356 0.000159561
0 0.324095 0.633221 0.0473023 0.144295 0.000164337
0 0.77901 0.546309 0.0473023 0.0966443 0.000167178
0 0.90133 0.951678 0.0266075 0.0966443 0.000178346
0 0.256467 0.612081 0.0421286 0.095302 0.000178909
0 0.617517 0.947651 0.0391722 0.104698 0.000189596
0 0.67609 0.70604 0.0469327 0.138255 0.000197716
0 0.929416 0.963758 0.0347376 0.0724832 0.000228113
0 0.283075 0.588926 0.0606061 0.101342 0.00023454
0 0.640429 0.951007 0.0288248 0.0979866 0.000250207
0 0.246305 0.551007 0.0521064 0.157047 0.000250594
0 0.258684 0.650336 0.0665189 0.179866 0.000257618
0 0.990392 0.969128 0.0192166 0.061745 0.000263912
0 0.594789 0.198993 0.0646711 0.163087 0.000278882
0 0.246859 0.532886 0.0310421 0.116779 0.000285566
0 0.780673 0.812416 0.0631929 0.122819 0.00029453
0 0.240022 0.611745 0.0631929 0.11745 0.00029586
0 0.746489 0.533221 0.0546933 0.122819 0.000299606
0 0.431079 0.441275 0.0447154 0.11745 0.000305029
0 0.0676275 0.965772 0.0258684 0.0684564 0.000318863
0 0.989837 0.355369 0.0203252 0.188591 0.000370254
0 0.390798 0.410403 0.0535846 0.108054 0.000374839
0 0.0103474 0.047651 0.0206948 0.095302 0.000380856
0 0.595528 0.485235 0.0321508 0.2 0.000387801
0 0.227458 0.582215 0.0927568 0.108054 0.000403767
0 0.989837 0.038255 0.0203252 0.0765101 0.000404057
0 0.23374 0.384899 0.0728012 0.142953 0.000417605
0 0.757945 0.412752 0.0554324 0.102013 0.000424202
0 0.289357 0.506376 0.0583888 0.124161 0.000435607
0 0.0681818 0.937584 0.0365854 0.124832 0.000470836
0 0.509608 0.731879 0.022912 0.153691 0.000489884
0 0.764967 0.469463 0.0399113 0.112081 0.000528126
0 0.613821 0.716443 0.0384331 0.183221 0.000534219
0 0.372321 0.678859 0.0454545 0.169799 0.000537773
0 0.555802 0.695638 0.030303 0.156376 0.000541784
0 0.711752 0.361409 0.0502587 0.110738 0.000609135
0 0.765706 0.638591 0.0798226 0.173826 0.000650168
0 0.295455 0.342617 0.0506282 0.125503 0.000698608
0 0.27051 0.295302 0.0591279 0.143624 0.000707861
0 0.649483 0.692953 0.0683666 0.20604 0.000955049
0 0.537879 0.758389 0.0424982 0.165101 0.000990864
0 0.262934 0.34396 0.04102 0.12953 0.00111531
0 0.567812 0.44396 0.0550628 0.19396 0.00116332
0 0.355321 0.472483 0.0395418 0.175839 0.00129179
0 0.54527 0.471141 0.0558019 0.194631 0.00160382
0 0.082779 0.423154 0.0406504 0.116107 0.00162222
0 0.479675 0.472483 0.0517369 0.190604 0.00195459
0 0.748707 0.602349 0.0776053 0.12953 0.00238206
0 0.261086 0.383221 0.0424982 0.0899329 0.00245313
0 0.394309 0.523826 0.0509978 0.16443 0.00315144
0 0.292868 0.37953 0.0417591 0.0919463 0.00506438
0 0.659645 0.560403 0.0554324 0.198658 0.00530567
0 0.7415 0.388926 0.0461936 0.0825503 0.00621875
0 0.74612 0.450671 0.0628234 0.141611 0.00701157
0 0.282151 0.41443 0.0543237 0.145638 0.00822596
0 0.541205 0.531208 0.0277162 0.175168 0.0135374
0 0.689948 0.472819 0.0480414 0.168456 0.0163292
0 0.253511 0.497315 0.0606061 0.150336 0.024573
0 0.264043 0.441611 0.0424982 0.15302 0.0247951
0 0.38969 0.464094 0.0550628 0.173826 0.0450795
0 0.445491 0.504027 0.0328899 0.185235 0.0802239
0 0.481523 0.604027 0.0606061 0.386577 0.0905069
0 0.253511 0.467785 0.0339985 0.132886 0.107744
0 0.398744 0.588591 0.059867 0.378523 0.113675
0 0.54102 0.572819 0.0591279 0.289262 0.132666
0 0.611789 0.606376 0.0558019 0.360403 0.135576
0 0.636179 0.586913 0.0757576 0.369799 0.13702
0 0.568921 0.607718 0.0417591 0.389933 0.143455
0 0.481338 0.705034 0.0934959 0.171141 0.150108
0 0.633592 0.497651 0.117147 0.169799 0.151177
0 0.430894 0.614094 0.0465632 0.357047 0.157752
0 0.417775 0.498322 0.0920177 0.180537 0.180292
0 0.277162 0.507718 0.0613452 0.247651 0.180785
0 0.481523 0.51745 0.0886918 0.171812 0.205679
0 0.42184 0.687584 0.086105 0.168456 0.24444
0 0.374908 0.48557 0.11493 0.168456 0.24456
0 0.542129 0.713758 0.0665189 0.167114 0.263049
0 0.673503 0.481208 0.112712 0.157047 0.267356
0 0.602919 0.696644 0.0831486 0.171812 0.271005
0 0.579823 0.511745 0.0702143 0.180537 0.316534
0 0.320399 0.464094 0.0716925 0.161745 0.445847
0 0.473208 0.708389 0.0306726 0.16443 0.782248
0 0.498891 0.713758 0.0288248 0.157718 0.786464
0 0.429047 0.498658 0.0399113 0.191946 0.796633
0 0.765706 0.583221 0.0539542 0.100671 0.802058
0 0.457871 0.518121 0.0288248 0.175839 0.804376
0 0.571138 0.712081 0.0314117 0.174497 0.812136
0 0.580562 0.511409 0.0310421 0.181208 0.814431
0 0.520325 0.705034 0.0280857 0.165772 0.817661
0 0.420732 0.683893 0.0299335 0.159732 0.821715
0 0.553954 0.525168 0.0317812 0.167114 0.824621
0 0.727827 0.377852 0.056541 0.112752 0.827909
0 0.487435 0.51443 0.0317812 0.175168 0.828991
0 0.52088 0.524497 0.0314117 0.177852 0.838216
0 0.40558 0.490268 0.0424982 0.189933 0.840228
0 0.255728 0.575839 0.0436068 0.102013 0.840363
0 0.598115 0.69396 0.033629 0.165101 0.842223
0 0.544531 0.708054 0.0277162 0.167785 0.842714
0 0.375277 0.486913 0.0380636 0.169799 0.84335
0 0.447339 0.7 0.0373245 0.169128 0.843889
0 0.60643 0.507718 0.037694 0.179195 0.845565
0 0.672395 0.488255 0.0476718 0.163087 0.845946
0 0.279194 0.366443 0.0528455 0.114094 0.853808
0 0.299889 0.449329 0.056541 0.16443 0.855847
0 0.709904 0.457383 0.0561715 0.171141 0.856014
0 0.338877 0.482886 0.0502587 0.152349 0.862492
0 0.62731 0.689597 0.04102 0.179195 0.86359
0 0.3932 0.673154 0.0384331 0.174497 0.8641
0 0.634701 0.498322 0.0351072 0.173826 0.868355
0 0.296194 0.617114 0.0801922 0.145638 0.876878
0 0.723208 0.620805 0.0872136 0.148993 0.883426
0 0.670547 0.663758 0.0750185 0.167785 0.893442
0 0.350517 0.661409 0.0779749 0.165772 0.901485
