0 0.0143564 0.33546 0.0287129 0.259906 7.94083e-06
0 0.19868 0.916051 0.029703 0.166555 7.94749e-06
0 0.657261 0.964741 0.0313531 0.0705171 7.97617e-06
0 0.605611 0.604097 0.0349835 0.117529 7.9973e-06
0 0.80495 0.0527199 0.0462046 0.10544 8.02336e-06
0 0.573597 0.788113 0.0679868 0.156481 8.07765e-06
0 0.511881 0.0359302 0.0376238 0.0718603 8.08349e-06
0 0.40462 0.895232 0.0462046 0.209537 8.09515e-06
0 0.20297 0.0896575 0.0745875 0.144392 8.12223e-06
0 0.541089 0.780725 0.0630363 0.263936 8.13274e-06
0 0.236304 0.0302216 0.0382838 0.0604433 8.14318e-06
0 0.257756 0.974815 0.0547855 0.0503694 8.16956e-06
0 0.262211 0.926461 0.0339934 0.098724 8.17609e-06
0 0.468317 0.920081 0.0587459 0.159839 8.1985e-06
0 0.760891 0.584621 0.0405941 0.114842 8.21572e-06
0 0.00610561 0.935863 0.0122112 0.128274 8.23231e-06
0 0.936634 0.582942 0.0455446 0.124916 8.24994e-06
0 0.786799 0.689053 0.040264 0.112827 8.26025e-06
0 0.315677 0.397582 0.0465347 0.0940228 8.27496e-06
0 0.612046 0.176293 0.0379538 0.128274 8.27575e-06
0 0.225248 0.867361 0.0735974 0.265279 8.29522e-06
0 0.663201 0.317999 0.060396 0.218267 8.30765e-06
0 0.735644 0.275688 0.0415842 0.121558 8.34126e-06
0 0.652805 0.758227 0.0745875 0.141034 8.36944e-06
0 0.00759076 0.934184 0.0151815 0.131632 8.3784e-06
0 0.863201 0.231363 0.0452145 0.13096 8.38798e-06
0 0.240759 0.0530557 0.0551155 0.106111 8.47116e-06
0 0.861386 0.631968 0.0481848 0.120887 8.48759e-06
0 0.080363 0.0486904 0.0452145 0.0973808 8.4987e-06
0 0.382013 0.755876 0.0320132 0.216924 8.50015e-06
0 0.830363 0.051041 0.0455446 0.102082 8.50842e-06
0 0.207921 0.553056 0.0937294 0.233042 8.51563e-06
0 0.342409 0.815312 0.0570957 0.255205 8.51678e-06
0 0.210891 0.888852 0.0356436 0.117529 8.53652e-06
0 0.761716 0.109134 0.0745875 0.176629 8.54566e-06
0 0.113036 0.376763 0.049835 0.132975 8.58152e-06
0 0.394224 0.566488 0.0379538 0.128274 8.61215e-06
0 0.761221 0.378106 0.0366337 0.128946 8.625e-06
0 0.773432 0.818334 0.117162 0.19812 8.63588e-06
0 0.386799 0.0339154 0.0389439 0.0678308 8.63768e-06
0 0.586634 0.707858 0.0564356 0.154466 8.644e-06
0 0.362376 0.125588 0.0389439 0.130289 8.69515e-06
0 0.835809 0.788449 0.0372937 0.120887 8.71184e-06
0 0.360231 0.0745467 0.0425743 0.12223 8.76937e-06
0 0.997525 0.186702 0.00495049 0.253862 8.7866e-06
0 0.138944 0.958026 0.0323432 0.083949 8.79709e-06
0 0.420462 0.0567495 0.0547855 0.113499 8.83335e-06
0 0.762541 0.350907 0.059736 0.182001 8.84958e-06
0 0.886304 0.0779046 0.0445545 0.155809 8.85926e-06
0 0.686964 0.735057 0.049835 0.13096 8.93144e-06
0 0.885974 0.727334 0.049835 0.120887 8.96019e-06
0 0.0650165 0.283076 0.039604 0.126931 9.07759e-06
0 0.977393 0.865346 0.0452145 0.218267 9.1364e-06
0 0.437459 0.179987 0.0419142 0.137005 9.14055e-06
0 0.762706 0.494627 0.0627063 0.167226 9.14908e-06
0 0.162211 0.431498 0.0432343 0.13096 9.15238e-06
0 0.886139 0.179315 0.0448845 0.124916 9.17437e-06
0 0.0386139 0.836467 0.040264 0.132304 9.22402e-06
0 0.835974 0.115178 0.0778878 0.180658 9.23194e-06
0 0.335974 0.889523 0.0389439 0.129617 9.24195e-06
0 0.786469 0.0758899 0.0435644 0.114171 9.24734e-06
0 0.693399 0.549698 0.0343234 0.098724 9.25753e-06
0 0.760891 0.635997 0.039934 0.112827 9.27833e-06
0 0.704785 0.65413 0.0366337 0.193418 9.27976e-06
0 0.931353 0.468771 0.0587459 0.274009 9.29775e-06
0 0.187954 0.381128 0.0471947 0.13096 9.30603e-06
0 0.762871 0.125923 0.0419142 0.124244 9.31966e-06
0 0.911056 0.178643 0.0419142 0.126259 9.32938e-06
0 0.211716 0.0305574 0.0405941 0.0611148 9.36769e-06
0 0.374587 0.895567 0.0468647 0.208865 9.37117e-06
0 0.435479 0.934856 0.0564356 0.108798 9.42747e-06
0 0.836139 0.726998 0.0485149 0.114842 9.46494e-06
0 0.742574 0.342176 0.0508251 0.141706 9.51268e-06
0 0.511881 0.0738751 0.0409241 0.126259 9.51714e-06
0 0.735644 0.585964 0.0455446 0.117529 9.51887e-06
0 0.385644 0.177972 0.039934 0.134318 9.52599e-06
0 0.762211 0.328744 0.0366337 0.122901 9.56094e-06
0 0.893894 1 0.0161716 0 9.56771e-06
0 0.791914 0.973808 0.0260726 0.0523841 9.56842e-06
0 0.688449 0.182001 0.0369637 0.130289 9.58129e-06
0 0.495875 0.78274 0.0630363 0.247817 9.59945e-06
0 0.798515 0.111148 0.0782178 0.177972 9.62878e-06
0 0.167822 0.96407 0.0372937 0.0718603 9.65233e-06
0 0.75132 0.961719 0.079538 0.0765615 9.66632e-06
0 0.862046 0.379785 0.0409241 0.141706 9.68219e-06
0 0.835809 0.131296 0.0445545 0.117529 9.69754e-06
0 0.773432 0.459033 0.0511551 0.137676 9.71808e-06
0 0.858581 0.969443 0.0372937 0.0611148 9.73891e-06
0 0.0666667 1 0.0165017 0 9.77806e-06
0 0.861881 0.727334 0.0518152 0.1182 9.79956e-06
0 0.0876238 0.0325722 0.0405941 0.0651444 9.81128e-06
0 0.871947 0.116857 0.0785479 0.184016 9.88944e-06
0 0.742409 0.517126 0.0570957 0.127602 9.89279e-06
0 0.0123762 0.484553 0.0247525 0.207522 9.92138e-06
0 0.811386 0.0325722 0.039934 0.0651444 9.9438e-06
0 0.681848 0.0597717 0.0356436 0.119543 9.95317e-06
0 0.0226073 0.837475 0.0452145 0.32505 9.95692e-06
0 0.178548 0.0752183 0.0448845 0.150437 9.96981e-06
0 0.337459 0.178979 0.0392739 0.120215 1.00077e-05
0 0.756931 0.977838 0.0135314 0.044325 1.00138e-05
0 0.582673 0.608126 0.0359736 0.117529 1.0042e-05
0 0.261221 0.328744 0.0405941 0.120215 1.00848e-05
0 0.236964 0.63734 0.0475248 0.120887 1.01132e-05
0 0.464521 0.265279 0.059736 0.184016 1.0164e-05
0 0.760891 0.9409 0.0749175 0.1182 1.01838e-05
0 0.434983 0.894896 0.0435644 0.210208 1.01941e-05
0 0.977063 0.962727 0.0458746 0.0745467 1.02018e-05
0 0.762706 0.278375 0.0382838 0.126931 1.02163e-05
0 0.717822 0.971122 0.0310231 0.0577569 1.02213e-05
0 0.862046 0.032908 0.0415842 0.065816 1.02561e-05
0 0.760726 0.687374 0.0422442 0.110813 1.02584e-05
0 0.737129 0.861652 0.0887789 0.146407 1.03524e-05
0 0.255446 0.560443 0.079868 0.180658 1.03762e-05
0 0.837129 0.0325722 0.0405941 0.0651444 1.03894e-05
0 0.934158 0.382136 0.0412541 0.142377 1.04314e-05
0 0.838614 0.784755 0.0726073 0.149765 1.05195e-05
0 0.530033 0.0480188 0.0455446 0.0960376 1.05362e-05
0 0.602805 0.0752183 0.0650165 0.150437 1.05414e-05
0 0.210396 0.735729 0.0438944 0.117529 1.05759e-05
0 0.618482 0.712223 0.0415842 0.140363 1.06049e-05
0 0.793729 0.720282 0.0607261 0.215581 1.06533e-05
0 0.624587 0.216924 0.0478548 0.141034 1.06561e-05
0 0.812871 0.278711 0.0448845 0.130289 1.0671e-05
0 0.199505 0.153459 0.0570957 0.152451 1.06711e-05
0 0.328053 0.320685 0.0475248 0.242445 1.06742e-05
0 0.310561 0.737408 0.0508251 0.124916 1.06979e-05
0 0.786469 0.981531 0.0145215 0.0369375 1.07002e-05
0 0.563861 0.231363 0.0386139 0.117529 1.0719e-05
0 0.960726 0.484553 0.0468647 0.152451 1.07832e-05
0 0.405446 0.781061 0.0557756 0.190732 1.07846e-05
0 0.460231 0.278375 0.0405941 0.117529 1.08282e-05
0 0.254785 0.0738751 0.0415842 0.14775 1.08918e-05
0 0.161881 0.031229 0.0432343 0.062458 1.09073e-05
0 0.861056 0.1773 0.0488449 0.120887 1.09113e-05
0 0.886799 0.032908 0.0409241 0.065816 1.09194e-05
0 0.412046 0.178979 0.039934 0.139019 1.09476e-05
0 0.0132013 0.105104 0.0264026 0.202149 1.09505e-05
0 0.661881 0.31867 0.0465347 0.113499 1.09813e-05
0 0.0209571 0.762257 0.0419142 0.171927 1.09882e-05
0 0.362541 0.178643 0.0379538 0.126259 1.10023e-05
0 0.223432 0.0728677 0.0429043 0.145735 1.10327e-05
0 0.80264 0.868368 0.0924092 0.137005 1.10396e-05
0 0.393894 0.754869 0.0306931 0.201477 1.10642e-05
0 0.688449 0.774345 0.0930693 0.259234 1.1103e-05
0 0.692739 0.359302 0.0541254 0.157152 1.11158e-05
0 0.837129 0.687038 0.0372937 0.12223 1.11194e-05
0 0.636799 0.177972 0.0392739 0.126259 1.11214e-05
0 0.162046 0.483882 0.0389439 0.129617 1.11307e-05
0 0.567987 0.0480188 0.0488449 0.0960376 1.11506e-05
0 0.724917 0.264607 0.0584158 0.179987 1.11911e-05
0 0.70066 0.962727 0.0316832 0.0745467 1.12037e-05
0 0.410561 0.933512 0.0574257 0.106111 1.12318e-05
0 0.174752 0.148422 0.0742574 0.149093 1.13457e-05
0 0.236799 0.379785 0.0405941 0.13096 1.1354e-05
0 0.569637 0.691404 0.0363036 0.125588 1.1384e-05
0 0.153135 0.982203 0.0138614 0.0355944 1.14026e-05
0 0.060066 1 0.0330033 0 1.14341e-05
0 0.663366 0.532236 0.0528053 0.165883 1.14608e-05
0 0.787789 0.988247 0.0613861 0.0235057 1.14774e-05
0 0.99769 0.870719 0.00462046 0.216924 1.14924e-05
0 0.00825083 0.121894 0.0165017 0.157824 1.1493e-05
0 0.605116 0.988247 0.0636964 0.0235057 1.1497e-05
0 0.224092 0.935863 0.0257426 0.128274 1.15268e-05
0 0.762211 0.0742109 0.0445545 0.112156 1.15609e-05
0 0.738284 0.685695 0.0462046 0.116857 1.15838e-05
0 0.736634 0.18133 0.0382838 0.135662 1.16509e-05
0 0.00825083 0.522834 0.0165017 0.148422 1.16825e-05
0 0.35495 0.935191 0.049835 0.129617 1.16861e-05
0 0.419967 0.705171 0.0320132 0.116857 1.17084e-05
0 0.586964 0.887173 0.0412541 0.120887 1.17485e-05
0 0.212211 0.228005 0.0462046 0.117529 1.17572e-05
0 0.726733 0.978509 0.0132013 0.0429819 1.17642e-05
0 0.480363 0.0755541 0.0386139 0.151108 1.18177e-05
0 0.449175 0.511081 0.0184818 0.14775 1.1837e-05
0 0.0866337 0.372062 0.0504951 0.120887 1.18444e-05
0 0.369802 0.210544 0.0782178 0.184688 1.18829e-05
0 0.869307 0.948623 0.0363036 0.102754 1.19169e-05
0 0.029868 0.934856 0.0570957 0.130289 1.19294e-05
0 0.445049 0.701813 0.0260726 0.106111 1.19808e-05
0 0.0681518 0.515447 0.0564356 0.22767 1.19946e-05
0 0.460396 0.936535 0.0534653 0.102754 1.20926e-05
0 0.504951 0.26998 0.0508251 0.170584 1.20984e-05
0 0.690759 0.958697 0.079868 0.0826058 1.21148e-05
0 0.586139 0.231028 0.0363036 0.1182 1.21248e-05
0 0.586964 0.319342 0.0544554 0.195433 1.2142e-05
0 0.103135 0.0849563 0.0742574 0.169913 1.216e-05
0 0.934819 0.327065 0.0419142 0.137005 1.21761e-05
0 0.35429 0.965413 0.0366337 0.0691739 1.2179e-05
0 0.0651815 0.88818 0.0425743 0.117529 1.21872e-05
0 0.194224 0.938549 0.0260726 0.122901 1.22645e-05
0 0.986799 0.277703 0.0250825 0.143049 1.22877e-05
0 0.185809 0.777367 0.0534653 0.117529 1.23125e-05
0 0.736634 0.0685024 0.0594059 0.137005 1.23332e-05
0 0.707096 0.233714 0.0636964 0.231028 1.23994e-05
0 0.947855 0.916723 0.0541254 0.166555 1.2422e-05
0 0.504951 0.879113 0.0462046 0.127602 1.24243e-05
0 0.164356 0.180658 0.0462046 0.123573 1.24756e-05
0 0.0118812 0.186367 0.0237624 0.220954 1.25194e-05
0 0.913201 0.583613 0.0429043 0.120887 1.25533e-05
0 0.0310231 1 0.0376238 0 1.25558e-05
0 0.69637 0.978509 0.0132013 0.0429819 1.26022e-05
0 0.516337 0.931833 0.0557756 0.136333 1.26215e-05
0 1 0.26595 0 0.197448 1.26267e-05
0 0.99769 0.407992 0.00462046 0.203492 1.26333e-05
0 0.661881 0.279046 0.0419142 0.113499 1.27292e-05
0 0.915842 1 0.0277228 0 1.27715e-05
0 0.00973597 0.277703 0.0194719 0.148422 1.28062e-05
0 0.839274 0.957354 0.0237624 0.0852921 1.28331e-05
0 0.0391089 0.730692 0.0504951 0.124916 1.28423e-05
0 0.743564 0.209201 0.0613861 0.241101 1.28783e-05
0 0.936634 0.528878 0.0554455 0.122901 1.28799e-05
0 0.616667 0.941907 0.0273927 0.116185 1.28914e-05
0 0.436304 0.230692 0.0415842 0.121558 1.29487e-05
0 0.24868 0.490934 0.0577558 0.163868 1.29568e-05
0 0.872772 0.832438 0.0861386 0.140363 1.29616e-05
0 0.835809 0.833781 0.0537954 0.120215 1.30225e-05
0 0.236469 0.434184 0.0412541 0.126931 1.30479e-05
0 0.0113861 0.582606 0.0227723 0.145735 1.30629e-05
0 0.132673 0.080591 0.069967 0.161182 1.31535e-05
0 0.405281 0.9409 0.0264026 0.1182 1.32187e-05
0 0.99967 0.975823 0.000660066 0.0483546 1.32961e-05
0 0.0206271 0.267293 0.0412541 0.241773 1.33144e-05
0 0.544224 0.986568 0.0666667 0.0268637 1.3332e-05
0 0.934653 0.23002 0.0435644 0.132304 1.33732e-05
0 0.394059 0.264271 0.0574257 0.214238 1.33884e-05
0 0.592574 0.960376 0.0432343 0.0792478 1.3393e-05
0 0.760066 0.484553 0.040264 0.114842 1.3399e-05
0 0.562046 0.88415 0.039604 0.114842 1.34024e-05
0 0.0854785 0.43452 0.0435644 0.130289 1.3454e-05
0 0.324917 0.761249 0.0669967 0.137676 1.34554e-05
0 0.680693 0.890531 0.0630363 0.218939 1.34585e-05
0 0.0234323 0.338818 0.0462046 0.153794 1.3493e-05
0 0.760396 0.528878 0.0422442 0.109469 1.35371e-05
0 0.681683 0.96642 0.0313531 0.0671592 1.35386e-05
0 0.183168 0.98086 0.0132013 0.0382807 1.35625e-05
0 0.262046 0.696441 0.060066 0.143721 1.35694e-05
0 0.80429 0.972129 0.0270627 0.0557421 1.35855e-05
0 0.861056 0.880457 0.0554455 0.114171 1.36783e-05
0 0.480693 0.515447 0.0221122 0.16454 1.36834e-05
0 0.321287 0.862324 0.0920792 0.196105 1.36975e-05
0 0.693069 0.0419745 0.0435644 0.083949 1.37198e-05
0 0.380693 0.288784 0.0445545 0.154466 1.37291e-05
0 0.0633663 0.838146 0.0435644 0.12223 1.37641e-05
0 0.710396 0.68771 0.0722772 0.154466 1.37922e-05
0 0.810891 0.779718 0.049505 0.114171 1.38042e-05
0 0.735974 0.885829 0.0409241 0.119543 1.38061e-05
0 0.664191 0.212223 0.0544554 0.123573 1.39051e-05
0 0.861551 0.938549 0.0432343 0.109469 1.39298e-05
0 0.361716 0.330087 0.0422442 0.10141 1.39374e-05
0 0.888944 0.38415 0.049835 0.137005 1.3986e-05
0 0.809076 0.95366 0.0221122 0.0926796 1.40127e-05
0 0.20297 0.57589 0.0580858 0.167226 1.40135e-05
0 0.986799 0.17092 0.0231023 0.165883 1.40353e-05
0 0.136799 0.0308932 0.0425743 0.0617864 1.40371e-05
0 0.212211 0.530557 0.0448845 0.127602 1.40495e-05
0 0.623597 0.944258 0.160066 0.111484 1.4053e-05
0 0.0820132 0.28912 0.0630363 0.241101 1.40707e-05
0 0.484488 0.986232 0.0673267 0.0275353 1.40774e-05
0 0.627558 0.965749 0.070297 0.0685024 1.41057e-05
0 0.772607 0.27636 0.0686469 0.195433 1.41327e-05
0 0.788449 0.128946 0.0448845 0.116857 1.416e-05
0 0.112541 0.488583 0.0415842 0.128274 1.41774e-05
0 0.861881 0.583277 0.0359736 0.122901 1.41816e-05
0 0.812871 0.226326 0.0481848 0.128946 1.42338e-05
0 0.85462 0.274345 0.0993399 0.180658 1.42554e-05
0 0.533663 0.764607 0.0435644 0.145735 1.42647e-05
0 0.786634 0.832102 0.0511551 0.114171 1.42711e-05
0 0.642739 0.367025 0.0412541 0.161854 1.42787e-05
0 0.304951 0.212559 0.0554455 0.149765 1.42945e-05
0 0.370132 0.865346 0.0465347 0.117529 1.4311e-05
0 0.203465 0.77233 0.0458746 0.137005 1.43968e-05
0 0.435644 0.78912 0.0389439 0.111484 1.44304e-05
0 0.850165 0.0879785 0.0765677 0.175957 1.44369e-05
0 0.50264 0.759906 0.0462046 0.132304 1.45437e-05
0 0.911551 0.935191 0.0547855 0.106783 1.45891e-05
0 0.895545 0.888852 0.0551155 0.133647 1.46301e-05
0 0.636304 0.891538 0.0435644 0.124244 1.46352e-05
0 0.232673 0.769644 0.050165 0.134318 1.46621e-05
0 0.711056 0.740766 0.0445545 0.104768 1.46967e-05
0 0.184983 0.888852 0.0392739 0.114842 1.47426e-05
0 0.169637 0.214574 0.0666667 0.233042 1.4744e-05
0 0.294059 0.766958 0.0554455 0.131632 1.47553e-05
0 0.759736 0.737072 0.0442244 0.109469 1.4757e-05
0 0.862706 0.481867 0.0376238 0.13096 1.47924e-05
0 0.117657 0.721289 0.060396 0.232371 1.48409e-05
0 0.264521 0.766622 0.0551155 0.13096 1.48478e-05
0 0.761716 0.832102 0.0541254 0.115514 1.49129e-05
0 0.736964 0.832438 0.0554455 0.117529 1.49134e-05
0 0.196865 0.293821 0.0742574 0.136333 1.49359e-05
0 0.660396 0.959369 0.0785479 0.0812626 1.49472e-05
0 0.863366 0.532572 0.0363036 0.127602 1.49922e-05
0 0.0678218 0.977838 0.0392739 0.044325 1.50135e-05
0 0.374917 0.940564 0.0264026 0.118872 1.50168e-05
0 0.421782 0.90732 0.0521452 0.174614 1.50238e-05
0 0.276238 0.937542 0.0732673 0.124916 1.50415e-05
0 0.811221 0.833109 0.0521452 0.113499 1.50468e-05
0 0.181353 0.54869 0.069637 0.184016 1.50608e-05
0 0.465512 0.940564 0.0260726 0.118872 1.50609e-05
0 0.311221 0.264271 0.0567657 0.16857 1.50768e-05
0 0.635809 0.979181 0.0128713 0.0416387 1.51537e-05
0 0.112211 0.0308932 0.0409241 0.0617864 1.51547e-05
0 0.995545 0.941572 0.00891089 0.116857 1.51691e-05
0 0.65099 0.273002 0.0577558 0.169913 1.51691e-05
0 0.619967 0.497314 0.0372937 0.120215 1.51976e-05
0 0.455611 0.97683 0.0122112 0.0463398 1.52044e-05
0 0.64505 0.926125 0.0425743 0.14775 1.52116e-05
0 0.810066 0.131968 0.0471947 0.116185 1.53181e-05
0 0.570297 0.957018 0.0818482 0.0859637 1.53617e-05
0 0.872442 0.0580927 0.0537954 0.116185 1.53816e-05
0 0.113036 0.584621 0.0412541 0.126931 1.54757e-05
0 0.512211 0.279718 0.0349835 0.110813 1.5497e-05
0 0.260561 0.378778 0.0405941 0.116857 1.55283e-05
0 0.665842 0.980188 0.0128713 0.0396239 1.55692e-05
0 0.0232673 0.275017 0.0465347 0.140363 1.55963e-05
0 0.259901 0.870719 0.10066 0.191404 1.56027e-05
0 0.605941 0.978845 0.0125413 0.0423103 1.56064e-05
0 0.425248 0.977502 0.0122112 0.0449966 1.56103e-05
0 0.585809 0.839154 0.0627063 0.196776 1.56135e-05
0 0.161056 0.280725 0.0422442 0.123573 1.56357e-05
0 0.787129 0.780725 0.049505 0.112156 1.56614e-05
0 0.435479 0.941907 0.0267327 0.116185 1.56666e-05
0 0.364521 0.978845 0.0122112 0.0423103 1.57838e-05
0 0.886304 0.939221 0.0425743 0.106783 1.57943e-05
0 0.575908 0.978509 0.0125413 0.0429819 1.58729e-05
0 0.449175 0.695097 0.0171617 0.18133 1.58799e-05
0 0.379703 0.857287 0.0867987 0.188717 1.5962e-05
0 0.484158 0.785762 0.0356436 0.102082 1.60188e-05
0 0.839769 0.280725 0.0438944 0.135662 1.60818e-05
0 0.233333 0.706179 0.0547855 0.128274 1.61024e-05
0 0.293564 0.828408 0.0531353 0.141706 1.6107e-05
0 0.424257 0.986568 0.0656766 0.0268637 1.6181e-05
0 0.887459 0.534587 0.0409241 0.127602 1.61812e-05
0 0.761386 0.177972 0.0409241 0.127602 1.62172e-05
0 0.581353 0.750839 0.0405941 0.139691 1.62205e-05
0 0.435809 0.692075 0.0267327 0.180658 1.62205e-05
0 0.691089 0.230356 0.0389439 0.116857 1.62524e-05
0 0.376568 0.78677 0.0679868 0.247817 1.62747e-05
0 0.362376 0.230692 0.0382838 0.120215 1.63025e-05
0 0.511551 0.32908 0.0363036 0.114171 1.63282e-05
0 0.431023 0.33949 0.0442244 0.157824 1.63323e-05
0 0.984984 0.209537 0.030033 0.214909 1.63526e-05
0 0.896205 0.788113 0.0643564 0.139019 1.63658e-05
0 0.711386 0.887508 0.0425743 0.118872 1.6379e-05
0 0.0881188 0.842176 0.0435644 0.126259 1.64066e-05
0 0.509571 0.955339 0.0818482 0.0893217 1.64895e-05
0 0.363861 0.986568 0.0663366 0.0268637 1.64943e-05
0 0.34505 0.940564 0.0267327 0.118872 1.65176e-05
0 0.0029703 0.0567495 0.00594059 0.113499 1.65444e-05
0 0.391584 0.354265 0.0577558 0.230356 1.65564e-05
0 0.133993 0.484553 0.040264 0.125588 1.65724e-05
0 0.485314 0.978173 0.0122112 0.0436535 1.65733e-05
0 0.54571 0.978845 0.0122112 0.0423103 1.65964e-05
0 0.122607 0.279382 0.0669967 0.132975 1.66159e-05
0 0.735974 0.739422 0.0462046 0.110141 1.66386e-05
0 0.446865 0.881464 0.0475248 0.128274 1.66725e-05
0 0.0864686 0.585292 0.0448845 0.126931 1.6782e-05
0 0.039604 0.787441 0.0415842 0.128274 1.67894e-05
0 0.761386 0.780054 0.0528053 0.113499 1.68417e-05
0 0.275908 0.807925 0.0950495 0.182673 1.69046e-05
0 0.136469 0.786434 0.0405941 0.1182 1.69255e-05
0 0.337459 0.788113 0.0471947 0.122901 1.69278e-05
0 0.164851 0.0540631 0.0544554 0.108126 1.69324e-05
0 0.610561 0.78677 0.0409241 0.116185 1.6934e-05
0 0.262706 0.829751 0.0534653 0.143049 1.69351e-05
0 0.394719 0.978845 0.0125413 0.0423103 1.69734e-05
0 0.126898 0.986904 0.0623762 0.0261921 1.69852e-05
0 0.409736 0.78912 0.0405941 0.114171 1.70021e-05
0 0.0658416 0.062458 0.049835 0.124916 1.70055e-05
0 0.585149 0.393217 0.0382838 0.238415 1.70056e-05
0 0.515182 0.978509 0.0118812 0.0429819 1.70094e-05
0 0.184983 0.180322 0.0478548 0.120215 1.70176e-05
0 0.284983 0.938885 0.0273927 0.12223 1.703e-05
0 0.735148 0.224983 0.0452145 0.128946 1.70665e-05
0 0.185149 0.736064 0.0429043 0.1182 1.71259e-05
0 0.888284 0.480188 0.0405941 0.135662 1.71339e-05
0 0.162376 0.97683 0.0627063 0.0463398 1.7145e-05
0 0.692739 0.472801 0.0283828 0.131632 1.71623e-05
0 0.386139 0.674278 0.0363036 0.167898 1.71653e-05
0 0.0874587 0.278711 0.050165 0.119543 1.71667e-05
0 0.0625413 0.63734 0.0425743 0.120887 1.71962e-05
0 0.997195 0.552048 0.00561056 0.217596 1.72673e-05
0 0.910891 0.383815 0.0481848 0.13499 1.73015e-05
0 0.210726 0.9409 0.0346535 0.103425 1.74261e-05
0 0.107426 0.928811 0.0432343 0.142377 1.74456e-05
0 0.161386 0.535594 0.0376238 0.129617 1.74539e-05
0 0.5033 0.945601 0.163036 0.108798 1.7607e-05
0 0.850495 0.0540631 0.0508251 0.108126 1.76088e-05
0 0.935809 0.937542 0.0504951 0.103425 1.76838e-05
0 0.287954 0.328744 0.0386139 0.112156 1.76865e-05
0 0.429373 0.208193 0.0739274 0.190732 1.77143e-05
0 0.913531 0.534923 0.0409241 0.132304 1.7725e-05
0 0.409736 0.969443 0.0419142 0.0611148 1.7763e-05
0 0.291749 0.95366 0.0343234 0.0926796 1.78201e-05
0 0.689604 0.27636 0.0432343 0.109469 1.78391e-05
0 0.113531 0.535259 0.0415842 0.12223 1.78521e-05
0 0.787624 0.736064 0.0392739 0.106111 1.79007e-05
0 0.161551 0.785426 0.039934 0.114842 1.79251e-05
0 0.334158 0.981867 0.0128713 0.036266 1.79274e-05
0 1 0.810275 0 0.200806 1.79301e-05
0 0.481023 0.902619 0.0511551 0.1773 1.79537e-05
0 0.0224422 0.414708 0.0448845 0.229013 1.79701e-05
0 0.637294 0.28039 0.039604 0.112156 1.80041e-05
0 0.910396 0.0587643 0.0452145 0.117529 1.80309e-05
0 0.569472 0.509066 0.0188119 0.150437 1.81564e-05
0 0.212871 0.982874 0.0125413 0.0342512 1.81736e-05
0 0.605776 0.934856 0.0511551 0.130289 1.82534e-05
0 0.243399 0.981531 0.0122112 0.0369375 1.82984e-05
0 0.803135 1 0.0564356 0 1.83595e-05
0 0.259241 0.432505 0.0412541 0.1182 1.83726e-05
0 0.428548 0.789456 0.0537954 0.186031 1.85107e-05
0 0.784818 0.345198 0.0594059 0.142377 1.85976e-05
0 0.304455 0.948959 0.0372937 0.102082 1.86198e-05
0 0.623762 1 0.0594059 0 1.8621e-05
0 0.465512 0.701813 0.020132 0.202821 1.87265e-05
0 0.124257 0.33143 0.0551155 0.161854 1.87993e-05
0 0.761551 0.0342512 0.039934 0.0685024 1.88188e-05
0 0.130033 0.047683 0.0442244 0.095366 1.88355e-05
0 0.263861 0.536266 0.0491749 0.112156 1.88356e-05
0 0.280198 0.971457 0.0283828 0.0570853 1.88549e-05
0 0.0864686 0.638348 0.0448845 0.124244 1.88661e-05
0 0.134158 0.534587 0.0405941 0.120887 1.89291e-05
0 0.0846535 0.956011 0.0240924 0.0879785 1.90735e-05
0 0.164521 0.639019 0.0425743 0.121558 1.91015e-05
0 0.218812 0.464741 0.0567657 0.216253 1.9174e-05
0 0.457426 0.49362 0.0283828 0.116857 1.91762e-05
0 0.767657 0.903291 0.0514851 0.171927 1.92467e-05
0 0.894059 0.266958 0.0574257 0.25319 1.92691e-05
0 0.872772 0.899933 0.0656766 0.200134 1.93002e-05
0 0.517987 0.963398 0.0405941 0.0732035 1.93081e-05
0 0.787624 0.175957 0.0465347 0.12223 1.93766e-05
0 0.933168 0.0614506 0.0551155 0.122901 1.94771e-05
0 0.185479 0.986568 0.0660066 0.0268637 1.95331e-05
0 0.0407591 0.488583 0.039934 0.128274 1.95713e-05
0 0.787459 0.878778 0.050165 0.112156 1.95904e-05
0 0.530363 0.942243 0.0462046 0.115514 1.96003e-05
0 0.683333 1 0.0584158 0 1.96225e-05
0 0.236304 0.52955 0.0468647 0.113499 1.96614e-05
0 0.0867987 0.533244 0.0462046 0.120887 1.96846e-05
0 0.844224 0.221961 0.0574257 0.126931 1.97546e-05
0 0.871617 0.549698 0.0765677 0.169913 1.97633e-05
0 0.19736 0.893217 0.089769 0.095366 1.97832e-05
0 0.761221 0.225655 0.0419142 0.126259 1.98198e-05
0 0.685314 0.889523 0.0438944 0.116185 1.98264e-05
0 0.35462 0.0483546 0.0452145 0.0967092 1.98419e-05
0 0.933333 0.27233 0.0957096 0.19409 1.98991e-05
0 0.210891 0.179987 0.0442244 0.119543 1.9902e-05
0 0.834818 0.947616 0.0841584 0.104768 1.9906e-05
0 0.183333 0.644728 0.0584158 0.233714 1.99163e-05
0 0.562046 0.788784 0.0356436 0.108126 1.99493e-05
0 0.29868 0.961719 0.0772277 0.0765615 1.99604e-05
0 0.273762 0.982539 0.0122112 0.0349228 2.00576e-05
0 0.365347 0.271323 0.0561056 0.209537 2.0189e-05
0 0.391254 0.908328 0.0524752 0.179315 2.02591e-05
0 0.711551 0.839154 0.0442244 0.120215 2.031e-05
0 0.105281 0.0473472 0.0422442 0.0946944 2.0322e-05
0 0.657096 0.357623 0.0541254 0.118872 2.0332e-05
0 0.412376 0.230692 0.0372937 0.121558 2.03854e-05
0 0.315017 0.940564 0.0273927 0.118872 2.03983e-05
0 0.432673 0.86266 0.0455446 0.117529 2.0402e-05
0 0.984653 0.558428 0.0306931 0.314976 2.04096e-05
0 0.866997 0.419745 0.0686469 0.157152 2.04112e-05
0 0.987294 0.0886501 0.0254125 0.1773 2.05089e-05
0 0.835809 0.176964 0.0504951 0.114842 2.05638e-05
0 0.899175 0.672263 0.0623762 0.138348 2.05825e-05
0 0.60198 0.220954 0.0547855 0.1182 2.06361e-05
0 0.592409 0.0490262 0.0429043 0.0980524 2.07085e-05
0 0.310231 0.328073 0.0415842 0.106783 2.0715e-05
0 0.466502 0.0587643 0.0511551 0.117529 2.09222e-05
0 0.383333 0.948623 0.162706 0.102754 2.09536e-05
0 0.832343 0.672263 0.0686469 0.143721 2.09628e-05
0 0.039934 0.635997 0.0429043 0.124916 2.09932e-05
0 0.836139 0.881128 0.0537954 0.112827 2.10637e-05
0 0.442904 0.857287 0.0811881 0.173942 2.1066e-05
0 0.863366 0.997985 0.0574257 0.00402955 2.10706e-05
0 0.303795 0.983882 0.0128713 0.0322364 2.11392e-05
0 0.122442 0.214909 0.0620462 0.163868 2.11887e-05
0 0.986799 0.933177 0.0231023 0.133647 2.12028e-05
0 0.511221 0.0594359 0.0462046 0.118872 2.12135e-05
0 0.988119 0.338146 0.0237624 0.218267 2.12243e-05
0 0.136139 0.637005 0.0405941 0.120215 2.12859e-05
0 0.0240924 0.421424 0.0481848 0.137676 2.13362e-05
0 0.0168317 0.0748825 0.0336634 0.149765 2.14287e-05
0 0.810726 0.726662 0.0458746 0.111484 2.14888e-05
0 0.636964 0.788784 0.0462046 0.113499 2.15512e-05
0 0.388779 0.23002 0.040264 0.118872 2.16897e-05
0 0.243894 0.984553 0.0693069 0.0308932 2.16981e-05
0 0.930693 0.983546 0.0376238 0.032908 2.17095e-05
0 0.564191 1 0.059736 0 2.18833e-05
0 0.539274 0.902283 0.0389439 0.195433 2.19001e-05
0 0.260066 0.482874 0.0442244 0.112827 2.19157e-05
0 0.980198 0.974144 0.039604 0.0517126 2.19435e-05
0 0.735974 0.78677 0.0455446 0.112156 2.20018e-05
0 0.111551 0.639691 0.0409241 0.122901 2.2003e-05
0 0.209406 0.0540631 0.0531353 0.108126 2.20725e-05
0 0.366337 0.577569 0.0455446 0.126259 2.21046e-05
0 0.866007 0.960712 0.0772277 0.0785762 2.21461e-05
0 0.204125 0.646743 0.0590759 0.150437 2.21697e-05
0 0.482178 0.721289 0.0330033 0.149093 2.22659e-05
0 0.231848 0.831095 0.049835 0.140363 2.22791e-05
0 0.165677 0.226326 0.0455446 0.111484 2.24129e-05
0 1 0.692747 0 0.218267 2.24613e-05
0 0.783663 0.965749 0.0755776 0.0685024 2.24921e-05
0 0.737459 0.63499 0.0491749 0.120215 2.25118e-05
0 0.461056 0.787441 0.0369637 0.10544 2.25421e-05
0 0.902145 0.216924 0.0524752 0.138348 2.26054e-05
0 0.669472 0.663197 0.059736 0.141706 2.26266e-05
0 0.00858086 0.377435 0.0171617 0.141034 2.26856e-05
0 0.5033 1 0.0580858 0 2.26899e-05
0 0.129373 0.422431 0.0666667 0.135662 2.27884e-05
0 0.0643564 0.327401 0.0567657 0.157824 2.2869e-05
0 0.433993 0.511081 0.0211221 0.153123 2.2897e-05
0 0.192244 0.214574 0.0742574 0.191404 2.29375e-05
0 0.162706 0.687038 0.0442244 0.115514 2.2943e-05
0 0.991584 0.0869711 0.0168317 0.173942 2.2948e-05
0 0.0226073 0.647079 0.0412541 0.159167 2.29649e-05
0 0.0854785 0.484889 0.0429043 0.124916 2.30886e-05
0 0.719637 0.210544 0.049835 0.125588 2.31257e-05
0 0.789604 0.282404 0.0610561 0.13499 2.31535e-05
0 0.933168 0.278375 0.0438944 0.132304 2.31573e-05
0 0.392574 0.957354 0.0445545 0.0852921 2.32516e-05
0 0.812541 0.174614 0.050165 0.116857 2.32873e-05
0 0.237954 0.213566 0.0534653 0.145064 2.33571e-05
0 0.0209571 0.999328 0.0366337 0.00134318 2.33786e-05
0 0.185479 0.587307 0.0409241 0.140363 2.34135e-05
0 0.709406 0.787105 0.0478548 0.111484 2.34947e-05
0 0.0874587 0.32908 0.0435644 0.124916 2.35239e-05
0 0.0663366 0.999328 0.0178218 0.00134318 2.35306e-05
0 0.467492 0.509738 0.0280528 0.145064 2.35403e-05
0 0.836304 0.562122 0.060066 0.154466 2.36162e-05
0 0.090099 0.923439 0.0594059 0.153123 2.36195e-05
0 0.923432 1 0.0191419 0 2.36368e-05
0 0.570957 0.386501 0.0462046 0.184688 2.36538e-05
0 0.705115 0.515111 0.060396 0.150437 2.3682e-05
0 0.562541 0.280054 0.0405941 0.107455 2.36831e-05
0 0.163366 0.586635 0.0382838 0.13096 2.38433e-05
0 0.15033 0.89221 0.0755776 0.215581 2.40551e-05
0 0.313036 0.278375 0.0386139 0.104097 2.40794e-05
0 0.691419 0.649093 0.050165 0.129617 2.40809e-05
0 0.906436 0.451981 0.070297 0.182673 2.41419e-05
0 0.929208 0.947616 0.111881 0.104768 2.41483e-05
0 0.177063 0.945937 0.0194719 0.108126 2.42236e-05
0 0.493729 0.948959 0.0389439 0.102082 2.42391e-05
0 0.869637 0.695097 0.0844885 0.143721 2.43188e-05
0 0.059571 0.92176 0.0531353 0.156481 2.43946e-05
0 0.0886139 0.889523 0.0485149 0.113499 2.45355e-05
0 0.20264 0.947952 0.159076 0.104097 2.45977e-05
0 0.980858 0.212895 0.0363036 0.157152 2.4635e-05
0 0.0648515 0.74043 0.0432343 0.125588 2.46617e-05
0 0.335479 0.328073 0.0425743 0.10141 2.46862e-05
0 0.956106 0.828408 0.0851485 0.148422 2.48185e-05
0 0.719967 0.0564137 0.0320132 0.112827 2.48282e-05
0 0.742739 1 0.0570957 0 2.48627e-05
0 0.509571 0.940564 0.0171617 0.118872 2.48633e-05
0 0.663201 0.891874 0.0432343 0.119543 2.49393e-05
0 0.844389 0.339825 0.0485149 0.116857 2.51433e-05
0 0.214026 0.481531 0.0412541 0.114171 2.5256e-05
0 0.186139 0.83949 0.108911 0.1773 2.52868e-05
0 0.238449 0.939893 0.0168317 0.120215 2.53054e-05
0 0.609736 0.975151 0.0610561 0.0496978 2.53229e-05
0 0.435479 0.969443 0.0432343 0.0611148 2.53656e-05
0 0.179373 0.442915 0.0636964 0.19006 2.54203e-05
0 0.737789 0.40094 0.0570957 0.128946 2.54301e-05
0 0.140594 1 0.0574257 0 2.54535e-05
0 0.0627063 0.487576 0.0389439 0.1182 2.54825e-05
0 0.185149 0.225319 0.0488449 0.110813 2.55594e-05
0 1 0.0554063 0 0.110813 2.56111e-05
0 0.181353 0.337139 0.0570957 0.146407 2.57425e-05
0 0.621617 0.869375 0.0742574 0.0960376 2.58423e-05
0 0.159241 0.888852 0.0445545 0.110813 2.58762e-05
0 0.936469 0.486232 0.0432343 0.15178 2.59133e-05
0 0.442739 1 0.0577558 0 2.59723e-05
0 0.586469 0.787441 0.0382838 0.112156 2.59934e-05
0 0.387459 0.977502 0.0627063 0.0449966 2.60391e-05
0 0.0805281 0.946608 0.0785479 0.106783 2.61459e-05
0 0.207591 0.942243 0.0178218 0.115514 2.61543e-05
0 0.00957096 0.481867 0.0191419 0.143049 2.63414e-05
0 0.336139 0.231363 0.0379538 0.112156 2.63419e-05
0 0.114851 0.95366 0.0231023 0.0926796 2.64667e-05
0 0.389769 0.279382 0.0389439 0.102082 2.65681e-05
0 0.539934 0.268637 0.0554455 0.157152 2.65772e-05
0 0.892574 0.957354 0.0452145 0.0852921 2.6629e-05
0 0.890429 0.432841 0.0429043 0.129617 2.67022e-05
0 0.569307 0.94325 0.0178218 0.113499 2.67034e-05
0 0.0876238 0.689053 0.0438944 0.127602 2.67248e-05
0 0.382838 1 0.060066 0 2.67429e-05
0 0.661881 0.843519 0.0650165 0.209537 2.68683e-05
0 0.14604 0.949966 0.0214521 0.100067 2.68865e-05
0 0.777888 0.955339 0.0231023 0.0893217 2.68957e-05
0 0.187789 0.0520484 0.0607261 0.104097 2.69958e-05
0 0.00577558 0.0426461 0.0115512 0.0852921 2.70421e-05
0 0.217657 0.928811 0.0511551 0.142377 2.70988e-05
0 0.0229373 0.0705171 0.0458746 0.141034 2.71444e-05
0 0.59901 0.944594 0.0184818 0.110813 2.71576e-05
0 0.118482 0.89456 0.0673267 0.21088 2.71602e-05
0 0.0767327 0.943922 0.0452145 0.112156 2.71878e-05
0 0.948185 0.416723 0.0712871 0.147079 2.71947e-05
0 0.6967 0.949631 0.10033 0.100739 2.72594e-05
0 0.039934 0.583613 0.0415842 0.12223 2.72913e-05
0 0.773762 0.0765615 0.0722772 0.153123 2.72924e-05
0 0.906766 0.948623 0.0392739 0.102754 2.72948e-05
0 0.658911 0.945601 0.0188119 0.108798 2.73186e-05
0 0.109076 0.783412 0.0405941 0.120215 2.7393e-05
0 0.628878 0.945601 0.0188119 0.108798 2.76156e-05
0 0.539439 0.941236 0.0174917 0.117529 2.77459e-05
0 0.836469 0.443922 0.0544554 0.153123 2.7791e-05
0 0.792904 0.895567 0.0551155 0.208865 2.78691e-05
0 0.113036 0.556078 0.0643564 0.182673 2.79644e-05
0 0.615017 0.790128 0.0432343 0.250504 2.7967e-05
0 0.480363 0.843183 0.0663366 0.258563 2.7984e-05
0 0.263366 0.949966 0.166337 0.100067 2.80552e-05
0 0.756106 0.0557421 0.0336634 0.111484 2.80979e-05
0 0.655776 0.0463398 0.0429043 0.0926796 2.81354e-05
0 0.550165 0.864338 0.0442244 0.115514 2.83273e-05
0 0.192244 0.960376 0.0768977 0.0792478 2.83689e-05
0 0.322937 1 0.059736 0 2.85351e-05
0 0.580033 0.671256 0.0313531 0.137676 2.86119e-05
0 0.284323 0.724312 0.0617162 0.192747 2.86817e-05
0 0.789109 0.220282 0.0528053 0.112827 2.88415e-05
0 0.987624 0.379449 0.0227723 0.143721 2.88421e-05
0 0.0610561 0.585628 0.0415842 0.119543 2.89016e-05
0 0.560396 0.854265 0.0838284 0.169241 2.89087e-05
0 0.268317 0.941572 0.0171617 0.116857 2.89173e-05
0 0.323267 0.952653 0.1 0.0946944 2.8951e-05
0 0.979868 0.332438 0.0369637 0.161182 2.9134e-05
0 0.495215 0.520148 0.0227723 0.169913 2.92116e-05
0 0.0638614 0.442243 0.0617162 0.173942 2.92566e-05
0 0.616997 0.356279 0.0570957 0.230356 2.92844e-05
0 0.688779 0.946273 0.019802 0.107455 2.93726e-05
0 0.325083 0.827737 0.0541254 0.140363 2.94243e-05
0 0.361221 0.788784 0.0465347 0.118872 2.94283e-05
0 0.418482 0.941572 0.0178218 0.116857 2.96004e-05
0 0.00676568 0.203828 0.0135314 0.191404 2.96354e-05
0 0.384158 0.505037 0.0231023 0.154466 2.96404e-05
0 0.644554 0.708193 0.0468647 0.128274 2.9645e-05
0 0.257921 0.902955 0.0551155 0.19409 2.97703e-05
0 0.717492 0.412357 0.0653465 0.209537 2.98219e-05
0 0.0566007 0.799866 0.0689769 0.154466 2.99007e-05
0 0.630363 0.934856 0.0481848 0.130289 2.99067e-05
0 0.20198 1 0.0594059 0 2.99127e-05
0 0.00874587 0.319006 0.0174917 0.174614 2.99138e-05
0 0.233663 0.970114 0.0336634 0.0597717 2.99405e-05
0 0.256106 0.958026 0.0990099 0.083949 2.99875e-05
0 0.0945545 0.772666 0.0564356 0.234385 2.99885e-05
0 0.580033 0.937878 0.0465347 0.124244 3.00353e-05
0 0.215512 0.684688 0.0871287 0.172599 3.02599e-05
0 0.384158 0.824043 0.0541254 0.127602 3.03326e-05
0 0.240594 0.346541 0.0607261 0.14775 3.04624e-05
0 0.608911 0.324043 0.0435644 0.106783 3.05325e-05
0 0.282178 0.297179 0.0587459 0.143049 3.05384e-05
0 0.0610561 0.533244 0.0389439 0.116857 3.06636e-05
0 0.0844885 0.891202 0.0976898 0.146407 3.07004e-05
0 0.412706 0.277032 0.0392739 0.106783 3.08083e-05
0 0.55066 0.0745467 0.0742574 0.149093 3.08292e-05
0 0.465842 0.864674 0.0524752 0.136333 3.08447e-05
0 0.134488 0.565816 0.0676568 0.148422 3.09353e-05
0 0.35066 0.978845 0.0623762 0.0423103 3.11277e-05
0 0.709901 0.266286 0.0455446 0.10544 3.113e-05
0 0.545875 0.227334 0.0514851 0.116185 3.11821e-05
0 0.162376 0.736064 0.0429043 0.114171 3.12944e-05
0 0.706271 0.0594359 0.0574257 0.118872 3.13482e-05
0 0.234488 0.481531 0.0471947 0.106111 3.13834e-05
0 0.60198 0.673271 0.0429043 0.140363 3.14117e-05
0 0.286634 0.90497 0.0511551 0.179315 3.1494e-05
0 0.991419 0.697448 0.0171617 0.259906 3.15635e-05
0 0.899175 0.560107 0.0610561 0.145064 3.16857e-05
0 0.109241 0.970786 0.0429043 0.0584285 3.18166e-05
0 0.685974 0.83546 0.0458746 0.111484 3.18278e-05
0 0.116667 0.965077 0.0775578 0.0698455 3.18729e-05
0 0.553465 0.955003 0.0448845 0.0899933 3.20631e-05
0 0.478548 0.941572 0.0178218 0.116857 3.21338e-05
0 0.388119 0.942579 0.0178218 0.114842 3.2168e-05
0 0.685809 0.78912 0.0475248 0.108798 3.2179e-05
0 0.747855 0.952653 0.0224422 0.0946944 3.23114e-05
0 0.492079 0.673606 0.020462 0.143721 3.24311e-05
0 0.010066 0.439557 0.020132 0.184688 3.24974e-05
0 0.482178 0.220954 0.050165 0.123573 3.25071e-05
0 0.60198 0.873069 0.0587459 0.165212 3.25091e-05
0 0.791089 0.0463398 0.049505 0.0926796 3.25973e-05
0 0.370792 0.0483546 0.0504951 0.0967092 3.26578e-05
0 0.718317 0.949631 0.0214521 0.100739 3.27328e-05
0 0.0405941 0.536602 0.040264 0.119543 3.27389e-05
0 0.631353 0.841169 0.0759076 0.241101 3.29545e-05
0 0.321617 0.35225 0.0471947 0.108126 3.31493e-05
0 0.386634 0.346541 0.0445545 0.110141 3.34588e-05
0 0.309571 0.0473472 0.0508251 0.0946944 3.36744e-05
0 0.44835 0.942915 0.0181518 0.114171 3.37852e-05
0 0.334818 0.277367 0.0405941 0.102082 3.39039e-05
0 0.435479 0.277703 0.0392739 0.108126 3.3945e-05
0 0.348515 0.753862 0.0818482 0.175285 3.39898e-05
0 0.35297 0.827065 0.0544554 0.132304 3.40283e-05
0 0.485149 0.0523841 0.0574257 0.104768 3.43298e-05
0 0.0237624 0.563465 0.0475248 0.15178 3.44062e-05
0 0.357756 0.94325 0.0184818 0.113499 3.45272e-05
0 0.344554 0.902283 0.0561056 0.195433 3.45896e-05
0 0.20132 0.832774 0.0475248 0.138348 3.47986e-05
0 0.29769 0.944594 0.0184818 0.110813 3.48601e-05
0 0.662541 0.790128 0.0465347 0.108126 3.50657e-05
0 0.172442 0.834453 0.049835 0.141706 3.51402e-05
0 0.958581 0.700134 0.079538 0.16051 3.51992e-05
0 0.534653 0.828744 0.0481848 0.120887 3.52185e-05
0 0.431848 0.0480188 0.0465347 0.0960376 3.52482e-05
0 0.206601 0.951645 0.0316832 0.0967092 3.53691e-05
0 0.262706 0.635997 0.0765677 0.142377 3.54456e-05
0 0.572772 0.975487 0.0610561 0.0490262 3.54914e-05
0 0.648845 0.975823 0.0613861 0.0483546 3.55013e-05
0 0.498515 0.853929 0.079538 0.169913 3.56247e-05
0 0.406766 0.0500336 0.060396 0.100067 3.56617e-05
0 0.490759 0.861316 0.0442244 0.121558 3.56656e-05
0 0.406106 0.671592 0.0267327 0.174614 3.57602e-05
0 0.269472 0.0668234 0.0386139 0.133647 3.59329e-05
0 0.414356 0.825386 0.0524752 0.12223 3.59903e-05
0 0.987624 0.0742109 0.0221122 0.129617 3.62542e-05
0 0.263366 1 0.0594059 0 3.62546e-05
0 0.507426 0.67495 0.0155116 0.150437 3.6277e-05
0 0.514026 0.711216 0.0412541 0.135662 3.63198e-05
0 0.217492 0.961048 0.0382838 0.0779046 3.63451e-05
0 0.186304 0.683009 0.0412541 0.1182 3.67365e-05
0 0.313201 0.979852 0.0640264 0.0402955 3.68713e-05
0 0.988779 0.134654 0.0224422 0.239758 3.68856e-05
0 0.955776 0.555406 0.0732673 0.165212 3.70812e-05
0 0.135479 0.734721 0.0405941 0.115514 3.71134e-05
0 0.612211 0.273002 0.0561056 0.156481 3.71244e-05
0 0.737954 0.451981 0.0653465 0.119543 3.71992e-05
0 0.405116 0.391202 0.0471947 0.175285 3.74047e-05
0 0.425413 0.977166 0.0660066 0.0456682 3.74584e-05
0 0.462046 0.97683 0.0640264 0.0463398 3.74731e-05
0 0.680033 0.468435 0.0293729 0.129617 3.75143e-05
0 0.835149 0.977166 0.0617162 0.0456682 3.76674e-05
0 0.65165 0.825386 0.059736 0.12223 3.77807e-05
0 0.112541 0.689725 0.039604 0.120887 3.80036e-05
0 0.341914 0.580255 0.0627063 0.139691 3.81069e-05
0 0.0627063 0.215245 0.0594059 0.163197 3.81831e-05
0 0.112046 0.935191 0.0458746 0.102754 3.82548e-05
0 0.0549505 0.558764 0.0676568 0.155809 3.82718e-05
0 0.089604 0.979181 0.0663366 0.0416387 3.84036e-05
0 0.985809 0.736736 0.020462 0.170584 3.87141e-05
0 0.00775578 0.733714 0.0155116 0.151108 3.87499e-05
0 0.333828 0.0520484 0.059736 0.104097 3.90418e-05
0 0.416172 0.955675 0.0706271 0.0886501 3.90536e-05
0 0.362376 0.278711 0.0422442 0.103425 3.91049e-05
0 0.986799 0.413029 0.0264026 0.247146 3.91491e-05
0 0.499505 0.97683 0.0623762 0.0463398 3.92651e-05
0 0.980363 0.0661518 0.0392739 0.132304 3.94226e-05
0 0.894224 0.339825 0.0531353 0.134318 3.95528e-05
0 0.634158 0.0570853 0.0564356 0.114171 3.96707e-05
0 0.910396 0.430826 0.0392739 0.137676 4.0029e-05
0 0.534488 0.338818 0.0412541 0.13096 4.03681e-05
0 0.327393 0.944929 0.0191419 0.110141 4.04149e-05
0 0.613036 0.0456682 0.049835 0.0913365 4.04332e-05
0 0.843894 0.936535 0.0389439 0.126931 4.08585e-05
0 0.555116 0.0439893 0.049505 0.0879785 4.09262e-05
0 0.526568 0.901948 0.0471947 0.159839 4.1069e-05
0 0.111221 0.933848 0.0831683 0.132304 4.11298e-05
0 0.470627 0.343519 0.0442244 0.118872 4.12266e-05
0 0.0509901 0.678979 0.0650165 0.150437 4.13304e-05
0 0.984818 0.74681 0.030363 0.318334 4.14506e-05
0 0.111221 0.736064 0.039604 0.12223 4.18359e-05
0 0.00891089 0.977502 0.0178218 0.0449966 4.18369e-05
0 0.536469 0.976158 0.0623762 0.047683 4.18772e-05
0 0.564851 0.828744 0.049835 0.119543 4.2079e-05
0 0.316007 0.901948 0.0544554 0.196105 4.22201e-05
0 0.577888 0.272666 0.0547855 0.149093 4.25993e-05
0 0.141914 0.924782 0.0858086 0.150437 4.31597e-05
0 0.797525 0.97683 0.059736 0.0463398 4.35985e-05
0 0.979703 0.441907 0.0359736 0.163868 4.37036e-05
0 0.987294 0.890195 0.0254125 0.121558 4.39017e-05
0 0.186964 0.637005 0.0392739 0.126931 4.4308e-05
0 0.774092 0.935527 0.0854785 0.128946 4.45956e-05
0 0.587294 0.507723 0.0293729 0.141034 4.50734e-05
0 0.20264 0.906649 0.089769 0.186702 4.52525e-05
0 0.480693 0.673271 0.0194719 0.153794 4.55137e-05
0 0.806601 0.902955 0.0488449 0.163197 4.56755e-05
0 0.0884488 0.739087 0.0422442 0.125588 4.60779e-05
0 0.010396 0.0429819 0.0207921 0.0859637 4.61375e-05
0 0.874092 0.978845 0.0630363 0.0423103 4.62043e-05
0 0.567492 0.959369 0.0392739 0.0812626 4.63764e-05
0 0.155116 0.941572 0.0442244 0.116857 4.63982e-05
0 0.129373 0.842848 0.0759076 0.138348 4.65741e-05
0 0.963201 0.938549 0.0452145 0.122901 4.67568e-05
0 0.445875 0.827065 0.049505 0.117529 4.6955e-05
0 0.45198 0.352586 0.0570957 0.221625 4.74475e-05
0 0.444719 0.39456 0.039934 0.133647 4.7734e-05
0 0.00891089 0.881128 0.0178218 0.141034 4.7973e-05
0 0.987129 0.531901 0.0217822 0.153123 4.79763e-05
0 0.624587 0.916051 0.0894389 0.167898 4.82583e-05
0 0.277888 0.579248 0.060066 0.147079 4.8339e-05
0 0.762706 0.669577 0.0805281 0.15178 4.85934e-05
0 0.757096 0.412693 0.0607261 0.167226 4.88153e-05
0 0.673432 0.0439893 0.0491749 0.0879785 4.92309e-05
0 0.133003 0.703156 0.0686469 0.141034 4.93647e-05
0 0.730198 0.0466756 0.0485149 0.0933512 4.94061e-05
0 0.534653 0.908999 0.090429 0.182001 4.95408e-05
0 0.328713 0.681666 0.0838284 0.201477 4.97775e-05
0 0.210066 0.898254 0.0551155 0.177972 5.03699e-05
0 0.00577558 0.787777 0.0115512 0.179987 5.06614e-05
0 0.912541 0.972465 0.0455446 0.0550705 5.09943e-05
0 0.714851 0.942579 0.040264 0.114842 5.14797e-05
0 0.263696 0.902955 0.0910891 0.19409 5.16998e-05
0 0.00858086 0.680658 0.0171617 0.176629 5.1903e-05
0 0.50165 0.829416 0.0455446 0.1182 5.20396e-05
0 0.981023 0.680322 0.0379538 0.153123 5.30946e-05
0 0.509901 0.511753 0.0290429 0.120887 5.31839e-05
0 0.330528 0.938885 0.0405941 0.12223 5.33932e-05
0 0.141914 0.883143 0.060066 0.131632 5.38012e-05
0 0.239934 0.979852 0.0653465 0.0402955 5.44297e-05
0 0.0123762 0.666219 0.0247525 0.239087 5.46006e-05
0 0.816172 0.950302 0.0369637 0.0993956 5.49143e-05
0 0.595545 0.33949 0.0465347 0.120215 5.49797e-05
0 0.714686 0.924446 0.0867987 0.151108 5.56303e-05
0 0.262706 0.0490262 0.0580858 0.0980524 5.58587e-05
0 0.383663 0.910343 0.0887789 0.179315 5.60648e-05
0 0.276898 0.979852 0.0666667 0.0402955 5.6518e-05
0 0.355611 0.392545 0.0518152 0.117529 5.66143e-05
0 0.455611 0.955339 0.0471947 0.0893217 5.66799e-05
0 0.911221 0.980188 0.0640264 0.0396239 5.6686e-05
0 0.010231 0.532236 0.020462 0.13499 5.69363e-05
0 0.405281 0.498993 0.0429043 0.135662 5.77187e-05
0 0.277063 0.946273 0.0346535 0.107455 5.83491e-05
0 0.240264 0.902955 0.0508251 0.171256 5.84979e-05
0 0.14505 0.340833 0.0577558 0.199463 5.89046e-05
0 0.444224 0.913365 0.0884488 0.173271 5.89355e-05
0 0.113696 0.889523 0.0485149 0.108126 5.89802e-05
0 0.267327 0.954332 0.0330033 0.0913365 6.06768e-05
0 0.623927 0.354936 0.0452145 0.112156 6.17773e-05
0 0.0125413 0.566823 0.0250825 0.237743 6.29423e-05
0 0.59637 0.826394 0.0541254 0.117529 6.29927e-05
0 0.00858086 0.630625 0.0171617 0.137005 6.43159e-05
0 0.285149 0.0564137 0.049505 0.112827 6.43394e-05
0 0.789604 0.944594 0.030033 0.110813 6.49695e-05
0 0.180363 0.899933 0.0617162 0.184016 6.51097e-05
0 0.760891 0.978509 0.0617162 0.0429819 6.55726e-05
0 0.987294 0.978509 0.0254125 0.0429819 6.64056e-05
0 0.192574 0.959705 0.0379538 0.080591 6.6773e-05
0 0.777063 0.94728 0.0326733 0.10544 6.74393e-05
0 0.867327 0.311283 0.0508251 0.19812 6.80955e-05
0 0.688449 0.978173 0.0633663 0.0436535 6.80972e-05
0 0.1533 0.329416 0.0432343 0.121558 6.8213e-05
0 0.981188 0.55675 0.0376238 0.149093 6.86951e-05
0 0.986634 0.631296 0.0207921 0.162525 6.93578e-05
0 0.986799 0.049362 0.0264026 0.098724 7.01378e-05
0 0.306766 0.416051 0.0630363 0.19409 7.02058e-05
0 0.323762 0.912022 0.0871287 0.175957 7.04555e-05
0 0.00759076 0.882471 0.0151815 0.150437 7.1379e-05
0 0.743069 0.0463398 0.0366337 0.0926796 7.14575e-05
0 0.638449 0.31867 0.0531353 0.167226 7.20562e-05
0 0.988944 0.491269 0.0221122 0.21961 7.24046e-05
0 0.273432 0.457354 0.0630363 0.197448 7.54885e-05
0 0.349835 0.319342 0.0640264 0.177972 7.60949e-05
0 0.181353 0.941572 0.0452145 0.116857 7.63267e-05
0 0.020132 0.705171 0.040264 0.149093 7.68289e-05
0 0.0920792 0.959705 0.039604 0.080591 7.69043e-05
0 0.602145 0.51276 0.0306931 0.151108 7.69935e-05
0 0.130363 0.939893 0.0442244 0.120215 7.90485e-05
0 0.889604 0.280725 0.0432343 0.128946 7.96256e-05
0 0.691914 0.940564 0.0438944 0.118872 7.99158e-05
0 0.623102 0.82505 0.0567657 0.121558 8.0005e-05
0 0.668647 0.93687 0.0481848 0.126259 8.35391e-05
0 0.475248 0.828073 0.0442244 0.1182 8.50966e-05
0 0.557756 0.317999 0.0521452 0.145735 8.54315e-05
0 0.712541 0.311619 0.0541254 0.1773 8.58845e-05
0 0.50396 0.367025 0.0488449 0.133647 8.60551e-05
0 0.6033 0.389187 0.0455446 0.212895 8.64656e-05
0 0.00346535 0.98724 0.00693069 0.0255205 8.9993e-05
0 0.725248 0.978845 0.0636964 0.0423103 9.06942e-05
0 0.619802 0.737408 0.0719472 0.186702 9.0908e-05
0 0.530033 0.39859 0.0323432 0.159167 9.11371e-05
0 0.987459 0.0359302 0.0250825 0.0718603 9.11769e-05
0 0.729538 0.950974 0.0339934 0.0980524 9.16783e-05
0 0.524587 0.509738 0.0273927 0.116857 9.21131e-05
0 0.555116 0.669241 0.0369637 0.133647 9.38579e-05
0 0.00924092 0.580591 0.0184818 0.132304 9.41681e-05
0 0.418812 0.509066 0.0336634 0.130289 9.41871e-05
0 0.0450495 0.956011 0.039934 0.0879785 9.48727e-05
0 0.957261 0.975823 0.0412541 0.0483546 9.55184e-05
0 0.0178218 0.828744 0.0356436 0.14775 9.62057e-05
0 0.655611 0.601075 0.0564356 0.173271 9.69955e-05
0 0.735644 0.53358 0.0818482 0.238415 9.77929e-05
0 0.520627 0.608798 0.0247525 0.108126 9.96504e-05
0 0.445049 0.345198 0.0445545 0.112827 0.00010027
0 0.942574 0.957018 0.0409241 0.0859637 0.000104045
0 0.410561 0.327401 0.0534653 0.145735 0.000104677
0 0.465347 0.699127 0.0462046 0.163868 0.000108185
0 0.907921 0.28912 0.0409241 0.195433 0.00011176
0 0.989109 0.6182 0.0217822 0.230356 0.000111766
0 0.0567657 0.978845 0.0627063 0.0423103 0.000111775
0 0.416667 0.6182 0.0333333 0.144392 0.000113104
0 0.829373 0.943586 0.0409241 0.112827 0.000115025
0 0.521287 0.674614 0.0240924 0.141706 0.000115189
0 0.539109 0.696776 0.0392739 0.175285 0.000119084
0 0.479208 0.956682 0.040264 0.0866353 0.00011935
0 0.80297 0.943922 0.0330033 0.112156 0.000119893
0 0.486634 0.321692 0.0551155 0.143721 0.000121011
0 0.966997 1 0.0336634 0 0.000123395
0 0.541254 0.51041 0.0290429 0.143721 0.000124653
0 0.255116 0.948959 0.0323432 0.102082 0.000127135
0 0.317822 0.626595 0.0627063 0.137005 0.000127394
0 0.0123762 0.872733 0.0247525 0.251847 0.000128075
0 0.440924 0.618872 0.029703 0.136333 0.000132261
0 0.390099 0.718939 0.0554455 0.152451 0.000138
0 0.331848 0.470786 0.0359736 0.124916 0.000139118
0 0.64835 0.705843 0.0887789 0.179987 0.000139869
0 0.634818 0.497649 0.0551155 0.166555 0.000144929
0 0.010066 0.796844 0.020132 0.22767 0.000145918
0 0.765016 0.948287 0.0323432 0.103425 0.000146825
0 0.705776 0.39859 0.0458746 0.141706 0.000155128
0 0.0356436 1 0.0270627 0 0.000156656
0 0.347525 0.659503 0.0567657 0.139691 0.000169778
0 0.508581 0.431833 0.0356436 0.157152 0.000171412
0 0.243069 0.941907 0.0372937 0.116185 0.000173634
0 0.681683 0.482874 0.0735974 0.171927 0.000180068
0 0.552475 0.491941 0.0283828 0.129617 0.000211004
0 0.583333 0.379113 0.0478548 0.120215 0.000211687
0 0.303795 0.449295 0.0405941 0.146407 0.000212314
0 0.29571 0.366353 0.0554455 0.113499 0.000222294
0 0.0166667 0.965749 0.0333333 0.0685024 0.000231948
0 0.436304 0.724983 0.0435644 0.238415 0.00023823
0 0.471287 0.753526 0.0561056 0.171927 0.000257294
0 0.740594 0.945265 0.0349835 0.109469 0.000268322
0 0.423102 0.716924 0.0488449 0.169913 0.000269963
0 0.980858 0.992277 0.0382838 0.0154466 0.00028549
0 0.986304 0.831095 0.0188119 0.19006 0.000286768
0 0.372772 0.477502 0.0372937 0.146407 0.000290087
0 0.00874587 0.947952 0.0174917 0.104097 0.000293157
0 0.986799 0.903627 0.0264026 0.192747 0.000333071
0 0.284653 0.626595 0.0782178 0.192075 0.000389576
0 0.0123762 0.989255 0.0247525 0.0214909 0.000391777
0 0.70099 0.443586 0.0369637 0.10544 0.000394889
0 0.991419 0.992612 0.0171617 0.014775 0.000415654
0 0.95165 1 0.0287129 0 0.000435239
0 0.459901 0.382807 0.0412541 0.12223 0.000448748
0 0.989604 0.973808 0.0207921 0.0523841 0.000452532
0 0.560891 0.734385 0.0471947 0.19409 0.000464624
0 0.393729 0.389187 0.0468647 0.109469 0.000483812
0 0.060396 0.949295 0.0343234 0.10141 0.000500441
0 0.385974 0.469443 0.0346535 0.167898 0.00052016
0 0.628383 0.397246 0.0356436 0.143049 0.000545184
0 0.371122 0.395232 0.0709571 0.161854 0.000838511
0 0.988779 0.824379 0.0224422 0.262592 0.000856326
0 0.339439 0.428475 0.0445545 0.15178 0.000872103
0 0.703795 0.457018 0.0610561 0.145735 0.000872718
0 0.54967 0.393217 0.0511551 0.173942 0.000918465
0 0.425413 0.396575 0.0561056 0.16857 0.00127571
0 0.477393 0.39456 0.0471947 0.163197 0.00130282
0 0.373597 0.428475 0.0429043 0.14775 0.00149147
0 0.645545 0.447952 0.0442244 0.149093 0.00185882
0 0.495545 0.616521 0.0227723 0.12223 0.00197014
0 0.455941 0.431833 0.0313531 0.186702 0.00241083
0 0.318152 0.482539 0.0627063 0.16454 0.00358579
0 0.375743 0.638348 0.0551155 0.151108 0.00450649
0 0.482013 0.469443 0.0293729 0.169241 0.00506199
0 0.434818 0.472129 0.0313531 0.14775 0.00537077
0 0.617327 0.621894 0.0465347 0.166555 0.0283291
0 0.484158 0.530222 0.0666667 0.492277 0.0346798
0 0.607591 0.452317 0.0422442 0.156481 0.0772894
0 0.478713 0.638012 0.136964 0.154466 0.101241
0 0.579703 0.537945 0.0491749 0.381464 0.112601
0 0.483168 0.534587 0.0415842 0.342512 0.120511
0 0.552805 0.551377 0.050165 0.353257 0.127741
0 0.637129 0.521155 0.0636964 0.368032 0.142556
0 0.428383 0.535594 0.050165 0.364674 0.147787
0 0.618317 0.445601 0.107921 0.16051 0.163245
0 0.59769 0.539624 0.039604 0.359302 0.185062
0 0.370792 0.44728 0.127063 0.155809 0.196326
0 0.50198 0.634654 0.0594059 0.137005 0.208148
0 0.564356 0.634318 0.0805281 0.147079 0.211787
0 0.357426 0.543318 0.0620462 0.368032 0.214021
0 0.425083 0.642713 0.0818482 0.157152 0.21423
0 0.684158 0.515447 0.0561056 0.352586 0.243972
0 0.471947 0.638012 0.0521452 0.149093 0.245294
0 0.657096 0.433848 0.10429 0.159839 0.268454
0 0.543234 0.464741 0.0567657 0.161182 0.268972
0 0.474587 0.455675 0.0580858 0.171256 0.298773
0 0.487294 0.636333 0.0207921 0.147079 0.684105
0 0.526238 0.638348 0.0320132 0.153794 0.707202
0 0.423597 0.456682 0.0419142 0.178643 0.707902
0 0.523597 0.458026 0.0287129 0.173271 0.744753
0 0.54736 0.456011 0.0260726 0.170584 0.759929
0 0.39802 0.438214 0.0435644 0.148422 0.766547
0 0.621782 0.443922 0.0429043 0.182673 0.774746
0 0.445875 0.455675 0.0369637 0.173942 0.80481
0 0.591914 0.461048 0.0320132 0.169913 0.816608
0 0.505446 0.633983 0.0234323 0.142377 0.81753
0 0.494389 0.46004 0.0316832 0.169241 0.817901
0 0.470132 0.452653 0.0267327 0.170584 0.818169
0 0.689934 0.417394 0.0491749 0.16051 0.825663
0 0.44967 0.641706 0.0247525 0.161854 0.82703
0 0.571122 0.461383 0.0326733 0.167898 0.831367
0 0.469472 0.644056 0.0221122 0.163868 0.832761
0 0.3967 0.644392 0.0409241 0.159167 0.836476
0 0.54571 0.635997 0.0353135 0.154466 0.851487
0 0.357261 0.446944 0.0438944 0.163197 0.854406
0 0.425248 0.643721 0.0306931 0.167226 0.857051
0 0.569967 0.641034 0.0343234 0.149765 0.858947
0 0.593564 0.635326 0.0386139 0.157152 0.858954
0 0.661386 0.439221 0.0442244 0.162525 0.859027
0 0.322772 0.433848 0.049505 0.137005 0.860982
0 0.352145 0.625252 0.0877888 0.170584 0.869909
0 0.685479 0.610477 0.0726073 0.175957 0.874278
0 0.642904 0.642377 0.0805281 0.161854 0.882931
0 0.306601 0.57589 0.0818482 0.16051 0.892553
