0 0.286907 0.0327481 0.0404303 0.0654963 8.03151e-06
0 0.344028 0.959487 0.0389466 0.0810263 8.0396e-06
0 0.805823 0.956448 0.0315282 0.0425388 8.07619e-06
0 0.842915 0.0459149 0.0471068 0.0918298 8.07749e-06
0 0.505935 0.642134 0.0348665 0.0729237 8.08242e-06
0 0.783568 0.958812 0.0426558 0.0823768 8.09195e-06
0 0.80026 0.103646 0.0730712 0.162728 8.12383e-06
0 0.585126 0.20898 0.0374629 0.126266 8.14578e-06
0 0.954191 0.978393 0.0114985 0.043214 8.14727e-06
0 0.112945 0.667792 0.0396884 0.12424 8.16307e-06
0 0.685274 0.842336 0.0530415 0.104659 8.16917e-06
0 0.322144 0.199527 0.0522997 0.13977 8.17225e-06
0 0.18138 1 0.0378338 0 8.21016e-06
0 0.374444 1 0.03227 0 8.21133e-06
0 0.83457 0.586428 0.0689911 0.161377 8.23414e-06
0 0.415245 0.359217 0.0537834 0.117488 8.23434e-06
0 0.759829 0.117826 0.0433976 0.119514 8.24559e-06
0 0.687129 0.121202 0.0456231 0.112762 8.24918e-06
0 0.502411 0.318028 0.0530415 0.149899 8.25926e-06
0 0.00890208 0.0722485 0.0178042 0.118839 8.29275e-06
0 0.812129 0.575625 0.0396884 0.112762 8.29668e-06
0 0.711424 0.163741 0.0578635 0.110061 8.3042e-06
0 0.713279 0.0749494 0.0459941 0.108035 8.34254e-06
0 0.874815 0.959487 0.0144659 0.0702228 8.35452e-06
0 0.311944 0.255908 0.0452522 0.125591 8.36145e-06
0 0.868138 0.972316 0.0270772 0.0405132 8.36933e-06
0 0.138168 0.217421 0.0441395 0.125591 8.38152e-06
0 0.295067 0.6526 0.0382047 0.116813 8.40723e-06
0 0.829377 0.952059 0.0281899 0.0958812 8.42467e-06
0 0.174703 0.636394 0.0474777 0.119514 8.42502e-06
0 0.434904 0.693113 0.0352374 0.104659 8.44184e-06
0 0.572144 0.0584065 0.0552671 0.116813 8.47749e-06
0 0.563242 0.211344 0.0382047 0.125591 8.48687e-06
0 0.90319 0.704929 0.0860534 0.174207 8.49118e-06
0 0.613316 0.254558 0.0382047 0.118839 8.50641e-06
0 0.735349 0.944632 0.0589763 0.108035 8.50684e-06
0 0.683976 0.690749 0.0645401 0.151249 8.53234e-06
0 0.0200297 0.86293 0.0400593 0.1553 8.53285e-06
0 0.0372774 0.0313977 0.0404303 0.0627954 8.55527e-06
0 0.924703 0.959487 0.0111276 0.0567184 8.56139e-06
0 0.911907 0.759622 0.0419139 0.113437 8.59246e-06
0 0.706973 0.96894 0.0593472 0.0621202 8.60947e-06
0 0.493138 0.763673 0.0330119 0.114787 8.61161e-06
0 0.405972 0.995611 0.0367211 0.00877785 8.62279e-06
0 0.788576 0.969615 0.0281899 0.0607698 8.64969e-06
0 0.443991 0.366307 0.0459941 0.118163 8.65209e-06
0 0.143175 0.799797 0.0489614 0.116813 8.65219e-06
0 0.138539 0.74713 0.0782641 0.185685 8.68905e-06
0 0.572144 0.995273 0.0367211 0.00945307 8.69765e-06
0 0.885571 0.933491 0.0241098 0.133018 8.7136e-06
0 0.767804 0.757934 0.0504451 0.118163 8.71592e-06
0 0.0860534 0.713369 0.041543 0.120864 8.71669e-06
0 0.309162 0.939905 0.0419139 0.103984 8.7168e-06
0 0.0615727 0.989872 0.0675074 0.0202566 8.72343e-06
0 0.704748 0.66239 0.0489614 0.105334 8.76219e-06
0 0.290059 0.590142 0.0504451 0.147198 8.77391e-06
0 0.88928 0.393991 0.0485905 0.131668 8.80971e-06
0 0.136128 0.750169 0.0548961 0.110736 8.81298e-06
0 0.166172 0.0661715 0.0652819 0.132343 8.8341e-06
0 0.867211 0.911546 0.0333828 0.0621202 8.83652e-06
0 0.201595 0.307562 0.0537834 0.133018 8.83718e-06
0 0.389095 1 0.0318991 0 8.85338e-06
0 0.588279 0.906482 0.0689911 0.187036 8.86312e-06
0 0.918398 0.941594 0.0281899 0.116813 8.8848e-06
0 0.994622 0.111411 0.0107567 0.18501 8.91509e-06
0 0.585868 0.254558 0.0374629 0.118839 8.91531e-06
0 0.427485 0.829507 0.0419139 0.216745 8.91811e-06
0 0.335126 0.347738 0.0404303 0.114787 8.98438e-06
0 0.0326409 0.86867 0.0652819 0.26266 8.98702e-06
0 0.914688 0.921675 0.0259644 0.145847 8.99691e-06
0 0.985534 0.466577 0.0289317 0.228224 9.0175e-06
0 0.020957 0.694126 0.0419139 0.147198 9.04185e-06
0 0.462723 0.440581 0.0396884 0.101958 9.06592e-06
0 0.166358 1 0.0367211 0 9.06789e-06
0 0.736832 0.166442 0.0441395 0.112762 9.11407e-06
0 0.270957 0.992573 0.0404303 0.0148548 9.14165e-06
0 0.661721 0.434166 0.0452522 0.102633 9.16621e-06
0 0.760757 0.209318 0.0408012 0.113437 9.16665e-06
0 0.0083457 0.708305 0.0166914 0.148548 9.18529e-06
0 0.484792 0.633356 0.0400593 0.0594193 9.19561e-06
0 0.762426 0.240716 0.0671365 0.158677 9.2004e-06
0 0.650593 0.968602 0.0222552 0.0627954 9.20059e-06
0 0.201224 1 0.0315282 0 9.20391e-06
0 0.913019 0.574274 0.0471068 0.118163 9.21954e-06
0 0.860534 0.621539 0.0445104 0.115463 9.24482e-06
0 0.405601 0.83187 0.0374629 0.103984 9.27483e-06
0 0.754822 0.975354 0.0281899 0.049291 9.34656e-06
0 0.212908 0.212694 0.0408012 0.112086 9.36113e-06
0 0.311944 0.348413 0.041543 0.116138 9.36856e-06
0 0.736647 0.259622 0.0400593 0.130317 9.4185e-06
0 0.308234 0.994261 0.060089 0.0114787 9.41991e-06
0 0.058049 0.962188 0.0174332 0.0756246 9.45003e-06
0 0.617211 1 0.0341246 0 9.45473e-06
0 0.204377 0.525996 0.0519288 0.130993 9.47773e-06
0 0.335497 0.166779 0.0448813 0.12289 9.48976e-06
0 0.164132 0.530722 0.0478487 0.125591 9.51839e-06
0 0.516506 0.792032 0.0389466 0.135044 9.52923e-06
0 0.811202 0.120189 0.041543 0.114787 9.53864e-06
0 0.431936 0.568872 0.0204006 0.133018 9.53993e-06
0 0.829191 0.989534 0.0537834 0.0209318 9.58746e-06
0 0.556009 0.6553 0.0311573 0.104659 9.60209e-06
0 0.187685 0.349088 0.0467359 0.114787 9.63128e-06
0 0.633531 0.841999 0.0511869 0.102633 9.66174e-06
0 0.236832 0.0327481 0.0396884 0.0654963 9.66763e-06
0 0.74388 1 0.0166914 0 9.66908e-06
0 0.836424 0.656989 0.0689911 0.162053 9.6818e-06
0 0.161536 0.438555 0.0493323 0.123565 9.69093e-06
0 0.834941 0.303849 0.0652819 0.128292 9.70582e-06
0 0.163576 0.348751 0.0474777 0.116813 9.71482e-06
0 0.793583 0.909858 0.0389466 0.100608 9.73504e-06
0 0.0819733 0.931128 0.018546 0.137745 9.78358e-06
0 0.486647 0.348751 0.0348665 0.104659 9.78869e-06
0 0.728858 1 0.0170623 0 9.79994e-06
0 0.760757 0.166442 0.0430267 0.110061 9.80675e-06
0 0.594585 0.366982 0.0467359 0.119514 9.8271e-06
0 0.312871 0.165429 0.0456231 0.125591 9.83184e-06
0 0.902077 0.811614 0.0667656 0.151249 9.88692e-06
0 0.285423 0.844024 0.0574926 0.102633 9.90739e-06
0 0.64707 1 0.0337537 0 9.91285e-06
0 0.784866 0.620864 0.0482196 0.111411 9.92479e-06
0 0.86276 0.801148 0.0578635 0.127616 9.96426e-06
0 0.0667656 0.974342 0.0133531 0.0513167 1.00026e-05
0 0.259088 0.845037 0.0574926 0.10736 1.0003e-05
0 0.809533 0.945307 0.0330119 0.109386 1.00059e-05
0 0.237574 0.255233 0.0426558 0.12289 1.00141e-05
0 0.661721 0.121877 0.0422849 0.110061 1.00246e-05
0 0.113501 0.749494 0.0422849 0.128292 1.01079e-05
0 0.83661 0.0749494 0.0448813 0.109386 1.01114e-05
0 0.735905 0.0675219 0.0474777 0.105334 1.01286e-05
0 0.165616 0.716408 0.0745549 0.15395 1.01335e-05
0 0.216246 1 0.0318991 0 1.01599e-05
0 0.487389 0.392303 0.0356083 0.0999325 1.01618e-05
0 0.484792 0.846725 0.0348665 0.089129 1.01619e-05
0 0.527263 0.994598 0.0359792 0.0108035 1.01794e-05
0 0.526706 0.872384 0.060089 0.209318 1.01998e-05
0 0.345697 0.993248 0.0385757 0.0135044 1.02487e-05
0 0.71365 1 0.0170623 0 1.02704e-05
0 0.0853116 0.931465 0.0875371 0.13707 1.02734e-05
0 0.142248 0.972316 0.0293027 0.0540176 1.02774e-05
0 0.910979 0.107022 0.0905045 0.162728 1.03115e-05
0 0.844585 0.959149 0.0393175 0.0817016 1.0313e-05
0 0.861647 0.033761 0.0422849 0.0675219 1.03317e-05
0 0.109978 0.957124 0.03227 0.0857529 1.03456e-05
0 0.159681 0.667454 0.0433976 0.112762 1.03803e-05
0 0.24388 0.903444 0.0448813 0.193113 1.04116e-05
0 0.212352 0.0324105 0.0396884 0.0648211 1.04126e-05
0 0.904859 1 0.0122404 0 1.04211e-05
0 0.436758 0.0712356 0.0663947 0.142471 1.04336e-05
0 0.954562 0.934166 0.03227 0.0573937 1.04745e-05
0 0.811016 0.0712356 0.0411721 0.142471 1.04809e-05
0 0.0979228 0.258271 0.0756677 0.157326 1.0492e-05
0 0.376113 0.427752 0.0504451 0.155976 1.04932e-05
0 0.375927 0.995273 0.0367211 0.00945307 1.05136e-05
0 0.935274 0.801148 0.046365 0.110061 1.05325e-05
0 0.46977 0.970628 0.0367211 0.0587441 1.0542e-05
0 0.5625 0.352127 0.0359792 0.101958 1.05796e-05
0 0.470697 0.56786 0.022997 0.105334 1.05894e-05
0 0.759088 1 0.0166914 0 1.06678e-05
0 0.187315 0.48312 0.0541543 0.120864 1.0704e-05
0 0.83661 0.57765 0.0396884 0.115463 1.07189e-05
0 0.938613 0.573599 0.0567507 0.10871 1.07296e-05
0 0.00352374 0.981769 0.00704748 0.0364618 1.07579e-05
0 0.587166 0.541526 0.0281899 0.135044 1.08202e-05
0 0.644844 0.571573 0.0300445 0.115463 1.08412e-05
0 0.811573 0.168467 0.0459941 0.10736 1.08744e-05
0 0.246291 0.96894 0.0304154 0.0621202 1.09142e-05
0 0.09273 0.813977 0.0482196 0.143822 1.09283e-05
0 0.963093 0.962525 0.0226261 0.0749494 1.09906e-05
0 0.759088 0.0732613 0.0441395 0.110061 1.10771e-05
0 0.421921 0.993585 0.0367211 0.0128292 1.11733e-05
0 0.557307 0.777853 0.023368 0.147198 1.11861e-05
0 0.810645 0.528022 0.0433976 0.12154 1.1192e-05
0 0.731454 0.290682 0.060089 0.234301 1.11945e-05
0 0.955119 0.0452397 0.0452522 0.0904794 1.1205e-05
0 0.477188 0.416948 0.0478487 0.116813 1.12052e-05
0 0.125371 0.991222 0.0541543 0.0175557 1.12091e-05
0 0.00315282 0.936192 0.00630564 0.127616 1.12226e-05
0 0.661721 0.394666 0.0452522 0.101958 1.12267e-05
0 0.0899481 0.057056 0.0582344 0.114112 1.12443e-05
0 0.186573 0.667117 0.0408012 0.106685 1.12484e-05
0 0.240356 0.0533423 0.0504451 0.106685 1.12486e-05
0 0.859236 0.171168 0.0574926 0.123565 1.1291e-05
0 0.187871 0.845037 0.0448813 0.104659 1.13175e-05
0 0.959384 0.573937 0.0537834 0.132343 1.13443e-05
0 0.171921 0.749831 0.0530415 0.115463 1.13467e-05
0 0.63724 0.122552 0.0408012 0.110061 1.13624e-05
0 0.104228 0.934166 0.0311573 0.049291 1.13627e-05
0 0.39132 0.0573937 0.0548961 0.114787 1.13716e-05
0 0.349963 0.915935 0.0723294 0.128967 1.13984e-05
0 0.893546 0.954423 0.0267062 0.0330858 1.14047e-05
0 0.835868 0.664416 0.0433976 0.102633 1.144e-05
0 0.19362 0.910871 0.041543 0.178258 1.14428e-05
0 0.691766 0.347063 0.055638 0.105334 1.1481e-05
0 0.622033 0.893991 0.0749258 0.195814 1.15172e-05
0 0.788761 0.166442 0.0448813 0.104659 1.1522e-05
0 0.172849 0.142809 0.0504451 0.143822 1.15262e-05
0 0.910423 0.706955 0.0485905 0.117488 1.15646e-05
0 0.481825 0.785955 0.0356083 0.148548 1.15656e-05
0 0.711239 0.208643 0.0500742 0.116138 1.15919e-05
0 0.886499 0.0324105 0.0437685 0.0648211 1.15953e-05
0 0.0198442 0.947333 0.0396884 0.105334 1.16371e-05
0 0.873887 0.10871 0.0890208 0.158001 1.16389e-05
0 0.430823 0.828832 0.0374629 0.10871 1.16407e-05
0 0.903375 0.994261 0.0715875 0.0114787 1.16532e-05
0 0.385571 0.998312 0.0790059 0.0033761 1.16835e-05
0 0.748145 0.947671 0.0408012 0.104659 1.17518e-05
0 0.285608 0.0563808 0.0541543 0.112762 1.18102e-05
0 0.154488 0.972991 0.0293027 0.0540176 1.18241e-05
0 0.186758 0.993248 0.0248516 0.0135044 1.18502e-05
0 0.653746 0.365631 0.0493323 0.124916 1.18741e-05
0 0.998887 0.173194 0.00222552 0.223498 1.18834e-05
0 0.137611 0.664754 0.055638 0.112762 1.18879e-05
0 0.0127967 0.30655 0.0255935 0.189061 1.18965e-05
0 1 0.956448 0 0.0871033 1.19032e-05
0 0.445289 0.661377 0.0300445 0.0925051 1.19326e-05
0 0.835497 0.438217 0.0500742 0.12289 1.19795e-05
0 0.930453 0.989534 0.0634273 0.0209318 1.199e-05
0 0.742582 0.881837 0.0571217 0.147198 1.19934e-05
0 0.174889 0.0854153 0.0626855 0.127616 1.2e-05
0 0.836424 0.107022 0.0823442 0.165429 1.2057e-05
0 0.676929 0.902093 0.055638 0.167454 1.20964e-05
0 0.54247 0.994598 0.0367211 0.0108035 1.21472e-05
0 0.85497 0.954423 0.0289317 0.0411884 1.21951e-05
0 0.634458 0.439568 0.0426558 0.0999325 1.2241e-05
0 0.635942 0.394666 0.0426558 0.101958 1.22468e-05
0 0.544325 0.566172 0.0241098 0.0952059 1.22518e-05
0 0.662648 0.0668467 0.0626855 0.133693 1.22644e-05
0 0.62296 0.365969 0.046365 0.12289 1.22657e-05
0 0.936016 1 0.0129822 0 1.2296e-05
0 0.161721 0.619851 0.0459941 0.109386 1.22992e-05
0 0.867767 0.047603 0.0478487 0.0952059 1.23613e-05
0 0.714763 0.74713 0.0578635 0.131668 1.23782e-05
0 0.255378 0.993248 0.0389466 0.0135044 1.24076e-05
0 0.0127967 0.0995949 0.0255935 0.184335 1.24089e-05
0 0.687129 0.204591 0.0626855 0.112086 1.24139e-05
0 0.837908 0.959487 0.0170623 0.076975 1.2437e-05
0 0.642433 0.990547 0.0526706 0.0189061 1.24862e-05
0 0.352559 0.378798 0.0619436 0.1526 1.2503e-05
0 0.973665 0.513842 0.0526706 0.205267 1.25233e-05
0 0.40727 0.876097 0.055638 0.173531 1.26257e-05
0 0.188242 0.805537 0.0426558 0.105334 1.26381e-05
0 0.990727 0.422687 0.018546 0.233626 1.26538e-05
0 0.967544 1 0.0181751 0 1.26663e-05
0 0.613316 0.167792 0.0411721 0.112762 1.27182e-05
0 0.411721 0.393991 0.0393175 0.101958 1.27513e-05
0 0.531157 0.476367 0.0452522 0.154625 1.27598e-05
0 0.972181 0.617151 0.0459941 0.144497 1.27625e-05
0 0.322329 0.89264 0.0764095 0.203916 1.27668e-05
0 0.230898 0.969278 0.0293027 0.061445 1.28298e-05
0 0.910423 0.664078 0.0389466 0.120864 1.29469e-05
0 0.397626 0.803174 0.0704748 0.220797 1.30243e-05
0 0.632047 1 0.0333828 0 1.30346e-05
0 0.47793 0.761985 0.0196588 0.146523 1.30659e-05
0 0.269659 0.370695 0.074184 0.232275 1.30801e-05
0 0.375742 0.870695 0.0445104 0.123565 1.30865e-05
0 0.747774 0.795746 0.0645401 0.155976 1.30922e-05
0 0.291914 0.931128 0.0489614 0.125591 1.31076e-05
0 0.755564 0.047603 0.0400593 0.0952059 1.3133e-05
0 0.884458 0.215395 0.0574926 0.130993 1.31413e-05
0 0.163205 0.575962 0.0467359 0.116138 1.31418e-05
0 0.459199 0.658001 0.0304154 0.0898042 1.31844e-05
0 0.485349 0.89264 0.0382047 0.0918298 1.31965e-05
0 0.53431 0.999325 0.0812315 0.00135044 1.32221e-05
0 0.998331 0.788656 0.00333828 0.202566 1.32334e-05
0 0.719399 0.968602 0.0270772 0.0627954 1.33045e-05
0 0.186202 0.0317353 0.0408012 0.0634706 1.33262e-05
0 0.983494 0.700203 0.0330119 0.299797 1.33368e-05
0 1 0.360567 0 0.175557 1.33898e-05
0 0.700668 0.804524 0.0912463 0.278866 1.33937e-05
0 0.707901 0.395003 0.0552671 0.164754 1.3455e-05
0 0.10497 0.481769 0.055638 0.151924 1.34627e-05
0 0.161536 0.0313977 0.0441395 0.0627954 1.34674e-05
0 0.104228 0.954085 0.0304154 0.0472654 1.3468e-05
0 1 0.224848 0 0.170155 1.34703e-05
0 0.662092 1 0.0333828 0 1.34814e-05
0 0.689169 0.96894 0.0274481 0.0621202 1.34961e-05
0 0.0873516 0.0310601 0.0433976 0.0621202 1.35134e-05
0 0.171736 0.994936 0.0237389 0.0101283 1.35228e-05
0 0.799518 0.930452 0.0782641 0.139095 1.36112e-05
0 0.618323 0.981769 0.0333828 0.0364618 1.36432e-05
0 0.516691 0.928427 0.0534125 0.143147 1.36505e-05
0 0.964577 1 0.0626855 0 1.36809e-05
0 0.818435 0.956111 0.0315282 0.0459149 1.37436e-05
0 0.83865 0.172519 0.0511869 0.115463 1.37803e-05
0 0.0218843 0.417286 0.0437685 0.137745 1.37978e-05
0 0.233865 0.992573 0.0612018 0.0148548 1.37986e-05
0 0.0836424 1 0.0522997 0 1.38187e-05
0 0.87092 0.239703 0.0890208 0.263336 1.38624e-05
0 0.698442 1 0.0170623 0 1.3875e-05
0 0.307122 0.689737 0.0667656 0.126266 1.39256e-05
0 0.451224 0.872046 0.0389466 0.196489 1.39402e-05
0 0.610905 0.441594 0.0422849 0.103984 1.39425e-05
0 0.542099 0.198177 0.0545252 0.112762 1.40199e-05
0 0.186202 0.574612 0.041543 0.118839 1.40963e-05
0 0.0111276 0.173869 0.0222552 0.212694 1.41287e-05
0 0.811202 0.667117 0.0430267 0.0999325 1.41361e-05
0 0.967915 0.901418 0.050816 0.147198 1.41631e-05
0 0.390579 0.386226 0.055638 0.147198 1.4182e-05
0 0.788019 0.960837 0.0189169 0.0729237 1.42163e-05
0 0.813798 0.622215 0.0393175 0.101958 1.42266e-05
0 0.193064 0.881161 0.0916172 0.207968 1.42275e-05
0 0.155415 0.0442269 0.0474777 0.0884537 1.4248e-05
0 0.478672 0.0749494 0.0389466 0.149899 1.43036e-05
0 0.672663 0.570898 0.0352374 0.115463 1.43556e-05
0 0.430638 0.472991 0.0333828 0.123565 1.43724e-05
0 0.0886499 0.934504 0.0244807 0.130993 1.43838e-05
0 0.849036 0.97029 0.022997 0.0594193 1.4393e-05
0 0.974592 1 0.0456231 0 1.44084e-05
0 0.779488 0.966577 0.0255935 0.0668467 1.44172e-05
0 0.686944 0.168805 0.0497033 0.110736 1.44497e-05
0 0.683049 1 0.0174332 0 1.44766e-05
0 0.23572 0.848413 0.0493323 0.103309 1.44807e-05
0 0.959384 0.942944 0.0315282 0.114112 1.45283e-05
0 0.499629 0.383525 0.0534125 0.144497 1.4533e-05
0 0.920994 0.956448 0.158012 0.0871033 1.45352e-05
0 0.531714 0.670493 0.0344955 0.186361 1.45355e-05
0 0.932493 0.927752 0.0163205 0.144497 1.45375e-05
0 0.81046 0.711344 0.0452522 0.104659 1.45521e-05
0 0.336795 0.394328 0.0408012 0.106685 1.45684e-05
0 0.268175 0.907495 0.0563798 0.167454 1.45975e-05
0 0.809347 0.965564 0.0237389 0.0688724 1.46453e-05
0 0.212352 0.800473 0.0530415 0.10736 1.46721e-05
0 0.744251 0.102296 0.0471068 0.174882 1.47235e-05
0 0.708457 0.565159 0.0363501 0.102633 1.47237e-05
0 0.112203 0.0310601 0.0441395 0.0621202 1.47618e-05
0 0.121847 0.510804 0.069362 0.143822 1.47836e-05
0 0.362389 0.395341 0.0385757 0.103309 1.48117e-05
0 0.783012 0.730925 0.0385757 0.211344 1.48189e-05
0 0.833086 0.936867 0.022997 0.126266 1.48196e-05
0 0.611276 0.393991 0.0408012 0.100608 1.48537e-05
0 0.188798 0.757596 0.0445104 0.102633 1.48555e-05
0 0.510942 0.393315 0.0404303 0.0965564 1.48752e-05
0 0.0027819 0.0519919 0.0055638 0.103984 1.48845e-05
0 0.150408 0.967927 0.0285608 0.0641458 1.48997e-05
0 0.634088 0.888589 0.0426558 0.103984 1.49102e-05
0 0.719399 0.781567 0.0411721 0.114112 1.49659e-05
0 0.611647 0.89129 0.0400593 0.103984 1.49938e-05
0 0.053227 0.926739 0.0827151 0.146523 1.50368e-05
0 0.357381 0.828494 0.0396884 0.102633 1.50881e-05
0 0.990171 1 0.0196588 0 1.50943e-05
0 0.197886 0.995273 0.0775223 0.00945307 1.51248e-05
0 0.443249 0.978055 0.0408012 0.0438893 1.51355e-05
0 0.912463 0.618839 0.041543 0.122215 1.51624e-05
0 0.0888353 0.880824 0.0419139 0.135719 1.51874e-05
0 0.018546 0.229237 0.037092 0.234301 1.51931e-05
0 0.236832 0.618839 0.0382047 0.101958 1.52427e-05
0 0.352188 0.304862 0.0582344 0.134369 1.52438e-05
0 0.836053 0.620527 0.0400593 0.105334 1.52773e-05
0 0.842174 0.861242 0.0478487 0.126266 1.52971e-05
0 0.80026 0.961175 0.0181751 0.0735989 1.53284e-05
0 0.836424 0.347063 0.0526706 0.12154 1.53626e-05
0 0.692322 0.957799 0.0337537 0.0681972 1.54626e-05
0 1 0.86867 0 0.165429 1.55141e-05
0 0.0675074 0.909858 0.0289317 0.049291 1.55354e-05
0 0.658939 0.97029 0.0285608 0.0594193 1.55516e-05
0 0.757047 0.612086 0.0623145 0.170831 1.55828e-05
0 0.600519 0.304524 0.0563798 0.125591 1.56245e-05
0 0.867582 1 0.0578635 0 1.56462e-05
0 0.158568 0.711344 0.0448813 0.112762 1.56572e-05
0 0.536165 0.856178 0.0396884 0.103984 1.56677e-05
0 0.286721 0.890952 0.0452522 0.10736 1.5704e-05
0 0.502226 0.95341 0.0467359 0.0931803 1.57096e-05
0 0.0083457 0.254558 0.0166914 0.133693 1.58073e-05
0 0.575482 0.374747 0.0545252 0.147198 1.58394e-05
0 0.768546 0.846725 0.0830861 0.243079 1.58468e-05
0 0.818991 0.969278 0.0259644 0.061445 1.58689e-05
0 0.459755 0.999325 0.0797478 0.00135044 1.58721e-05
0 0.422849 0.998987 0.0793769 0.00202566 1.59696e-05
0 0.327708 0.940243 0.0530415 0.119514 1.6006e-05
0 0.775779 0.960162 0.0196588 0.076975 1.60095e-05
0 0.0617582 0.931465 0.0359792 0.0681972 1.60295e-05
0 0.360534 0.993585 0.0363501 0.0128292 1.60544e-05
0 0.839392 0.964213 0.0222552 0.0715733 1.60916e-05
0 0.602374 0.193788 0.0586053 0.120189 1.61342e-05
0 0.887982 0.0557056 0.0548961 0.111411 1.62044e-05
0 0.0714021 0.84605 0.0775223 0.128292 1.62185e-05
0 0.136684 0.878461 0.0671365 0.221472 1.62643e-05
0 0.803412 1 0.060089 0 1.63525e-05
0 0.748887 0.968265 0.0267062 0.0634706 1.63548e-05
0 0.875371 0.933828 0.0385757 0.0688724 1.63991e-05
0 0.0326409 0.378123 0.0482196 0.130993 1.64777e-05
0 0.937871 0.616813 0.0471068 0.114112 1.64861e-05
0 0.48201 0.194126 0.0530415 0.116813 1.6634e-05
0 0.76224 0.258609 0.0393175 0.12289 1.66392e-05
0 1 0.995949 0 0.00810263 1.66944e-05
0 0.532826 0.772451 0.023368 0.108035 1.67889e-05
0 0.137611 0.259959 0.0482196 0.114787 1.67974e-05
0 0.664132 0.952397 0.0337537 0.0952059 1.68229e-05
0 0.143175 1 0.055638 0 1.68241e-05
0 0.210868 0.845375 0.0485905 0.103984 1.68284e-05
0 0.258346 0.971641 0.0582344 0.0567184 1.6838e-05
0 0.542285 0.927752 0.0548961 0.144497 1.69069e-05
0 0.311016 0.890614 0.0456231 0.103984 1.69199e-05
0 0.0120549 0.380824 0.0241098 0.189061 1.69371e-05
0 0.465134 0.3842 0.055638 0.144497 1.70274e-05
0 0.287277 0.680959 0.0560089 0.104659 1.70578e-05
0 0.970326 0.947671 0.0593472 0.104659 1.70612e-05
0 0.418027 0.858879 0.041543 0.117488 1.71099e-05
0 0.985349 0.372721 0.0293027 0.222822 1.71317e-05
0 0.0107567 0.512829 0.0215134 0.220797 1.71472e-05
0 0.700668 0.953747 0.0281899 0.0925051 1.73463e-05
0 0.36276 0.601621 0.0393175 0.172856 1.74661e-05
0 0.81046 0.759622 0.0459941 0.108035 1.75714e-05
0 0.585497 0.392303 0.0404303 0.0999325 1.76031e-05
0 0.21773 0.664416 0.0660237 0.140446 1.76043e-05
0 0.337723 0.440243 0.0448813 0.0945307 1.76047e-05
0 0.636499 0.208643 0.0430267 0.109386 1.76167e-05
0 0.0298591 0.507427 0.0448813 0.135719 1.76244e-05
0 0.0602745 0.518569 0.0597181 0.125591 1.76406e-05
0 0.803969 0.643484 0.0641691 0.129642 1.76625e-05
0 0.188427 0.712019 0.0422849 0.104659 1.77484e-05
0 0.81046 0.393991 0.0459941 0.116813 1.77822e-05
0 0.595326 0.904794 0.0504451 0.108035 1.78272e-05
0 0.623145 1 0.018546 0 1.8022e-05
0 0.903004 0.95341 0.013724 0.0931803 1.80463e-05
0 0.96365 0.0320729 0.0422849 0.0641458 1.82478e-05
0 0.907456 0.929777 0.0181751 0.140446 1.82664e-05
0 0.713093 0.953072 0.0285608 0.0938555 1.82828e-05
0 0.137982 0.712694 0.0437685 0.119514 1.83002e-05
0 0.712352 0.8474 0.0441395 0.098582 1.83629e-05
0 0.705304 0.905132 0.0493323 0.146523 1.83662e-05
0 0.291358 0.417286 0.0485905 0.137745 1.84302e-05
0 0.0573071 0.924038 0.0641691 0.151924 1.84453e-05
0 0.858309 0.874747 0.055638 0.162728 1.8451e-05
0 0.204377 0.909858 0.0459941 0.124916 1.85483e-05
0 0.587537 1 0.0333828 0 1.85566e-05
0 0.65319 1 0.0178042 0 1.87231e-05
0 0.627967 0.971978 0.0304154 0.0560432 1.87604e-05
0 0.342544 0.500338 0.0411721 0.120189 1.87732e-05
0 0.119436 0.965901 0.0237389 0.0681972 1.887e-05
0 0.420438 0.190749 0.0552671 0.123565 1.8879e-05
0 0.0242953 0.232613 0.0448813 0.147873 1.89028e-05
0 0.878895 0.958474 0.0159496 0.083052 1.89193e-05
0 0.988687 0.814315 0.0226261 0.163403 1.89768e-05
0 0.932307 0.956786 0.0174332 0.0864281 1.90528e-05
0 0.926187 1 0.0482196 0 1.91132e-05
0 0.136869 0.029372 0.0437685 0.0587441 1.91271e-05
0 0.428227 0.3842 0.0574926 0.147198 1.91529e-05
0 0.418027 0.306887 0.0563798 0.131668 1.91544e-05
0 0.743694 0.946995 0.115727 0.106009 1.92005e-05
0 0.99592 0.498987 0.00816024 0.175557 1.92214e-05
0 0.0586053 0.421337 0.0637982 0.12289 1.93286e-05
0 0.48405 0.308575 0.0534125 0.117488 1.93878e-05
0 0.690838 0.387238 0.0493323 0.101958 1.94154e-05
0 0.202337 0.621202 0.069362 0.137745 1.94235e-05
0 0.481639 0.950034 0.0411721 0.0999325 1.94735e-05
0 0.212908 0.573599 0.0578635 0.13842 1.95582e-05
0 0.869993 0.960162 0.0189169 0.0796759 1.96075e-05
0 0.66339 0.194801 0.0582344 0.115463 1.96236e-05
0 0.125 0.914922 0.0333828 0.117488 1.96329e-05
0 0.186387 0.528359 0.0433976 0.124916 1.96409e-05
0 0.644844 0.253207 0.0686202 0.135044 1.97348e-05
0 0.905786 0.29946 0.0801187 0.160027 1.97458e-05
0 0.888353 0.914585 0.0222552 0.0925051 1.97475e-05
0 0.813427 0.212019 0.0474777 0.114787 1.98316e-05
0 0.63724 0.689737 0.0593472 0.122215 1.99003e-05
0 0.656157 0.469953 0.0356083 0.136394 1.99113e-05
0 0.0994065 0.914585 0.0222552 0.0952059 1.99424e-05
0 0.181009 0.977043 0.0393175 0.0459149 2.00663e-05
0 0.186387 0.619176 0.0419139 0.106685 2.01493e-05
0 0.910423 0.0536799 0.0500742 0.10736 2.01846e-05
0 0.541543 0.307225 0.0548961 0.113437 2.02496e-05
0 0.602374 1 0.0333828 0 2.0272e-05
0 0.867767 0.305199 0.0612018 0.130993 2.03786e-05
0 0.565467 0.905469 0.0485905 0.105334 2.03956e-05
0 0.797292 0.381837 0.0597181 0.174882 2.04316e-05
0 0.497404 0.993248 0.037092 0.0135044 2.04343e-05
0 0.867767 0.954423 0.0285608 0.0425388 2.04736e-05
0 0.818991 0.861918 0.0378338 0.177583 2.04911e-05
0 0.494807 0.0654963 0.0593472 0.130993 2.04976e-05
0 0.512055 0.943282 0.0352374 0.0958812 2.05499e-05
0 0.985349 0.435179 0.0293027 0.126266 2.05936e-05
0 0.299703 0.191425 0.060089 0.122215 2.06838e-05
0 0.38928 0.916273 0.0678783 0.126941 2.07788e-05
0 0.0660237 0.0513167 0.0511869 0.102633 2.08014e-05
0 0.289874 0.302836 0.0634273 0.120864 2.08107e-05
0 0.83457 0.802836 0.0489614 0.098582 2.09352e-05
0 0.742396 0.372721 0.0552671 0.158001 2.09991e-05
0 0.131306 0.383862 0.0727003 0.134369 2.10097e-05
0 0.0554525 0.95341 0.0545252 0.0931803 2.10517e-05
0 0.30842 0.440243 0.0478487 0.0931803 2.11143e-05
0 0.662648 0.303174 0.0582344 0.12424 2.11307e-05
0 0.120364 0.617151 0.0678783 0.140446 2.1163e-05
0 0.00778932 0.364619 0.0155786 0.130993 2.12225e-05
0 0.929711 0.860905 0.0411721 0.125591 2.13367e-05
0 0.240356 0.363606 0.0563798 0.128967 2.13388e-05
0 0.84273 0.910533 0.0348665 0.0790007 2.14486e-05
0 0.946958 0.874072 0.0511869 0.170831 2.14765e-05
0 0.312685 0.39264 0.0586053 0.135719 2.15134e-05
0 0.518361 0.568197 0.0307864 0.100608 2.15956e-05
0 0.336239 0.89129 0.0441395 0.102633 2.16132e-05
0 0.536536 0.898042 0.0560089 0.103984 2.17164e-05
0 0.907456 0.881161 0.046365 0.1526 2.17284e-05
0 0.358123 0.189399 0.0597181 0.123565 2.17612e-05
0 0.14095 0.967589 0.0259644 0.0648211 2.17955e-05
0 0.680267 0.957799 0.0333828 0.0735989 2.18325e-05
0 0.561016 0.911546 0.069362 0.176907 2.18497e-05
0 0.12908 0.935517 0.0326409 0.0627954 2.18814e-05
0 0.196958 1 0.037092 0 2.19936e-05
0 0.994993 1 0.0100148 0 2.21019e-05
0 0.987574 0.997974 0.0248516 0.00405132 2.217e-05
0 0.317136 0.968265 0.0348665 0.0634706 2.2185e-05
0 0.26595 0.61445 0.0482196 0.135044 2.21899e-05
0 0.00890208 0.829507 0.0178042 0.13842 2.22422e-05
0 0.585126 0.443282 0.0411721 0.10736 2.22875e-05
0 0.911721 0.574612 0.060089 0.229575 2.22955e-05
0 0.954748 0.939905 0.0734421 0.120189 2.23323e-05
0 0.160052 0.242066 0.0804896 0.142471 2.23622e-05
0 0.271328 0.314315 0.0545252 0.149223 2.23631e-05
0 0.970512 0.425726 0.0433976 0.134369 2.24379e-05
0 0.512426 0.993923 0.0367211 0.0121539 2.24402e-05
0 0.81046 0.796759 0.0534125 0.102633 2.24806e-05
0 0.953635 0.953747 0.0289317 0.0533423 2.25063e-05
0 0.196402 0.977718 0.0396884 0.0445645 2.25279e-05
0 0.787834 0.393315 0.0437685 0.10736 2.25821e-05
0 0.134829 0.0641458 0.0619436 0.128292 2.28246e-05
0 0.067322 0.814652 0.046365 0.149223 2.28632e-05
0 0.392248 0.963201 0.0426558 0.0735989 2.29127e-05
0 0.0055638 0.182309 0.0111276 0.15395 2.29724e-05
0 0.443064 0.417961 0.0478487 0.109386 2.29819e-05
0 0.00723294 0.506752 0.0144659 0.141121 2.3125e-05
0 0.992767 1 0.0144659 0 2.32679e-05
0 0.597181 0.973666 0.0326409 0.0526671 2.33026e-05
0 0.637982 0.169142 0.0408012 0.103309 2.33843e-05
0 0.742211 0.530722 0.0504451 0.132343 2.35044e-05
0 0.983309 0.888926 0.0333828 0.222147 2.35713e-05
0 0.211795 1 0.037092 0 2.35738e-05
0 0.834941 0.941256 0.0830861 0.117488 2.36928e-05
0 0.827522 0.0560432 0.0459941 0.112086 2.37184e-05
0 0.690467 0.785955 0.0560089 0.12289 2.37377e-05
0 0.839763 0.734639 0.0860534 0.162053 2.3851e-05
0 0.849777 0.959487 0.0163205 0.076975 2.39197e-05
0 0.238131 0.572586 0.0430267 0.114787 2.40472e-05
0 0.813427 0.302161 0.0511869 0.120864 2.40986e-05
0 0.0083457 0.617488 0.0166914 0.13842 2.41712e-05
0 0.990542 0.9605 0.0189169 0.0790007 2.41794e-05
0 0.637982 1 0.018546 0 2.42804e-05
0 0.0645401 0.3079 0.0652819 0.116138 2.42926e-05
0 0.986647 0.164078 0.0244807 0.136394 2.4315e-05
0 0.099592 0.957124 0.0174332 0.0857529 2.44526e-05
0 0.114985 0.717758 0.0675074 0.113437 2.44737e-05
0 0.762611 0.805537 0.0482196 0.0918298 2.45966e-05
0 0.459755 0.893315 0.0374629 0.0931803 2.46368e-05
0 0.998516 0.618501 0.00296736 0.190412 2.46476e-05
0 0.361276 0.892978 0.0430267 0.0992573 2.46665e-05
0 0.00816024 0.417961 0.0163205 0.128292 2.47997e-05
0 0.18342 0.307562 0.0589763 0.111411 2.48124e-05
0 0.0100148 0.648886 0.0200297 0.248481 2.48247e-05
0 0.743509 1 0.0604599 0 2.48598e-05
0 0.893175 0.863606 0.0400593 0.117488 2.49128e-05
0 0.511313 0.86867 0.0478487 0.147873 2.49572e-05
0 0.668027 1 0.0178042 0 2.50796e-05
0 0.813056 0.9605 0.0192878 0.0762998 2.50905e-05
0 0.120734 0.876772 0.0500742 0.154625 2.53001e-05
0 0.081046 0.901756 0.11684 0.196489 2.53826e-05
0 0.775037 0.850101 0.0626855 0.118839 2.54434e-05
0 0.333828 0.968602 0.0430267 0.0627954 2.55944e-05
0 0.393175 0.86023 0.0422849 0.12424 2.56345e-05
0 1 0.735314 0 0.182309 2.5725e-05
0 0.829748 0.931803 0.0474777 0.129642 2.5803e-05
0 0.767062 0.909183 0.0400593 0.122215 2.58165e-05
0 0.502596 0.910533 0.0571217 0.13707 2.59116e-05
0 0.443435 0.712357 0.0367211 0.162053 2.59417e-05
0 0.00630564 0.298109 0.0126113 0.134369 2.60848e-05
0 0.90931 0.193788 0.0797478 0.172856 2.60872e-05
0 0.682678 0.948346 0.110163 0.103309 2.6128e-05
0 0.833828 0.968265 0.0237389 0.0634706 2.62137e-05
0 0.124258 0.196151 0.060089 0.13977 2.64872e-05
0 0.592915 0.974342 0.0723294 0.0513167 2.67256e-05
0 0.111091 0.937542 0.0285608 0.116813 2.67536e-05
0 0.506491 0.478393 0.0367211 0.158677 2.67613e-05
0 0.952893 0.740041 0.0845697 0.164754 2.67776e-05
0 0.811016 0.346388 0.0500742 0.117488 2.68257e-05
0 0.856269 0.0560432 0.0567507 0.112086 2.68288e-05
0 0.809904 0.43923 0.0456231 0.118163 2.68615e-05
0 0.986647 0.482782 0.0267062 0.136394 2.68849e-05
0 0.985163 0.389602 0.0296736 0.120189 2.69288e-05
0 0.691024 0.4237 0.0563798 0.111411 2.70129e-05
0 0.179525 0.910871 0.0430267 0.128292 2.7063e-05
0 0.768917 0.951722 0.0437685 0.0965564 2.70682e-05
0 0.0626855 0.914247 0.0178042 0.0877785 2.708e-05
0 0.887797 0.959824 0.0129822 0.0627954 2.7124e-05
0 0.56454 0.248818 0.0637982 0.130317 2.72388e-05
0 0.116283 0.946658 0.0812315 0.106685 2.72734e-05
0 0.988501 0.760635 0.022997 0.295071 2.72975e-05
0 0.202893 0.944294 0.0994065 0.111411 2.73358e-05
0 0.505935 0.979068 0.0378338 0.0418636 2.76229e-05
0 0.22997 0.909183 0.0504451 0.146523 2.76368e-05
0 0.61072 0.0391627 0.050816 0.0783255 2.77802e-05
0 0.234236 0.513167 0.0359792 0.18366 2.78994e-05
0 0.363131 0.434166 0.0430267 0.0918298 2.7975e-05
0 0.91747 0.903781 0.130193 0.192438 2.81104e-05
0 0.72589 0.952059 0.0289317 0.0958812 2.82083e-05
0 0.536721 0.93788 0.0497033 0.0877785 2.82763e-05
0 0.331046 0.99156 0.0382047 0.0168805 2.82853e-05
0 0.411165 0.440243 0.0404303 0.0945307 2.85084e-05
0 0.38724 0.566847 0.0289317 0.134369 2.86118e-05
0 0.355156 0.94632 0.0471068 0.10736 2.8712e-05
0 0.541728 0.386226 0.0530415 0.136394 2.87631e-05
0 0.539874 0.441256 0.0426558 0.0965564 2.89708e-05
0 0.948442 0.480756 0.0593472 0.202566 2.91523e-05
0 0.0606454 0.196151 0.064911 0.141121 2.9279e-05
0 0.00574926 0.0405132 0.0114985 0.0810263 2.92839e-05
0 0.927856 0.920999 0.0923591 0.158001 2.93051e-05
0 0.677671 0.771438 0.0623145 0.191087 2.95626e-05
0 0.865171 0.926739 0.0849406 0.146523 2.9587e-05
0 0.472552 0.655638 0.0304154 0.0945307 2.95962e-05
0 0.154117 0.911884 0.0404303 0.101958 2.98069e-05
0 0.241098 0.307562 0.0541543 0.124916 2.99844e-05
0 0.0799332 0.949359 0.0723294 0.0972316 3.01703e-05
0 0.771884 0.577988 0.055638 0.114787 3.04558e-05
0 0.323813 0.495949 0.0393175 0.134369 3.09475e-05
0 0.510942 0.846725 0.0344955 0.0823768 3.09982e-05
0 0.0543398 0.619851 0.0619436 0.12424 3.10463e-05
0 0.00760386 0.8447 0.0152077 0.158001 3.10594e-05
0 0.830675 0.955436 0.0285608 0.0486158 3.12082e-05
0 0.417656 0.561783 0.0296736 0.128292 3.12551e-05
0 0.781714 0.297772 0.0604599 0.12154 3.13751e-05
0 0.98609 0.208643 0.027819 0.116138 3.17201e-05
0 1 0.0546928 0 0.109386 3.18644e-05
0 0.340504 0.241729 0.0660237 0.128292 3.18783e-05
0 0.731639 0.0435517 0.0485905 0.0871033 3.1899e-05
0 0.4898 0.252532 0.0634273 0.117488 3.2085e-05
0 0.733123 0.305874 0.0404303 0.126941 3.22066e-05
0 0.370178 0.466577 0.0341246 0.128292 3.25091e-05
0 0.466617 0.774139 0.0281899 0.150574 3.2583e-05
0 0.367582 0.962525 0.0400593 0.0749494 3.26252e-05
0 0.31046 0.0428764 0.0511869 0.0857529 3.26302e-05
0 0.737389 0.84605 0.0467359 0.0958812 3.26826e-05
0 0.119065 0.940918 0.0326409 0.118163 3.27572e-05
0 0.788019 0.442606 0.0493323 0.114112 3.28477e-05
0 0.617582 0.771438 0.0400593 0.147873 3.29221e-05
0 0.79451 0.513842 0.0637982 0.144497 3.29806e-05
0 0.250371 0.400743 0.0571217 0.13707 3.30276e-05
0 0.592915 0.999325 0.0196588 0.00135044 3.30937e-05
0 0.394473 0.464889 0.0344955 0.119514 3.31212e-05
0 0.729599 0.907495 0.0459941 0.135044 3.32463e-05
0 0.234421 0.709318 0.055638 0.155976 3.32887e-05
0 0.442878 0.940581 0.0534125 0.118839 3.35039e-05
0 0.386313 0.439905 0.0396884 0.0952059 3.35058e-05
0 0.2602 0.965564 0.0352374 0.0688724 3.35691e-05
0 0.682307 0.997974 0.0612018 0.00405132 3.36494e-05
0 0.113316 0.0580689 0.0619436 0.116138 3.38629e-05
0 0.179525 0.972654 0.0363501 0.0546928 3.39561e-05
0 0.815467 0.257934 0.0500742 0.120189 3.39919e-05
0 0.112389 0.925051 0.0645401 0.149899 3.4196e-05
0 0.858494 0.937542 0.0248516 0.124916 3.43771e-05
0 0.212537 0.964551 0.0267062 0.070898 3.45502e-05
0 0.5625 0.94497 0.0367211 0.0938555 3.46971e-05
0 0.0200297 0.635719 0.0385757 0.149223 3.47145e-05
0 0.430453 0.0408508 0.0471068 0.0817016 3.49272e-05
0 0.386313 0.893653 0.0426558 0.0979068 3.52556e-05
0 0.0513724 0.723498 0.064911 0.119514 3.52985e-05
0 0.0760386 0.877785 0.0408012 0.106685 3.53997e-05
0 0.45178 0.694463 0.0304154 0.116813 3.54427e-05
0 0.158939 0.309251 0.0745549 0.139095 3.5673e-05
0 0.663576 0.968265 0.0222552 0.0634706 3.57271e-05
0 0.918769 0.951047 0.0697329 0.0979068 3.60146e-05
0 0.949369 0.956448 0.0181751 0.0871033 3.61459e-05
0 0.607938 1 0.0192878 0 3.67834e-05
0 0.793027 0.043214 0.0489614 0.0864281 3.71396e-05
0 0.358123 0.792708 0.0589763 0.133693 3.71908e-05
0 0.788019 0.753883 0.0619436 0.126266 3.72835e-05
0 0.62092 0.949359 0.101632 0.101283 3.72884e-05
0 0.56658 0.41391 0.0471068 0.109386 3.73494e-05
0 0.418583 0.250169 0.064911 0.122215 3.75967e-05
0 0.411165 0.97029 0.0493323 0.0594193 3.77911e-05
0 0.687871 0.967927 0.0211424 0.0641458 3.78072e-05
0 0.882604 0.936192 0.0226261 0.127616 3.78677e-05
0 0.931565 0.0519919 0.0552671 0.103984 3.78688e-05
0 0.784866 0.345375 0.0430267 0.112762 3.78922e-05
0 0.211795 0.79102 0.0771513 0.172181 3.79276e-05
0 0.770401 0.332208 0.0430267 0.168805 3.79945e-05
0 0.805267 0.835246 0.0504451 0.141796 3.8194e-05
0 0.658383 0.764011 0.0489614 0.143822 3.82702e-05
0 0.716061 0.248818 0.0663947 0.135719 3.84187e-05
0 0.987389 0.801823 0.0252226 0.13842 3.84326e-05
0 0.854785 0.621202 0.0790059 0.187711 3.89179e-05
0 0.0914318 0.955773 0.0663947 0.0884537 3.89572e-05
0 0.484421 0.925051 0.0541543 0.144497 3.89983e-05
0 0.0430267 0.86293 0.0504451 0.180959 3.91255e-05
0 0.986276 0.241053 0.0274481 0.21607 3.9252e-05
0 0.987389 0.256246 0.0252226 0.120864 3.93421e-05
0 0.86276 0.958474 0.0163205 0.0762998 3.94762e-05
0 0.730527 0.194463 0.0656528 0.1526 3.95083e-05
0 0.505193 0.747806 0.0178042 0.158677 3.95579e-05
0 0.587723 0.944632 0.0374629 0.0945307 3.97875e-05
0 0.540801 0.9605 0.0964392 0.0790007 4.02735e-05
0 0.370549 0.0388251 0.0511869 0.0776502 4.02832e-05
0 0.208086 0.974342 0.0385757 0.0513167 4.03281e-05
0 0.671736 0.0391627 0.0489614 0.0783255 4.04117e-05
0 0.980341 0.061445 0.0393175 0.12289 4.04453e-05
0 0.986832 0.708305 0.0211424 0.139095 4.09974e-05
0 0.184533 0.198852 0.0552671 0.122215 4.10666e-05
0 0.170809 0.966239 0.0315282 0.0675219 4.14471e-05
0 0.788576 0.804524 0.0474777 0.0925051 4.14811e-05
0 0.569177 0.765699 0.0330119 0.186361 4.16043e-05
0 0.941209 0.249831 0.0715875 0.139095 4.20665e-05
0 0.161907 0.945307 0.0574926 0.109386 4.21856e-05
0 0.00686202 0.723498 0.013724 0.149223 4.25077e-05
0 0.2398 0.200878 0.0560089 0.120864 4.25461e-05
0 0.929711 0.505739 0.0626855 0.148548 4.2638e-05
0 0.44566 0.905807 0.0485905 0.0979068 4.29256e-05
0 0.890764 0.256583 0.0619436 0.128292 4.29595e-05
0 0.675631 0.967927 0.0218843 0.0641458 4.41244e-05
0 0.632975 0.972316 0.0522997 0.055368 4.42358e-05
0 0.40523 0.941594 0.0522997 0.116813 4.50356e-05
0 0.984607 0.562458 0.0307864 0.287643 4.55179e-05
0 0.621105 0.995611 0.0612018 0.00877785 4.56707e-05
0 0.902634 0.448683 0.0537834 0.155976 4.58212e-05
0 0.791728 0.200878 0.0678783 0.145172 4.58747e-05
0 0.934718 0.402431 0.0660237 0.145847 4.60449e-05
0 0.262797 0.951722 0.0923591 0.0965564 4.63466e-05
0 0.861647 0.933828 0.0645401 0.132343 4.64161e-05
0 0.0248516 0.0638082 0.0497033 0.127616 4.64618e-05
0 0.908012 0.958136 0.060089 0.0837272 4.67042e-05
0 0.20957 0.701891 0.0504451 0.126266 4.69302e-05
0 0.412092 0.894666 0.0422849 0.0945307 4.73818e-05
0 0.6977 0.546928 0.0452522 0.141796 4.74334e-05
0 0.988687 0.673531 0.0226261 0.189737 4.78704e-05
0 0.777077 0.0540176 0.0563798 0.108035 4.80898e-05
0 0.231454 0.992235 0.0252226 0.01553 4.81822e-05
0 0.353116 0.567522 0.0311573 0.135719 4.84079e-05
0 0.481454 0.0503039 0.0586053 0.100608 4.86411e-05
0 0.798776 0.591492 0.0582344 0.133693 4.89121e-05
0 0.263909 0.366307 0.0567507 0.130317 4.96431e-05
0 0.859421 0.211344 0.0764095 0.118839 4.96483e-05
0 0.182864 0.0560432 0.0615727 0.112086 5.00473e-05
0 0.702893 0.0536799 0.0586053 0.10736 5.03168e-05
0 0.541543 0.681296 0.0244807 0.12154 5.04212e-05
0 0.137426 0.953747 0.0226261 0.0925051 5.0499e-05
0 0.0612018 0.877785 0.0430267 0.120189 5.07647e-05
0 0.465875 0.863268 0.0445104 0.135719 5.16657e-05
0 0.130193 0.254558 0.0934718 0.133693 5.21275e-05
0 0.556009 0.0523295 0.0586053 0.104659 5.24508e-05
0 0.562315 0.981431 0.0652819 0.0371371 5.28427e-05
0 0.265022 0.990885 0.0634273 0.0182309 5.3243e-05
0 0.429525 0.923363 0.0563798 0.122215 5.32871e-05
0 0.891506 0.495611 0.0797478 0.166104 5.34312e-05
0 0.10497 0.87711 0.0452522 0.133693 5.34788e-05
0 0.357938 0.722485 0.0519288 0.160702 5.38302e-05
0 0.406714 0.0482782 0.0597181 0.0965564 5.39723e-05
0 0.463279 0.966239 0.0778932 0.0675219 5.42887e-05
0 0.285979 0.370358 0.0489614 0.112762 5.46113e-05
0 0.825668 0.959149 0.0170623 0.0790007 5.52236e-05
0 0.983123 1 0.0226261 0 5.52417e-05
0 0.220697 0.466577 0.0637982 0.12289 5.58031e-05
0 0.838093 0.257259 0.0567507 0.132343 5.60429e-05
0 0.631306 0.943619 0.0363501 0.112762 5.63336e-05
0 0.787277 0.251182 0.0678783 0.133693 5.6517e-05
0 0.750927 0.954423 0.0263353 0.0911546 5.66754e-05
0 0.460868 0.972316 0.0478487 0.055368 5.67876e-05
0 0.556194 0.978393 0.0389466 0.043214 5.71246e-05
0 0.0103858 0.0455773 0.0207715 0.0911546 5.76452e-05
0 0.25816 0.055368 0.0586053 0.110736 5.81506e-05
0 0.246291 0.992573 0.0252226 0.0148548 5.85534e-05
0 0.322886 0.956111 0.0893917 0.0877785 5.86113e-05
0 0.394473 0.690749 0.0419139 0.158001 5.897e-05
0 0.0146513 0.978731 0.0293027 0.0425388 5.89762e-05
0 0.987203 0.154625 0.0255935 0.255233 5.89938e-05
0 0.885571 0.926063 0.0701039 0.147873 5.92091e-05
0 0.986832 0.302498 0.0241098 0.12289 5.94767e-05
0 0.331231 0.0506415 0.0615727 0.101283 5.98767e-05
0 0.155601 0.965226 0.027819 0.0695476 5.98984e-05
0 0.861647 0.25422 0.0630564 0.131668 6.07215e-05
0 0.016135 0.755571 0.03227 0.160702 6.09092e-05
0 0.632789 0.0482782 0.0608309 0.0965564 6.10992e-05
0 0.463279 0.922687 0.0563798 0.122215 6.13113e-05
0 0.986461 0.346725 0.0255935 0.122215 6.13674e-05
0 0.575111 0.968602 0.0767804 0.0627954 6.14628e-05
0 0.32474 0.99156 0.0626855 0.0168805 6.23462e-05
0 0.506862 0.763673 0.0352374 0.193113 6.26173e-05
0 0.658383 0.563808 0.0400593 0.110736 6.28839e-05
0 0.941951 0.594193 0.0760386 0.191762 6.32508e-05
0 0.486832 0.972654 0.0456231 0.0546928 6.33461e-05
0 0.985534 0.0617826 0.0289317 0.123565 6.33595e-05
0 0.293398 0.983795 0.0689911 0.0324105 6.367e-05
0 0.564726 0.445982 0.0374629 0.103309 6.37703e-05
0 0.353858 0.985483 0.0667656 0.0290344 6.51423e-05
0 0.131862 0.959487 0.069362 0.0810263 6.52131e-05
0 0.0124258 1 0.0248516 0 6.53172e-05
0 0.250927 0.760635 0.0389466 0.131668 6.55221e-05
0 0.00686202 0.968265 0.013724 0.0634706 6.57814e-05
0 0.988687 0.309926 0.0226261 0.191762 6.58555e-05
0 0.580304 0.483795 0.0382047 0.164078 6.68031e-05
0 0.252596 0.694801 0.0504451 0.113437 6.71614e-05
0 0.85868 0.392978 0.0778932 0.132343 6.7622e-05
0 0.125185 0.954085 0.0218843 0.0918298 6.76472e-05
0 0.140208 0.933828 0.0400593 0.132343 6.79415e-05
0 0.642248 0.953072 0.0344955 0.0938555 6.84283e-05
0 0.76391 0.957124 0.023368 0.0857529 6.85756e-05
0 0.815653 0.911546 0.0378338 0.136394 6.88843e-05
0 0.519659 0.662728 0.0244807 0.0992573 6.93292e-05
0 0.987574 0.617151 0.0211424 0.144497 6.93298e-05
0 0.379266 0.496624 0.0300445 0.110061 7.02145e-05
0 0.734978 0.39264 0.0478487 0.0911546 7.16919e-05
0 0.126298 0.3079 0.0841988 0.136394 7.23581e-05
0 0.238687 0.949021 0.0382047 0.101958 7.237e-05
0 0.986276 0.846725 0.0200297 0.156651 7.25006e-05
0 0.72793 0.566847 0.0597181 0.130317 7.33996e-05
0 0.501113 0.966914 0.0764095 0.0661715 7.37515e-05
0 0.533568 0.981431 0.0433976 0.0371371 7.37585e-05
0 0.194362 0.25422 0.0667656 0.119514 7.3816e-05
0 0.612945 0.963538 0.0582344 0.0729237 7.49704e-05
0 0.270401 0.248818 0.0586053 0.130317 7.50863e-05
0 0.988316 0.0746117 0.0218843 0.111411 7.52463e-05
0 0.70957 0.465564 0.0474777 0.131668 7.62434e-05
0 0.380193 0.942606 0.0482196 0.114787 7.76624e-05
0 0.239614 0.963876 0.0697329 0.0722485 7.79203e-05
0 0.593472 0.742741 0.0356083 0.170155 7.88825e-05
0 0.738131 0.965564 0.0237389 0.0688724 8.03895e-05
0 0.311016 0.572248 0.0367211 0.10871 8.06309e-05
0 0.38316 0.962188 0.0897626 0.0756246 8.07595e-05
0 0.989058 0.0874409 0.0218843 0.174882 8.26006e-05
0 0.385942 0.982107 0.0441395 0.0357866 8.26214e-05
0 0.650964 0.963201 0.0615727 0.0735989 8.2885e-05
0 0.429711 0.961175 0.046365 0.0776502 8.33984e-05
0 0.572515 0.695476 0.0367211 0.143147 8.42782e-05
0 0.229414 0.957124 0.0359792 0.0817016 8.51006e-05
0 0.581602 0.955436 0.0393175 0.089129 8.56543e-05
0 0.688613 0.962525 0.064911 0.0749494 8.61428e-05
0 0.355898 0.451047 0.064911 0.15395 8.65991e-05
0 0.168769 0.962525 0.0697329 0.0749494 8.77422e-05
0 0.735163 0.7316 0.0764095 0.165429 9.02247e-05
0 0.873331 0.9605 0.0656528 0.0790007 9.38389e-05
0 0.553783 0.954423 0.0489614 0.0911546 9.4713e-05
0 0.0296736 0.918974 0.0467359 0.162053 9.56883e-05
0 0.304154 0.962525 0.0393175 0.0749494 9.69179e-05
0 0.00945846 0.782242 0.0189169 0.237002 9.98695e-05
0 0.162834 0.951384 0.0274481 0.0972316 0.000100504
0 0.715134 0.385888 0.0430267 0.0925051 0.000100682
0 0.288205 0.566509 0.0304154 0.132343 0.000104195
0 0.533012 0.657326 0.0215134 0.101958 0.000105133
0 0.729414 0.963538 0.064911 0.0729237 0.0001061
0 0.222366 0.750506 0.0530415 0.126266 0.000106684
0 0.531899 0.954085 0.0400593 0.0918298 0.000107426
0 0.204562 0.963876 0.0686202 0.0722485 0.000108086
0 0.268731 0.945307 0.0396884 0.109386 0.000111861
0 0.610349 0.971303 0.0471068 0.0573937 0.000113128
0 0.275964 0.99156 0.0274481 0.0168805 0.000115586
0 0.260757 0.99156 0.0267062 0.0168805 0.000119825
0 0.528561 0.539838 0.0363501 0.130317 0.000120546
0 0.763724 0.963876 0.0675074 0.0722485 0.00012118
0 0.538019 0.974004 0.0448813 0.0519919 0.000125037
0 0.502596 0.986833 0.060089 0.0263336 0.000126166
0 0.0103858 0.898717 0.0207715 0.202566 0.000126981
0 0.837352 0.96185 0.0686202 0.0762998 0.000127775
0 0.802114 0.963876 0.0686202 0.0722485 0.000128205
0 0.282456 0.667792 0.0671365 0.221472 0.000129291
0 0.977745 0.953072 0.0363501 0.0938555 0.00013056
0 0.562129 0.995949 0.0226261 0.00810263 0.000135403
0 0.279117 0.963876 0.0344955 0.0722485 0.000137729
0 0.472923 0.986158 0.0608309 0.027684 0.000138583
0 0.272441 0.404119 0.0537834 0.126266 0.000139892
0 0.718472 0.351114 0.037092 0.0958812 0.000140164
0 0.414318 0.98447 0.0459941 0.0310601 0.000143402
0 0.254636 0.951722 0.0389466 0.0965564 0.00014614
0 0.724777 0.450034 0.0459941 0.103309 0.000149828
0 0.443435 0.986833 0.0612018 0.0263336 0.000151995
0 0.766135 0.754558 0.0953264 0.178933 0.000153533
0 0.587166 0.972316 0.0437685 0.055368 0.000155575
0 0.991283 0.882512 0.0174332 0.228224 0.00015609
0 0.989058 0.559082 0.0218843 0.199865 0.000157919
0 0.518175 0.959487 0.0408012 0.0810263 0.00015938
0 0.270401 0.776165 0.0801187 0.242404 0.000164156
0 0.757604 0.720797 0.0515579 0.115463 0.000165081
0 0.192136 0.395003 0.0727003 0.137745 0.000165101
0 0.567322 0.960837 0.0426558 0.0783255 0.000170635
0 0.305638 0.990209 0.0296736 0.0195814 0.000170823
0 0.421921 0.495611 0.027819 0.136394 0.000172838
0 0.00982938 0.945645 0.0196588 0.10871 0.000176432
0 0.577151 0.997299 0.0222552 0.00540176 0.000178929
0 0.34885 0.63133 0.0671365 0.190412 0.000184885
0 0.357938 0.529034 0.0437685 0.16813 0.000185682
0 0.28839 0.9605 0.0396884 0.0790007 0.000186857
0 0.290245 0.990547 0.0293027 0.0189061 0.000187155
0 0.381306 0.993923 0.0259644 0.0121539 0.000187618
0 0.330675 0.424038 0.064911 0.156651 0.000187827
0 0.396142 0.994598 0.0252226 0.0108035 0.000187959
0 0.482752 0.66239 0.0248516 0.108035 0.000191755
0 0.647255 0.431803 0.0660237 0.185685 0.000192644
0 0.351076 0.991222 0.0285608 0.0175557 0.000192881
0 0.274666 0.553342 0.046365 0.141121 0.000194895
0 0.779488 0.672181 0.0804896 0.131668 0.000203759
0 0.755749 0.407495 0.0426558 0.134369 0.00020671
0 0.366098 0.992573 0.0274481 0.0148548 0.000216261
0 0.604599 0.938217 0.0452522 0.123565 0.000217604
0 0.677671 0.454423 0.0675074 0.167454 0.000219214
0 0.721068 0.335922 0.0511869 0.158677 0.000220963
0 0.150964 0.951384 0.0259644 0.0972316 0.000228559
0 0.41951 0.433491 0.0608309 0.180959 0.000229562
0 0.32066 0.989534 0.0300445 0.0209318 0.000237889
0 0.531899 0.993585 0.0252226 0.0128292 0.000245917
0 0.989614 0.0395003 0.0207715 0.0790007 0.000253935
0 0.22589 0.506415 0.0637982 0.108035 0.00026112
0 0.988131 0.922012 0.0237389 0.155976 0.000270017
0 0.335682 0.989534 0.0296736 0.0209318 0.000275802
0 0.951966 0.913572 0.0352374 0.137745 0.000280272
0 0.176187 0.950371 0.0304154 0.0992573 0.000283858
0 0.188613 0.949696 0.0315282 0.100608 0.000311253
0 0.543954 0.745442 0.0218843 0.179608 0.000313101
0 0.0411721 0.946658 0.0311573 0.106685 0.00032147
0 0.426001 0.992573 0.0270772 0.0148548 0.000325365
0 0.201224 0.950034 0.03227 0.0999325 0.00033729
0 0.546736 0.994261 0.0244807 0.0114787 0.000340875
0 0.237203 0.636057 0.0715875 0.220122 0.000347433
0 0.493138 0.441256 0.0626855 0.170831 0.000354175
0 0.690282 0.50709 0.0408012 0.135044 0.000388874
0 0.495178 0.663403 0.022997 0.118163 0.00039262
0 0.466617 0.693113 0.0289317 0.151924 0.000395735
0 0.410608 0.993585 0.0267062 0.0128292 0.000398283
0 0.504451 0.686361 0.0252226 0.126266 0.000407347
0 0.242953 0.465226 0.0467359 0.137745 0.00040828
0 0.617582 0.945645 0.0378338 0.10871 0.000413358
0 0.759458 0.504727 0.0448813 0.122215 0.000416249
0 0.255935 0.442606 0.0534125 0.116813 0.000421624
0 0.419696 0.732613 0.0389466 0.166104 0.000452199
0 0.56658 0.793045 0.0471068 0.299122 0.0004655
0 0.98609 0.838623 0.027819 0.290344 0.000470963
0 0.916172 0.487508 0.0615727 0.27819 0.000471791
0 0.455675 0.990209 0.0293027 0.0195814 0.000603214
0 0.440467 0.990885 0.0285608 0.0182309 0.000607136
0 0.300631 0.758947 0.0545252 0.147198 0.00061145
0 0.501113 0.990885 0.0281899 0.0182309 0.00062631
0 0.248702 0.503376 0.0448813 0.114112 0.000641952
0 0.552114 0.474342 0.0560089 0.184335 0.000744867
0 0.603301 0.472654 0.0582344 0.180959 0.000762251
0 0.516135 0.991897 0.027819 0.0162053 0.000776842
0 0.470512 0.989534 0.0300445 0.0209318 0.00078165
0 0.0426558 0.910196 0.037092 0.147198 0.000824763
0 0.485905 0.989872 0.0296736 0.0202566 0.0008355
0 0.679525 0.539838 0.0526706 0.149223 0.000960825
0 0.382604 0.743079 0.0471068 0.192438 0.000993386
0 0.61888 0.765699 0.0604599 0.271438 0.00100082
0 0.295994 0.479743 0.0586053 0.0925051 0.0011547
0 0.388909 0.515192 0.0411721 0.156651 0.0024035
0 0.52615 0.7316 0.0255935 0.170831 0.0030143
0 0.641691 0.516205 0.0437685 0.166779 0.00309349
0 0.331231 0.732613 0.0660237 0.133693 0.0031037
0 0.760942 0.448683 0.0545252 0.147873 0.00417936
0 0.470697 0.505739 0.0519288 0.190412 0.0047569
0 0.273553 0.45341 0.050816 0.122215 0.0135139
0 0.448628 0.767387 0.027819 0.215395 0.0201083
0 0.441951 0.527346 0.0300445 0.172856 0.0219877
0 0.485163 0.718433 0.123887 0.18366 0.0948136
0 0.484607 0.603984 0.0619436 0.380149 0.100305
0 0.401335 0.593856 0.0652819 0.335584 0.123176
0 0.638539 0.618839 0.0752967 0.386901 0.130368
0 0.332159 0.639095 0.0767804 0.372046 0.143093
0 0.570475 0.61445 0.0459941 0.388926 0.14573
0 0.268546 0.60736 0.0548961 0.381499 0.156589
0 0.490912 0.526334 0.115356 0.172181 0.164331
0 0.418583 0.52971 0.120549 0.172181 0.17158
0 0.613316 0.520257 0.107938 0.166779 0.195762
0 0.39095 0.741053 0.102374 0.173531 0.227775
0 0.436758 0.735314 0.0849406 0.172856 0.240505
0 0.470512 0.726536 0.0560089 0.182309 0.248902
0 0.316951 0.543214 0.0797478 0.145172 0.266918
0 0.557493 0.517218 0.0363501 0.163403 0.271466
0 0.539132 0.714382 0.0560089 0.180959 0.274118
0 0.580304 0.721134 0.0730712 0.182309 0.275242
0 0.668212 0.524983 0.113872 0.155976 0.298379
0 0.371476 0.541526 0.0923591 0.162053 0.308761
0 0.540245 0.522957 0.0790059 0.155976 0.319404
0 0.709755 0.613437 0.0612018 0.366644 0.330618
0 0.513168 0.711006 0.050816 0.171506 0.336968
0 0.727003 0.504051 0.0519288 0.155976 0.40106
0 0.276335 0.508103 0.0652819 0.13707 0.409002
0 0.497589 0.710331 0.0255935 0.174207 0.792312
0 0.51595 0.710668 0.022997 0.16813 0.800969
0 0.544325 0.524308 0.0315282 0.142471 0.803206
0 0.456973 0.736327 0.0267062 0.197839 0.803744
0 0.556751 0.723498 0.0304154 0.178933 0.820272
0 0.626484 0.520594 0.0348665 0.170155 0.820284
0 0.571031 0.513504 0.0315282 0.166779 0.821116
0 0.478858 0.719109 0.0267062 0.180959 0.821975
0 0.517433 0.524308 0.0363501 0.166779 0.82651
0 0.596996 0.517893 0.0382047 0.167454 0.831676
0 0.535237 0.717758 0.0244807 0.178258 0.833688
0 0.430453 0.53106 0.0293027 0.164078 0.834936
0 0.40523 0.74713 0.0352374 0.177583 0.83727
0 0.432307 0.744767 0.03227 0.18501 0.838437
0 0.484421 0.521607 0.0341246 0.181634 0.841142
0 0.261869 0.482444 0.0445104 0.128967 0.842947
0 0.581973 0.725861 0.0341246 0.172856 0.843144
0 0.402448 0.533086 0.037092 0.170831 0.850389
0 0.375 0.536799 0.037092 0.160702 0.855753
0 0.456788 0.530047 0.0285608 0.15395 0.858728
0 0.740727 0.472316 0.0526706 0.131668 0.858778
0 0.294325 0.532073 0.0441395 0.174207 0.862586
0 0.608494 0.731938 0.0382047 0.175557 0.864438
0 0.66339 0.523295 0.050816 0.164754 0.866478
0 0.709384 0.521607 0.0478487 0.153275 0.871351
0 0.251298 0.731938 0.0656528 0.143147 0.873201
0 0.651335 0.7316 0.0830861 0.184335 0.884326
0 0.341061 0.547941 0.0530415 0.165429 0.890911
0 0.306194 0.7316 0.087908 0.170831 0.892268
0 0.355527 0.753545 0.0849406 0.18366 0.899169
0 0.706602 0.705942 0.0801187 0.162728 0.90164
0 0.756306 0.690749 0.078635 0.148548 0.903821
