0 0.580885 0.519608 0.041928 0.137255 7.86085e-06
0 0.531694 0.708587 0.0340046 0.123056 7.92833e-06
0 0.294652 0.563556 0.0458897 0.196755 7.94148e-06
0 0.540112 1 0.0297128 0 7.9656e-06
0 0.586827 1 0.0340046 0 7.96814e-06
0 0.860515 0.0723462 0.0406075 0.117647 7.97744e-06
0 0.161109 0.227181 0.0402773 0.132522 7.99338e-06
0 0.598712 0.965517 0.0307032 0.0689655 8.00344e-06
0 0.210135 0.884043 0.055794 0.118323 8.01809e-06
0 0.913008 0.582826 0.0485309 0.133874 8.03812e-06
0 0.586332 0.0324544 0.034995 0.0649087 8.0441e-06
0 0.967481 0.177147 0.04655 0.163624 8.05277e-06
0 0.375041 0.894185 0.0468802 0.211629 8.17923e-06
0 0.657973 0.754564 0.0330142 0.108181 8.21904e-06
0 0.83823 0.123394 0.0435787 0.127789 8.21984e-06
0 0.562892 0.225828 0.0356553 0.121704 8.24883e-06
0 0.404919 1 0.0326841 0 8.25716e-06
0 0.434632 0.17478 0.037306 0.135903 8.30109e-06
0 0.711456 0.0743746 0.0415979 0.10142 8.30393e-06
0 0.965665 0.481744 0.0567844 0.13455 8.31119e-06
0 0.924232 1 0.0174975 0 8.32045e-06
0 0.421261 0.0547667 0.0548036 0.109533 8.34446e-06
0 0.466821 0.190669 0.0541433 0.17309 8.354e-06
0 0.486794 0.124408 0.0491912 0.124408 8.37667e-06
0 0.937768 0.380325 0.0445692 0.13455 8.42577e-06
0 0.872235 1 0.0323539 0 8.43064e-06
0 0.307527 0.524679 0.0340046 0.127113 8.46959e-06
0 0.937273 0.179175 0.048861 0.133874 8.48332e-06
0 0.112248 0.0733604 0.0468802 0.121028 8.48833e-06
0 0.363651 0.177147 0.0366458 0.127113 8.50432e-06
0 0.536481 0.120352 0.0448993 0.121704 8.53057e-06
0 0.351766 1 0.0148564 0 8.5997e-06
0 0.555299 1 0.0297128 0 8.61159e-06
0 0.680588 0.186275 0.0538131 0.234618 8.61919e-06
0 0.161935 0.12407 0.0425883 0.129141 8.62374e-06
0 0.58039 0.985801 0.0382965 0.0283976 8.6253e-06
0 0.18719 0.124408 0.0435787 0.128465 8.63081e-06
0 0.722186 1 0.0340046 0 8.6322e-06
0 0.659459 0.964165 0.0287224 0.07167 8.66967e-06
0 0.263123 0.215686 0.0429185 0.139283 8.66988e-06
0 0.904919 0.985801 0.0382965 0.0283976 8.66989e-06
0 0.210796 0.831643 0.0551337 0.118999 8.67941e-06
0 0.993727 0.115619 0.0125454 0.208249 8.72184e-06
0 0.676791 1 0.0330142 0 8.73877e-06
0 0.857379 1 0.0323539 0 8.7612e-06
0 0.785738 0.884719 0.053483 0.11021 8.76517e-06
0 0.17349 0.513861 0.0577748 0.136579 8.79247e-06
0 0.879828 0.988506 0.034995 0.0229885 8.79311e-06
0 0.161439 0.890128 0.0415979 0.121028 8.80828e-06
0 0.629085 0.964503 0.0287224 0.0709939 8.85126e-06
0 0.299604 0.845504 0.0577748 0.187289 8.88467e-06
0 0.542588 0.581812 0.0366458 0.188641 8.89831e-06
0 0.0754374 1 0.0366458 0 8.93065e-06
0 0.760482 0.885396 0.0518323 0.114266 8.93701e-06
0 0.5586 0.878634 0.0805546 0.161596 8.96681e-06
0 0.109937 0.125761 0.0501816 0.137931 8.97488e-06
0 0.960383 1 0.0620667 0 8.98512e-06
0 0.56966 0.786342 0.0340046 0.233942 8.99268e-06
0 0.835919 0.327586 0.0415979 0.125085 9.00073e-06
0 0.335754 0.883367 0.0528227 0.112914 9.03208e-06
0 0.648729 0.893509 0.0647078 0.212982 9.03359e-06
0 0.83724 0.533807 0.0409376 0.114266 9.03377e-06
0 0.111588 0.782623 0.0607461 0.13455 9.03474e-06
0 0.659954 0.122042 0.0389568 0.119675 9.03871e-06
0 0.177451 0.942191 0.105976 0.115619 9.03997e-06
0 0.963519 0.917174 0.0637174 0.165652 9.0522e-06
0 0.752228 1 0.0340046 0 9.05773e-06
0 0.712281 0.123394 0.0425883 0.112914 9.06442e-06
0 0.447342 0.480392 0.0330142 0.141312 9.07801e-06
0 0.743315 0.598377 0.055794 0.170385 9.07983e-06
0 0.767415 1 0.0340046 0 9.08917e-06
0 0.913008 0.379986 0.0439089 0.128465 9.09653e-06
0 0.08138 0.132184 0.0689997 0.233266 9.10673e-06
0 0.18521 0.882353 0.0561241 0.117647 9.10823e-06
0 0.396831 1 0.0151865 0 9.1334e-06
0 0.910862 0.837728 0.0462199 0.132522 9.13565e-06
0 0.842357 1 0.0326841 0 9.15052e-06
0 0.178112 0.0747126 0.0445692 0.149425 9.15813e-06
0 0.911027 0.893509 0.0425883 0.127789 9.16389e-06
0 0.0622318 0.0757268 0.0458897 0.121704 9.16405e-06
0 0.730604 0.62407 0.0363156 0.146045 9.16714e-06
0 0.186695 0.789385 0.0458897 0.121028 9.21662e-06
0 0.387752 0.035835 0.0379663 0.07167 9.2324e-06
0 0.965335 0.534145 0.0462199 0.140636 9.23379e-06
0 0.211951 0.17478 0.0402773 0.131846 9.24371e-06
0 0.874546 0.0696416 0.0600858 0.139283 9.25542e-06
0 0.860515 0.526369 0.0498514 0.118323 9.27362e-06
0 0.179927 0.986139 0.0382965 0.0277214 9.34911e-06
0 0.86167 0.482759 0.0382965 0.116295 9.34933e-06
0 0.445527 0.572346 0.0333443 0.119675 9.36109e-06
0 0.936613 0.0321163 0.0402773 0.0642326 9.36467e-06
0 0.810168 0.533469 0.044239 0.114943 9.38588e-06
0 0.561902 0.175118 0.0356553 0.120352 9.39475e-06
0 0.458732 0.784652 0.0333443 0.102096 9.39791e-06
0 0.936778 0.533469 0.0425883 0.133874 9.40816e-06
0 0.309178 0.446924 0.0472103 0.146045 9.49538e-06
0 0.934797 0.787694 0.0478706 0.133874 9.49745e-06
0 0.836415 0.279243 0.0412677 0.124408 9.53899e-06
0 0.134698 0.690331 0.044239 0.139283 9.54502e-06
0 1 0.246112 0 0.204192 9.61887e-06
0 0.782602 1 0.0340046 0 9.64169e-06
0 0.935457 0.584855 0.0406075 0.141988 9.69954e-06
0 0.0386266 0.732252 0.053483 0.137931 9.74981e-06
0 0.486299 0.280257 0.0402773 0.118323 9.77389e-06
0 0.736217 0.884719 0.0521624 0.111562 9.77623e-06
0 0.135688 0.175794 0.0422582 0.133874 9.7857e-06
0 0.797623 1 0.0336745 0 9.79335e-06
0 0.996203 0.724138 0.00759327 0.223124 9.80153e-06
0 0.587157 0.125423 0.0353252 0.129141 9.81004e-06
0 0.611753 0.12407 0.0389568 0.129141 9.82598e-06
0 1 0.385057 0 0.208925 9.83248e-06
0 0.83691 0.584179 0.0409376 0.11359 9.85238e-06
0 0.18554 0.832319 0.0567844 0.117647 9.87159e-06
0 0.110763 0.635226 0.0425883 0.138607 9.87447e-06
0 0.677781 0.850913 0.0792341 0.20622 9.91545e-06
0 0.460548 0.839419 0.0336745 0.107505 9.93844e-06
0 0.837405 0.482759 0.0412677 0.114943 9.94297e-06
0 0.741004 0.93712 0.102674 0.125761 1.00492e-05
0 0.705678 0.985801 0.037306 0.0283976 1.00698e-05
0 0.886596 0.278229 0.0458897 0.12238 1.00854e-05
0 0.885771 0.740703 0.0435787 0.129141 1.00935e-05
0 0.84764 0.936782 0.107956 0.126437 1.01123e-05
0 0.89485 0.554091 0.0623968 0.162948 1.01482e-05
0 0.57065 1 0.0300429 0 1.01541e-05
0 0.213107 0.902299 0.0656983 0.195402 1.01642e-05
0 0.834269 0.638269 0.0435787 0.11359 1.01724e-05
0 0.812479 0.173428 0.0429185 0.125085 1.01791e-05
0 0.952625 0.810683 0.0868273 0.174442 1.02121e-05
0 0.186365 0.07167 0.0452294 0.117647 1.02229e-05
0 0.381809 1 0.0148564 0 1.0257e-05
0 0.538957 0.190669 0.0524926 0.178499 1.02619e-05
0 0.680588 0.766058 0.0498514 0.263692 1.0263e-05
0 0.526081 1 0.0333443 0 1.02818e-05
0 0.668207 0.999662 0.0178277 0.000676133 1.03151e-05
0 0.136349 0.071332 0.0415979 0.121028 1.03303e-05
0 0.0866623 0.485463 0.0445692 0.135227 1.03411e-05
0 0.236547 0.830291 0.055794 0.118999 1.03452e-05
0 0.461208 0.894523 0.0310333 0.116295 1.03607e-05
0 0.29135 0.519946 0.0287224 0.139283 1.03629e-05
0 0.737372 1 0.0340046 0 1.03841e-05
0 0.86134 0.327248 0.0415979 0.129817 1.03878e-05
0 0.496534 0.584855 0.0330142 0.175794 1.03895e-05
0 0.680423 0.984449 0.0382965 0.0311021 1.03954e-05
0 0.685705 0.175456 0.0382965 0.119675 1.04482e-05
0 0.360185 0.831643 0.0541433 0.112238 1.04719e-05
0 0.481677 0.583502 0.0356553 0.125761 1.04983e-05
0 0.160944 0.634212 0.0458897 0.117647 1.05022e-05
0 0.706999 1 0.0333443 0 1.05225e-05
0 0.0090789 0.0902637 0.0181578 0.162948 1.05513e-05
0 0.484979 0.777214 0.0435787 0.102096 1.05948e-05
0 0.130901 0.442529 0.060416 0.244084 1.06111e-05
0 0.236382 0.791075 0.0435787 0.116295 1.06168e-05
0 0.660449 0.175118 0.0386266 0.121704 1.06494e-05
0 0.743315 0.800541 0.0518323 0.159567 1.06901e-05
0 0.205348 0.986815 0.0376362 0.0263692 1.06968e-05
0 0.869429 0.963827 0.0280621 0.0723462 1.07012e-05
0 0.231595 0.998648 0.016177 0.00270453 1.07128e-05
0 0.503797 0.191345 0.0521624 0.170385 1.07169e-05
0 0.451469 0.0554429 0.0518323 0.110886 1.07177e-05
0 0.587157 0.174104 0.0353252 0.12238 1.07429e-05
0 0.808353 0.580122 0.0518323 0.116295 1.07528e-05
0 0.887257 0.381677 0.0445692 0.12238 1.07618e-05
0 0.711291 0.885057 0.0524926 0.114943 1.07844e-05
0 0.411687 0.175456 0.0376362 0.13455 1.08551e-05
0 0.786728 0.0361731 0.0356553 0.0723462 1.08656e-05
0 0.998679 0.935429 0.00264114 0.129141 1.08883e-05
0 0.707329 0.763692 0.0399472 0.133198 1.09079e-05
0 0.812644 0.123732 0.0425883 0.123056 1.09119e-05
0 0.543249 0.507776 0.037306 0.110886 1.09901e-05
0 0.136844 0.226842 0.0406075 0.131846 1.09925e-05
0 0.812479 1 0.0336745 0 1.10093e-05
0 0.369264 0.214334 0.0709805 0.174442 1.1023e-05
0 0.740178 0.0669371 0.0633873 0.133874 1.10231e-05
0 0.532519 0.576741 0.0297128 0.137931 1.10263e-05
0 0.86167 0.429682 0.0402773 0.114266 1.10969e-05
0 0.886596 0.839419 0.0439089 0.125085 1.11206e-05
0 0.68521 0.887424 0.0518323 0.126437 1.11245e-05
0 0.299769 0.214334 0.0574447 0.13117 1.11318e-05
0 0.677121 0.7238 0.0316936 0.185936 1.1191e-05
0 0.469957 0.752197 0.0452294 0.156187 1.11993e-05
0 0.0858369 0.0760649 0.0462199 0.121028 1.12279e-05
0 0.53384 0.221771 0.034995 0.121704 1.12482e-05
0 0.532024 0.399256 0.0412677 0.165652 1.1268e-05
0 0.829977 0.856998 0.0607461 0.218391 1.12713e-05
0 0.861836 0.382353 0.041928 0.12238 1.12946e-05
0 0.0376362 0.0348208 0.0402773 0.0696416 1.13022e-05
0 0.105811 1 0.0340046 0 1.13615e-05
0 0.630571 0.984787 0.0376362 0.030426 1.13627e-05
0 0.653186 1 0.0174975 0 1.13734e-05
0 0.838065 0.0733604 0.0445692 0.11021 1.13743e-05
0 0.192968 0.201487 0.0742819 0.200135 1.14125e-05
0 0.689832 0.263016 0.0689997 0.171738 1.14166e-05
0 0.601519 1 0.0336745 0 1.14293e-05
0 0.110267 0.584517 0.0429185 0.130494 1.14446e-05
0 0.0376362 0.634888 0.0462199 0.152806 1.14894e-05
0 0.812314 0.280595 0.041928 0.124408 1.15216e-05
0 0.646748 0.951318 0.0455596 0.0973631 1.15337e-05
0 0.189501 0.682218 0.0495213 0.117647 1.15378e-05
0 0.261472 1 0.0151865 0 1.15524e-05
0 0.086002 0.427316 0.051172 0.140636 1.15618e-05
0 0.493232 0.711968 0.0343348 0.114943 1.15661e-05
0 0.0868273 0.780933 0.0614064 0.132522 1.16004e-05
0 0.811489 0.0726842 0.0429185 0.11021 1.16088e-05
0 0.412017 0.0341447 0.0376362 0.0682894 1.16185e-05
0 0.00759327 0.939148 0.0151865 0.121704 1.16441e-05
0 0.0868273 0.0334686 0.0415979 0.0669371 1.16662e-05
0 0.161439 0.839757 0.0448993 0.120352 1.16708e-05
0 0.467976 0.0456389 0.0432486 0.0912779 1.17519e-05
0 0.51106 1 0.0330142 0 1.17527e-05
0 0.162595 0.279919 0.0425883 0.124408 1.18019e-05
0 0.911687 0.789047 0.0491912 0.13117 1.18304e-05
0 0.111918 0.833671 0.0528227 0.141988 1.18388e-05
0 0.38412 0.872211 0.0828656 0.20284 1.18849e-05
0 0.741664 0.992224 0.060416 0.015551 1.2008e-05
0 0.936613 0.331643 0.0429185 0.131846 1.20341e-05
0 0.173655 0.40906 0.0653681 0.158215 1.20739e-05
0 0.655992 0.0594997 0.0448993 0.118999 1.21297e-05
0 0.805381 0.880663 0.0518323 0.160243 1.21321e-05
0 0.336745 1 0.0151865 0 1.21483e-05
0 0.928524 0.941853 0.109937 0.116295 1.21633e-05
0 0.0792341 0.981744 0.0686695 0.0365112 1.21682e-05
0 0.336745 0.228871 0.0435787 0.12238 1.21843e-05
0 0.994883 0.870859 0.0102344 0.205544 1.21883e-05
0 0.212446 0.22549 0.041928 0.130494 1.21927e-05
0 0.432321 0.93002 0.041928 0.139959 1.21969e-05
0 0.79168 0.859364 0.0600858 0.227181 1.21999e-05
0 0.485969 0.175794 0.0376362 0.117647 1.2201e-05
0 0.136679 0.731913 0.0594256 0.125085 1.22167e-05
0 0.861505 0.0348208 0.037306 0.0696416 1.22202e-05
0 0.637504 0.177147 0.0382965 0.124408 1.22348e-05
0 0.334269 0.831643 0.055794 0.11359 1.2256e-05
0 0.450974 0.775186 0.0455596 0.165652 1.22596e-05
0 0.680753 0.938134 0.101684 0.123732 1.2266e-05
0 0.0227798 0.154158 0.0455596 0.210953 1.22676e-05
0 0.69825 0.998648 0.0184879 0.00270453 1.22924e-05
0 0.745295 0.215348 0.0498514 0.144016 1.23048e-05
0 0.611423 0.838742 0.0363156 0.111562 1.23113e-05
0 0.951304 0.537187 0.0802245 0.198107 1.2327e-05
0 0.0888082 1 0.0323539 0 1.23342e-05
0 0.948663 0.976335 0.0346649 0.0473293 1.23533e-05
0 0.542258 0.745436 0.0452294 0.20622 1.23844e-05
0 0.555794 0.739689 0.0260812 0.182556 1.23955e-05
0 0.496038 1 0.0333443 0 1.24014e-05
0 0.928689 0.273496 0.058105 0.135903 1.24313e-05
0 0.111588 0.684246 0.0548036 0.136579 1.24328e-05
0 0.135688 0.635565 0.044239 0.13117 1.24441e-05
0 0.143282 0.832657 0.0508419 0.137255 1.24828e-05
0 0.186695 0.534483 0.0425883 0.112914 1.2514e-05
0 0.170023 0.717039 0.0765929 0.165652 1.25272e-05
0 0.584021 0.704868 0.034995 0.175118 1.25325e-05
0 0.0622318 0.738337 0.0445692 0.137931 1.25376e-05
0 0.462859 0.697431 0.0231099 0.203516 1.25378e-05
0 0.81314 0.327586 0.0422582 0.118323 1.25605e-05
0 0.712281 0.0324544 0.037306 0.0649087 1.25653e-05
0 0.0189832 0.249493 0.0379663 0.271805 1.25988e-05
0 0.834434 0.689655 0.0445692 0.114943 1.26508e-05
0 0.999835 0.977012 0.000330142 0.045977 1.26667e-05
0 0.893859 0.0581474 0.0359855 0.116295 1.26781e-05
0 0.18653 0.17478 0.0422582 0.131846 1.27054e-05
0 0.424397 0.218053 0.0689997 0.165652 1.27115e-05
0 0.810333 0.626775 0.0822053 0.181204 1.27416e-05
0 0.172829 0.457404 0.0472103 0.131846 1.27542e-05
0 0.900462 0.327586 0.0623968 0.15213 1.27555e-05
0 0.0823704 0.831981 0.0505117 0.144016 1.27777e-05
0 0.355398 0.0554429 0.0439089 0.110886 1.27809e-05
0 0.0817101 0.987153 0.0326841 0.025693 1.27813e-05
0 0.855233 0.853617 0.0571146 0.226504 1.28048e-05
0 0.612413 0.17478 0.0382965 0.123732 1.28084e-05
0 0.165071 0.84449 0.0620667 0.197431 1.28273e-05
0 0.991746 0.287694 0.0165071 0.271129 1.28505e-05
0 0.563387 0.281271 0.0392869 0.114943 1.28686e-05
0 0.120337 1 0.0340046 0 1.2876e-05
0 0.831958 0.567275 0.0620667 0.18526 1.29264e-05
0 0.685375 0.224814 0.0389568 0.12238 1.29483e-05
0 0.240178 0.210277 0.0531529 0.146045 1.29532e-05
0 0.392704 0.768425 0.0379663 0.138607 1.29774e-05
0 0.293826 0.0527383 0.0429185 0.105477 1.30142e-05
0 0.618026 0.861393 0.0812149 0.187965 1.30263e-05
0 1 0.799865 0 0.183908 1.30341e-05
0 0.886101 0.892157 0.0422582 0.121028 1.30419e-05
0 0.437438 0.882015 0.0798944 0.172414 1.30668e-05
0 0.235886 0.328938 0.04655 0.114266 1.30772e-05
0 1 0.539892 0 0.212982 1.30836e-05
0 0.173159 0.769439 0.055794 0.13117 1.30945e-05
0 0.911522 0.741041 0.0455596 0.136579 1.31018e-05
0 0.214097 0.537525 0.0485309 0.109533 1.31093e-05
0 0.110598 0.534483 0.0429185 0.121028 1.31469e-05
0 0.0866623 0.738675 0.0472103 0.135903 1.31776e-05
0 0.76758 0.988168 0.0343348 0.0236646 1.31815e-05
0 0.246616 1 0.0158468 0 1.32335e-05
0 0.242159 0.582488 0.0630571 0.139959 1.32447e-05
0 0.985144 0.954361 0.0297128 0.0912779 1.32999e-05
0 0.567679 0.0446247 0.0412677 0.0892495 1.33105e-05
0 0.160944 0.175794 0.0406075 0.129817 1.33308e-05
0 0.111423 0.739013 0.0452294 0.137931 1.33643e-05
0 0.261803 0.829277 0.058105 0.111562 1.33684e-05
0 0.31314 0.381339 0.0458897 0.110886 1.33905e-05
0 0.6035 0.0699797 0.0647078 0.139959 1.33977e-05
0 0.0242654 0.892495 0.0445692 0.162272 1.3429e-05
0 0.321228 1 0.0151865 0 1.34313e-05
0 0.519809 0.165652 0.041928 0.192022 1.34534e-05
0 0.968637 0.966531 0.0382965 0.0669371 1.34962e-05
0 0.83691 0.0327924 0.0376362 0.0655849 1.34994e-05
0 0.679762 0.337728 0.0548036 0.200811 1.35339e-05
0 0.309343 0.830967 0.0548036 0.110886 1.35467e-05
0 0.637999 1 0.0174975 0 1.35475e-05
0 0.00808848 0.704868 0.016177 0.165652 1.36332e-05
0 0.0610763 0.48783 0.0475404 0.142664 1.36405e-05
0 0.803731 0.0554429 0.0485309 0.110886 1.36576e-05
0 0.656982 0.886072 0.0515021 0.123732 1.36812e-05
0 0.911687 0.636241 0.0359855 0.140636 1.37399e-05
0 0.462034 0.32691 0.0439089 0.111562 1.37409e-05
0 0.566193 0.887424 0.0455596 0.126437 1.37827e-05
0 0.586827 0.0520622 0.0505117 0.104124 1.37874e-05
0 0.627105 0.884381 0.0498514 0.125761 1.3819e-05
0 0.448498 0.729547 0.0366458 0.137931 1.3832e-05
0 0.229944 0.985801 0.037306 0.0283976 1.38377e-05
0 0.669693 0.566937 0.0412677 0.116971 1.38618e-05
0 0.99901 0.801217 0.00198085 0.236646 1.39647e-05
0 0.356718 0.883367 0.051172 0.126437 1.39788e-05
0 0.638164 0.227857 0.0376362 0.125761 1.39968e-05
0 0.410532 0.830629 0.0518323 0.107505 1.39981e-05
0 0.388082 0.963827 0.0274018 0.0723462 1.40176e-05
0 0.205348 0.0388776 0.0409376 0.0777552 1.40231e-05
0 0.887091 0.788032 0.0448993 0.127789 1.40314e-05
0 0.83724 0.193712 0.0607461 0.162948 1.41051e-05
0 0.276329 1 0.0151865 0 1.41102e-05
0 0.386266 0.227181 0.0402773 0.128465 1.41231e-05
0 0.506438 0.678161 0.0237702 0.159567 1.4131e-05
0 0.375867 0.311359 0.0617365 0.225152 1.41335e-05
0 0.537966 0.327924 0.041928 0.109533 1.41603e-05
0 0.681743 0.992563 0.0587653 0.0148749 1.41603e-05
0 0.936613 0.227519 0.0495213 0.119675 1.42203e-05
0 0.831628 0.0578093 0.034995 0.115619 1.42228e-05
0 0.600198 0.216024 0.053483 0.125085 1.42678e-05
0 0.596236 0.728533 0.0495213 0.199459 1.42832e-05
0 0.435127 0.226842 0.039617 0.123732 1.42854e-05
0 0.0222846 0.338066 0.0445692 0.162272 1.4309e-05
0 0.318587 0.0476673 0.0376362 0.0953347 1.43105e-05
0 0.514196 0.221433 0.0340046 0.125085 1.44085e-05
0 0.202377 0.768763 0.0548036 0.121704 1.44567e-05
0 0.355068 0.985463 0.0379663 0.0290737 1.44635e-05
0 0.623143 1 0.0174975 0 1.45042e-05
0 0.0231099 0.677823 0.0462199 0.18188 1.45106e-05
0 0.185705 0.226166 0.0412677 0.131846 1.45518e-05
0 0.89452 0.43712 0.0623968 0.160243 1.45762e-05
0 0.853912 0.912441 0.055794 0.175118 1.45868e-05
0 0.137009 0.787356 0.0455596 0.131846 1.45902e-05
0 0.142786 0.984787 0.0379663 0.030426 1.46619e-05
0 0.838396 0.258959 0.0663585 0.181204 1.4675e-05
0 0.973589 0.97735 0.0528227 0.0453009 1.47225e-05
0 0.129746 0.336714 0.0825355 0.181204 1.4724e-05
0 0.833773 0.998648 0.0181578 0.00270453 1.47252e-05
0 0.444536 0.887762 0.0452294 0.125761 1.47302e-05
0 0.536316 0.874239 0.0544734 0.141988 1.47802e-05
0 0.860515 0.840095 0.0432486 0.118323 1.47853e-05
0 0.117035 0.201487 0.0683394 0.159567 1.48339e-05
0 0.510234 0.32691 0.0425883 0.114266 1.48492e-05
0 0.363486 0.228871 0.0369759 0.129141 1.49406e-05
0 0.442555 0.985463 0.0379663 0.0290737 1.4982e-05
0 0.575768 0.259635 0.0574447 0.171738 1.49959e-05
0 0.646583 0.505409 0.0313635 0.129141 1.50324e-05
0 0.509739 0.777552 0.0429185 0.102772 1.50841e-05
0 0.660119 0.831643 0.051172 0.109533 1.51426e-05
0 0.909046 0.97904 0.0617365 0.0419202 1.51639e-05
0 0.211786 0.278567 0.0452294 0.118999 1.52177e-05
0 0.0864972 0.689317 0.0429185 0.141312 1.52413e-05
0 0.354572 0.923259 0.0600858 0.153482 1.53333e-05
0 0.306372 1 0.0151865 0 1.53334e-05
0 0.592935 0.999324 0.0191482 0.00135227 1.53364e-05
0 0.861175 0.787356 0.0458897 0.12238 1.53464e-05
0 0.141796 0.890805 0.051172 0.13455 1.54207e-05
0 0.742819 0.987492 0.0343348 0.0250169 1.54575e-05
0 0.195114 1 0.0330142 0 1.5462e-05
0 0.622153 0.992901 0.0584351 0.0141988 1.55834e-05
0 0.956091 0.68188 0.0838561 0.187289 1.55906e-05
0 0.160614 0.0703178 0.0452294 0.114943 1.56492e-05
0 0.655332 0.984111 0.0382965 0.0317782 1.56561e-05
0 0.0216243 0.813725 0.0432486 0.177823 1.57085e-05
0 0.0247606 0.9405 0.048861 0.118999 1.57215e-05
0 0.768736 0.0429344 0.0392869 0.0858688 1.57326e-05
0 0.903268 0.206558 0.0574447 0.157539 1.57878e-05
0 0.18719 0.478702 0.044239 0.116295 1.57908e-05
0 0.781116 0.205882 0.0548036 0.138607 1.57928e-05
0 0.113239 0.482759 0.0422582 0.120352 1.5837e-05
0 0.692968 0.0365112 0.039617 0.0730223 1.58405e-05
0 0.679597 0.65213 0.0386266 0.165652 1.59016e-05
0 0.420766 0.729209 0.037306 0.154834 1.59026e-05
0 0.596071 0.885396 0.0498514 0.126437 1.5928e-05
0 0.90624 0.677147 0.0501816 0.20622 1.59729e-05
0 0.502476 0.984787 0.0548036 0.030426 1.59972e-05
0 0.996864 0.184922 0.0062727 0.258959 1.60568e-05
0 0.062892 0.128465 0.0498514 0.129817 1.6079e-05
0 0.356883 0.962475 0.0264114 0.0750507 1.61395e-05
0 0.870254 0.97735 0.0607461 0.0453009 1.61587e-05
0 0.088313 0.279919 0.0505117 0.120352 1.61608e-05
0 0.773688 0.995943 0.0201387 0.00811359 1.61781e-05
0 0.279465 0.520622 0.0346649 0.14334 1.61874e-05
0 0.728458 0.997634 0.0194784 0.00473293 1.62543e-05
0 0.238197 0.278905 0.0425883 0.121028 1.62549e-05
0 0.68521 0.830967 0.0524926 0.112238 1.62841e-05
0 0.706834 0.648411 0.0455596 0.129817 1.62929e-05
0 0.758501 0.996619 0.0201387 0.00676133 1.63024e-05
0 0.386101 0.830967 0.051172 0.108181 1.63285e-05
0 0.284913 0.829953 0.0574447 0.111562 1.6396e-05
0 0.420931 1 0.0330142 0 1.64179e-05
0 0.943876 0.394861 0.0798944 0.17309 1.64347e-05
0 0.504622 0.828262 0.0445692 0.123056 1.64412e-05
0 0.832948 0.97735 0.0607461 0.0453009 1.65893e-05
0 0.66375 0.214672 0.051172 0.126437 1.65957e-05
0 0.0239353 0.253212 0.0458897 0.173766 1.66303e-05
0 0.284747 0.279243 0.0432486 0.123056 1.66424e-05
0 0.186365 0.941853 0.0544734 0.104124 1.66444e-05
0 0.735556 0.837052 0.0422582 0.110886 1.66845e-05
0 0.416969 0.509128 0.0363156 0.123056 1.67836e-05
0 0.711621 0.83739 0.0406075 0.111562 1.67894e-05
0 0.5345 0.977688 0.0792341 0.0446247 1.68244e-05
0 0.0871575 0.328938 0.0495213 0.125085 1.68272e-05
0 0.160284 0.584179 0.0432486 0.112238 1.68302e-05
0 0.72004 0.214672 0.0548036 0.12238 1.68665e-05
0 0.571806 0.977688 0.0785738 0.0446247 1.69683e-05
0 0.788544 0.995943 0.0207989 0.00811359 1.69683e-05
0 0.137174 0.585193 0.041928 0.12238 1.69796e-05
0 0.0635523 0.636241 0.0439089 0.140636 1.69994e-05
0 0.648564 0.262339 0.0630571 0.170385 1.70201e-05
0 0.135688 1 0.0330142 0 1.70364e-05
0 0.456091 0.603786 0.0326841 0.147397 1.70719e-05
0 0.795147 0.976673 0.0597557 0.0466531 1.71056e-05
0 0.683064 0.998648 0.0184879 0.00270453 1.71949e-05
0 0.556454 0.776538 0.0432486 0.161596 1.72106e-05
0 0.323209 0.920892 0.0957412 0.158215 1.72404e-05
0 0.0831958 0.37931 0.0567844 0.133874 1.72607e-05
0 0.293826 0.762339 0.039617 0.137255 1.73371e-05
0 0.291185 1 0.0151865 0 1.73388e-05
0 0.541598 1 0.0333443 0 1.74629e-05
0 0.748102 0.503719 0.0283922 0.154158 1.75178e-05
0 0.878673 1 0.0168372 0 1.75181e-05
0 0.440079 0.939148 0.0950809 0.121704 1.75335e-05
0 0.863651 0.999662 0.0171674 0.000676133 1.7544e-05
0 0.0874876 0.226842 0.053483 0.130494 1.75906e-05
0 0.981017 0.439824 0.037306 0.172414 1.76294e-05
0 0.496368 0.873901 0.0538131 0.139959 1.76387e-05
0 0.716573 0.278905 0.0445692 0.111562 1.76481e-05
0 0.506273 0.481068 0.0326841 0.133198 1.76523e-05
0 0.803566 0.996281 0.0198085 0.00743746 1.76779e-05
0 0.263618 0.279581 0.0445692 0.121028 1.77147e-05
0 0.135523 0.281947 0.0425883 0.120352 1.7722e-05
0 0.761472 0.836376 0.0439089 0.108181 1.77323e-05
0 0.478871 0.222448 0.051172 0.11359 1.78338e-05
0 0.611753 0.939824 0.0528227 0.10142 1.78393e-05
0 0.518818 0.677147 0.0254209 0.157539 1.78628e-05
0 0.587157 0.282623 0.0392869 0.120352 1.78697e-05
0 0.0247606 0.537863 0.0495213 0.172414 1.79388e-05
0 0.120172 0.0571332 0.0541433 0.114266 1.80186e-05
0 0.986629 0.27451 0.0267415 0.144692 1.80873e-05
0 0.84863 0.998986 0.0174975 0.0020284 1.8104e-05
0 1 0.675794 0 0.212982 1.81719e-05
0 0.749257 0.251521 0.0729614 0.265044 1.82227e-05
0 0.758006 0.975997 0.0594256 0.0480054 1.82451e-05
0 0.188181 0.587897 0.0462199 0.107505 1.83693e-05
0 0.782767 0.3286 0.0455596 0.109533 1.83929e-05
0 0.262958 0.785666 0.0584351 0.121704 1.83988e-05
0 0.264279 0.320825 0.0412677 0.106153 1.84728e-05
0 0.683724 0.279243 0.0409376 0.118999 1.85531e-05
0 0.412017 0.227181 0.0382965 0.127113 1.85644e-05
0 0.977055 0.318796 0.0386266 0.177823 1.85922e-05
0 0.286398 0.941515 0.0518323 0.102096 1.86099e-05
0 0.526081 1 0.0333443 0 1.8655e-05
0 0.267085 0.962475 0.0264114 0.0750507 1.8669e-05
0 0.981842 0.553414 0.0363156 0.168357 1.86948e-05
0 0.946352 0.97904 0.0590954 0.0419202 1.87481e-05
0 0.159954 0.533469 0.0412677 0.112238 1.88125e-05
0 0.111588 0.993577 0.0217894 0.0128465 1.8873e-05
0 0.18587 0.279243 0.0402773 0.121704 1.88997e-05
0 0.569825 0.61359 0.0316936 0.160243 1.89677e-05
0 0.305877 0.0791075 0.0445692 0.158215 1.89766e-05
0 0.835919 0.741717 0.0475404 0.116295 1.90239e-05
0 0.142456 0.938134 0.04655 0.123732 1.90585e-05
0 0.72103 0.976673 0.0594256 0.0466531 1.91311e-05
0 0.74348 0.997295 0.0198085 0.00540906 1.91403e-05
0 0.466326 1 0.0333443 0 1.91455e-05
0 0.013866 0.397228 0.0277319 0.161596 1.9193e-05
0 0.00940905 0.237323 0.0188181 0.267748 1.92166e-05
0 0.536151 0.827586 0.044239 0.120352 1.92351e-05
0 0.260977 0.941176 0.0518323 0.10142 1.92612e-05
0 0.0851766 0.637255 0.0415979 0.141312 1.92895e-05
0 0.137834 0.533469 0.0392869 0.114943 1.93007e-05
0 0.33724 0.278905 0.0452294 0.123732 1.93043e-05
0 0.31446 0.272143 0.0584351 0.162948 1.93189e-05
0 0.141301 0.936782 0.100363 0.126437 1.93563e-05
0 0.646253 0.975659 0.0590954 0.0486815 1.93855e-05
0 0.445031 0.829277 0.0462199 0.121028 1.93905e-05
0 0.370419 0.724814 0.0528227 0.192022 1.94352e-05
0 0.0503467 0.670047 0.0736217 0.151454 1.94517e-05
0 0.786563 0.836038 0.0452294 0.107505 1.94773e-05
0 0.44239 0.988168 0.0554639 0.0236646 1.9544e-05
0 0.967646 0.0442867 0.0435787 0.0885734 1.96226e-05
0 0.58072 0.367816 0.0521624 0.217715 1.96395e-05
0 0.829317 0.403651 0.0554639 0.124408 1.96624e-05
0 0.347805 0.976673 0.0617365 0.0466531 1.96987e-05
0 0.0802245 0.0480054 0.0448993 0.0960108 1.97013e-05
0 0.475404 0.8286 0.0448993 0.121028 1.97126e-05
0 0.291515 0.925287 0.0541433 0.149425 1.97373e-05
0 0.0515021 0.975321 0.0739518 0.0493577 1.9742e-05
0 0.167712 0.936782 0.0508419 0.126437 1.97676e-05
0 0.434797 0.319473 0.0462199 0.114266 1.97761e-05
0 0.811489 0.837728 0.0455596 0.105477 1.98053e-05
0 0.210135 0.328938 0.0452294 0.114266 1.98438e-05
0 0.326675 0.962813 0.0267415 0.0743746 1.98534e-05
0 0.405414 0.924273 0.058105 0.151454 1.99312e-05
0 0.713107 0.997972 0.0191482 0.0040568 1.99547e-05
0 0.713602 0.327924 0.0472103 0.106829 2.00435e-05
0 0.967646 1 0.0303731 0 2.01286e-05
0 0.984318 0.715686 0.0313635 0.329277 2.01753e-05
0 0.83724 0.839757 0.0455596 0.108181 2.02286e-05
0 0.837405 0.890467 0.041928 0.108181 2.02716e-05
0 0.637009 0.940162 0.0524926 0.102096 2.04221e-05
0 0.818587 0.997634 0.0194784 0.00473293 2.04654e-05
0 0.0198085 0.935091 0.039617 0.129817 2.04686e-05
0 0.235556 0.941515 0.0518323 0.100744 2.05649e-05
0 0.0846814 0.127789 0.0498514 0.129817 2.06449e-05
0 0.908551 0.0551048 0.0495213 0.11021 2.07848e-05
0 0.912347 0.946247 0.0445692 0.107505 2.0816e-05
0 0.241664 0.923935 0.0567844 0.15213 2.08786e-05
0 0.142126 0.987492 0.065038 0.0250169 2.09902e-05
0 0.687521 0.388438 0.0478706 0.108857 2.10796e-05
0 0.835919 0.788709 0.0482007 0.114266 2.10816e-05
0 0.0546385 0.323191 0.0723011 0.148749 2.11244e-05
0 0.585672 0.939486 0.0515021 0.100744 2.11342e-05
0 0.435292 0.277552 0.041928 0.115619 2.11364e-05
0 0.620502 0.927316 0.0921096 0.145368 2.11491e-05
0 0.533674 0.175118 0.0359855 0.112238 2.11531e-05
0 0.0483658 0.445233 0.0683394 0.153482 2.12141e-05
0 0.86068 0.891481 0.0415979 0.114266 2.12746e-05
0 0.481347 1 0.0330142 0 2.13667e-05
0 0.413668 0.886748 0.048861 0.12238 2.13706e-05
0 0.0858369 0.535159 0.0409376 0.123732 2.14541e-05
0 0.451139 0.353279 0.0478706 0.177823 2.14747e-05
0 0.539287 0.26741 0.0505117 0.167005 2.14748e-05
0 0.181083 0.957404 0.0425883 0.0851927 2.14885e-05
0 0.083691 0.89689 0.0518323 0.141312 2.15209e-05
0 0.782602 0.279919 0.0452294 0.117647 2.15316e-05
0 0.710961 0.0564571 0.060416 0.112914 2.16282e-05
0 0.719379 0.504733 0.0283922 0.141312 2.18796e-05
0 0.237537 0.978702 0.0610763 0.0425963 2.18873e-05
0 0.287058 0.324206 0.0439089 0.112914 2.19265e-05
0 0.556619 1 0.0336745 0 2.19439e-05
0 0.405249 1 0.0320238 0 2.21094e-05
0 0.296467 0.963151 0.0270716 0.0736984 2.21673e-05
0 0.0615715 0.536511 0.0425883 0.129141 2.22363e-05
0 0.607791 1 0.0191482 0 2.22442e-05
0 0.51172 0.939486 0.053483 0.0993915 2.22652e-05
0 0.517002 0.999662 0.0191482 0.000676133 2.2312e-05
0 0.105315 0.0446247 0.0415979 0.0892495 2.23526e-05
0 0.0120502 0.340095 0.0241004 0.224476 2.23623e-05
0 0.766755 0.609533 0.0505117 0.118323 2.23985e-05
0 0.126114 0.994929 0.0204688 0.010142 2.24375e-05
0 0.843678 0.334348 0.0782436 0.180527 2.24707e-05
0 0.111423 0.281271 0.0478706 0.116295 2.25567e-05
0 0.980191 0.976335 0.039617 0.0473293 2.25795e-05
0 0.336745 0.940838 0.053483 0.0980392 2.25983e-05
0 0.274678 0.978364 0.0607461 0.0432725 2.2654e-05
0 0.86167 0.277214 0.0706504 0.156863 2.26578e-05
0 0.465995 0.268763 0.0524926 0.162948 2.28057e-05
0 0.150215 1 0.0330142 0 2.28465e-05
0 0.33625 0.0581474 0.055794 0.116295 2.28797e-05
0 0.808188 0.392157 0.0455596 0.124408 2.29033e-05
0 0.111588 0.894523 0.0541433 0.136579 2.29618e-05
0 0.566193 0.827924 0.0455596 0.119675 2.29761e-05
0 0.948333 0.266396 0.0782436 0.170385 2.30852e-05
0 0.502476 0.26741 0.0508419 0.165652 2.32656e-05
0 0.632882 0.0540906 0.058105 0.108181 2.33208e-05
0 0.0622318 0.585869 0.0432486 0.133198 2.34795e-05
0 0.210466 0.252535 0.0775834 0.184584 2.35398e-05
0 0.501981 0.999662 0.0194784 0.000676133 2.35445e-05
0 0.211621 0.942529 0.0528227 0.10142 2.37165e-05
0 0.8379 0.965855 0.0310333 0.0682894 2.3786e-05
0 0.526907 0.0554429 0.048861 0.110886 2.39853e-05
0 0.227303 0.0665991 0.0544734 0.133198 2.39874e-05
0 0.571971 1 0.0340046 0 2.39949e-05
0 0.363156 0.278567 0.039617 0.127113 2.40534e-05
0 0.0539782 0.198107 0.0736217 0.158215 2.40879e-05
0 0.608617 0.0388776 0.0491912 0.0777552 2.4119e-05
0 0.386101 0.276876 0.0432486 0.12238 2.4212e-05
0 0.936118 0.0540906 0.0590954 0.108181 2.43854e-05
0 0.00709805 0.439824 0.0141961 0.183232 2.44451e-05
0 0.341202 0.292427 0.0689997 0.195402 2.45205e-05
0 0.336085 0.379648 0.0475404 0.112914 2.45496e-05
0 0.0458897 0.557809 0.0680092 0.151454 2.45907e-05
0 0.515682 0.950642 0.0561241 0.0987154 2.4637e-05
0 0.513866 0.177485 0.0320238 0.115619 2.47055e-05
0 0.312809 0.332319 0.0623968 0.142664 2.47082e-05
0 0.375702 0.646721 0.0415979 0.146721 2.47567e-05
0 0.24381 0.677823 0.0709805 0.135903 2.48764e-05
0 0.984318 0.374915 0.0313635 0.317106 2.49958e-05
0 0.201717 0.963827 0.0732915 0.0723462 2.50895e-05
0 0.177616 0.643678 0.0831958 0.164976 2.51376e-05
0 0.0858369 0.584517 0.0402773 0.131846 2.51921e-05
0 0.460713 0.975997 0.0623968 0.0480054 2.52602e-05
0 1 0.0544287 0 0.108857 2.53158e-05
0 0.817597 0.0412441 0.0392869 0.0824882 2.53325e-05
0 0.00792341 0.829615 0.0158468 0.162272 2.53708e-05
0 0.718059 0.924611 0.0561241 0.150778 2.54529e-05
0 0.160779 0.481068 0.0389568 0.114266 2.5489e-05
0 0.00759327 0.200135 0.0151865 0.187965 2.57598e-05
0 0.6862 0.947938 0.0399472 0.102772 2.57844e-05
0 0.660779 0.282285 0.0392869 0.121028 2.58204e-05
0 0.0554639 0.0473293 0.0429185 0.0946586 2.58764e-05
0 0.764444 0.789385 0.0498514 0.111562 2.59066e-05
0 0.413503 0.972617 0.0689997 0.0547667 2.5985e-05
0 0.361175 0.941515 0.0541433 0.0980392 2.60284e-05
0 0.378838 0.941853 0.106636 0.116295 2.61053e-05
0 0.386431 0.506423 0.0287224 0.120352 2.62305e-05
0 0.2103 1 0.0323539 0 2.63443e-05
0 0.625124 0.829277 0.0472103 0.119675 2.63953e-05
0 0.670848 0.0382015 0.0455596 0.076403 2.64449e-05
0 0.677947 0.504395 0.0313635 0.124408 2.64769e-05
0 0.451634 1 0.0330142 0 2.65854e-05
0 0.986299 0.885396 0.0214592 0.168357 2.66283e-05
0 0.337405 0.326234 0.0468802 0.121028 2.67306e-05
0 0.66177 0.948276 0.0386266 0.102096 2.68249e-05
0 0.327006 0.956728 0.0485309 0.086545 2.6835e-05
0 0.614229 0.284314 0.0406075 0.121028 2.68354e-05
0 0.16177 0.330967 0.0429185 0.116971 2.69393e-05
0 0.322219 0.957404 0.0772532 0.0851927 2.70367e-05
0 0.186035 0.3286 0.041928 0.116295 2.7085e-05
0 0.188016 0.428668 0.0458897 0.110886 2.71592e-05
0 0.800759 0.350913 0.0577748 0.13117 2.727e-05
0 0.593265 0.313049 0.058105 0.212306 2.72829e-05
0 0.00528227 0.0419202 0.0105645 0.0838404 2.73212e-05
0 0.985969 0.93712 0.0260812 0.125761 2.74012e-05
0 0.810994 0.788371 0.0472103 0.109533 2.74051e-05
0 0.474249 0.0703178 0.0742819 0.140636 2.75278e-05
0 0.0962364 0.990872 0.0260812 0.0182556 2.75336e-05
0 0.741994 0.355308 0.055794 0.137255 2.75941e-05
0 0.0856718 0.971602 0.051172 0.0567951 2.76138e-05
0 0.0589303 0.911089 0.0729614 0.123732 2.76244e-05
0 0.787884 0.533469 0.0584351 0.139283 2.77677e-05
0 0.411522 0.277552 0.0425883 0.121028 2.77798e-05
0 0.266259 0.928668 0.0531529 0.142664 2.77977e-05
0 0.769066 0.282961 0.0478706 0.173766 2.78675e-05
0 0.549851 0.0703178 0.0749422 0.140636 2.79269e-05
0 0.0214592 0.381001 0.0429185 0.287356 2.79847e-05
0 0.473258 0.351251 0.0472103 0.12238 2.8193e-05
0 0.718224 0.798851 0.0439089 0.138607 2.82002e-05
0 0.259822 0.941515 0.118191 0.116971 2.82335e-05
0 0.201222 0.994929 0.0188181 0.010142 2.82757e-05
0 0.15038 0.0689655 0.0617365 0.137931 2.84086e-05
0 0.391879 0.0571332 0.0495213 0.114266 2.84148e-05
0 0.750743 0.419202 0.0521624 0.163624 2.84296e-05
0 0.384946 0.885057 0.0508419 0.121704 2.8547e-05
0 0.559756 0.940838 0.0505117 0.096687 2.86427e-05
0 0.00643777 0.310683 0.0128755 0.184584 2.90227e-05
0 0.483328 0.939824 0.0521624 0.0973631 2.90281e-05
0 0.37273 0.0402299 0.048861 0.0804598 2.92082e-05
0 0.464015 0.874577 0.0518323 0.142664 2.92695e-05
0 0.813635 0.964841 0.0333443 0.0703178 2.92741e-05
0 0.0533179 0.801555 0.0723011 0.149425 2.94144e-05
0 0.310829 0.0385396 0.0458897 0.0770791 2.96573e-05
0 0.831628 0.715348 0.0792341 0.148749 2.97677e-05
0 0.187851 0.0473293 0.0548036 0.0946586 2.97807e-05
0 0.712446 0.948276 0.0382965 0.102096 2.97896e-05
0 0.136844 0.481068 0.0399472 0.114266 2.98649e-05
0 0.141136 0.994929 0.0194784 0.010142 2.99428e-05
0 0.582866 0.47904 0.0326841 0.137255 2.99753e-05
0 0.387091 0.941853 0.0538131 0.0960108 3.00226e-05
0 0.556784 0.606153 0.037306 0.148073 3.01366e-05
0 0.00676791 0.548343 0.0135358 0.187965 3.02524e-05
0 0.537801 0.940838 0.0521624 0.0939824 3.03318e-05
0 0.547375 0.997295 0.0211291 0.00540906 3.03541e-05
0 0.292011 0.956728 0.0775834 0.086545 3.04345e-05
0 0.305216 0.939486 0.0472103 0.121028 3.06468e-05
0 0.00825355 0.884719 0.0165071 0.1643 3.07474e-05
0 0.426874 0.99831 0.0191482 0.00338066 3.08571e-05
0 0.645262 0.372211 0.0551337 0.13455 3.10894e-05
0 0.11522 0.430358 0.044239 0.118323 3.11512e-05
0 0.855563 0.0564571 0.0617365 0.112914 3.13748e-05
0 0.617035 0.368492 0.0508419 0.216362 3.19325e-05
0 0.930505 0.982082 0.041928 0.035835 3.19747e-05
0 0.381314 0.995605 0.058105 0.00878972 3.20841e-05
0 0.161439 0.43002 0.039617 0.112238 3.24539e-05
0 0.436283 1 0.0326841 0 3.26895e-05
0 0.987124 0.736308 0.0257511 0.154158 3.27125e-05
0 0.00858369 0.73428 0.0171674 0.164976 3.28531e-05
0 0.532024 0.997972 0.0207989 0.0040568 3.3036e-05
0 0.825685 0.450642 0.0607461 0.115619 3.30869e-05
0 0.0199736 0.400609 0.0399472 0.167005 3.30881e-05
0 0.703698 0.420216 0.0425883 0.137255 3.3251e-05
0 0.411687 0.942191 0.0521624 0.0926302 3.34635e-05
0 0.596566 0.8286 0.0468802 0.119675 3.37298e-05
0 0.321228 0.998986 0.0594256 0.0020284 3.37585e-05
0 0.471938 0.997295 0.0201387 0.00540906 3.38959e-05
0 0.00825355 0.170047 0.0165071 0.176471 3.40487e-05
0 0.251238 0.0422583 0.0508419 0.0845166 3.41503e-05
0 0.48927 0.0361731 0.0468802 0.0723462 3.44134e-05
0 0.786728 0.789047 0.0508419 0.105477 3.44245e-05
0 0.0864972 0.177823 0.0561241 0.125761 3.45107e-05
0 0.740013 0.320487 0.041928 0.106829 3.46211e-05
0 0.630571 0.31474 0.0931 0.219743 3.48028e-05
0 0.193463 0.633874 0.053483 0.102096 3.49749e-05
0 0.0241004 0.0672752 0.0482007 0.13455 3.50598e-05
0 0.00181578 0.0534145 0.00363156 0.106829 3.50644e-05
0 0.769231 0.711291 0.0561241 0.175794 3.51116e-05
0 0.879993 0.0453009 0.0386266 0.0906018 3.52143e-05
0 0.172334 0.968222 0.0693298 0.0635565 3.54482e-05
0 0.114559 0.379986 0.0448993 0.120352 3.55541e-05
0 0.259987 1 0.0623968 0 3.55604e-05
0 0.603004 0.949966 0.0544734 0.100068 3.56825e-05
0 0.438098 0.941176 0.0508419 0.100068 3.57081e-05
0 0.980026 0.066261 0.0399472 0.132522 3.6256e-05
0 0.549851 0.0331305 0.0485309 0.066261 3.62765e-05
0 0.0102344 0.894185 0.0204688 0.146721 3.63017e-05
0 0.984483 0.59263 0.0310333 0.323867 3.64462e-05
0 0.72103 0.304598 0.0653681 0.177823 3.66623e-05
0 0.479036 0.677147 0.0303731 0.169709 3.70429e-05
0 0.135688 0.331981 0.0422582 0.116295 3.71155e-05
0 0.800594 0.50169 0.0435787 0.177147 3.73321e-05
0 0.167217 0.0446247 0.0399472 0.0892495 3.73572e-05
0 0.161604 0.378972 0.0412677 0.116971 3.77584e-05
0 0.113404 0.331981 0.04655 0.114943 3.78413e-05
0 0.562232 0.996957 0.0217894 0.00608519 3.78692e-05
0 0.18686 0.381339 0.0435787 0.117647 3.81626e-05
0 0.36101 0.502028 0.0313635 0.135903 3.82608e-05
0 0.00610763 0.665314 0.0122153 0.182556 3.84569e-05
0 0.26725 0.556795 0.0458897 0.146721 3.87773e-05
0 0.694289 0.503381 0.0429185 0.125085 3.89785e-05
0 0.486959 0.99831 0.0198085 0.00338066 3.90337e-05
0 0.230934 0.0439486 0.0359855 0.0878972 3.9265e-05
0 0.690987 0.949966 0.053483 0.100068 3.93325e-05
0 0.731264 0.0351589 0.0501816 0.0703178 3.98417e-05
0 0.984979 0.0872211 0.0300429 0.174442 4.03551e-05
0 0.355728 0.339419 0.0491912 0.120352 4.03949e-05
0 0.345659 0.757607 0.0356553 0.137255 4.04961e-05
0 0.0237702 0.980392 0.0475404 0.0392157 4.0778e-05
0 0.886266 0.947262 0.0406075 0.105477 4.08827e-05
0 0.629251 0.727181 0.0323539 0.160243 4.08912e-05
0 0.00610763 0.790061 0.0122153 0.173766 4.14513e-05
0 0.782436 0.0574713 0.0429185 0.114943 4.15482e-05
0 0.0130406 0.884381 0.0260812 0.231237 4.16366e-05
0 0.810003 0.735294 0.055794 0.119675 4.16702e-05
0 0.16309 0.998648 0.0310333 0.00270453 4.19367e-05
0 0.0132057 0.720081 0.0264114 0.262339 4.2022e-05
0 0.577418 0.997972 0.0217894 0.0040568 4.2056e-05
0 0.98762 0.330629 0.0214592 0.151454 4.22757e-05
0 0.209475 0.696078 0.0656983 0.160243 4.23237e-05
0 0.269726 0.725152 0.0468802 0.146721 4.31536e-05
0 0.431 0.035835 0.0478706 0.07167 4.37628e-05
0 0.321063 0.521636 0.0412677 0.114266 4.39608e-05
0 0.737702 0.94929 0.0379663 0.10142 4.42181e-05
0 0.0127105 0.18188 0.0254209 0.265044 4.43549e-05
0 0.411192 1 0.0181578 0 4.44171e-05
0 0.610267 0.70453 0.0353252 0.20284 4.52305e-05
0 0.761968 0.323529 0.0455596 0.102096 4.56175e-05
0 0.202047 0.957742 0.0468802 0.0845166 4.56538e-05
0 0.456916 0.995943 0.0211291 0.00811359 4.57417e-05
0 0.242489 0.487492 0.0630571 0.193374 4.59789e-05
0 0.178112 0.998986 0.0313635 0.0020284 4.61073e-05
0 0.830637 0.656525 0.0772532 0.141988 4.62791e-05
0 0.742489 0.929344 0.0541433 0.141312 4.62968e-05
0 0.901948 0.956728 0.0482007 0.086545 4.63605e-05
0 0.0503467 0.997972 0.037306 0.0040568 4.70908e-05
0 0.136679 0.430358 0.0422582 0.111562 4.70945e-05
0 0.268736 0.29378 0.0693298 0.215686 4.73022e-05
0 0.684549 0.327586 0.0445692 0.107505 4.80079e-05
0 0.00594256 0.978026 0.0118851 0.0439486 4.85328e-05
0 0.215913 0.996281 0.0184879 0.00743746 4.87975e-05
0 0.200066 0.361055 0.0686695 0.18526 4.92652e-05
0 0.986959 0.216362 0.0227798 0.183908 4.94936e-05
0 0.568504 0.951657 0.0422582 0.096687 5.07999e-05
0 0.276494 0.959094 0.0425883 0.081812 5.10898e-05
0 0.7793 0.372211 0.0564543 0.131846 5.19559e-05
0 0.665896 0.948952 0.053483 0.102096 5.2282e-05
0 0.270716 0.36545 0.0607461 0.123732 5.32472e-05
0 0.493397 0.950642 0.0412677 0.0987154 5.3733e-05
0 0.344008 0.955375 0.0389568 0.0892495 5.4259e-05
0 0.135523 0.379986 0.0432486 0.114943 5.44078e-05
0 0.38445 0.335362 0.0485309 0.118999 5.44138e-05
0 0.152526 0.955037 0.048861 0.0899256 5.45506e-05
0 0.402443 0.726166 0.0369759 0.16092 5.52964e-05
0 0.143447 0.0446247 0.0366458 0.0892495 5.54326e-05
0 0.377682 0.955375 0.0515021 0.0892495 5.59664e-05
0 0.662265 0.326572 0.0435787 0.109533 5.65154e-05
0 0.441565 0.996281 0.0207989 0.00743746 5.66273e-05
0 0.987124 0.581474 0.0211291 0.159567 5.68225e-05
0 0.953945 0.952333 0.0478706 0.0953347 5.70792e-05
0 0.624298 0.73428 0.0574447 0.270453 5.74249e-05
0 0.543909 0.938472 0.0491912 0.123056 5.82799e-05
0 0.762463 0.949966 0.0379663 0.100068 5.88378e-05
0 0.628425 0.951318 0.0518323 0.0973631 5.89525e-05
0 0.00990426 0.0625423 0.0198085 0.125085 6.05353e-05
0 0.361671 0.417174 0.0392869 0.133874 6.09152e-05
0 0.98729 0.0723462 0.0254209 0.132522 6.15349e-05
0 0.984979 0.873225 0.0300429 0.25355 6.17369e-05
0 0.612083 0.973631 0.0448993 0.0527383 6.1882e-05
0 0.0105645 0.108857 0.0211291 0.217715 6.20604e-05
0 0.598052 0.47025 0.0293826 0.114266 6.32152e-05
0 0.119676 0.939486 0.0472103 0.121028 6.32878e-05
0 0.617531 0.572008 0.0491912 0.197431 6.48616e-05
0 0.0108947 0.541582 0.0217894 0.227181 6.50166e-05
0 0.551502 0.46856 0.0300429 0.144692 6.58831e-05
0 0.51271 0.974307 0.0468802 0.0513861 6.58934e-05
0 0.98927 0.669033 0.0214592 0.221095 6.60076e-05
0 0.396831 0.496281 0.0336745 0.136579 6.69406e-05
0 0.786068 0.949628 0.0376362 0.100744 6.70979e-05
0 0.73341 0.259297 0.0439089 0.176471 6.73522e-05
0 0.545229 0.674104 0.0320238 0.186613 6.80952e-05
0 0.10548 0.956051 0.0472103 0.0878972 6.97776e-05
0 0.961538 0.973969 0.0498514 0.0520622 6.97888e-05
0 0.0607461 0.931711 0.058105 0.136579 7.02271e-05
0 0.586002 0.974307 0.0462199 0.0513861 7.25603e-05
0 0.282436 0.418526 0.0412677 0.158215 7.48574e-05
0 0.95279 1 0.0250908 0 7.51075e-05
0 0.637669 0.973969 0.0458897 0.0520622 7.54293e-05
0 0.170518 0.993239 0.0201387 0.0135227 7.55227e-05
0 0.72004 0.724138 0.0376362 0.158215 7.769e-05
0 0.987455 0.480392 0.0217894 0.160243 7.91879e-05
0 0.25553 0.397904 0.053483 0.121028 8.01318e-05
0 0.338065 0.505071 0.0382965 0.121704 8.09644e-05
0 0.41895 0.954699 0.0409376 0.0906018 8.26359e-05
0 0.787224 0.614943 0.0656983 0.150778 8.27488e-05
0 0.18554 0.993239 0.0204688 0.0135227 8.3588e-05
0 0.406735 0.389452 0.0495213 0.178499 8.38545e-05
0 0.809178 0.974645 0.0508419 0.0507099 8.393e-05
0 0.415319 0.320149 0.0587653 0.198107 8.48228e-05
0 0.687356 0.974983 0.0455596 0.0500338 8.66689e-05
0 0.986464 0.790737 0.0204688 0.172414 8.78869e-05
0 0.613734 0.328262 0.0448993 0.11021 8.8253e-05
0 0.66276 0.974645 0.0452294 0.0507099 9.01204e-05
0 0.727963 0.956728 0.0435787 0.086545 9.08007e-05
0 0.794982 0.299865 0.0640475 0.184584 9.16161e-05
0 0.835919 0.974645 0.0521624 0.0507099 9.16989e-05
0 0.0615715 0.96687 0.0406075 0.066261 9.1752e-05
0 0.261803 0.974307 0.0429185 0.0513861 9.19426e-05
0 0.312149 0.973969 0.0445692 0.0520622 9.398e-05
0 0.0561241 0.391481 0.0680092 0.198783 9.50001e-05
0 0.227798 0.955037 0.0455596 0.0899256 9.58613e-05
0 0.538627 0.974307 0.04655 0.0513861 9.6575e-05
0 0.286893 0.973969 0.0435787 0.0520622 9.68436e-05
0 0.93133 0.95098 0.0574447 0.0980392 9.78093e-05
0 0.757511 0.636241 0.0445692 0.091954 9.84224e-05
0 0.987124 0.0348208 0.0257511 0.0696416 0.000100568
0 0.163255 0.974307 0.0452294 0.0513861 0.000100936
0 0.595906 0.343137 0.044239 0.121028 0.000101056
0 0.3379 0.974307 0.0458897 0.0513861 0.000101523
0 0.744305 0.731913 0.0392869 0.202164 0.000103775
0 0.517828 0.469574 0.0280621 0.139959 0.000104869
0 0.467481 0.942191 0.0455596 0.115619 0.000105202
0 0.0107296 0.825896 0.0214592 0.234618 0.000105482
0 0.0460548 0.967546 0.0386266 0.0649087 0.000105627
0 0.362166 0.974983 0.0482007 0.0500338 0.000106215
0 0.188181 0.974645 0.0462199 0.0507099 0.000106578
0 0.913338 0.972617 0.0491912 0.0547667 0.000106884
0 0.631231 0.310345 0.0448993 0.159567 0.000110444
0 0.563387 0.332657 0.0571146 0.178499 0.000112173
0 0.440409 0.354293 0.0455596 0.120352 0.000112247
0 0.752559 0.960784 0.041928 0.0784314 0.000112323
0 0.0100693 0.945233 0.0201387 0.109533 0.000118936
0 0.454936 0.95808 0.0462199 0.0838404 0.000119036
0 0.713437 0.974645 0.044239 0.0507099 0.000119622
0 0.387917 0.974983 0.0495213 0.0500338 0.000119787
0 0.98828 0.463151 0.0234401 0.242055 0.000119811
0 0.530373 0.958418 0.0445692 0.0831643 0.000121955
0 0.77963 0.935767 0.0478706 0.128465 0.000125324
0 0.437273 0.974645 0.04655 0.0507099 0.000126924
0 0.462859 0.973293 0.0455596 0.0534145 0.000128059
0 0.213107 0.974645 0.0458897 0.0507099 0.000129264
0 0.939419 0.973969 0.0478706 0.0520622 0.000129491
0 0.129746 0.959432 0.0422582 0.0811359 0.000130713
0 0.216078 0.395876 0.0485309 0.121028 0.000131843
0 0.0103995 0.412779 0.0207989 0.23597 0.000131849
0 0.480191 0.469912 0.0274018 0.135227 0.000132259
0 0.769066 0.476673 0.0478706 0.167681 0.000133619
0 0.554308 0.960108 0.0448993 0.0797836 0.000134626
0 0.981017 0.993577 0.0379663 0.0128465 0.000135399
0 0.0103995 0.644354 0.0207989 0.223124 0.000137166
0 0.065203 1 0.0326841 0 0.000138451
0 0.0894685 0.938472 0.0548036 0.123056 0.000143018
0 0.306867 0.382691 0.0795642 0.181204 0.000146464
0 0.390888 0.378296 0.0429185 0.153482 0.000147157
0 0.868769 0.93712 0.0399472 0.125761 0.000148855
0 0.989435 0.0594997 0.0211291 0.118999 0.000149811
0 0.74348 0.275524 0.0409376 0.112914 0.000151188
0 0.991251 0.993239 0.0174975 0.0135227 0.000152966
0 0.989435 0.541582 0.0211291 0.223124 0.000153277
0 0.479366 0.959094 0.0429185 0.081812 0.000157246
0 0.404754 0.961798 0.0429185 0.076403 0.000163616
0 0.987455 0.122718 0.0198085 0.179175 0.000171851
0 0.791515 0.967546 0.0340046 0.0649087 0.000172382
0 0.738528 0.974307 0.0429185 0.0513861 0.000172427
0 0.887257 0.972955 0.0452294 0.0540906 0.000173461
0 0.615715 0.472279 0.0376362 0.154834 0.000176971
0 0.758501 0.516565 0.0551337 0.183908 0.000179015
0 0.00198085 0.986477 0.0039617 0.0270453 0.000179988
0 0.373391 0.384381 0.0567844 0.1643 0.000181284
0 0.804886 0.943881 0.0402773 0.112238 0.000182122
0 0.808518 0.427654 0.0666887 0.139959 0.000187251
0 0.986464 0.221095 0.0270716 0.317782 0.000189378
0 0.491581 0.330967 0.0567844 0.177823 0.000199654
0 0.0146913 0.981068 0.0293826 0.0378634 0.000200131
0 0.596897 0.402299 0.044239 0.189317 0.00020295
0 0.861505 0.971264 0.0425883 0.0574713 0.000204811
0 0.780621 0.469912 0.0518323 0.109533 0.000208332
0 0.830142 0.946586 0.0379663 0.106829 0.00023009
0 0.763453 0.973631 0.0425883 0.0527383 0.000231183
0 0.242159 0.961122 0.0392869 0.0777552 0.000232069
0 0.223176 0.659229 0.0666887 0.136579 0.000251249
0 0.666557 0.382015 0.0614064 0.175794 0.000256976
0 0.0196434 0.994929 0.0392869 0.010142 0.000257229
0 0.383625 0.431034 0.0541433 0.18188 0.000272804
0 0.988775 0.947262 0.0224497 0.105477 0.00028011
0 0.987785 0.812373 0.0244305 0.300879 0.000303114
0 0.416309 0.467208 0.0501816 0.163624 0.000326742
0 0.347805 0.460784 0.0491912 0.158891 0.000340881
0 0.723341 0.374577 0.0620667 0.162272 0.000341996
0 0.808518 0.518256 0.0759327 0.238675 0.000346385
0 0.754539 0.257268 0.0478706 0.169709 0.000357898
0 0.800759 0.67478 0.0663585 0.114943 0.000367884
0 0.261307 0.626099 0.0472103 0.116295 0.000388742
0 0.990261 0.389114 0.0194784 0.2238 0.000460588
0 0.761968 0.673766 0.0561241 0.0723462 0.000463169
0 0.223506 0.449966 0.0600858 0.156187 0.00049438
0 0.729449 0.516227 0.055794 0.154834 0.000539324
0 0.779135 0.965517 0.0336745 0.0689655 0.00055156
0 0.855068 0.944895 0.0376362 0.11021 0.000656309
0 0.218059 0.606153 0.0749422 0.157539 0.000740711
0 0.39485 0.537187 0.0495213 0.199459 0.00079328
0 0.329977 0.687289 0.0623968 0.187289 0.000804362
0 0.990261 0.155849 0.0194784 0.258959 0.000821843
0 0.0326841 0.993239 0.0435787 0.0135227 0.000939408
0 0.460878 0.714334 0.0435787 0.264368 0.000973497
0 0.556949 0.401961 0.0574447 0.200811 0.000999474
0 0.716738 0.455375 0.0376362 0.172414 0.00102509
0 0.435787 0.689655 0.0316936 0.206897 0.00118206
0 0.276494 0.682894 0.0709805 0.193374 0.00128926
0 0.261142 0.480054 0.0482007 0.166329 0.00131756
0 0.781116 0.69405 0.0666887 0.104801 0.00150258
0 0.294817 0.477012 0.0415979 0.195402 0.00164063
0 0.224166 0.524341 0.0653681 0.227857 0.00212343
0 0.433972 0.627451 0.0399472 0.18526 0.00250938
0 0.741004 0.663286 0.0478706 0.151454 0.00255623
0 0.384615 0.68357 0.0448993 0.200135 0.00271172
0 0.693793 0.682556 0.0564543 0.207573 0.00272541
0 0.583031 0.411765 0.0336745 0.162272 0.00522714
0 0.480191 0.408722 0.0538131 0.203516 0.00528739
0 0.647904 0.691684 0.041928 0.20284 0.0129641
0 0.67382 0.467208 0.0462199 0.171738 0.0368953
0 0.445857 0.434415 0.0485309 0.165652 0.0902889
0 0.481182 0.526031 0.0531529 0.41785 0.131864
0 0.276824 0.512847 0.125784 0.279243 0.132664
0 0.550182 0.549696 0.0432486 0.398918 0.149904
0 0.425718 0.545639 0.0524926 0.393509 0.167935
0 0.543414 0.642664 0.106966 0.192698 0.173905
0 0.335094 0.474307 0.133377 0.172414 0.177137
0 0.478541 0.434077 0.105976 0.183908 0.179889
0 0.628095 0.675118 0.114559 0.196755 0.229911
0 0.53417 0.441515 0.0983823 0.164976 0.238528
0 0.430505 0.658891 0.0891383 0.196755 0.244908
0 0.504787 0.634212 0.0680092 0.179851 0.249936
0 0.43067 0.446924 0.106636 0.177147 0.264573
0 0.735721 0.458756 0.127765 0.177823 0.266503
0 0.347474 0.684246 0.149554 0.194726 0.269239
0 0.70832 0.680865 0.123143 0.197431 0.283025
0 0.658963 0.460784 0.123473 0.175118 0.283225
0 0.779135 0.461122 0.048861 0.292089 0.30415
0 0.46418 0.646383 0.0640475 0.198783 0.33454
0 0.749092 0.660243 0.117531 0.137255 0.370273
0 0.266425 0.65044 0.13932 0.170385 0.378158
0 0.258996 0.443881 0.0881479 0.1643 0.470608
0 0.422582 0.663286 0.0330142 0.190669 0.747133
0 0.607791 0.432387 0.0422582 0.171062 0.762582
0 0.514031 0.632184 0.0283922 0.167681 0.79474
0 0.776329 0.655172 0.0709805 0.110886 0.796955
0 0.628755 0.447262 0.0518323 0.177823 0.799339
0 0.398977 0.669033 0.0406075 0.183232 0.812258
0 0.490921 0.630832 0.0290525 0.18526 0.813343
0 0.575107 0.441853 0.0323539 0.157539 0.817118
0 0.446187 0.655849 0.0320238 0.210953 0.826179
0 0.469132 0.637255 0.0297128 0.187289 0.828408
0 0.623473 0.678161 0.037306 0.201487 0.832646
0 0.537141 0.638607 0.0323539 0.189993 0.833862
0 0.398316 0.459094 0.0505117 0.171738 0.834824
0 0.467481 0.434753 0.034995 0.194726 0.84016
0 0.239353 0.628127 0.0798944 0.147397 0.842199
0 0.502146 0.436444 0.0415979 0.180527 0.843095
0 0.591779 0.665652 0.0366458 0.185936 0.845411
0 0.542423 0.443205 0.0409376 0.188641 0.846468
0 0.430505 0.43881 0.048861 0.20284 0.848573
0 0.656817 0.463151 0.0432486 0.171738 0.861051
0 0.364807 0.472955 0.048861 0.167005 0.86131
0 0.238197 0.415483 0.0577748 0.153482 0.864125
0 0.277814 0.477012 0.04655 0.184584 0.864686
0 0.561737 0.659905 0.0379663 0.219067 0.864717
0 0.717564 0.68357 0.0564543 0.18526 0.869024
0 0.666227 0.693036 0.0495213 0.212306 0.871364
0 0.778805 0.426302 0.0620667 0.144016 0.873076
0 0.323539 0.48073 0.0567844 0.17309 0.874351
0 0.300429 0.687289 0.0574447 0.183232 0.87548
0 0.6966 0.464841 0.0587653 0.183232 0.880706
0 0.741499 0.467546 0.0475404 0.191345 0.885899
0 0.355068 0.693036 0.0656983 0.20284 0.890797
