0 0.654825 0.0854069 0.0664243 0.145259 7.10464e-06
0 0.262888 0.15232 0.0439524 0.167451 7.10634e-06
0 0.277594 0.951244 0.0138797 0.0975118 7.1172e-06
0 0.343027 0.709146 0.0409782 0.135171 7.12871e-06
0 0.0269332 0.151984 0.0538665 0.180229 7.14777e-06
0 0.111203 0.0934768 0.0512227 0.143914 7.15394e-06
0 0.72158 0.6846 0.0836087 0.277068 7.19164e-06
0 0.788665 0.431069 0.0419696 0.126429 7.23044e-06
0 0.811963 0.128783 0.0469266 0.133826 7.23583e-06
0 0.536186 0.783793 0.0327165 0.104237 7.24145e-06
0 0.912426 0.531607 0.0416391 0.133826 7.25324e-06
0 0.0839392 0.338601 0.0515532 0.160726 7.26194e-06
0 0.314772 0.674512 0.0399868 0.184264 7.27509e-06
0 0.594184 0.144923 0.0522141 0.152656 7.28238e-06
0 0.962657 0.997646 0.0370126 0.00470746 7.3085e-06
0 0.775446 0.662408 0.0928619 0.196369 7.33311e-06
0 0.735294 0.530599 0.0508923 0.134499 7.35327e-06
0 0.322042 0.0911231 0.048579 0.151311 7.35953e-06
0 0.786517 0.982515 0.0125578 0.0349697 7.36947e-06
0 0.594019 0.0897781 0.0465962 0.148621 7.37209e-06
0 0.387145 0.0739744 0.0446134 0.126429 7.3734e-06
0 0.537178 0.125084 0.0386649 0.139879 7.40919e-06
0 0.197621 0.919637 0.0290813 0.160726 7.41028e-06
0 0.0375083 0.485878 0.0419696 0.137861 7.43924e-06
0 0.852445 0.216207 0.0796431 0.183591 7.44476e-06
0 0.284038 0.929388 0.0188367 0.141224 7.45096e-06
0 0.837079 0.484196 0.0436219 0.125084 7.47978e-06
0 0.879874 0.0524546 0.048579 0.104909 7.49058e-06
0 0.817581 0.930733 0.0409782 0.135844 7.50411e-06
0 0.611038 0.0746469 0.0436219 0.125084 7.51518e-06
0 0.762393 0.68729 0.042961 0.122394 7.54458e-06
0 0.335922 0.22764 0.0439524 0.129792 7.5563e-06
0 0.711666 0.740753 0.0446134 0.119032 7.57251e-06
0 0.468936 0.607263 0.0224719 0.147949 7.57608e-06
0 0.788995 0.535306 0.0419696 0.118359 7.57677e-06
0 0.75033 0.965703 0.0717118 0.0685945 7.64601e-06
0 0.111368 0.53497 0.0442829 0.137861 7.67069e-06
0 0.0812954 0.398117 0.0522141 0.160054 7.68196e-06
0 0.727693 0.957969 0.0171844 0.0840619 7.68797e-06
0 0.0855915 0.535642 0.0462657 0.139206 7.69854e-06
0 0.847158 0.978144 0.0128883 0.0437122 7.70921e-06
0 0.386484 0.179556 0.0406477 0.135844 7.71066e-06
0 0.0307336 1 0.0383344 0 7.74733e-06
0 0.536682 0.889711 0.0330469 0.121049 7.75083e-06
0 0.02462 0.966712 0.0386649 0.066577 7.76092e-06
0 0.896894 0.550437 0.0575017 0.166106 7.76493e-06
0 0.0892267 0.867518 0.0832783 0.174849 7.77557e-06
0 0.994217 0.117687 0.0115664 0.207128 7.78244e-06
0 0.233477 0.150639 0.0505618 0.161399 7.78432e-06
0 0.835592 0.533625 0.0432915 0.123067 7.7915e-06
0 0.555354 0.604573 0.0432915 0.154674 7.81928e-06
0 0.787673 0.48386 0.0432915 0.117687 7.8987e-06
0 0.88698 0.830195 0.0528751 0.125757 7.94785e-06
0 0.484798 0.776732 0.0456048 0.102219 7.97831e-06
0 0.724719 0.958305 0.0178453 0.0833894 8.00466e-06
0 0.763714 0.173504 0.0502313 0.134499 8.0382e-06
0 0.659121 0.972091 0.0525446 0.0558171 8.06782e-06
0 0.0869134 0.033961 0.0409782 0.067922 8.07642e-06
0 0.787013 0.680565 0.0525446 0.115669 8.0822e-06
0 0.933576 0.828514 0.0489095 0.126429 8.09798e-06
0 0.435063 0.778749 0.0492399 0.115669 8.10371e-06
0 0.104759 0.0931405 0.0746861 0.186281 8.10598e-06
0 0.150694 0.0642233 0.0621282 0.128447 8.11981e-06
0 0.887806 0.378951 0.0432915 0.139206 8.13807e-06
0 0.811302 0.964022 0.075347 0.071957 8.14248e-06
0 0.634831 0.931742 0.054197 0.116342 8.15363e-06
0 0.351785 0.273369 0.059154 0.156691 8.1789e-06
0 0.309815 0.932414 0.0234633 0.135171 8.19259e-06
0 0.861533 0.484533 0.042961 0.129792 8.19867e-06
0 0.777925 0.435777 0.0852611 0.211163 8.20385e-06
0 0.755618 0.984533 0.0128883 0.0309348 8.20772e-06
0 0.512227 0.890383 0.0337079 0.117014 8.23622e-06
0 0.586913 0.0359785 0.0383344 0.071957 8.23685e-06
0 0.572868 0.78312 0.0598149 0.252186 8.2638e-06
0 0.96844 0.986886 0.0340383 0.0262273 8.29903e-06
0 0.861864 0.826833 0.128883 0.186281 8.31843e-06
0 0.884005 0.12811 0.0482485 0.119032 8.32381e-06
0 0.304693 0.979825 0.0118969 0.0403497 8.32497e-06
0 0.679775 0.964694 0.0231328 0.070612 8.33606e-06
0 0.776107 0.551446 0.0994712 0.208473 8.3597e-06
0 0.0399868 0.636516 0.0456048 0.145931 8.36854e-06
0 0.83774 0.278413 0.0475876 0.135844 8.38966e-06
0 0.0621282 0.484869 0.0423001 0.130464 8.39844e-06
0 0.233972 0.0843981 0.0634501 0.147276 8.43547e-06
0 0.366821 0.316745 0.0575017 0.211163 8.44022e-06
0 0.252479 0.950235 0.0138797 0.0995293 8.44841e-06
0 0.912095 0.893746 0.0396563 0.119704 8.54656e-06
0 0.81659 0.981506 0.0132188 0.0369872 8.56556e-06
0 0.47918 0.843309 0.0627892 0.215198 8.57143e-06
0 0.601785 0.0598521 0.0568407 0.119704 8.57442e-06
0 0.934567 0.88534 0.0515532 0.123067 8.58177e-06
0 0.450925 0.0571621 0.0538665 0.114324 8.58385e-06
0 0.636814 0.176194 0.0396563 0.133154 8.59628e-06
0 0.761897 0.0756557 0.0426305 0.120377 8.72548e-06
0 0.161599 0.38265 0.0442829 0.130464 8.74522e-06
0 0.212161 0.332549 0.0442829 0.135171 8.75581e-06
0 0.285856 0.540013 0.0436219 0.117014 8.75872e-06
0 0.836087 0.036651 0.0409782 0.0733019 8.77953e-06
0 0.321712 0.761937 0.0875744 0.208473 8.80236e-06
0 0.786682 0.128783 0.0472571 0.135171 8.84699e-06
0 0.0393258 0.736718 0.0456048 0.148621 8.87964e-06
0 0.543126 0.312038 0.0512227 0.204438 8.9013e-06
0 0.811302 0.83154 0.0515532 0.120377 8.90397e-06
0 0.836087 0.832213 0.0528751 0.121722 8.93138e-06
0 0.287839 0.230666 0.0416391 0.121049 8.97924e-06
0 0.884501 0.482179 0.0399868 0.134499 8.99615e-06
0 0.656642 0.966039 0.0270985 0.067922 9.00751e-06
0 0.762227 0.226967 0.0406477 0.140551 9.02317e-06
0 0.459518 0.78581 0.0353602 0.101547 9.03347e-06
0 0.741573 0.871553 0.0898876 0.203093 9.06496e-06
0 0.910278 0.682582 0.0499009 0.127774 9.065e-06
0 0.813781 0.0766644 0.047918 0.112979 9.09365e-06
0 0.978519 0.326833 0.0383344 0.145259 9.10455e-06
0 0.812624 0.279422 0.0442829 0.135171 9.10702e-06
0 0.715796 0.152656 0.0436219 0.169469 9.10887e-06
0 0.586252 0.178547 0.0363516 0.128447 9.10935e-06
0 0.836087 0.0786819 0.0469266 0.112979 9.11164e-06
0 0.192994 0.439475 0.0898876 0.183591 9.13076e-06
0 0.78883 0.585407 0.0416391 0.114997 9.132e-06
0 0.562128 0.890047 0.0337079 0.123067 9.15339e-06
0 0.976206 0.44889 0.0423001 0.154001 9.16648e-06
0 0.451421 0.843981 0.0740251 0.290518 9.19868e-06
0 0.202082 0.886348 0.0512227 0.141224 9.21092e-06
0 0.787673 0.634163 0.0413087 0.110289 9.23002e-06
0 0.0941837 0.645931 0.0667548 0.245461 9.24166e-06
0 0.871613 0.963013 0.0763384 0.0739744 9.25564e-06
0 1 0.262273 0 0.203093 9.26219e-06
0 0.144746 0.621049 0.0621282 0.249496 9.27136e-06
0 0.935724 0.333557 0.0499009 0.169469 9.30339e-06
0 0.529412 0.599529 0.0277594 0.100202 9.36261e-06
0 0.78503 0.729321 0.0558493 0.113652 9.3762e-06
0 0.887145 0.0336247 0.0419696 0.0672495 9.38144e-06
0 0.512062 0.884331 0.069729 0.231338 9.38224e-06
0 0.934567 0.731674 0.0522141 0.127774 9.40573e-06
0 0.876735 0.980161 0.0138797 0.0396772 9.40891e-06
0 0.182089 0.0894418 0.0766689 0.178884 9.41473e-06
0 0.861699 0.0349697 0.0413087 0.0699395 9.45839e-06
0 0.829808 0.0517821 0.0469266 0.103564 9.48246e-06
0 0.861368 0.830868 0.0525446 0.124412 9.50956e-06
0 0.0622935 0.536315 0.0439524 0.136516 9.53561e-06
0 0.237442 0.963349 0.0142102 0.0733019 9.5424e-06
0 0.745208 0.761264 0.0746861 0.141224 9.56247e-06
0 0.142763 0.521856 0.0416391 0.151984 9.56368e-06
0 0.607072 0.709818 0.0270985 0.151311 9.57951e-06
0 0.485459 0.941829 0.0350297 0.106927 9.5816e-06
0 0.00842697 0.17384 0.0168539 0.158036 9.59268e-06
0 0.0515532 0.0427034 0.0528751 0.0854069 9.59997e-06
0 0.274455 0.783793 0.0882353 0.210491 9.65178e-06
0 0.86236 0.689307 0.0413087 0.123739 9.65875e-06
0 0.0551884 0.957969 0.0270985 0.0840619 9.73637e-06
0 0.611533 0.939812 0.0393258 0.117687 9.75846e-06
0 0.762723 0.124748 0.0416391 0.136516 9.76089e-06
0 0.887806 0.779422 0.0512227 0.125084 9.77577e-06
0 0.835592 0.441493 0.0657634 0.156691 9.78637e-06
0 0.911434 0.787155 0.0383344 0.132482 9.82218e-06
0 0.835096 0.54573 0.0713814 0.171486 9.83928e-06
0 0.369299 0.477135 0.037343 0.120377 9.8415e-06
0 0.0206543 0.272024 0.0413087 0.244116 9.89579e-06
0 0.915235 0.886012 0.0598149 0.178211 9.90718e-06
0 0.487277 0.0349697 0.038004 0.0699395 9.91251e-06
0 0.786021 0.832549 0.0525446 0.122394 9.92074e-06
0 0.111864 0.0433759 0.0518837 0.0867518 9.92977e-06
0 0.485294 0.878278 0.0499009 0.111634 9.93049e-06
0 0.991077 0.189307 0.0178453 0.276395 9.93955e-06
0 0.611699 0.177539 0.0389954 0.129119 9.96205e-06
0 0.273463 0.985541 0.0122274 0.0289173 9.96357e-06
0 0.786186 0.338601 0.0766689 0.191661 9.98155e-06
0 0.84187 0.332885 0.0604759 0.146604 9.98648e-06
0 0.16573 0.943847 0.0274289 0.112307 9.9896e-06
0 0.668374 0.748151 0.048579 0.143241 1.00005e-05
0 0.409782 0.941493 0.0442829 0.108944 1.00121e-05
0 0.762062 0.0336247 0.0383344 0.0672495 1.00178e-05
0 0.910278 0.739072 0.038004 0.131809 1.00393e-05
0 0.220423 0.403497 0.0799736 0.211163 1.00455e-05
0 0.344019 0.0746469 0.0436219 0.149294 1.0053e-05
0 0.811963 0.88534 0.0515532 0.123067 1.0081e-05
0 0.806015 0.511096 0.0667548 0.149294 1.00824e-05
0 0.717614 0.928379 0.0280899 0.143241 1.01006e-05
0 0.321051 0.215198 0.0439524 0.153329 1.01421e-05
0 0.810476 0.728985 0.0525446 0.114324 1.01541e-05
0 0.985625 0.411567 0.0287508 0.254203 1.02278e-05
0 0.263219 0.538332 0.048579 0.117687 1.02335e-05
0 0.60889 0.569603 0.0320555 0.107599 1.02685e-05
0 0.66193 0.0628783 0.0608063 0.125757 1.02757e-05
0 0.010575 0.121049 0.02115 0.154674 1.0292e-05
0 0.201917 0.277404 0.0680767 0.145931 1.0294e-05
0 0.163252 0.433087 0.0449438 0.130464 1.03037e-05
0 0.186054 0.786483 0.0442829 0.127102 1.03369e-05
0 0.0231328 0.688299 0.0462657 0.319435 1.03416e-05
0 0.153173 0.982515 0.0142102 0.0349697 1.03715e-05
0 0.787839 0.382313 0.0442829 0.128447 1.03716e-05
0 0.136484 0.381977 0.0383344 0.127774 1.03723e-05
0 0.451421 0.931069 0.0502313 0.137861 1.03981e-05
0 0.236616 0.280094 0.0409782 0.124412 1.04001e-05
0 0.858724 0.945864 0.0287508 0.108272 1.04545e-05
0 0.743556 0.278077 0.0469266 0.139206 1.04619e-05
0 0.210344 0.0618695 0.0578321 0.123739 1.04818e-05
0 0.690185 0.960995 0.0763384 0.0780094 1.04868e-05
0 0.261236 0.702421 0.0571712 0.155346 1.04897e-05
0 0.307006 0.139543 0.0456048 0.218561 1.05678e-05
0 0.884005 0.687962 0.0376735 0.129119 1.0571e-05
0 0.537673 0.177539 0.0389954 0.126429 1.05787e-05
0 0.905155 0.0511096 0.0495704 0.102219 1.05816e-05
0 0.0664243 1 0.0158625 0 1.05826e-05
0 0.836583 0.636853 0.0413087 0.121049 1.05841e-05
0 0.810806 0.432414 0.0419696 0.129119 1.0597e-05
0 0.681593 0.712508 0.037343 0.158036 1.06131e-05
0 0.979511 0.557835 0.0409782 0.163416 1.0628e-05
0 0.113847 0.394418 0.047918 0.156691 1.06468e-05
0 0.334765 0.97848 0.0118969 0.0430397 1.06554e-05
0 0.837574 0.728648 0.0538665 0.110962 1.06567e-05
0 0.411104 0.887357 0.0409782 0.117687 1.07346e-05
0 0.173166 0.0433759 0.0548579 0.0867518 1.07607e-05
0 0.434898 0.933087 0.0561798 0.105582 1.07872e-05
0 0.773298 0.398117 0.0495704 0.141224 1.08723e-05
0 0.00908791 0.272697 0.0181758 0.148621 1.09461e-05
0 0.782716 0.209482 0.0644415 0.156691 1.09498e-05
0 0.212326 0.984533 0.0128883 0.0309348 1.09516e-05
0 0.811633 0.48386 0.0416391 0.124412 1.09828e-05
0 0.810806 0.383322 0.0432915 0.133154 1.09868e-05
0 0.384005 0.974445 0.0601454 0.0511096 1.099e-05
0 0.365169 0.975454 0.0118969 0.0490921 1.09923e-05
0 0.695473 0.98117 0.0128883 0.0376597 1.10032e-05
0 0.0687376 0.971419 0.0456048 0.0571621 1.10916e-05
0 0.661269 0.881977 0.0561798 0.124412 1.1129e-05
0 0.204395 0.965366 0.0228024 0.069267 1.11405e-05
0 0.869299 0.260928 0.080965 0.157364 1.12282e-05
0 0.420687 0.714862 0.0257766 0.184264 1.1231e-05
0 0.837574 0.780767 0.0512227 0.115669 1.12444e-05
0 0.720258 0.539005 0.037343 0.127102 1.12653e-05
0 0.386649 0.941157 0.0449438 0.112307 1.12722e-05
0 0.748017 0.928379 0.0280899 0.143241 1.12991e-05
0 0.689028 0.213853 0.0462657 0.147949 1.1308e-05
0 0.509914 0.932414 0.0515532 0.101547 1.13283e-05
0 0.980668 0.671486 0.0386649 0.167451 1.13578e-05
0 0.838566 0.227976 0.048579 0.133154 1.13921e-05
0 0.933576 0.779758 0.0495704 0.127102 1.13942e-05
0 0.562293 0.178547 0.037343 0.125757 1.13945e-05
0 0.724884 0.985205 0.0128883 0.0295898 1.13954e-05
0 0.983477 0.651984 0.0330469 0.332885 1.14492e-05
0 0.811798 0.67922 0.0525446 0.111634 1.14572e-05
0 0.355089 0.0497646 0.0452743 0.0995293 1.14728e-05
0 0.893754 0.44082 0.0578321 0.155346 1.14888e-05
0 0.465301 0.267653 0.0555188 0.172159 1.15174e-05
0 0.513054 0.228985 0.0340383 0.120377 1.15273e-05
0 0.60542 0.95965 0.0423001 0.0806994 1.15352e-05
0 0.761566 0.279422 0.0399868 0.133826 1.16115e-05
0 0.941507 0.270679 0.0680767 0.160726 1.16116e-05
0 0.526933 0.0601883 0.0512227 0.120377 1.16253e-05
0 0.136484 0.483188 0.0403173 0.132482 1.16399e-05
0 0.663252 0.788164 0.0700595 0.273033 1.16418e-05
0 0.237607 0.581708 0.0436219 0.117014 1.16425e-05
0 0.854263 0.0605245 0.064772 0.121049 1.16705e-05
0 0.163417 0.481843 0.0459352 0.131137 1.16899e-05
0 0.02462 0.280767 0.0492399 0.155346 1.17963e-05
0 0.887475 0.884667 0.0538665 0.117687 1.18036e-05
0 0.811963 0.225622 0.0462657 0.135171 1.18406e-05
0 0.262227 0.274714 0.0446134 0.151311 1.18451e-05
0 0.433245 0.610289 0.0350297 0.137861 1.18634e-05
0 0.835922 0.586416 0.0413087 0.122394 1.18647e-05
0 0.585096 0.932751 0.0532056 0.107599 1.1881e-05
0 0.998017 0.185945 0.00396563 0.26698 1.189e-05
0 0.647389 0.907196 0.0588235 0.182919 1.19244e-05
0 0.786682 0.033961 0.0399868 0.067922 1.19492e-05
0 0.0636153 0.842636 0.0446134 0.123739 1.19829e-05
0 0.211831 0.735709 0.0469266 0.119704 1.1986e-05
0 0.654825 0.0403497 0.0532056 0.0806994 1.20127e-05
0 0.335757 0.278749 0.0442829 0.113652 1.2048e-05
0 0.774785 0.460323 0.0518837 0.140551 1.20572e-05
0 0.912095 0.0336247 0.0449438 0.0672495 1.20687e-05
0 0.811798 0.634499 0.0399868 0.112307 1.20688e-05
0 0.187872 0.383322 0.0459352 0.127774 1.20945e-05
0 0.722571 0.062542 0.0505618 0.125084 1.20959e-05
0 0.297422 0.443174 0.0350297 0.127774 1.21498e-05
0 0.242564 0.988231 0.0125578 0.0235373 1.21527e-05
0 0.963318 0.0571621 0.053536 0.114324 1.2169e-05
0 0.962492 0.0349697 0.0446134 0.0699395 1.21812e-05
0 0.180932 0.817081 0.111368 0.209818 1.21983e-05
0 0.461666 0.229657 0.0370126 0.121722 1.22768e-05
0 0.168374 0.667115 0.0684071 0.228648 1.22874e-05
0 0.936715 0.0336247 0.0459352 0.0672495 1.23106e-05
0 0.80998 0.175521 0.0502313 0.129119 1.23284e-05
0 0.310641 0.279085 0.0403173 0.114324 1.23464e-05
0 0.737112 0.959987 0.0168539 0.0800269 1.23641e-05
0 0.203073 0.702421 0.0551884 0.131137 1.23873e-05
0 0.83807 0.680901 0.0555188 0.113652 1.2401e-05
0 0.688533 0.333894 0.0406477 0.114997 1.24018e-05
0 0.519332 0.567249 0.0307336 0.104237 1.24029e-05
0 0.761566 0.832549 0.0532056 0.121049 1.24158e-05
0 0.520159 0.701076 0.0270985 0.120377 1.24211e-05
0 0.0902181 0.0598521 0.0568407 0.119704 1.24237e-05
0 0.785691 0.778077 0.0532056 0.115669 1.24497e-05
0 0.262062 0.879287 0.0958361 0.229321 1.24505e-05
0 0.773629 0.521856 0.0528751 0.138534 1.25251e-05
0 0.121943 0.955615 0.0819564 0.0887693 1.25388e-05
0 0.555849 0.94082 0.0264375 0.118359 1.25466e-05
0 0.431758 0.712508 0.026768 0.179556 1.26526e-05
0 0.48579 0.976126 0.0125578 0.0477471 1.2657e-05
0 0.182419 0.98386 0.0138797 0.0322798 1.26609e-05
0 0.680271 0.868191 0.0895572 0.205783 1.26712e-05
0 0.00875744 0.0736382 0.0175149 0.133826 1.26781e-05
0 0.210839 0.581372 0.042961 0.127102 1.27084e-05
0 0.86269 0.780094 0.0518837 0.123739 1.27129e-05
0 0.455717 0.976126 0.0125578 0.0477471 1.27199e-05
0 0.162426 0.535306 0.0452743 0.137189 1.27206e-05
0 0.387145 0.033961 0.0426305 0.067922 1.27595e-05
0 0.0629544 0.581708 0.0551884 0.131809 1.27671e-05
0 0.262723 0.332213 0.0436219 0.125084 1.2812e-05
0 0.54577 0.976463 0.0128883 0.0470746 1.28136e-05
0 0.182419 0.62811 0.0601454 0.130464 1.28367e-05
0 0.203569 0.769334 0.0515532 0.131809 1.28773e-05
0 0.580634 0.519502 0.0343688 0.105582 1.2896e-05
0 0.535691 0.933759 0.0508923 0.104237 1.29395e-05
0 0.836418 0.884331 0.053536 0.112979 1.30016e-05
0 0.679775 0.47041 0.0363516 0.143241 1.30363e-05
0 0.588235 0.731002 0.0608063 0.195024 1.30446e-05
0 0.361864 0.905851 0.0568407 0.188299 1.31053e-05
0 0.860872 0.883322 0.053536 0.113652 1.3134e-05
0 0.761401 0.738736 0.0442829 0.114997 1.31686e-05
0 0.867317 0.683591 0.0888962 0.166106 1.3186e-05
0 0.423001 0.974445 0.0786517 0.0511096 1.31916e-05
0 0.236286 0.53228 0.0449438 0.120377 1.32072e-05
0 0.713814 0.276395 0.0442829 0.135844 1.32079e-05
0 0.515697 0.977135 0.0128883 0.0457297 1.32809e-05
0 0.541309 0.885003 0.0667548 0.229993 1.33068e-05
0 0.460509 0.475118 0.0247852 0.132482 1.33448e-05
0 0.811798 0.0359785 0.0413087 0.071957 1.33511e-05
0 0.295935 0.928379 0.0274289 0.143241 1.33633e-05
0 0.39111 0.0591796 0.0538665 0.118359 1.33686e-05
0 0.811798 0.535642 0.0406477 0.121722 1.33824e-05
0 0.375744 0.782784 0.0575017 0.181574 1.3396e-05
0 0.605915 0.976126 0.0122274 0.0477471 1.34239e-05
0 0.755288 0.0484196 0.0439524 0.0968393 1.34718e-05
0 0.263219 0.952253 0.0717118 0.0954943 1.35035e-05
0 0.111038 0.272697 0.0945142 0.178211 1.35229e-05
0 0.865334 0.522192 0.0862525 0.199731 1.35477e-05
0 0.233311 0.827169 0.054197 0.137189 1.35742e-05
0 0.131031 0.0551446 0.0532056 0.110289 1.36051e-05
0 0.328982 0.960659 0.080304 0.0786819 1.36223e-05
0 0.43341 0.475454 0.0307336 0.130464 1.36255e-05
0 0.111368 0.590451 0.0442829 0.141224 1.37923e-05
0 0.630205 0.955615 0.0812954 0.0887693 1.37941e-05
0 0.73612 0.739408 0.0432915 0.113652 1.37992e-05
0 0.736781 0.837929 0.0432915 0.119704 1.38027e-05
0 0.691011 0.27236 0.0502313 0.170814 1.38253e-05
0 0.199934 0.931069 0.0667548 0.137861 1.39696e-05
0 0.443159 0.220915 0.0416391 0.136516 1.40119e-05
0 0.203404 0.828514 0.0518837 0.134499 1.40147e-05
0 0.263219 0.823806 0.0558493 0.135844 1.4033e-05
0 0.616656 0.592468 0.032386 0.117014 1.40495e-05
0 0.787508 0.990585 0.0614673 0.0188299 1.40764e-05
0 0.569564 0.732683 0.0406477 0.151311 1.40809e-05
0 0.760245 0.585407 0.0459352 0.116342 1.4091e-05
0 0.199603 0.647613 0.054197 0.129119 1.41212e-05
0 0.984468 0.174512 0.0310641 0.132482 1.41407e-05
0 0.506444 0.275723 0.0452743 0.133154 1.41474e-05
0 0.575512 0.977135 0.0122274 0.0457297 1.41834e-05
0 0.635823 0.977471 0.0125578 0.0450572 1.41974e-05
0 0.136814 0.948554 0.0297422 0.102892 1.42186e-05
0 0.23612 0.482515 0.0452743 0.121722 1.42483e-05
0 0.0807997 0.980498 0.0406477 0.0390047 1.42651e-05
0 0.561633 0.941829 0.0353602 0.109617 1.42831e-05
0 0.709848 0.335575 0.0416391 0.117014 1.42859e-05
0 0.588235 0.889711 0.0674157 0.220578 1.42874e-05
0 0.582122 0.969065 0.0505618 0.0618695 1.42938e-05
0 0.760575 0.784802 0.0432915 0.119704 1.4294e-05
0 0.235459 0.929052 0.0274289 0.141896 1.4349e-05
0 0.606742 0.971083 0.0528751 0.0578346 1.43535e-05
0 0.744052 0.930061 0.0750165 0.139879 1.43555e-05
0 0.395241 0.977471 0.0125578 0.0450572 1.43564e-05
0 0.811963 0.78043 0.0502313 0.113652 1.44187e-05
0 0.665896 0.989576 0.0634501 0.0208473 1.44234e-05
0 0.188037 0.434096 0.0482485 0.128447 1.4516e-05
0 0.316755 0.840955 0.0750165 0.260256 1.45597e-05
0 0.0470919 0.399462 0.0551884 0.145259 1.4584e-05
0 0.793952 0.974109 0.0465962 0.0517821 1.46111e-05
0 0.43655 0.889375 0.0674157 0.221251 1.46496e-05
0 0.232155 0.64694 0.0538665 0.129119 1.47515e-05
0 0.734798 0.785474 0.0452743 0.118359 1.4764e-05
0 0.0860872 0.588769 0.047918 0.144586 1.48204e-05
0 0.727032 0.988568 0.0634501 0.0228648 1.48389e-05
0 0.287178 0.278749 0.0423001 0.113652 1.48443e-05
0 0.418374 0.471755 0.032386 0.123067 1.48713e-05
0 0.733642 0.683255 0.0508923 0.178884 1.48724e-05
0 0.185228 0.686954 0.048579 0.127102 1.49353e-05
0 0.240086 0.0564896 0.0518837 0.112979 1.50392e-05
0 0.86236 0.735709 0.0413087 0.119704 1.50498e-05
0 0.620456 0.311029 0.0360212 0.179556 1.50632e-05
0 0.634666 0.230666 0.037343 0.127774 1.50805e-05
0 0.545109 0.987223 0.0637806 0.0255548 1.51281e-05
0 0.999339 0.393073 0.00132188 0.217216 1.51442e-05
0 0.405816 0.942838 0.0277594 0.114324 1.52017e-05
0 0.978354 0.948218 0.0432915 0.103564 1.52515e-05
0 0.0850958 0.953934 0.0241243 0.0921318 1.52612e-05
0 0.571547 0.977135 0.080304 0.0457297 1.5274e-05
0 0.485294 0.987559 0.0631196 0.0248823 1.54535e-05
0 0.446299 0.364492 0.0366821 0.204438 1.54582e-05
0 0.425149 0.97848 0.0128883 0.0430397 1.55105e-05
0 0.780568 0.904842 0.0462657 0.178211 1.55654e-05
0 0.0080965 0.0921318 0.016193 0.147949 1.55683e-05
0 0.665235 0.981506 0.0132188 0.0369872 1.5638e-05
0 0.704065 0.9462 0.0664243 0.107599 1.56679e-05
0 0.91226 0.333221 0.047918 0.167451 1.56968e-05
0 0.406477 0.673504 0.0356907 0.219906 1.57329e-05
0 0.391606 0.264627 0.0601454 0.162071 1.57916e-05
0 0.899042 0.953262 0.0228024 0.0934768 1.59319e-05
0 0.88731 0.738399 0.0389954 0.126429 1.59566e-05
0 0.234468 0.70612 0.0565102 0.129119 1.59874e-05
0 0.645241 0.972091 0.0518837 0.0558171 1.60048e-05
0 0.715631 0.765635 0.0743556 0.140551 1.60595e-05
0 0.385327 0.7885 0.0436219 0.113652 1.60883e-05
0 0.762227 0.634163 0.0452743 0.121049 1.6115e-05
0 0.857072 0.137525 0.0657634 0.223941 1.61625e-05
0 0.406973 0.475118 0.0300727 0.120377 1.61744e-05
0 0.383675 0.86382 0.0852611 0.202421 1.61806e-05
0 0.160608 0.786147 0.0442829 0.126429 1.6288e-05
0 0.353933 0.968729 0.032386 0.062542 1.62903e-05
0 0.585757 0.615333 0.0294118 0.147949 1.63357e-05
0 0.271481 0.0712845 0.0631196 0.142569 1.63406e-05
0 0.193325 0.0534633 0.0528751 0.106927 1.63556e-05
0 0.311798 0.7885 0.0505618 0.132482 1.64213e-05
0 0.0869134 0.841627 0.0442829 0.128447 1.65187e-05
0 0.18688 0.53228 0.0472571 0.133826 1.66127e-05
0 0.341375 0.950908 0.0376735 0.0981843 1.6702e-05
0 0.729841 0.905851 0.0446134 0.173504 1.67106e-05
0 0.893093 0.981843 0.0406477 0.0363147 1.68008e-05
0 0.0213153 1 0.0333774 0 1.68076e-05
0 0.225545 0.934768 0.0280899 0.130464 1.6837e-05
0 0.60542 0.987895 0.0660939 0.0242098 1.69678e-05
0 0.661599 0.7885 0.0423001 0.119032 1.69735e-05
0 0.636153 0.781439 0.0522141 0.119704 1.69748e-05
0 0.207204 0.946537 0.0191672 0.106927 1.70141e-05
0 0.692829 0.918964 0.107403 0.162071 1.70668e-05
0 0.498513 0.0591796 0.0558493 0.118359 1.71002e-05
0 0.119134 0.683927 0.0994712 0.203093 1.71195e-05
0 0.933576 0.0591796 0.0555188 0.118359 1.71227e-05
0 0.186219 0.735373 0.047918 0.121722 1.7278e-05
0 0.768341 0.94082 0.0297422 0.118359 1.7315e-05
0 0.386319 0.228985 0.0383344 0.124412 1.7326e-05
0 0.847984 0.989913 0.0634501 0.0201748 1.73433e-05
0 0.424983 0.987559 0.0634501 0.0248823 1.73666e-05
0 0.986781 0.227303 0.0257766 0.146604 1.74217e-05
0 0.235459 0.332549 0.0617978 0.140551 1.74276e-05
0 0.265532 0.928379 0.026768 0.143241 1.74604e-05
0 0.539161 0.787155 0.0584931 0.175521 1.75251e-05
0 0.532551 0.971419 0.0551884 0.0571621 1.75412e-05
0 0.29197 0.927707 0.0743556 0.144586 1.75923e-05
0 0.840218 0.129455 0.0459352 0.117687 1.75949e-05
0 0.0631196 0.637525 0.0456048 0.139879 1.76218e-05
0 0.424157 0.218897 0.0525446 0.156691 1.76505e-05
0 0.661599 0.326833 0.0462657 0.111634 1.76618e-05
0 0.617151 0.920309 0.0981494 0.159381 1.77329e-05
0 0.130535 0.748487 0.0608063 0.236718 1.775e-05
0 0.988434 1 0.0231328 0 1.78008e-05
0 0.737773 0.938803 0.0294118 0.122394 1.78124e-05
0 0.215796 0.670814 0.0905486 0.188971 1.78279e-05
0 0.0651024 0.787828 0.0416391 0.121722 1.78412e-05
0 0.994217 0.868863 0.0115664 0.207128 1.78634e-05
0 0.634666 0.721587 0.0512227 0.151984 1.78714e-05
0 0.00892267 0.398789 0.0178453 0.141224 1.78782e-05
0 0.755783 0.972091 0.0469266 0.0558171 1.79599e-05
0 0.98612 0.124075 0.0277594 0.139206 1.80318e-05
0 0.46844 0.511096 0.0346993 0.106254 1.80401e-05
0 0.330139 0.906187 0.0528751 0.187626 1.82417e-05
0 0.627892 0.952589 0.0449438 0.0948218 1.82845e-05
0 0.487442 0.281439 0.0396563 0.109617 1.837e-05
0 0.680271 0.907196 0.0499009 0.185609 1.84652e-05
0 0.999835 0.533288 0.000330469 0.234028 1.84687e-05
0 0.684237 0.944855 0.15499 0.110289 1.85104e-05
0 0.977032 0.867182 0.0459352 0.210491 1.86554e-05
0 0.605585 0.362811 0.0360212 0.162071 1.86628e-05
0 0.985955 0.481506 0.0280899 0.145259 1.86796e-05
0 0.370291 0.602555 0.0512227 0.178884 1.87041e-05
0 0.803867 0.972091 0.0313946 0.0558171 1.87152e-05
0 0.458361 0.968729 0.0522141 0.062542 1.90092e-05
0 0.562954 0.9462 0.154329 0.107599 1.90197e-05
0 0.211335 0.424008 0.0578321 0.116342 1.90871e-05
0 0.346167 0.873907 0.0644415 0.187626 1.91373e-05
0 0.981989 0.883658 0.0360212 0.130464 1.91435e-05
0 0.66573 0.205447 0.0584931 0.155346 1.92404e-05
0 0.571547 0.0581708 0.0545274 0.116342 1.92427e-05
0 0.755288 0.903833 0.0419696 0.166779 1.9269e-05
0 0.983807 0.954943 0.032386 0.0901143 1.92803e-05
0 0.235955 0.765972 0.0561798 0.129119 1.92842e-05
0 0.181262 0.888366 0.0677462 0.223268 1.93041e-05
0 0.564937 0.829186 0.0459352 0.134499 1.93971e-05
0 0.138136 0.588433 0.0383344 0.139879 1.94252e-05
0 0.00875744 0.932414 0.0175149 0.135171 1.94372e-05
0 0.596167 0.827841 0.0508923 0.135844 1.95069e-05
0 0.960509 1 0.0584931 0 1.95234e-05
0 0.420853 0.0588433 0.0525446 0.117687 1.95612e-05
0 0.594514 0.885676 0.0508923 0.133154 1.95964e-05
0 0.183741 0.585071 0.0456048 0.137189 1.96563e-05
0 0.406642 0.904169 0.0578321 0.191661 1.9833e-05
0 0.987938 0.0941493 0.0241243 0.188299 1.9891e-05
0 0.989755 0.941157 0.0204891 0.117687 2.01359e-05
0 0.980007 0.0588433 0.0399868 0.117687 2.0149e-05
0 0.811963 0.585071 0.0403173 0.117014 2.01863e-05
0 0.0811302 0.750504 0.0558493 0.239408 2.02032e-05
0 0.794283 0.0672495 0.0684071 0.134499 2.02064e-05
0 0.496861 0.975118 0.0789822 0.0497646 2.02075e-05
0 0.754461 0.486214 0.0713814 0.172159 2.02677e-05
0 0.677792 0.357767 0.0416391 0.160054 2.03089e-05
0 0.7077 0.938467 0.0287508 0.123067 2.03159e-05
0 0.187211 0.481843 0.0505618 0.128447 2.03588e-05
0 0.705387 0.906859 0.0465962 0.183591 2.04198e-05
0 0.132518 0.549092 0.0700595 0.149966 2.04642e-05
0 0.175975 0.950908 0.0208196 0.0981843 2.05187e-05
0 0.947125 1 0.0330469 0 2.05216e-05
0 0.963814 1 0.026768 0 2.06064e-05
0 0.713483 0.823134 0.0588235 0.139879 2.06595e-05
0 0.106576 0.749832 0.0578321 0.240753 2.06603e-05
0 0.544779 0.221251 0.0538665 0.142569 2.06698e-05
0 0.0698942 0.0548083 0.0512227 0.109617 2.08041e-05
0 0.304527 0.987223 0.0657634 0.0255548 2.08103e-05
0 0.868638 0.951917 0.0221414 0.0961668 2.08413e-05
0 0.186054 0.987223 0.0660939 0.0255548 2.08435e-05
0 0.132849 0.417956 0.0687376 0.131137 2.08813e-05
0 0.364342 0.987895 0.0657634 0.0242098 2.09159e-05
0 0.950595 0.886012 0.0598149 0.182246 2.096e-05
0 0.169531 0.829523 0.0515532 0.131137 2.10929e-05
0 0.952908 0.971419 0.0274289 0.0571621 2.11566e-05
0 0.483972 0.22226 0.0505618 0.137861 2.1188e-05
0 0.918044 0.982851 0.0442829 0.0342972 2.1231e-05
0 0.623595 0.947545 0.157964 0.104909 2.1291e-05
0 0.98579 0.785138 0.02115 0.171486 2.1294e-05
0 0.223232 0.523537 0.0875744 0.227976 2.13296e-05
0 0.508757 0.469738 0.0194977 0.149966 2.14791e-05
0 0.255122 0.491594 0.0674157 0.156019 2.14981e-05
0 0.905155 0.259919 0.064772 0.218561 2.14994e-05
0 0.838731 0.949563 0.02115 0.100874 2.15162e-05
0 0.643258 0.95965 0.037343 0.0806994 2.17196e-05
0 0.859551 0.173504 0.0489095 0.111634 2.17225e-05
0 0.210839 0.530262 0.0449438 0.124412 2.17405e-05
0 1 0.686617 0 0.232683 2.18359e-05
0 0.255287 0.93544 0.0287508 0.129119 2.1905e-05
0 0.753966 0.631809 0.0637806 0.191661 2.19112e-05
0 0.00578321 1 0.0115664 0 2.19462e-05
0 0.359881 0.788164 0.0475876 0.121049 2.21338e-05
0 0.356907 0.2115 0.0575017 0.166106 2.21889e-05
0 0.963979 0.927707 0.0581626 0.144586 2.22018e-05
0 0.00793126 0.328178 0.0158625 0.154674 2.23212e-05
0 0.293126 0.768662 0.0568407 0.127774 2.23615e-05
0 0.987277 0.429388 0.0254461 0.145931 2.23623e-05
0 0.45043 0.732683 0.0370126 0.152656 2.2404e-05
0 0.556015 0.937122 0.0651024 0.125757 2.24259e-05
0 0.919696 0.947545 0.11963 0.104909 2.24387e-05
0 0.244712 0.986214 0.0677462 0.0275723 2.24462e-05
0 0.840549 0.177202 0.0492399 0.113652 2.24559e-05
0 0.5846 0.476463 0.0304032 0.144586 2.25469e-05
0 0.803536 1 0.0571712 0 2.25743e-05
0 0.229841 0.899126 0.0518837 0.201748 2.26226e-05
0 0.650364 0.276395 0.0489095 0.123739 2.26317e-05
0 0.55618 0.263954 0.0548579 0.202421 2.2658e-05
0 0.170357 0.887693 0.0505618 0.131809 2.26658e-05
0 0.985955 0.0749832 0.0280899 0.120377 2.27325e-05
0 0.611699 0.218561 0.0660939 0.178884 2.27762e-05
0 0.997026 0.798924 0.00594845 0.247478 2.27875e-05
0 0.711005 0.787155 0.0446134 0.119032 2.28804e-05
0 0.351785 0.739408 0.0769993 0.186281 2.28939e-05
0 0.213814 0.386348 0.0462657 0.125757 2.2967e-05
0 0.386153 0.879623 0.0538665 0.138534 2.30385e-05
0 0.364508 0.278077 0.0436219 0.112307 2.31141e-05
0 0.683906 0.824479 0.0604759 0.137189 2.31461e-05
0 0.686715 0.7885 0.0449438 0.119032 2.3181e-05
0 0.115169 0.952589 0.0234633 0.0948218 2.31828e-05
0 0.466292 0.949899 0.0522141 0.100202 2.31997e-05
0 0.180932 0.979153 0.0386649 0.0416947 2.33236e-05
0 0.160773 0.735709 0.0472571 0.125084 2.3357e-05
0 0.684237 1 0.059154 0 2.38246e-05
0 0.335592 0.788837 0.0499009 0.127774 2.39492e-05
0 0.38731 0.275387 0.0376735 0.114997 2.39675e-05
0 0.98612 0.530599 0.0224719 0.165434 2.40283e-05
0 0.494052 0.948218 0.0396563 0.103564 2.4106e-05
0 0.162756 0.583726 0.0551884 0.129119 2.41468e-05
0 0.872769 0.391392 0.0812954 0.180229 2.42858e-05
0 0.719266 0.973773 0.0499009 0.0524546 2.43272e-05
0 0.300562 0.0598521 0.047918 0.119704 2.43553e-05
0 0.295109 0.82078 0.0601454 0.131137 2.44003e-05
0 0.316424 0.958305 0.0294118 0.0833894 2.44134e-05
0 0.0294118 0.0548083 0.054197 0.109617 2.45506e-05
0 0.563946 1 0.0584931 0 2.46486e-05
0 0.112525 0.631809 0.0565102 0.125757 2.46914e-05
0 0.02115 0.893746 0.0423001 0.169469 2.47395e-05
0 0.833609 0.976126 0.0505618 0.0477471 2.47733e-05
0 1 0.977135 0 0.0457297 2.48565e-05
0 0.397224 0.928379 0.0998017 0.143241 2.49138e-05
0 0.0819564 0.934432 0.107072 0.131137 2.49318e-05
0 0.744052 1 0.059154 0 2.49999e-05
0 0.285525 0.93813 0.0290813 0.123739 2.5109e-05
0 0.502644 1 0.0575017 0 2.51736e-05
0 0.118804 0.320444 0.0558493 0.160726 2.52925e-05
0 0.0884005 0.632145 0.0598149 0.130464 2.53336e-05
0 0.064111 0.737391 0.0436219 0.131137 2.53615e-05
0 0.295935 0.651984 0.0419696 0.147276 2.54719e-05
0 0.63037 0.263954 0.0525446 0.213181 2.57065e-05
0 0.237442 0.974445 0.0551884 0.0511096 2.57398e-05
0 0.943985 0.397445 0.0756775 0.185609 2.57646e-05
0 0.255453 0.909213 0.0337079 0.181574 2.5786e-05
0 0.610872 0.234701 0.0360212 0.121049 2.57944e-05
0 0.0538665 0.973773 0.0627892 0.0524546 2.58528e-05
0 0.209848 0.941493 0.0508923 0.114324 2.58744e-05
0 0.952412 0.527909 0.0832783 0.200403 2.59208e-05
0 0.271976 0.451917 0.0575017 0.169469 2.59556e-05
0 0.061302 0.325488 0.0617978 0.134499 2.59958e-05
0 0.481328 0.566577 0.0247852 0.109617 2.60171e-05
0 0.53156 0.700067 0.0294118 0.122394 2.61796e-05
0 0.280073 0.907196 0.0406477 0.158709 2.62331e-05
0 0.313615 0.447545 0.0376735 0.143241 2.62759e-05
0 0.599306 0.942165 0.0181758 0.115669 2.63362e-05
0 0.568738 0.943174 0.0185063 0.113652 2.63677e-05
0 0.198447 0.976126 0.0617978 0.0477471 2.64135e-05
0 0.77462 0.955279 0.02115 0.0894418 2.64344e-05
0 0.132353 0.842636 0.0723728 0.279758 2.65168e-05
0 0.00214805 0.0527909 0.0042961 0.105582 2.67077e-05
0 0.634666 0.0581708 0.0571712 0.116342 2.67552e-05
0 0.233311 0.377942 0.0522141 0.119704 2.67988e-05
0 0.32386 0.945864 0.155321 0.108272 2.68296e-05
0 0.988268 0.618695 0.0234633 0.228648 2.69057e-05
0 0.135162 0.684936 0.0469266 0.133826 2.69186e-05
0 0.808328 0.949899 0.021811 0.100202 2.69698e-05
0 0.48959 0.938803 0.0684071 0.122394 2.69744e-05
0 0.0811302 0.990249 0.0624587 0.0195024 2.70056e-05
0 0.46117 0.280094 0.0393258 0.105582 2.70131e-05
0 0.538334 0.944519 0.0191672 0.110962 2.70319e-05
0 0.265697 0.765972 0.0581626 0.130464 2.70845e-05
0 0.383344 0.946873 0.153999 0.106254 2.71174e-05
0 0.0679114 0.2115 0.0750165 0.187626 2.71523e-05
0 0.61996 0.707801 0.0396563 0.136516 2.72539e-05
0 0.673496 0.0517821 0.0502313 0.103564 2.73284e-05
0 0.115499 0.446537 0.0598149 0.169469 2.74712e-05
0 0.442333 0.955615 0.047918 0.0887693 2.75013e-05
0 0.534369 0.829523 0.042961 0.128447 2.75213e-05
0 0.134336 0.785474 0.0452743 0.127774 2.76031e-05
0 0.629048 0.94351 0.0181758 0.112979 2.7674e-05
0 0.771315 0.281775 0.0912095 0.242098 2.77344e-05
0 0.442664 1 0.0578321 0 2.78362e-05
0 0.774124 0.932751 0.0664243 0.134499 2.78366e-05
0 0.623926 1 0.0581626 0 2.79399e-05
0 0.305684 0.907196 0.0449438 0.180229 2.79753e-05
0 0.587244 0.233692 0.0337079 0.119032 2.79993e-05
0 0.617482 0.905851 0.0584931 0.188299 2.81e-05
0 0.923662 1 0.0581626 0 2.81756e-05
0 0.202412 0.913584 0.0895572 0.172831 2.82218e-05
0 0.0249504 0.399798 0.0492399 0.145931 2.82735e-05
0 0.552379 0.0743107 0.0710509 0.148621 2.83401e-05
0 0.0262723 0.341627 0.0505618 0.145259 2.84108e-05
0 0.145076 0.953262 0.0231328 0.0934768 2.84721e-05
0 0.379709 0.956624 0.0449438 0.0867518 2.85165e-05
0 0.416722 0.277404 0.0442829 0.124412 2.86643e-05
0 0.572538 0.870209 0.0571712 0.141224 2.87136e-05
0 0.863681 1 0.0545274 0 2.88084e-05
0 0.349636 0.976126 0.0627892 0.0477471 2.88484e-05
0 0.0193325 0.846671 0.0386649 0.279758 2.89309e-05
0 0.0120621 0.200067 0.0241243 0.168796 2.93375e-05
0 0.986616 0.260928 0.026768 0.260928 2.93377e-05
0 0.616821 0.784802 0.048579 0.172159 2.94553e-05
0 0.210509 0.481506 0.0489095 0.122394 2.94587e-05
0 0.43341 0.0504371 0.048579 0.100874 2.96718e-05
0 0.263549 0.947209 0.153668 0.105582 2.98468e-05
0 0.392102 0.444183 0.0360212 0.147276 2.99233e-05
0 0.485294 0.468393 0.0247852 0.145931 3.01661e-05
0 0.123761 0.220578 0.0551884 0.145259 3.01795e-05
0 0.701091 0.950572 0.0247852 0.0988568 3.01966e-05
0 0.688698 0.49731 0.0489095 0.210491 3.023e-05
0 0.717449 0.206792 0.053536 0.158036 3.0373e-05
0 0.774785 0.0534633 0.0571712 0.106927 3.04717e-05
0 0.488929 0.333221 0.0360212 0.114997 3.05088e-05
0 0.139623 1 0.0558493 0 3.05452e-05
0 0.00908791 0.480834 0.0181758 0.147949 3.06168e-05
0 1 0.0564896 0 0.112979 3.06426e-05
0 0.477859 0.945864 0.0198282 0.108272 3.06593e-05
0 0.145406 0.64694 0.0469266 0.138534 3.07511e-05
0 0.0120621 0.319771 0.0241243 0.159381 3.08099e-05
0 0.234468 0.427371 0.0446134 0.121722 3.10971e-05
0 0.161599 0.634163 0.0442829 0.135844 3.11514e-05
0 0.236946 0.946537 0.0204891 0.106927 3.11767e-05
0 0.507766 0.9462 0.0201586 0.107599 3.12044e-05
0 0.626074 0.82616 0.0551884 0.139206 3.15474e-05
0 0.470093 0.563551 0.0274289 0.114324 3.15723e-05
0 0.9577 0.838937 0.0846001 0.154001 3.15943e-05
0 0.988434 0.516476 0.0231328 0.235373 3.17372e-05
0 0.482155 0.0585071 0.054197 0.117014 3.18615e-05
0 0.0214805 0.637189 0.042961 0.151311 3.19014e-05
0 0.417713 0.945192 0.0191672 0.109617 3.19686e-05
0 0.315102 0.939812 0.0287508 0.120377 3.20199e-05
0 0.117812 0.819771 0.0717118 0.160054 3.2046e-05
0 0.447786 0.944855 0.0191672 0.110289 3.21573e-05
0 0.985459 0.0659045 0.0290813 0.131809 3.22477e-05
0 0.986451 0.935104 0.0237938 0.129792 3.23765e-05
0 0.862029 0.944183 0.047918 0.0954943 3.25158e-05
0 0.0201586 0.0682582 0.0403173 0.136516 3.25208e-05
0 0.324686 0.824479 0.059154 0.127774 3.27004e-05
0 0.417878 0.955615 0.0512227 0.0887693 3.28532e-05
0 0.778751 0.947545 0.0214805 0.104909 3.286e-05
0 0.201751 1 0.0571712 0 3.28729e-05
0 0.956874 0.690989 0.0862525 0.179556 3.29915e-05
0 0.736946 0.352051 0.0555188 0.135171 3.30056e-05
0 0.517845 0.957633 0.0442829 0.0847344 3.31144e-05
0 0.0127231 0.582717 0.0254461 0.148621 3.31749e-05
0 0.275116 0.97579 0.059154 0.0484196 3.31784e-05
0 0.748678 0.948554 0.0214805 0.102892 3.32169e-05
0 0.614673 0.0484196 0.0508923 0.0968393 3.33043e-05
0 0.162095 0.6846 0.0459352 0.127774 3.33543e-05
0 0.181262 0.939475 0.0571712 0.104909 3.33923e-05
0 0.314276 0.0531271 0.0482485 0.106254 3.34047e-05
0 0.171514 0.925017 0.086583 0.149966 3.34331e-05
0 0.436715 0.286819 0.0565102 0.222596 3.35318e-05
0 0.323364 1 0.0598149 0 3.36539e-05
0 0.38764 0.944183 0.0191672 0.111634 3.37768e-05
0 0.985955 0.883995 0.0201586 0.166106 3.38826e-05
0 0.382683 1 0.0594845 0 3.39373e-05
0 0.580965 0.949227 0.0383344 0.101547 3.39867e-05
0 0.688037 0.949227 0.0204891 0.101547 3.42395e-05
0 0.465301 0.792535 0.0555188 0.166106 3.43307e-05
0 0.655486 0.825151 0.0578321 0.138534 3.43349e-05
0 0.754131 0.357767 0.0555188 0.188299 3.45902e-05
0 0.0875744 0.738399 0.042961 0.134499 3.46864e-05
0 0.406808 0.0534633 0.0548579 0.106927 3.47922e-05
0 0.343358 0.344654 0.0403173 0.154001 3.4998e-05
0 0.0500661 0.682582 0.0717118 0.156019 3.52595e-05
0 0.0375083 0.968393 0.0465962 0.0632145 3.53075e-05
0 0.511566 0.33423 0.0350297 0.121049 3.53141e-05
0 0.8346 0.927371 0.0875744 0.145259 3.55109e-05
0 0.555684 0.0474109 0.0499009 0.0948218 3.56592e-05
0 0.11269 0.738736 0.0416391 0.136516 3.56642e-05
0 0.13698 0.941829 0.0512227 0.100202 3.56679e-05
0 0.0874091 0.684264 0.0472571 0.135171 3.58562e-05
0 0.684237 0.974109 0.0532056 0.0517821 3.59614e-05
0 0.00776603 0.629455 0.0155321 0.156019 3.60396e-05
0 0.135492 0.735373 0.0469266 0.131137 3.60466e-05
0 0.0109055 0.0420309 0.021811 0.0840619 3.63312e-05
0 0.562459 0.233356 0.0343688 0.117014 3.6375e-05
0 0.985955 0.6846 0.0208196 0.164089 3.65952e-05
0 0.0109055 0.521856 0.021811 0.137189 3.66235e-05
0 0.540978 0.28043 0.0396563 0.102219 3.66757e-05
0 0.717945 0.949899 0.0214805 0.100202 3.66867e-05
0 0.184402 0.21419 0.0601454 0.149966 3.69474e-05
0 0.702578 0.0537996 0.0548579 0.107599 3.69815e-05
0 0.65813 0.947545 0.0201586 0.104909 3.70406e-05
0 0.392432 0.375588 0.0393258 0.179556 3.72979e-05
0 0.263054 1 0.0594845 0 3.74683e-05
0 0.713318 0.954607 0.0221414 0.0907868 3.7476e-05
0 0.867977 0.928716 0.0584931 0.142569 3.74762e-05
0 0.379874 0.342636 0.0399868 0.158036 3.78441e-05
0 0.357237 0.944855 0.0191672 0.110289 3.78481e-05
0 0.542961 0.956624 0.0449438 0.0867518 3.8041e-05
0 0.00561798 0.0416947 0.011236 0.0833894 3.82064e-05
0 0.382353 0.708137 0.0416391 0.145259 3.82734e-05
0 0.986781 0.836584 0.0264375 0.160054 3.83447e-05
0 0.45803 0.333557 0.0416391 0.112979 3.84031e-05
0 0.426471 0.859449 0.0690681 0.139879 3.86221e-05
0 0.861038 0.131473 0.0439524 0.114997 3.87372e-05
0 0.891771 0.235709 0.0512227 0.145931 3.88743e-05
0 0.263714 0.0558171 0.0522141 0.111634 3.90526e-05
0 0.0236286 0.503362 0.0472571 0.256221 3.90766e-05
0 0.0125578 0.641224 0.0251157 0.252186 3.92069e-05
0 0.021811 0.922327 0.0436219 0.155346 3.92957e-05
0 0.336748 0.0554808 0.053536 0.110962 3.94674e-05
0 0.406147 0.781775 0.0508923 0.172831 3.96009e-05
0 0.313615 0.977135 0.0627892 0.0457297 3.97237e-05
0 0.732816 0.0514459 0.0459352 0.102892 3.97978e-05
0 0.152842 0.919301 0.0617978 0.161399 3.99026e-05
0 0.266854 0.947209 0.0201586 0.105582 4.00773e-05
0 0.242399 0.906859 0.0406477 0.160726 4.04236e-05
0 0.256444 0.412576 0.0793126 0.158036 4.04431e-05
0 0.0104098 0.387693 0.0208196 0.211836 4.04642e-05
0 0.313285 0.645595 0.0773298 0.205783 4.04841e-05
0 0.164408 0.973436 0.0670853 0.0531271 4.05528e-05
0 0.184898 0.325151 0.0637806 0.167451 4.06563e-05
0 0.195142 0.972764 0.0307336 0.0544721 4.08432e-05
0 0.501818 0.794217 0.0518837 0.162744 4.18916e-05
0 0.138301 0.832885 0.047918 0.133826 4.20426e-05
0 0.371778 0.0504371 0.0495704 0.100874 4.21274e-05
0 0.353437 0.824815 0.059154 0.132482 4.21499e-05
0 0.656808 0.704102 0.0413087 0.130464 4.22272e-05
0 0.987442 0.281103 0.0224719 0.150639 4.23063e-05
0 0.976206 0.97848 0.0475876 0.0430397 4.25435e-05
0 0.892597 0.926362 0.0634501 0.147276 4.27052e-05
0 0.480172 0.957633 0.0423001 0.0847344 4.31614e-05
0 0.445142 0.880968 0.0495704 0.129119 4.32069e-05
0 0.0199934 0.696032 0.0399868 0.169469 4.40246e-05
0 0.136153 0.967384 0.0469266 0.065232 4.40834e-05
0 0.11269 0.684264 0.0469266 0.133826 4.41519e-05
0 0.0510575 0.450235 0.0631196 0.136516 4.47594e-05
0 0.141441 0.934768 0.0846001 0.130464 4.5027e-05
0 0.464475 0.868863 0.0604759 0.131809 4.51865e-05
0 0.988434 0.720915 0.0231328 0.228648 4.55683e-05
0 0.296596 0.948218 0.0208196 0.103564 4.56577e-05
0 0.564276 0.912576 0.0888962 0.174849 4.62937e-05
0 0.832617 0.969065 0.048579 0.0618695 4.74547e-05
0 0.656477 0.707128 0.0842697 0.188971 4.77707e-05
0 0.657799 0.471419 0.0432915 0.130464 4.87515e-05
0 0.385162 0.825151 0.0571712 0.134499 4.89447e-05
0 0.621447 0.468393 0.0294118 0.140551 4.94221e-05
0 0.0191672 0.805649 0.0383344 0.168124 4.95548e-05
0 0.86236 0.969738 0.0465962 0.0605245 5.25501e-05
0 0.2462 0.215871 0.054197 0.160054 5.2888e-05
0 0.986451 0.809684 0.0270985 0.295898 5.32688e-05
0 0.633344 0.281439 0.037343 0.110962 5.36261e-05
0 0.0426305 0.564223 0.064772 0.142569 5.38069e-05
0 0.0228024 0.469065 0.0423001 0.147276 5.39856e-05
0 0.503966 0.918964 0.0879048 0.162071 5.40731e-05
0 0.918374 0.930397 0.064772 0.139206 5.43434e-05
0 0.303371 0.228985 0.0528751 0.184936 5.4705e-05
0 0.752313 0.416611 0.0670853 0.179556 5.47325e-05
0 0.775281 0.920646 0.085922 0.158709 5.48353e-05
0 0.635162 0.324815 0.0396563 0.106254 5.50838e-05
0 0.443985 0.916947 0.0882353 0.166106 5.55463e-05
0 0.0114012 0.887693 0.0228024 0.151984 5.59266e-05
0 0.326338 0.948218 0.0214805 0.103564 5.61509e-05
0 0.539161 0.325824 0.0386649 0.104237 5.741e-05
0 0.0692333 0.818763 0.0842697 0.195696 5.77608e-05
0 0.383675 0.913921 0.0885658 0.172159 5.84085e-05
0 0.967614 0.9731 0.042961 0.0537996 5.89534e-05
0 0.472571 0.831204 0.0442829 0.125084 5.91067e-05
0 0.889128 0.939812 0.0578321 0.0961668 5.92716e-05
0 0.567746 0.956624 0.0423001 0.0867518 5.94186e-05
0 0.0137145 0.449563 0.0274289 0.160726 5.97437e-05
0 0.258592 0.571621 0.0736946 0.139879 6.0885e-05
0 0.33427 0.444183 0.0366821 0.154001 6.12356e-05
0 0.990251 0.0517821 0.0194977 0.103564 6.13534e-05
0 0.714475 0.915938 0.0852611 0.168124 6.27492e-05
0 0.419365 0.360794 0.0370126 0.149966 6.42911e-05
0 0.442333 0.279422 0.0413087 0.119032 6.49255e-05
0 0.654494 0.915938 0.0869134 0.168124 6.50647e-05
0 0.83113 0.930061 0.0614673 0.139879 6.54495e-05
0 0.263219 0.912239 0.0862525 0.175521 6.64076e-05
0 0.50347 0.8692 0.0571712 0.129792 6.64454e-05
0 0.557667 0.372226 0.0300727 0.197041 6.65293e-05
0 0.413582 0.827505 0.0512227 0.132482 6.98416e-05
0 0.645076 0.468393 0.0257766 0.143241 7.00555e-05
0 0.137475 0.886348 0.0528751 0.122394 7.05183e-05
0 0.00198282 0.966039 0.00396563 0.067922 7.11546e-05
0 0.534864 0.867855 0.0551884 0.129792 7.24706e-05
0 0.456378 0.397108 0.0383344 0.166106 7.30091e-05
0 0.00908791 0.87458 0.0181758 0.250841 7.37901e-05
0 0.300066 0.953262 0.02115 0.0934768 7.47078e-05
0 0.105585 0.952589 0.038004 0.0948218 7.54351e-05
0 0.02115 0.582044 0.0383344 0.143241 7.57602e-05
0 0.354924 0.93813 0.0456048 0.123739 7.61068e-05
0 0.256775 0.6308 0.0766689 0.139879 7.61331e-05
0 0.875744 0.977135 0.0614673 0.0457297 7.63244e-05
0 0.151685 0.954607 0.0409782 0.0907868 7.6906e-05
0 0.0456048 0.94351 0.0383344 0.112979 7.84881e-05
0 0.445473 0.829859 0.0482485 0.125084 8.04231e-05
0 0.361368 0.341627 0.0419696 0.106254 8.24576e-05
0 0.435393 0.34768 0.0366821 0.135844 8.29032e-05
0 0.580304 0.286819 0.0489095 0.180901 8.48128e-05
0 0.913417 0.943174 0.0601454 0.0934768 8.50889e-05
0 0.986451 0.035306 0.0270985 0.070612 8.62842e-05
0 0.469597 0.364492 0.0356907 0.157364 8.72159e-05
0 0.948447 0.937122 0.0693985 0.125757 8.94018e-05
0 0.543622 0.367855 0.0363516 0.162744 8.95897e-05
0 0.606411 0.285474 0.0495704 0.186281 8.97878e-05
0 0.00462657 0.795225 0.00925314 0.207801 9.04235e-05
0 0.353767 0.45158 0.0419696 0.156691 9.09518e-05
0 0.729511 0.394082 0.0472571 0.131809 9.10688e-05
0 0.704726 0.650639 0.0492399 0.141896 9.24517e-05
0 0.0100793 0.566577 0.0201586 0.209146 9.3859e-05
0 0.00693985 0.6846 0.0138797 0.200403 9.44281e-05
0 0.323034 0.915938 0.0842697 0.168124 9.58803e-05
0 0.611368 0.32078 0.0370126 0.102219 9.77383e-05
0 0.487773 0.697377 0.0284204 0.176194 9.86334e-05
0 0.534534 0.725958 0.0452743 0.195696 9.97156e-05
0 0.565598 0.282448 0.0346993 0.0981843 0.000101789
0 0.0219762 0.525555 0.038004 0.132482 0.000102728
0 0.611699 0.281439 0.0363516 0.105582 0.000104265
0 0.326338 0.945528 0.0307336 0.108944 0.000105214
0 0.502148 0.361802 0.0413087 0.151984 0.000108821
0 0.285856 0.310356 0.0608063 0.190316 0.000109656
0 0.817416 0.961332 0.038004 0.0773369 0.000109697
0 0.952412 1 0.02115 0 0.00011211
0 0.00627892 0.782112 0.0125578 0.172159 0.000116631
0 0.0356907 1 0.0251157 0 0.000117522
0 0.588566 0.282448 0.0363516 0.0995293 0.000120875
0 0.182584 0.96772 0.0472571 0.0645595 0.000121518
0 0.519167 0.366846 0.0337079 0.178211 0.000123722
0 0.65879 0.373907 0.0499009 0.157364 0.000123896
0 0.121943 0.953934 0.0383344 0.0921318 0.0001257
0 0.347158 0.658709 0.0459352 0.178211 0.000126001
0 0.11996 0.926698 0.0588235 0.146604 0.000127465
0 0.391937 0.721251 0.0621282 0.262946 0.000130398
0 0.108394 0.893073 0.0575017 0.123739 0.000130959
0 0.991738 0.993611 0.0165235 0.0127774 0.000132448
0 0.988929 0.338265 0.0221414 0.213853 0.000133437
0 0.955552 0.958305 0.0439524 0.0833894 0.000134769
0 0.948447 0.976463 0.0627892 0.0470746 0.000136773
0 0.423662 0.72495 0.054197 0.196369 0.000137046
0 0.986286 0.900135 0.0274289 0.199731 0.000137924
0 0.609055 0.707465 0.0515532 0.192334 0.00013811
0 0.843358 0.952589 0.0383344 0.0948218 0.000146879
0 0.170026 0.952589 0.0538665 0.0948218 0.000148564
0 0.530238 0.367182 0.0320555 0.154674 0.00014966
0 0.0905486 0.94889 0.0469266 0.102219 0.00015694
0 0.643093 0.325488 0.0588235 0.208473 0.000157892
0 0.593027 0.357095 0.0439524 0.122394 0.000166799
0 0.914078 0.976799 0.0713814 0.0464022 0.000167054
0 0.586252 0.323134 0.0350297 0.100202 0.000170274
0 0.560806 0.32885 0.0508923 0.182919 0.000171203
0 0.215466 0.95158 0.0257766 0.0968393 0.000172341
0 0.47918 0.401143 0.0403173 0.195696 0.00017235
0 0.00958361 0.719906 0.0191672 0.223941 0.000173964
0 0.322208 0.580363 0.0508923 0.158709 0.000175652
0 0.462161 0.701748 0.0413087 0.174176 0.000175752
0 0.488434 0.331876 0.0555188 0.184936 0.000177032
0 0.981659 0.99462 0.0366821 0.0107599 0.000182736
0 0.617977 0.400807 0.0416391 0.181574 0.000193537
0 0.0892267 0.924008 0.0674157 0.151984 0.000198144
0 0.880866 0.954943 0.0446134 0.0901143 0.000203305
0 0.989425 0.971083 0.02115 0.0578346 0.000204774
0 0.447621 0.442165 0.0287508 0.191661 0.000213807
0 0.679775 0.604237 0.0727032 0.171486 0.000225521
0 0.571381 0.688635 0.0270985 0.199059 0.000227015
0 0.711335 0.32616 0.0551884 0.201748 0.00022788
0 0.890119 0.97041 0.0499009 0.0591796 0.000228262
0 0.569564 0.367855 0.0313946 0.160054 0.000238252
0 0.0598149 0.920982 0.0621282 0.158036 0.00024399
0 0.667713 0.934432 0.0426305 0.131137 0.000250234
0 0.368804 0.375925 0.0383344 0.153329 0.000254367
0 0.565433 0.324815 0.0330469 0.0968393 0.000256568
0 0.905155 0.957633 0.0508923 0.0847344 0.000260952
0 0.47505 0.744116 0.0525446 0.195696 0.000273109
0 0.803371 0.938803 0.0389954 0.122394 0.000280299
0 0.558163 0.71957 0.0436219 0.212508 0.000308864
0 0.00958361 0.944855 0.0191672 0.110289 0.000312103
0 0.407138 0.33692 0.0575017 0.200403 0.000313331
0 0.632683 0.651984 0.0617978 0.166106 0.000314372
0 0.0123926 0.98924 0.0247852 0.0215198 0.000324411
0 0.931428 0.955952 0.0558493 0.0880968 0.000343027
0 0.915896 0.971755 0.0565102 0.0564896 0.000387412
0 0.59154 0.670814 0.032386 0.199731 0.000390101
0 0.690681 0.94351 0.031725 0.112979 0.000408465
0 0.0611368 0.949227 0.0396563 0.101547 0.000416813
0 0.0107403 0.79657 0.0214805 0.248151 0.000450615
0 0.32386 0.332549 0.0608063 0.202421 0.00046868
0 0.271811 0.364829 0.0558493 0.209146 0.000497846
0 0.829147 0.949563 0.0356907 0.100874 0.000525211
0 0.643589 0.443847 0.0465962 0.160054 0.000537182
0 0.354924 0.376597 0.0350297 0.149294 0.00060411
0 0.441342 0.699395 0.0360212 0.221923 0.000875798
0 0.294944 0.447545 0.047918 0.207801 0.00101621
0 0.191507 0.953598 0.0413087 0.0928043 0.00107123
0 0.722241 0.440148 0.0432915 0.171486 0.00121987
0 0.504296 0.700067 0.032386 0.216543 0.00136541
0 0.51735 0.637189 0.0254461 0.166106 0.00172274
0 0.480998 0.673167 0.0201586 0.173504 0.00180575
0 0.541474 0.689644 0.0228024 0.187626 0.00237115
0 0.690681 0.407532 0.0442829 0.182919 0.00276639
0 0.324025 0.396436 0.0346993 0.183591 0.00310642
0 0.372274 0.426026 0.038004 0.141896 0.00478077
0 0.721745 0.55649 0.0693985 0.210491 0.00853427
0 0.511236 0.426698 0.0284204 0.210491 0.0715764
0 0.470753 0.646268 0.13384 0.180229 0.109259
0 0.543622 0.529254 0.0442829 0.422327 0.112806
0 0.635327 0.530599 0.0789822 0.410222 0.123095
0 0.483972 0.530599 0.0386649 0.425017 0.124525
0 0.567746 0.528581 0.0469266 0.427707 0.124828
0 0.405486 0.527236 0.0548579 0.427707 0.143037
0 0.606081 0.525555 0.0462657 0.422999 0.144717
0 0.572208 0.435777 0.0974884 0.184264 0.159427
0 0.463318 0.431406 0.105089 0.191661 0.162998
0 0.332783 0.515131 0.0806345 0.391392 0.163105
0 0.422505 0.416274 0.09154 0.197714 0.176838
0 0.574686 0.648621 0.0885658 0.186281 0.201754
0 0.420687 0.64156 0.0892267 0.193679 0.223991
0 0.375744 0.415602 0.0918705 0.178884 0.241782
0 0.501322 0.648621 0.0489095 0.162071 0.243569
0 0.468936 0.643914 0.0575017 0.187626 0.251635
0 0.670522 0.424344 0.116986 0.181574 0.274388
0 0.532882 0.654338 0.0512227 0.172159 0.297124
0 0.706874 0.505716 0.0548579 0.381977 0.381963
0 0.412095 0.422327 0.0330469 0.190989 0.756198
0 0.508262 0.650639 0.02115 0.168796 0.773928
0 0.527594 0.651311 0.0234633 0.175521 0.781446
0 0.473067 0.648621 0.0241243 0.193006 0.795416
0 0.491738 0.64963 0.021811 0.170814 0.798028
0 0.553536 0.656019 0.031725 0.186281 0.801516
0 0.38384 0.413584 0.0340383 0.172159 0.80344
0 0.603272 0.436785 0.0360212 0.201076 0.810745
0 0.551553 0.43275 0.0310641 0.203766 0.812511
0 0.523463 0.437122 0.0337079 0.196369 0.820164
0 0.437872 0.408877 0.0343688 0.217888 0.827017
0 0.6654 0.425353 0.0518837 0.183591 0.833537
0 0.46811 0.431406 0.0360212 0.191661 0.835728
0 0.450264 0.64425 0.0294118 0.211163 0.839555
0 0.579643 0.658036 0.0330469 0.203766 0.840527
0 0.629709 0.430061 0.037343 0.190316 0.845225
0 0.344514 0.414257 0.0459352 0.172159 0.845551
0 0.30271 0.39341 0.0456048 0.190989 0.846358
0 0.492399 0.438467 0.0310641 0.197714 0.847912
0 0.424653 0.64425 0.032386 0.217888 0.850978
0 0.608724 0.648285 0.0423001 0.186954 0.85534
0 0.578652 0.431742 0.0350297 0.207128 0.857601
0 0.707204 0.418628 0.0495704 0.182246 0.864529
0 0.392432 0.64156 0.0492399 0.216543 0.869484
0 0.655155 0.639543 0.0763384 0.195024 0.880362
0 0.302545 0.589442 0.0644415 0.183591 0.881173
0 0.349967 0.626093 0.0760079 0.199059 0.889567
0 0.705882 0.609953 0.075347 0.193679 0.89253
