0 0.161863 0.834961 0.0399113 0.115234 7.39136e-06
0 0.934775 0.30957 0.0417591 0.119141 7.39536e-06
0 0.834627 0.793945 0.04102 0.115234 7.41929e-06
0 0.996674 0.669271 0.00665188 0.220052 7.42688e-06
0 0.38544 0.744141 0.0546933 0.108073 7.42911e-06
0 0.248522 0.774089 0.0801922 0.127604 7.49249e-06
0 0.787694 0.132812 0.0461936 0.109375 7.4982e-06
0 0.486511 0.880534 0.0328899 0.104818 7.51017e-06
0 0.81116 0.659831 0.0421286 0.110026 7.51535e-06
0 0.847561 0.955729 0.04915 0.0885417 7.53118e-06
0 0.48762 0.785482 0.0506282 0.0983073 7.53391e-06
0 0.933851 0.68099 0.0776053 0.255208 7.53982e-06
0 0.451035 0.341471 0.0543237 0.205078 7.54191e-06
0 0.581301 0.291016 0.052476 0.178385 7.54983e-06
0 0.663341 0.220052 0.0421286 0.111979 7.55861e-06
0 0.0509978 1 0.059867 0 7.57909e-06
0 0.459904 0.827148 0.0506282 0.0983073 7.58866e-06
0 0.982631 0.455078 0.0347376 0.233073 7.59139e-06
0 0.618441 0.685872 0.0284553 0.149089 7.66034e-06
0 0.933666 0.926107 0.0424982 0.11263 7.66234e-06
0 0.735218 0.30957 0.04102 0.10612 7.6677e-06
0 0.859941 0.0159505 0.0347376 0.031901 7.72118e-06
0 0.634516 0.972331 0.0221729 0.0553385 7.724e-06
0 0.593496 0.553385 0.0384331 0.108073 7.75725e-06
0 0.761456 0.727865 0.0772358 0.147135 7.75788e-06
0 0.298041 0.943034 0.0269771 0.113932 7.76481e-06
0 0.50037 0.0771484 0.0768662 0.154297 7.76778e-06
0 0.40558 0.294596 0.0594974 0.189453 7.78964e-06
0 0.360495 0.875326 0.0572801 0.103516 7.7977e-06
0 0.0728012 0.788086 0.0657797 0.267578 7.80004e-06
0 0.635625 0.17513 0.0458241 0.125 7.83355e-06
0 0.862343 0.836263 0.04102 0.123047 7.83727e-06
0 0.0899852 0.997721 0.04102 0.00455729 7.858e-06
0 0.2585 0.949544 0.018847 0.100911 7.86136e-06
0 0.837214 0.46224 0.0602365 0.195312 7.87913e-06
0 0.643939 0.714844 0.0484109 0.119792 7.88053e-06
0 0.512195 0.835938 0.0339985 0.104167 7.91145e-06
0 0.386179 0.176432 0.045085 0.126302 7.92982e-06
0 0.561899 0.749349 0.0388027 0.0989583 7.93829e-06
0 0.94697 0.994141 0.0801922 0.0117188 7.95327e-06
0 0.819106 0.942708 0.0343681 0.114583 7.99005e-06
0 0.686992 0.0605469 0.0657797 0.121094 8.01421e-06
0 0.318182 1 0.0857354 0 8.01646e-06
0 0.627679 0.972331 0.0151515 0.0553385 8.03398e-06
0 0.844235 0.953451 0.137103 0.093099 8.04185e-06
0 0.0251293 0.274414 0.0495196 0.138672 8.04586e-06
0 0.356615 0.977214 0.0724316 0.0455729 8.04799e-06
0 0.312454 0.0784505 0.0757576 0.156901 8.05004e-06
0 0.135994 0.570312 0.0487805 0.111979 8.05354e-06
0 0.711936 1 0.0742794 0 8.06847e-06
0 0.318921 0.523112 0.0620843 0.179036 8.13038e-06
0 0.163341 0.399089 0.0428677 0.113281 8.15002e-06
0 0.709904 0.435872 0.0532151 0.125651 8.16884e-06
0 0.911493 0.873372 0.0602365 0.184245 8.1905e-06
0 0.309682 0.951172 0.0221729 0.0976562 8.1922e-06
0 0.106984 0.0159505 0.0373245 0.031901 8.20535e-06
0 0.612528 0.0891927 0.0484109 0.123698 8.20689e-06
0 0.567812 0.972331 0.071323 0.0553385 8.2298e-06
0 0.543607 0.142578 0.0716925 0.259115 8.25686e-06
0 0.0402809 0.750651 0.0428677 0.119792 8.26162e-06
0 0.911863 0.925456 0.0439763 0.117839 8.2618e-06
0 0.162786 0.979167 0.0129342 0.0416667 8.28074e-06
0 0.961197 0.530273 0.0480414 0.121745 8.29467e-06
0 0.974871 0.964844 0.0502587 0.0703125 8.30571e-06
0 0.889135 0.310547 0.0487805 0.130208 8.324e-06
0 0.0624538 0.398112 0.0428677 0.108724 8.33633e-06
0 0.510532 0.916341 0.0513673 0.0996094 8.33973e-06
0 0.186807 0.307292 0.0447154 0.115885 8.353e-06
0 0.812639 0.309245 0.0428677 0.134115 8.37086e-06
0 0.537509 0.974935 0.071323 0.0501302 8.38255e-06
0 0.831855 0.0159505 0.0369549 0.031901 8.38329e-06
0 0.00997783 0.108398 0.0199557 0.216797 8.3873e-06
0 0.643385 0.69043 0.0295639 0.129557 8.40108e-06
0 0.834812 0.836589 0.0428677 0.113281 8.4067e-06
0 0.866778 0.796224 0.0609756 0.139323 8.44416e-06
0 0.278825 0.814128 0.0986696 0.155599 8.44841e-06
0 0.887103 0.618815 0.0417591 0.115234 8.46955e-06
0 0.525684 0.0722656 0.0461936 0.144531 8.47846e-06
0 0.842018 0.938802 0.0232816 0.122396 8.5219e-06
0 0.866593 0.748372 0.0480414 0.13737 8.55061e-06
0 0.44272 0.98112 0.0236511 0.0377604 8.55142e-06
0 0.982446 0.148112 0.0351072 0.289714 8.56855e-06
0 0.103474 0.913411 0.105691 0.173177 8.59862e-06
0 0.179601 0.942383 0.0339985 0.078776 8.60039e-06
0 0.661493 0.0872396 0.0502587 0.11849 8.61547e-06
0 0.270325 0.895508 0.0617147 0.162109 8.63169e-06
0 0.845159 1 0.0894309 0 8.63252e-06
0 0.493163 0.484049 0.0358463 0.093099 8.64504e-06
0 0.664265 0.972656 0.0225425 0.0546875 8.67125e-06
0 0.243902 0.517253 0.0702143 0.215495 8.67384e-06
0 0.994272 0.0852865 0.011456 0.170573 8.68078e-06
0 0.77476 0.271484 0.0528455 0.13151 8.69386e-06
0 0.985218 0.326172 0.0295639 0.222656 8.71223e-06
0 0.386918 0.881836 0.0384331 0.103516 8.73405e-06
0 0.485033 0.91569 0.0513673 0.0983073 8.73675e-06
0 0.616038 1 0.0842572 0 8.74121e-06
0 0.734479 0.218424 0.0388027 0.111328 8.80204e-06
0 0.247044 0.954427 0.126016 0.0911458 8.82016e-06
0 0.982077 0.582357 0.0358463 0.236328 8.83003e-06
0 0.781596 1 0.0731707 0 8.84107e-06
0 0.212121 0.874023 0.0465632 0.100911 8.84589e-06
0 0.267369 0.941081 0.0240207 0.117839 8.85421e-06
0 0.881929 0.0169271 0.0373245 0.0338542 8.86486e-06
0 0.724132 0.0670573 0.0646711 0.134115 8.86588e-06
0 0.144309 0.0166016 0.0373245 0.0332031 8.87892e-06
0 0.594974 0.455729 0.0258684 0.106771 8.90904e-06
0 0.58592 0.960612 0.0528455 0.078776 8.92158e-06
0 0.329453 0.291992 0.056541 0.182943 8.97094e-06
0 0.586105 0.745768 0.0502587 0.107422 8.98509e-06
0 0.717849 0.758789 0.0794531 0.162109 9.0165e-06
0 0.416112 0.955078 0.0620843 0.0898438 9.05886e-06
0 0.385809 0.0882161 0.0487805 0.120443 9.06306e-06
0 0.494642 0.958984 0.0513673 0.0820312 9.06907e-06
0 0.508869 0.986654 0.0576497 0.0266927 9.11823e-06
0 0.392092 0.764974 0.0687361 0.226562 9.1255e-06
0 0.81153 0.699544 0.0539542 0.10612 9.12864e-06
0 0.526053 0.913737 0.0424982 0.172526 9.13553e-06
0 0.625647 0.0598958 0.0502587 0.119792 9.14975e-06
0 0.676275 0.833659 0.0960828 0.129557 9.21569e-06
0 0.40983 0.917318 0.052476 0.101562 9.24602e-06
0 0.00739098 0.906901 0.014782 0.140625 9.28079e-06
0 0.662417 0.545573 0.0432373 0.109375 9.28457e-06
0 0.53714 0.881185 0.0351072 0.104818 9.28638e-06
0 0.280488 0.278971 0.0546933 0.150391 9.29862e-06
0 0.301367 0.788737 0.0816704 0.246745 9.32582e-06
0 0.213045 0.30599 0.0550628 0.110677 9.33156e-06
0 0.44235 0.929362 0.0938655 0.141276 9.37081e-06
0 0.253141 0.969727 0.0140429 0.0605469 9.41776e-06
0 0.580746 0.0585938 0.0506282 0.117188 9.42777e-06
0 0.585735 0.174479 0.0473023 0.132812 9.43957e-06
0 0.287509 0.0615234 0.0569106 0.123047 9.44346e-06
0 0.733925 0.263346 0.0384331 0.108724 9.44865e-06
0 0.00702143 0.948893 0.0140429 0.102214 9.46948e-06
0 0.887287 0.794596 0.0413895 0.128255 9.49952e-06
0 0.731153 0.598307 0.0646711 0.169271 9.51639e-06
0 0.0103474 0.995117 0.0206948 0.00976562 9.52863e-06
0 0.181264 0.775716 0.0757576 0.158203 9.53053e-06
0 0.162047 0.787109 0.0535846 0.115885 9.55863e-06
0 0.599963 0.768229 0.0484109 0.234375 9.56317e-06
0 0.633592 0.342122 0.0521064 0.179036 9.59371e-06
0 0.435144 0.916341 0.0535846 0.0970052 9.6499e-06
0 0.187916 0.138346 0.0461936 0.110026 9.69412e-06
0 1 0.202799 0 0.167318 9.7619e-06
0 0.387103 0.982096 0.0720621 0.0358073 9.7681e-06
0 0.874908 0.828776 0.0920177 0.136719 9.77243e-06
0 0.459534 0.915365 0.0521064 0.0950521 9.77679e-06
0 0.487066 0.267578 0.037694 0.106771 9.78349e-06
0 0.837768 0.482096 0.045085 0.117839 9.78568e-06
0 0.686807 0.937174 0.111234 0.125651 9.78649e-06
0 0.211567 0.745768 0.0594974 0.111328 9.80822e-06
0 0.329823 0.685547 0.0609756 0.177083 9.84807e-06
0 0.242239 1 0.0794531 0 9.85297e-06
0 0.333149 0.916667 0.0513673 0.109375 9.85321e-06
0 0.370473 0.333984 0.0328899 0.148438 9.89433e-06
0 0.333149 0.971354 0.0232816 0.0572917 9.90805e-06
0 0.362158 0.0885417 0.0502587 0.119792 9.97148e-06
0 0.77476 0.371094 0.0624538 0.130208 9.97939e-06
0 0.19697 0.829427 0.113821 0.16276 9.99703e-06
0 0.123614 0.874349 0.0728012 0.138021 9.99761e-06
0 0.716741 0.896159 0.0572801 0.197266 1.00117e-05
0 0.56116 0.91569 0.0521064 0.100911 1.00309e-05
0 0.492979 0.656901 0.0354767 0.105469 1.00374e-05
0 0.0378788 0.957357 0.0439763 0.0852865 1.00385e-05
0 0.174058 0.959961 0.113821 0.0800781 1.00446e-05
0 0.583703 0.984375 0.0587583 0.03125 1.00471e-05
0 0.234479 0.61849 0.0454545 0.119792 1.0061e-05
0 0.473577 0.0628255 0.0454545 0.125651 1.0063e-05
0 0.503695 0.266927 0.0561715 0.14974 1.00683e-05
0 0.0497044 0.37793 0.0572801 0.129557 1.00811e-05
0 0.492424 0.364258 0.0351072 0.133464 1.00901e-05
0 0.211936 0.264974 0.0432373 0.113281 1.00944e-05
0 0.603104 0.872396 0.0709534 0.207031 1.01013e-05
0 0.46286 0.139648 0.078714 0.279297 1.01352e-05
0 0.692166 0.968424 0.203252 0.063151 1.01559e-05
0 0.711567 0.653646 0.0469327 0.122396 1.01668e-05
0 0.150591 0.971354 0.0277162 0.0572917 1.01949e-05
0 0.804693 0.754557 0.0572801 0.132812 1.02028e-05
0 0.167591 1 0.0764967 0 1.02814e-05
0 0.263673 0.69694 0.0543237 0.119141 1.02833e-05
0 0.419069 0.734701 0.0384331 0.201172 1.03325e-05
0 0.963045 0.790365 0.0569106 0.127604 1.03567e-05
0 0.685883 0.633464 0.059867 0.154948 1.03608e-05
0 0.862528 0.661458 0.0391722 0.115885 1.0364e-05
0 0.561345 0.174154 0.0473023 0.139974 1.03689e-05
0 0.211197 0.619792 0.0424982 0.123698 1.03731e-05
0 0.136548 0.441732 0.0424982 0.111328 1.03882e-05
0 0.519401 0.366211 0.0447154 0.171224 1.04144e-05
0 0.391353 0.843424 0.0657797 0.180339 1.04459e-05
0 0.335366 0.874674 0.0550628 0.0996094 1.04664e-05
0 0.540281 0.558268 0.0413895 0.0983073 1.04707e-05
0 0.408721 0.457682 0.0339985 0.122396 1.04966e-05
0 0.854398 0.970703 0.014782 0.0585938 1.05092e-05
0 0.0445307 0.997721 0.0402809 0.00455729 1.05195e-05
0 0.103659 0.390299 0.0646711 0.211589 1.05218e-05
0 0.885994 0.660807 0.0424982 0.114583 1.05245e-05
0 0.456578 0.56543 0.0380636 0.160807 1.05433e-05
0 0.321693 0.966797 0.026238 0.0664062 1.05792e-05
0 0.504989 0.982747 0.0254989 0.0345052 1.05824e-05
0 0.902993 0.171549 0.0558019 0.115234 1.05909e-05
0 0.0402809 0.705729 0.045085 0.119792 1.05924e-05
0 0.576127 0.972005 0.0258684 0.0559896 1.06123e-05
0 0.236696 0.744141 0.0587583 0.109375 1.06385e-05
0 0.777901 0.755534 0.0643016 0.126953 1.06662e-05
0 0.693644 0.972656 0.022912 0.0546875 1.06808e-05
0 0.90983 0.0354818 0.0443459 0.0709635 1.06834e-05
0 0.636733 0.0885417 0.0502587 0.119792 1.06906e-05
0 0.237435 0.30599 0.0543237 0.108073 1.06977e-05
0 0.297672 0.97168 0.0742794 0.0566406 1.06977e-05
0 0.142092 0.854167 0.0469327 0.136719 1.06989e-05
0 0.583888 0.914388 0.0517369 0.104818 1.07059e-05
0 0.552476 0.959635 0.0517369 0.0807292 1.07204e-05
0 0.81153 0.17513 0.0480414 0.10026 1.07418e-05
0 0.161493 0.956055 0.0465632 0.0878906 1.07563e-05
0 0.0613452 0.749674 0.0384331 0.111328 1.07616e-05
0 0.579268 0.981445 0.0210643 0.0371094 1.08227e-05
0 0.162417 0.572917 0.0447154 0.122396 1.08696e-05
0 0.554509 0.870768 0.0521064 0.218099 1.08731e-05
0 0.284738 0.951823 0.0218034 0.0963542 1.08826e-05
0 0.236142 0.220703 0.0436068 0.108073 1.09233e-05
0 0.538618 0.969401 0.0314117 0.0611979 1.09537e-05
0 0.460458 0.872721 0.0495196 0.093099 1.10234e-05
0 0.686438 0.836589 0.0439763 0.106771 1.10308e-05
0 0.109387 0.909505 0.0495196 0.138021 1.10316e-05
0 0.76663 0.965495 0.183666 0.0690104 1.10376e-05
0 0.186068 0.398112 0.04102 0.115234 1.10485e-05
0 0.688285 0.162435 0.0602365 0.136068 1.10623e-05
0 0.315041 0.47819 0.0461936 0.123047 1.10983e-05
0 0.184959 0.673503 0.0831486 0.17513 1.11211e-05
0 0.0870288 0.61556 0.0535846 0.104818 1.11258e-05
0 0.912417 0.61849 0.0428677 0.11849 1.11434e-05
0 0.392092 0.977214 0.0273466 0.0455729 1.1145e-05
0 0.652809 0.972005 0.0151515 0.0559896 1.1232e-05
0 0.0533999 0.909831 0.0484109 0.125651 1.12482e-05
0 0.741685 0.842773 0.0960828 0.13737 1.12908e-05
0 0.534738 0.0589193 0.0509978 0.117839 1.13363e-05
0 0.896526 0.217122 0.0591279 0.132161 1.13692e-05
0 0.33629 0.311523 0.045085 0.0917969 1.13696e-05
0 0.862897 0.272135 0.0517369 0.141927 1.13719e-05
0 0.303215 0.970703 0.0218034 0.0585938 1.13887e-05
0 0.460828 0.218424 0.0399113 0.115234 1.1392e-05
0 0.500185 0.924154 0.0979305 0.151693 1.14506e-05
0 0.0225425 0.787109 0.045085 0.25651 1.14532e-05
0 0.555063 0.588542 0.0421286 0.128906 1.14647e-05
0 0.816888 0.940104 0.0232816 0.119792 1.14862e-05
0 0.738544 0.490885 0.0417591 0.109375 1.14879e-05
0 0.858093 0.947591 0.0199557 0.104818 1.15038e-05
0 0.21286 0.351888 0.0458241 0.117839 1.15134e-05
0 0.45935 0.986654 0.0561715 0.0266927 1.15366e-05
0 0.809867 0.487305 0.0424982 0.11263 1.15852e-05
0 0.111973 0.575195 0.0391722 0.123047 1.16474e-05
0 0.582594 0.513672 0.0380636 0.10026 1.16535e-05
0 0.785477 0.704427 0.0432373 0.10026 1.17019e-05
0 0.237066 0.350911 0.0439763 0.119792 1.17084e-05
0 0.533814 0.266276 0.0484109 0.119792 1.17361e-05
0 0.237251 0.878906 0.0436068 0.0976562 1.17374e-05
0 0.956763 0.0195312 0.0384331 0.0390625 1.17886e-05
0 0.162047 0.442383 0.0424982 0.108724 1.17977e-05
0 0.998152 0.141276 0.00369549 0.21875 1.18344e-05
0 0.834996 0.617513 0.0373245 0.11263 1.18594e-05
0 0.659645 0.951497 0.0206948 0.0970052 1.18636e-05
0 0.9102 0.312174 0.0465632 0.121745 1.18643e-05
0 0.00776053 0.159505 0.0155211 0.138021 1.18688e-05
0 0.059867 0.997721 0.0406504 0.00455729 1.18688e-05
0 0.0408352 0.613932 0.0550628 0.110677 1.20018e-05
0 0.682927 0.919922 0.108647 0.160156 1.20125e-05
0 0.48374 0.986979 0.0561715 0.0260417 1.20182e-05
0 0.71286 0.835286 0.0443459 0.105469 1.20686e-05
0 0.749261 0.795573 0.0816704 0.13151 1.21192e-05
0 0.268477 0.966797 0.0750185 0.0664062 1.21388e-05
0 0.84442 0.925456 0.0554324 0.149089 1.21476e-05
0 0.33592 0.829102 0.0576497 0.102214 1.21709e-05
0 0.410754 0.880534 0.0365854 0.0996094 1.21903e-05
0 0.136179 0.749674 0.0447154 0.119141 1.22026e-05
0 0.895972 0.750651 0.0469327 0.140625 1.22258e-05
0 0.526977 0.870443 0.0694752 0.229167 1.22277e-05
0 0.911123 0.836589 0.0388027 0.125 1.22313e-05
0 0.851441 0.054362 0.0864745 0.108724 1.22352e-05
0 0.274575 0.974284 0.0192166 0.0514323 1.23913e-05
0 0.636548 0.265299 0.0432373 0.102214 1.2392e-05
0 0.786401 0.49056 0.0436068 0.111328 1.24524e-05
0 0.681264 0.336914 0.0580192 0.177734 1.24601e-05
0 0.65558 0.0598958 0.0546933 0.119792 1.24798e-05
0 0.188285 0.795898 0.0447154 0.113932 1.24846e-05
0 0.273466 0.968099 0.0199557 0.0638021 1.2489e-05
0 0.162232 0.614909 0.0583888 0.110026 1.24908e-05
0 0.258684 0.439779 0.0421286 0.110026 1.24971e-05
0 0.33629 0.263672 0.0428677 0.10026 1.25547e-05
0 0.861419 0.618815 0.0391722 0.11263 1.26013e-05
0 0.36068 0.752279 0.0458241 0.104818 1.2696e-05
0 0.611973 0.219076 0.0443459 0.119141 1.27121e-05
0 0.0668884 0.0279948 0.0473023 0.0559896 1.27142e-05
0 0.934775 0.441406 0.0439763 0.119792 1.27378e-05
0 0.186253 0.750326 0.0443459 0.11263 1.27403e-05
0 0.23337 0.948568 0.018847 0.102865 1.27537e-05
0 0.330192 0.813802 0.0779749 0.226562 1.27849e-05
0 0.213415 0.962891 0.0181079 0.0742188 1.27892e-05
0 0.162417 0.524089 0.0543237 0.115885 1.27921e-05
0 0.142461 0.803385 0.0469327 0.134115 1.27956e-05
0 0.913526 0.790039 0.0495196 0.120443 1.27995e-05
0 0.95085 0.641602 0.0561715 0.142578 1.28024e-05
0 0.813562 0.618164 0.0402809 0.113932 1.28394e-05
0 0.924612 0.269206 0.0554324 0.145182 1.28804e-05
0 0.113452 0.979818 0.0635625 0.0403646 1.29515e-05
0 0.836474 0.768229 0.0646711 0.164062 1.29636e-05
0 0.998891 0.457357 0.00221729 0.184245 1.29743e-05
0 0.0413895 0.661458 0.0465632 0.119792 1.30062e-05
0 0.469697 0.111003 0.0473023 0.158203 1.30414e-05
0 0.175351 0.851562 0.0506282 0.126302 1.31062e-05
0 0.13895 0.953451 0.0332594 0.093099 1.31351e-05
0 0.417036 0.983398 0.0676275 0.0332031 1.31376e-05
0 0.586474 0.218424 0.0428677 0.119141 1.31386e-05
0 0.212121 0.657227 0.0576497 0.111328 1.31587e-05
0 0.83592 0.658203 0.0384331 0.110677 1.3221e-05
0 0.310976 0.882161 0.0395418 0.101562 1.32909e-05
0 0.236327 0.398438 0.0432373 0.11849 1.33112e-05
0 0.829823 0.893229 0.0476718 0.141927 1.33661e-05
0 0.0249446 0.964193 0.0498891 0.0716146 1.33748e-05
0 0.361419 0.264974 0.0413895 0.101562 1.33997e-05
0 0.356061 0.0572917 0.0498891 0.114583 1.34166e-05
0 0.362897 0.218424 0.0413895 0.115234 1.34249e-05
0 0.286585 0.575846 0.04915 0.10612 1.34337e-05
0 0.437916 0.219727 0.0413895 0.113932 1.34394e-05
0 0.986142 0.0472005 0.0277162 0.093099 1.34727e-05
0 0.354028 0.562174 0.0487805 0.120443 1.35233e-05
0 0.435514 0.872721 0.0506282 0.0904948 1.36133e-05
0 0.287879 0.882161 0.0391722 0.101562 1.36139e-05
0 0.455839 0.983398 0.0269771 0.0332031 1.36397e-05
0 0.202328 0.960612 0.086105 0.078776 1.3651e-05
0 0.386733 0.219727 0.0424982 0.113932 1.36531e-05
0 0.241316 0.86849 0.0776053 0.217448 1.3672e-05
0 0.0221729 0.644857 0.0436068 0.136068 1.37097e-05
0 0.287509 0.787435 0.0591279 0.10612 1.37154e-05
0 0.392276 0.0673828 0.0594974 0.134766 1.37524e-05
0 0.999815 0.958659 0.000369549 0.0826823 1.37825e-05
0 0.677384 0.969727 0.014782 0.0605469 1.38032e-05
0 0.849039 0.0292969 0.04915 0.0585938 1.38086e-05
0 0.134885 0.69987 0.0554324 0.115885 1.38521e-05
0 0.560421 0.921875 0.104582 0.15625 1.38656e-05
0 0.243348 0.96582 0.018847 0.0683594 1.38691e-05
0 0.809497 0.796224 0.0424982 0.111979 1.38702e-05
0 0.723208 0.948893 0.0332594 0.102214 1.38857e-05
0 0.739283 0.944661 0.0277162 0.0989583 1.39499e-05
0 0.763119 0.397461 0.0465632 0.103516 1.39535e-05
0 0.689024 1 0.0801922 0 1.39613e-05
0 0.620288 0.923503 0.108278 0.152995 1.40175e-05
0 0.837583 0.530273 0.033629 0.124349 1.40384e-05
0 0.766999 1 0.0831486 0 1.40678e-05
0 0.989837 0.161458 0.0203252 0.175781 1.41152e-05
0 0.769217 0.940755 0.04102 0.11849 1.41308e-05
0 0.510347 0.742188 0.0473023 0.0989583 1.41512e-05
0 0.261456 0.88151 0.0402809 0.0976562 1.41568e-05
0 0.93459 0.0328776 0.059867 0.0657552 1.41867e-05
0 0.456578 0.0585938 0.0476718 0.117188 1.41904e-05
0 0.0238359 0.203451 0.0476718 0.155599 1.41952e-05
0 0.209904 0.137695 0.0436068 0.107422 1.42034e-05
0 0.235588 0.704102 0.0439763 0.115234 1.42287e-05
0 0.178123 0.970378 0.0155211 0.0592448 1.42339e-05
0 0.677384 0.873372 0.0613452 0.177734 1.42776e-05
0 0.136733 0.485677 0.0413895 0.122396 1.42844e-05
0 0.687361 0.216146 0.0502587 0.125 1.42886e-05
0 0.536031 0.742188 0.0484109 0.0976562 1.42952e-05
0 0.122136 0.217448 0.078714 0.151042 1.43231e-05
0 0.685698 0.950195 0.0343681 0.0996094 1.43511e-05
0 0.0140429 0.205078 0.0280857 0.188802 1.4387e-05
0 0.110126 0.0419922 0.0643016 0.0839844 1.44138e-05
0 0.136548 0.617839 0.0402809 0.117188 1.44203e-05
0 0.163525 0.175456 0.0506282 0.0996094 1.44393e-05
0 0.808019 0.529948 0.0432373 0.111979 1.44903e-05
0 0.487066 0.748698 0.0339985 0.09375 1.44919e-05
0 0.933666 0.918945 0.108278 0.162109 1.44944e-05
0 0.456208 0.458659 0.026238 0.111328 1.45233e-05
0 0.986881 0.0872396 0.026238 0.110677 1.45558e-05
0 0.129342 0.0286458 0.0473023 0.0572917 1.45636e-05
0 0.162047 0.749349 0.0439763 0.113281 1.45778e-05
0 0.793792 0.539388 0.0650406 0.20638 1.45841e-05
0 0.0870288 0.397135 0.0439763 0.110677 1.46131e-05
0 0.206578 0.515299 0.0628234 0.207682 1.46138e-05
0 0.677384 0.0501302 0.0591279 0.10026 1.46227e-05
0 0.726903 0.94401 0.0288248 0.0989583 1.46555e-05
0 0.722838 0.467122 0.0583888 0.160807 1.46796e-05
0 0.926829 0.695312 0.0517369 0.13151 1.46873e-05
0 1 0.329427 0 0.175781 1.47143e-05
0 0.186438 0.619466 0.0424982 0.123047 1.47334e-05
0 0.477642 0.770833 0.0905395 0.216146 1.47513e-05
0 0.260163 0.395833 0.0421286 0.113281 1.47749e-05
0 0.110126 0.329427 0.0983001 0.190104 1.48144e-05
0 0.501848 0.864583 0.0554324 0.135417 1.48326e-05
0 0.986327 0.063151 0.0273466 0.126302 1.4837e-05
0 0.761271 0.492839 0.0487805 0.108073 1.48508e-05
0 0.711567 0.707682 0.0461936 0.102865 1.48854e-05
0 0.687361 0.277995 0.0583888 0.145833 1.49064e-05
0 0.563378 0.880534 0.0373245 0.104818 1.49116e-05
0 0.935514 0.827474 0.04915 0.109375 1.49575e-05
0 0.986696 0.307943 0.0266075 0.11849 1.5077e-05
0 0.442905 0.291016 0.0506282 0.173177 1.5079e-05
0 0.859756 0.57194 0.0373245 0.11263 1.51861e-05
0 0.161863 0.485026 0.0428677 0.117188 1.51889e-05
0 0.129712 0.975911 0.0288248 0.0481771 1.51897e-05
0 0.0133038 0.136068 0.0266075 0.183594 1.52795e-05
0 0.117147 0.774089 0.0702143 0.171875 1.5304e-05
0 0.73762 0.660482 0.0480414 0.094401 1.53121e-05
0 0.0236511 0.53125 0.0473023 0.127604 1.53282e-05
0 0.133407 0.344076 0.0502587 0.125651 1.53742e-05
0 0.232631 0.961589 0.0602365 0.0768229 1.53885e-05
0 0.999261 0.582031 0.0014782 0.191406 1.53896e-05
0 0.711382 0.879883 0.0413895 0.102214 1.54026e-05
0 0.0408352 0.572917 0.0461936 0.123698 1.54192e-05
0 0.669993 0.0296224 0.0428677 0.0592448 1.54498e-05
0 0.421101 0.979167 0.0314117 0.0416667 1.54658e-05
0 0.467664 0.972982 0.0343681 0.0540365 1.55359e-05
0 0.293422 0.922201 0.0539542 0.155599 1.55626e-05
0 0.187177 0.655599 0.0572801 0.108073 1.55758e-05
0 0.538248 0.125651 0.0609756 0.134115 1.55763e-05
0 0.513119 0.558919 0.0343681 0.0865885 1.55978e-05
0 0.00997783 0.30599 0.0199557 0.130208 1.57009e-05
0 0.123614 0.164062 0.0631929 0.122396 1.57087e-05
0 0.620473 0.649089 0.0480414 0.160156 1.5749e-05
0 0.229305 0.970378 0.0144124 0.0592448 1.57873e-05
0 0.342757 0.513021 0.0373245 0.109375 1.58199e-05
0 0.059867 0.254557 0.075388 0.231771 1.58581e-05
0 0.926829 0.640299 0.0539542 0.130859 1.58637e-05
0 0.527901 0.457682 0.033629 0.139323 1.5881e-05
0 0.912417 0.75 0.0406504 0.122396 1.59343e-05
0 0.0397265 0.444987 0.0439763 0.119141 1.59407e-05
0 0.776238 0.682943 0.0846268 0.144531 1.59515e-05
0 0.162786 0.705404 0.0469327 0.115234 1.61321e-05
0 0.983925 0.0872396 0.0321508 0.174479 1.61407e-05
0 0.203806 0.96875 0.0144124 0.0625 1.61699e-05
0 0.98374 0.963216 0.0325203 0.0735677 1.61791e-05
0 0.444013 0.845052 0.0609756 0.109375 1.6184e-05
0 0.999815 1 0.000369549 0 1.62275e-05
0 0.933296 0.982747 0.0328899 0.0345052 1.62888e-05
0 0.83204 0.941732 0.0166297 0.116536 1.62931e-05
0 0.0807465 0.751302 0.0476718 0.134115 1.62933e-05
0 0.769217 0.919922 0.0594974 0.160156 1.62944e-05
0 0.0644863 0.167643 0.0580192 0.128255 1.63082e-05
0 0.00905395 0.169922 0.0181079 0.126302 1.63492e-05
0 0.285846 0.460612 0.0705839 0.14388 1.63643e-05
0 0.0840724 0.854492 0.0424982 0.142578 1.63931e-05
0 0.754435 0.894857 0.0535846 0.182943 1.64175e-05
0 0.587029 0.874349 0.0550628 0.10026 1.64501e-05
0 0.113082 0.705404 0.0443459 0.121745 1.64567e-05
0 0.828529 0.966471 0.0125647 0.0670573 1.65593e-05
0 0.197339 0.157227 0.0790835 0.149089 1.65694e-05
0 0.382483 0.274414 0.052476 0.110026 1.65883e-05
0 0.842757 0.168945 0.0624538 0.115234 1.66246e-05
0 0.862897 0.938151 0.0694752 0.123698 1.66339e-05
0 0.0609756 0.620768 0.0443459 0.115234 1.67067e-05
0 0.0149667 0.33431 0.0299335 0.220703 1.67436e-05
0 0.110865 0.619141 0.0428677 0.113281 1.67609e-05
0 0.233555 0.66276 0.0443459 0.117188 1.67677e-05
0 0.501293 0.652344 0.0454545 0.195312 1.67957e-05
0 0.661493 0.838216 0.0443459 0.107422 1.67991e-05
0 0.662417 0.950521 0.0624538 0.0989583 1.67991e-05
0 0.00831486 0.217448 0.0166297 0.130208 1.68103e-05
0 0.0946046 0.472331 0.0413895 0.17513 1.68696e-05
0 0.918145 0.515299 0.0609756 0.207682 1.68705e-05
0 0.00776053 0.85319 0.0155211 0.145182 1.69141e-05
0 0.565225 0.272461 0.0484109 0.116536 1.69193e-05
0 0.208795 0.578125 0.0813008 0.173177 1.69669e-05
0 0.757206 0.940755 0.0155211 0.11849 1.69743e-05
0 0.0554324 0.222656 0.0532151 0.128906 1.69897e-05
0 0.526053 0.96875 0.0306726 0.0625 1.69941e-05
0 0.62269 0.970052 0.0606061 0.0598958 1.70444e-05
0 0.474132 0.802083 0.045085 0.113281 1.70508e-05
0 0.760902 0.750977 0.045085 0.0996094 1.70671e-05
0 0.61105 0.745117 0.0506282 0.107422 1.71518e-05
0 0.802106 0.594076 0.0550628 0.138672 1.72409e-05
0 0.732446 0.942057 0.0162602 0.115885 1.72451e-05
0 0.182557 0.948568 0.0206948 0.102865 1.72539e-05
0 0.743902 0.970703 0.0635625 0.0585938 1.72586e-05
0 0.861973 0.484375 0.0432373 0.111979 1.7347e-05
0 0.986696 0.220052 0.0266075 0.117188 1.73872e-05
0 0.759793 0.705404 0.0458241 0.0996094 1.73932e-05
0 0.626571 0.0641276 0.0728012 0.128255 1.7396e-05
0 0.21286 0.401693 0.0428677 0.117188 1.74361e-05
0 0.68459 0.950195 0.0203252 0.0996094 1.74569e-05
0 0.179786 0.0569661 0.0831486 0.113932 1.74646e-05
0 0.656134 0.684245 0.0373245 0.123698 1.74821e-05
0 0.380636 0.92806 0.0960828 0.14388 1.74876e-05
0 0.0528455 0.324544 0.0591279 0.125651 1.74932e-05
0 0.289727 0.655273 0.0702143 0.132161 1.75396e-05
0 0.70861 0.945964 0.0181079 0.108073 1.75487e-05
0 0.334072 0.751628 0.0480414 0.108724 1.75496e-05
0 0.413525 0.222656 0.0650406 0.145833 1.75548e-05
0 0.570399 0.456055 0.026238 0.108724 1.7558e-05
0 0.484848 0.844401 0.0591279 0.128906 1.75736e-05
0 0.261271 0.657227 0.0739098 0.156901 1.75895e-05
0 0.77827 0.587565 0.0746489 0.128255 1.77128e-05
0 0.933851 0.397135 0.0443459 0.113281 1.78059e-05
0 0.365484 0.835938 0.0628234 0.13151 1.7893e-05
0 0.504619 0.329102 0.0447154 0.123047 1.79515e-05
0 0.547302 0.0247396 0.0421286 0.0494792 1.79773e-05
0 0.386733 0.311523 0.0432373 0.0904948 1.79801e-05
0 0.712306 0.792969 0.0469327 0.104167 1.79981e-05
0 0.702143 0.967448 0.0133038 0.0651042 1.8019e-05
0 0.21286 0.702799 0.0458241 0.111328 1.80426e-05
0 0.636179 0.310872 0.0439763 0.093099 1.80828e-05
0 0.206393 0.708008 0.0809313 0.167318 1.80829e-05
0 0.135255 0.660807 0.0443459 0.11849 1.80927e-05
0 0.988359 0.105794 0.0232816 0.155599 1.81234e-05
0 0.206578 0.936849 0.0236511 0.126302 1.81308e-05
0 0.838692 0.561849 0.0609756 0.178385 1.81852e-05
0 0.0837029 0.909831 0.0439763 0.136068 1.82229e-05
0 0.186992 0.702799 0.0458241 0.110026 1.82851e-05
0 0.783629 0.431315 0.0838877 0.177734 1.83011e-05
0 0.462676 0.279948 0.052476 0.136719 1.83394e-05
0 0.265891 0.464193 0.0705839 0.191406 1.84479e-05
0 0.998891 0.925456 0.00221729 0.149089 1.84552e-05
0 0.611419 0.264323 0.0417591 0.105469 1.84726e-05
0 0.985033 0.702474 0.0299335 0.126302 1.84785e-05
0 0.287509 0.310547 0.0399113 0.104167 1.85157e-05
0 0.189948 0.834961 0.0458241 0.10612 1.85969e-05
0 0.68459 0.880859 0.0417591 0.101562 1.86467e-05
0 0.613267 0.455729 0.0535846 0.16276 1.86642e-05
0 0.613452 0.881185 0.0413895 0.10612 1.86836e-05
0 0.383962 0.966146 0.0591279 0.0677083 1.87434e-05
0 0.617332 0.933919 0.0424982 0.132161 1.87714e-05
0 0.755174 0.915365 0.0395418 0.108073 1.87961e-05
0 0.761641 0.662109 0.0458241 0.0963542 1.88388e-05
0 0.684775 0.798503 0.0672579 0.133464 1.8895e-05
0 0.388211 0.83431 0.0395418 0.0970052 1.89979e-05
0 0.232816 0.443034 0.0458241 0.108724 1.9001e-05
0 0.436068 0.265625 0.037694 0.101562 1.90483e-05
0 0.264597 0.273112 0.0428677 0.128255 1.90858e-05
0 0.736327 0.707031 0.0476718 0.0989583 1.91199e-05
0 0.265336 0.75293 0.0569106 0.119141 1.95309e-05
0 0.837953 0.673177 0.0602365 0.161458 1.95487e-05
0 0.651515 0.730469 0.0790835 0.169271 1.96124e-05
0 0.736511 0.749674 0.0480414 0.100911 1.96375e-05
0 0.191796 0.0218099 0.0458241 0.0436198 1.96823e-05
0 0.171471 0.938151 0.0805617 0.123698 1.97059e-05
0 0.31578 0.0436198 0.0587583 0.0872396 1.9751e-05
0 0.633222 0.0436198 0.0521064 0.0872396 1.97948e-05
0 0.0798226 0.223307 0.0509978 0.128906 1.98434e-05
0 0.321138 0.852865 0.0509978 0.121094 1.98809e-05
0 0.163341 0.660156 0.0480414 0.113281 1.98882e-05
0 0.0177384 1 0.0354767 0 1.99094e-05
0 0.213415 0.21875 0.0432373 0.105469 1.99126e-05
0 0.795824 0.0403646 0.0617147 0.0807292 1.99712e-05
0 0.73799 0.833984 0.0458241 0.102865 2.01298e-05
0 0.086105 0.572591 0.0428677 0.120443 2.01889e-05
0 0.7051 0.915039 0.0421286 0.121745 2.01963e-05
0 0.188101 0.57194 0.0391722 0.120443 2.0213e-05
0 0.117886 0.311198 0.0465632 0.117188 2.02289e-05
0 0.859756 0.527018 0.0402809 0.110026 2.02467e-05
0 0.264412 0.317057 0.04915 0.123698 2.02529e-05
0 0.804509 0.371745 0.067997 0.205729 2.02987e-05
0 0.194568 0.219076 0.0794531 0.145182 2.03038e-05
0 0.73799 0.795247 0.0473023 0.102214 2.04331e-05
0 0.686253 0.311849 0.0406504 0.0976562 2.04728e-05
0 0.751848 0.94401 0.0277162 0.10026 2.0483e-05
0 0.985218 0.526042 0.0295639 0.123698 2.04893e-05
0 0.980229 0.994792 0.0351072 0.0104167 2.06062e-05
0 0.54102 0.923503 0.0487805 0.149089 2.06322e-05
0 0.995565 0.799805 0.00886918 0.23112 2.0653e-05
0 0.99963 0.993815 0.000739098 0.0123698 2.06574e-05
0 0.764967 0.942383 0.0317812 0.104818 2.07247e-05
0 0.212491 0.791016 0.067997 0.102865 2.07499e-05
0 0.506467 0.288086 0.0328899 0.134766 2.07921e-05
0 0.00776053 0.128255 0.0155211 0.132812 2.09325e-05
0 0.433481 0.368164 0.0413895 0.14388 2.09476e-05
0 0.443644 0.457357 0.0351072 0.110026 2.0986e-05
0 0.152439 0.977214 0.0365854 0.0455729 2.1011e-05
0 0.549704 0.0634766 0.071323 0.126953 2.10609e-05
0 0.0807465 0.802409 0.0432373 0.133464 2.10693e-05
0 0.295455 0.542969 0.0602365 0.111979 2.10853e-05
0 0.604028 0.16276 0.056541 0.111979 2.11069e-05
0 0.00905395 0.612956 0.0181079 0.14388 2.12125e-05
0 0.635994 0.880859 0.0421286 0.106771 2.1275e-05
0 0.320399 0.923828 0.0990392 0.152344 2.1287e-05
0 0.0875831 0.704753 0.0428677 0.115234 2.13034e-05
0 0.210458 0.570312 0.0454545 0.11849 2.13081e-05
0 0.461752 0.724609 0.0521064 0.179688 2.13275e-05
0 0.663341 0.158529 0.0502587 0.113932 2.14119e-05
0 0.308758 0.0250651 0.04102 0.0501302 2.14558e-05
0 0.34405 0.448893 0.0421286 0.116536 2.1456e-05
0 0.642092 0.926432 0.04915 0.147135 2.15533e-05
0 0.593311 0.273438 0.0461936 0.115885 2.15555e-05
0 0.728012 0.966146 0.0125647 0.0677083 2.15651e-05
0 0.373799 0.0472005 0.0602365 0.094401 2.15672e-05
0 0.709534 0.748372 0.0487805 0.100911 2.1776e-05
0 0.511641 0.0520833 0.0513673 0.104167 2.18519e-05
0 0.763304 0.879557 0.0417591 0.101562 2.19253e-05
0 0.787509 0.941732 0.0428677 0.116536 2.19753e-05
0 0.999815 0.72168 0.000369549 0.192057 2.20295e-05
0 0.783259 0.167969 0.056541 0.108073 2.20499e-05
0 0.366593 0.0289714 0.0421286 0.0579427 2.21117e-05
0 0.984664 0.748698 0.0232816 0.143229 2.21368e-05
0 0.110495 0.526693 0.0399113 0.122396 2.22319e-05
0 0.795639 0.273763 0.0687361 0.181641 2.22677e-05
0 0.890798 0.44401 0.04102 0.115885 2.22812e-05
0 0.116962 0.673503 0.0676275 0.163411 2.2349e-05
0 0.295824 0.752279 0.0580192 0.116536 2.24648e-05
0 0.0190318 1 0.0380636 0 2.25829e-05
0 0.986142 0.439453 0.026238 0.119792 2.25911e-05
0 0.5534 0.449544 0.0306726 0.130859 2.26655e-05
0 0.189394 0.175456 0.0528455 0.0996094 2.26702e-05
0 0.984848 0.658854 0.0243902 0.143229 2.27812e-05
0 0.935698 0.792969 0.0384331 0.119792 2.2782e-05
0 0.0873984 0.659831 0.0432373 0.11263 2.28246e-05
0 0.536216 0.849935 0.0480414 0.113932 2.28436e-05
0 0.641353 0.655599 0.0461936 0.11849 2.28621e-05
0 0.560237 0.22819 0.059867 0.151693 2.29024e-05
0 0.43459 0.441081 0.0295639 0.124349 2.29649e-05
0 0.364191 0.970703 0.0225425 0.0585938 2.30087e-05
0 0.406689 0.0403646 0.0550628 0.0807292 2.31364e-05
0 0.442166 0.802409 0.0476718 0.111328 2.31961e-05
0 0.448817 0.108398 0.0513673 0.151693 2.32223e-05
0 0.413895 0.850586 0.0502587 0.115234 2.32606e-05
0 0.982077 0.164388 0.0358463 0.129557 2.3269e-05
0 0.0456393 0.932943 0.0683666 0.134115 2.32847e-05
0 0.635255 0.837565 0.0428677 0.108724 2.33557e-05
0 0.475055 0.0605469 0.0705839 0.121094 2.33626e-05
0 0.807465 0.941732 0.0162602 0.116536 2.33646e-05
0 0.805987 0.848958 0.0650406 0.158854 2.34559e-05
0 0.266445 0.57487 0.0768662 0.164062 2.35059e-05
0 0.00517369 0.0263672 0.0103474 0.0527344 2.35166e-05
0 0.729305 0.0283203 0.0439763 0.0566406 2.35642e-05
0 0.931449 0.752604 0.0513673 0.135417 2.35729e-05
0 0.876016 0.69987 0.0801922 0.13151 2.35918e-05
0 0.0295639 0.997721 0.0391722 0.00455729 2.3629e-05
0 0.777901 0.0325521 0.0591279 0.0651042 2.36454e-05
0 0.986327 0.227865 0.0273466 0.242188 2.36648e-05
0 0.925905 0.59082 0.0506282 0.13737 2.37212e-05
0 0.41371 0.966797 0.0306726 0.0664062 2.37441e-05
0 0.589246 0.974935 0.0218034 0.0501302 2.37986e-05
0 0.661308 0.881836 0.0424982 0.103516 2.38241e-05
0 0.36105 0.3125 0.0413895 0.0898438 2.38366e-05
0 0.323171 0.967773 0.056541 0.0644531 2.38632e-05
0 0.293792 0.851562 0.0554324 0.11849 2.39096e-05
0 0.0596822 0.867188 0.0646711 0.148438 2.39934e-05
0 0.986142 0.955404 0.0277162 0.0891927 2.40009e-05
0 0.288803 0.352539 0.0424982 0.10612 2.40135e-05
0 0.062269 0.705078 0.0417591 0.109375 2.40556e-05
0 0.990577 0.0621745 0.018847 0.124349 2.40887e-05
0 0.563193 0.312826 0.0369549 0.0957031 2.41195e-05
0 0.541759 0.166667 0.0495196 0.109375 2.42464e-05
0 0.555617 0.0426432 0.0528455 0.0852865 2.42584e-05
0 0.8034 0.967448 0.0125647 0.0651042 2.43735e-05
0 0.989283 0.638997 0.0214339 0.171224 2.45685e-05
0 0.0210643 0.485026 0.0413895 0.132812 2.4587e-05
0 0.467664 0.452148 0.0284553 0.110026 2.46255e-05
0 0.77864 0.968424 0.0125647 0.063151 2.47552e-05
0 0.345713 0.660156 0.0513673 0.144531 2.47989e-05
0 0.183481 0.564128 0.0676275 0.164714 2.48494e-05
0 0.635994 0.75 0.0436068 0.106771 2.4861e-05
0 0.179786 0.355469 0.0676275 0.16276 2.49123e-05
0 0.943644 0.220052 0.071323 0.122396 2.49261e-05
0 0.259608 0.486654 0.0469327 0.119141 2.50191e-05
0 0.985403 0.572266 0.026238 0.134115 2.50257e-05
0 0.891537 0.523112 0.0506282 0.108724 2.50723e-05
0 0.788987 0.963216 0.0258684 0.0735677 2.50752e-05
0 0.863821 0.222656 0.078714 0.123698 2.50801e-05
0 0.273651 0.210286 0.0668884 0.136719 2.5124e-05
0 0.78289 0.941081 0.0158906 0.117839 2.5145e-05
0 0.432003 0.680013 0.0502587 0.189453 2.52049e-05
0 0.945307 0.457357 0.0783444 0.141276 2.52518e-05
0 0.862897 0.438477 0.0657797 0.167318 2.52899e-05
0 0.0181079 0.452799 0.0362158 0.242839 2.53028e-05
0 0.762565 0.83431 0.0454545 0.100911 2.53463e-05
0 0.0247598 0.328125 0.0473023 0.130208 2.53549e-05
0 0.494826 0.166667 0.0532151 0.190104 2.5359e-05
0 0.138581 0.972005 0.0206948 0.0559896 2.54869e-05
0 0.00776053 0.789714 0.0155211 0.139323 2.55031e-05
0 0.730414 0.893555 0.0469327 0.138672 2.55679e-05
0 0.986511 0.439453 0.0269771 0.236979 2.5576e-05
0 0.706948 0.0517578 0.0487805 0.103516 2.55844e-05
0 0.779194 0.639323 0.0654102 0.130208 2.56496e-05
0 0.210273 0.175781 0.0465632 0.10026 2.56655e-05
0 0.61493 0.291341 0.0776053 0.16862 2.58165e-05
0 0.110495 0.954102 0.0635625 0.0917969 2.59325e-05
0 0.00831486 0.921875 0.0166297 0.134115 2.61123e-05
0 0.557465 0.838542 0.0558019 0.09375 2.62675e-05
0 0.249446 0.0195312 0.0458241 0.0390625 2.62962e-05
0 0.332225 0.555339 0.0509978 0.117188 2.64665e-05
0 0.757391 0.953451 0.0646711 0.093099 2.66538e-05
0 0.798411 0.952799 0.0432373 0.094401 2.67007e-05
0 0.109017 0.443034 0.0399113 0.104818 2.67015e-05
0 0.196046 0.927083 0.0417591 0.106771 2.68231e-05
0 0.00960828 0.0159505 0.0192166 0.031901 2.68372e-05
0 0.0567258 0.775716 0.0631929 0.150391 2.69757e-05
0 0.687546 0.946289 0.0661493 0.107422 2.7121e-05
0 0.953622 0.715495 0.0816704 0.144531 2.71781e-05
0 0.75388 0.967773 0.0125647 0.0644531 2.72704e-05
0 0.836659 0.921875 0.075388 0.15625 2.73483e-05
0 0.013119 0.0764974 0.026238 0.152995 2.73536e-05
0 0.252956 0.054362 0.071323 0.108724 2.74609e-05
0 0.479675 0.0397135 0.0517369 0.0794271 2.75092e-05
0 0.427384 0.159831 0.0506282 0.111328 2.75218e-05
0 0.305432 0.164714 0.0558019 0.115885 2.75259e-05
0 0.346452 0.35319 0.0439763 0.120443 2.77984e-05
0 0.405395 0.727539 0.0480414 0.138672 2.78842e-05
0 0.232631 0.806315 0.0602365 0.113932 2.79472e-05
0 0.123614 0.269857 0.0617147 0.119141 2.8062e-05
0 0.0160754 0.0332031 0.0321508 0.0664062 2.81295e-05
0 0.0661493 0.270508 0.0583888 0.116536 2.82122e-05
0 0.900961 0.273438 0.0569106 0.122396 2.83241e-05
0 0.941057 0.342448 0.0698448 0.125 2.84171e-05
0 0.322062 0.739909 0.0801922 0.164714 2.84363e-05
0 0.363636 0.159505 0.0576497 0.117188 2.84471e-05
0 0.873984 0.570964 0.0739098 0.14974 2.84481e-05
0 0.656504 0.427409 0.0388027 0.149089 2.84635e-05
0 0.117517 0.560547 0.0620843 0.178385 2.8464e-05
0 0.181818 0.262695 0.0620843 0.130859 2.85219e-05
0 0.26238 0.535482 0.0532151 0.116536 2.8532e-05
0 0.977273 0.263346 0.0380636 0.13737 2.85503e-05
0 0.0121951 0.257812 0.0243902 0.136719 2.90844e-05
0 0.705469 0.392904 0.0546933 0.129557 2.9147e-05
0 0 0.979167 0 0.0416667 2.92404e-05
0 0.983555 0.875326 0.0328899 0.249349 2.95317e-05
0 0.677199 0.450846 0.0432373 0.181641 2.95322e-05
0 0.952698 0.581055 0.0813008 0.14388 2.96157e-05
0 0.723208 0.162435 0.0532151 0.110026 2.97115e-05
0 0.648744 0.798828 0.0654102 0.13151 2.97949e-05
0 0.813008 0.914714 0.059867 0.170573 2.99686e-05
0 0.711752 0.93457 0.0731707 0.130859 3.00635e-05
0 0.333149 0.0419922 0.0550628 0.0839844 3.00979e-05
0 0.551367 0.96875 0.0295639 0.0625 3.02022e-05
0 0.593496 0.843099 0.0569106 0.106771 3.02056e-05
0 0.978197 0.854818 0.0413895 0.166667 3.03313e-05
0 0.78714 0.873698 0.0554324 0.09375 3.03414e-05
0 0.736327 0.923503 0.0757576 0.152995 3.04134e-05
0 0.11918 0.366211 0.0587583 0.141276 3.05637e-05
0 0.786401 0.33431 0.0731707 0.145182 3.06556e-05
0 0.988174 0.90332 0.0236511 0.171224 3.06584e-05
0 0.789357 0.940104 0.0280857 0.0989583 3.06673e-05
0 0.640613 0.226562 0.0624538 0.15625 3.0692e-05
0 0.714523 0.943359 0.0321508 0.109375 3.07302e-05
0 0.00868441 0.35026 0.0173688 0.126302 3.08059e-05
0 0.345528 0.220703 0.0591279 0.153646 3.09094e-05
0 0.987251 0.396159 0.0254989 0.113932 3.1009e-05
0 0.502217 0.799805 0.0554324 0.129557 3.10169e-05
0 0.189024 0.443685 0.0454545 0.103516 3.10199e-05
0 0.0166297 0.965495 0.0332594 0.0690104 3.10326e-05
0 0.081116 0.324544 0.0587583 0.136068 3.11406e-05
0 0.259239 0.925781 0.108278 0.148438 3.11792e-05
0 0.245011 0.263997 0.0546933 0.126953 3.127e-05
0 0.988174 0.359375 0.0236511 0.175781 3.12921e-05
0 0.792683 0.892578 0.0613452 0.183594 3.18479e-05
0 0.0574649 0.570638 0.0624538 0.166016 3.20081e-05
0 0.97986 0.776042 0.0402809 0.175781 3.21196e-05
0 0.0232816 0.054362 0.0465632 0.108724 3.23064e-05
0 0.605506 0.0572917 0.0447154 0.114583 3.24583e-05
0 0.990022 0.0345052 0.0199557 0.0690104 3.25059e-05
0 0.686807 0.749023 0.0476718 0.100911 3.2534e-05
0 0.271064 0.0530599 0.0439763 0.10612 3.25955e-05
0 0.933666 0.529948 0.0484109 0.115885 3.27006e-05
0 0.898559 0.676758 0.0646711 0.164714 3.27244e-05
0 0.181264 0.897461 0.0521064 0.158203 3.28752e-05
0 0.0232816 0.379557 0.0436068 0.128906 3.29247e-05
0 0.662602 0.749674 0.0473023 0.103516 3.29516e-05
0 0.707317 0.331055 0.0532151 0.120443 3.30914e-05
0 0.571693 0.866211 0.0569106 0.152995 3.31558e-05
0 0.47986 0.163086 0.0484109 0.103516 3.32289e-05
0 0.12694 0.944661 0.0388027 0.110677 3.32478e-05
0 0.405765 0.380859 0.0443459 0.200521 3.35217e-05
0 0.9017 0.568359 0.059867 0.165365 3.35235e-05
0 0.349409 0.799805 0.0757576 0.126953 3.36649e-05
0 0.850702 0.944987 0.0310421 0.110026 3.37888e-05
0 0.211936 0.833659 0.0550628 0.0970052 3.38022e-05
0 0.262749 0.804036 0.0583888 0.117188 3.38184e-05
0 0.789911 0.212891 0.0757576 0.130208 3.38286e-05
0 0.788987 0.836263 0.0465632 0.103516 3.38832e-05
0 0.513858 0.967122 0.0306726 0.0657552 3.40409e-05
0 0.609941 0.826497 0.0661493 0.0904948 3.41482e-05
0 0.908906 0.440755 0.0417591 0.11849 3.41837e-05
0 0.457687 0.164388 0.0550628 0.179036 3.43357e-05
0 0.0107169 0.402995 0.0214339 0.183594 3.44274e-05
0 0.315595 0.920573 0.0509978 0.158854 3.4487e-05
0 0.211197 0.896159 0.0631929 0.184245 3.49003e-05
0 0.77827 0.801758 0.0746489 0.125651 3.50788e-05
0 0.107908 0.483724 0.0399113 0.113281 3.5205e-05
0 0.0210643 0.431966 0.0406504 0.130859 3.52168e-05
0 0.414634 0.310547 0.0406504 0.0898438 3.52241e-05
0 0.058204 0.679688 0.0676275 0.147135 3.52809e-05
0 0.20122 0.922526 0.108278 0.154948 3.53753e-05
0 0.0471175 0.976888 0.0447154 0.046224 3.54332e-05
0 0.984109 0.624023 0.0317812 0.272786 3.54392e-05
0 0.609941 0.30599 0.0432373 0.0924479 3.5566e-05
0 0.381375 0.963216 0.0273466 0.0735677 3.5603e-05
0 0.981523 0.0439453 0.0369549 0.0878906 3.56073e-05
0 0.0421286 0.488607 0.0436068 0.111328 3.56791e-05
0 0.157243 0.966471 0.0232816 0.0670573 3.56829e-05
0 0.430894 0.0566406 0.045085 0.113281 3.57026e-05
0 0.455285 0.677409 0.037694 0.151693 3.57214e-05
0 0.975055 0.370117 0.04102 0.151693 3.5861e-05
0 0.21323 0.440104 0.0509978 0.0950521 3.59936e-05
0 0.00960828 0.482096 0.0192166 0.132161 3.63211e-05
0 0.976903 0.675781 0.0439763 0.177083 3.63482e-05
0 0.181633 0.460612 0.0676275 0.186849 3.64317e-05
0 0.986327 0.545573 0.0273466 0.242188 3.64628e-05
0 0.682557 0.535482 0.0443459 0.107422 3.64796e-05
0 0.013119 0.910156 0.026238 0.179688 3.65877e-05
0 0.056541 0.515951 0.0509978 0.159505 3.65911e-05
0 0.260902 0.973307 0.0569106 0.0533854 3.68129e-05
0 0.962676 0.83138 0.0746489 0.140625 3.7224e-05
0 0.42221 0.282878 0.0528455 0.149089 3.79099e-05
0 0.852919 0.348307 0.0502587 0.16276 3.79141e-05
0 0.436253 0.310872 0.0395418 0.0917969 3.79407e-05
0 0.086844 0.447266 0.0406504 0.105469 3.79699e-05
0 0.00184775 0.0377604 0.00369549 0.0755208 3.79815e-05
0 0.47949 0.660482 0.0321508 0.154297 3.80232e-05
0 0.190133 0.485677 0.0447154 0.106771 3.83083e-05
0 0.240576 0.925456 0.0391722 0.149089 3.86316e-05
0 0.904102 0.966797 0.0365854 0.0664062 3.88115e-05
0 0.0539542 0.956055 0.0465632 0.0878906 3.9113e-05
0 0.279933 0.935221 0.0424982 0.129557 3.9298e-05
0 0.786216 0.532552 0.0469327 0.106771 3.93396e-05
0 0.544346 0.655924 0.0421286 0.172526 3.93999e-05
0 0.24187 0.163086 0.0572801 0.102214 3.95225e-05
0 0.58592 0.3125 0.0395418 0.09375 3.95245e-05
0 0.0199557 0.930664 0.0399113 0.138672 3.99656e-05
0 0.360495 0.712891 0.0816704 0.164062 4.00401e-05
0 0.218219 0.466797 0.0631929 0.173177 4.00695e-05
0 0.0617147 0.458659 0.0583888 0.16862 4.00927e-05
0 0.759423 0.615234 0.0495196 0.0950521 4.10429e-05
0 0.866593 0.940755 0.0384331 0.11849 4.11767e-05
0 0.386548 0.800456 0.0532151 0.11263 4.11791e-05
0 0.61918 0.333333 0.0358463 0.123698 4.13333e-05
0 0.0197709 0.857422 0.0395418 0.179688 4.14484e-05
0 0.189394 0.529948 0.04102 0.114583 4.1573e-05
0 0.201404 0.97168 0.0620843 0.0566406 4.18217e-05
0 0.261641 0.850586 0.0561715 0.113932 4.22322e-05
0 0.481153 0.377604 0.0421286 0.1875 4.22509e-05
0 0.256098 0.361328 0.0576497 0.166667 4.22586e-05
0 0.491685 0.232747 0.0587583 0.152995 4.23932e-05
0 0.678862 0.933268 0.0421286 0.133464 4.24106e-05
0 0.59405 0.676758 0.0373245 0.129557 4.24589e-05
0 0.0109017 0.535807 0.0218034 0.188802 4.2463e-05
0 0.537509 0.802083 0.0454545 0.113281 4.2498e-05
0 0.0105322 0.99707 0.0210643 0.00585938 4.25273e-05
0 0.00609756 0.984701 0.0121951 0.030599 4.26014e-05
0 0.0685514 0.365885 0.0587583 0.136719 4.26081e-05
0 0.715262 0.275391 0.0572801 0.13151 4.30612e-05
0 0.40133 0.968099 0.0280857 0.0638021 4.30871e-05
0 1 0.0403646 0 0.0807292 4.3259e-05
0 0.97524 0.566732 0.0443459 0.176432 4.35303e-05
0 0.226164 0.923828 0.0428677 0.126302 4.38204e-05
0 0.786216 0.919922 0.0742794 0.160156 4.3943e-05
0 0.492609 0.971354 0.0317812 0.0572917 4.40884e-05
0 0.211013 0.925781 0.0406504 0.115885 4.42021e-05
0 0.891353 0.487305 0.0399113 0.113932 4.47147e-05
0 0.54527 0.291992 0.0513673 0.132161 4.47362e-05
0 0.842757 0.28418 0.0528455 0.128255 4.50159e-05
0 0.316149 0.801107 0.0728012 0.132161 4.53216e-05
0 0.594974 0.716797 0.0731707 0.136719 4.53765e-05
0 0.975055 0.466471 0.0417591 0.17513 4.5862e-05
0 0.591833 0.346029 0.0439763 0.134766 4.61572e-05
0 0.113452 0.455404 0.0576497 0.190755 4.61611e-05
0 0.361789 0.286133 0.0635625 0.147786 4.66977e-05
0 0.234664 0.487956 0.0495196 0.10612 4.73484e-05
0 0.899298 0.370768 0.0558019 0.162109 4.73591e-05
0 0.88082 0.930664 0.0498891 0.138672 4.77102e-05
0 0.98799 0.936849 0.0240207 0.126302 4.78395e-05
0 0.236881 0.529297 0.0517369 0.106771 4.82749e-05
0 0.231707 0.850911 0.059867 0.108073 4.83696e-05
0 0.709719 0.223958 0.0594974 0.161458 4.83855e-05
0 0.0123799 0.366211 0.0247598 0.139974 4.86678e-05
0 0.654841 0.935547 0.0406504 0.125 4.94094e-05
0 0.412602 0.802083 0.0506282 0.111979 4.95902e-05
0 0.961197 0.986003 0.045085 0.0279948 4.97453e-05
0 0.556171 0.366536 0.0325203 0.140625 4.98141e-05
0 0.02051 0.715495 0.04102 0.165365 5.00835e-05
0 0.615115 0.809896 0.0809313 0.205729 5.0389e-05
0 0.166851 0.942057 0.0343681 0.0963542 5.12697e-05
0 0.478381 0.296549 0.0454545 0.134766 5.1968e-05
0 0.891353 0.956706 0.0391722 0.0865885 5.25103e-05
0 0.986327 0.0175781 0.0273466 0.0351562 5.30363e-05
0 0.0107169 0.570964 0.0214339 0.166667 5.30639e-05
0 0.839246 0.378255 0.0458241 0.164062 5.30696e-05
0 0.540281 0.343424 0.0473023 0.132161 5.34173e-05
0 0.947709 0.936523 0.0572801 0.126953 5.36087e-05
0 0.213045 0.527018 0.0476718 0.111328 5.49736e-05
0 0.255913 0.923177 0.0439763 0.139323 5.56104e-05
0 0.0116408 0.465169 0.0232816 0.155599 5.6631e-05
0 0.0203252 0.582031 0.0406504 0.14974 5.6984e-05
0 0.455469 0.95931 0.0373245 0.0813802 5.74438e-05
0 0.898189 0.460286 0.0550628 0.190104 5.80275e-05
0 0.136548 0.907227 0.0572801 0.185547 5.81727e-05
0 0.390244 0.379557 0.0473023 0.161458 5.82054e-05
0 0.692166 0.9375 0.0347376 0.113281 5.86568e-05
0 0.41408 0.723633 0.0772358 0.225911 5.87609e-05
0 0.426829 0.966471 0.0310421 0.0670573 5.91277e-05
0 0.481892 0.718424 0.0509978 0.16862 5.92478e-05
0 0.330192 0.460286 0.0498891 0.197917 5.92731e-05
0 0.00997783 0.0592448 0.0199557 0.11849 5.98364e-05
0 0.0933112 0.958984 0.0424982 0.0820312 6.09996e-05
0 0.0190318 0.829427 0.0380636 0.158854 6.16424e-05
0 0.570399 0.677409 0.0343681 0.133464 6.22011e-05
0 0.0105322 0.662435 0.0210643 0.189453 6.26307e-05
0 0.213045 0.483073 0.0439763 0.106771 6.26433e-05
0 0.294346 0.401042 0.0794531 0.130208 6.33354e-05
0 0.9102 0.488932 0.0413895 0.117188 6.35469e-05
0 0.570399 0.813151 0.0728012 0.209635 6.58113e-05
0 0.381929 0.455078 0.0373245 0.113281 6.59691e-05
0 0.738914 0.609049 0.0521064 0.0891927 6.97021e-05
0 0.477273 0.965169 0.0328899 0.0696615 6.99913e-05
0 0.00886918 0.773438 0.0177384 0.160156 7.02694e-05
0 0.464708 0.339193 0.0476718 0.125 7.15524e-05
0 0.947339 0.788737 0.0698448 0.202474 7.23667e-05
0 0.987066 0.704753 0.0258684 0.233724 7.40474e-05
0 0.0103474 0.733073 0.0206948 0.195312 7.43572e-05
0 0.915743 0.416992 0.0591279 0.219401 7.43719e-05
0 0.448448 0.557943 0.0343681 0.102865 7.59655e-05
0 0.577051 0.672201 0.0757576 0.208984 7.63515e-05
0 0.920177 0.943685 0.0517369 0.11263 7.72382e-05
0 0.296009 0.602539 0.082779 0.123047 7.72712e-05
0 0.0813008 0.512695 0.0554324 0.192057 7.95694e-05
0 0.0667036 0.489258 0.0417591 0.102214 8.26835e-05
0 0.0910939 0.939128 0.0646711 0.121745 8.4044e-05
0 0.0805617 0.982422 0.0539542 0.0351562 8.47614e-05
0 0.311715 0.282552 0.0498891 0.154948 8.60598e-05
0 0.564856 0.44694 0.0439763 0.163411 8.68892e-05
0 0.949187 0.972982 0.0380636 0.0540365 8.72773e-05
0 0.659091 0.291016 0.0609756 0.148438 8.90212e-05
0 0.988914 0.982422 0.0221729 0.0351562 9.07285e-05
0 0.620658 0.800456 0.0631929 0.110026 9.25425e-05
0 0.376016 0.656901 0.0506282 0.130208 9.2663e-05
0 0.791574 0.91276 0.0421286 0.115885 9.30998e-05
0 0.00960828 0.948242 0.0192166 0.103516 9.46959e-05
0 0.778086 0.938802 0.0321508 0.10026 9.47679e-05
0 0.0120103 0.798828 0.0240207 0.199219 9.53482e-05
0 0.393939 0.682292 0.0813008 0.19401 9.73071e-05
0 0.0846268 0.486654 0.0399113 0.107422 9.88209e-05
0 0.588137 0.452148 0.0402809 0.162109 9.88225e-05
0 0.564671 0.96875 0.0273466 0.0625 9.90848e-05
0 0.56578 0.803711 0.052476 0.107422 0.000104353
0 0.984848 0.832357 0.0206948 0.166016 0.00010442
0 0.0103474 1 0.0206948 0 0.000104625
0 0.52827 0.662109 0.0358463 0.148438 0.000104817
0 0.657613 0.629232 0.0594974 0.158203 0.000105906
0 0.699926 0.590495 0.0576497 0.143229 0.000106865
0 0.0243902 0.987305 0.0487805 0.0253906 0.000112762
0 0.325203 0.343099 0.045085 0.121094 0.000113337
0 0.455654 0.36849 0.0354767 0.141927 0.000119568
0 0.593311 0.80306 0.0594974 0.107422 0.000120681
0 0.723208 0.547852 0.059867 0.13737 0.000120914
0 0.581116 0.584961 0.0469327 0.152995 0.000121677
0 0.875277 0.966471 0.0247598 0.0670573 0.000122017
0 0.0733555 0.947591 0.0521064 0.104818 0.000122653
0 0.15133 0.926758 0.0461936 0.146484 0.000135243
0 0.567627 0.354818 0.037694 0.144531 0.000137381
0 0.929786 0.959961 0.0421286 0.0800781 0.000141448
0 0.84405 0.388997 0.067997 0.296224 0.000156657
0 0.307465 0.357422 0.0657797 0.164062 0.000160494
0 0.55765 0.701497 0.0583888 0.17513 0.000174007
0 0.439763 0.957357 0.0347376 0.0852865 0.00018383
0 0.358278 0.416016 0.0476718 0.175781 0.000190089
0 0.649298 0.379232 0.0546933 0.17513 0.000191319
0 0.611789 0.377279 0.0395418 0.152995 0.000208896
0 0.0110865 0.862956 0.0221729 0.190755 0.000222113
0 0.116593 0.961263 0.0343681 0.077474 0.000276387
0 0.612528 0.593424 0.0580192 0.16862 0.000280652
0 0.317997 0.583333 0.0439763 0.130208 0.000284
0 0.742794 0.560221 0.059867 0.0839844 0.000322628
0 0.538987 0.450195 0.0343681 0.173828 0.000351131
0 0.313378 0.647786 0.0790835 0.191406 0.000421279
0 0.427753 0.585612 0.0528455 0.149089 0.0004239
0 0.0613452 0.971354 0.0384331 0.0572917 0.000452625
0 0.986327 0.811523 0.0273466 0.266276 0.000524369
0 0.509608 0.430013 0.0273466 0.171224 0.000538935
0 0.753695 0.556315 0.0617147 0.138672 0.000649521
0 0.688655 0.398438 0.0476718 0.169271 0.00137456
0 0.436807 0.584635 0.0280857 0.125 0.00169904
0 0.319475 0.392904 0.0476718 0.14388 0.00302361
0 0.357354 0.608073 0.059867 0.166667 0.017205
0 0.473392 0.588542 0.0332594 0.140625 0.0216645
0 0.579084 0.620117 0.121212 0.172526 0.16675
0 0.478566 0.605469 0.0790835 0.165365 0.190742
0 0.443274 0.622396 0.0461936 0.178385 0.221116
0 0.604767 0.404948 0.0898004 0.177083 0.292819
0 0.54952 0.410807 0.0724316 0.192708 0.30794
0 0.505358 0.598958 0.063932 0.154948 0.322916
0 0.408537 0.409505 0.0986696 0.18099 0.341453
0 0.464339 0.405599 0.0764967 0.18099 0.356121
0 0.533814 0.610352 0.0365854 0.155599 0.705315
0 0.499261 0.602214 0.0266075 0.151042 0.705523
0 0.461567 0.41569 0.030303 0.184245 0.746857
0 0.513673 0.599935 0.0288248 0.149089 0.773614
0 0.482446 0.605794 0.0210643 0.155599 0.788284
0 0.461382 0.621094 0.033629 0.192708 0.795798
0 0.33592 0.60612 0.0554324 0.152344 0.808504
0 0.521803 0.416992 0.0325203 0.186849 0.817496
0 0.547487 0.408529 0.0284553 0.192057 0.819612
0 0.596268 0.404948 0.0328899 0.190104 0.825646
0 0.573725 0.402018 0.0306726 0.188151 0.831307
0 0.565595 0.635091 0.0476718 0.169922 0.833014
0 0.414265 0.639974 0.0569106 0.191406 0.834125
0 0.590909 0.626628 0.0502587 0.17513 0.844868
0 0.415373 0.416992 0.0369549 0.177734 0.851406
0 0.63119 0.410807 0.0443459 0.175781 0.85205
0 0.442166 0.405924 0.0424982 0.188151 0.854008
0 0.380451 0.416341 0.04915 0.172526 0.854789
0 0.490577 0.418945 0.0328899 0.179036 0.856185
0 0.672395 0.592448 0.0580192 0.157552 0.862924
0 0.669254 0.393555 0.0509978 0.184245 0.863794
0 0.379527 0.623047 0.0790835 0.175781 0.869646
0 0.3398 0.402344 0.0521064 0.179688 0.872704
0 0.632483 0.613281 0.0742794 0.179688 0.89509
