0 0.188753 1 0.0612472 0 1.0233e-05
0 0.274128 0.973064 0.0196733 0.0538721 1.02576e-05
0 0.612843 0.0757576 0.0467706 0.117845 1.03218e-05
0 0.717335 0.883838 0.0523385 0.155556 1.033e-05
0 0.648664 0.0703704 0.0842613 0.140741 1.03369e-05
0 0.891982 0.947475 0.0430586 0.105051 1.03489e-05
0 0.487008 0.214478 0.03415 0.115152 1.03606e-05
0 0.935041 0.711784 0.0430586 0.111785 1.03691e-05
0 0.161284 0.80404 0.0367483 0.109091 1.03692e-05
0 0.935598 0.621549 0.0441722 0.111785 1.03694e-05
0 0.406088 0.413131 0.0282108 0.159596 1.03963e-05
0 0.657016 0.981481 0.064588 0.037037 1.04018e-05
0 0.860802 0.575084 0.043801 0.114478 1.04077e-05
0 0.0631032 0.940067 0.0386043 0.103704 1.04114e-05
0 0.652747 0.981145 0.0167038 0.0377104 1.04173e-05
0 0.436897 0.855219 0.0660728 0.227609 1.0424e-05
0 0.296771 0.947138 0.0293244 0.105724 1.04295e-05
0 0.825724 0.0255892 0.0367483 0.0511785 1.0503e-05
0 0.352264 0.879798 0.064588 0.134007 1.05079e-05
0 0.861544 0.840404 0.0504826 0.110438 1.05277e-05
0 0.185041 0.80303 0.0397179 0.109764 1.05302e-05
0 0.262064 1 0.0579065 0 1.0531e-05
0 0.670007 0.906734 0.0534521 0.171717 1.05509e-05
0 0.895509 0.918182 0.0463994 0.119192 1.05533e-05
0 0.462324 0.916835 0.0352635 0.0989899 1.05594e-05
0 0.399963 0.984848 0.018931 0.030303 1.05662e-05
0 0.636229 0.118182 0.0579065 0.117845 1.05998e-05
0 0.477357 0.909764 0.0942836 0.180471 1.06236e-05
0 0.98608 0.262963 0.0278396 0.226936 1.0629e-05
0 0.286192 0.891919 0.0408315 0.104377 1.06449e-05
0 0.633816 0.990236 0.0605048 0.0195286 1.06636e-05
0 1 0.193939 0 0.162963 1.06854e-05
0 0.778953 0.976768 0.0129918 0.0464646 1.07007e-05
0 0.605048 0.989226 0.0244989 0.0215488 1.07894e-05
0 0.110987 0.303704 0.0452858 0.107744 1.08086e-05
0 0.83686 0.840404 0.0515961 0.111785 1.08338e-05
0 0.983111 0.545118 0.0337788 0.278114 1.08514e-05
0 0.661284 0.5633 0.0404603 0.104377 1.08621e-05
0 0.936897 0.393939 0.0423163 0.110438 1.08845e-05
0 0.137157 0.168013 0.0412027 0.107071 1.08867e-05
0 0.841128 0.160269 0.0682999 0.126599 1.08925e-05
0 0.293801 0.204377 0.0538233 0.116498 1.09006e-05
0 0.679473 0.324916 0.0567929 0.197306 1.09212e-05
0 0.160913 0.960943 0.0649592 0.0781145 1.09325e-05
0 0.335746 0.884512 0.0530809 0.10303 1.09348e-05
0 0.394395 0.97037 0.0174462 0.0592593 1.09801e-05
0 0.293059 0.954209 0.0716407 0.0915825 1.09843e-05
0 0.886043 0.304377 0.0408315 0.107744 1.09916e-05
0 0.389013 0.96229 0.0772086 0.0754209 1.10438e-05
0 0.36971 0.106397 0.0697847 0.211448 1.10464e-05
0 0.861173 0.624579 0.0400891 0.119192 1.10513e-05
0 0.277468 0.069697 0.0515961 0.135354 1.10532e-05
0 0.232925 0.959596 0.0226429 0.0808081 1.11029e-05
0 0.738864 0.984848 0.0337788 0.030303 1.11146e-05
0 0.386414 0.886869 0.0549369 0.0996633 1.11251e-05
0 0.263363 0.522222 0.049369 0.105724 1.11365e-05
0 0.991648 0.221212 0.0167038 0.222896 1.11903e-05
0 0.886414 0.574748 0.0430586 0.113805 1.12776e-05
0 0.510022 0.972727 0.0749814 0.0545455 1.12816e-05
0 0.709168 0.93165 0.0330364 0.113805 1.13301e-05
0 0.514848 0.974747 0.0193022 0.050505 1.13304e-05
0 0.212509 0.436364 0.0441722 0.118519 1.13438e-05
0 0.132888 0.961279 0.0289532 0.0774411 1.13438e-05
0 0.714365 0.485185 0.0441722 0.109764 1.13834e-05
0 0.00835189 0.209764 0.0167038 0.140741 1.13838e-05
0 0.06366 0.351178 0.049369 0.120539 1.13879e-05
0 0.786563 0.841414 0.0512249 0.105724 1.14302e-05
0 0.629362 0.987205 0.0204157 0.0255892 1.14375e-05
0 0.210839 0.16835 0.0415739 0.110438 1.14829e-05
0 0.178359 0.990572 0.10876 0.0188552 1.14883e-05
0 0.901819 0.158923 0.0664439 0.141414 1.15022e-05
0 0.79974 0.955892 0.0219005 0.0882155 1.15139e-05
0 0.884929 0.622559 0.0393467 0.115152 1.1516e-05
0 0.935041 0.666667 0.0430586 0.114478 1.15404e-05
0 0.417223 0.945791 0.0230141 0.108418 1.1553e-05
0 0.912398 0.933333 0.0512249 0.106397 1.16582e-05
0 0.435969 0.916835 0.0367483 0.0962963 1.16663e-05
0 0.885301 0.839057 0.0512249 0.106397 1.16672e-05
0 0.484224 0.971717 0.0174462 0.0565657 1.16724e-05
0 0.635115 0.256566 0.0467706 0.123906 1.16844e-05
0 0.479213 0.963973 0.0757238 0.0720539 1.16898e-05
0 0.662398 0.961616 0.0642168 0.0767677 1.17077e-05
0 0.909057 0.00572391 0.03415 0.0114478 1.17714e-05
0 0.410542 0.258586 0.0386043 0.110438 1.17716e-05
0 0.805679 0.743771 0.0612472 0.164983 1.17728e-05
0 0.131218 0.887205 0.0902004 0.135354 1.17761e-05
0 0.964736 0.485859 0.0467706 0.117845 1.17782e-05
0 0.648664 0.876768 0.0634744 0.141414 1.17885e-05
0 0.984967 0.463636 0.0300668 0.243098 1.17886e-05
0 0.962138 0.935354 0.0549369 0.106397 1.17978e-05
0 0.741463 0.945791 0.0241277 0.108418 1.181e-05
0 0.936711 0.485859 0.0486266 0.117845 1.18287e-05
0 0.0861173 0.16835 0.0393467 0.110438 1.18327e-05
0 0.7268 0.413468 0.0623608 0.146801 1.18437e-05
0 0.15683 0.200337 0.0597624 0.206734 1.18557e-05
0 0.899406 0.883165 0.0675575 0.12862 1.18991e-05
0 0.984039 0.0801347 0.0319228 0.160269 1.19865e-05
0 0.759094 0.524916 0.0682999 0.151515 1.19961e-05
0 0.528025 0.883165 0.0642168 0.226936 1.20146e-05
0 0.313846 0.0824916 0.0404603 0.105724 1.20806e-05
0 0.0283964 0.658586 0.0567929 0.189899 1.21051e-05
0 0.837416 0.80303 0.0400891 0.111111 1.21068e-05
0 0.384187 0.760943 0.0415739 0.0956229 1.21374e-05
0 0.924462 0.754882 0.0486266 0.126599 1.21628e-05
0 0.722346 0.979461 0.0244989 0.0410774 1.21795e-05
0 0.736266 0.844444 0.0426875 0.0983165 1.21795e-05
0 0.637528 0.794276 0.0523385 0.108418 1.21868e-05
0 0.0874165 0.212121 0.0419451 0.107744 1.22296e-05
0 0.772829 0.590236 0.0749814 0.155556 1.22615e-05
0 0.254454 0.984512 0.105791 0.0309764 1.22758e-05
0 0.164439 0.53064 0.0408315 0.138721 1.23044e-05
0 0.567929 0.988552 0.0690423 0.0228956 1.23131e-05
0 0.810134 0.525253 0.0538233 0.115825 1.23269e-05
0 0.169079 0.131987 0.0686711 0.150842 1.23422e-05
0 0.151633 0.983165 0.0360059 0.03367 1.23465e-05
0 0.0935412 0.446465 0.0504826 0.187205 1.23492e-05
0 0.899035 0.989899 0.0682999 0.020202 1.23857e-05
0 0.788975 0.709764 0.0619896 0.110438 1.23895e-05
0 0.565702 0.961279 0.0631032 0.0774411 1.23925e-05
0 0.911841 0.622896 0.0426875 0.111785 1.24586e-05
0 0.938938 0.53064 0.0463994 0.113131 1.24604e-05
0 0.556793 0.880135 0.060876 0.167003 1.24685e-05
0 0.448775 0.9633 0.0749814 0.0734007 1.24723e-05
0 0.731626 0.959596 0.0638456 0.0808081 1.25662e-05
0 0.311618 0.846128 0.0463994 0.101684 1.26096e-05
0 0.837602 0.574411 0.0441722 0.114478 1.2629e-05
0 0.862287 0.528956 0.0504826 0.129966 1.27293e-05
0 0.538975 0.984848 0.0720119 0.030303 1.27339e-05
0 0.105419 0.990909 0.0289532 0.0181818 1.27452e-05
0 0.453786 0.972054 0.0174462 0.0558923 1.27633e-05
0 0.109874 0.936364 0.0393467 0.10303 1.28158e-05
0 0.285635 0.845791 0.0434298 0.107744 1.28252e-05
0 0.684484 0.528956 0.0460282 0.0976431 1.2828e-05
0 0.301967 0.89899 0.0753526 0.20202 1.28413e-05
0 0.387713 0.0114478 0.045657 0.0228956 1.28541e-05
0 0.410356 0.959596 0.0226429 0.0808081 1.2888e-05
0 0.802895 0.271717 0.0638456 0.160943 1.29061e-05
0 0.792873 0.050505 0.0482554 0.10101 1.29071e-05
0 0.210468 0.622896 0.0482554 0.126599 1.29362e-05
0 0.34317 0.302694 0.0679287 0.239057 1.29396e-05
0 0.938567 0.574748 0.0449146 0.108418 1.29536e-05
0 0.884929 0.803367 0.0393467 0.111785 1.2963e-05
0 0.786934 0.667003 0.0460282 0.101684 1.2979e-05
0 0.636414 0.839731 0.0538233 0.107744 1.29825e-05
0 0.834076 0.953872 0.0749814 0.0922559 1.29869e-05
0 0.336488 0.00639731 0.0389755 0.0127946 1.29923e-05
0 0.811804 0.121549 0.0467706 0.115152 1.30718e-05
0 0.93634 0.442761 0.045657 0.115152 1.31203e-05
0 0.636414 0.0757576 0.049369 0.116498 1.31533e-05
0 0.495174 0.822222 0.0534521 0.173737 1.31778e-05
0 0.141425 0.638047 0.0482554 0.150168 1.31797e-05
0 0.705828 0.0148148 0.0367483 0.0296296 1.318e-05
0 0.750557 0.0158249 0.043801 0.0316498 1.31946e-05
0 0.714922 0.529966 0.043801 0.105051 1.32567e-05
0 0.727543 0.97138 0.0118782 0.0572391 1.32631e-05
0 0.181143 0.53064 0.0452858 0.13468 1.32912e-05
0 0.435412 0.771717 0.0497402 0.150842 1.3305e-05
0 0.0812918 0.866667 0.0482554 0.122559 1.33328e-05
0 0.754083 0.864646 0.0553081 0.192593 1.33818e-05
0 0.712695 0.16633 0.0423163 0.109091 1.33858e-05
0 0.807535 0.951852 0.0174462 0.0962963 1.34354e-05
0 0.633445 0.959596 0.028582 0.0808081 1.3469e-05
0 0.211581 0.445455 0.0868597 0.222896 1.35073e-05
0 0.343912 0.0353535 0.0337788 0.0707071 1.35117e-05
0 0.158129 0.390572 0.0527097 0.137374 1.35294e-05
0 0.873422 0.921886 0.0527097 0.156229 1.35537e-05
0 0.216592 0.950168 0.0352635 0.0996633 1.36127e-05
0 0.0217149 0.268687 0.0434298 0.140067 1.36246e-05
0 0.656459 0.0323232 0.0352635 0.0646465 1.3662e-05
0 0.543801 0.981818 0.0237565 0.0363636 1.3704e-05
0 0.328508 0.692929 0.0378619 0.145455 1.37558e-05
0 0.236637 0.960943 0.0612472 0.0781145 1.37688e-05
0 0.819228 0.981145 0.017075 0.0377104 1.37786e-05
0 0.922049 0.929966 0.0593912 0.140067 1.38322e-05
0 0.520045 0.524579 0.0356347 0.115825 1.38336e-05
0 0.911099 0.350842 0.0397179 0.105051 1.38457e-05
0 0.803081 0.680135 0.0582777 0.138721 1.38488e-05
0 0.889013 0.526936 0.0489978 0.125926 1.39289e-05
0 0.910913 0.526263 0.0460282 0.120539 1.39716e-05
0 0.0876021 0.257912 0.0423163 0.106397 1.39933e-05
0 0.789532 0.976431 0.0193022 0.047138 1.40129e-05
0 0.810134 0.713805 0.0374907 0.117172 1.40302e-05
0 0.0874165 0.305387 0.0419451 0.107071 1.40536e-05
0 0.561804 0.931987 0.0924276 0.136027 1.40999e-05
0 0.840757 0.0158249 0.0452858 0.0316498 1.41014e-05
0 0.385115 0.0771044 0.0582777 0.117845 1.41125e-05
0 0.593541 0.0154882 0.0393467 0.0309764 1.42082e-05
0 0.584447 0.550505 0.0530809 0.148822 1.42197e-05
0 0.561804 0.163636 0.0501114 0.125253 1.42264e-05
0 0.586488 0.163973 0.0534521 0.127273 1.43278e-05
0 0.903489 0.985185 0.0296956 0.0296296 1.43818e-05
0 0.572383 0.984175 0.0274684 0.0316498 1.43882e-05
0 0.812546 0.478451 0.0534521 0.113805 1.44269e-05
0 0.86173 0.803367 0.0389755 0.114478 1.44471e-05
0 0.862101 0.401347 0.0449146 0.117172 1.4467e-05
0 0.394024 0.0343434 0.0337788 0.0686869 1.45221e-05
0 0.263177 0.80202 0.0430586 0.119865 1.45757e-05
0 0.760393 0.213468 0.0434298 0.110438 1.45769e-05
0 0.813103 0.394613 0.0545657 0.110438 1.45804e-05
0 1 1 0 0 1.45831e-05
0 0.792873 0.910774 0.0356347 0.152862 1.47014e-05
0 0.610616 0.839731 0.0527097 0.103704 1.47281e-05
0 0.487936 0.747811 0.0449146 0.107071 1.47374e-05
0 0.677246 0.977441 0.0144766 0.0451178 1.47727e-05
0 0.956385 0.835354 0.0872309 0.150168 1.47983e-05
0 0.537862 0.57037 0.0430586 0.122559 1.48008e-05
0 0.210468 0.663636 0.0593912 0.109764 1.48014e-05
0 0.683742 0.953872 0.0193022 0.0922559 1.48058e-05
0 1 0.935354 0 0.129293 1.48712e-05
0 0.15386 0.903367 0.0560505 0.193266 1.48824e-05
0 0.708612 0.889899 0.0423163 0.0989899 1.48958e-05
0 0.046585 0.037037 0.0597624 0.0740741 1.49072e-05
0 0.681515 0.0326599 0.0348924 0.0653199 1.49438e-05
0 0.164439 0.49697 0.0697847 0.259933 1.50375e-05
0 1 0.32862 0 0.16835 1.50534e-05
0 0.532108 0.727273 0.0426875 0.114478 1.51361e-05
0 0.530809 0.0154882 0.0393467 0.0309764 1.51579e-05
0 0.0515961 0.865657 0.0504826 0.120539 1.51924e-05
0 0.661841 0.158586 0.0571641 0.101684 1.5199e-05
0 0.344655 0.926599 0.0508537 0.146801 1.52176e-05
0 0.785635 0.160606 0.062732 0.109764 1.5235e-05
0 0.485338 0.885522 0.0478842 0.0942761 1.53279e-05
0 0.110987 0.434007 0.0497402 0.135354 1.53518e-05
0 0.900891 0.260943 0.0682999 0.142088 1.53651e-05
0 0.712509 0.574748 0.0434298 0.0976431 1.53777e-05
0 0.110059 0.788889 0.0649592 0.148822 1.53892e-05
0 0.601893 0.978114 0.0389755 0.043771 1.53951e-05
0 0.753898 0.976094 0.0126206 0.0478114 1.54419e-05
0 0.261693 0.204377 0.0504826 0.116498 1.54668e-05
0 0.0601336 1 0.0386043 0 1.54855e-05
0 0.0191166 1 0.0382331 0 1.55878e-05
0 0.0822197 0.754209 0.0478842 0.114478 1.5596e-05
0 0.576281 0.276768 0.0582777 0.148148 1.56079e-05
0 0.617669 0.882492 0.0749814 0.235017 1.57101e-05
0 0.411841 0.886532 0.0530809 0.0949495 1.57193e-05
0 0.0822197 0.812795 0.0471418 0.119865 1.57955e-05
0 0.634929 0.56835 0.0501114 0.162963 1.5808e-05
0 0.81069 0.0158249 0.0452858 0.0316498 1.58451e-05
0 0.419079 0.03367 0.0348924 0.0673401 1.58519e-05
0 0.188938 0.66734 0.0460282 0.121212 1.58895e-05
0 0.301225 0.585522 0.079807 0.193266 1.59006e-05
0 0.36173 0.761279 0.045657 0.101684 1.59508e-05
0 0.580364 0.937037 0.0508537 0.125926 1.60295e-05
0 0.987751 0.211785 0.0237565 0.120539 1.60491e-05
0 0.360059 0.405387 0.0512249 0.117172 1.60619e-05
0 0.460839 0.302694 0.0404603 0.0962963 1.60837e-05
0 0.581477 0.991583 0.028582 0.016835 1.60927e-05
0 0.331106 0.932323 0.0519673 0.104377 1.61101e-05
0 0.763734 0.573064 0.0419451 0.105051 1.61231e-05
0 0.987379 0.257239 0.0244989 0.118519 1.61388e-05
0 0.341128 0.759596 0.0957684 0.161616 1.61394e-05
0 0.0207869 0.200337 0.0415739 0.236364 1.61689e-05
0 0.738122 0.350168 0.0404603 0.105051 1.61783e-05
0 0.33686 0.844781 0.045657 0.0989899 1.62627e-05
0 0.72049 0.949832 0.0296956 0.100337 1.6277e-05
0 0.062732 0.474074 0.0579065 0.109091 1.62782e-05
0 1 1 0 0 1.6314e-05
0 0.788419 0.395623 0.0460282 0.109764 1.63631e-05
0 0.0476986 0.647138 0.0530809 0.117172 1.63788e-05
0 0.418523 0.966667 0.0731255 0.0666667 1.63823e-05
0 0.995546 0.874747 0.00890869 0.179125 1.64009e-05
0 0.810876 0.573064 0.0441722 0.114478 1.64254e-05
0 0.60245 0.265657 0.0616184 0.121886 1.64284e-05
0 0.811433 0.800337 0.0408315 0.107071 1.64618e-05
0 0.78248 0.263636 0.0653304 0.115152 1.64624e-05
0 0.235895 0.813805 0.0449146 0.125926 1.65077e-05
0 0.702116 0.973737 0.0129918 0.0525253 1.6568e-05
0 0.83853 0.782828 0.0772086 0.150168 1.65775e-05
0 0.187825 0.389899 0.0512249 0.119865 1.66092e-05
0 0.493875 0.591582 0.0449146 0.158249 1.66112e-05
0 0.421121 0.851515 0.0582777 0.163636 1.6613e-05
0 0.982925 0.409428 0.03415 0.285522 1.66776e-05
0 0.597439 0.717172 0.0463994 0.103704 1.66782e-05
0 0.985895 0.584848 0.0282108 0.253872 1.67322e-05
0 0.78712 0.620875 0.0419451 0.102357 1.68669e-05
0 0.837416 0.755892 0.0415739 0.109764 1.68775e-05
0 0.422977 0.975084 0.018931 0.0498317 1.68825e-05
0 0.757981 0.465993 0.0660728 0.154882 1.6925e-05
0 0.237008 0.435354 0.0404603 0.108418 1.69392e-05
0 0.635486 0.303367 0.0460282 0.111111 1.70049e-05
0 0.512435 0.891582 0.0345212 0.0983165 1.72643e-05
0 0.886971 0.351178 0.0397179 0.104377 1.72712e-05
0 0.943578 0.0195286 0.0311804 0.0390572 1.7295e-05
0 0.963252 0.53165 0.0460282 0.112458 1.73265e-05
0 0.786563 0.79596 0.0430586 0.0996633 1.73572e-05
0 0.381403 0.0521886 0.045657 0.104377 1.73883e-05
0 0.662769 0.845455 0.0412027 0.105724 1.7408e-05
0 0.475316 0.316498 0.0449146 0.117172 1.7438e-05
0 0.0113215 0.129966 0.0226429 0.210101 1.74562e-05
0 0.79046 0.942761 0.0248701 0.114478 1.74681e-05
0 0.606719 0.160606 0.0575353 0.107071 1.74762e-05
0 0.162212 0.848148 0.0393467 0.105724 1.74765e-05
0 0.488122 0.300337 0.0356347 0.0969697 1.75142e-05
0 0.52951 0.96431 0.0374907 0.0713805 1.76367e-05
0 0.738122 0.438047 0.0360059 0.104377 1.76835e-05
0 0.786006 0.30303 0.0486266 0.118519 1.76868e-05
0 0.681143 0.530976 0.0616184 0.173064 1.77156e-05
0 0.293059 0.484512 0.0560505 0.113805 1.77532e-05
0 0.789532 0.439394 0.043801 0.112458 1.77935e-05
0 0.113586 0.256229 0.043801 0.0989899 1.78436e-05
0 0.838159 0.262626 0.0697847 0.123906 1.78453e-05
0 0.339644 0.410774 0.043801 0.162963 1.78917e-05
0 0.774499 0.957239 0.0256125 0.0855219 1.79106e-05
0 0.0244989 0.924916 0.0430586 0.131313 1.79318e-05
0 0.56199 0.848148 0.0378619 0.0989899 1.80225e-05
0 0.46288 0.49899 0.0400891 0.13468 1.80286e-05
0 0.722532 0.341077 0.062732 0.151515 1.80654e-05
0 0.212324 0.707744 0.047513 0.114478 1.80723e-05
0 0.634929 0.167003 0.0501114 0.127946 1.81087e-05
0 0.0185598 1 0.0371195 0 1.81664e-05
0 0.263549 0.867677 0.0489978 0.119192 1.81968e-05
0 0.106719 0.379125 0.0664439 0.224916 1.82565e-05
0 0.737565 0.302357 0.043801 0.110438 1.82999e-05
0 0.0235709 0.209091 0.0471418 0.140741 1.83443e-05
0 0.184855 0.619529 0.0467706 0.140067 1.83616e-05
0 0.536563 0.846801 0.0367483 0.0962963 1.84857e-05
0 0.788419 0.485859 0.0400891 0.119192 1.85141e-05
0 0.381032 0.929966 0.118411 0.140067 1.8546e-05
0 0.838159 0.683502 0.0742391 0.156229 1.86187e-05
0 0.991277 0.113805 0.0174462 0.227609 1.86582e-05
0 0.441722 0.927273 0.119525 0.145455 1.87199e-05
0 0.337045 0.0811448 0.043801 0.104377 1.87202e-05
0 0.499814 0.873064 0.0582777 0.12862 1.88033e-05
0 0.71752 0.0491582 0.0460282 0.0983165 1.88161e-05
0 0.541759 0.273737 0.0567929 0.108418 1.89139e-05
0 0.148292 0.579461 0.0708983 0.244444 1.89353e-05
0 0.838159 0.668687 0.0400891 0.114478 1.90075e-05
0 0.760579 0.485185 0.0393467 0.109764 1.90561e-05
0 0.739421 0.601683 0.0549369 0.113805 1.90637e-05
0 0.755939 0.050505 0.0449146 0.10101 1.90981e-05
0 0.983667 0.680471 0.0326652 0.280808 1.91576e-05
0 0.760765 0.437374 0.0404603 0.105724 1.92785e-05
0 0.314588 0.272054 0.0664439 0.223569 1.93024e-05
0 0.293987 0.0306397 0.0334076 0.0612795 1.93541e-05
0 0.0846325 0.594276 0.0534521 0.124579 1.93626e-05
0 1 0.967003 0 0.0659933 1.93678e-05
0 0.998144 0.811785 0.00371195 0.19596 1.94076e-05
0 0.910356 0.710101 0.0441722 0.111111 1.94216e-05
0 0.0113215 0.965993 0.0226429 0.0680135 1.947e-05
0 0.737751 0.256902 0.0441722 0.109764 1.94829e-05
0 0.841685 0.946801 0.0419451 0.106397 1.94997e-05
0 0.231069 0.359933 0.0515961 0.201347 1.9503e-05
0 0.121195 0.949832 0.0449146 0.100337 1.95667e-05
0 0.6366 0.350505 0.0497402 0.0976431 1.95845e-05
0 0.422235 0.153535 0.0538233 0.105051 1.95954e-05
0 0.33686 0.211785 0.0426875 0.107071 1.96143e-05
0 0.884929 0.753199 0.0408315 0.115152 1.96423e-05
0 0.157016 0.972391 0.0244989 0.0552189 1.96683e-05
0 0.1817 0.941077 0.0419451 0.0976431 1.97297e-05
0 0.611544 0.211448 0.0478842 0.129293 1.97721e-05
0 0.319228 0.107407 0.064588 0.198653 1.97759e-05
0 0.986637 0.116498 0.0267261 0.121212 1.99217e-05
0 0.392353 0.938721 0.047513 0.122559 1.99263e-05
0 0.435969 0.885522 0.0508537 0.0929293 1.99511e-05
0 0.236823 0.689562 0.0556793 0.13468 1.99796e-05
0 0.464922 0.875758 0.0553081 0.129966 2.00256e-05
0 0.0079807 0.958923 0.0159614 0.0821549 2.00516e-05
0 1 0.827609 0 0.184512 2.00606e-05
0 0.761136 0.259933 0.045657 0.117172 2.01614e-05
0 0.761693 0.623906 0.0430586 0.0976431 2.0248e-05
0 0.744432 0.974747 0.0196733 0.050505 2.03546e-05
0 0.0840757 0.701347 0.0523385 0.121886 2.03726e-05
0 0.556236 0.202694 0.0924276 0.185859 2.0379e-05
0 0.717892 0.267677 0.0593912 0.119192 2.04719e-05
0 0.710839 0.843771 0.0430586 0.10101 2.04742e-05
0 0.999443 0.468687 0.00111359 0.185859 2.04771e-05
0 0.23144 0.0282828 0.032294 0.0565657 2.05018e-05
0 0.434298 0.393266 0.0334076 0.125253 2.05278e-05
0 0.754083 0.943098 0.0426875 0.10303 2.05486e-05
0 0.727357 0.149495 0.0708983 0.141414 2.05979e-05
0 0.576652 0.861616 0.0657016 0.13266 2.06532e-05
0 0.96585 0.574411 0.043801 0.117172 2.06752e-05
0 0.109317 0.353872 0.0471418 0.127273 2.06901e-05
0 0.783593 0.943434 0.0430586 0.0983165 2.07223e-05
0 0.762249 0.348148 0.0426875 0.106397 2.08629e-05
0 0.0211581 0.822896 0.0423163 0.251852 2.09987e-05
0 0.614885 0.79697 0.102821 0.193266 2.10078e-05
0 0.587602 0.881818 0.0690423 0.224242 2.10228e-05
0 0.987565 0.30303 0.0241277 0.117172 2.10605e-05
0 0.762249 0.529293 0.0419451 0.107744 2.10891e-05
0 0.494246 0.0141414 0.0374907 0.0282828 2.10896e-05
0 0.132702 0.148485 0.0835189 0.151515 2.11143e-05
0 0.436526 0.30505 0.0400891 0.0983165 2.11448e-05
0 0.418894 0.496633 0.0233853 0.104377 2.12054e-05
0 0.394952 0.679125 0.0415739 0.143434 2.12365e-05
0 0.0105791 1 0.0211581 0 2.12765e-05
0 0.286006 0.779125 0.0864885 0.171044 2.13154e-05
0 0.760022 0.392929 0.0404603 0.10303 2.13505e-05
0 0.787862 0.757239 0.0478842 0.10303 2.13681e-05
0 0.868597 0.0215488 0.0311804 0.0430976 2.14231e-05
0 0.74072 0.909764 0.0471418 0.158923 2.14368e-05
0 0.986637 0.708754 0.0267261 0.12862 2.15235e-05
0 0.61173 0.897643 0.0393467 0.10101 2.15262e-05
0 0.0445434 0.539057 0.0534521 0.115152 2.15281e-05
0 0.383816 0.382492 0.0467706 0.129293 2.1558e-05
0 0.714365 0.955892 0.0256125 0.0882155 2.15723e-05
0 0.38029 0.983838 0.0553081 0.0323232 2.16889e-05
0 0.386785 0.169024 0.0460282 0.122559 2.17344e-05
0 0.6366 0.897306 0.0400891 0.101684 2.17661e-05
0 0.425947 0.274747 0.05902 0.140067 2.18176e-05
0 0.875093 0.977778 0.0263549 0.0444444 2.19163e-05
0 0.663326 0.89697 0.0386043 0.10101 2.19373e-05
0 0.713252 0.438047 0.045657 0.101684 2.19516e-05
0 0.787305 0.53064 0.0408315 0.117172 2.20619e-05
0 0.164625 0.170707 0.0434298 0.113805 2.22037e-05
0 0.649035 0.586869 0.0560505 0.116498 2.22255e-05
0 0.943207 0.33367 0.0764662 0.139394 2.22357e-05
0 0.330921 0.49596 0.0374907 0.113805 2.22421e-05
0 0.53582 0.813131 0.049369 0.107071 2.22956e-05
0 0.0077951 0.154209 0.0155902 0.137374 2.23063e-05
0 0.499443 0.931313 0.110987 0.137374 2.23389e-05
0 0.186154 0.348485 0.0501114 0.105724 2.2364e-05
0 0.442094 0.982155 0.0534521 0.0356902 2.23806e-05
0 0.778953 0.906734 0.0367483 0.107071 2.24191e-05
0 0.681886 0.929966 0.101707 0.140067 2.2434e-05
0 0.986823 0.0754209 0.0233853 0.122559 2.25269e-05
0 0.65386 0.810774 0.0553081 0.115825 2.25486e-05
0 0.537491 0.892256 0.0356347 0.0969697 2.25704e-05
0 0.808834 0.754545 0.0408315 0.108418 2.26791e-05
0 0.480512 0.688215 0.0293244 0.118519 2.26959e-05
0 0.505939 0.245455 0.0430586 0.163636 2.27169e-05
0 0.730512 0.63468 0.0512249 0.112458 2.27485e-05
0 0.544543 0.162626 0.0534521 0.10303 2.27539e-05
0 0.479027 0.157576 0.0478842 0.0969697 2.27825e-05
0 0.240163 0.600337 0.0593912 0.1367 2.28233e-05
0 0.684298 0.887542 0.0538233 0.0983165 2.28298e-05
0 0.788233 0.572727 0.0404603 0.111111 2.28762e-05
0 0.350594 0.208418 0.0597624 0.142088 2.28816e-05
0 0.9098 0.0218855 0.0504826 0.043771 2.29034e-05
0 0.0799926 0.923232 0.0501114 0.114478 2.29044e-05
0 0.56663 0.814141 0.0523385 0.102357 2.29842e-05
0 0.286563 0.33165 0.0423163 0.139394 2.30493e-05
0 0.260022 0.93064 0.104306 0.138721 2.31073e-05
0 0.786006 0.456902 0.0864885 0.16229 2.31469e-05
0 0.711953 0.39697 0.0460282 0.100337 2.31745e-05
0 0.486637 0.834007 0.0460282 0.0895623 2.31791e-05
0 0.708612 0.951178 0.0178174 0.0976431 2.31832e-05
0 0.732739 0.949495 0.017075 0.10101 2.32086e-05
0 0.587231 0.212795 0.0430586 0.123906 2.3237e-05
0 0.417409 0.942088 0.0449146 0.115825 2.32833e-05
0 0.0835189 0.540404 0.0504826 0.121886 2.33013e-05
0 0.00927988 0.319192 0.0185598 0.140067 2.33167e-05
0 0.734224 0.16835 0.0408315 0.109091 2.33212e-05
0 0.561062 0.558586 0.0508537 0.13266 2.33422e-05
0 0.763549 0.302694 0.0445434 0.113805 2.34254e-05
0 0.00538233 0.016835 0.0107647 0.03367 2.34667e-05
0 0.930958 0.0111111 0.03415 0.0222222 2.34964e-05
0 0.367855 0.939394 0.0445434 0.121212 2.35954e-05
0 0.0076095 0.040404 0.015219 0.0808081 2.35982e-05
0 0.887899 0.976768 0.0267261 0.0464646 2.35988e-05
0 0.738493 0.394949 0.0367483 0.0989899 2.36668e-05
0 0.908129 0.396296 0.0419451 0.109764 2.36846e-05
0 0.206385 0.026936 0.0319228 0.0538721 2.37366e-05
0 0.884187 0.66532 0.047513 0.114478 2.37941e-05
0 0.12565 0.843434 0.0790646 0.121886 2.39357e-05
0 0.607275 0.550842 0.0334076 0.117172 2.39598e-05
0 0.686711 0.844444 0.0415739 0.103704 2.40267e-05
0 0.264105 0.42963 0.045657 0.103704 2.40925e-05
0 0.517632 0.407407 0.0374907 0.141414 2.41461e-05
0 0.862472 0.753535 0.0412027 0.114478 2.41589e-05
0 0.363957 0.258923 0.0404603 0.104377 2.41606e-05
0 0.73608 0.79899 0.0467706 0.0936027 2.41803e-05
0 0.201745 0.92862 0.10876 0.142761 2.42086e-05
0 0.987379 0.347811 0.0244989 0.119192 2.43099e-05
0 0.710839 0.800673 0.0482554 0.0969697 2.43517e-05
0 0.76095 0.797643 0.0460282 0.0936027 2.43725e-05
0 0.0827765 0.992256 0.0356347 0.0154882 2.43727e-05
0 0.213066 0.858586 0.0675575 0.228956 2.44275e-05
0 0.0660728 0.150168 0.0824053 0.149495 2.44356e-05
0 0.896808 0.786869 0.0734967 0.146128 2.44534e-05
0 0.683927 0.915825 0.0367483 0.10101 2.44656e-05
0 0.90683 0.374747 0.0764662 0.179798 2.44785e-05
0 0.323497 0.925926 0.102079 0.148148 2.4479e-05
0 0.0811062 0.480471 0.045657 0.129966 2.45414e-05
0 0.81366 0.438721 0.047513 0.113805 2.45749e-05
0 0.880475 0.450842 0.064588 0.220202 2.46268e-05
0 0.0885301 0.352525 0.0478842 0.124579 2.46708e-05
0 0.68801 0.275758 0.0508537 0.158249 2.47087e-05
0 0.335561 0.760943 0.0541945 0.113131 2.47333e-05
0 0.887713 0.39798 0.0412027 0.110438 2.47582e-05
0 0.682999 0.976431 0.0571641 0.047138 2.47792e-05
0 0.21418 0.391582 0.0423163 0.105724 2.47985e-05
0 0.537676 0.931987 0.049369 0.0956229 2.48126e-05
0 0.838344 0.711111 0.0412027 0.110438 2.4927e-05
0 0.477543 0.26734 0.0501114 0.111785 2.49411e-05
0 0.460839 0.79798 0.049369 0.0902357 2.49657e-05
0 0.932071 0.987879 0.0356347 0.0242424 2.50319e-05
0 0.893653 0.0215488 0.0308092 0.0430976 2.50615e-05
0 0.0844469 0.646801 0.0545657 0.129966 2.50942e-05
0 0.617854 0.926263 0.0619896 0.147475 2.51798e-05
0 0.289532 0.53064 0.0541945 0.0983165 2.52923e-05
0 0.511878 0.347811 0.0400891 0.0976431 2.55136e-05
0 0.950631 0.461953 0.077951 0.146801 2.56261e-05
0 0.465664 0.938721 0.0441722 0.122559 2.57208e-05
0 0.0204157 0.925589 0.0408315 0.148822 2.5743e-05
0 0.622309 0.862626 0.0538233 0.111785 2.57593e-05
0 0.362658 0.156902 0.060876 0.103704 2.57828e-05
0 0.286563 0.79899 0.0497402 0.111111 2.58482e-05
0 0.89922 0.682155 0.0731255 0.156229 2.60601e-05
0 0.0109503 0.264646 0.0219005 0.191246 2.61017e-05
0 0.260393 0.979461 0.0567929 0.0410774 2.61112e-05
0 0.363771 0.841751 0.0452858 0.0942761 2.61581e-05
0 0.736451 0.211448 0.0408315 0.107744 2.61913e-05
0 0.364514 0.0744108 0.0586489 0.105724 2.62052e-05
0 0.312546 0.799327 0.0519673 0.103704 2.62063e-05
0 0.512435 0.837037 0.049369 0.0942761 2.62204e-05
0 0.322569 0.976094 0.0541945 0.0478114 2.62627e-05
0 0.159243 0.620875 0.0467706 0.13468 2.62776e-05
0 0.0911284 0.93468 0.0582777 0.13064 2.63552e-05
0 0.685969 0.802357 0.0452858 0.100337 2.63704e-05
0 0.112101 0.0343434 0.0593912 0.0686869 2.63857e-05
0 0.480512 0.410438 0.0330364 0.143434 2.64673e-05
0 0.426503 0.0154882 0.0445434 0.0309764 2.64735e-05
0 0.140869 0.301347 0.0471418 0.0989899 2.66502e-05
0 0.411099 0.306061 0.0397179 0.0989899 2.66668e-05
0 0.623979 0.814815 0.0564217 0.110438 2.67656e-05
0 0.609874 0.0158249 0.0460282 0.0316498 2.67705e-05
0 0.501485 0.981818 0.0534521 0.0363636 2.67749e-05
0 0.981069 0.153872 0.0378619 0.152862 2.67897e-05
0 0.441908 0.947475 0.0382331 0.105051 2.68498e-05
0 0.833148 0.450842 0.0553081 0.169024 2.70484e-05
0 0.943022 0.205724 0.0753526 0.142088 2.7112e-05
0 0.412398 0.840404 0.0393467 0.0929293 2.724e-05
0 0.559948 0.212458 0.0434298 0.120539 2.72566e-05
0 0.866926 0.337374 0.0805494 0.136027 2.72908e-05
0 0.325724 0.979798 0.0219005 0.040404 2.73166e-05
0 0.616184 0.0367003 0.0631032 0.0734007 2.73738e-05
0 0.461581 0.832997 0.0463994 0.0888889 2.74725e-05
0 0.731811 0.476431 0.0545657 0.152862 2.74953e-05
0 0.201373 0.978788 0.0597624 0.0424242 2.76419e-05
0 0.869896 0.698653 0.0597624 0.213468 2.77163e-05
0 0.858203 0.9367 0.0935412 0.126599 2.77488e-05
0 0.986451 0.661279 0.0211581 0.150842 2.78613e-05
0 0.562546 0.306397 0.0397179 0.10101 2.79338e-05
0 0.727914 0.0111111 0.0489978 0.0222222 2.79427e-05
0 0.836488 0.579798 0.0686711 0.175084 2.79877e-05
0 0.645509 0.204377 0.0697847 0.134007 2.79937e-05
0 0.66778 0.0212121 0.0400891 0.0424242 2.80197e-05
0 0.312732 0.759259 0.062732 0.111111 2.81921e-05
0 0.517817 0.940404 0.0445434 0.119192 2.83689e-05
0 0.0935412 0.0245791 0.0319228 0.0491582 2.83841e-05
0 0.368597 0.0121212 0.0497402 0.0242424 2.84724e-05
0 0.542316 0.620202 0.0319228 0.126599 2.85552e-05
0 0.587416 0.307744 0.0412027 0.109091 2.85864e-05
0 0.512621 0.300337 0.0363771 0.0956229 2.86131e-05
0 0.86173 0.975421 0.0567929 0.0491582 2.86223e-05
0 0.364885 0.210774 0.0408315 0.110438 2.86387e-05
0 0.610431 0.304714 0.0449146 0.115152 2.86624e-05
0 1 0.714478 0 0.203367 2.88447e-05
0 0.955828 0.726263 0.0883445 0.164983 2.88597e-05
0 0.414439 0.754882 0.0820341 0.167003 2.89139e-05
0 0.373422 0.0306397 0.0653304 0.0612795 2.90534e-05
0 0.00222717 0.0289562 0.00445434 0.0579125 2.90555e-05
0 0.986637 0.0397306 0.0267261 0.0794613 2.90919e-05
0 0.539161 0.874074 0.0597624 0.127946 2.91031e-05
0 0.98905 0.330303 0.0219005 0.187879 2.91771e-05
0 0.883259 0.708754 0.0404603 0.112458 2.9285e-05
0 0.336674 0.161616 0.0445434 0.107744 2.92936e-05
0 0.706385 0.303367 0.0408315 0.107071 2.93109e-05
0 0.762064 0.757576 0.047513 0.0996633 2.93798e-05
0 0.745731 0.973064 0.0586489 0.0538721 2.9434e-05
0 0.775798 0.953872 0.0749814 0.0922559 2.94447e-05
0 0.855976 0.0124579 0.03415 0.0249158 2.94771e-05
0 0.616926 0.596633 0.0638456 0.141414 2.95483e-05
0 0.0534521 0.786869 0.0653304 0.142088 2.96192e-05
0 0.562732 0.887542 0.0482554 0.0929293 2.96308e-05
0 0.119896 0.551515 0.0631032 0.220875 2.96693e-05
0 0.855234 0.937037 0.0489978 0.125926 2.96695e-05
0 0.387157 0.211111 0.0415739 0.115152 2.96994e-05
0 0.658129 0.26936 0.0534521 0.121212 2.97169e-05
0 0.220304 0.593266 0.09317 0.189899 2.97266e-05
0 1 0.587542 0 0.201347 2.98645e-05
0 0.782851 0.952189 0.0193022 0.0956229 3.00474e-05
0 0.211581 0.218182 0.043801 0.105051 3.03886e-05
0 0.925575 0.0454545 0.0746102 0.0909091 3.07218e-05
0 0.0582777 0.682492 0.0734967 0.142088 3.07507e-05
0 0.280995 0.0178451 0.0386043 0.0356902 3.08194e-05
0 0.337788 0.8 0.0489978 0.10101 3.0832e-05
0 0.667038 0.308754 0.043801 0.111111 3.08566e-05
0 0.759094 0.667677 0.0452858 0.0976431 3.09349e-05
0 0.639198 0.981818 0.0207869 0.0363636 3.10208e-05
0 0.988122 0.0484848 0.0237565 0.0969697 3.123e-05
0 0.436897 0.841077 0.0371195 0.0929293 3.13678e-05
0 0.297142 0.920202 0.0560505 0.0976431 3.15426e-05
0 0.633074 0.030303 0.0612472 0.0606061 3.16484e-05
0 0.24369 0.164983 0.05902 0.103704 3.16907e-05
0 0.73144 0.535354 0.0523385 0.145455 3.17389e-05
0 0.768189 0.861279 0.0441722 0.150842 3.17447e-05
0 0.156273 0.0249158 0.0311804 0.0498317 3.17966e-05
0 0.442836 0.0205387 0.0408315 0.0410774 3.18081e-05
0 0.129176 0.220202 0.0742391 0.114478 3.18746e-05
0 0.691537 0.918519 0.0534521 0.162963 3.18903e-05
0 0.948033 0.989899 0.0348924 0.020202 3.20467e-05
0 0.31366 0.980135 0.0230141 0.0397306 3.23044e-05
0 0.243318 0.0178451 0.0382331 0.0356902 3.2389e-05
0 0.538604 0.303367 0.0386043 0.0962963 3.24352e-05
0 0.37435 0.429293 0.0412027 0.151515 3.26354e-05
0 0.49072 0.93367 0.043801 0.13266 3.26394e-05
0 0.587231 0.888552 0.0489978 0.0962963 3.26404e-05
0 0.012435 0.0602694 0.0248701 0.120539 3.26442e-05
0 0.879176 0.961279 0.0382331 0.0774411 3.27488e-05
0 0.4768 0.808754 0.0449146 0.105051 3.28805e-05
0 0.840757 0.384848 0.064588 0.139394 3.29246e-05
0 0.538604 0.975084 0.0296956 0.0498317 3.30146e-05
0 0.510765 0.503704 0.0252413 0.148148 3.30306e-05
0 0.261878 0.262626 0.0478842 0.109091 3.32498e-05
0 0.868597 0.210438 0.0809206 0.138047 3.34991e-05
0 0.261321 0.3 0.0408315 0.100337 3.36123e-05
0 0.503341 0.810101 0.043801 0.105051 3.36764e-05
0 0.804195 0.953199 0.0716407 0.0936027 3.36807e-05
0 0.306422 0.165993 0.0597624 0.101684 3.37079e-05
0 0.506682 0.0542088 0.0378619 0.108418 3.38793e-05
0 0.434113 0.588552 0.0308092 0.111785 3.4039e-05
0 0.595583 0.860269 0.0538233 0.108418 3.40997e-05
0 0.0254269 0.340741 0.0508537 0.149495 3.41013e-05
0 0.713066 0.215488 0.0712695 0.131987 3.41194e-05
0 0.285264 0.758249 0.05902 0.111785 3.42401e-05
0 0.316073 0.123232 0.0426875 0.0983165 3.42546e-05
0 0.754454 0.907407 0.0360059 0.112458 3.43878e-05
0 0.846882 0.0427609 0.0746102 0.0855219 3.4505e-05
0 0.880661 0.0138047 0.0345212 0.0276094 3.45624e-05
0 0.0278396 0.518182 0.0556793 0.174411 3.47607e-05
0 0.867298 0.589899 0.0812918 0.16835 3.49594e-05
0 0.652747 0.751852 0.0597624 0.124579 3.50552e-05
0 0.363029 0.348148 0.0467706 0.0929293 3.51207e-05
0 0.696548 0.0441077 0.0775798 0.0882155 3.52413e-05
0 0.990349 0.996633 0.0193022 0.00673401 3.53204e-05
0 0.110616 0.670034 0.0682999 0.154882 3.54099e-05
0 0.113771 0.543434 0.049369 0.125253 3.5757e-05
0 0.21288 0.300337 0.0412027 0.102357 3.6042e-05
0 0.000185598 0.964646 0.000371195 0.0707071 3.60694e-05
0 0.298255 0.660943 0.0605048 0.1367 3.62561e-05
0 0.563289 0.936364 0.0382331 0.0936027 3.62974e-05
0 0.575538 0.32963 0.0671863 0.131313 3.63284e-05
0 0.515961 0.212458 0.0460282 0.105724 3.63317e-05
0 0.333333 0.586869 0.0623608 0.113805 3.64757e-05
0 0.218263 0.0171717 0.0371195 0.0343434 3.65011e-05
0 0.990906 0.5367 0.0181886 0.207407 3.66079e-05
0 0.344469 0.325589 0.0527097 0.109764 3.66769e-05
0 0.560319 0.0286195 0.0605048 0.0572391 3.67652e-05
0 0.90516 0.467677 0.0664439 0.2 3.69147e-05
0 0.946362 0.927273 0.05902 0.145455 3.69473e-05
0 0.131218 0.0245791 0.0315516 0.0491582 3.71189e-05
0 0.18003 0.0461279 0.077951 0.0922559 3.73688e-05
0 0.773014 0.9367 0.0412027 0.126599 3.7514e-05
0 0.593541 0.353535 0.0549369 0.176431 3.75776e-05
0 0.364328 0.305724 0.0419451 0.0929293 3.76816e-05
0 0.381403 0.832997 0.0612472 0.179125 3.7742e-05
0 0.3634 0.120539 0.0504826 0.115825 3.78985e-05
0 0.0191166 0.757239 0.0367483 0.127273 3.79489e-05
0 0.692836 0.0195286 0.0374907 0.0390572 3.8056e-05
0 0.442465 0.809091 0.0467706 0.108418 3.81085e-05
0 0.33686 0.978114 0.0219005 0.043771 3.8205e-05
0 0.8634 0.671717 0.0378619 0.119192 3.83234e-05
0 0.213808 0.351178 0.0400891 0.100337 3.84814e-05
0 0.612101 0.9367 0.0415739 0.0929293 3.881e-05
0 0.59614 0.815488 0.0549369 0.103704 3.88798e-05
0 0.0241277 0.0464646 0.0482554 0.0929293 3.91563e-05
0 0.118597 0.0252525 0.0315516 0.050505 3.92032e-05
0 0.691537 0.611785 0.0601336 0.100337 3.92133e-05
0 0.11804 0.979798 0.0311804 0.040404 3.93635e-05
0 0.386785 0.838047 0.0408315 0.0922559 3.93852e-05
0 0.230698 0.218182 0.0478842 0.110438 3.94927e-05
0 0.129176 0.718182 0.0809206 0.139394 3.95389e-05
0 0.980883 0.256229 0.0382331 0.167677 3.95767e-05
0 0.679658 0.476768 0.0527097 0.136027 3.97144e-05
0 0.0567929 0.270707 0.0660728 0.103704 3.97797e-05
0 0.251114 0.463636 0.0567929 0.134007 3.98768e-05
0 0.711767 0.9367 0.0731255 0.126599 3.99121e-05
0 0.0436154 0.0249158 0.032294 0.0498317 3.99674e-05
0 0.167038 0.906397 0.0452858 0.131987 4.00686e-05
0 0.967706 1 0.0334076 0 4.01541e-05
0 0.986266 0.755556 0.0207869 0.144108 4.01918e-05
0 0.0556793 0.580471 0.0697847 0.156229 4.03456e-05
0 0.190609 0.156902 0.0708983 0.148148 4.03842e-05
0 0.62101 0.740741 0.0586489 0.127946 4.07985e-05
0 0.980512 0.367677 0.0389755 0.171044 4.13046e-05
0 0.587602 0.936027 0.0408315 0.0915825 4.17146e-05
0 0.384373 0.119865 0.0508537 0.121212 4.17657e-05
0 0.760765 0.73367 0.0768374 0.140741 4.18392e-05
0 0.132888 0.0255892 0.0668151 0.0511785 4.20982e-05
0 0.168151 0.0151515 0.0356347 0.030303 4.22951e-05
0 0.310505 0.00841751 0.0508537 0.016835 4.24365e-05
0 0.635672 0.626599 0.049369 0.0962963 4.24371e-05
0 0.514848 0.255892 0.0363771 0.0969697 4.26342e-05
0 0.0527097 0.901684 0.0638456 0.106397 4.30793e-05
0 0.738864 0.758249 0.0471418 0.105051 4.32881e-05
0 0.802339 0.936027 0.0434298 0.127946 4.33533e-05
0 0.905902 0.580135 0.0746102 0.208081 4.34576e-05
0 0.335746 0.121886 0.0463994 0.10101 4.35299e-05
0 0.364143 0.80202 0.047513 0.0983165 4.35378e-05
0 0.480327 0.0262626 0.0564217 0.0525253 4.37846e-05
0 1 0.0316498 0 0.0632997 4.38192e-05
0 0.110431 0.962963 0.0389755 0.0740741 4.38549e-05
0 0.988679 0.914141 0.0226429 0.171717 4.41122e-05
0 0.0135486 0.354545 0.0270973 0.224242 4.44819e-05
0 0.758352 0.951515 0.0193022 0.0969697 4.47011e-05
0 0.236637 0.389226 0.0382331 0.0969697 4.47652e-05
0 0.135301 0.26835 0.0783222 0.139394 4.48013e-05
0 0.00927988 0.346465 0.0185598 0.131313 4.48152e-05
0 0.41147 0.345791 0.0419451 0.0976431 4.50106e-05
0 0.184855 0.299663 0.047513 0.0969697 4.5253e-05
0 0.760022 0.712121 0.0471418 0.0989899 4.54798e-05
0 0.955642 1 0.0330364 0 4.5488e-05
0 0.407201 0.026936 0.0660728 0.0538721 4.54942e-05
0 0.414439 0.807407 0.0478842 0.110438 4.55734e-05
0 0.120453 0.384175 0.0619896 0.129966 4.59101e-05
0 0.530995 0.607744 0.032294 0.113805 4.6127e-05
0 0.968077 0.965657 0.0408315 0.0686869 4.65643e-05
0 0.3866 0.306061 0.0374907 0.100337 4.68112e-05
0 0.191537 0.905724 0.0430586 0.114478 4.70345e-05
0 0.58222 0.725253 0.0463994 0.125253 4.70753e-05
0 0.958612 0.594613 0.0820341 0.153535 4.71848e-05
0 0.700074 0.456902 0.0727543 0.182492 4.7227e-05
0 0.986823 0.394949 0.0263549 0.123232 4.75483e-05
0 0.0109503 0.531987 0.0219005 0.180471 4.76075e-05
0 0.268931 0.592256 0.0605048 0.121886 4.76921e-05
0 0.213623 0.848822 0.0553081 0.112458 4.79001e-05
0 0.166667 0.332323 0.0653304 0.127273 4.79685e-05
0 0.779696 0.0208754 0.062732 0.0417508 4.80048e-05
0 0.237008 0.29798 0.0397179 0.0989899 4.80066e-05
0 0.259465 0.733333 0.0720119 0.157576 4.84485e-05
0 0.906088 0.443434 0.0467706 0.120539 4.84781e-05
0 0.979027 0.679461 0.0419451 0.176431 4.86758e-05
0 0.642725 0.937037 0.0486266 0.125926 4.87594e-05
0 0.0805494 0.0158249 0.0348924 0.0316498 4.91479e-05
0 0.370453 0.680135 0.0445434 0.127946 4.95864e-05
0 0.640683 0.517508 0.0274684 0.152862 4.96391e-05
0 0.143096 0.0154882 0.0352635 0.0309764 4.97636e-05
0 0.167038 0.953535 0.03415 0.0929293 5.00712e-05
0 0.790089 0.210774 0.0753526 0.127946 5.01414e-05
0 0.00965108 1 0.0193022 0 5.04569e-05
0 0.987008 0.164983 0.0259837 0.262626 5.07159e-05
0 0.208797 0.249495 0.0723831 0.214815 5.09404e-05
0 0.723831 0.93468 0.0452858 0.13064 5.10426e-05
0 0.491091 0.208754 0.0668151 0.136027 5.14972e-05
0 0.531923 0.243098 0.0564217 0.188552 5.21144e-05
0 0.0664439 0.00875421 0.0504826 0.0175084 5.2622e-05
0 0.235523 0.352189 0.0367483 0.0983165 5.28025e-05
0 0.224388 0.69899 0.0946548 0.180471 5.31124e-05
0 0.0076095 0.259933 0.015219 0.140067 5.34187e-05
0 0.455271 0.412121 0.0308092 0.150842 5.34375e-05
0 0.703972 0.741414 0.0872309 0.228956 5.34684e-05
0 0.980512 0.786532 0.0389755 0.169697 5.3881e-05
0 0.310319 0.585859 0.0712695 0.0956229 5.39725e-05
0 0.391425 0.273064 0.0567929 0.129966 5.41789e-05
0 0.918708 0.969024 0.0393467 0.0619529 5.425e-05
0 0.410171 0.210101 0.0749814 0.13468 5.44327e-05
0 0.0302524 0.016835 0.0367483 0.03367 5.45348e-05
0 0.986823 0.526599 0.0263549 0.122559 5.45779e-05
0 0.178545 0.863973 0.0556793 0.187205 5.48174e-05
0 0.0857461 0.395623 0.0556793 0.139394 5.51722e-05
0 0.606347 0.63064 0.0478842 0.127273 5.54638e-05
0 0.657201 0.524579 0.0597624 0.129293 5.57611e-05
0 0.240349 0.907744 0.0538233 0.149495 5.67009e-05
0 0.756496 0.682155 0.0757238 0.138721 5.69795e-05
0 0.129733 0.464646 0.0738679 0.150842 5.72803e-05
0 0.190052 0.0104377 0.0519673 0.0208754 5.83695e-05
0 0.162212 0.29798 0.047513 0.0949495 5.85333e-05
0 0.333148 0.026936 0.0657016 0.0538721 5.86381e-05
0 0.984224 0.847475 0.0315516 0.290236 5.89015e-05
0 0.615999 0.522559 0.0419451 0.138721 5.90185e-05
0 0.987565 0.487542 0.0248701 0.210101 5.9125e-05
0 0.105419 0.0164983 0.0348924 0.0329966 5.92595e-05
0 0.500742 0.763973 0.0660728 0.212121 5.94154e-05
0 0.934298 0.944781 0.0430586 0.110438 5.94179e-05
0 0.955457 0.0138047 0.03415 0.0276094 5.95048e-05
0 0.142168 0.258249 0.0467706 0.0909091 5.96595e-05
0 0.118782 0.589226 0.0519673 0.117172 5.97312e-05
0 0.256125 0.553872 0.0571641 0.111111 6.0177e-05
0 0.4317 0.350842 0.0541945 0.121212 6.03282e-05
0 0.0174462 0.0188552 0.0348924 0.0377104 6.07317e-05
0 0.467149 0.592593 0.0345212 0.121212 6.09453e-05
0 0.227914 0.254882 0.0579065 0.101684 6.09534e-05
0 0.0100223 0.731987 0.0200445 0.191246 6.10367e-05
0 0.190609 0.219865 0.0731255 0.121886 6.19009e-05
0 0.617483 0.958249 0.0434298 0.0835017 6.21992e-05
0 0.979027 0.577778 0.0419451 0.176431 6.24494e-05
0 0.00983667 0.806397 0.0196733 0.193266 6.25577e-05
0 0.360059 0.705387 0.0668151 0.236364 6.2853e-05
0 0.154974 0.948148 0.0352635 0.103704 6.29293e-05
0 0.669822 0.349832 0.0434298 0.0922559 6.33444e-05
0 0.0100223 0.449158 0.0200445 0.222222 6.34015e-05
0 0.386043 0.803367 0.043801 0.0956229 6.38493e-05
0 0.541017 0.338047 0.0575353 0.123906 6.41962e-05
0 0.607275 0.347811 0.0467706 0.10303 6.47444e-05
0 0.0077951 0.983165 0.0155902 0.03367 6.48402e-05
0 0.00575353 0.775084 0.0115071 0.157576 6.50448e-05
0 0.316073 0.706734 0.0723831 0.148822 6.52388e-05
0 0.989235 0.741077 0.0215293 0.206734 6.70776e-05
0 0.00723831 0.671044 0.0144766 0.160943 6.80373e-05
0 0.979584 0.0286195 0.0408315 0.0572391 6.8414e-05
0 0.260022 0.023569 0.0642168 0.047138 6.85262e-05
0 0.199146 0.346465 0.079807 0.152862 6.91997e-05
0 0.0113215 0.874411 0.0226429 0.183838 6.93584e-05
0 0.0194877 0.647475 0.0352635 0.127273 6.94699e-05
0 0.538233 0.217172 0.0393467 0.109764 6.98814e-05
0 0.236451 0.649832 0.0705271 0.13468 7.0412e-05
0 0.170193 0.587205 0.0486266 0.189899 7.09353e-05
0 0.586303 0.390236 0.0478842 0.100337 7.11819e-05
0 0.783222 0.343434 0.0764662 0.13064 7.13545e-05
0 0.564217 0.349495 0.0423163 0.0929293 7.14377e-05
0 0.761136 0.930976 0.0708983 0.138047 7.14463e-05
0 0.713623 0.745455 0.0694135 0.127946 7.16344e-05
0 0.165182 0.219865 0.043801 0.104377 7.24407e-05
0 0.0556793 0.386869 0.0631032 0.120539 7.29684e-05
0 0.985895 0.575421 0.0244989 0.142088 7.31199e-05
0 0.137713 0.3367 0.0690423 0.115825 7.41828e-05
0 0.479955 0.945118 0.0356347 0.109764 7.43412e-05
0 0.386971 0.344444 0.0404603 0.0962963 7.46381e-05
0 0.97977 1 0.0345212 0 7.53928e-05
0 0.614699 0.975421 0.0296956 0.0491582 7.6157e-05
0 0.680215 0.407071 0.0449146 0.105724 7.67514e-05
0 0.0183742 0.0259259 0.0367483 0.0518519 7.81986e-05
0 0.0410171 0.46229 0.0605048 0.143434 7.96367e-05
0 0.169265 0.262963 0.0616184 0.167677 8.05853e-05
0 0.18337 0.255219 0.0497402 0.0942761 8.21403e-05
0 0.0449146 0.939394 0.0579065 0.121212 8.25715e-05
0 0.0219005 0.841414 0.043801 0.134007 8.35194e-05
0 0.142725 0.938384 0.0434298 0.123232 8.44174e-05
0 0.0122494 0.479798 0.0244989 0.120539 8.55651e-05
0 0.41611 0.396296 0.0400891 0.113805 8.55893e-05
0 0.0103935 0.927946 0.0207869 0.144108 8.61725e-05
0 0.018931 0.976768 0.0378619 0.0464646 8.68964e-05
0 0.275427 0.380135 0.0527097 0.113805 8.85649e-05
0 0.00965108 0.600337 0.0193022 0.189226 9.06345e-05
0 0.587973 0.349495 0.0423163 0.0996633 9.07924e-05
0 0.329065 0.299663 0.0478842 0.144108 9.39298e-05
0 0.826837 0.944781 0.0360059 0.110438 9.43431e-05
0 0.497216 0.345791 0.0501114 0.127273 9.45589e-05
0 0.012435 0.426263 0.0248701 0.123906 9.45623e-05
0 0.985895 0.00606061 0.0282108 0.0121212 9.50132e-05
0 0.243504 0.273401 0.0579065 0.119865 9.51946e-05
0 0.0267261 0.96431 0.0452858 0.0713805 9.57614e-05
0 0.134373 0.579461 0.0489978 0.163636 9.75241e-05
0 0.668337 0.940741 0.0404603 0.118519 9.85485e-05
0 0.314774 0.211448 0.0519673 0.13064 9.86375e-05
0 0.98905 0.0484848 0.0219005 0.0969697 9.92051e-05
0 0.200631 0.2633 0.0530809 0.0996633 0.000102807
0 0.00872309 0.955892 0.0174462 0.0882155 0.000103607
0 0.887157 0.444108 0.0519673 0.124579 0.000103934
0 0.526355 0.976768 0.0267261 0.0464646 0.000104996
0 0.47513 0.491582 0.0371195 0.175084 0.000105852
0 0.692279 0.946128 0.0356347 0.107744 0.000107107
0 0.518003 0.730976 0.0419451 0.134007 0.00011049
0 0.31533 0.524579 0.0642168 0.115825 0.000110585
0 0.317001 0.962963 0.0378619 0.0740741 0.000111457
0 0.270416 0.925252 0.0545657 0.149495 0.000113483
0 0.680215 0.744108 0.0679287 0.150842 0.000116354
0 0.566815 0.975084 0.0348924 0.0498317 0.000117198
0 0.00946548 0.668687 0.018931 0.196633 0.000117929
0 0.00965108 0.994276 0.0193022 0.0114478 0.00011916
0 0.531923 0.388215 0.0452858 0.10303 0.000119651
0 0.345768 0.275421 0.0582777 0.114478 0.000120934
0 0.27023 0.691919 0.0727543 0.131313 0.000126329
0 0.987379 0.842761 0.0185598 0.148822 0.000127377
0 0.0224573 0.596296 0.0449146 0.159596 0.000128193
0 0.297142 0.437037 0.0657016 0.172391 0.000128252
0 0.164254 0.257576 0.045657 0.0909091 0.000128325
0 0.277654 0.224916 0.0668151 0.127946 0.000129151
0 0.394395 0.409091 0.0360059 0.109764 0.000131234
0 0.334818 0.238384 0.0631032 0.13468 0.000132968
0 0.255382 0.931987 0.0430586 0.13468 0.000134932
0 0.0204157 0.382155 0.0363771 0.135354 0.000137514
0 0.569042 0.452862 0.0512249 0.150168 0.000138873
0 0.192279 0.863973 0.0482554 0.133333 0.000140623
0 0.439495 0.484175 0.0430586 0.188552 0.000140813
0 0.00909428 0.377441 0.0181886 0.151515 0.000141189
0 0.0206013 0.712795 0.0412027 0.158249 0.000142536
0 0.658686 0.471717 0.0515961 0.111111 0.000143231
0 0.091314 0.968687 0.0415739 0.0626263 0.0001459
0 0.458055 0.678451 0.0259837 0.146128 0.000146177
0 0.5902 0.97138 0.03415 0.0572391 0.000150882
0 0.989235 0.626936 0.0215293 0.219529 0.000152829
0 0.0211581 0.536027 0.0363771 0.122559 0.000153439
0 0.58686 0.608418 0.0556793 0.155556 0.000154317
0 0.49703 0.399663 0.0408315 0.111111 0.000154536
0 0.25761 0.394949 0.0668151 0.113805 0.000155603
0 0.654974 0.626599 0.0582777 0.13266 0.000158579
0 0.332591 0.954209 0.0348924 0.0915825 0.000159111
0 0.705828 0.644781 0.0501114 0.12862 0.000160524
0 0.844284 0.444108 0.0434298 0.117845 0.000166742
0 0.0699703 0.428956 0.0605048 0.192593 0.000168939
0 0.963252 0.995623 0.0452858 0.00875421 0.000170403
0 0.252227 0.344444 0.0612472 0.117845 0.000175176
0 0.469005 0.356902 0.0404603 0.122559 0.000178227
0 0.431514 0.706061 0.045657 0.173064 0.000180703
0 0.444878 0.677778 0.0293244 0.152862 0.000181149
0 0.988307 0.439057 0.0204157 0.13064 0.000183092
0 0.757609 0.625589 0.0742391 0.156229 0.000185922
0 0.696733 0.371717 0.0668151 0.173737 0.000191689
0 0.954157 0.96936 0.0382331 0.0612795 0.000196166
0 0.291017 0.280808 0.0564217 0.109091 0.000197035
0 0.311618 0.475421 0.0582777 0.162963 0.000208551
0 0.0219005 0.464646 0.043801 0.20202 0.000209791
0 0.226986 0.930303 0.0404603 0.139394 0.000212024
0 0.595768 0.522896 0.0408315 0.135354 0.000216351
0 0.984781 0.99596 0.030438 0.00808081 0.000219418
0 0.631403 0.398317 0.047513 0.105724 0.000220734
0 0.00965108 0.016835 0.0193022 0.03367 0.000225074
0 0.539532 0.426599 0.0426875 0.169024 0.000226769
0 0.22977 0.865993 0.0504826 0.150842 0.000228261
0 0.313474 0.338721 0.0486266 0.136027 0.000248829
0 0.0345212 0.979461 0.047513 0.0410774 0.000255114
0 0.55271 0.970707 0.0348924 0.0585859 0.000255986
0 0.657572 0.382828 0.0553081 0.117845 0.000260375
0 0.0527097 0.991246 0.0593912 0.0175084 0.000260591
0 0.485152 0.601683 0.0334076 0.104377 0.000280757
0 0.33389 0.357239 0.0553081 0.113805 0.000296719
0 0.987751 0.961616 0.0244989 0.0767677 0.000321728
0 0.989421 0.834007 0.0211581 0.217508 0.000331603
0 0.989792 0.425926 0.0204157 0.20404 0.000370597
0 0.650705 0.693939 0.0734967 0.0922559 0.000386761
0 0.631218 0.680471 0.0597624 0.127273 0.000394131
0 0.0759094 0.961616 0.0471418 0.0767677 0.000411856
0 0.0244989 0.994613 0.0489978 0.0107744 0.000417224
0 0.0436154 0.962626 0.0374907 0.0747475 0.000429435
0 0.557535 0.619865 0.047513 0.155556 0.000433108
0 0.547142 0.518519 0.0363771 0.140067 0.000441411
0 0.0219005 0.43367 0.03415 0.13064 0.000474737
0 0.553638 0.699327 0.0523385 0.17037 0.000485801
0 0.2049 0.884848 0.0460282 0.138721 0.000485922
0 0.312546 0.279798 0.0512249 0.108418 0.000498831
0 0.941537 0.973737 0.0263549 0.0525253 0.000510922
0 0.570156 0.516835 0.0393467 0.142088 0.000515371
0 0.692465 0.328956 0.049369 0.138047 0.000521686
0 0.456941 0.621212 0.0282108 0.143434 0.000550693
0 0.857832 0.452862 0.0556793 0.177104 0.000555463
0 0.288604 0.567677 0.0694135 0.106397 0.000630542
0 0.563289 0.385859 0.062732 0.167003 0.000693422
0 0.517817 0.613131 0.0259837 0.112458 0.000705518
0 0.724944 0.695286 0.0742391 0.108418 0.000878356
0 0.31533 0.932997 0.0538233 0.134007 0.000945774
0 0.422791 0.658249 0.0393467 0.151515 0.00102561
0 0.93003 0.973064 0.0270973 0.0538721 0.00117647
0 0.674647 0.668013 0.0768374 0.13064 0.00133806
0 0.45657 0.471044 0.0237565 0.1367 0.00139868
0 0.345954 0.47138 0.0408315 0.169697 0.00151751
0 0.0595768 0.964983 0.0426875 0.0700337 0.00160673
0 0.613771 0.424242 0.0612472 0.149495 0.00210801
0 0.484595 0.471044 0.0256125 0.139394 0.00232772
0 0.60709 0.663973 0.0701559 0.129293 0.00313392
0 0.50464 0.616162 0.0248701 0.129293 0.00322475
0 0.38363 0.473064 0.028582 0.160943 0.00471501
0 0.293244 0.383838 0.0467706 0.110438 0.00501834
0 0.532665 0.494276 0.0371195 0.138721 0.0053449
0 0.420007 0.409091 0.0657016 0.175758 0.00661267
0 0.322569 0.388215 0.03415 0.116498 0.00739767
0 0.689124 0.66532 0.062732 0.0821549 0.00794955
0 0.636785 0.514815 0.062732 0.151515 0.00836635
0 0.353192 0.629966 0.0553081 0.158249 0.010549
0 0.407201 0.472054 0.0311804 0.156229 0.0177732
0 0.321084 0.413805 0.0541945 0.158249 0.0509718
0 0.480698 0.57138 0.0400891 0.362963 0.122747
0 0.423534 0.574074 0.0460282 0.326599 0.123226
0 0.40386 0.554882 0.0549369 0.352862 0.130663
0 0.562918 0.575421 0.0716407 0.367003 0.138904
0 0.50631 0.654545 0.121752 0.162963 0.148135
0 0.344469 0.556229 0.0668151 0.338047 0.160352
0 0.357461 0.453199 0.10245 0.175084 0.168858
0 0.508537 0.454545 0.03415 0.154882 0.172037
0 0.424833 0.459259 0.0850037 0.160269 0.174774
0 0.554566 0.475421 0.108389 0.16835 0.177801
0 0.608389 0.473401 0.125464 0.16431 0.184165
0 0.494618 0.460269 0.0939124 0.164983 0.187087
0 0.642353 0.66835 0.189681 0.1367 0.198787
0 0.37268 0.548485 0.0489978 0.331987 0.227596
0 0.553081 0.666667 0.106162 0.165657 0.240139
0 0.409428 0.639731 0.0987379 0.161616 0.241195
0 0.468263 0.641751 0.0567929 0.156229 0.247829
0 0.466964 0.447811 0.0586489 0.145455 0.254445
0 0.639384 0.456229 0.0701559 0.13266 0.27716
0 0.388641 0.4633 0.0697847 0.158923 0.303357
0 0.510765 0.656229 0.0348924 0.174411 0.52311
0 0.495174 0.648148 0.0267261 0.160943 0.61338
0 0.525984 0.669024 0.0400891 0.181145 0.689347
0 0.482368 0.642088 0.0270973 0.143434 0.730434
0 0.466964 0.648148 0.0252413 0.155556 0.73199
0 0.429102 0.448822 0.0267261 0.171717 0.738917
0 0.418894 0.459259 0.032294 0.16835 0.740431
0 0.448218 0.442761 0.0241277 0.164983 0.75286
0 0.540832 0.674411 0.0393467 0.185185 0.755595
0 0.555679 0.483838 0.0512249 0.174411 0.783237
0 0.436897 0.647138 0.0393467 0.165657 0.797205
0 0.582034 0.489562 0.0556793 0.181818 0.802195
0 0.493318 0.455892 0.0311804 0.171044 0.804706
0 0.469376 0.447811 0.0256125 0.16431 0.811979
0 0.5232 0.46532 0.0419451 0.180471 0.81963
0 0.584447 0.676094 0.0671863 0.16835 0.820886
0 0.331849 0.451178 0.0452858 0.162963 0.826028
0 0.707313 0.667677 0.0872309 0.127273 0.830609
0 0.394581 0.465657 0.0289532 0.167677 0.833183
0 0.365999 0.464983 0.0400891 0.16229 0.83984
0 0.308463 0.385859 0.0512249 0.138721 0.841645
0 0.374907 0.641751 0.0653304 0.161616 0.846738
0 0.409057 0.643434 0.0430586 0.173064 0.848449
0 0.619896 0.485185 0.0593912 0.16633 0.850913
0 0.326837 0.647138 0.0686711 0.149495 0.854375
0 0.656088 0.429293 0.0553081 0.123232 0.855386
0 0.279324 0.636364 0.0657016 0.146801 0.860654
