0 0.794172 0.540659 0.0716407 0.152554 8.16796e-06
0 0.944878 0.927419 0.0196733 0.145161 8.18302e-06
0 0.734595 0.304099 0.0393467 0.110887 8.18384e-06
0 0.719005 0.0537634 0.0623608 0.107527 8.19748e-06
0 0.512249 0.34879 0.0356347 0.102151 8.19781e-06
0 0.162769 0.483871 0.0419451 0.100806 8.2293e-06
0 0.528396 0.982191 0.0167038 0.0356183 8.23833e-06
0 0.00482554 0.330645 0.00965108 0.21371 8.24952e-06
0 0.88363 0.931452 0.0204157 0.137097 8.25908e-06
0 0.543801 0.665995 0.0319228 0.0846774 8.26128e-06
0 0.269302 0.0638441 0.0337788 0.127688 8.30181e-06
0 0.0621752 0.305108 0.045657 0.100806 8.30253e-06
0 0.167038 0.983871 0.0378619 0.0322581 8.30349e-06
0 0.115999 0.537634 0.0471418 0.141129 8.34698e-06
0 0.886229 0.433468 0.0515961 0.108871 8.38579e-06
0 0.963252 0.260753 0.0452858 0.114247 8.40801e-06
0 0.863771 0.394825 0.0460282 0.110887 8.41649e-06
0 0.0692279 0.00739247 0.0330364 0.0147849 8.44355e-06
0 0.724016 0.980175 0.0248701 0.0396505 8.44664e-06
0 0.512621 0.982863 0.030438 0.0342742 8.45252e-06
0 0.560876 0.304435 0.0423163 0.103495 8.45421e-06
0 0.163697 0.906586 0.0512249 0.186828 8.46628e-06
0 0.451002 0.983871 0.0363771 0.0322581 8.4775e-06
0 0.137342 0.993952 0.017075 0.0120968 8.47958e-06
0 0.757795 0.965726 0.0538233 0.0685484 8.51008e-06
0 0.0382331 0.796371 0.0497402 0.115591 8.51433e-06
0 0.418708 0.983535 0.0690423 0.0329301 8.53398e-06
0 0.183556 0.889449 0.0426875 0.0920699 8.592e-06
0 0.433927 0.824597 0.047513 0.120968 8.59357e-06
0 0.0354491 0.929771 0.0508537 0.104167 8.60238e-06
0 0.612658 0.334005 0.0619896 0.153226 8.61026e-06
0 0.660728 0.211694 0.0430586 0.107527 8.61159e-06
0 0.806793 0.0598118 0.0389755 0.119624 8.6148e-06
0 0.761693 0.93078 0.0586489 0.138441 8.64095e-06
0 0.68634 0.167675 0.0452858 0.102823 8.699e-06
0 0.762064 0.211022 0.0423163 0.108871 8.71076e-06
0 0.0168894 0.459005 0.0337788 0.219086 8.71513e-06
0 0.681515 0.741935 0.0571641 0.186828 8.71613e-06
0 0.187639 0.983535 0.0167038 0.0329301 8.72535e-06
0 0.855791 0.908938 0.0330364 0.117608 8.73312e-06
0 0.396993 0.981183 0.0174462 0.0376344 8.74003e-06
0 0.631403 0.780578 0.0334076 0.0920699 8.76732e-06
0 0.411656 0.980847 0.0193022 0.0383065 8.7707e-06
0 0.00575353 0.935484 0.0115071 0.129032 8.77296e-06
0 0.686526 0.210685 0.045657 0.105511 8.80598e-06
0 0.18003 0.992608 0.109131 0.0147849 8.81154e-06
0 0.270416 0.530242 0.0270973 0.162634 8.81286e-06
0 0.681515 0.0265457 0.0326652 0.0530914 8.84605e-06
0 0.105605 0.200605 0.0998515 0.175403 8.90056e-06
0 0.373979 0.0645161 0.0567929 0.129032 8.90748e-06
0 0.014291 0.594758 0.028582 0.219086 8.91203e-06
0 0.895509 0.592742 0.049369 0.146505 8.97292e-06
0 0.12435 0.078629 0.0720119 0.157258 8.97894e-06
0 0.510022 0.259409 0.0356347 0.104839 8.98828e-06
0 0.109317 0.344422 0.0983667 0.175403 8.98932e-06
0 0.615256 1 0.076095 0 9.00635e-06
0 1 0.929771 0 0.140457 9.03863e-06
0 0.88363 0.803763 0.0389755 0.114247 9.04004e-06
0 0.531923 0.0110887 0.0378619 0.0221774 9.0409e-06
0 0.836303 0.482863 0.043801 0.106855 9.04459e-06
0 0.83686 0.392809 0.0449146 0.110887 9.04935e-06
0 0.873422 0.940188 0.043801 0.0967742 9.05278e-06
0 0.656644 0.0292339 0.0334076 0.0584677 9.05714e-06
0 0.47216 0.978495 0.0230141 0.0430108 9.0606e-06
0 0.487565 0.349462 0.0360059 0.102151 9.13582e-06
0 0.553267 0.981855 0.0167038 0.0362903 9.13903e-06
0 0.636414 0.256384 0.0397179 0.117608 9.15279e-06
0 0.510765 0.822245 0.047513 0.147177 9.17912e-06
0 0.983667 0.489583 0.0326652 0.299059 9.1842e-06
0 0.385301 0.168011 0.0415739 0.110215 9.20142e-06
0 0.854863 0.454301 0.0838901 0.174731 9.21564e-06
0 0.860616 0.710685 0.045657 0.106855 9.21705e-06
0 0.901076 0.155578 0.0582777 0.112231 9.2379e-06
0 0.844469 0.978831 0.0230141 0.0423387 9.24006e-06
0 0.812175 0.393481 0.0423163 0.112231 9.24577e-06
0 0.239978 0.34207 0.0560505 0.15457 9.26562e-06
0 0.338901 0.30578 0.0400891 0.108871 9.30284e-06
0 0.00426875 0.520833 0.00853749 0.201613 9.30305e-06
0 0.0868597 0.258065 0.0460282 0.106183 9.30749e-06
0 0.737008 0.119624 0.0397179 0.115591 9.30912e-06
0 0.288233 0.303427 0.0360059 0.108199 9.31392e-06
0 0.57758 0.343078 0.0549369 0.141801 9.33925e-06
0 0.434484 0.062164 0.0538233 0.124328 9.34059e-06
0 0.161099 0.078629 0.0705271 0.157258 9.42392e-06
0 0.350594 0.945229 0.0352635 0.109543 9.43096e-06
0 0.322754 0.977487 0.018931 0.0450269 9.43674e-06
0 0.12899 0.989247 0.0308092 0.0215054 9.4439e-06
0 0.81069 0.838374 0.0571641 0.105511 9.45168e-06
0 0.95657 0.942876 0.0126206 0.114247 9.46575e-06
0 0.348552 0.0766129 0.0734967 0.153226 9.46848e-06
0 0.143838 0.00806452 0.0330364 0.016129 9.47655e-06
0 0.00965108 0.210013 0.0193022 0.137769 9.50777e-06
0 0.510393 0.566868 0.0252413 0.120296 9.517e-06
0 0.582034 0.0114247 0.0371195 0.0228495 9.51879e-06
0 0.106347 0.00840054 0.0330364 0.0168011 9.52067e-06
0 0.691908 0.945901 0.0230141 0.108199 9.52599e-06
0 0.870824 0.078629 0.0764662 0.157258 9.52746e-06
0 0.112658 0.34711 0.0560505 0.105511 9.53907e-06
0 0.0219005 0.203629 0.0415739 0.110215 9.53946e-06
0 0.689124 0.335349 0.0642168 0.155914 9.54447e-06
0 0.355976 0.0490591 0.0460282 0.0981183 9.56962e-06
0 0.117854 0.829973 0.110245 0.19086 9.57653e-06
0 0.392353 0.816532 0.0556793 0.189516 9.61008e-06
0 0.0319228 0.949261 0.0356347 0.101478 9.62479e-06
0 0.478285 0.978495 0.0144766 0.0430108 9.63771e-06
0 0.308649 0.393481 0.0397179 0.0947581 9.65539e-06
0 0.306607 0.0100806 0.0356347 0.0201613 9.66454e-06
0 0.8634 0.438508 0.047513 0.108199 9.66594e-06
0 0.331106 0.880376 0.0512249 0.11828 9.68353e-06
0 0.0150334 1 0.028582 0 9.68778e-06
0 0.212138 0.395833 0.0412027 0.100806 9.69433e-06
0 0.930587 0.0487231 0.0467706 0.0974462 9.70251e-06
0 0.66147 0.304099 0.0423163 0.113575 9.70566e-06
0 0.96585 0.304099 0.0460282 0.110887 9.71032e-06
0 0.995917 0.743616 0.0081663 0.192876 9.7112e-06
0 1 0.320901 0 0.183468 9.71621e-06
0 0.493318 0.665659 0.030438 0.0893817 9.72473e-06
0 0.860431 0.579973 0.0482554 0.110215 9.73061e-06
0 0.442094 0.857863 0.0764662 0.204973 9.73404e-06
0 0.865999 0.608199 0.0838901 0.16129 9.74124e-06
0 0.55605 0.78461 0.03415 0.141801 9.75463e-06
0 0.553823 1 0.0564217 0 9.75616e-06
0 0.157387 0.988575 0.0571641 0.0228495 9.76441e-06
0 0.0554937 0.997648 0.0241277 0.0047043 9.76871e-06
0 0.176875 0.981519 0.0671863 0.0369624 9.77589e-06
0 0.043801 0.997984 0.0296956 0.00403226 9.77596e-06
0 0.954714 0.975134 0.0103935 0.0497312 9.78427e-06
0 0.68801 0.0537634 0.0619896 0.107527 9.79525e-06
0 0.391797 0.946909 0.0233853 0.106183 9.79682e-06
0 0.0202301 0.88004 0.0404603 0.239919 9.81006e-06
0 0.467335 0.951613 0.03415 0.0913979 9.83247e-06
0 0.764291 0.305108 0.0415739 0.112903 9.86677e-06
0 0.935041 0.802419 0.0423163 0.107527 9.88155e-06
0 0.978842 0.872648 0.0423163 0.182124 9.90266e-06
0 0.0077951 0.0749328 0.0155902 0.131048 9.92126e-06
0 0.783964 0.836694 0.0586489 0.103495 9.93477e-06
0 0.836488 0.439852 0.0441722 0.108199 9.93827e-06
0 0.21121 0.84543 0.0445434 0.104839 9.94148e-06
0 0.108018 0.986895 0.0564217 0.0262097 9.96529e-06
0 0.115442 1 0.0631032 0 9.96994e-06
0 0.478842 0.952285 0.0326652 0.0954301 9.98409e-06
0 0.712695 0.304099 0.0319228 0.116263 9.99471e-06
0 0.736266 0.077957 0.0352635 0.119624 1.00124e-05
0 0.241834 0.976815 0.0241277 0.046371 1.00134e-05
0 0.72977 0.544691 0.0259837 0.15793 1.00331e-05
0 0.198775 0.077621 0.0708983 0.155242 1.00878e-05
0 0.455271 0.666331 0.0337788 0.122984 1.01072e-05
0 0.637157 0.169019 0.0382331 0.110887 1.01169e-05
0 0.255939 0.993616 0.105048 0.0127688 1.01234e-05
0 0.611173 0.0735887 0.076095 0.147177 1.01521e-05
0 0.581663 0.664315 0.0356347 0.135081 1.01833e-05
0 0.466036 0.338374 0.0553081 0.152554 1.01886e-05
0 0.997587 0.454637 0.00482554 0.174059 1.02166e-05
0 0.468077 0.0836694 0.0690423 0.167339 1.02171e-05
0 1 0.191196 0 0.170027 1.02227e-05
0 0.0866741 0.710685 0.0463994 0.113575 1.02374e-05
0 0.487751 0.301075 0.03415 0.106183 1.02564e-05
0 0.481811 0.571573 0.0282108 0.110887 1.02567e-05
0 0.122123 0.977151 0.0282108 0.0456989 1.0259e-05
0 0.593541 0.8125 0.0393467 0.107527 1.02789e-05
0 0.542131 0.984207 0.0330364 0.031586 1.03105e-05
0 0.170564 0.948589 0.0389755 0.102823 1.03119e-05
0 0.0857461 0.889449 0.0393467 0.0974462 1.03238e-05
0 0.241834 0.59039 0.062732 0.129704 1.03306e-05
0 0.187454 0.43918 0.0408315 0.101478 1.03487e-05
0 0.203229 0.811828 0.0545657 0.115591 1.03516e-05
0 0.0616184 0.71203 0.0445434 0.117608 1.03564e-05
0 0.511507 0.300403 0.0356347 0.104839 1.04027e-05
0 0.555865 0.663642 0.0330364 0.133737 1.04053e-05
0 0.548812 0.984207 0.104306 0.031586 1.04183e-05
0 0.116184 0.974462 0.0311804 0.0510753 1.04395e-05
0 0.501485 0.329637 0.0556793 0.149866 1.04424e-05
0 0.960468 0.952621 0.0293244 0.0947581 1.04476e-05
0 0.199332 0.933468 0.0549369 0.133065 1.04506e-05
0 0.793059 0.0460349 0.0486266 0.0920699 1.04544e-05
0 0.273571 0.0739247 0.0727543 0.147849 1.0467e-05
0 0.810319 0.578629 0.0467706 0.0994624 1.04751e-05
0 0.12268 0.151882 0.05902 0.111559 1.04887e-05
0 0.811804 0.440188 0.0430586 0.108871 1.05096e-05
0 0.443393 0.369288 0.0501114 0.117608 1.05294e-05
0 0.366926 0.944892 0.0233853 0.110215 1.05316e-05
0 0.426875 0.979167 0.0200445 0.0416667 1.05371e-05
0 0.843356 0.936828 0.0207869 0.126344 1.05506e-05
0 0.889569 0.662634 0.0619896 0.139785 1.05561e-05
0 0.186526 0.302083 0.0434298 0.101478 1.0586e-05
0 0.912212 0.250336 0.0805494 0.141801 1.06061e-05
0 0.10245 0.994288 0.112843 0.0114247 1.06404e-05
0 0.78712 0.928427 0.062732 0.143145 1.06969e-05
0 0.0384187 0.845766 0.0419451 0.124328 1.0716e-05
0 0.567558 0.0540995 0.0623608 0.108199 1.07308e-05
0 0.868968 0.857863 0.0631032 0.213038 1.07348e-05
0 0.710097 0.883065 0.0460282 0.0981183 1.07544e-05
0 0.487008 0.890457 0.0363771 0.102151 1.07618e-05
0 0.746102 0.732863 0.0482554 0.159274 1.07629e-05
0 0.623051 0.90121 0.0902004 0.197581 1.07777e-05
0 0.885115 0.620968 0.0471418 0.114247 1.08342e-05
0 0.388641 0.335013 0.0631032 0.153898 1.08763e-05
0 0.0434298 0.0490591 0.0482554 0.0981183 1.08854e-05
0 0.46752 0.745968 0.0308092 0.149194 1.08882e-05
0 0.032294 0.925067 0.064588 0.149866 1.08896e-05
0 0.836117 0.756048 0.0463994 0.104839 1.09044e-05
0 0.81366 0.212702 0.0423163 0.106855 1.09179e-05
0 0.375464 0.939852 0.0434298 0.0987903 1.09485e-05
0 0.540832 0.818884 0.0423163 0.127016 1.09643e-05
0 0.453229 0.976815 0.013363 0.046371 1.09869e-05
0 0.837416 0.920027 0.0638456 0.159946 1.10574e-05
0 0.78582 0.392473 0.0423163 0.110215 1.10818e-05
0 0.0122494 0.196573 0.0244989 0.214382 1.10936e-05
0 0.430401 0.952285 0.0330364 0.0860215 1.11094e-05
0 0.482368 1 0.0567929 0 1.1154e-05
0 0.206941 0.984879 0.0575353 0.0302419 1.1169e-05
0 0.185598 0.802419 0.0460282 0.104839 1.11901e-05
0 0.608203 0.952285 0.0181886 0.0954301 1.11936e-05
0 0.411284 1 0.0579065 0 1.1202e-05
0 0.571641 0.983871 0.03415 0.0322581 1.12051e-05
0 0.555679 0.423051 0.0571641 0.182124 1.12118e-05
0 0.118782 0.00873656 0.0326652 0.0174731 1.1213e-05
0 0.30605 0.520497 0.0404603 0.144489 1.12191e-05
0 0.411656 0.304772 0.0393467 0.105511 1.127e-05
0 0.481255 0.74664 0.0300668 0.147849 1.12759e-05
0 0.475872 0.989919 0.101707 0.0201613 1.13105e-05
0 0.25297 0.977823 0.015219 0.0443548 1.13265e-05
0 0.340386 1 0.0593912 0 1.13298e-05
0 0.701188 0.427419 0.0571641 0.141129 1.13474e-05
0 0.212324 0.259409 0.0371195 0.0994624 1.13709e-05
0 0.180772 0.978831 0.0282108 0.0423387 1.13863e-05
0 0.611915 0.350134 0.0397179 0.103495 1.13967e-05
0 0.861173 0.663642 0.0497402 0.116263 1.1412e-05
0 0.352635 0.332661 0.060876 0.157258 1.1449e-05
0 0.306236 0.963374 0.0631032 0.0732527 1.14774e-05
0 0.280995 0.837702 0.0675575 0.164651 1.14944e-05
0 0.837602 0.797379 0.0575353 0.105511 1.14961e-05
0 0.0077951 0.16297 0.0155902 0.139113 1.15162e-05
0 0.647921 0.828293 0.0619896 0.204973 1.15325e-05
0 0.911656 0.803091 0.0423163 0.110215 1.15335e-05
0 0.64755 0.0739247 0.0753526 0.147849 1.15349e-05
0 1 0.822917 0 0.171371 1.15508e-05
0 0.253898 0.824933 0.0527097 0.229167 1.15529e-05
0 0.83853 0.844422 0.043801 0.105511 1.15537e-05
0 0.756682 0.0262097 0.032294 0.0524194 1.15657e-05
0 0.0365627 0.528898 0.0441722 0.114247 1.15717e-05
0 0.28582 0.39953 0.0445434 0.0880376 1.16338e-05
0 0.00482554 0.412298 0.00965108 0.204973 1.16371e-05
0 0.061804 0.620968 0.0434298 0.114247 1.16474e-05
0 0.319414 0.557124 0.0337788 0.0981183 1.16475e-05
0 0.78582 0.436828 0.0430586 0.115591 1.16673e-05
0 0.99703 0.96707 0.00593912 0.0658602 1.16899e-05
0 0.747773 0.0524194 0.0605048 0.104839 1.17049e-05
0 0.644581 0.40289 0.0374907 0.163306 1.17141e-05
0 0.71752 0.944556 0.0230141 0.110887 1.17294e-05
0 0.761507 0.47547 0.0649592 0.137769 1.17323e-05
0 0.487565 0.948253 0.0679287 0.103495 1.17603e-05
0 0.263177 0.844086 0.0467706 0.104839 1.18001e-05
0 0.184855 0.148522 0.0549369 0.108871 1.18063e-05
0 0.432442 0.965054 0.0638456 0.0698925 1.18218e-05
0 0.912212 0.395161 0.049369 0.114247 1.18371e-05
0 0.312918 0.334341 0.0593912 0.160618 1.18521e-05
0 0.862287 0.804771 0.0393467 0.110887 1.19021e-05
0 0.536748 0.329637 0.0593912 0.147177 1.19028e-05
0 0.786192 0.302419 0.0400891 0.112903 1.19036e-05
0 0.796771 0.406922 0.0560505 0.186156 1.19307e-05
0 0.428174 0.97547 0.0129918 0.0490591 1.1949e-05
0 0.818485 0.9375 0.0215293 0.125 1.19847e-05
0 0.302339 0.973118 0.0122494 0.0537634 1.1985e-05
0 0.60245 0.97547 0.013363 0.0490591 1.20119e-05
0 0.811804 0.483535 0.043801 0.101478 1.20545e-05
0 0.840757 0.153226 0.0586489 0.0994624 1.20646e-05
0 0.315516 0.947917 0.0259837 0.104167 1.20718e-05
0 0.614328 0.213038 0.0393467 0.107527 1.20755e-05
0 0.979955 0.151882 0.0348924 0.114247 1.20944e-05
0 0.952487 0.862567 0.0556793 0.190188 1.21009e-05
0 0.138085 0.216734 0.043801 0.102823 1.2103e-05
0 0.257795 0.585349 0.0515961 0.0954301 1.21597e-05
0 0.357832 0.255376 0.0527097 0.111559 1.22274e-05
0 0.104863 0.982863 0.0248701 0.0342742 1.22717e-05
0 0.433556 0.951949 0.0178174 0.0961021 1.22757e-05
0 0.577765 0.980175 0.015219 0.0396505 1.2318e-05
0 0.577394 0.973118 0.0300668 0.0537634 1.23788e-05
0 0.061804 0.348118 0.049369 0.104839 1.23816e-05
0 0.203786 0.982527 0.0200445 0.0349462 1.2395e-05
0 0.788419 0.484879 0.0497402 0.105511 1.24024e-05
0 0.770787 0.612231 0.0530809 0.126344 1.24139e-05
0 0.946919 0.690188 0.0905716 0.178763 1.24284e-05
0 0.405531 0.927419 0.0419451 0.145161 1.24916e-05
0 0.0874165 0.016129 0.0463994 0.0322581 1.25084e-05
0 0.130475 0.0231855 0.0412027 0.046371 1.25211e-05
0 0.231811 0.980511 0.0582777 0.0389785 1.25278e-05
0 0.394952 0.904906 0.0423163 0.184812 1.25292e-05
0 0.810319 0.800067 0.0452858 0.102823 1.2612e-05
0 0.164254 0.551411 0.062732 0.141801 1.26317e-05
0 0.404417 0.917003 0.0887157 0.165995 1.2641e-05
0 0.129362 0.250336 0.0835189 0.153898 1.26923e-05
0 0.435412 0.411626 0.0534521 0.1875 1.27776e-05
0 0.0374907 0.710685 0.0430586 0.125672 1.27822e-05
0 0.864699 0.976479 0.0612472 0.047043 1.28039e-05
0 0.0113215 0.434812 0.0226429 0.133065 1.2808e-05
0 0.687268 0.349798 0.0441722 0.100134 1.28094e-05
0 0.623608 0.376008 0.0482554 0.117608 1.28171e-05
0 0.0863029 0.575605 0.0419451 0.112231 1.28444e-05
0 0.897179 0.368616 0.0571641 0.112231 1.28649e-05
0 0.0872309 0.620968 0.0452858 0.111559 1.29318e-05
0 0.360431 0.305444 0.0378619 0.108199 1.29773e-05
0 0.0625464 0.575605 0.0419451 0.112231 1.30069e-05
0 0.583148 0.601815 0.0378619 0.0866935 1.30326e-05
0 0.3866 0.305444 0.0397179 0.105511 1.30328e-05
0 0.298255 0.256384 0.0538233 0.104167 1.30586e-05
0 0.0469562 0.649194 0.0501114 0.119624 1.3107e-05
0 0.606347 0.0144489 0.0382331 0.0288978 1.31365e-05
0 0.487565 0.4375 0.0397179 0.0967742 1.31834e-05
0 0.103935 0.975134 0.0311804 0.0497312 1.31888e-05
0 0.360802 0.150874 0.0489978 0.104167 1.32676e-05
0 0.228656 0.980847 0.0178174 0.0383065 1.32932e-05
0 0.17242 0.973118 0.0256125 0.0537634 1.33295e-05
0 0.646808 0.907258 0.0605048 0.153226 1.33608e-05
0 0.16147 0.755376 0.043801 0.103495 1.33695e-05
0 0.113957 0.260753 0.0452858 0.102151 1.34003e-05
0 0.386043 0.209677 0.0408315 0.110215 1.34009e-05
0 0.0543801 0.987903 0.062732 0.0241935 1.34053e-05
0 0.00556793 0.148858 0.0111359 0.131048 1.34075e-05
0 0.955085 0.956653 0.0660728 0.0866935 1.34136e-05
0 0.0718263 0.0359543 0.0634744 0.0719086 1.34518e-05
0 0.78415 0.588038 0.0523385 0.0927419 1.35085e-05
0 0.862472 0.921035 0.0634744 0.15793 1.35182e-05
0 0.960839 0.990927 0.0664439 0.0181452 1.35727e-05
0 0.104306 0.989583 0.0289532 0.0208333 1.36287e-05
0 0.441908 0.977151 0.0219005 0.0456989 1.36381e-05
0 0.74369 0.974798 0.0634744 0.0504032 1.36897e-05
0 0.460468 0.840726 0.0508537 0.100806 1.36934e-05
0 0.159985 0.344422 0.0452858 0.0987903 1.37396e-05
0 0.403304 0.97547 0.0129918 0.0490591 1.37582e-05
0 0.868226 0.937836 0.0215293 0.124328 1.37762e-05
0 0.322569 0.37668 0.0482554 0.117608 1.37834e-05
0 0.742762 0.943212 0.0230141 0.113575 1.37857e-05
0 0.868782 0.198925 0.0723831 0.135753 1.37866e-05
0 0.793244 0.939516 0.0222717 0.120968 1.3796e-05
0 0.711581 0.799395 0.0519673 0.105511 1.38226e-05
0 0.281366 0.0107527 0.0348924 0.0215054 1.38719e-05
0 0.380475 0.634745 0.0334076 0.093414 1.38788e-05
0 1 1 0 0 1.38999e-05
0 0.132888 0.988575 0.0549369 0.0228495 1.39098e-05
0 0.477914 0.197917 0.0916852 0.153898 1.39164e-05
0 0.45954 0.883401 0.0527097 0.100134 1.39303e-05
0 0.337602 0.978495 0.018931 0.0430108 1.39666e-05
0 0.964922 0.984207 0.0233853 0.031586 1.39992e-05
0 0.587416 0.953293 0.0671863 0.093414 1.40147e-05
0 0.150705 0.979839 0.0296956 0.0403226 1.40165e-05
0 0.996102 0.873992 0.0077951 0.174059 1.40275e-05
0 0.99833 0.570229 0.00334076 0.198253 1.40432e-05
0 0.511507 0.892473 0.0378619 0.0994624 1.40736e-05
0 0.615627 0.922379 0.0419451 0.155242 1.40979e-05
0 0.837602 0.577621 0.045657 0.104167 1.42266e-05
0 0.68467 0.885753 0.0471418 0.0967742 1.42399e-05
0 0.660728 0.254368 0.0541945 0.108199 1.42751e-05
0 0.362101 0.209341 0.0382331 0.106855 1.42848e-05
0 0.633259 0.951277 0.0178174 0.0974462 1.42942e-05
0 0.896065 0.466062 0.0556793 0.136425 1.43139e-05
0 0.0874165 0.664315 0.0478842 0.109543 1.43147e-05
0 0.0382331 0.620632 0.0400891 0.118952 1.43732e-05
0 0.907758 0.0238575 0.0412027 0.0477151 1.43844e-05
0 0.660913 0.152554 0.0515961 0.103495 1.44045e-05
0 0.179659 0.0665323 0.0764662 0.133065 1.44916e-05
0 0.456941 0.976815 0.0230141 0.046371 1.45057e-05
0 0.27784 0.977151 0.0144766 0.0456989 1.45654e-05
0 0.914811 0.0430108 0.0582777 0.0860215 1.45848e-05
0 0.186711 0.52789 0.0408315 0.0961021 1.46041e-05
0 0.906644 0.560148 0.0441722 0.170027 1.46192e-05
0 0.834261 0.588038 0.079807 0.194892 1.46253e-05
0 0.103563 0.0688844 0.0757238 0.137769 1.46284e-05
0 0.0616184 0.158266 0.0593912 0.120296 1.48046e-05
0 0.661284 0.350806 0.0441722 0.102151 1.48118e-05
0 0.999629 0.811492 0.000742391 0.199597 1.48123e-05
0 0.83222 0.74832 0.0987379 0.156586 1.48176e-05
0 0.435412 0.396169 0.0408315 0.0961021 1.48527e-05
0 0.910728 0.61996 0.0389755 0.122984 1.48561e-05
0 0.629176 0.816868 0.0482554 0.152554 1.48619e-05
0 0.4085 0.951949 0.0181886 0.0961021 1.48806e-05
0 1 0.690188 0 0.194892 1.49062e-05
0 0.0126206 0.0715726 0.0252413 0.143145 1.49459e-05
0 0.846882 0.0178091 0.0419451 0.0356183 1.49531e-05
0 0.136971 0.887433 0.0423163 0.0893817 1.49976e-05
0 0.862658 0.0362903 0.0564217 0.0725806 1.50557e-05
0 0.257795 0.409946 0.0508537 0.0913979 1.50875e-05
0 0.768003 0.941868 0.0230141 0.116263 1.50941e-05
0 0.124722 0.979839 0.0207869 0.0403226 1.51015e-05
0 0.404232 0.826277 0.0482554 0.12836 1.51244e-05
0 0.605234 0.951949 0.0337788 0.0880376 1.51344e-05
0 0.802339 0.976142 0.0634744 0.0477151 1.51478e-05
0 0.327951 0.973118 0.0122494 0.0537634 1.51493e-05
0 0.353378 0.97379 0.0118782 0.0524194 1.51753e-05
0 0.382702 0.96203 0.0623608 0.0759409 1.5186e-05
0 0.143653 0.547379 0.0467706 0.12836 1.52444e-05
0 0.976058 0.368616 0.0367483 0.117608 1.52641e-05
0 0.637528 0.350134 0.0426875 0.103495 1.52779e-05
0 0.617298 0.952621 0.0326652 0.0826613 1.52921e-05
0 0.189495 0.0456989 0.049369 0.0913979 1.53054e-05
0 0.214551 0.614583 0.0742391 0.19422 1.53146e-05
0 0.887342 0.395497 0.045657 0.110887 1.53302e-05
0 0.456199 0.0510753 0.0467706 0.102151 1.53877e-05
0 0.404603 0.0584677 0.0786934 0.116935 1.54176e-05
0 0.508909 0.407258 0.0512249 0.201613 1.54563e-05
0 0.421492 0.15457 0.0471418 0.106183 1.54683e-05
0 0.323682 0.812164 0.0519673 0.104167 1.54938e-05
0 0.693764 0.0144489 0.0378619 0.0288978 1.55076e-05
0 0.803638 0.680444 0.0512249 0.159274 1.55587e-05
0 0.187082 0.483199 0.0400891 0.0967742 1.55763e-05
0 0.314217 0.822245 0.0649592 0.176747 1.5622e-05
0 0.202301 0.483871 0.0593912 0.123656 1.56305e-05
0 0.988679 0.965054 0.0226429 0.0698925 1.57223e-05
0 0.288604 0.350806 0.0389755 0.0994624 1.57334e-05
0 0.403118 0.199597 0.0927988 0.151882 1.57343e-05
0 0.241463 0.0547715 0.0501114 0.109543 1.57709e-05
0 0.25761 0.771841 0.0979955 0.247984 1.58064e-05
0 0.476615 0.861895 0.047513 0.106855 1.58609e-05
0 0.737565 0.402554 0.0415739 0.0873656 1.5874e-05
0 0.56199 0.967406 0.0549369 0.0651882 1.58992e-05
0 0.299183 0.151546 0.0519673 0.100134 1.59066e-05
0 0.658129 0.950269 0.017075 0.0994624 1.59776e-05
0 0.918523 0.933468 0.0226429 0.133065 1.59831e-05
0 0.904417 0.879704 0.0478842 0.114247 1.59832e-05
0 0.378619 0.97547 0.0126206 0.0490591 1.6022e-05
0 0.955828 0.466734 0.0675575 0.152554 1.60509e-05
0 0.622309 0.97043 0.0605048 0.0591398 1.60619e-05
0 0.605976 0.566868 0.0263549 0.113575 1.60815e-05
0 0.0629176 0.757729 0.0434298 0.114919 1.60953e-05
0 0.883445 0.262433 0.0452858 0.110887 1.61327e-05
0 0.862472 0.845094 0.0419451 0.108199 1.62282e-05
0 0.71288 0.348454 0.0367483 0.105511 1.62383e-05
0 0.314588 0.6875 0.0619896 0.149194 1.62679e-05
0 0.885115 0.84543 0.0412027 0.107527 1.62703e-05
0 0.131218 0.647177 0.0575353 0.186828 1.62765e-05
0 0.737751 0.349798 0.0426875 0.102823 1.62861e-05
0 0.218634 0.0433468 0.043801 0.0866935 1.62979e-05
0 0.160542 0.804099 0.0412027 0.0987903 1.63516e-05
0 0.116555 0.988575 0.0289532 0.0228495 1.63538e-05
0 0.837973 0.710013 0.0501114 0.105511 1.63823e-05
0 0.561433 0.892137 0.0389755 0.0961021 1.63908e-05
0 0.210839 0.754368 0.0534521 0.0947581 1.64048e-05
0 0.643096 0.812836 0.0426875 0.12164 1.64102e-05
0 0.0183742 0.86828 0.0367483 0.149194 1.64476e-05
0 0.240349 0.153226 0.0501114 0.102151 1.64841e-05
0 0.793059 0.200941 0.0664439 0.129032 1.65194e-05
0 0.586488 0.391129 0.0452858 0.0954301 1.65224e-05
0 0.360987 0.84543 0.045657 0.102151 1.65287e-05
0 0.643281 0.553763 0.0348924 0.122312 1.65503e-05
0 0.985709 0.604167 0.028582 0.233871 1.66452e-05
0 0.837416 0.346102 0.0460282 0.106183 1.66484e-05
0 0.719933 0.155578 0.0523385 0.100134 1.66522e-05
0 0.412027 0.0376344 0.0504826 0.0752688 1.66754e-05
0 0.933742 0.802083 0.0597624 0.19422 1.66829e-05
0 0.196919 0.214046 0.0649592 0.102823 1.67346e-05
0 0.310134 0.349126 0.0412027 0.100134 1.67708e-05
0 0.19562 0.770833 0.0853749 0.169355 1.68445e-05
0 0.492576 0.950269 0.0356347 0.0994624 1.69e-05
0 0.983853 0.141129 0.032294 0.282258 1.69059e-05
0 0.567186 0.200605 0.0579065 0.118952 1.69359e-05
0 0.719933 0.252352 0.0530809 0.112231 1.69386e-05
0 0.130475 0.984879 0.0263549 0.0302419 1.69854e-05
0 0.74369 0.015121 0.0374907 0.0302419 1.70343e-05
0 0.489792 0.208333 0.0553081 0.111559 1.70472e-05
0 0.555308 0.483199 0.0415739 0.159946 1.70901e-05
0 0.667223 0.902218 0.0575353 0.172715 1.70944e-05
0 0.236451 0.757392 0.0497402 0.0954301 1.72135e-05
0 0.63196 0.96539 0.062732 0.0692204 1.72481e-05
0 0.0081663 0.756384 0.0163326 0.137769 1.73166e-05
0 0.0929844 0.0487231 0.0441722 0.0974462 1.74039e-05
0 0.337045 0.959005 0.0252413 0.0819892 1.74985e-05
0 0.160542 0.216062 0.0434298 0.104167 1.75177e-05
0 0.170935 0.728495 0.0783222 0.138441 1.75216e-05
0 0.801039 0.750336 0.0697847 0.116263 1.75456e-05
0 0.159243 0.257728 0.043801 0.100134 1.75612e-05
0 0.645323 0.198253 0.0597624 0.119624 1.75767e-05
0 0.462324 0.943548 0.0694135 0.112903 1.75968e-05
0 0.776726 0.158266 0.0553081 0.0907258 1.76005e-05
0 0.0194877 0.813172 0.0389755 0.142473 1.76238e-05
0 0.813103 0.347446 0.0449146 0.106183 1.76347e-05
0 0.717335 0.207661 0.0612472 0.125 1.7646e-05
0 0.954157 0.907258 0.0315516 0.0752688 1.76491e-05
0 0.880661 0.047379 0.045657 0.0947581 1.76565e-05
0 0.928916 0.976142 0.00927988 0.0477151 1.76762e-05
0 0.930958 0.94254 0.0126206 0.114919 1.77134e-05
0 0.742762 0.854167 0.0653304 0.178763 1.77186e-05
0 0.131403 0.790995 0.0682999 0.163978 1.7739e-05
0 0.5683 0.674731 0.0274684 0.127688 1.77904e-05
0 0.767261 0.523521 0.0445434 0.146505 1.78037e-05
0 0.0625464 0.257056 0.0634744 0.112231 1.78048e-05
0 0.600037 0.151546 0.0515961 0.102823 1.78175e-05
0 0.628434 0.976479 0.013363 0.047043 1.78274e-05
0 0.611915 0.943884 0.0723831 0.112231 1.79544e-05
0 0.72513 0.336358 0.0560505 0.15121 1.79912e-05
0 0.0137342 0.265793 0.0274684 0.229167 1.8058e-05
0 0.115256 0.697917 0.0486266 0.124328 1.80655e-05
0 0.794543 0.0325941 0.0605048 0.0651882 1.8114e-05
0 0.489235 0.847782 0.0601336 0.15793 1.81166e-05
0 0.56069 0.934812 0.0812918 0.130376 1.81752e-05
0 0.837231 0.215054 0.0434298 0.106183 1.82058e-05
0 0.184484 0.578629 0.0467706 0.094086 1.82603e-05
0 0.855048 0.880376 0.0478842 0.123656 1.82803e-05
0 0.537491 0.303427 0.0363771 0.101478 1.83255e-05
0 0.206941 0.959677 0.0248701 0.0806452 1.83615e-05
0 0.783779 0.800067 0.0478842 0.100134 1.83982e-05
0 0.786377 0.0141129 0.0426875 0.0282258 1.84494e-05
0 0.117483 0.305108 0.0471418 0.0927419 1.85518e-05
0 0.504826 0.666667 0.0267261 0.129032 1.85953e-05
0 0.0577209 0.0191532 0.0471418 0.0383065 1.86241e-05
0 0.0681143 0.0514113 0.045657 0.102823 1.86438e-05
0 0.14124 0.988239 0.0308092 0.0235215 1.86735e-05
0 0.410913 0.347446 0.0408315 0.100806 1.87109e-05
0 0.0167038 1 0.0334076 0 1.87137e-05
0 0.18003 0.87836 0.060876 0.176075 1.87634e-05
0 0.867112 0.330981 0.0742391 0.132392 1.87702e-05
0 0.422049 0.93414 0.0482554 0.13172 1.87813e-05
0 0.200817 0.927083 0.0972532 0.145833 1.87834e-05
0 0.232183 0.958333 0.0226429 0.0833333 1.88216e-05
0 0.41611 0.208669 0.0571641 0.109543 1.88346e-05
0 0.0185598 0.971438 0.0348924 0.0571237 1.88525e-05
0 0.482925 0.155242 0.0460282 0.100806 1.88982e-05
0 0.510393 0.396169 0.0348924 0.0974462 1.9061e-05
0 0.632702 0.441196 0.0419451 0.101478 1.90622e-05
0 0.670193 0.544355 0.0352635 0.111559 1.91812e-05
0 0.188567 0.752352 0.0497402 0.100134 1.919e-05
0 0.684113 0.453629 0.0504826 0.114247 1.91904e-05
0 0.893096 0.938172 0.0222717 0.123656 1.92269e-05
0 0.721047 0.88004 0.0560505 0.147177 1.92289e-05
0 0.533222 0.56418 0.0241277 0.117608 1.93007e-05
0 0.4549 0.951613 0.0315516 0.0967742 1.93101e-05
0 0.0631032 0.844758 0.0423163 0.104839 1.93255e-05
0 0.383445 0.951277 0.0178174 0.0974462 1.93402e-05
0 0.595026 0.435484 0.0460282 0.125 1.94152e-05
0 0.136229 0.757729 0.0356347 0.104167 1.94243e-05
0 0.842613 0.0426747 0.0445434 0.0853495 1.94348e-05
0 0.161284 0.887769 0.0434298 0.0887097 1.94577e-05
0 0.191351 0.0191532 0.0419451 0.0383065 1.95859e-05
0 0.421492 0.25672 0.0523385 0.110215 1.96378e-05
0 0.435598 0.891129 0.0404603 0.0967742 1.9736e-05
0 0.419636 0.782258 0.0337788 0.111559 1.9815e-05
0 0.184484 0.84543 0.0460282 0.0954301 1.98479e-05
0 0.682999 0.948253 0.0163326 0.103495 1.99366e-05
0 0.72977 0.730847 0.0400891 0.124328 1.99441e-05
0 0.881032 0.293011 0.0671863 0.217742 1.99675e-05
0 0.542316 0.154234 0.0489978 0.0987903 1.99717e-05
0 0.918708 0.93246 0.118782 0.135081 1.99864e-05
0 0.944692 0.203293 0.0682999 0.144489 2.01062e-05
0 0.558463 0.848118 0.0694135 0.197581 2.0281e-05
0 0.653118 0.976142 0.0129918 0.0477151 2.02926e-05
0 0.98608 0.61828 0.0278396 0.129032 2.03397e-05
0 0.22049 0.540995 0.0720119 0.123656 2.03719e-05
0 0.00556793 0.0181452 0.0111359 0.0362903 2.04331e-05
0 0.12268 0.476142 0.0686711 0.15121 2.04498e-05
0 0.632146 0.935484 0.0467706 0.129032 2.05015e-05
0 0.619339 0.569892 0.0293244 0.0994624 2.05048e-05
0 0.712509 0.395833 0.0441722 0.0873656 2.05147e-05
0 0.945063 0.340054 0.0668151 0.151882 2.05976e-05
0 0.606347 0.667003 0.0389755 0.147177 2.06059e-05
0 0.598738 0.258065 0.0534521 0.104839 2.06369e-05
0 0.358203 0.949933 0.017075 0.100134 2.06589e-05
0 0.121938 0.59543 0.0478842 0.119624 2.06656e-05
0 0.561247 0.839718 0.0467706 0.0974462 2.06839e-05
0 0.3866 0.84711 0.0404603 0.104167 2.07218e-05
0 0.257795 0.956989 0.0211581 0.0860215 2.07507e-05
0 0.255382 0.0450269 0.0400891 0.0900538 2.08413e-05
0 0.760393 0.393145 0.0389755 0.100806 2.08418e-05
0 0.21121 0.96539 0.0623608 0.0692204 2.10102e-05
0 0.697661 0.047379 0.076095 0.0947581 2.10436e-05
0 0.866184 0.297379 0.0545657 0.104167 2.10893e-05
0 0.396808 0.544019 0.0326652 0.117608 2.11485e-05
0 0.736823 0.804435 0.0430586 0.100806 2.11573e-05
0 0.812732 0.259745 0.0426875 0.100134 2.11983e-05
0 0.643653 0.363911 0.0675575 0.152554 2.12864e-05
0 0.986451 0.21203 0.0263549 0.124328 2.13295e-05
0 0.121566 0.377688 0.0634744 0.114247 2.13527e-05
0 0.240349 0.25336 0.0523385 0.104839 2.14331e-05
0 0.344284 0.639113 0.049369 0.11828 2.14714e-05
0 0.418337 0.952621 0.0326652 0.0947581 2.151e-05
0 0.0237565 0.382392 0.047513 0.236559 2.15735e-05
0 0.183927 0.25504 0.0560505 0.104167 2.16435e-05
0 0.831663 0.944556 0.0137342 0.110887 2.16867e-05
0 0.118411 0.0490591 0.0460282 0.0981183 2.18282e-05
0 0.238493 0.400202 0.0434298 0.0961021 2.18829e-05
0 0.381032 0.902218 0.0471418 0.140457 2.18929e-05
0 0.861544 0.61996 0.0519673 0.106855 2.19168e-05
0 0.197661 0.0376344 0.05902 0.0752688 2.19404e-05
0 0.774499 0.251008 0.0523385 0.106855 2.19705e-05
0 0.707498 0.0278898 0.0497402 0.0557796 2.19928e-05
0 0.017075 1 0.03415 0 2.20745e-05
0 0.147179 0.581317 0.0753526 0.224462 2.21342e-05
0 0.885672 0.344758 0.0460282 0.107527 2.22187e-05
0 0.732183 0.957661 0.0649592 0.0846774 2.22725e-05
0 0.682628 0.633737 0.0267261 0.158602 2.22972e-05
0 0.681886 0.962366 0.0631032 0.0752688 2.23803e-05
0 0.0874165 0.844422 0.0419451 0.0987903 2.24301e-05
0 0.043801 0.0104167 0.0334076 0.0208333 2.24412e-05
0 0.337231 0.0372984 0.0508537 0.0745968 2.24686e-05
0 0.862101 0.262097 0.045657 0.106183 2.25078e-05
0 0.636043 0.888441 0.0434298 0.0967742 2.25166e-05
0 0.50297 0.969086 0.0549369 0.061828 2.27713e-05
0 0.610616 0.43918 0.0445434 0.105511 2.28608e-05
0 0.660171 0.886089 0.0441722 0.0961021 2.2889e-05
0 0.535449 0.863239 0.0434298 0.105511 2.28976e-05
0 0.217706 0.950941 0.0397179 0.0981183 2.28984e-05
0 0.438196 0.931116 0.0902004 0.137769 2.29274e-05
0 0.00593912 0.953293 0.0118782 0.093414 2.30441e-05
0 0.0311804 0.0110887 0.03415 0.0221774 2.31223e-05
0 0.345026 0.201613 0.0582777 0.112903 2.3147e-05
0 0.185598 0.378024 0.0586489 0.113575 2.32072e-05
0 0.677988 0.975134 0.0129918 0.0497312 2.32587e-05
0 0.418151 0.542675 0.0308092 0.132392 2.32728e-05
0 0.725872 0.0124328 0.0441722 0.0248656 2.3426e-05
0 0.727914 0.972782 0.0111359 0.0544355 2.34277e-05
0 0.311247 0.843078 0.0515961 0.0961021 2.3546e-05
0 0.335746 0.84375 0.0478842 0.100134 2.35749e-05
0 0.702858 0.97379 0.0122494 0.0524194 2.36321e-05
0 0.236637 0.961358 0.0657016 0.0772849 2.37294e-05
0 0.759837 0.841062 0.0489978 0.0987903 2.37304e-05
0 0.182814 0.961021 0.0278396 0.077957 2.37772e-05
0 0.308092 0.951949 0.0185598 0.0961021 2.38084e-05
0 0.685783 0.394489 0.045657 0.0873656 2.38523e-05
0 0.42706 0.0120968 0.0441722 0.0241935 2.38692e-05
0 0.00649592 0.25336 0.0129918 0.130376 2.39074e-05
0 0.112843 0.757729 0.0400891 0.100134 2.39577e-05
0 0.53712 0.349126 0.0378619 0.0947581 2.40055e-05
0 0.986823 0.752688 0.0263549 0.125 2.40416e-05
0 0.985895 0.0745968 0.0282108 0.112903 2.41813e-05
0 0.414254 0.958669 0.0697847 0.0826613 2.42096e-05
0 0.14291 0.046707 0.0452858 0.093414 2.42252e-05
0 0.262435 0.925739 0.100965 0.148522 2.42495e-05
0 0.638827 0.030578 0.0497402 0.0611559 2.42619e-05
0 0.741834 0.439852 0.0434298 0.0705645 2.42908e-05
0 0 0.971102 0 0.0577957 2.43993e-05
0 0.610431 0.874328 0.062732 0.120968 2.44435e-05
0 0.706013 0.380712 0.0734967 0.184812 2.44613e-05
0 0.0998515 0.981855 0.0178174 0.0362903 2.44681e-05
0 0.806793 0.94422 0.0137342 0.111559 2.44759e-05
0 0.185969 0.968078 0.0593912 0.0638441 2.45324e-05
0 0.510579 0.434476 0.0382331 0.100134 2.45504e-05
0 0.287862 0.842406 0.0508537 0.0974462 2.45623e-05
0 0.386414 0.391801 0.0415739 0.0967742 2.45686e-05
0 0.436711 0.743952 0.0382331 0.139785 2.4582e-05
0 0.707684 0.946909 0.0159614 0.106183 2.45889e-05
0 0.538975 0.258065 0.0512249 0.103495 2.46253e-05
0 0.935226 0.0241935 0.0538233 0.0483871 2.46418e-05
0 0.117483 0.862903 0.0478842 0.108871 2.47513e-05
0 0.158129 0.302083 0.0452858 0.0947581 2.48253e-05
0 0.239792 0.809476 0.0749814 0.127016 2.48581e-05
0 0.441351 0.970094 0.0564217 0.0598118 2.49753e-05
0 0.459725 0.423723 0.0515961 0.125672 2.5214e-05
0 0.298627 0.948925 0.0315516 0.102151 2.52482e-05
0 0.164254 0.704973 0.0478842 0.0981183 2.52694e-05
0 0.9549 0.580309 0.0738679 0.207661 2.53051e-05
0 0.018003 0.0124328 0.0337788 0.0248656 2.53835e-05
0 0.154603 0.986895 0.0278396 0.0262097 2.54374e-05
0 0.00241277 0.0292339 0.00482554 0.0584677 2.55692e-05
0 0.0840757 0.962702 0.0293244 0.0745968 2.56245e-05
0 0.48144 0.252352 0.0497402 0.105511 2.56269e-05
0 0.0196733 0.93582 0.0393467 0.12836 2.58456e-05
0 0.542316 0.942204 0.0430586 0.115591 2.58581e-05
0 0.922235 0.982527 0.05902 0.0349462 2.58725e-05
0 0.552895 0.56418 0.032294 0.117608 2.59067e-05
0 0.0432442 0.961358 0.0360059 0.0772849 2.59158e-05
0 0.0553081 0.989919 0.0274684 0.0201613 2.59348e-05
0 0.986451 0.740591 0.0270973 0.229839 2.59882e-05
0 0.611359 0.846774 0.0386043 0.0994624 2.60937e-05
0 0.16778 0.0443548 0.043801 0.0887097 2.60971e-05
0 0.527097 0.925739 0.0504826 0.148522 2.61071e-05
0 0.32294 0.520497 0.0415739 0.122984 2.614e-05
0 0.00965108 1 0.0193022 0 2.6186e-05
0 0.0545657 0.471774 0.0638456 0.123656 2.62044e-05
0 0.782851 0.957997 0.064588 0.0840054 2.62285e-05
0 0.813474 0.301747 0.0441722 0.0994624 2.63168e-05
0 0.907944 0.960685 0.0616184 0.078629 2.64625e-05
0 0.753155 0.97379 0.0111359 0.0524194 2.64958e-05
0 0.988307 0.960013 0.0174462 0.0799731 2.65975e-05
0 0.302524 0.456317 0.0430586 0.188172 2.68199e-05
0 0.364143 0.456653 0.0378619 0.105511 2.68368e-05
0 0.373608 0.0278898 0.062732 0.0557796 2.68723e-05
0 0.41611 0.860551 0.0504826 0.109543 2.68951e-05
0 0.0079807 0.320565 0.0159614 0.129032 2.6951e-05
0 0.136971 0.803091 0.03415 0.100806 2.69774e-05
0 0.85709 0.947245 0.0148478 0.105511 2.69945e-05
0 0.978842 0.959005 0.0423163 0.0819892 2.70646e-05
0 0.314402 0.030914 0.0623608 0.061828 2.71329e-05
0 0.667223 0.0124328 0.0441722 0.0248656 2.72314e-05
0 0.661656 0.933468 0.0731255 0.133065 2.72416e-05
0 0.554937 0.0339382 0.0616184 0.0678763 2.73017e-05
0 0.112472 0.980175 0.0185598 0.0396505 2.73542e-05
0 0.256125 0.0332661 0.0586489 0.0665323 2.75001e-05
0 0.986266 0.376344 0.0274684 0.219086 2.75114e-05
0 0.498886 0.922043 0.0556793 0.155914 2.76417e-05
0 0.903489 0.977151 0.0103935 0.0456989 2.77395e-05
0 0.768931 0.0147849 0.0360059 0.0295699 2.77585e-05
0 0.504454 0.862231 0.0423163 0.104839 2.78001e-05
0 0.985895 0.0403226 0.0282108 0.0806452 2.7841e-05
0 0.778396 0.974462 0.0111359 0.0510753 2.78554e-05
0 0.986451 0.572917 0.0226429 0.139113 2.79297e-05
0 0.782108 0.945229 0.0148478 0.109543 2.79298e-05
0 0.546956 0.0134409 0.0441722 0.0268817 2.7954e-05
0 0.214736 0.589046 0.0560505 0.0920699 2.79566e-05
0 0.0666295 0.896169 0.0649592 0.122984 2.81718e-05
0 0.21882 0.425403 0.0634744 0.127688 2.82707e-05
0 0.732554 0.945901 0.015219 0.108199 2.83359e-05
0 0.137713 0.262097 0.0423163 0.100806 2.83598e-05
0 0.495546 0.0325941 0.060876 0.0651882 2.83824e-05
0 0.362658 0.348454 0.0400891 0.100134 2.84172e-05
0 0.52784 0.744624 0.0267261 0.141129 2.84961e-05
0 0.385857 0.348118 0.0404603 0.100806 2.85311e-05
0 0.283408 0.955309 0.0211581 0.0893817 2.86154e-05
0 0.946733 0.983199 0.0241277 0.0336022 2.88582e-05
0 0.935598 0.909274 0.0775798 0.181452 2.89845e-05
0 0.987379 0.799731 0.0215293 0.133065 2.89862e-05
0 0.988122 0.0675403 0.0237565 0.135081 2.91164e-05
0 0.891611 0.88172 0.0534521 0.16129 2.92115e-05
0 0.735709 0.84375 0.0482554 0.0961021 2.92856e-05
0 0.98608 0.664651 0.0219005 0.143817 2.92896e-05
0 0.615442 0.031922 0.0623608 0.0638441 2.94297e-05
0 0.262992 0.97379 0.0649592 0.0524194 2.96349e-05
0 0.987936 0.890793 0.0241277 0.131048 2.97112e-05
0 0.208612 0.353495 0.0682999 0.133065 2.97863e-05
0 0.0853749 0.970094 0.0660728 0.0598118 2.99296e-05
0 0.264291 0.69254 0.0482554 0.141801 2.99611e-05
0 0.986637 0.120632 0.0244989 0.12836 3.0056e-05
0 0.757424 0.945565 0.015219 0.108871 3.02375e-05
0 0.987565 0.0456989 0.0248701 0.0913979 3.03191e-05
0 0.837231 0.621976 0.0515961 0.104167 3.04499e-05
0 0.44395 0.862567 0.0489978 0.110887 3.04631e-05
0 0.487936 0.0127688 0.0426875 0.0255376 3.04641e-05
0 0.833333 0.959677 0.0631032 0.0806452 3.05368e-05
0 0.662955 0.450605 0.0460282 0.120296 3.0586e-05
0 0.686154 0.845766 0.0463994 0.100134 3.06465e-05
0 0.988864 0.844758 0.0222717 0.129032 3.06888e-05
0 0.837973 0.302083 0.0449146 0.100134 3.0879e-05
0 0.00853749 0.256048 0.017075 0.126344 3.09349e-05
0 0.105419 0.825605 0.0504826 0.18078 3.10367e-05
0 0.712324 0.845094 0.0467706 0.0974462 3.10432e-05
0 0.270416 0.209341 0.0575353 0.104167 3.12059e-05
0 0.991091 0.882392 0.0178174 0.216398 3.12774e-05
0 0.470304 0.761089 0.0489978 0.222446 3.16023e-05
0 0.838159 0.260417 0.0430586 0.102823 3.16477e-05
0 0.882888 0.304772 0.0463994 0.100134 3.18484e-05
0 0.76095 0.802419 0.0460282 0.102151 3.19945e-05
0 0.586674 0.846774 0.0352635 0.0994624 3.20226e-05
0 0.87899 0.978159 0.0111359 0.0436828 3.21873e-05
0 0.906644 0.944556 0.0137342 0.110887 3.22092e-05
0 0.82925 0.976815 0.0111359 0.046371 3.22828e-05
0 0.804009 0.976142 0.0111359 0.0477151 3.26224e-05
0 0.0102079 0.527554 0.0204157 0.119624 3.26662e-05
0 0.59484 0.569892 0.0337788 0.107527 3.27614e-05
0 0.562546 0.397849 0.0412027 0.0887097 3.27717e-05
0 0.988307 0.151546 0.0233853 0.192876 3.31309e-05
0 0.838159 0.664987 0.0512249 0.108199 3.31646e-05
0 0.294358 0.809812 0.0601336 0.106183 3.3198e-05
0 0.575353 0.876344 0.0579065 0.116935 3.34251e-05
0 0.6366 0.395833 0.0430586 0.0900538 3.36604e-05
0 0.018003 0.0282258 0.0360059 0.0564516 3.36695e-05
0 0.858389 0.961358 0.0612472 0.0772849 3.3722e-05
0 0.691166 0.879704 0.0616184 0.172043 3.37873e-05
0 0.636971 0.84711 0.0400891 0.100134 3.39023e-05
0 0.161284 0.847782 0.0434298 0.0907258 3.4079e-05
0 0.592613 0.948589 0.0337788 0.102823 3.41705e-05
0 0.143467 0.961358 0.0701559 0.0772849 3.43276e-05
0 0.115442 0.813508 0.0452858 0.108199 3.44973e-05
0 0.12101 0.90793 0.0571641 0.166667 3.47996e-05
0 0.603563 0.395161 0.0519673 0.13172 3.49378e-05
0 0.13827 0.84711 0.0389755 0.0920699 3.49737e-05
0 0.570527 0.568212 0.0319228 0.114919 3.51776e-05
0 0.0521529 0.375336 0.0634744 0.0987903 3.52078e-05
0 0.361915 0.930444 0.0727543 0.139113 3.52922e-05
0 0.830735 0.0564516 0.0393467 0.112903 3.53761e-05
0 0.0616184 0.791667 0.0660728 0.122312 3.54441e-05
0 0.0283964 0.0285618 0.0478842 0.0571237 3.55508e-05
0 0.505197 0.944892 0.0363771 0.110215 3.56186e-05
0 0.714365 0.579301 0.0553081 0.151882 3.56401e-05
0 0.987936 0.243952 0.0241277 0.188172 3.56929e-05
0 0.956013 0.0131048 0.0337788 0.0262097 3.59371e-05
0 0.854677 0.978495 0.0115071 0.0430108 3.60411e-05
0 0.565145 0.371976 0.0567929 0.145833 3.61885e-05
0 0.985523 0.899866 0.0289532 0.200269 3.64585e-05
0 0.264848 0.807124 0.0605048 0.108871 3.66343e-05
0 0.882517 0.947917 0.015219 0.104167 3.66847e-05
0 0.664811 0.399866 0.0556793 0.141129 3.76581e-05
0 0.326095 0.733535 0.0723831 0.200941 3.78007e-05
0 0.479955 0.666667 0.0259837 0.119624 3.79222e-05
0 0.585932 0.918683 0.0397179 0.162634 3.80187e-05
0 0.766889 0.372312 0.060876 0.125 3.81996e-05
0 0.381218 0.974462 0.0616184 0.0510753 3.82745e-05
0 0.00538233 0.872312 0.0107647 0.139785 3.83556e-05
0 0.00872309 0.966062 0.0174462 0.0678763 3.86546e-05
0 0.265033 0.615591 0.0430586 0.178763 3.86623e-05
0 0.0222717 0.650202 0.0415739 0.12164 3.86835e-05
0 0.577023 0.418347 0.0515961 0.122984 3.87938e-05
0 0.914625 0.908266 0.0289532 0.105511 3.92788e-05
0 0.491277 0.367272 0.0575353 0.143145 3.93312e-05
0 0.941537 0.859207 0.0434298 0.131048 3.94501e-05
0 0.113029 0.961021 0.0708983 0.077957 3.95554e-05
0 0.784521 0.349462 0.0657016 0.15457 3.96814e-05
0 0.120824 0.643481 0.0515961 0.116263 4.00216e-05
0 0.150334 0.978159 0.0193022 0.0436828 4.02041e-05
0 0.00983667 0.36996 0.0196733 0.120296 4.03072e-05
0 0.567186 0.944556 0.0378619 0.110887 4.03472e-05
0 1 0.0329301 0 0.0658602 4.05657e-05
0 0.327209 0.949261 0.0330364 0.101478 4.08117e-05
0 0.0545657 0.683132 0.0690423 0.109543 4.12358e-05
0 0.0100223 0.0477151 0.0200445 0.0954301 4.12857e-05
0 0.018931 0.723454 0.0378619 0.144489 4.1291e-05
0 0.480141 0.398522 0.0523385 0.141129 4.17142e-05
0 0.988307 0.673723 0.0233853 0.203629 4.23712e-05
0 0.508909 0.721774 0.0222717 0.116935 4.24198e-05
0 0.951373 0.935148 0.0371195 0.129704 4.26826e-05
0 0.133259 0.96371 0.0311804 0.0725806 4.30002e-05
0 0.631774 0.632392 0.030438 0.0887097 4.30323e-05
0 0.989792 0.991599 0.0204157 0.0168011 4.31451e-05
0 0.711396 0.925067 0.0753526 0.149866 4.31739e-05
0 0.987194 0.392137 0.0248701 0.131048 4.32887e-05
0 0.81069 0.914315 0.0764662 0.171371 4.35118e-05
0 0.661284 0.84711 0.0426875 0.100134 4.38588e-05
0 0.986266 0.259409 0.0259837 0.11828 4.39708e-05
0 0.525241 0.673387 0.0334076 0.100806 4.4479e-05
0 0.0308092 0.336022 0.0489978 0.139785 4.46169e-05
0 0.732739 0.561156 0.0512249 0.166667 4.46342e-05
0 0.286748 0.947245 0.0694135 0.105511 4.55219e-05
0 0.451745 0.929435 0.0460282 0.141129 4.56375e-05
0 0.879362 0.904234 0.0348924 0.093414 4.61133e-05
0 0.253898 0.728831 0.0742391 0.131048 4.71939e-05
0 0.109317 0.963038 0.032294 0.0739247 4.73684e-05
0 0.177431 0.653562 0.0772086 0.183468 4.76523e-05
0 0.323311 0.951949 0.0734967 0.0961021 4.78616e-05
0 0.988493 0.536626 0.0230141 0.198253 4.79089e-05
0 0.267632 0.949597 0.0319228 0.100806 4.8613e-05
0 0.00723831 0.798723 0.0144766 0.144489 4.89598e-05
0 0.986451 0.481855 0.0233853 0.145161 4.8961e-05
0 0.986451 0.344758 0.0270973 0.116935 4.91259e-05
0 0.953044 0.979503 0.0137342 0.0409946 4.93321e-05
0 0.146251 0.685484 0.091314 0.168011 4.99049e-05
0 0.00872309 0.923723 0.0174462 0.152554 5.00156e-05
0 0.979955 0.0208333 0.0363771 0.0416667 5.1037e-05
0 0.0347068 0.991935 0.0337788 0.016129 5.12756e-05
0 0.00927988 0.305108 0.0185598 0.120968 5.13135e-05
0 0.412584 0.454301 0.0441722 0.120968 5.17373e-05
0 0.658872 0.722782 0.0452858 0.129704 5.22803e-05
0 0.00872309 0.572581 0.0174462 0.120968 5.29109e-05
0 0.0219005 0.427755 0.0415739 0.135081 5.31336e-05
0 0.76095 0.920363 0.0749814 0.159274 5.37181e-05
0 0.602264 0.929771 0.0471418 0.140457 5.37506e-05
0 0.00872309 0.677419 0.0174462 0.134409 5.45002e-05
0 0.139013 0.659946 0.0441722 0.104839 5.53007e-05
0 0.149035 0.875 0.0619896 0.166667 5.53182e-05
0 0.0103935 0.567876 0.0207869 0.150538 5.53854e-05
0 0.392539 0.433804 0.0515961 0.113575 5.57279e-05
0 0.683556 0.631384 0.05902 0.100134 5.62709e-05
0 0.413326 0.377016 0.0567929 0.146505 5.64984e-05
0 0.241277 0.945229 0.0400891 0.109543 5.7004e-05
0 0.0107647 0.46707 0.0215293 0.149194 5.71661e-05
0 0.988493 0.446909 0.0230141 0.204301 5.73203e-05
0 0.18801 0.705309 0.0597624 0.0974462 5.76426e-05
0 0.00593912 0.990591 0.0118782 0.0188172 5.77437e-05
0 0.0914996 0.953293 0.0360059 0.093414 5.82201e-05
0 0.00946548 1 0.018931 0 5.8268e-05
0 0.0809206 0.793011 0.0512249 0.169355 5.84001e-05
0 0.0543801 0.931452 0.0449146 0.137097 5.86017e-05
0 0.0436154 0.570565 0.062732 0.115591 5.94371e-05
0 0.151262 0.961021 0.028582 0.077957 6.04209e-05
0 0.356533 0.410282 0.0538233 0.153898 6.17792e-05
0 0.817929 0.0450269 0.0397179 0.0900538 6.2075e-05
0 0.734595 0.638441 0.0519673 0.138441 6.23159e-05
0 0.343727 0.445565 0.0593912 0.127688 6.26092e-05
0 0.987194 0.303427 0.0248701 0.116263 6.27693e-05
0 0.917038 0.857191 0.045657 0.153898 6.29465e-05
0 0.56533 0.442204 0.0423163 0.104839 6.36899e-05
0 0.885857 0.917339 0.0746102 0.165323 6.38422e-05
0 0.567186 0.74496 0.0289532 0.155242 6.40243e-05
0 0.0228285 0.520497 0.045657 0.213038 6.68361e-05
0 0.0222717 0.588374 0.0393467 0.120296 6.70942e-05
0 0.507053 0.766129 0.0482554 0.189516 6.75977e-05
0 0.586117 0.484543 0.0423163 0.182796 6.9003e-05
0 0.540089 0.413978 0.0512249 0.11828 7.00416e-05
0 0.98905 0.0184812 0.0219005 0.0369624 7.03678e-05
0 0.452858 0.549731 0.0289532 0.127688 7.05616e-05
0 0.338901 0.375672 0.0564217 0.145161 7.08348e-05
0 0.00519673 0.789651 0.0103935 0.145161 7.11811e-05
0 0.891797 0.903562 0.0352635 0.101478 7.12655e-05
0 0.145694 0.691868 0.0471418 0.120296 7.15128e-05
0 0.285078 0.522513 0.0356347 0.127016 7.19389e-05
0 0.133445 0.308804 0.0553081 0.133737 7.1996e-05
0 0.303452 0.41129 0.0619896 0.15457 7.25383e-05
0 0.00965108 0.0117608 0.0193022 0.0235215 7.25911e-05
0 0.0244989 0.37332 0.0430586 0.124328 7.45475e-05
0 0.585561 0.548723 0.0300668 0.141801 7.55917e-05
0 0.378062 0.457661 0.0404603 0.120968 7.59699e-05
0 0.985895 0.00806452 0.0282108 0.016129 7.61469e-05
0 0.254454 0.948253 0.0352635 0.103495 7.63211e-05
0 0.324239 0.645497 0.0449146 0.15793 7.92443e-05
0 0.34484 0.719422 0.0504826 0.133737 8.42817e-05
0 0.0102079 0.739919 0.0204157 0.196237 8.55158e-05
0 0.139941 0.586694 0.0423163 0.107527 8.65383e-05
0 0.556422 0.739919 0.0237565 0.162634 9.40278e-05
0 0.327023 0.592742 0.0638456 0.165323 9.50539e-05
0 0.00983667 0.649194 0.0196733 0.18414 9.73984e-05
0 0.0781366 0.921707 0.0530809 0.156586 0.000103651
0 0.154603 0.94254 0.0441722 0.114919 0.000104917
0 0.0211581 0.489583 0.0378619 0.131048 0.000109606
0 0.106347 0.936828 0.045657 0.126344 0.000110673
0 0.36804 0.719422 0.0612472 0.186156 0.000110712
0 0.823497 0.687836 0.0805494 0.106855 0.000110916
0 0.987194 0.821237 0.0256125 0.260753 0.000113404
0 0.98905 0.310148 0.0219005 0.188844 0.000113967
0 0.181143 0.934476 0.0460282 0.131048 0.000117995
0 0.0670007 0.94422 0.0374907 0.111559 0.000118909
0 0.0686711 0.981183 0.0237565 0.0376344 0.000120362
0 0.538604 0.742271 0.0185598 0.147177 0.00012108
0 0.271158 0.49664 0.0463994 0.13172 0.000123422
0 0.435412 0.450605 0.0371195 0.109543 0.000126044
0 0.237936 0.514449 0.0653304 0.137769 0.000129745
0 0.725501 0.454973 0.0619896 0.0846774 0.00013361
0 0.278768 0.383065 0.0668151 0.16129 0.000145165
0 0.00723831 0.884745 0.0144766 0.133737 0.000145442
0 0.16314 0.60047 0.0582777 0.112231 0.000150298
0 0.0220861 0.53797 0.0367483 0.117608 0.000153359
0 0.00686711 0.930444 0.0137342 0.12164 0.000158576
0 0.685041 0.524194 0.0404603 0.139785 0.000166285
0 0.0137342 0.355175 0.0274684 0.182124 0.000176507
0 0.0107647 0.994624 0.0215293 0.0107527 0.000203075
0 0.252784 0.497648 0.0415739 0.12164 0.000206485
0 0.0150334 0.350806 0.0300668 0.0981183 0.000216661
0 0.780995 0.676075 0.0556793 0.110215 0.000224621
0 0.751114 0.512769 0.0515961 0.137097 0.000226787
0 0.247587 0.414651 0.0579065 0.150538 0.000237396
0 0.064588 0.967742 0.0274684 0.0645161 0.000255705
0 0.135857 0.929435 0.0489978 0.141129 0.000257206
0 0.228656 0.467406 0.0682999 0.105511 0.000269851
0 0.271158 0.665659 0.0864885 0.140457 0.000286432
0 0.989421 0.933804 0.0211581 0.132392 0.000332902
0 0.314402 0.482863 0.0423163 0.156586 0.000339467
0 0.0109503 0.855175 0.0219005 0.221102 0.000361574
0 0.210839 0.674395 0.0927988 0.124328 0.000407991
0 0.544729 0.747312 0.0426875 0.196237 0.000439941
0 0.978099 0.936492 0.030438 0.127016 0.000448853
0 0.403304 0.675739 0.0523385 0.147177 0.000458921
0 0.723274 0.413306 0.0671863 0.133065 0.000476101
0 0.00909428 0.945229 0.0181886 0.109543 0.000484747
0 0.165182 0.641129 0.0623608 0.0994624 0.000494513
0 0.811062 0.629368 0.077951 0.129704 0.000698272
0 0.755382 0.440188 0.0423163 0.104839 0.000771836
0 0.385301 0.530242 0.0371195 0.174731 0.000828753
0 0.429102 0.576949 0.0348924 0.164651 0.000946922
0 0.0532665 0.975134 0.0211581 0.0497312 0.000951015
0 0.255197 0.618952 0.0694135 0.107527 0.000970947
0 0.147365 0.626344 0.0534521 0.153226 0.00108522
0 0.689124 0.675403 0.0701559 0.193548 0.00144795
0 0.194692 0.617608 0.0723831 0.122312 0.00154643
0 0.184113 0.660282 0.0876021 0.0907258 0.00204415
0 0.667038 0.623656 0.0579065 0.19086 0.00264544
0 0.442836 0.519153 0.0296956 0.176747 0.00318691
0 0.615999 0.510417 0.0404603 0.178091 0.00552079
0 0.353749 0.503696 0.0400891 0.165995 0.0118351
0 0.413697 0.587366 0.0731255 0.373656 0.0876058
0 0.630661 0.584677 0.105419 0.340054 0.0973705
0 0.700074 0.50168 0.0400891 0.149866 0.147262
0 0.273757 0.556116 0.0790646 0.321909 0.160917
0 0.432257 0.512097 0.109503 0.162634 0.170777
0 0.719005 0.568548 0.0668151 0.322581 0.190045
0 0.345954 0.582661 0.0638456 0.356183 0.206953
0 0.424276 0.692876 0.104677 0.166667 0.228347
0 0.602821 0.521505 0.0846325 0.163978 0.248369
0 0.244803 0.550403 0.0605048 0.298387 0.264778
0 0.487565 0.696909 0.0605048 0.138441 0.290511
0 0.551782 0.530578 0.0738679 0.163306 0.293872
0 0.597439 0.704637 0.0790646 0.164651 0.313397
0 0.565887 0.709341 0.062732 0.165995 0.33987
0 0.639569 0.519825 0.0876021 0.156586 0.376526
0 0.501485 0.526546 0.0586489 0.165995 0.424224
0 0.575167 0.520497 0.0315516 0.174059 0.793061
0 0.514662 0.697581 0.0248701 0.129032 0.801341
0 0.537676 0.699597 0.0278396 0.145161 0.804862
0 0.485523 0.52453 0.0311804 0.15793 0.814235
0 0.740906 0.469758 0.0541945 0.102151 0.818982
0 0.492576 0.701949 0.0237565 0.127016 0.82123
0 0.601708 0.523858 0.0371195 0.175403 0.824219
0 0.471232 0.698925 0.0263549 0.146505 0.82591
0 0.546399 0.529234 0.0289532 0.160618 0.829872
0 0.458983 0.518481 0.028582 0.164651 0.837356
0 0.561804 0.704301 0.0293244 0.170699 0.838557
0 0.259837 0.467406 0.064588 0.12836 0.841988
0 0.44265 0.697917 0.0471418 0.172715 0.84203
0 0.430215 0.508737 0.0334076 0.182796 0.842786
0 0.620453 0.692876 0.0441722 0.177419 0.844187
0 0.373422 0.50672 0.0363771 0.170699 0.846205
0 0.419079 0.688172 0.0408315 0.162634 0.85073
0 0.518745 0.528562 0.032294 0.159274 0.851646
0 0.403489 0.512433 0.0356347 0.174059 0.851794
0 0.29046 0.490591 0.0560505 0.15457 0.853662
0 0.63196 0.516465 0.0367483 0.165995 0.856771
0 0.716964 0.512097 0.0523385 0.147849 0.864761
0 0.589644 0.700269 0.0345212 0.180108 0.867172
0 0.782851 0.648858 0.081663 0.12164 0.868091
0 0.337045 0.497984 0.0519673 0.165323 0.871114
0 0.386043 0.688508 0.0564217 0.186156 0.877424
0 0.233667 0.637097 0.0783222 0.11828 0.880194
0 0.716964 0.665659 0.0716407 0.174059 0.882016
0 0.669079 0.511761 0.0553081 0.170027 0.88661
0 0.664439 0.686828 0.0727543 0.181452 0.890362
0 0.295471 0.650202 0.0660728 0.164651 0.893672
0 0.345583 0.677755 0.0742391 0.175403 0.895975
