0 0.0881375 0.303704 0.0476718 0.160269 8.14913e-06
0 0.484848 0.755892 0.0339985 0.0962963 8.15864e-06
0 0.172395 0.748485 0.0535846 0.129966 8.18396e-06
0 0.389874 0.971717 0.0790835 0.0565657 8.18868e-06
0 0.973023 0.99697 0.0539542 0.00606061 8.20769e-06
0 0.123984 0.50303 0.0927568 0.208754 8.2258e-06
0 0.334996 0.29697 0.0447154 0.0996633 8.2288e-06
0 0.81153 0.706734 0.0569106 0.105724 8.22992e-06
0 0.861604 0.119865 0.0461936 0.111785 8.23949e-06
0 0.0504435 0.465993 0.0654102 0.13468 8.24348e-06
0 0.43847 0.117508 0.0535846 0.12862 8.24492e-06
0 0.315595 0.975084 0.0280857 0.0498317 8.28961e-06
0 0.33629 0.889562 0.0539542 0.113131 8.29354e-06
0 0.235588 0.684512 0.0535846 0.13266 8.3088e-06
0 0.693829 0.719865 0.0432373 0.121212 8.32963e-06
0 0.734664 0.236027 0.0746489 0.249832 8.39118e-06
0 0.473023 0.735017 0.0428677 0.127273 8.39715e-06
0 0.212121 0.211785 0.0421286 0.119192 8.4277e-06
0 0.535292 0.755892 0.0373245 0.0922559 8.43034e-06
0 0.0805617 0.982492 0.0391722 0.0350168 8.46834e-06
0 0.939394 0.170034 0.0465632 0.112458 8.50154e-06
0 0.983186 0.7 0.033629 0.29697 8.50155e-06
0 0.332409 0.686869 0.056541 0.152189 8.50804e-06
0 0.947524 0.992929 0.0310421 0.0141414 8.51733e-06
0 0.884516 0.119192 0.0476718 0.114478 8.53495e-06
0 0.291574 0.285859 0.0620843 0.193266 8.55519e-06
0 0.808389 0.971044 0.0617147 0.0579125 8.55551e-06
0 0.0650406 0.440741 0.045085 0.134007 8.56506e-06
0 0.788248 0.621212 0.0421286 0.105724 8.59356e-06
0 0.337214 0.119865 0.0469327 0.119865 8.59731e-06
0 0.977458 0.790236 0.045085 0.225589 8.64272e-06
0 0.836844 0.743434 0.0572801 0.144108 8.65539e-06
0 0.395787 0.987205 0.0133038 0.0255892 8.66542e-06
0 0.507391 0.196633 0.0495196 0.136027 8.68024e-06
0 0.0665189 1 0.0162602 0 8.69349e-06
0 0.912417 0.621886 0.0413895 0.138047 8.7139e-06
0 0.495011 0.680471 0.0417591 0.220202 8.71399e-06
0 0.810606 0.749158 0.0543237 0.104377 8.75612e-06
0 0.833518 1 0.0144124 0 8.76303e-06
0 0.891353 0.344781 0.0650406 0.136027 8.77465e-06
0 0.187177 0.164983 0.0484109 0.109091 8.80537e-06
0 0.761086 0.841414 0.0543237 0.104377 8.83646e-06
0 0.961567 0.952189 0.0391722 0.0956229 8.8513e-06
0 0.0391722 0.665993 0.0465632 0.153535 8.86812e-06
0 0.00517369 1 0.0103474 0 8.9139e-06
0 0.663895 0.906061 0.0646711 0.187879 8.91522e-06
0 0.0611604 0.16633 0.0498891 0.118519 8.96332e-06
0 0.840909 0.0737374 0.0454545 0.147475 8.982e-06
0 0.0225425 0.0424242 0.045085 0.0848485 8.99429e-06
0 0.234848 0.158249 0.0513673 0.115825 9.02561e-06
0 0.96286 0.347475 0.0484109 0.148148 9.03655e-06
0 0.231707 0.110774 0.0613452 0.221549 9.08103e-06
0 0.948078 0.0558923 0.0572801 0.111785 9.08739e-06
0 0.935698 0.526599 0.0591279 0.126599 9.09617e-06
0 0.226349 0.53771 0.0484109 0.173064 9.11365e-06
0 0.262565 0.0804714 0.0654102 0.12862 9.12975e-06
0 0.81116 0.349832 0.0428677 0.119192 9.13111e-06
0 0.631005 0.981818 0.0365854 0.0363636 9.14023e-06
0 0.762195 0.118519 0.0454545 0.131987 9.14299e-06
0 0.968034 0.0468013 0.0461936 0.0936027 9.1862e-06
0 0.752217 0.0703704 0.0661493 0.140741 9.19868e-06
0 0.923873 1 0.0140429 0 9.20008e-06
0 0.886364 0.0326599 0.0402809 0.0653199 9.21196e-06
0 0.442535 0.0481481 0.0469327 0.0962963 9.22491e-06
0 0.636548 0.890236 0.0535846 0.103704 9.23807e-06
0 0.114745 0.1633 0.0513673 0.111111 9.25394e-06
0 0.582779 0.492256 0.0273466 0.105051 9.25805e-06
0 0.28677 0.0329966 0.0384331 0.0659933 9.26714e-06
0 0.424982 0.971717 0.0310421 0.0565657 9.28815e-06
0 0.85643 0.606734 0.115669 0.199327 9.28945e-06
0 0.407428 0.905051 0.0676275 0.189899 9.29198e-06
0 0.558943 0.567677 0.0321508 0.0942761 9.29672e-06
0 0.90946 0.109428 0.0894309 0.164983 9.33015e-06
0 0.287694 0.167677 0.0365854 0.136027 9.33651e-06
0 0.330377 0.362626 0.037694 0.129966 9.35904e-06
0 0.678677 0.950842 0.0291944 0.0983165 9.36797e-06
0 0.513304 0.909428 0.0702143 0.181145 9.39404e-06
0 0.412232 0.0346801 0.04102 0.0693603 9.40857e-06
0 0.834812 0.572054 0.0391722 0.120539 9.42135e-06
0 0.0879527 0.0713805 0.0650406 0.107744 9.44543e-06
0 0.755174 0.909428 0.0484109 0.152862 9.45969e-06
0 0.11918 0.056229 0.0395418 0.112458 9.46872e-06
0 0.51238 0.123569 0.0432373 0.140741 9.47557e-06
0 0.419438 0.562626 0.0332594 0.115152 9.47747e-06
0 0.5449 0.450842 0.0328899 0.144781 9.48112e-06
0 0.524205 0.453872 0.033629 0.127946 9.50705e-06
0 0.682188 0.56431 0.0413895 0.141414 9.51224e-06
0 0.962676 0.250505 0.0569106 0.123906 9.51254e-06
0 0.774021 0.694613 0.0550628 0.121886 9.52824e-06
0 0.335181 0.759596 0.0465632 0.107744 9.55279e-06
0 0.0238359 0.146801 0.0469327 0.16431 9.56244e-06
0 0.861419 0.0326599 0.0391722 0.0653199 9.56871e-06
0 0.317443 0.795286 0.0864745 0.187205 9.58721e-06
0 0.912602 0.572391 0.0528455 0.126599 9.59241e-06
0 0.611604 0.89697 0.0391722 0.106397 9.59875e-06
0 0.129712 0.983165 0.037694 0.03367 9.59884e-06
0 0.235218 0.843098 0.0617147 0.114478 9.60536e-06
0 0.337029 0.0343434 0.0413895 0.0686869 9.60978e-06
0 0.635994 0.119529 0.0443459 0.129966 9.65703e-06
0 0.211197 0.0747475 0.0439763 0.105051 9.67157e-06
0 0.261641 0.118182 0.0436068 0.121886 9.67908e-06
0 0.365115 0.989562 0.0125647 0.0208754 9.69465e-06
0 0.161678 0.211111 0.0476718 0.115152 9.70556e-06
0 0.238359 0.483838 0.0421286 0.104377 9.72457e-06
0 0.936622 0.0313131 0.0417591 0.0626263 9.72579e-06
0 0.817812 0.884512 0.0628234 0.210774 9.79668e-06
0 0.530118 0.992593 0.0447154 0.0148148 9.82796e-06
0 0.130451 0.741077 0.0620843 0.22963 9.84861e-06
0 0.086844 0.0343434 0.0413895 0.0686869 9.8758e-06
0 0.0391722 0.528956 0.0473023 0.150168 9.88181e-06
0 0.512195 0.261953 0.0569106 0.238384 9.90631e-06
0 0.804324 0.964646 0.0240207 0.0707071 9.90777e-06
0 0.860865 0.806397 0.0380636 0.123232 9.90909e-06
0 0.472653 0.312121 0.0480414 0.121886 9.92925e-06
0 0.686992 0.0346801 0.0406504 0.0693603 9.94654e-06
0 0.136364 0.390236 0.0546933 0.151515 9.96402e-06
0 0.81153 0.0333333 0.0391722 0.0666667 9.99183e-06
0 0.587029 0.211785 0.0402809 0.117845 9.99285e-06
0 0.0574649 0.96734 0.0240207 0.0653199 1.00005e-05
0 0.542129 0.575421 0.0288248 0.107071 1.00399e-05
0 0.623984 0.191919 0.0580192 0.138721 1.00797e-05
0 0.812084 0.119529 0.0417591 0.117845 1.00866e-05
0 1 0.239731 0 0.184512 1.00912e-05
0 0.272543 0.99798 0.0121951 0.0040404 1.01035e-05
0 0.0803769 0.0575758 0.0543237 0.115152 1.01191e-05
0 0.836474 0.43771 0.0417591 0.118519 1.01645e-05
0 0.935883 0.483502 0.0484109 0.137374 1.01751e-05
0 0.661493 0.0340067 0.0428677 0.0680135 1.01817e-05
0 0.828714 0.986869 0.0454545 0.0262626 1.01818e-05
0 0.755728 0.324916 0.0576497 0.151515 1.0299e-05
0 0.633222 0.481145 0.0277162 0.10303 1.03394e-05
0 0.517738 0.551852 0.037694 0.0787879 1.03732e-05
0 0.336105 0.839731 0.056541 0.107744 1.03751e-05
0 0.328344 0.976094 0.0720621 0.0478114 1.04367e-05
0 0.977273 0.178451 0.0454545 0.173737 1.04447e-05
0 0.936438 0.299663 0.0509978 0.153535 1.0458e-05
0 0.498891 0.761616 0.0569106 0.210101 1.04634e-05
0 0.719512 0.456229 0.0362158 0.134007 1.04966e-05
0 0.727458 0.993266 0.0594974 0.013468 1.05013e-05
0 0.613082 0.161616 0.0517369 0.125253 1.05131e-05
0 0.353659 0.0393939 0.0509978 0.0787879 1.05163e-05
0 0.202513 0.727273 0.104952 0.207407 1.05667e-05
0 0.113267 0.0851852 0.0757576 0.129966 1.05691e-05
0 0.785846 0.714141 0.0424982 0.100337 1.05995e-05
0 0.931449 0.970707 0.0277162 0.0585859 1.06039e-05
0 0.910754 0.892929 0.0432373 0.111785 1.06312e-05
0 0.212306 0.164983 0.0402809 0.118519 1.06321e-05
0 0.935698 0.622222 0.0465632 0.133333 1.06375e-05
0 0.837029 0.119529 0.0465632 0.112458 1.06487e-05
0 0.236142 0.0333333 0.037694 0.0666667 1.0689e-05
0 0.165928 0.0552189 0.0569106 0.110438 1.07046e-05
0 0.585735 0.887879 0.052476 0.104377 1.07076e-05
0 0.140983 1 0.0151515 0 1.07487e-05
0 0.803769 0.950168 0.135994 0.0996633 1.07942e-05
0 0.211567 0.258923 0.0432373 0.119192 1.07973e-05
0 0.712676 0.0356902 0.0388027 0.0713805 1.08063e-05
0 0.386918 0.0350168 0.0406504 0.0700337 1.08404e-05
0 0.717849 0.940741 0.0291944 0.118519 1.0857e-05
0 0.27088 0.0585859 0.0569106 0.117172 1.08582e-05
0 0.999446 0.957576 0.00110865 0.0848485 1.08695e-05
0 0.210458 0.803704 0.0476718 0.124579 1.08873e-05
0 0.812823 0.802357 0.0535846 0.107071 1.08913e-05
0 0.460089 0.123906 0.045085 0.138721 1.08942e-05
0 0.472469 0.245118 0.0521064 0.126599 1.09009e-05
0 0.689209 0.463636 0.0369549 0.119192 1.09272e-05
0 0.86881 0.906061 0.0465632 0.187879 1.09319e-05
0 0.618071 0.521549 0.0343681 0.0936027 1.09556e-05
0 0.879527 0.984175 0.0362158 0.0316498 1.09576e-05
0 0.532705 0.356229 0.0388027 0.114478 1.10212e-05
0 0.173134 0.0851852 0.0728012 0.12862 1.10278e-05
0 0.998891 0.36431 0.00221729 0.191246 1.10387e-05
0 0.418514 0.740741 0.0365854 0.121212 1.10543e-05
0 0.861789 0.755892 0.0399113 0.119192 1.11057e-05
0 0.836474 0.0323232 0.0388027 0.0646465 1.11071e-05
0 0.699741 0.958249 0.0195861 0.0835017 1.11125e-05
0 0.912047 0.481481 0.0561715 0.126599 1.11251e-05
0 0.88507 0.850168 0.0443459 0.116498 1.11427e-05
0 0.334072 0.993939 0.0125647 0.0121212 1.12209e-05
0 0.235772 0.0710438 0.0554324 0.105724 1.12592e-05
0 0.319106 0.67138 0.0949741 0.215488 1.128e-05
0 0.901515 0.348485 0.0838877 0.270034 1.12888e-05
0 0.848854 0.990909 0.0606061 0.0181818 1.1295e-05
0 0.661863 0.840067 0.0517369 0.104377 1.13363e-05
0 0.436068 0.582828 0.0362158 0.140741 1.13623e-05
0 0.591648 0.0925926 0.0495196 0.139394 1.13757e-05
0 0.893385 0.812458 0.0676275 0.160943 1.14795e-05
0 0.348115 0.595623 0.052476 0.171717 1.1491e-05
0 0.00831486 0.089899 0.0166297 0.138047 1.14943e-05
0 0.0430525 0.0461279 0.0439763 0.0922559 1.15102e-05
0 0.864375 0.746801 0.0790835 0.153535 1.15718e-05
0 0.457687 0.970034 0.0454545 0.0599327 1.15764e-05
0 0.841279 0.613805 0.0602365 0.167677 1.15967e-05
0 0.96286 0.0323232 0.0402809 0.0646465 1.16581e-05
0 0.209165 0.483165 0.045085 0.111111 1.16727e-05
0 0.587398 0.872727 0.071323 0.254545 1.17008e-05
0 0.291944 0.750168 0.0554324 0.121212 1.17116e-05
0 0.302846 0.997643 0.0121951 0.0047138 1.17186e-05
0 0.571877 0.920539 0.0580192 0.158923 1.17569e-05
0 0.0339985 0.954545 0.0554324 0.0909091 1.17596e-05
0 0.759423 0.794276 0.0517369 0.105724 1.18154e-05
0 0.669993 0.911111 0.0428677 0.137374 1.18732e-05
0 0.787509 0.438384 0.045085 0.107744 1.18808e-05
0 0.846083 0.309091 0.063932 0.148148 1.19049e-05
0 0.0110865 0.142424 0.0221729 0.148822 1.19856e-05
0 0.863452 0.474747 0.0838877 0.196633 1.20104e-05
0 0.716001 0.796633 0.0816704 0.173737 1.20295e-05
0 0.230783 0.967677 0.0269771 0.0646465 1.20406e-05
0 0.535292 0.148822 0.0454545 0.146801 1.21541e-05
0 0.863821 0.640404 0.0631929 0.150842 1.21974e-05
0 0.723392 0.92963 0.0816704 0.140741 1.22193e-05
0 0.0846268 0.809428 0.0502587 0.133333 1.22348e-05
0 0.0995935 0.973737 0.0853659 0.0525253 1.22357e-05
0 0.84405 0.861279 0.0606061 0.167003 1.22425e-05
0 0.022912 0.367677 0.0458241 0.224916 1.22457e-05
0 0.0846268 0.437374 0.0465632 0.138047 1.22983e-05
0 0.534738 0.795286 0.0487805 0.0996633 1.23326e-05
0 0.566149 0.80202 0.0421286 0.117172 1.24415e-05
0 0.761086 0.614815 0.0484109 0.125253 1.24604e-05
0 0.790096 0.573064 0.0421286 0.107744 1.24694e-05
0 0.225055 0.945455 0.0266075 0.109091 1.24942e-05
0 0.763304 0.258249 0.0424982 0.116498 1.25274e-05
0 0.235588 0.257912 0.0417591 0.115825 1.25512e-05
0 0.111419 0.0329966 0.0432373 0.0659933 1.26374e-05
0 0.534738 0.301684 0.0421286 0.102357 1.26974e-05
0 0.466556 0.901684 0.0602365 0.181818 1.27114e-05
0 0.838692 0.802694 0.0535846 0.106397 1.27161e-05
0 0.947709 0.941751 0.0484109 0.116498 1.27194e-05
0 0.418145 0.46229 0.0269771 0.115152 1.27768e-05
0 0.0886918 0.117845 0.0517369 0.115825 1.27913e-05
0 0.67221 0.456229 0.0465632 0.155556 1.281e-05
0 0.786585 0.0323232 0.0395418 0.0646465 1.28636e-05
0 0.361604 0.938047 0.0543237 0.0969697 1.2886e-05
0 0.449002 0.357576 0.0546933 0.241077 1.2895e-05
0 0.110495 1 0.014782 0 1.2918e-05
0 0.305063 0.910101 0.04915 0.163636 1.29964e-05
0 0.784922 0.748485 0.0546933 0.101684 1.30506e-05
0 0.667221 0.992256 0.0594974 0.0154882 1.30782e-05
0 0.76238 0.0326599 0.0399113 0.0653199 1.3124e-05
0 0.657982 0.972054 0.0550628 0.0558923 1.31358e-05
0 0.59405 0.485859 0.0343681 0.101684 1.31662e-05
0 0.20473 0.969697 0.0325203 0.0606061 1.31713e-05
0 0.487435 0.992929 0.0613452 0.0141414 1.31926e-05
0 0.787324 0.393603 0.0461936 0.109764 1.32591e-05
0 0.767554 0.463636 0.0569106 0.134007 1.3269e-05
0 0.213599 0.120875 0.0399113 0.113805 1.3269e-05
0 0.211197 0.36633 0.0838877 0.165657 1.33408e-05
0 0.606984 0.993266 0.0594974 0.013468 1.33688e-05
0 0.261826 0.973401 0.018847 0.0531987 1.34065e-05
0 0.84017 0.49596 0.0631929 0.179798 1.34165e-05
0 0.810976 0.621549 0.0395418 0.109091 1.35075e-05
0 0.427014 0.99495 0.0602365 0.010101 1.3512e-05
0 0.211197 0.0356902 0.04102 0.0713805 1.35221e-05
0 0.637657 0.16229 0.0528455 0.118519 1.35384e-05
0 0.776792 0.706734 0.0953437 0.164983 1.35487e-05
0 0.161863 0.0333333 0.0406504 0.0666667 1.35677e-05
0 0.655026 0.0494949 0.0476718 0.0989899 1.3568e-05
0 0.61881 0.481145 0.0328899 0.0989899 1.35792e-05
0 0.389135 0.459933 0.0266075 0.111785 1.36149e-05
0 0.720251 0.959259 0.0199557 0.0814815 1.36172e-05
0 0.67221 0.791246 0.0835181 0.203367 1.36236e-05
0 0.996305 0.172727 0.00739098 0.243098 1.36309e-05
0 0.0430525 0.195286 0.0609756 0.199327 1.36353e-05
0 0.263673 0.349495 0.0469327 0.123906 1.36431e-05
0 0.317627 0.716162 0.0447154 0.131313 1.36805e-05
0 0.377125 0.906734 0.0661493 0.186532 1.36829e-05
0 0.113082 0.439394 0.045085 0.129966 1.37217e-05
0 0.0498891 0.366667 0.0569106 0.135354 1.37475e-05
0 0.863636 0.692929 0.0517369 0.153535 1.38086e-05
0 0.558204 0.480471 0.0306726 0.104377 1.38453e-05
0 0.547302 0.992593 0.059867 0.0148148 1.38551e-05
0 0.163895 0.439057 0.0454545 0.122559 1.38569e-05
0 0.166112 0.952525 0.0284553 0.0949495 1.38786e-05
0 0.542683 0.690909 0.0299335 0.152189 1.39082e-05
0 0.416112 0.900337 0.0606061 0.118519 1.39261e-05
0 0.734294 0.840067 0.0509978 0.105724 1.39271e-05
0 0.179047 0.252525 0.0979305 0.183165 1.3939e-05
0 0.310237 0.759259 0.0484109 0.111111 1.39544e-05
0 0.186068 0.258249 0.0469327 0.121886 1.3976e-05
0 0.136364 0.481481 0.0532151 0.119865 1.39867e-05
0 0.802846 1 0.0602365 0 1.39904e-05
0 0.402069 0.857239 0.0946046 0.223569 1.39919e-05
0 0.410754 0.795623 0.0513673 0.100337 1.40614e-05
0 0.225055 0.0572391 0.0546933 0.114478 1.40797e-05
0 0.910015 0.056229 0.0513673 0.112458 1.40808e-05
0 0.184775 0.66835 0.0465632 0.117845 1.41133e-05
0 0.373799 0.762626 0.0498891 0.119192 1.41281e-05
0 0.512565 0.803367 0.0332594 0.0996633 1.41308e-05
0 0.162602 0.257912 0.0480414 0.129293 1.41578e-05
0 0.892461 0.929293 0.0532151 0.141414 1.41598e-05
0 0.0489653 0.909764 0.0506282 0.13468 1.4177e-05
0 0.771803 0.524916 0.0572801 0.124579 1.41955e-05
0 0.635625 0.303704 0.0428677 0.0983165 1.42034e-05
0 0.592942 0.0494949 0.0447154 0.0989899 1.42079e-05
0 0.509054 0.247811 0.0461936 0.129293 1.42091e-05
0 0.448448 0.461616 0.0218034 0.1367 1.42242e-05
0 0.172949 0.976431 0.0864745 0.047138 1.42566e-05
0 0.862713 0.240741 0.0772358 0.146128 1.42673e-05
0 0.788433 0.842088 0.0572801 0.101684 1.42748e-05
0 0.912232 0.529293 0.0439763 0.137374 1.42815e-05
0 0.158352 0.122559 0.04915 0.113131 1.43197e-05
0 0.0635625 0.944781 0.037694 0.10101 1.43225e-05
0 0.00295639 0.0521886 0.00591279 0.104377 1.43529e-05
0 0.761271 0.714478 0.0406504 0.102357 1.43906e-05
0 0.507206 0.656229 0.0240207 0.120539 1.44616e-05
0 0.0253141 0.510101 0.0506282 0.23367 1.44722e-05
0 0.570769 0.231313 0.0572801 0.16633 1.45294e-05
0 0.983555 0.961616 0.0328899 0.0767677 1.45335e-05
0 0.242979 0.786869 0.071323 0.142088 1.45356e-05
0 0.205285 0.585859 0.0528455 0.125253 1.45406e-05
0 0.755358 0.0464646 0.0436068 0.0929293 1.45712e-05
0 0.809128 0.968013 0.0247598 0.0639731 1.45805e-05
0 0.340724 0.96835 0.0339985 0.0632997 1.46546e-05
0 0.156135 1 0.0151515 0 1.46871e-05
0 0.487251 0.803367 0.0365854 0.0969697 1.47317e-05
0 0.0234664 0.734343 0.0469327 0.282155 1.47641e-05
0 0.687916 0.846801 0.0424982 0.104377 1.47682e-05
0 0.195307 0.947811 0.0269771 0.104377 1.47986e-05
0 0.163525 0.481818 0.0535846 0.116498 1.48068e-05
0 0.0214339 0.861616 0.0428677 0.163636 1.48604e-05
0 0.255358 0.875084 0.0561715 0.181145 1.48654e-05
0 0.519217 0.324579 0.0339985 0.138721 1.48836e-05
0 0.0230968 0.799327 0.0461936 0.154882 1.49226e-05
0 0.125831 1 0.0151515 0 1.50119e-05
0 0.289357 0.935354 0.030303 0.129293 1.50152e-05
0 0.768477 0.367003 0.0594974 0.146801 1.50275e-05
0 0.063932 0.575758 0.0502587 0.141414 1.50353e-05
0 0.439209 0.16532 0.0461936 0.140741 1.504e-05
0 0.996674 0.496296 0.00665188 0.20202 1.50533e-05
0 0.361604 0.876094 0.063932 0.181818 1.50619e-05
0 0.97986 0.972391 0.0402809 0.0552189 1.51166e-05
0 0.210273 0.436027 0.045085 0.111111 1.51481e-05
0 0.263119 0.256566 0.045085 0.102357 1.51482e-05
0 0.498337 0.957239 0.0498891 0.0855219 1.51682e-05
0 0.571693 0.0548822 0.0532151 0.109764 1.51751e-05
0 0.661308 0.302694 0.0432373 0.0962963 1.52207e-05
0 0.0687361 0.770707 0.0591279 0.191919 1.52303e-05
0 0.269032 0.658923 0.0443459 0.1367 1.52381e-05
0 0.105322 0.846465 0.0813008 0.239731 1.52456e-05
0 0.0888766 0.709091 0.063932 0.133333 1.53067e-05
0 0.813562 0.887205 0.0395418 0.10303 1.53203e-05
0 0.365299 0.995623 0.0624538 0.00875421 1.53537e-05
0 0.812269 0.438047 0.0421286 0.112458 1.53618e-05
0 0.858647 0.896633 0.113452 0.174411 1.53696e-05
0 0.652624 0.252525 0.0487805 0.123906 1.53877e-05
0 0.623245 0.857239 0.0513673 0.123906 1.54091e-05
0 0.535846 0.850168 0.0561715 0.116498 1.5442e-05
0 0.259978 0.29899 0.0447154 0.106397 1.54471e-05
0 0.290835 0.214815 0.0369549 0.118519 1.54686e-05
0 0.235403 0.117172 0.0421286 0.121212 1.54848e-05
0 0.686622 0.759596 0.0421286 0.10101 1.54863e-05
0 0.111789 0.482492 0.0513673 0.125926 1.55287e-05
0 0.380451 0.264646 0.0550628 0.189899 1.55431e-05
0 0.888211 0.0572391 0.0558019 0.114478 1.55889e-05
0 0.243718 0.993939 0.0654102 0.0121212 1.56064e-05
0 0.418884 0.218855 0.0535846 0.216835 1.56947e-05
0 0.197339 0.512458 0.0687361 0.175084 1.57005e-05
0 0.246674 0.63771 0.0395418 0.123906 1.59863e-05
0 0.638766 0.355219 0.0424982 0.116498 1.60028e-05
0 0.731153 0.548148 0.0277162 0.171044 1.60133e-05
0 0.143939 0.132997 0.0742794 0.226936 1.60986e-05
0 0.686438 0.198316 0.0513673 0.1367 1.61045e-05
0 0.569106 0.713468 0.0332594 0.127273 1.61095e-05
0 0.944937 0.36936 0.0665189 0.159596 1.61349e-05
0 0.588137 0.145118 0.0461936 0.146128 1.61602e-05
0 0.92997 0.982155 0.0402809 0.0356902 1.62144e-05
0 0.0672579 0.0511785 0.0546933 0.102357 1.63265e-05
0 0.899483 0.968013 0.0236511 0.0639731 1.63404e-05
0 0.0628234 0.665993 0.0502587 0.140067 1.63406e-05
0 0.511641 0.0542088 0.0469327 0.108418 1.63525e-05
0 0.638027 0.210101 0.0424982 0.117172 1.63863e-05
0 0.738729 0.203704 0.0487805 0.135354 1.64084e-05
0 0.303954 0.994613 0.0654102 0.0107744 1.64112e-05
0 0.771064 0.892929 0.1068 0.192593 1.64161e-05
0 0.0493348 0.993603 0.0498891 0.0127946 1.64267e-05
0 0.56966 0.583502 0.0328899 0.129966 1.64367e-05
0 0.933666 0.0575758 0.0572801 0.115152 1.64778e-05
0 0.841094 0.691583 0.0576497 0.145455 1.64929e-05
0 0.261271 0.897643 0.107908 0.204714 1.65061e-05
0 0.611234 0.303704 0.0399113 0.10101 1.6597e-05
0 0.851441 0.0814815 0.0820399 0.162963 1.66367e-05
0 0.212121 0.302357 0.0443459 0.114478 1.66577e-05
0 0.619734 0.912121 0.0716925 0.0989899 1.67069e-05
0 0.455839 0.262626 0.0469327 0.137374 1.67109e-05
0 0.211752 0.347138 0.045085 0.113805 1.67525e-05
0 0.988729 1 0.0225425 0 1.68263e-05
0 0.209719 0.53165 0.0454545 0.108418 1.68638e-05
0 0.0862897 0.96734 0.0247598 0.0653199 1.68849e-05
0 0.789357 0.487205 0.0421286 0.101684 1.68978e-05
0 0.321508 0.200673 0.045085 0.13064 1.69873e-05
0 0.830007 0.0461279 0.0436068 0.0922559 1.7032e-05
0 0.105137 0.0461279 0.0447154 0.0922559 1.7072e-05
0 0.535292 0.889226 0.0528455 0.0989899 1.70996e-05
0 0.461013 0.795286 0.0484109 0.0956229 1.71527e-05
0 0.867701 0.0464646 0.0443459 0.0929293 1.71675e-05
0 0.493533 0.131987 0.0469327 0.191246 1.71935e-05
0 0.769956 0.570707 0.056541 0.125926 1.7277e-05
0 0.891907 0.707071 0.0594974 0.167003 1.7306e-05
0 0.586474 0.93569 0.0539542 0.0895623 1.73214e-05
0 0.473947 0.852525 0.0580192 0.119865 1.73514e-05
0 0.238174 0.43771 0.0432373 0.105051 1.73605e-05
0 0.272358 0.377441 0.0665189 0.224242 1.73626e-05
0 0.844789 0.393603 0.0687361 0.178451 1.74142e-05
0 0.254989 0.973401 0.0258684 0.0531987 1.74255e-05
0 0.461382 0.888889 0.0513673 0.0969697 1.74266e-05
0 0.496305 0.0602694 0.0517369 0.120539 1.74588e-05
0 0.563193 0.30101 0.0413895 0.0942761 1.75678e-05
0 0.742239 1 0.0594974 0 1.75745e-05
0 0.35643 0.462626 0.0247598 0.138721 1.75943e-05
0 0.0221729 0.530303 0.0428677 0.134007 1.76428e-05
0 0.212121 0.750168 0.059867 0.114478 1.76497e-05
0 0.338137 0.16431 0.052476 0.119865 1.76771e-05
0 0.859017 0.850168 0.0402809 0.116498 1.76782e-05
0 0.511641 0.890909 0.0550628 0.10101 1.76953e-05
0 0.404287 0.459259 0.0310421 0.115825 1.77053e-05
0 0.186068 0.993266 0.0631929 0.013468 1.77105e-05
0 0.137103 0.570707 0.0495196 0.124579 1.77839e-05
0 0.324464 0.8 0.0554324 0.119865 1.77975e-05
0 0.904656 0.982828 0.0369549 0.0343434 1.78761e-05
0 0.375277 0.458586 0.0299335 0.114478 1.78917e-05
0 0.79065 0.52862 0.0432373 0.103704 1.80043e-05
0 0.0166297 0.172727 0.0332594 0.178451 1.80442e-05
0 0.461752 0.346128 0.0469327 0.154882 1.80638e-05
0 0.412047 0.166667 0.0443459 0.135354 1.80647e-05
0 0.560606 0.936027 0.0532151 0.0902357 1.80844e-05
0 0.691242 0.252189 0.0454545 0.107071 1.81972e-05
0 0.185514 0.619865 0.045085 0.113805 1.8212e-05
0 0.689209 0.961279 0.0214339 0.0774411 1.82621e-05
0 0.184959 0.290572 0.0668884 0.1367 1.82695e-05
0 0.62306 0.253199 0.0502587 0.119865 1.82811e-05
0 0.712491 0.170707 0.0354767 0.139394 1.83016e-05
0 0.636364 0.941751 0.0384331 0.0976431 1.83053e-05
0 0.604028 0.788552 0.0580192 0.16835 1.83605e-05
0 0.749076 0.965993 0.022912 0.0680135 1.84337e-05
0 0.0203252 0.251852 0.0406504 0.215488 1.84759e-05
0 0.812454 0.968013 0.0232816 0.0639731 1.84955e-05
0 0.114375 0.610438 0.0631929 0.155556 1.86129e-05
0 0.292868 0.0474747 0.0424982 0.0949495 1.86195e-05
0 0.392831 0.219865 0.0591279 0.221549 1.8685e-05
0 0.940133 0.212795 0.0436068 0.121212 1.86975e-05
0 0.86918 0.968013 0.0243902 0.0639731 1.87024e-05
0 0.379342 0.814141 0.0779749 0.181818 1.88013e-05
0 0.811715 0.394276 0.0439763 0.112458 1.88023e-05
0 0.346083 0.953199 0.0291944 0.0936027 1.88092e-05
0 0.390059 0.582155 0.0365854 0.131313 1.88156e-05
0 0.982816 0.131987 0.0343681 0.263973 1.88275e-05
0 0.72986 0.909428 0.0436068 0.147475 1.88386e-05
0 0.236696 0.301684 0.04102 0.111785 1.88553e-05
0 0.161678 0.569697 0.0528455 0.117172 1.89e-05
0 0.70473 0.908081 0.0421286 0.148822 1.89436e-05
0 0.384516 0.858586 0.0513673 0.129293 1.8944e-05
0 0.112897 0.118855 0.0521064 0.113805 1.89559e-05
0 0.712491 0.846801 0.0413895 0.10303 1.89773e-05
0 0.660569 0.462626 0.0277162 0.121212 1.89894e-05
0 0.58629 0.801347 0.0395418 0.0996633 1.90068e-05
0 0.430155 0.92862 0.0628234 0.142761 1.9039e-05
0 0.863636 1 0.0591279 0 1.90398e-05
0 0.086105 0.485522 0.0583888 0.127946 1.90614e-05
0 0.114191 0.799663 0.0576497 0.127273 1.90619e-05
0 0.517738 0.9633 0.0443459 0.0734007 1.90961e-05
0 0.86105 0.355219 0.082779 0.160943 1.91338e-05
0 0.611789 0.942424 0.04102 0.0949495 1.91357e-05
0 0.0210643 0.585859 0.0406504 0.138721 1.92461e-05
0 0.142831 0.0451178 0.0447154 0.0902357 1.925e-05
0 0.310237 0.168013 0.0388027 0.12862 1.925e-05
0 0.260532 0.938047 0.0783444 0.109091 1.93049e-05
0 0.839246 0.968687 0.0251293 0.0626263 1.93126e-05
0 0.46711 0.957576 0.0295639 0.0848485 1.9432e-05
0 0.325758 0.584512 0.0513673 0.148148 1.94419e-05
0 0.998707 0.628283 0.00258684 0.207407 1.94746e-05
0 0.998522 0.867003 0.00295639 0.178451 1.94814e-05
0 0.723208 0.06633 0.0613452 0.13266 1.94822e-05
0 0.13544 0.806061 0.0439763 0.13468 1.95828e-05
0 0.160015 0.664983 0.0583888 0.121886 1.95852e-05
0 0.778086 0.96734 0.0240207 0.0653199 1.97024e-05
0 0.965817 0.169024 0.0521064 0.107744 1.97782e-05
0 0.759423 0.755556 0.0436068 0.10101 1.9847e-05
0 0.211013 0.392256 0.0458241 0.112458 1.99472e-05
0 0.0116408 0.378114 0.0232816 0.197306 1.99805e-05
0 0.851626 0.0494949 0.0535846 0.0989899 1.99845e-05
0 0.945676 1 0.0280857 0 2.00699e-05
0 0.210643 0.715825 0.0465632 0.115825 2.00942e-05
0 0.161123 0.620875 0.0436068 0.127946 2.01613e-05
0 0.37694 0.957239 0.030303 0.0855219 2.02854e-05
0 0.0700296 0.926599 0.0631929 0.126599 2.02922e-05
0 0.113267 0.388552 0.0521064 0.160269 2.03547e-05
0 0.940687 0.253535 0.0661493 0.147475 2.04067e-05
0 0.0234664 0.256229 0.0469327 0.119192 2.04102e-05
0 0.908537 0.963973 0.0853659 0.0720539 2.05785e-05
0 0.286955 0.297306 0.0469327 0.0976431 2.0728e-05
0 0.022912 0.312121 0.0458241 0.139394 2.08542e-05
0 0.0214339 0.641414 0.0406504 0.147475 2.08907e-05
0 0.935329 0.941077 0.0517369 0.0962963 2.09423e-05
0 0.510532 0.759259 0.0447154 0.144781 2.10885e-05
0 0.667036 0.187542 0.059867 0.134007 2.11887e-05
0 0.16408 0.347138 0.0509978 0.1367 2.11966e-05
0 0.320953 0.899663 0.0986696 0.200673 2.12127e-05
0 0.0857354 0.622222 0.0517369 0.140067 2.12936e-05
0 0.0212491 0.475084 0.0424982 0.135354 2.12992e-05
0 0.119549 0.26229 0.0720621 0.117845 2.13784e-05
0 0.687731 0.351515 0.052476 0.138721 2.1427e-05
0 0.563193 0.254882 0.0406504 0.0989899 2.14284e-05
0 0.323171 0.955556 0.160754 0.0888889 2.14349e-05
0 0.564671 0.858923 0.0443459 0.117845 2.15541e-05
0 0.715632 0.938047 0.0890613 0.123906 2.15747e-05
0 0.00905395 0.193266 0.0181079 0.142761 2.15889e-05
0 0.495011 0.657912 0.0225425 0.142761 2.15948e-05
0 0.485218 0.932997 0.0583888 0.0882155 2.1645e-05
0 0.687177 0.801347 0.0454545 0.103704 2.16497e-05
0 0.501478 1 0.0591279 0 2.17067e-05
0 0.896341 0.610774 0.0543237 0.169697 2.17124e-05
0 0.912786 0.205724 0.0716925 0.181145 2.17416e-05
0 0.0142276 0.210438 0.0284553 0.13266 2.17512e-05
0 0.162602 0.529293 0.0458241 0.122559 2.18162e-05
0 0.441242 1 0.0591279 0 2.188e-05
0 0.592572 0.250505 0.0484109 0.121212 2.18942e-05
0 0.3568 0.313805 0.0380636 0.125253 2.19879e-05
0 0.683296 1 0.0606061 0 2.2082e-05
0 0.135809 0.621886 0.0395418 0.139394 2.20845e-05
0 0.386179 0.165657 0.0539542 0.121212 2.22208e-05
0 0.242979 0.944108 0.112712 0.111785 2.22216e-05
0 0.832779 0.528283 0.0402809 0.113805 2.22327e-05
0 0.890798 0.260269 0.0528455 0.138047 2.22614e-05
0 0.086844 0.859933 0.0576497 0.123906 2.22667e-05
0 0.622321 1 0.0606061 0 2.22879e-05
0 0.550443 0.886532 0.0454545 0.125926 2.2334e-05
0 1 0.750842 0 0.188552 2.23357e-05
0 0.136733 0.527946 0.0436068 0.129293 2.24555e-05
0 0.183666 0.0542088 0.0613452 0.108418 2.25939e-05
0 0.750739 0.712795 0.0927568 0.236364 2.26095e-05
0 0.00831486 0.661953 0.0166297 0.16835 2.27478e-05
0 0.237251 0.347138 0.0421286 0.109764 2.27759e-05
0 0.313378 0.052862 0.0502587 0.105724 2.28173e-05
0 0.812084 0.571044 0.0365854 0.114478 2.28293e-05
0 0.0543237 0.617172 0.0687361 0.143434 2.28334e-05
0 0.0803769 1 0.0631929 0 2.29304e-05
0 0.561715 1 0.0606061 0 2.29465e-05
0 0.44272 0.858923 0.045085 0.121886 2.29865e-05
0 0.0162602 0.86633 0.0325203 0.252525 2.29988e-05
0 0.304693 0.281818 0.0447154 0.125926 2.30086e-05
0 0.158906 0.162626 0.052476 0.101684 2.30353e-05
0 0.579823 0.337374 0.0539542 0.131987 2.30802e-05
0 0.845528 0.206734 0.0606061 0.138721 2.30826e-05
0 0.896896 0.498653 0.052476 0.169024 2.3128e-05
0 0.0872136 0.758249 0.0509978 0.141414 2.31593e-05
0 0.477827 0.967003 0.0665189 0.0659933 2.31939e-05
0 0.237435 0.392929 0.0432373 0.105724 2.34124e-05
0 0.184775 0.807407 0.0509978 0.123906 2.34131e-05
0 0.382668 0.907071 0.0750185 0.103704 2.34964e-05
0 0.387657 0.942424 0.0428677 0.0922559 2.35135e-05
0 0.420547 0.682492 0.037694 0.147475 2.352e-05
0 0.386364 0.312795 0.0506282 0.108418 2.35701e-05
0 0.0369549 0.211448 0.0436068 0.125253 2.36184e-05
0 0.443644 0.802694 0.0454545 0.115825 2.36305e-05
0 0.0118256 0.916835 0.0236511 0.139394 2.36637e-05
0 0.56966 0.385859 0.0358463 0.140067 2.36728e-05
0 0.0814856 0.957576 0.0809313 0.0848485 2.36783e-05
0 0.237066 0.959933 0.0195861 0.0801347 2.37468e-05
0 0.0227273 0.690572 0.0454545 0.142088 2.38237e-05
0 0.321693 0.93266 0.0742794 0.110438 2.38255e-05
0 0.285661 0.875421 0.0561715 0.183165 2.38574e-05
0 0.611789 0.80101 0.04102 0.100337 2.40521e-05
0 0.587583 0.302694 0.0406504 0.0949495 2.41262e-05
0 0.414449 0.858923 0.0461936 0.125926 2.41453e-05
0 0.490946 0.887542 0.0469327 0.122559 2.41981e-05
0 0.139135 0.162626 0.0521064 0.100337 2.42245e-05
0 0.185514 0.438047 0.0436068 0.120539 2.43022e-05
0 0.298411 0.954545 0.0181079 0.0909091 2.4405e-05
0 0.267369 0.909091 0.0461936 0.154882 2.44124e-05
0 0.235403 0.747138 0.0554324 0.117845 2.45497e-05
0 0.59405 0.857912 0.0484109 0.119865 2.46381e-05
0 0.895048 0.953199 0.082779 0.0936027 2.46469e-05
0 0.18459 0.347475 0.04915 0.122559 2.46695e-05
0 0.0314117 1 0.0369549 0 2.4707e-05
0 0.372875 0.0579125 0.0539542 0.115825 2.474e-05
0 0.685698 0.92963 0.0594974 0.140741 2.48183e-05
0 0.988174 0.444108 0.0236511 0.193266 2.48276e-05
0 0.109756 0.527609 0.0458241 0.129966 2.48736e-05
0 0.355876 0.800337 0.0539542 0.120539 2.48904e-05
0 0.435698 0.327609 0.045085 0.173064 2.49896e-05
0 0.33592 0.252525 0.0458241 0.106397 2.50267e-05
0 0.321877 0.311785 0.0473023 0.105051 2.50738e-05
0 0.441426 0.880135 0.0824095 0.150842 2.51578e-05
0 0.99963 0.0545455 0.000739098 0.109091 2.52016e-05
0 0.267923 0.956902 0.0192166 0.0861953 2.52097e-05
0 0.185144 0.715825 0.0502587 0.118519 2.53646e-05
0 0.264782 1 0.0594974 0 2.53713e-05
0 0.383592 0.801347 0.0502587 0.122559 2.54454e-05
0 0.175905 0.964646 0.0221729 0.0707071 2.54469e-05
0 0.430894 0.239057 0.0428677 0.148148 2.54825e-05
0 0.435514 0.934343 0.0580192 0.0882155 2.54911e-05
0 0.657798 0.96532 0.0236511 0.0693603 2.54936e-05
0 0.431818 0.883838 0.0439763 0.119192 2.5507e-05
0 0.886364 0.892593 0.0447154 0.108418 2.55494e-05
0 0.535846 0.958923 0.0509978 0.0821549 2.56431e-05
0 0.381929 1 0.0594974 0 2.56627e-05
0 0.0175536 0.0606061 0.0351072 0.121212 2.56696e-05
0 0.923319 1 0.0594974 0 2.56933e-05
0 0.448633 0.581481 0.0354767 0.108418 2.58042e-05
0 0.140798 1 0.0583888 0 2.58088e-05
0 0.636918 0.800673 0.0439763 0.103704 2.58249e-05
0 0.62731 0.966667 0.0232816 0.0666667 2.59665e-05
0 0.00905395 0.3633 0.0181079 0.124579 2.61744e-05
0 0.981707 0.308081 0.0365854 0.216162 2.61779e-05
0 0.597007 0.965657 0.0232816 0.0686869 2.62473e-05
0 0.063932 0.398653 0.0635625 0.142761 2.62755e-05
0 0.661678 0.800337 0.0447154 0.105724 2.64845e-05
0 0.243348 0.53569 0.0528455 0.117845 2.65484e-05
0 0.277716 0.785522 0.0735403 0.135354 2.65986e-05
0 0.337768 0.209764 0.045085 0.119192 2.66078e-05
0 0.825018 0.96633 0.0232816 0.0673401 2.66254e-05
0 0.24187 0.910101 0.0535846 0.150168 2.66392e-05
0 0.0177384 0.953872 0.0354767 0.0922559 2.67592e-05
0 0.105322 0.981818 0.0369549 0.0363636 2.68786e-05
0 0.202513 1 0.0606061 0 2.69084e-05
0 0.32816 0.97037 0.0310421 0.0592593 2.69102e-05
0 0.711936 0.80101 0.0439763 0.101684 2.69147e-05
0 0.206393 0.96229 0.0210643 0.0754209 2.69479e-05
0 0.0208795 0.749158 0.0417591 0.155556 2.69539e-05
0 0.323725 1 0.0583888 0 2.69949e-05
0 0.988174 0.152189 0.0236511 0.179125 2.71022e-05
0 0.220251 0.638384 0.0620843 0.154882 2.71248e-05
0 0.185698 0.391919 0.0461936 0.122559 2.72592e-05
0 0.411493 0.937037 0.0594974 0.0868687 2.72722e-05
0 0.813193 0.848822 0.0432373 0.100337 2.73331e-05
0 0.999815 0.997643 0.000369549 0.0047138 2.73894e-05
0 0.428307 0.458923 0.0546933 0.214815 2.74081e-05
0 0.979675 0.617508 0.0399113 0.162963 2.74646e-05
0 0.00886918 0.417508 0.0177384 0.122559 2.7471e-05
0 0.614191 0.594276 0.0384331 0.138047 2.75009e-05
0 0.343865 0.462626 0.0343681 0.137374 2.7577e-05
0 0.113267 0.756902 0.0454545 0.144108 2.78311e-05
0 0.186438 0.573401 0.0439763 0.115152 2.7939e-05
0 0.582225 0.622222 0.0321508 0.193939 2.82239e-05
0 0.691796 0.893603 0.0857354 0.212795 2.82485e-05
0 0.446415 0.686532 0.0384331 0.174411 2.82673e-05
0 0.491685 0.852525 0.0735403 0.177778 2.82855e-05
0 0.179047 0.872727 0.0735403 0.237037 2.8307e-05
0 0.137103 0.122896 0.0502587 0.112458 2.83109e-05
0 0.42646 0.198316 0.0583888 0.112458 2.83359e-05
0 0.839985 0.941751 0.121951 0.116498 2.84425e-05
0 0.947154 0.895623 0.0813008 0.141414 2.85215e-05
0 0.250924 0.717172 0.0761271 0.160269 2.85262e-05
0 0.501109 0.331313 0.0509978 0.144108 2.85603e-05
0 0.506652 0.964646 0.022912 0.0707071 2.86632e-05
0 0.263304 0.747811 0.0543237 0.115152 2.873e-05
0 0.162417 0.808081 0.0513673 0.125253 2.87393e-05
0 0.412971 0.255219 0.04102 0.105051 2.88632e-05
0 0.60218 0.191582 0.0594974 0.123232 2.8878e-05
0 0.331486 0.0565657 0.0583888 0.113131 2.8912e-05
0 0.73762 0.950505 0.0258684 0.0989899 2.89645e-05
0 0.0519217 0.726936 0.0691057 0.147475 2.91283e-05
0 0.734479 0.79899 0.0424982 0.101684 2.91308e-05
0 0.984479 0.908754 0.0310421 0.13266 2.91325e-05
0 0.950296 0.488215 0.0720621 0.192593 2.92853e-05
0 0.735957 0.757576 0.0432373 0.0996633 2.93233e-05
0 0.812823 0.489899 0.0365854 0.109764 2.94602e-05
0 0.0877679 0.943771 0.0402809 0.100337 2.9619e-05
0 0.985403 0.709428 0.0232816 0.155556 2.96205e-05
0 0.356061 0.264983 0.0439763 0.146128 2.96561e-05
0 0.4551 0.933333 0.0580192 0.133333 2.97452e-05
0 0.136733 0.937037 0.0576497 0.0949495 2.97948e-05
0 0.737805 0.543098 0.0646711 0.127273 2.97974e-05
0 0.566519 0.965657 0.0236511 0.0686869 2.98279e-05
0 0.00979305 0.508081 0.0195861 0.150168 2.9846e-05
0 0.674242 0.0511785 0.0528455 0.102357 3.00005e-05
0 0.247967 0.198316 0.0606061 0.134007 3.00614e-05
0 0.818736 0.516498 0.0550628 0.208754 3.03104e-05
0 0.553769 0.952862 0.0558019 0.0942761 3.0406e-05
0 0.32816 0.956229 0.0192166 0.0875421 3.04443e-05
0 0.536585 0.96532 0.0236511 0.0693603 3.04521e-05
0 0.795824 0.0643098 0.063932 0.12862 3.052e-05
0 0.394124 0.684175 0.0402809 0.150842 3.06877e-05
0 0.368995 0.199327 0.0572801 0.219529 3.07565e-05
0 0.979675 0.406734 0.0406504 0.23569 3.07852e-05
0 0.1602 0.713805 0.0513673 0.126599 3.10285e-05
0 0.0635625 0.308081 0.0613452 0.124579 3.10405e-05
0 0.559867 0.157576 0.0576497 0.118519 3.10852e-05
0 0.561715 0.858249 0.0724316 0.183838 3.11251e-05
0 0.290096 0.255892 0.0443459 0.0969697 3.1538e-05
0 0.0587583 0.510438 0.0643016 0.138721 3.15437e-05
0 0.896157 0.397643 0.0546933 0.175758 3.16358e-05
0 0.319475 0.251852 0.0424982 0.119865 3.18451e-05
0 0.712676 0.759596 0.0439763 0.10101 3.1877e-05
0 0.209904 0.872727 0.0583888 0.180471 3.19973e-05
0 0.405765 0.978788 0.0436068 0.0424242 3.20154e-05
0 0.435329 0.056229 0.0480414 0.112458 3.2056e-05
0 0.00591279 0.040404 0.0118256 0.0808081 3.21651e-05
0 0.185514 0.528283 0.0421286 0.116498 3.21833e-05
0 0.314117 0.939731 0.10643 0.120539 3.24914e-05
0 0.967664 0.997643 0.0240207 0.0047138 3.25462e-05
0 0.281412 0.711448 0.0728012 0.173064 3.26357e-05
0 0.911308 0.940741 0.0539542 0.0915825 3.26373e-05
0 0.185883 0.20101 0.0650406 0.12862 3.27969e-05
0 0.604952 0.393603 0.0384331 0.193266 3.31566e-05
0 0.612158 0.0515152 0.0521064 0.10303 3.32891e-05
0 0.0225425 0.36633 0.0413895 0.131987 3.33169e-05
0 0.350702 0.96431 0.0783444 0.0713805 3.3369e-05
0 0.837768 0.850168 0.0443459 0.10303 3.34277e-05
0 0.702143 0.0599327 0.0546933 0.119865 3.3461e-05
0 0.12269 0.20303 0.0650406 0.13266 3.36386e-05
0 0.111973 0.943771 0.0443459 0.0989899 3.36933e-05
0 0.530488 0.942088 0.0513673 0.115825 3.39123e-05
0 0.547857 0.0781145 0.071323 0.156229 3.39283e-05
0 0.406504 0.056229 0.0561715 0.112458 3.40245e-05
0 0.00813008 0.621886 0.0162602 0.160943 3.40692e-05
0 0.631559 0.385859 0.0347376 0.140067 3.42943e-05
0 0.145233 0.96835 0.0251293 0.0632997 3.43566e-05
0 0.184959 0.484512 0.04102 0.117845 3.4395e-05
0 0.906134 0.298317 0.0546933 0.165657 3.44373e-05
0 0.73337 0.251852 0.0432373 0.110438 3.44383e-05
0 0.0103474 0.289226 0.0206948 0.146128 3.47858e-05
0 0.7415 0.390572 0.0506282 0.169697 3.49346e-05
0 0.474501 0.0760943 0.0694752 0.152189 3.50137e-05
0 0.830007 0.907071 0.0458241 0.145455 3.51e-05
0 0.346452 0.920202 0.0513673 0.159596 3.51216e-05
0 0.475979 0.964646 0.0236511 0.0707071 3.52771e-05
0 0.0864745 0.530303 0.0487805 0.135354 3.54565e-05
0 0.986327 0.301684 0.0266075 0.140067 3.54659e-05
0 0.481892 0.936027 0.0421286 0.127946 3.55361e-05
0 0.424797 0.795623 0.0498891 0.154209 3.5686e-05
0 0.134516 0.711111 0.0458241 0.136027 3.60238e-05
0 0.357169 0.960269 0.0203252 0.0794613 3.64395e-05
0 0.0615299 0.837037 0.0720621 0.131987 3.65054e-05
0 0.445491 0.96532 0.0240207 0.0693603 3.68735e-05
0 0.115669 0.96936 0.0266075 0.0612795 3.69632e-05
0 0.628603 0.86431 0.0864745 0.224242 3.70192e-05
0 0.0533999 0.956229 0.0461936 0.0875421 3.7035e-05
0 0.0206948 0.418855 0.0391722 0.131987 3.70754e-05
0 0.779933 0.193266 0.0594974 0.138721 3.72125e-05
0 0.011456 0.46936 0.022912 0.207407 3.72797e-05
0 0.388027 0.251178 0.0436068 0.109091 3.7376e-05
0 0.625647 0.973064 0.0776053 0.0538721 3.7415e-05
0 0.78714 0.309764 0.0761271 0.177778 3.74715e-05
0 0.0905395 0.918182 0.0554324 0.163636 3.76859e-05
0 0.118071 0.927946 0.0594974 0.144108 3.77055e-05
0 0.00757576 0.728283 0.0151515 0.17037 3.79307e-05
0 0.517923 0.16936 0.0454545 0.12862 3.8143e-05
0 0.761641 0.939394 0.121951 0.121212 3.83933e-05
0 0.386548 0.963636 0.022912 0.0727273 3.84078e-05
0 0.256282 0.0511785 0.0580192 0.102357 3.85027e-05
0 0.0624538 0.202694 0.0672579 0.13064 3.85447e-05
0 0.986142 0.484175 0.0277162 0.136027 3.90386e-05
0 0.527347 0.185859 0.0687361 0.223569 3.91775e-05
0 0.251848 0.30404 0.0683666 0.156902 3.93424e-05
0 0.171471 0.940067 0.082779 0.119865 3.96602e-05
0 0.956763 0.620202 0.0746489 0.183165 3.9664e-05
0 0.631744 0.0575758 0.0528455 0.115152 3.9854e-05
0 0.434405 0.46229 0.0299335 0.119192 3.98748e-05
0 0.957871 0.748485 0.0790835 0.16633 3.98795e-05
0 0.733555 0.0494949 0.0480414 0.0989899 3.99413e-05
0 0.271988 0.260943 0.0702143 0.152862 3.99802e-05
0 0.776238 0.0545455 0.0580192 0.109091 4.00224e-05
0 0.568551 0.130976 0.063932 0.213468 4.00802e-05
0 0.22986 0.953535 0.0369549 0.0929293 4.02804e-05
0 0.00739098 0.825253 0.014782 0.173064 4.05263e-05
0 0.637657 0.273064 0.0594974 0.179798 4.07312e-05
0 0.263489 0.920875 0.0886918 0.158249 4.08215e-05
0 0.482077 0.0548822 0.04915 0.109764 4.10695e-05
0 0.354398 0.684512 0.0480414 0.148822 4.11021e-05
0 0.558389 0.0569024 0.0480414 0.113805 4.12547e-05
0 0.182557 0.97138 0.0539542 0.0572391 4.15927e-05
0 0.984848 0.846465 0.0221729 0.162963 4.16459e-05
0 0.415558 0.96532 0.0240207 0.0693603 4.16888e-05
0 0.625277 0.938721 0.115299 0.122559 4.18735e-05
0 0.98799 0.765657 0.0240207 0.210101 4.26899e-05
0 0.0110865 0.559933 0.0221729 0.209428 4.27476e-05
0 0.167036 0.93064 0.0583888 0.138721 4.2798e-05
0 0.202328 0.93165 0.0853659 0.1367 4.29072e-05
0 0.480044 0.197643 0.0554324 0.112458 4.32148e-05
0 0.986511 0.390572 0.0254989 0.138721 4.33831e-05
0 0.593311 0.945455 0.0838877 0.109091 4.34713e-05
0 0.339246 0.273401 0.0643016 0.173737 4.36796e-05
0 0.679601 0.957912 0.030303 0.0801347 4.374e-05
0 0.763489 0.413468 0.0665189 0.131987 4.40679e-05
0 0.301737 0.653872 0.0484109 0.146801 4.41599e-05
0 0.980968 0.059596 0.0380636 0.119192 4.43274e-05
0 0.00240207 0.973737 0.00480414 0.0525253 4.43519e-05
0 0.385625 0.209091 0.0447154 0.120539 4.46669e-05
0 0.0809313 0.362626 0.0606061 0.220202 4.47922e-05
0 0.181079 0.927946 0.0487805 0.133333 4.5202e-05
0 0.714523 0.265657 0.0624538 0.179798 4.5343e-05
0 0.555802 0.208081 0.0458241 0.105051 4.5829e-05
0 0.956024 0.982155 0.0620843 0.0356902 4.5962e-05
0 0.509978 0.587205 0.022912 0.115825 4.63729e-05
0 0.36068 0.458586 0.0428677 0.192593 4.66862e-05
0 0.406319 0.324916 0.0447154 0.160943 4.70885e-05
0 0.798596 0.958923 0.0583888 0.0821549 4.7302e-05
0 0.458426 0.175758 0.0602365 0.180471 4.73705e-05
0 0.368071 0.978114 0.0369549 0.043771 4.76262e-05
0 0.356061 0.391582 0.0461936 0.187879 4.80148e-05
0 0.813562 0.529966 0.0351072 0.106397 4.84729e-05
0 0.203252 0.959596 0.0620843 0.0808081 4.85788e-05
0 0.558758 0.682828 0.0251293 0.211448 4.8641e-05
0 0.669623 0.681145 0.0428677 0.12862 4.91044e-05
0 0.767184 0.605724 0.0790835 0.171717 5e-05
0 0.988174 0.674411 0.0236511 0.205387 5.01089e-05
0 0.148928 0.868013 0.0672579 0.215488 5.01706e-05
0 0.16408 0.887542 0.0502587 0.110438 5.03106e-05
0 0.559867 0.274747 0.0591279 0.157576 5.04913e-05
0 0.141353 0.951178 0.0794531 0.0976431 5.05362e-05
0 0.53289 0.946465 0.0842572 0.107071 5.05437e-05
0 0.548411 0.788889 0.052476 0.160943 5.06485e-05
0 0.411308 0.278114 0.0635625 0.158923 5.1262e-05
0 0.966741 0.211785 0.045085 0.117845 5.13808e-05
0 0.182742 0.850505 0.056541 0.113131 5.15505e-05
0 0.535477 0.240067 0.0436068 0.113805 5.16854e-05
0 0.120288 0.679125 0.0498891 0.205387 5.17349e-05
0 0.741316 0.596296 0.0731707 0.155556 5.17843e-05
0 0.264412 0.954882 0.0225425 0.0902357 5.23217e-05
0 0.731338 0.651178 0.0546933 0.193939 5.26986e-05
0 0.986142 0.538721 0.0277162 0.23569 5.28555e-05
0 0.433296 0.681145 0.0269771 0.19596 5.31956e-05
0 0.987251 0.0740741 0.0254989 0.109091 5.32584e-05
0 0.111789 0.956229 0.078714 0.0875421 5.33485e-05
0 0.628234 0.954882 0.045085 0.0902357 5.34265e-05
0 0.0127494 0.649495 0.0254989 0.235017 5.35042e-05
0 0.364375 0.209764 0.0406504 0.121886 5.35222e-05
0 0.725425 0.955556 0.022912 0.0888889 5.36231e-05
0 0.603104 0.954545 0.0502587 0.0909091 5.42537e-05
0 0.756282 0.968013 0.0254989 0.0639731 5.44925e-05
0 0.242609 0.971044 0.0291944 0.0579125 5.51012e-05
0 0.47949 0.795286 0.0550628 0.165657 5.52102e-05
0 0.776238 0.255892 0.0661493 0.167003 5.54717e-05
0 0.988914 0.980808 0.0221729 0.0383838 5.56019e-05
0 0.0358463 1 0.0273466 0 5.58458e-05
0 0.391907 0.953872 0.0572801 0.0922559 5.58831e-05
0 0.562084 0.973064 0.0480414 0.0538721 5.71827e-05
0 0.76238 0.965657 0.0783444 0.0686869 5.80131e-05
0 0.988359 0.0878788 0.0232816 0.175758 5.82317e-05
0 0.141722 0.862963 0.0543237 0.116498 5.84268e-05
0 0.472469 0.945118 0.0824095 0.109764 5.86555e-05
0 0.0406504 0.971717 0.0436068 0.0565657 5.89881e-05
0 0.578529 0.953535 0.0535846 0.0929293 5.97895e-05
0 0.688285 0.953872 0.0232816 0.0922559 6.01629e-05
0 0.533814 0.656902 0.0232816 0.156902 6.07377e-05
0 0.314671 0.958249 0.0587583 0.0835017 6.23002e-05
0 0.353474 0.93266 0.086844 0.13468 6.25017e-05
0 0.277347 0.959259 0.0602365 0.0814815 6.34757e-05
0 0.206578 0.940404 0.0384331 0.119192 6.43161e-05
0 0.854952 0.907407 0.0498891 0.150168 6.48252e-05
0 0.963045 0.973737 0.0443459 0.0525253 6.49375e-05
0 0.686992 0.937037 0.111604 0.125926 6.5256e-05
0 0.354213 0.960943 0.0402809 0.0781145 6.60424e-05
0 0.986142 0.527946 0.0232816 0.148148 6.66168e-05
0 0.441611 0.960606 0.0480414 0.0787879 6.70963e-05
0 0.242609 0.960606 0.0587583 0.0787879 6.75619e-05
0 0.985403 0.062963 0.0291944 0.125926 6.86056e-05
0 0.412602 0.946465 0.0824095 0.107071 6.9495e-05
0 0.484848 0.285185 0.0532151 0.156902 6.96093e-05
0 0.988544 0.355556 0.022912 0.204714 7.00304e-05
0 0.111419 0.854545 0.0720621 0.113131 7.01734e-05
0 0.181633 0.957576 0.0388027 0.0848485 7.14954e-05
0 0.118441 0.337374 0.0728012 0.234343 7.16331e-05
0 0.0940503 0.956902 0.0424982 0.0861953 7.53107e-05
0 0.505913 0.944444 0.0502587 0.111111 7.6016e-05
0 0.611419 0.973064 0.0454545 0.0538721 7.74091e-05
0 0.653548 0.96431 0.0816704 0.0713805 7.89464e-05
0 0.77901 0.967003 0.030303 0.0659933 7.8986e-05
0 0.345159 0.353872 0.0502587 0.142088 8.05748e-05
0 0.305802 0.221886 0.0432373 0.173064 8.11296e-05
0 0.467849 0.944781 0.0465632 0.110438 8.15605e-05
0 0.872321 0.958586 0.0617147 0.0828283 8.2464e-05
0 0.986511 0.86734 0.0269771 0.257239 8.2971e-05
0 0.838322 0.958923 0.0624538 0.0821549 8.30136e-05
0 0.314856 0.4633 0.0399113 0.173737 8.3597e-05
0 0.131559 0.954209 0.0443459 0.0915825 8.80238e-05
0 0.989098 0.949832 0.0218034 0.100337 8.8608e-05
0 0.952882 1 0.0210643 0 8.87306e-05
0 0.38895 0.973737 0.04915 0.0525253 8.9745e-05
0 0.313193 0.946128 0.0306726 0.107744 9.09006e-05
0 0.0109017 0.899327 0.0218034 0.201347 9.27823e-05
0 0.463415 0.460269 0.0251293 0.1367 9.31871e-05
0 0.0109017 0.811448 0.0218034 0.218182 9.43005e-05
0 0.233555 0.523232 0.0879527 0.242424 9.58836e-05
0 0.227458 0.591246 0.0676275 0.150842 9.67829e-05
0 0.287324 0.354209 0.0506282 0.137374 9.68493e-05
0 0.587029 0.974074 0.0484109 0.0518519 9.75305e-05
0 0.777531 0.943771 0.0421286 0.112458 9.9235e-05
0 0.643755 0.931313 0.0509978 0.137374 0.000100327
0 0.152809 0.954882 0.0484109 0.0902357 0.00010298
0 0.722838 0.958586 0.0620843 0.0828283 0.000104371
0 0.814856 0.950842 0.0347376 0.0983165 0.000106345
0 0.951219 0.962626 0.0310421 0.0747475 0.000106849
0 0.0107169 0.719529 0.0214339 0.217508 0.000107375
0 0.792498 0.951178 0.0373245 0.0976431 0.000112953
0 0.00979305 0.0457912 0.0195861 0.0915825 0.000114085
0 0.417406 0.959933 0.0513673 0.0801347 0.000114513
0 0.929047 0.953872 0.0509978 0.0922559 0.000114842
0 0.464154 0.586869 0.0266075 0.123232 0.000116427
0 0.19235 0.945791 0.0432373 0.108418 0.000117007
0 0.750554 0.476094 0.0709534 0.204714 0.000118187
0 0.842572 0.951515 0.0354767 0.0969697 0.000118882
0 0.0120103 0.981818 0.0240207 0.0363636 0.000120261
0 0.217664 0.948148 0.0384331 0.103704 0.000124066
0 0.985033 0.172391 0.0277162 0.114478 0.00012507
0 0.151146 0.922222 0.0532151 0.143434 0.000127917
0 0.866962 0.964646 0.0339985 0.0707071 0.000137401
0 0.136364 0.970034 0.0465632 0.0599327 0.000143232
0 0.166851 0.962626 0.04102 0.0747475 0.000146156
0 0.989283 0.0420875 0.0214339 0.0841751 0.000148326
0 0.300813 0.951515 0.0266075 0.0969697 0.000150148
0 0.329453 0.944108 0.04102 0.111785 0.000153512
0 0.99187 1 0.0162602 0 0.000154032
0 0.981523 1 0.0362158 0 0.000154291
0 0.0563562 0.978788 0.0328899 0.0424242 0.000156424
0 0.119549 0.89596 0.0683666 0.152862 0.000157886
0 0.93847 0.973401 0.0447154 0.0531987 0.000161425
0 0.0105322 0.105051 0.0210643 0.203367 0.000168501
0 0.880266 0.944781 0.0480414 0.110438 0.000168875
0 0.612343 0.677104 0.0354767 0.209428 0.000169321
0 0.690133 0.958586 0.0646711 0.0828283 0.000172297
0 0.769586 0.964983 0.033629 0.0700337 0.000173602
0 0.0886918 0.973401 0.0458241 0.0531987 0.000176671
0 0.00813008 0.96835 0.0162602 0.0632997 0.000184424
0 0.252402 0.950168 0.0273466 0.0996633 0.00018609
0 0.385994 0.448485 0.0668884 0.200673 0.000200836
0 0.240946 0.945791 0.0369549 0.108418 0.000202379
0 0.719512 0.219865 0.0384331 0.17037 0.000205222
0 0.912971 0.972391 0.0476718 0.0552189 0.000206326
0 0.0101626 0.944781 0.0203252 0.110438 0.000218289
0 0.30728 0.336027 0.0617147 0.157576 0.000238744
0 0.41371 0.603704 0.0498891 0.179798 0.000247521
0 0.117517 0.958586 0.045085 0.0828283 0.000259537
0 0.642831 0.960269 0.0358463 0.0794613 0.000272628
0 0.906504 0.955892 0.0406504 0.0882155 0.000277941
0 0.662417 0.335017 0.0646711 0.159596 0.000292451
0 0.543607 0.654545 0.0443459 0.23569 0.000331907
0 0.854582 0.945791 0.0402809 0.108418 0.000338111
0 0.376755 0.343434 0.0728012 0.191246 0.000375295
0 0.267184 0.435017 0.0458241 0.157576 0.000376489
0 0.891537 0.961279 0.0395418 0.0774411 0.000380013
0 0.0683666 0.976768 0.0317812 0.0464646 0.000388267
0 0.829638 0.952862 0.0332594 0.0942761 0.000391637
0 0.239653 0.574411 0.0365854 0.136027 0.000393828
0 0.722838 0.339057 0.0546933 0.182492 0.000410095
0 0.605322 0.349832 0.0583888 0.164983 0.000413689
0 0.987805 0.219529 0.0243902 0.179125 0.000414778
0 0.280303 0.509764 0.0484109 0.207407 0.000448677
0 0.666482 0.944444 0.0365854 0.111111 0.000477344
0 0.544531 0.350168 0.0513673 0.172391 0.000555966
0 0.531042 0.599663 0.0288248 0.13266 0.00059655
0 0.556356 0.608418 0.0314117 0.152862 0.000623394
0 0.482262 0.358249 0.0539542 0.160269 0.00067748
0 0.54102 0.195286 0.045085 0.153535 0.000734337
0 0.278455 0.4 0.0432373 0.148148 0.000776094
0 0.696046 0.59596 0.0580192 0.13468 0.000891593
0 0.73762 0.426599 0.0288248 0.17037 0.000982278
0 0.421101 0.392256 0.04102 0.181145 0.00127828
0 0.754435 0.944781 0.0351072 0.110438 0.00154594
0 0.318921 0.409091 0.0391722 0.169024 0.00186719
0 0.453252 0.431987 0.0365854 0.167677 0.00195245
0 0.376386 0.629966 0.0550628 0.2 0.00455899
0 0.709534 0.408081 0.0399113 0.187205 0.0128669
0 0.507021 0.421212 0.0280857 0.186532 0.0142728
0 0.47912 0.418519 0.0395418 0.19596 0.0234078
0 0.281227 0.600337 0.0620843 0.16633 0.0344906
0 0.658537 0.424242 0.0413895 0.180471 0.0511764
0 0.474316 0.624916 0.107539 0.185859 0.108641
0 0.334627 0.450842 0.109756 0.247138 0.137108
0 0.579453 0.628283 0.104952 0.185859 0.157132
0 0.492239 0.418855 0.0946046 0.193939 0.182401
0 0.692535 0.439394 0.0886918 0.249832 0.187646
0 0.427938 0.62963 0.100517 0.187205 0.203578
0 0.605506 0.418182 0.0934959 0.188552 0.207281
0 0.633777 0.634343 0.123429 0.195286 0.2359
0 0.509608 0.612121 0.0532151 0.160269 0.272985
0 0.288248 0.482828 0.0443459 0.356902 0.277814
0 0.558758 0.423906 0.0916482 0.190572 0.281762
0 0.313193 0.612458 0.143755 0.174411 0.288468
0 0.406135 0.410774 0.0938655 0.192593 0.314883
0 0.466925 0.621549 0.0380636 0.169697 0.352352
0 0.501109 0.612795 0.0243902 0.150842 0.7618
0 0.519771 0.614815 0.0218034 0.16431 0.813159
0 0.539727 0.621886 0.0254989 0.171717 0.820266
0 0.47912 0.612795 0.0254989 0.158923 0.820438
0 0.56541 0.641414 0.0325203 0.209428 0.829074
0 0.453437 0.63771 0.030303 0.211448 0.831911
0 0.59017 0.417508 0.0369549 0.199327 0.836966
0 0.616778 0.423569 0.037694 0.185859 0.840488
0 0.465447 0.417508 0.0351072 0.191246 0.843176
0 0.593866 0.641751 0.0332594 0.196633 0.844799
0 0.725055 0.411448 0.0406504 0.181818 0.845051
0 0.40595 0.416835 0.0424982 0.184512 0.848977
0 0.379897 0.414478 0.0399113 0.177104 0.851628
0 0.426275 0.637037 0.0351072 0.195286 0.853494
0 0.394494 0.63064 0.0476718 0.183838 0.856857
0 0.351072 0.627946 0.0849963 0.182492 0.857246
0 0.436622 0.407744 0.0380636 0.205387 0.858181
0 0.495011 0.421886 0.0351072 0.185185 0.860141
0 0.626016 0.642424 0.0428677 0.20202 0.861626
0 0.341279 0.417845 0.0461936 0.179798 0.862393
0 0.297487 0.409428 0.0421286 0.188552 0.863353
0 0.643385 0.421212 0.0369549 0.167677 0.866147
0 0.531966 0.420202 0.0365854 0.183165 0.868202
0 0.56153 0.427273 0.0299335 0.191919 0.872291
0 0.681818 0.414815 0.045085 0.192593 0.873249
0 0.2585 0.592256 0.0558019 0.143434 0.877645
0 0.305432 0.606734 0.0668884 0.177778 0.880873
0 0.714338 0.60404 0.0591279 0.162963 0.881766
0 0.669993 0.632323 0.0724316 0.184512 0.899166
