0 0.545824 0.961538 0.141907 0.0769231 8.92313e-06
0 0.165928 0.799331 0.0776053 0.243478 8.96676e-06
0 0.280118 0.108696 0.0554324 0.161204 8.98087e-06
0 0.533999 0.989967 0.0591279 0.0200669 8.99419e-06
0 0.386179 0.0725752 0.0776053 0.14515 8.99541e-06
0 0.0835181 0.805351 0.0620843 0.140468 8.99567e-06
0 0.615299 1 0.0768662 0 9.06392e-06
0 0.207687 0.691304 0.0436068 0.137124 9.06888e-06
0 0.163895 0.0719064 0.078714 0.143813 9.07242e-06
0 0.747783 0.0531773 0.0646711 0.106355 9.07724e-06
0 0.00997783 0.100334 0.0199557 0.140468 9.09025e-06
0 0.417591 0.986957 0.0694752 0.026087 9.10581e-06
0 0.911678 0.123077 0.0502587 0.11505 9.12877e-06
0 0.636733 0.119064 0.0517369 0.117726 9.13941e-06
0 0.36456 0.971572 0.0181079 0.0568562 9.14308e-06
0 0.782705 0.826421 0.0790835 0.237458 9.15625e-06
0 0.424427 0.0715719 0.0779749 0.143144 9.16107e-06
0 0.650222 0.937124 0.0299335 0.125753 9.16707e-06
0 0.344789 0.334783 0.0406504 0.173244 9.17893e-06
0 0.553954 0.985619 0.0206948 0.0287625 9.20862e-06
0 0.493163 0.764548 0.0417591 0.131104 9.21631e-06
0 0.954361 0.825418 0.0890613 0.149833 9.21808e-06
0 0.379897 0.0518395 0.052476 0.103679 9.22544e-06
0 0.847376 0.960535 0.0140429 0.0789298 9.23999e-06
0 0.283629 0.0167224 0.0447154 0.0334448 9.24568e-06
0 0.937177 0.122742 0.0480414 0.111706 9.26016e-06
0 0.387472 0.170234 0.0402809 0.12107 9.26113e-06
0 0.187361 0.931438 0.0591279 0.137124 9.27123e-06
0 0.999815 1 0.000369549 0 9.32302e-06
0 0.541759 0.128428 0.0813008 0.167224 9.32377e-06
0 0.213784 0.963211 0.0144124 0.0735786 9.32906e-06
0 0.0609756 0.213378 0.0428677 0.121739 9.32956e-06
0 0.355876 0.925418 0.0539542 0.147826 9.36511e-06
0 0.888027 0.665552 0.075388 0.152508 9.36833e-06
0 0.340355 0.935786 0.0576497 0.128428 9.37046e-06
0 0.300813 0.303679 0.052476 0.13913 9.37064e-06
0 0.62269 0.253846 0.0561715 0.123746 9.4168e-06
0 0.0234664 0.26689 0.0439763 0.15786 9.4419e-06
0 0.0232816 0.86087 0.0465632 0.172575 9.484e-06
0 0.419438 0.736455 0.0273466 0.151171 9.48734e-06
0 0.141907 0.86087 0.0495196 0.131104 9.4964e-06
0 0.961567 0.214716 0.0428677 0.131104 9.4982e-06
0 0.907243 0.962542 0.014782 0.0749164 9.52935e-06
0 0.901515 0.949833 0.0816704 0.100334 9.5317e-06
0 0.156504 0.0214047 0.0299335 0.0428094 9.53778e-06
0 0.89782 0.0535117 0.0506282 0.107023 9.53815e-06
0 0.355137 0.290635 0.0583888 0.198662 9.58224e-06
0 1 0.195652 0 0.162542 9.63097e-06
0 0.508869 0.991304 0.0583888 0.0173913 9.63142e-06
0 0.0898004 0.126087 0.0916482 0.161204 9.64032e-06
0 0.688101 0.0538462 0.0657797 0.107692 9.65044e-06
0 0.608278 0.957191 0.0399113 0.0856187 9.74389e-06
0 0.786401 0.0765886 0.0413895 0.129097 9.74471e-06
0 0.0837029 0.862876 0.0506282 0.140468 9.83597e-06
0 0.0395418 0.982609 0.0184775 0.0347826 9.83925e-06
0 0.136364 0.120736 0.0495196 0.117057 9.85326e-06
0 0.434405 0.8 0.0358463 0.10301 9.8655e-06
0 0.353659 0.974916 0.0133038 0.0501672 9.87817e-06
0 0.270695 0.289632 0.0580192 0.141806 9.88273e-06
0 0.593681 0.766555 0.0417591 0.12709 9.88396e-06
0 0.0436068 0.942809 0.0436068 0.114381 9.8927e-06
0 0.336105 0.168227 0.0388027 0.114381 9.91605e-06
0 0.637472 0.167559 0.0399113 0.123746 9.94064e-06
0 0.162602 0.531438 0.0399113 0.0956522 9.95068e-06
0 0.28677 0.846823 0.0421286 0.109699 9.95989e-06
0 0.799335 0.0719064 0.0783444 0.143813 1.00026e-05
0 0.645787 0.731438 0.0447154 0.125084 1.00087e-05
0 0.759793 0.195987 0.067997 0.168562 1.00239e-05
0 0.777347 0.0541806 0.0624538 0.108361 1.00382e-05
0 0.0837029 0.951171 0.0173688 0.0976589 1.00442e-05
0 0.529379 0.986622 0.0218034 0.0267559 1.00492e-05
0 0.695307 0.96388 0.0824095 0.0722408 1.00506e-05
0 0.482262 0.139465 0.0687361 0.27893 1.00768e-05
0 0.67609 0.734114 0.0469327 0.138462 1.00795e-05
0 0.615854 0.907692 0.116408 0.184615 1.01277e-05
0 0.687177 0.929097 0.0646711 0.141806 1.01745e-05
0 0.317997 0.0541806 0.0506282 0.108361 1.01878e-05
0 0.810976 0.211706 0.04102 0.118395 1.02483e-05
0 0.317258 0.944816 0.0232816 0.110368 1.02545e-05
0 0.257021 0.309699 0.0417591 0.101672 1.02854e-05
0 0.925166 0.0976589 0.0624538 0.133779 1.02891e-05
0 0.733925 0.167559 0.0347376 0.126421 1.03019e-05
0 0.244087 0.963211 0.0144124 0.0735786 1.03213e-05
0 1 0.314381 0 0.180602 1.03276e-05
0 0.512565 0.962542 0.030303 0.0749164 1.03478e-05
0 0.498522 0.0712375 0.0731707 0.142475 1.03479e-05
0 0.203991 0.0719064 0.0509978 0.143813 1.03499e-05
0 0.136364 0.710702 0.0539542 0.105017 1.03807e-05
0 0.31153 0.840468 0.052476 0.107692 1.03821e-05
0 0.0872136 0.123411 0.0509978 0.111706 1.04061e-05
0 0.0746489 0.915719 0.0443459 0.168562 1.04386e-05
0 0.975795 1 0.0291944 0 1.0464e-05
0 0.53714 0.962207 0.0291944 0.0755853 1.05076e-05
0 0.540835 1 0.0801922 0 1.05947e-05
0 0.863267 0.889298 0.0443459 0.115719 1.06182e-05
0 0.562823 0.982274 0.0199557 0.0354515 1.06472e-05
0 0.611234 0.213378 0.045085 0.113712 1.06504e-05
0 0.542683 0.986288 0.0299335 0.0274247 1.06549e-05
0 0.334812 0.967224 0.0162602 0.0655518 1.06804e-05
0 0.212306 0.842475 0.04915 0.105017 1.07123e-05
0 0.216186 0.353177 0.0672579 0.185953 1.07164e-05
0 0.906504 0.516388 0.0613452 0.220736 1.073e-05
0 0.133407 0.354849 0.0923873 0.169231 1.07637e-05
0 0.187177 0.304682 0.04102 0.105017 1.0782e-05
0 0.583149 0.986288 0.059867 0.0274247 1.07874e-05
0 0.887472 0.122074 0.0535846 0.125084 1.08229e-05
0 0.41796 0.0494983 0.0487805 0.0989967 1.08427e-05
0 0.312639 0.168896 0.037694 0.119732 1.08615e-05
0 0.117517 0.0565217 0.0731707 0.113043 1.08967e-05
0 0.501663 0.805351 0.0624538 0.136455 1.0907e-05
0 0.892646 0.767893 0.063932 0.215385 1.09614e-05
0 0.587398 0.256187 0.0402809 0.104348 1.09713e-05
0 0.504619 0.987291 0.0232816 0.0254181 1.10333e-05
0 0.763673 0.911371 0.0291944 0.107692 1.10778e-05
0 0.0256837 0.575585 0.0454545 0.2 1.11073e-05
0 0.512934 0.614716 0.0354767 0.100334 1.11114e-05
0 0.136179 0.938462 0.0417591 0.11505 1.11284e-05
0 0.525684 0.768562 0.0417591 0.132441 1.11379e-05
0 0.9102 0.846823 0.0428677 0.116388 1.11428e-05
0 0.359387 0.952508 0.018847 0.0949833 1.11683e-05
0 0.500739 0.979599 0.022912 0.0408027 1.11825e-05
0 0.00776053 0.209365 0.0155211 0.145819 1.11964e-05
0 0.910384 0.891973 0.04102 0.113043 1.1239e-05
0 0.0290096 0.987291 0.0195861 0.0254181 1.12486e-05
0 0.838322 0.211706 0.0447154 0.117057 1.12556e-05
0 0.0330746 0.991973 0.0594974 0.0160535 1.12905e-05
0 0.43071 0.509699 0.0343681 0.124415 1.13119e-05
0 0.230229 0.320401 0.0413895 0.105686 1.13198e-05
0 0.431079 0.720736 0.0395418 0.146488 1.13424e-05
0 0.926275 0.0491639 0.0654102 0.0983278 1.13636e-05
0 0.811345 0.303344 0.04102 0.114381 1.1365e-05
0 0.862897 0.254849 0.0554324 0.119064 1.13729e-05
0 0.602365 0.980602 0.0162602 0.038796 1.14003e-05
0 0.710273 0.842475 0.0480414 0.101003 1.14097e-05
0 0.937731 0.256856 0.0469327 0.12709 1.14146e-05
0 0.993902 0.872575 0.0121951 0.190635 1.14226e-05
0 0.575942 0.961538 0.0898004 0.0769231 1.14337e-05
0 0.0558019 0.0505017 0.0509978 0.101003 1.14411e-05
0 0.190133 0.388963 0.0469327 0.103679 1.1475e-05
0 0.461382 0.800669 0.0365854 0.101672 1.15191e-05
0 0.51238 0.259866 0.0380636 0.0983278 1.15197e-05
0 0.482077 0.983278 0.0314117 0.0334448 1.15346e-05
0 0.810606 0.258528 0.0402809 0.114381 1.15414e-05
0 0.288803 0.937793 0.0306726 0.124415 1.15442e-05
0 0.0166297 0.698662 0.0332594 0.265552 1.1551e-05
0 0.20473 0.906354 0.0436068 0.132441 1.15662e-05
0 0.816334 0.961873 0.0140429 0.0762542 1.15784e-05
0 0.578899 0.984615 0.0195861 0.0307692 1.16388e-05
0 0.0801922 0.973913 0.0635625 0.0521739 1.16954e-05
0 0.736511 0.756187 0.0480414 0.103679 1.17046e-05
0 0.659276 0.211706 0.0413895 0.113043 1.17135e-05
0 0.337398 0.841472 0.0546933 0.112375 1.17489e-05
0 1 0.814381 0 0.177258 1.17701e-05
0 0.78677 0.348829 0.0413895 0.105017 1.17802e-05
0 0.646157 0.681271 0.0424982 0.150502 1.18419e-05
0 0.191796 0.742809 0.0953437 0.190635 1.18445e-05
0 0.507945 0.919398 0.0424982 0.161204 1.18552e-05
0 0.61456 0.956522 0.0931264 0.0869565 1.1883e-05
0 0.736327 0.910033 0.0735403 0.179933 1.19421e-05
0 0.0870288 0.709365 0.0476718 0.111706 1.1984e-05
0 0.359756 0.501003 0.0328899 0.125753 1.1984e-05
0 0.112343 0.861873 0.0502587 0.135786 1.20183e-05
0 0.679601 0.935452 0.030303 0.129097 1.20403e-05
0 0.00868441 0.255518 0.0173688 0.159197 1.20927e-05
0 0.868441 0.381605 0.0620843 0.222742 1.20931e-05
0 0.181633 0.061204 0.0388027 0.122408 1.21085e-05
0 0.345159 0.619398 0.037694 0.145819 1.21131e-05
0 0.500554 0.724415 0.056541 0.151171 1.21303e-05
0 0.88969 0.563545 0.0728012 0.185284 1.21333e-05
0 0.694568 0.967224 0.0158906 0.0655518 1.21364e-05
0 0.999261 0.998328 0.0014782 0.00334448 1.21497e-05
0 0.240946 0.0682274 0.0583888 0.136455 1.21507e-05
0 0.615115 0.689632 0.0291944 0.15786 1.21658e-05
0 0.946415 0.982943 0.0266075 0.0341137 1.21705e-05
0 0.0626386 0.70903 0.0461936 0.113712 1.2178e-05
0 0.664265 0.969231 0.0166297 0.0615385 1.21853e-05
0 0.404287 0.964214 0.0384331 0.0715719 1.21934e-05
0 0.947894 0.714047 0.0968219 0.154515 1.22019e-05
0 0.274021 0.964214 0.0151515 0.0715719 1.22593e-05
0 0.305617 0.901338 0.0480414 0.14515 1.22755e-05
0 0.261456 0.845819 0.0469327 0.105017 1.22767e-05
0 0.214523 0.475251 0.0469327 0.117057 1.23343e-05
0 0.0630081 0.98796 0.00997783 0.0240803 1.2344e-05
0 0.674427 0.87291 0.075388 0.111037 1.23547e-05
0 0.582594 0.504348 0.0380636 0.108361 1.23771e-05
0 0.626755 0.974582 0.0140429 0.0508361 1.24185e-05
0 0.218958 0.0618729 0.0439763 0.123746 1.24382e-05
0 0.529933 0.722742 0.0576497 0.161204 1.25085e-05
0 0.786216 0.711706 0.0454545 0.101672 1.25114e-05
0 0.176275 0.332776 0.0665189 0.146488 1.25485e-05
0 0.43459 0.992308 0.0569106 0.0153846 1.25496e-05
0 0.558574 0.961538 0.026238 0.0769231 1.25578e-05
0 0.548041 0.97291 0.0258684 0.0541806 1.26088e-05
0 0.706393 0.012709 0.0365854 0.0254181 1.26089e-05
0 0.0197709 0.486288 0.0395418 0.161873 1.26109e-05
0 0.964893 0.754849 0.0406504 0.129097 1.26953e-05
0 0.73337 0.695652 0.0609756 0.125753 1.27108e-05
0 0.968219 0.0301003 0.0354767 0.0602007 1.27391e-05
0 0.0127494 0.947826 0.0254989 0.104348 1.27432e-05
0 0.640059 0.196656 0.0731707 0.141806 1.27487e-05
0 0.131744 0.469565 0.0691057 0.144482 1.2767e-05
0 0.135255 0.392308 0.0428677 0.113043 1.27823e-05
0 0.338877 0.889632 0.0436068 0.107023 1.28677e-05
0 0.0752033 0.855518 0.103104 0.145819 1.28934e-05
0 0.31153 0.213378 0.0384331 0.117726 1.29503e-05
0 0.98799 0.866221 0.0240207 0.144482 1.29557e-05
0 0.611789 0.303679 0.0417591 0.0963211 1.29609e-05
0 0.013119 0.700669 0.026238 0.169231 1.29859e-05
0 0.642276 0.900669 0.0480414 0.150502 1.30086e-05
0 0.135255 0.346823 0.045085 0.111706 1.30702e-05
0 0.486142 0.344482 0.0380636 0.108361 1.30713e-05
0 0.0225425 0.420736 0.045085 0.140468 1.31049e-05
0 0.239468 0.524415 0.0406504 0.116388 1.31911e-05
0 0.342572 0.501003 0.0339985 0.120401 1.32177e-05
0 0.135994 0.529097 0.0406504 0.0989967 1.32932e-05
0 0.973947 0.261538 0.0351072 0.121739 1.33082e-05
0 0.587029 0.303679 0.0424982 0.0963211 1.33756e-05
0 0.531412 0.0625418 0.0362158 0.125084 1.3406e-05
0 0.286216 0.304013 0.0432373 0.0929766 1.34536e-05
0 0.841833 0.904013 0.0517369 0.18796 1.34771e-05
0 0.388766 0.719064 0.0362158 0.125753 1.35095e-05
0 0.383407 0.809365 0.0439763 0.112375 1.35141e-05
0 0.756652 0.0117057 0.0358463 0.0234114 1.354e-05
0 0.188101 0.123077 0.0391722 0.120401 1.35421e-05
0 0.185698 0.483947 0.0395418 0.0983278 1.35493e-05
0 0.380081 0.312709 0.0506282 0.174582 1.35578e-05
0 0.617517 0.726756 0.0428677 0.127759 1.35993e-05
0 0.0607908 0.928428 0.0521064 0.143144 1.36057e-05
0 0.538248 0.0799331 0.0469327 0.147826 1.36681e-05
0 0.624908 0.319732 0.0517369 0.116388 1.3673e-05
0 0.783259 0.391304 0.0447154 0.124415 1.37107e-05
0 0.619364 0.7699 0.0886918 0.28495 1.37132e-05
0 0.435698 0.213712 0.0421286 0.115719 1.37563e-05
0 0.131375 0.0244147 0.0321508 0.0488294 1.37828e-05
0 0.68422 0.266221 0.0498891 0.119064 1.38295e-05
0 0.638027 0.25786 0.04102 0.103679 1.38331e-05
0 0.358647 0.150836 0.0535846 0.12107 1.4021e-05
0 0.865115 0.0541806 0.0502587 0.108361 1.40322e-05
0 0.483925 0.993311 0.0572801 0.0133779 1.40452e-05
0 0.562084 0.258194 0.0436068 0.0976589 1.40872e-05
0 0.654656 0.264548 0.0498891 0.118395 1.41074e-05
0 0.719327 0.0535117 0.063932 0.107023 1.41165e-05
0 0.839246 0.30602 0.0421286 0.117057 1.41951e-05
0 0.0618995 0.622408 0.0469327 0.115719 1.4204e-05
0 0.85643 0.0377926 0.0351072 0.0755853 1.42867e-05
0 0.0894309 0.0692308 0.0909091 0.138462 1.43311e-05
0 0.947339 0.0635452 0.0602365 0.12709 1.43503e-05
0 0.711013 0.354849 0.0465632 0.101003 1.43582e-05
0 0.863452 0.212709 0.0469327 0.120401 1.43828e-05
0 0.636548 0.349498 0.0417591 0.0996656 1.4388e-05
0 0.427568 0.262542 0.0628234 0.146488 1.44483e-05
0 0.837953 0.361873 0.0705839 0.1699 1.44547e-05
0 0.0857354 0.621405 0.0473023 0.109699 1.44777e-05
0 0.443829 0.370569 0.0413895 0.145819 1.45331e-05
0 0.861604 0.11806 0.0572801 0.13311 1.45377e-05
0 0.685514 0.845151 0.0436068 0.102341 1.45495e-05
0 0.61031 0.797993 0.0484109 0.109699 1.45874e-05
0 0.2415 0.851171 0.0764967 0.193311 1.4647e-05
0 0.0539542 0.668227 0.0739098 0.143144 1.46751e-05
0 0.466741 0.0759197 0.0620843 0.151839 1.4704e-05
0 0.0848115 0.755853 0.0506282 0.129766 1.47409e-05
0 0.602365 0.677592 0.0443459 0.164549 1.47423e-05
0 0.963415 0.706689 0.0517369 0.122408 1.48086e-05
0 0.110865 0.349498 0.045085 0.113043 1.48199e-05
0 0.501109 0.267893 0.0554324 0.141137 1.48254e-05
0 0.336105 0.213712 0.0402809 0.111706 1.48822e-05
0 0.0521064 0.464548 0.0842572 0.157191 1.48888e-05
0 0.7949 0.339799 0.0576497 0.179264 1.4915e-05
0 0.169254 0.0117057 0.0339985 0.0234114 1.49743e-05
0 0.298596 0.153177 0.0554324 0.116388 1.49803e-05
0 0.911123 0.301338 0.0550628 0.12107 1.49915e-05
0 0.257945 0.936455 0.030303 0.12709 1.49986e-05
0 0.762195 0.262542 0.0380636 0.106355 1.50249e-05
0 0.480968 0.382609 0.0395418 0.153846 1.50337e-05
0 0.484848 0.556522 0.0317812 0.0816054 1.50524e-05
0 0.0859202 0.665886 0.0484109 0.110368 1.50931e-05
0 0.944568 0.582274 0.0894309 0.155853 1.51146e-05
0 0.135255 0.438127 0.0399113 0.109699 1.51382e-05
0 0.947339 0.312709 0.0757576 0.149164 1.51736e-05
0 1 0.447492 0 0.197993 1.52504e-05
0 0.961567 0.349833 0.0428677 0.129766 1.52546e-05
0 0.811345 0.391973 0.0395418 0.109699 1.52746e-05
0 0.936622 0.530435 0.0417591 0.123077 1.52805e-05
0 0.756098 0.81204 0.0731707 0.195318 1.53396e-05
0 0.863267 0.543144 0.0554324 0.113712 1.53523e-05
0 0.805248 0.789967 0.0657797 0.207358 1.54212e-05
0 0.610126 0.919398 0.037694 0.09699 1.54245e-05
0 0.886179 0.890301 0.0421286 0.113712 1.54247e-05
0 0.0140429 0.241137 0.0280857 0.242809 1.54292e-05
0 0.0402809 0.481271 0.0509978 0.114381 1.54384e-05
0 0.979675 0.672241 0.0406504 0.164549 1.54896e-05
0 0.812269 0.347826 0.0413895 0.108361 1.55086e-05
0 0.135625 0.483278 0.0399113 0.102341 1.5522e-05
0 0.829638 0.935786 0.030303 0.128428 1.55703e-05
0 0.309128 0.270234 0.0816704 0.141806 1.55942e-05
0 0.190687 0.348829 0.0473023 0.102341 1.56115e-05
0 0.105322 0.927425 0.0428677 0.119732 1.56218e-05
0 0.990761 0.425418 0.0184775 0.215385 1.56349e-05
0 0.716556 0.196656 0.0702143 0.149833 1.56664e-05
0 0.883777 0.953512 0.018847 0.0929766 1.56755e-05
0 0.285107 0.355853 0.0535846 0.184615 1.56971e-05
0 0.838137 0.845151 0.0465632 0.113043 1.57252e-05
0 0.909091 0.0688963 0.0909091 0.137793 1.57728e-05
0 0.310976 0.355518 0.0668884 0.147826 1.58121e-05
0 0.566704 0.113712 0.0646711 0.21806 1.58175e-05
0 0.691426 0.88194 0.0569106 0.171906 1.58299e-05
0 0.805617 0.860201 0.0554324 0.167224 1.58627e-05
0 0.27051 0.0866221 0.067997 0.173244 1.58954e-05
0 0.062269 0.57291 0.0454545 0.111706 1.59265e-05
0 0.332964 0.959197 0.0643016 0.0816054 1.59287e-05
0 0.875647 0.609365 0.0661493 0.145819 1.59419e-05
0 0.0777901 0.97592 0.0136733 0.0481605 1.60279e-05
0 0.571693 0.894314 0.0724316 0.211371 1.61027e-05
0 0.146157 0.942475 0.0240207 0.11505 1.61119e-05
0 0.879157 0.978595 0.014782 0.0428094 1.61478e-05
0 0.109941 0.392977 0.0432373 0.114381 1.62119e-05
0 0.127494 0.209699 0.0716925 0.138462 1.62258e-05
0 0.637472 0.304348 0.0413895 0.0949833 1.62532e-05
0 0.910015 0.801003 0.0454545 0.117057 1.63483e-05
0 0.561345 0.802676 0.0399113 0.107023 1.64033e-05
0 0.328899 0.973579 0.0125647 0.0528428 1.64038e-05
0 1 0.709699 0 0.199331 1.64106e-05
0 0.00979305 0.31806 0.0195861 0.14515 1.64469e-05
0 0.0214339 0.701338 0.0384331 0.195987 1.64912e-05
0 0.363082 0.943144 0.0676275 0.113712 1.65113e-05
0 0.238174 0.201003 0.0535846 0.174582 1.65175e-05
0 0.575758 0.982609 0.0184775 0.0347826 1.65295e-05
0 0.412786 0.932441 0.0399113 0.104348 1.65596e-05
0 0.227827 0.935786 0.0314117 0.128428 1.65749e-05
0 0.90558 0.354849 0.0728012 0.181271 1.66409e-05
0 0.538987 0.685619 0.0247598 0.141806 1.6658e-05
0 1 0.965217 0 0.0695652 1.66652e-05
0 0.56578 0.964883 0.0569106 0.0702341 1.6696e-05
0 0.0182927 1 0.0365854 0 1.68242e-05
0 1 0.58194 0 0.202007 1.68295e-05
0 0.996489 0.810033 0.00702143 0.226087 1.68298e-05
0 0.907428 0.971906 0.0580192 0.0561873 1.69805e-05
0 0.0371397 0.390635 0.0506282 0.112375 1.70149e-05
0 0.666667 0.905686 0.0480414 0.159197 1.70218e-05
0 0.642461 0.929431 0.0343681 0.101003 1.70239e-05
0 0.848115 0.9699 0.0606061 0.0602007 1.70414e-05
0 0.112158 0.810033 0.0535846 0.133779 1.70624e-05
0 0.347931 0.749833 0.0750185 0.189967 1.70807e-05
0 0.665928 0.947492 0.0258684 0.105017 1.71066e-05
0 0.661678 0.304348 0.0417591 0.0936455 1.72412e-05
0 0.101626 0.0488294 0.0790835 0.0976589 1.72497e-05
0 0.584257 0.96087 0.0258684 0.0782609 1.72592e-05
0 0.459165 0.993311 0.056541 0.0133779 1.72938e-05
0 0.660754 0.693311 0.0399113 0.162542 1.72953e-05
0 0.46711 0.269231 0.0554324 0.143813 1.73246e-05
0 0.817073 0.935117 0.0221729 0.129766 1.73313e-05
0 0.652439 0.972241 0.0129342 0.0555184 1.73368e-05
0 0.0870288 0.936455 0.0720621 0.12709 1.73376e-05
0 0.280303 0.901672 0.0432373 0.135117 1.73562e-05
0 0.446415 0.907358 0.0591279 0.114381 1.74859e-05
0 0.196785 0.824415 0.0750185 0.213378 1.75015e-05
0 0.910754 0.213712 0.0469327 0.12107 1.75021e-05
0 0.739468 0.932776 0.0310421 0.134448 1.75022e-05
0 0.115669 0.0979933 0.0783444 0.13311 1.75798e-05
0 0.0397265 0.529766 0.0439763 0.125753 1.758e-05
0 0.185514 0.530769 0.0436068 0.0929766 1.7591e-05
0 0.480044 0.148495 0.045085 0.101672 1.76131e-05
0 0.612897 0.367224 0.0521064 0.141806 1.7625e-05
0 0.683666 0.588629 0.0576497 0.128428 1.76287e-05
0 0.600333 0.150836 0.0558019 0.10903 1.76577e-05
0 0.445307 0.96689 0.0546933 0.0662207 1.76761e-05
0 0.543792 0.501338 0.0358463 0.113043 1.77096e-05
0 0.202882 0.759532 0.0561715 0.111706 1.77137e-05
0 0.555248 0.88194 0.0587583 0.158528 1.77341e-05
0 0.715632 0.808696 0.056541 0.113712 1.78064e-05
0 0.286585 0.474916 0.0402809 0.140468 1.78287e-05
0 0.330562 0.312375 0.0543237 0.184615 1.78344e-05
0 0.00628234 0.847826 0.0125647 0.135786 1.78693e-05
0 0.606615 0.621405 0.0417591 0.151171 1.7898e-05
0 0.836474 0.439799 0.04102 0.103679 1.79206e-05
0 0.0386179 0.437458 0.0447154 0.116388 1.79263e-05
0 0.391722 0.268562 0.0591279 0.143813 1.79403e-05
0 0.568182 0.0501672 0.0484109 0.100334 1.79428e-05
0 0.617701 0.859866 0.0816704 0.165217 1.79636e-05
0 0.990207 0.09699 0.0195861 0.163211 1.79703e-05
0 0.0600517 0.779264 0.0705839 0.144482 1.80417e-05
0 0.0936807 0.0244147 0.0321508 0.0488294 1.80622e-05
0 0.485218 0.873244 0.0613452 0.149164 1.8141e-05
0 0.687916 0.351839 0.0469327 0.0949833 1.81499e-05
0 0.538433 0.149498 0.0509978 0.102341 1.81809e-05
0 0.242794 0.939465 0.022912 0.12107 1.81979e-05
0 0.886733 0.302007 0.0580192 0.119732 1.82165e-05
0 0.962676 0.66689 0.0428677 0.123077 1.83058e-05
0 0.838137 0.0762542 0.0554324 0.132441 1.83341e-05
0 0.421471 0.148161 0.0484109 0.105017 1.83678e-05
0 0.736696 0.851839 0.0609756 0.161204 1.83685e-05
0 0.285477 0.213712 0.0395418 0.113043 1.83694e-05
0 0.854767 0.976589 0.0133038 0.0468227 1.83904e-05
0 0.986142 0.0571906 0.0277162 0.114381 1.8391e-05
0 0.0173688 1 0.0347376 0 1.84212e-05
0 0.0857354 0.351171 0.045085 0.11505 1.84589e-05
0 0.107908 0.947157 0.0155211 0.105686 1.84992e-05
0 0.461197 0.30301 0.0391722 0.0976589 1.84994e-05
0 0.785477 0.302341 0.0380636 0.107023 1.85402e-05
0 0.19272 0.94214 0.0232816 0.115719 1.85475e-05
0 0.131929 0.955518 0.0672579 0.0889632 1.85774e-05
0 0.586659 0.932776 0.04102 0.09699 1.85786e-05
0 0.728751 0.976589 0.0118256 0.0468227 1.86429e-05
0 0.898744 0.253846 0.0539542 0.122408 1.86777e-05
0 0.682003 0.960535 0.0609756 0.0789298 1.86877e-05
0 0.10218 0.972241 0.0121951 0.0555184 1.8774e-05
0 0.685329 0.809365 0.0513673 0.116388 1.87779e-05
0 0.935883 0.752174 0.0469327 0.113043 1.8813e-05
0 0.960273 0.987625 0.0698448 0.0247492 1.90154e-05
0 0.660384 0.148829 0.052476 0.111706 1.90252e-05
0 0.109941 0.43913 0.0417591 0.111706 1.90348e-05
0 0.608463 0.95786 0.0232816 0.0842809 1.90848e-05
0 0.964708 0.982943 0.0232816 0.0341137 1.90937e-05
0 0.839616 0.391639 0.0428677 0.107692 1.91014e-05
0 0.962306 0.530435 0.0391722 0.121739 1.91186e-05
0 0.112528 0.648829 0.0558019 0.112375 1.9129e-05
0 0.868071 0.72107 0.0702143 0.203344 1.91466e-05
0 0.511086 0.970569 0.0532151 0.0588629 1.91522e-05
0 0.462676 0.849833 0.0354767 0.105017 1.92005e-05
0 0.78289 0.964883 0.0550628 0.0702341 1.92113e-05
0 0.127679 0.970903 0.011456 0.058194 1.92241e-05
0 0.63969 0.587625 0.0421286 0.130435 1.93237e-05
0 0.00739098 0.797993 0.014782 0.163211 1.9362e-05
0 0.326681 0.943478 0.0243902 0.113043 1.94506e-05
0 0.106061 0.0247492 0.0325203 0.0494983 1.9551e-05
0 0.888766 0.575251 0.0436068 0.105686 1.95663e-05
0 0.111789 0.703679 0.0550628 0.11505 1.95903e-05
0 0.728012 0.967224 0.0613452 0.0655518 1.96045e-05
0 0.067997 0.948829 0.0332594 0.0956522 1.96285e-05
0 0.0631929 0.395318 0.0443459 0.11505 1.96302e-05
0 0.606061 0.0511706 0.0465632 0.102341 1.96348e-05
0 0.476349 0.316054 0.0473023 0.117057 1.96528e-05
0 0.0158906 0.907358 0.0317812 0.185284 1.96537e-05
0 0.535846 0.969565 0.0532151 0.0608696 1.97232e-05
0 0.168145 0.943478 0.022912 0.113043 1.98721e-05
0 0.481338 0.0565217 0.0321508 0.113043 1.98775e-05
0 0.359017 0.614716 0.0439763 0.113712 1.9889e-05
0 0.754435 0.978261 0.0121951 0.0434783 1.99351e-05
0 0.217849 0.940134 0.0232816 0.119732 1.9957e-05
0 0.240761 0.149498 0.0543237 0.118395 1.99709e-05
0 0.762749 0.758528 0.0473023 0.111037 2.00047e-05
0 0.109756 0.529431 0.0421286 0.102341 2.00286e-05
0 0.0613452 0.250502 0.0613452 0.105017 2.00318e-05
0 0.141168 0.981271 0.059867 0.0374582 2.00335e-05
0 0.587029 0.96689 0.056541 0.0662207 2.01062e-05
0 0.867886 0.0237458 0.0424982 0.0474916 2.03439e-05
0 0.182188 0.955184 0.0657797 0.0896321 2.04508e-05
0 0.732077 0.210368 0.0354767 0.117057 2.04555e-05
0 0.678307 0.973913 0.0121951 0.0521739 2.05464e-05
0 0.145048 0.0505017 0.04915 0.101003 2.05874e-05
0 0.873245 0.0702341 0.0909091 0.140468 2.07196e-05
0 0.881559 0.0347826 0.0343681 0.0695652 2.08507e-05
0 0.84017 0.347826 0.0439763 0.112375 2.0893e-05
0 0.0190318 0.967893 0.0314117 0.064214 2.09082e-05
0 0.356061 0.859866 0.0506282 0.118395 2.09125e-05
0 0.858832 0.951171 0.0169993 0.0976589 2.09555e-05
0 0.482631 0.509699 0.0362158 0.176589 2.09954e-05
0 0.807834 0.962542 0.0583888 0.0749164 2.10491e-05
0 0.779379 0.978595 0.0125647 0.0428094 2.10549e-05
0 0.97561 0.161538 0.0339985 0.0996656 2.11397e-05
0 0.717664 0.282943 0.0517369 0.156522 2.1158e-05
0 0.30765 0.947492 0.0158906 0.105017 2.11607e-05
0 0.905765 0.697993 0.0643016 0.197324 2.11641e-05
0 0.0295639 0.320067 0.0428677 0.14515 2.12368e-05
0 0.854028 0.0411371 0.09017 0.0822743 2.13284e-05
0 0.0859202 0.573244 0.0439763 0.107023 2.13768e-05
0 0.0284553 0.2 0.0384331 0.125753 2.13991e-05
0 0.841094 0.251505 0.0613452 0.129766 2.15137e-05
0 0.512195 0.301338 0.0391722 0.0943144 2.15671e-05
0 0.887657 0.214047 0.0480414 0.121739 2.16427e-05
0 0.860495 0.310033 0.0801922 0.155853 2.17011e-05
0 0.174612 0.759532 0.0587583 0.10903 2.1722e-05
0 0.152993 0.971572 0.0110865 0.0568562 2.1749e-05
0 0.337768 0.257525 0.0413895 0.10301 2.18074e-05
0 0.111604 0.575585 0.0436068 0.0996656 2.18502e-05
0 0.481892 0.620736 0.0317812 0.105686 2.19306e-05
0 0.177938 0.971572 0.011456 0.0568562 2.19368e-05
0 0.88507 0.845485 0.0443459 0.113712 2.20098e-05
0 0.703806 0.976254 0.0121951 0.0474916 2.20599e-05
0 0.889135 0.623077 0.0443459 0.103679 2.2092e-05
0 0.00424982 0.149498 0.00849963 0.122408 2.20958e-05
0 0.535107 0.810033 0.0436068 0.11505 2.21609e-05
0 0.297302 0.941472 0.0232816 0.117057 2.21649e-05
0 0.714708 0.213712 0.0369549 0.10903 2.2205e-05
0 0.0173688 0.934448 0.0347376 0.131104 2.22079e-05
0 0.109571 0.482609 0.0417591 0.105017 2.22947e-05
0 0.207502 0.13311 0.0439763 0.192642 2.23832e-05
0 0.564302 0.319064 0.0480414 0.112375 2.23846e-05
0 0.364375 0.214381 0.0413895 0.110368 2.24389e-05
0 0.486696 0.802007 0.037694 0.101672 2.24783e-05
0 0.00572801 0.353512 0.011456 0.131773 2.2511e-05
0 0.141353 0.808696 0.0550628 0.124415 2.25624e-05
0 0.00461936 0.251839 0.00923873 0.12107 2.26529e-05
0 0.804324 0.976923 0.0121951 0.0461538 2.26652e-05
0 0.984664 0.120067 0.0306726 0.115719 2.27988e-05
0 0.310976 0.256187 0.0402809 0.107023 2.29667e-05
0 0.572616 0.677926 0.0417591 0.153177 2.29885e-05
0 0.465632 0.343144 0.0517369 0.13913 2.30166e-05
0 0.0127494 0.811371 0.0254989 0.188629 2.30427e-05
0 0.633962 0.954849 0.0203252 0.090301 2.30901e-05
0 0.630636 0.0518395 0.0461936 0.103679 2.30992e-05
0 0.961382 0.615385 0.0513673 0.117726 2.31037e-05
0 0.360126 0.347492 0.0476718 0.09699 2.31271e-05
0 0.32779 0.721739 0.0458241 0.145819 2.31414e-05
0 0.341463 0.192642 0.0709534 0.129766 2.32034e-05
0 0.907982 0.0264214 0.0428677 0.0528428 2.32502e-05
0 0.899667 0.159532 0.0543237 0.106355 2.32543e-05
0 0.833518 0.482274 0.0424982 0.0976589 2.3265e-05
0 0.957132 0.39398 0.0436068 0.117726 2.32931e-05
0 0.436622 0.932776 0.0373245 0.09699 2.32956e-05
0 0.36456 0.89097 0.0424982 0.108361 2.33363e-05
0 0.494087 0.0451505 0.0539542 0.090301 2.33715e-05
0 0.916112 0.0451505 0.0613452 0.090301 2.34062e-05
0 0.355137 0.0541806 0.0480414 0.108361 2.34897e-05
0 0.0474871 0.352508 0.063932 0.112375 2.34974e-05
0 0.686992 0.304013 0.0473023 0.0876254 2.35192e-05
0 0.412417 0.845151 0.0487805 0.106355 2.35625e-05
0 0.652069 0.370234 0.0550628 0.134448 2.36918e-05
0 0.0181079 0.0120401 0.0339985 0.0240803 2.37147e-05
0 0.653917 0.810033 0.0484109 0.116388 2.37795e-05
0 0.919438 0.930435 0.116778 0.13913 2.38319e-05
0 0.154472 0.934783 0.0413895 0.130435 2.38509e-05
0 0.887472 0.941472 0.0691057 0.117057 2.38844e-05
0 0.286031 0.256522 0.0413895 0.103679 2.3893e-05
0 0.566519 0.202676 0.0672579 0.129766 2.40548e-05
0 0.588877 0.983278 0.018847 0.0334448 2.40856e-05
0 0.386364 0.851505 0.0388027 0.113712 2.4128e-05
0 0.708056 0.0264214 0.0583888 0.0528428 2.41574e-05
0 0.133777 0.029097 0.0657797 0.058194 2.42235e-05
0 0.0920177 0.949164 0.0317812 0.0976589 2.42358e-05
0 0.495011 0.209365 0.063932 0.125753 2.42532e-05
0 0.0142276 0.995318 0.0284553 0.00936455 2.42625e-05
0 0.935698 0.92408 0.0502587 0.151839 2.42881e-05
0 0.303954 0.974582 0.0121951 0.0508361 2.42914e-05
0 0.267554 0.359532 0.0487805 0.154515 2.43491e-05
0 0.421656 0.92408 0.0546933 0.151839 2.44659e-05
0 0.403917 0.0448161 0.0798226 0.0896321 2.45381e-05
0 0.232816 0.957191 0.0635625 0.0856187 2.45697e-05
0 0.289172 0.349833 0.0454545 0.0923077 2.45819e-05
0 0.870288 0.192642 0.0790835 0.143144 2.46204e-05
0 0.962491 0.577258 0.0402809 0.120401 2.46213e-05
0 0.136918 0.57893 0.0469327 0.0943144 2.46351e-05
0 0.485957 0.022408 0.0384331 0.0448161 2.46537e-05
0 0.493348 0.0448161 0.0384331 0.0896321 2.46916e-05
0 0.660569 0.846488 0.0439763 0.101003 2.47151e-05
0 0.443829 0.0481605 0.045085 0.0963211 2.4732e-05
0 0.830007 0.976923 0.0125647 0.0461538 2.47721e-05
0 0.957687 0.99097 0.0299335 0.0180602 2.49227e-05
0 0.691611 0.943478 0.0254989 0.113043 2.49837e-05
0 0.50037 0.344816 0.0554324 0.131773 2.50035e-05
0 0.173134 0.806689 0.0624538 0.11505 2.51333e-05
0 0.985033 0.0408027 0.0299335 0.0816054 2.51597e-05
0 0.889874 0.529097 0.0413895 0.105686 2.51634e-05
0 0.0851811 0.393645 0.0432373 0.115719 2.51787e-05
0 0.863267 0.643144 0.067997 0.115719 2.52469e-05
0 0.488359 0.978595 0.0247598 0.0428094 2.52663e-05
0 0.974316 0.467224 0.0439763 0.150502 2.53466e-05
0 0.734664 0.259197 0.0399113 0.0996656 2.53475e-05
0 0.435144 0.849833 0.0343681 0.110368 2.53493e-05
0 0.264597 0.254849 0.0362158 0.105686 2.53589e-05
0 0.906504 0.427759 0.0591279 0.216054 2.53596e-05
0 0.511086 0.686288 0.0317812 0.132441 2.53685e-05
0 0.61456 0.0367893 0.0613452 0.0735786 2.54291e-05
0 0.0221729 0.374916 0.0391722 0.150502 2.54542e-05
0 0.862897 0.846154 0.0443459 0.113712 2.55082e-05
0 0.931449 0.471906 0.0587583 0.220067 2.55099e-05
0 0.848485 0.019398 0.0480414 0.038796 2.55321e-05
0 0.545085 0.0207358 0.0413895 0.0414716 2.55453e-05
0 0.607354 0.0173913 0.0439763 0.0347826 2.55554e-05
0 0.936438 0.57592 0.0509978 0.112375 2.55636e-05
0 0.539172 0.273913 0.0561715 0.117057 2.55882e-05
0 0.553769 0.0414716 0.0587583 0.0829431 2.56724e-05
0 0.73762 0.300669 0.0436068 0.090301 2.58312e-05
0 0.203437 0.973244 0.011456 0.0535117 2.58552e-05
0 0.623614 0.976923 0.056541 0.0461538 2.58872e-05
0 0.503511 0.392642 0.0439763 0.136455 2.59577e-05
0 0.417406 0.201338 0.0698448 0.119064 2.59773e-05
0 0.143939 0.0147157 0.0358463 0.0294314 2.59818e-05
0 0.781596 0.0130435 0.0362158 0.026087 2.60716e-05
0 0.362528 0.304682 0.0421286 0.0929766 2.60821e-05
0 0.86456 0.483278 0.0417591 0.102341 2.61201e-05
0 0.986327 0.933445 0.0251293 0.126421 2.61212e-05
0 0.532705 0.972575 0.0254989 0.0548495 2.61667e-05
0 0.986142 0.0762542 0.0277162 0.109699 2.6201e-05
0 0.762565 0.302007 0.0395418 0.0996656 2.6226e-05
0 0.118441 0.0150502 0.0365854 0.0301003 2.65576e-05
0 0.960828 0.484615 0.0406504 0.12107 2.66577e-05
0 0.228936 0.974248 0.011456 0.051505 2.66973e-05
0 0.282705 0.947492 0.0162602 0.105017 2.67283e-05
0 0.282705 0.959197 0.0628234 0.0816054 2.69175e-05
0 0.78677 0.758194 0.0509978 0.110368 2.69754e-05
0 0.990761 0.988629 0.0184775 0.0227425 2.7e-05
0 0.262195 0.80903 0.0550628 0.115719 2.70397e-05
0 0.254065 0.974582 0.011456 0.0508361 2.71192e-05
0 0.0142276 0.377258 0.0284553 0.231438 2.71347e-05
0 0.856984 0.588629 0.0665189 0.104348 2.72571e-05
0 0.177753 0.151171 0.0554324 0.108361 2.7328e-05
0 0.829084 0.545819 0.0432373 0.11505 2.73519e-05
0 0.120473 0.936455 0.0421286 0.12709 2.73521e-05
0 0.193274 0.0438127 0.0421286 0.0876254 2.73985e-05
0 0.0208795 0.81806 0.0343681 0.167224 2.74691e-05
0 0.201959 0.984281 0.0594974 0.0314381 2.76026e-05
0 0.716925 0.939465 0.0243902 0.12107 2.76505e-05
0 0.86881 0.813712 0.0606061 0.216054 2.76558e-05
0 0.411863 0.889967 0.0373245 0.105017 2.7671e-05
0 0.935883 0.664883 0.0447154 0.113712 2.7679e-05
0 0.266815 0.941137 0.0236511 0.117726 2.7697e-05
0 0.351441 0.395652 0.0480414 0.135786 2.77327e-05
0 0.394679 0.501338 0.0369549 0.134448 2.7733e-05
0 0.780488 0.858194 0.0517369 0.15786 2.77611e-05
0 0.177753 0.0471572 0.0776053 0.0943144 2.77699e-05
0 0.294161 0.809365 0.0539542 0.11505 2.77786e-05
0 0.485772 0.971237 0.0498891 0.0575251 2.78119e-05
0 0.0807465 0.0147157 0.0358463 0.0294314 2.79633e-05
0 0.513489 0.97893 0.0225425 0.0421405 2.80242e-05
0 0.043422 0.0123746 0.0351072 0.0247492 2.80298e-05
0 0.312454 0.306689 0.04102 0.0943144 2.80619e-05
0 0.931264 0.0274247 0.0561715 0.0548495 2.81033e-05
0 0.739098 0.803344 0.0487805 0.101672 2.81483e-05
0 0.436253 0.258863 0.0402809 0.100334 2.81713e-05
0 0.727827 0.016388 0.0476718 0.0327759 2.81795e-05
0 0.365484 0.0150502 0.045085 0.0301003 2.8205e-05
0 0.560421 0.929097 0.0417591 0.0949833 2.82721e-05
0 0.182742 0.252508 0.0631929 0.123746 2.8287e-05
0 0.113082 0.755518 0.0561715 0.119732 2.83431e-05
0 0.390613 0.873579 0.0628234 0.133779 2.84556e-05
0 0.94272 0.200669 0.0716925 0.137793 2.85246e-05
0 0.814671 0.907692 0.0380636 0.140468 2.85922e-05
0 0.133038 0.945485 0.0155211 0.10903 2.86753e-05
0 0.466741 0.925084 0.0532151 0.149833 2.87516e-05
0 0.118441 0.153846 0.063932 0.104348 2.87814e-05
0 0.838507 0.93913 0.022912 0.121739 2.88416e-05
0 0.838507 0.662207 0.0702143 0.192642 2.88437e-05
0 0.279194 0.975251 0.0121951 0.0494983 2.90146e-05
0 0.0644863 0.009699 0.0476718 0.019398 2.90321e-05
0 0.863267 0.985619 0.0546933 0.0287625 2.90848e-05
0 0.257761 0.947157 0.0158906 0.105686 2.91594e-05
0 0.36456 0.25786 0.0380636 0.101003 2.9162e-05
0 0.355691 0.808361 0.0484109 0.115719 2.92102e-05
0 0.71286 0.301003 0.0428677 0.0842809 2.92832e-05
0 0.576681 0.813043 0.0558019 0.135786 2.92855e-05
0 0.830931 0.764548 0.0646711 0.19398 2.93032e-05
0 0.69235 0.904682 0.0343681 0.0996656 2.93685e-05
0 0.781966 0.0277592 0.0635625 0.0555184 2.94477e-05
0 0.776792 0.909699 0.0288248 0.113712 2.94784e-05
0 0.92221 0.983612 0.0521064 0.0327759 2.95137e-05
0 0.531227 0.621739 0.0321508 0.123746 2.97431e-05
0 0.788987 0.908361 0.0295639 0.117726 2.98243e-05
0 0.910939 0.350502 0.0473023 0.123077 2.99576e-05
0 0.935883 0.711037 0.0484109 0.109699 2.9967e-05
0 0.600517 0.27291 0.0606061 0.125753 3.00958e-05
0 1 0.032107 0 0.064214 3.01118e-05
0 0.720806 0.150167 0.0528455 0.10903 3.01755e-05
0 0.803585 0.986957 0.0580192 0.026087 3.0224e-05
0 0.692905 0.477926 0.0421286 0.125084 3.02767e-05
0 0.625462 0.811371 0.04915 0.120401 3.02949e-05
0 0.254065 0.0471572 0.0772358 0.0943144 3.03252e-05
0 0.510717 0.803344 0.0362158 0.101672 3.04879e-05
0 0.955654 0.0177258 0.0362158 0.0354515 3.05126e-05
0 0.0798226 0.948161 0.0325203 0.103679 3.05173e-05
0 0.18034 0.593311 0.0613452 0.135117 3.07638e-05
0 0.463599 0.891639 0.0351072 0.0989967 3.08744e-05
0 0.336844 0.0284281 0.0609756 0.0568562 3.10298e-05
0 0.476534 0.0946488 0.0609756 0.147826 3.10407e-05
0 0.300443 0.392642 0.0443459 0.147157 3.11216e-05
0 0.412971 0.258863 0.0417591 0.0989967 3.12085e-05
0 0.425166 0.0147157 0.0432373 0.0294314 3.1214e-05
0 0.336475 0.306689 0.04102 0.0929766 3.14041e-05
0 0.518477 0.0474916 0.0421286 0.0949833 3.14832e-05
0 0.0635625 0.528094 0.0421286 0.111706 3.15611e-05
0 0.830746 0.0197324 0.0406504 0.0394649 3.15685e-05
0 0.310976 0.686622 0.0521064 0.171906 3.16648e-05
0 0.32354 0.809365 0.0498891 0.113712 3.16692e-05
0 0.00203252 0.0280936 0.00406504 0.0561873 3.17372e-05
0 0.667221 0.0110368 0.0461936 0.0220736 3.17449e-05
0 0.291574 0.0494983 0.0465632 0.0989967 3.17451e-05
0 0.957132 0.439799 0.0436068 0.118395 3.18953e-05
0 0.936992 0.353512 0.0424982 0.126421 3.20969e-05
0 0.463415 0.934114 0.0362158 0.0916388 3.21529e-05
0 0.748891 0.939799 0.0232816 0.120401 3.21551e-05
0 0.417775 0.313378 0.04915 0.171906 3.22436e-05
0 0.488729 0.850502 0.0388027 0.102341 3.22622e-05
0 0.0103474 1 0.0206948 0 3.23234e-05
0 0.812823 0.755184 0.0521064 0.109699 3.23555e-05
0 0.658352 0.951839 0.018847 0.0963211 3.23594e-05
0 0.984479 0.210368 0.0310421 0.123746 3.24013e-05
0 0.111419 0.925753 0.0750185 0.148495 3.24301e-05
0 0.8034 0.425084 0.0487805 0.122408 3.24963e-05
0 0.188285 0.0120401 0.0461936 0.0240803 3.2517e-05
0 0.305063 0.0107023 0.0476718 0.0214047 3.2548e-05
0 0.913895 0.621405 0.0436068 0.109699 3.26069e-05
0 0.636733 0.848495 0.0421286 0.103679 3.27979e-05
0 0.68034 0.903344 0.0354767 0.115719 3.28388e-05
0 0.596452 0.812709 0.0465632 0.120401 3.28399e-05
0 0.918145 0.933445 0.0424982 0.13311 3.29191e-05
0 0.911678 0.528094 0.0406504 0.115719 3.2927e-05
0 0.683851 0.983612 0.0572801 0.0327759 3.29734e-05
0 0.904656 0.944147 0.0391722 0.111706 3.30032e-05
0 0.864006 0.440134 0.0406504 0.109699 3.30785e-05
0 0.428677 0.874247 0.0591279 0.132441 3.32365e-05
0 0.461382 0.971572 0.0476718 0.0568562 3.33093e-05
0 0.788064 0.194649 0.0698448 0.147157 3.34022e-05
0 0.232816 0.946823 0.0162602 0.106355 3.34336e-05
0 0.018847 0.607023 0.037694 0.256187 3.34536e-05
0 0.743718 0.986622 0.0580192 0.0267559 3.39908e-05
0 0.913526 0.579264 0.0413895 0.113712 3.39924e-05
0 0.26238 0.985284 0.0583888 0.0294314 3.41348e-05
0 0.694198 0.545485 0.0535846 0.18796 3.42346e-05
0 0.886918 0.349833 0.0487805 0.120401 3.42544e-05
0 0.843496 0.154515 0.0602365 0.107023 3.43882e-05
0 0.391722 0.35786 0.0532151 0.12709 3.45468e-05
0 0.143755 0.756856 0.0583888 0.110368 3.45903e-05
0 0.204545 0.807023 0.0624538 0.113043 3.46469e-05
0 0.562269 0.852508 0.0395418 0.105017 3.47188e-05
0 0.667591 0.473244 0.0277162 0.131773 3.48169e-05
0 0.382668 0.975251 0.056541 0.0494983 3.49318e-05
0 0.792313 0.934783 0.0236511 0.130435 3.50934e-05
0 0.182927 0.946154 0.0162602 0.107692 3.51729e-05
0 0.777716 0.246823 0.0535846 0.119064 3.53207e-05
0 0.536955 0.300669 0.0399113 0.090301 3.53339e-05
0 0.811345 0.799331 0.0528455 0.111037 3.53737e-05
0 0.552846 0.686288 0.0266075 0.149833 3.53785e-05
0 0.145972 0.676254 0.0502587 0.179264 3.54633e-05
0 0.0652254 0.442475 0.0432373 0.111706 3.55518e-05
0 0.9102 0.667893 0.0465632 0.107692 3.56621e-05
0 0.0814856 0.472575 0.056541 0.209365 3.56649e-05
0 0.23337 0.808696 0.0587583 0.113712 3.57797e-05
0 0.0624538 0.158194 0.0628234 0.103679 3.58805e-05
0 0.890244 0.44214 0.0421286 0.112375 3.59719e-05
0 0.986142 0.389967 0.026238 0.129766 3.62039e-05
0 0.31153 0.926087 0.075388 0.147826 3.63069e-05
0 0.22912 0.269565 0.0406504 0.104348 3.63337e-05
0 0.836659 0.920736 0.0739098 0.158528 3.64004e-05
0 0.0201404 0.051505 0.0402809 0.10301 3.65297e-05
0 0.476164 0.976589 0.0254989 0.0468227 3.65694e-05
0 0.601072 0.906354 0.056541 0.1699 3.66513e-05
0 0.813378 0.71505 0.0480414 0.104348 3.66679e-05
0 0.41371 0.975585 0.0284553 0.0488294 3.67594e-05
0 0.0849963 0.441137 0.0399113 0.114381 3.67756e-05
0 0.207871 0.946488 0.0158906 0.107023 3.68345e-05
0 0.637103 0.948495 0.0702143 0.10301 3.71141e-05
0 0.784738 0.800669 0.0543237 0.105686 3.72243e-05
0 0.98799 0.0675585 0.0240207 0.135117 3.74075e-05
0 0.158167 0.946488 0.0162602 0.107023 3.74235e-05
0 0.00295639 0.665217 0.00591279 0.185284 3.7487e-05
0 0.935698 0.619732 0.0413895 0.115719 3.77207e-05
0 0.767923 0.933779 0.0236511 0.132441 3.77441e-05
0 0.00517369 0.466221 0.0103474 0.160535 3.81431e-05
0 0.610865 0.849164 0.0406504 0.106355 3.83545e-05
0 0.804139 0.905686 0.0339985 0.105686 3.84165e-05
0 0.888211 0.670903 0.0454545 0.10301 3.84624e-05
0 0.322062 0.983278 0.0580192 0.0334448 3.85863e-05
0 0.808758 0.93913 0.0240207 0.121739 3.8634e-05
0 0.46286 0.873913 0.0594974 0.127759 3.86438e-05
0 0.863821 0.391973 0.0417591 0.11505 3.91359e-05
0 0.451219 0.975585 0.0288248 0.0488294 3.91569e-05
0 0.888766 0.393645 0.0458241 0.115719 3.92268e-05
0 0.982262 0.0434783 0.0354767 0.0869565 3.92521e-05
0 0.893016 0.0214047 0.0388027 0.0428094 3.92912e-05
0 0.533075 0.471572 0.0314117 0.159197 3.95804e-05
0 0.985772 0.166221 0.0277162 0.12107 3.96504e-05
0 0.504989 0.874916 0.0580192 0.128428 3.98832e-05
0 0.791944 0.544482 0.0539542 0.116388 3.99064e-05
0 0.884516 0.800669 0.0484109 0.11505 3.99865e-05
0 0.392461 0.920736 0.0561715 0.158528 4.03795e-05
0 0.986142 0.885284 0.0277162 0.130435 4.04772e-05
0 0.631929 0.764214 0.045085 0.155853 4.10683e-05
0 0.248707 0.0113712 0.0465632 0.0227425 4.11521e-05
0 0.986696 0.165552 0.0266075 0.250836 4.11767e-05
0 0.00314117 0.776589 0.00628234 0.172575 4.12523e-05
0 0.862897 0.348829 0.0443459 0.118395 4.12537e-05
0 0.861973 0.936789 0.0402809 0.126421 4.12628e-05
0 0.0460089 0.568562 0.0683666 0.141806 4.14339e-05
0 0.223208 0.384615 0.0465632 0.107023 4.15307e-05
0 0.245196 0.711037 0.0957132 0.165886 4.15455e-05
0 0.387472 0.30602 0.04102 0.0889632 4.18429e-05
0 0.985957 0.798662 0.0273466 0.144482 4.1995e-05
0 0.985957 0.437793 0.0280857 0.119732 4.21209e-05
0 0.805987 0.016388 0.037694 0.0327759 4.25729e-05
0 0.593311 0.865552 0.0513673 0.113712 4.28684e-05
0 0.76201 0.80301 0.052476 0.101003 4.3166e-05
0 0.505543 0.116388 0.0473023 0.222074 4.32376e-05
0 0.554878 0.409699 0.0365854 0.177258 4.35965e-05
0 0.00332594 0.573244 0.00665188 0.165886 4.37463e-05
0 0.566149 0.765886 0.0583888 0.180602 4.38485e-05
0 0.011456 0.311037 0.022912 0.211371 4.39431e-05
0 0.976349 0.956522 0.0384331 0.0869565 4.40602e-05
0 0.480414 0.68495 0.030303 0.133779 4.41061e-05
0 0.912602 0.395318 0.0454545 0.117726 4.41184e-05
0 0.0848115 0.527759 0.0395418 0.108361 4.41534e-05
0 0.891168 0.484615 0.0402809 0.106355 4.4632e-05
0 0.986142 0.671906 0.0277162 0.226756 4.4698e-05
0 0.755174 0.854181 0.0513673 0.133779 4.47998e-05
0 0.944013 0.404682 0.0624538 0.216722 4.48503e-05
0 0.491685 0.932107 0.0506282 0.135786 4.49077e-05
0 0.732631 0.951505 0.0173688 0.09699 4.49289e-05
0 0.683112 0.951839 0.0181079 0.0963211 4.50123e-05
0 0.988359 0.242809 0.0232816 0.202007 4.51842e-05
0 0.76626 0.634114 0.0498891 0.131104 4.51844e-05
0 0.984848 0.991973 0.030303 0.0160535 4.54184e-05
0 0.00849963 0.0725752 0.0169993 0.14515 4.55272e-05
0 0.525499 0.918729 0.0428677 0.162542 4.59766e-05
0 0.325388 0.392977 0.0528455 0.139799 4.62338e-05
0 0.0286401 0.0307692 0.0469327 0.0615385 4.65043e-05
0 0.779564 0.149833 0.0558019 0.104348 4.76911e-05
0 0.707687 0.951839 0.0177384 0.0963211 4.79701e-05
0 0.836844 0.475251 0.0809313 0.2 4.88294e-05
0 0.463969 0.97592 0.0269771 0.0481605 4.88916e-05
0 0.382483 0.222408 0.0480414 0.158528 4.92713e-05
0 0.864375 0.922742 0.082779 0.154515 4.94697e-05
0 0.890613 0.940468 0.0391722 0.119064 4.98262e-05
0 0.435329 0.30301 0.0384331 0.0923077 4.99532e-05
0 0.403732 0.391304 0.04102 0.15786 5.01783e-05
0 0.596268 0.467893 0.0306726 0.167893 5.04449e-05
0 0.0659645 0.486288 0.0395418 0.108361 5.06318e-05
0 0.354952 0.947157 0.0343681 0.105686 5.10071e-05
0 0.783814 0.654515 0.0583888 0.135786 5.11422e-05
0 0.952513 0.953177 0.0417591 0.0936455 5.14683e-05
0 0.261641 0.920401 0.0746489 0.159197 5.149e-05
0 0.230599 0.0431438 0.0406504 0.0862876 5.22196e-05
0 0.0905395 0.926756 0.0465632 0.146488 5.27384e-05
0 0.48762 0.931438 0.0388027 0.0876254 5.27721e-05
0 0.00923873 0.0173913 0.0184775 0.0347826 5.30725e-05
0 0.433481 0.348495 0.0413895 0.0976589 5.36205e-05
0 0.206208 0.574247 0.0746489 0.154515 5.39749e-05
0 0.409091 0.495987 0.0406504 0.21204 5.39963e-05
0 0.22136 0.243478 0.059867 0.197993 5.43475e-05
0 0.661308 0.935452 0.0728012 0.129097 5.49515e-05
0 0.829453 0.904348 0.0388027 0.131104 5.53428e-05
0 0.863452 0.8 0.04915 0.11505 5.54137e-05
0 0.334812 0.347492 0.0443459 0.0929766 5.57391e-05
0 0.783444 0.951171 0.0184775 0.0976589 5.58579e-05
0 0.43884 0.974916 0.0284553 0.0501672 5.70798e-05
0 0.726718 0.574582 0.0580192 0.203344 5.77479e-05
0 0.490577 0.891304 0.0402809 0.0929766 5.79524e-05
0 0.984664 0.708027 0.0232816 0.150502 5.82852e-05
0 0.00979305 0.009699 0.0195861 0.019398 5.85262e-05
0 0.910384 0.711706 0.0476718 0.107023 5.86776e-05
0 0.987066 0.964214 0.0258684 0.0715719 5.88953e-05
0 0.758315 0.952174 0.0184775 0.0956522 5.99683e-05
0 0.413156 0.305686 0.0384331 0.0896321 6.0003e-05
0 0.839246 0.710033 0.0613452 0.102341 6.01506e-05
0 0.879157 0.947157 0.0362158 0.105686 6.02297e-05
0 0.084442 0.483278 0.0380636 0.10903 6.02542e-05
0 0.535846 0.854515 0.0369549 0.105017 6.05127e-05
0 0.937916 0.434114 0.0473023 0.104348 6.08897e-05
0 0.448633 0.430769 0.0458241 0.168562 6.11452e-05
0 0.206024 0.198328 0.0654102 0.147826 6.14812e-05
0 0.312823 0.348829 0.0447154 0.090301 6.20972e-05
0 0.512934 0.853512 0.0339985 0.105686 6.23063e-05
0 0.805063 0.920736 0.0846268 0.158528 6.23479e-05
0 0.555987 0.92107 0.0484109 0.15786 6.3862e-05
0 0.211197 0.920067 0.0742794 0.159866 6.44636e-05
0 0.26626 0.210702 0.0624538 0.163211 6.54168e-05
0 0.988914 0.0204013 0.0221729 0.0408027 6.61267e-05
0 0.937546 0.482274 0.0421286 0.119064 6.62882e-05
0 0.161493 0.921739 0.0731707 0.156522 6.65847e-05
0 0.988174 0.741806 0.0236511 0.208696 6.67198e-05
0 0.885255 0.752508 0.0535846 0.112375 6.70531e-05
0 0.987066 0.49097 0.0258684 0.207358 6.73158e-05
0 0.911863 0.482609 0.04102 0.114381 6.75521e-05
0 0.560237 0.888963 0.0428677 0.0936455 6.85552e-05
0 0.985957 0.00869565 0.0280857 0.0173913 7.016e-05
0 0.851072 0.951171 0.0266075 0.0976589 7.20294e-05
0 0.913341 0.440803 0.0432373 0.116388 7.27974e-05
0 0.00979305 0.0464883 0.0195861 0.0929766 7.29742e-05
0 0.00979305 1 0.0195861 0 7.40673e-05
0 0.985957 0.844816 0.0214339 0.152508 7.41213e-05
0 0.467664 0.0428094 0.0358463 0.0856187 7.4485e-05
0 0.28714 0.614047 0.0569106 0.153846 7.55888e-05
0 0.513673 0.927759 0.0391722 0.0896321 7.71548e-05
0 0.988544 0.928763 0.022912 0.142475 7.73545e-05
0 0.886179 0.71204 0.052476 0.107692 7.75109e-05
0 0.545455 0.361204 0.0561715 0.12709 7.76255e-05
0 0.710273 0.926421 0.0731707 0.147157 7.79139e-05
0 0.860865 0.713712 0.0550628 0.107023 7.8928e-05
0 0.802291 0.501672 0.0657797 0.132441 7.90485e-05
0 0.376755 0.929766 0.0439763 0.140468 8.03734e-05
0 0.535846 0.925084 0.037694 0.0909699 8.1223e-05
0 0.728566 0.708027 0.0779749 0.230769 8.12924e-05
0 0.93884 0.398662 0.0395418 0.116388 8.1989e-05
0 0.412417 0.348161 0.0384331 0.0983278 8.21563e-05
0 0.26663 0.46689 0.0469327 0.131104 8.32142e-05
0 0.0105322 0.446154 0.0210643 0.191304 8.69201e-05
0 0.838507 0.753512 0.0539542 0.106355 8.79835e-05
0 0.531966 0.881271 0.0558019 0.174582 8.84545e-05
0 0.00757576 0.927425 0.0151515 0.14515 8.85154e-05
0 0.00923873 0.738796 0.0184775 0.225418 8.92644e-05
0 0.986696 0.483612 0.0236511 0.124415 9.01443e-05
0 0.986511 0.52709 0.026238 0.125753 9.0764e-05
0 0.760163 0.925418 0.0709534 0.149164 9.41837e-05
0 0.215817 0.341472 0.0465632 0.106355 9.51045e-05
0 0.988359 0.334114 0.0232816 0.204013 9.76172e-05
0 0.469512 0.776254 0.0528455 0.183946 0.000102651
0 0.762195 0.42709 0.0558019 0.177258 0.000105004
0 0.494087 0.439799 0.0354767 0.230769 0.000109517
0 0.861973 0.753846 0.0543237 0.109699 0.000113628
0 0.986696 0.582609 0.0266075 0.215385 0.000114138
0 0.0105322 0.152508 0.0210643 0.216722 0.000114489
0 0.00794531 0.962542 0.0158906 0.0749164 0.000117865
0 0.808943 0.46689 0.0413895 0.152508 0.000122897
0 0.00923873 0.6301 0.0184775 0.236789 0.000122996
0 0.661308 0.722742 0.0654102 0.213378 0.00012349
0 0.400961 0.976923 0.0266075 0.0461538 0.000124891
0 0.51663 0.890635 0.0362158 0.0929766 0.000128401
0 0.583703 0.37893 0.0476718 0.173244 0.000130956
0 0.604213 0.945485 0.0362158 0.10903 0.000133309
0 0.268293 0.0588629 0.0384331 0.117726 0.000138422
0 0.985772 0.574582 0.0232816 0.132441 0.000140759
0 0.328529 0.645485 0.0591279 0.187291 0.000141164
0 0.146896 0.619064 0.0654102 0.0943144 0.000142857
0 0.213969 0.27893 0.0391722 0.135117 0.000142932
0 0.617332 0.948829 0.0321508 0.102341 0.00014319
0 0.426829 0.973913 0.0288248 0.0521739 0.00014614
0 0.707132 0.677258 0.056541 0.154515 0.000155094
0 0.524575 0.431438 0.0424982 0.163211 0.00015723
0 0.536585 0.890635 0.0384331 0.0889632 0.000157433
0 0.631375 0.682609 0.0402809 0.190635 0.000159275
0 0.282705 0.426756 0.0509978 0.195318 0.000164623
0 0.417775 0.756522 0.0484109 0.183278 0.000187027
0 0.255543 0.0481605 0.0432373 0.0963211 0.000191187
0 0.251293 0.56087 0.0620843 0.181271 0.000206406
0 0.987251 0.849164 0.0254989 0.261538 0.000212594
0 0.250739 0.34214 0.0373245 0.127759 0.000215606
0 0.244457 0.67592 0.0528455 0.161204 0.000218099
0 0.240946 0.296321 0.0591279 0.124415 0.000224549
0 0.0105322 0.855518 0.0210643 0.220736 0.000237259
0 0.0644863 0.973244 0.0210643 0.0535117 0.000254579
0 0.572247 0.928094 0.0469327 0.143813 0.00026046
0 0.825388 0.617726 0.0683666 0.179933 0.000342658
0 0.011456 0.558863 0.022912 0.229431 0.000345821
0 0.752587 0.374247 0.0454545 0.174582 0.000363636
0 0.783075 0.577258 0.0813008 0.192642 0.000400701
0 0.223208 0.433445 0.0783444 0.203344 0.000403602
0 0.471914 0.634448 0.0421286 0.139799 0.000430544
0 0.679416 0.65786 0.0875831 0.205351 0.000462907
0 0.148189 0.650836 0.102735 0.111037 0.000479694
0 0.382853 0.488294 0.0465632 0.192642 0.000551924
0 0.667221 0.432776 0.0447154 0.184615 0.000566469
0 0.209534 0.650836 0.0709534 0.155184 0.000602902
0 0.952328 0.973579 0.0266075 0.0528428 0.000754846
0 0.420547 0.437458 0.0458241 0.224749 0.000769171
0 0.502217 0.634448 0.0443459 0.134448 0.000838205
0 0.494457 0.405351 0.0635625 0.224749 0.00165371
0 0.568551 0.415719 0.0328899 0.197324 0.00185604
0 0.320584 0.470234 0.0646711 0.143144 0.00275554
0 0.711936 0.420067 0.0506282 0.171237 0.00599063
0 0.445307 0.669231 0.0413895 0.153177 0.00650243
0 0.404472 0.668896 0.0461936 0.173913 0.00658967
0 0.537879 0.67592 0.0424982 0.185284 0.0094902
0 0.245196 0.389298 0.0550628 0.128428 0.0215823
0 0.491131 0.526756 0.0591279 0.375251 0.116076
0 0.563562 0.551171 0.0591279 0.408027 0.11732
0 0.406504 0.551839 0.0546933 0.433445 0.134873
0 0.635809 0.545151 0.0587583 0.397324 0.142322
0 0.334442 0.557191 0.0739098 0.406689 0.159155
0 0.478936 0.457191 0.0990392 0.191973 0.176341
0 0.3932 0.669565 0.115299 0.184615 0.187894
0 0.361973 0.548829 0.0469327 0.399331 0.202419
0 0.494826 0.653177 0.0938655 0.147826 0.213479
0 0.305617 0.445819 0.115299 0.174582 0.229047
0 0.434959 0.451839 0.107169 0.194649 0.242787
0 0.551183 0.650167 0.0986696 0.153846 0.247953
0 0.545639 0.451171 0.110495 0.189298 0.261903
0 0.618995 0.646488 0.102735 0.170569 0.268384
0 0.617517 0.435786 0.0968219 0.185284 0.269059
0 0.661678 0.433445 0.111234 0.183278 0.274778
0 0.337583 0.659866 0.135625 0.193311 0.317524
0 0.369734 0.455184 0.0912786 0.185284 0.335362
0 0.422579 0.673913 0.0439763 0.18796 0.826834
0 0.45898 0.657525 0.0332594 0.145819 0.831569
0 0.546194 0.446823 0.0339985 0.192642 0.833072
0 0.487805 0.652843 0.0317812 0.132441 0.835624
0 0.548781 0.648829 0.037694 0.152508 0.835663
0 0.396711 0.442475 0.0417591 0.222742 0.835758
0 0.518477 0.651839 0.0384331 0.150502 0.837689
0 0.235957 0.356187 0.0454545 0.122408 0.845149
0 0.470251 0.454181 0.0373245 0.214047 0.845188
0 0.366962 0.46087 0.037694 0.185953 0.852476
0 0.618625 0.447492 0.0406504 0.187291 0.85416
0 0.43459 0.453177 0.0354767 0.201338 0.855113
0 0.584072 0.435117 0.0358463 0.213378 0.857942
0 0.510717 0.460201 0.0391722 0.191304 0.858323
0 0.180525 0.624749 0.0957132 0.132441 0.859257
0 0.336475 0.452843 0.0365854 0.192642 0.860656
0 0.619364 0.644147 0.0391722 0.173913 0.862721
0 0.650961 0.440468 0.0402809 0.185284 0.866231
0 0.299889 0.446823 0.0513673 0.179264 0.867677
0 0.69272 0.430435 0.0558019 0.185284 0.870964
0 0.586659 0.659866 0.04915 0.183946 0.871497
0 0.742055 0.419064 0.0473023 0.181271 0.874184
0 0.654472 0.641472 0.0480414 0.179264 0.876565
0 0.385994 0.666555 0.0432373 0.174582 0.876721
0 0.255913 0.429431 0.0624538 0.175251 0.87697
0 0.250554 0.628094 0.0694752 0.183278 0.877299
0 0.350148 0.663545 0.0572801 0.192642 0.880211
0 0.707502 0.63612 0.0846268 0.195318 0.894051
0 0.81116 0.579264 0.0620843 0.13913 0.8946
0 0.759054 0.596321 0.0746489 0.171906 0.899537
0 0.297857 0.650836 0.0849963 0.197993 0.903565
