0 0.405751 0.92047 0.0634508 0.15906 9.96424e-06
0 0.31243 0.0724832 0.07718 0.144966 9.97051e-06
0 0.281447 0.0308725 0.0330241 0.061745 9.98833e-06
0 0.769017 0.812416 0.0538033 0.165772 1.0007e-05
0 0.0604824 0.258389 0.0445269 0.118121 1.00464e-05
0 0.300186 0.847987 0.0667903 0.177852 1.00621e-05
0 0.994063 0.874497 0.0118738 0.186577 1.00807e-05
0 0.713358 0.991611 0.019666 0.0167785 1.01357e-05
0 0.321892 0.99396 0.0174397 0.0120805 1.01373e-05
0 0.476067 0.312081 0.0474954 0.118121 1.01794e-05
0 0.63321 0.667114 0.0441558 0.142282 1.01889e-05
0 0.50872 0.212081 0.0348794 0.120805 1.01933e-05
0 0.234879 0.980873 0.0697588 0.038255 1.01958e-05
0 0.586642 0.779195 0.0356215 0.116779 1.02118e-05
0 0.0868275 0.125503 0.0408163 0.10604 1.02181e-05
0 0.569202 0.0104027 0.0363636 0.0208054 1.0225e-05
0 0.260668 0.759732 0.0426716 0.111409 1.02329e-05
0 0.179406 0.983221 0.0315399 0.033557 1.02346e-05
0 0.965677 0.993289 0.0345083 0.0134228 1.0289e-05
0 0.211317 0.307383 0.0367347 0.104698 1.02921e-05
0 0.461596 0.213423 0.03859 0.115436 1.03056e-05
0 0.236549 0.306711 0.0359926 0.104698 1.03272e-05
0 0.862338 0.971812 0.0697588 0.0563758 1.03443e-05
0 0.572727 0.877181 0.0567718 0.127517 1.03588e-05
0 0.882375 0.979866 0.0615955 0.0402685 1.04099e-05
0 0.911317 0.619463 0.0423006 0.120805 1.04278e-05
0 0.1 0.988926 0.115399 0.0221477 1.04295e-05
0 0.966234 0.751678 0.0526902 0.128859 1.04425e-05
0 0.258813 0.951678 0.0189239 0.0966443 1.04515e-05
0 0.486271 0.794295 0.044898 0.0973154 1.04543e-05
0 0.186085 0.714094 0.0404453 0.115436 1.04574e-05
0 0.765121 0.558054 0.0779221 0.180537 1.0474e-05
0 0.862523 0.703691 0.0530612 0.112081 1.04796e-05
0 0.71243 0.801007 0.0526902 0.114765 1.04911e-05
0 0.136364 0.25604 0.044898 0.110738 1.05053e-05
0 0.485714 0.928859 0.0504638 0.104698 1.05173e-05
0 0.631911 1 0.0526902 0 1.05463e-05
0 0.76141 0.618792 0.0415584 0.100671 1.05615e-05
0 0.999443 0.997651 0.00111317 0.00469799 1.05877e-05
0 0.990167 0.0989933 0.019666 0.172483 1.06189e-05
0 0.935807 0.526174 0.0504638 0.119463 1.06269e-05
0 0.779777 0.97953 0.113173 0.0409396 1.0655e-05
0 0.878108 0.980873 0.0166976 0.038255 1.06844e-05
0 0.351763 0.991946 0.0200371 0.0161074 1.06904e-05
0 0.905195 0.15906 0.0627087 0.127517 1.08034e-05
0 0.02282 0.911074 0.0456401 0.138926 1.08346e-05
0 0.261596 0.888926 0.0423006 0.104027 1.08435e-05
0 0.328015 0.974497 0.0133581 0.0510067 1.08678e-05
0 0.810019 0.214094 0.0430427 0.118121 1.08814e-05
0 0.385714 0.0728188 0.0768089 0.145638 1.09138e-05
0 0.235065 0.890604 0.0382189 0.103356 1.09342e-05
0 0.184972 0.528859 0.0374768 0.103356 1.09648e-05
0 0.610019 0.0704698 0.0794063 0.14094 1.09778e-05
0 0.678293 0.980873 0.0163265 0.038255 1.09965e-05
0 0.796475 0.0738255 0.0782931 0.147651 1.10084e-05
0 0.935807 0.797315 0.0534323 0.114094 1.1013e-05
0 0.555288 0.0604027 0.051577 0.120805 1.10318e-05
0 0.507978 0.304027 0.0341373 0.104698 1.10554e-05
0 0.888868 0.712752 0.0411874 0.119463 1.10588e-05
0 0.935436 0.620134 0.0393321 0.12349 1.10847e-05
0 0.775325 0.593289 0.0493506 0.116779 1.10867e-05
0 0.436178 0.30302 0.0411874 0.106711 1.10878e-05
0 0.264564 0.265436 0.0445269 0.136242 1.10882e-05
0 0.111503 0.125839 0.0411874 0.106711 1.10976e-05
0 0.8859 0.391275 0.0560297 0.126174 1.10986e-05
0 0.567904 0.647987 0.0330241 0.113423 1.11552e-05
0 0.111688 0.212752 0.0474954 0.107383 1.11621e-05
0 0.708163 1 0.0545455 0 1.11707e-05
0 0.781633 0.0479866 0.0486085 0.0959732 1.1174e-05
0 0.0410019 0.846309 0.0426716 0.128859 1.12899e-05
0 0.780519 0.765436 0.0560297 0.19396 1.1303e-05
0 0.159926 0.66745 0.0437848 0.114765 1.1351e-05
0 0.271058 0.439933 0.0612245 0.218121 1.13637e-05
0 0.0319109 0.0473154 0.0638219 0.0946309 1.1364e-05
0 0.49462 0.285906 0.0371058 0.165101 1.13746e-05
0 0.316327 0.271477 0.0604824 0.156376 1.14616e-05
0 0.787384 0.0765101 0.0430427 0.110067 1.14662e-05
0 0.268089 0.016443 0.0471243 0.0328859 1.14837e-05
0 0.162338 0.305369 0.0441558 0.107383 1.14953e-05
0 0.0673469 0.995302 0.0293135 0.00939597 1.1642e-05
0 0.012987 0.757047 0.025974 0.161074 1.16477e-05
0 0.735436 0.620134 0.0430427 0.095302 1.16483e-05
0 0.210575 0.664765 0.0404453 0.101342 1.17985e-05
0 0.186642 0.665436 0.0400742 0.106711 1.17998e-05
0 0.485714 0.253356 0.071243 0.145638 1.18074e-05
0 0.460668 0.928859 0.0508349 0.103356 1.18176e-05
0 0.451391 0.610067 0.0500928 0.132886 1.18226e-05
0 0.586271 0.839597 0.0504638 0.103356 1.18478e-05
0 0.627829 0.980873 0.110575 0.038255 1.19006e-05
0 0.0539889 0.987584 0.0656772 0.0248322 1.19012e-05
0 0.349536 0.0728188 0.0786642 0.145638 1.19064e-05
0 0.087384 0.169128 0.0441558 0.104698 1.19093e-05
0 0.235993 0.00805369 0.0356215 0.0161074 1.1915e-05
0 0.237662 0.211074 0.0352505 0.120134 1.19217e-05
0 0.360297 0.252349 0.0593692 0.112752 1.19504e-05
0 0.659184 0.215772 0.0426716 0.118792 1.19539e-05
0 0.494249 0.0751678 0.0408163 0.150336 1.19842e-05
0 0.61243 0.212416 0.0426716 0.118792 1.20077e-05
0 0.444527 0.908389 0.0586271 0.118792 1.20247e-05
0 0.210946 0.620805 0.0404453 0.0979866 1.20413e-05
0 0.313173 0.339262 0.0630798 0.14698 1.20875e-05
0 0.239703 0.978859 0.0289425 0.0422819 1.21013e-05
0 0.755102 0.899664 0.057885 0.200671 1.21425e-05
0 0.931911 0.330872 0.105009 0.183893 1.21627e-05
0 0.534879 0.559396 0.0367347 0.145638 1.21834e-05
0 0.863265 0.75302 0.0538033 0.108725 1.21857e-05
0 0.912245 0.663758 0.051577 0.115436 1.22005e-05
0 0.59462 0.430537 0.0382189 0.184564 1.22383e-05
0 0.264378 0.584899 0.0545455 0.125503 1.22485e-05
0 0.424861 0.250671 0.0734694 0.144295 1.22521e-05
0 0.237291 0.621141 0.0419295 0.0986577 1.22561e-05
0 0.236549 0.575503 0.0397032 0.102685 1.22698e-05
0 0.704824 0.879195 0.0597403 0.198658 1.23007e-05
0 0.678479 0.82349 0.0523191 0.166443 1.23048e-05
0 0.68757 0.627517 0.0497217 0.0912752 1.23154e-05
0 0.394249 0.011745 0.0367347 0.0234899 1.23249e-05
0 0.243228 0.339933 0.0575139 0.142953 1.24753e-05
0 0.692022 0.123826 0.0445269 0.132215 1.24954e-05
0 0.135993 0.530872 0.0397032 0.108725 1.2544e-05
0 0.802226 0.959732 0.0630798 0.0805369 1.25542e-05
0 0.711688 0.950671 0.0690167 0.0986577 1.25605e-05
0 0.285343 0.770805 0.0653061 0.219463 1.25691e-05
0 0.887199 0.668121 0.0423006 0.118792 1.25737e-05
0 0.411317 0.936242 0.0434137 0.10604 1.25823e-05
0 0.141187 0.804362 0.0567718 0.125503 1.26478e-05
0 0.143599 0.739933 0.0690167 0.210067 1.26871e-05
0 0.584787 0.928523 0.0526902 0.101342 1.26895e-05
0 0.630241 0.983893 0.038961 0.0322148 1.26955e-05
0 0.511874 0.92953 0.0500928 0.0993289 1.27116e-05
0 0.00890538 0.3 0.0178108 0.151678 1.27367e-05
0 0.265677 0.313087 0.0534323 0.122819 1.27557e-05
0 0.130241 0.837248 0.0608534 0.24094 1.27827e-05
0 0.387199 0.302349 0.0367347 0.109396 1.27842e-05
0 0.702968 0.978523 0.0152134 0.042953 1.28086e-05
0 0.833952 0.990268 0.058256 0.0194631 1.28331e-05
0 0.820037 0.918121 0.0445269 0.163758 1.28454e-05
0 0.51039 0.799664 0.0330241 0.0946309 1.28558e-05
0 0.73692 0.408725 0.0630798 0.225503 1.28738e-05
0 0.704267 0.978859 0.112801 0.0422819 1.28763e-05
0 0.331725 0.0261745 0.0326531 0.052349 1.28858e-05
0 0.22616 0.910738 0.0679035 0.178523 1.28978e-05
0 0.906122 0.744631 0.0564007 0.179195 1.29231e-05
0 0.861967 0.391275 0.0541744 0.118121 1.2932e-05
0 0.525974 0.356376 0.0493506 0.155705 1.29517e-05
0 0.336549 0.885906 0.0437848 0.100671 1.29555e-05
0 0.30538 0.905705 0.0519481 0.145638 1.29646e-05
0 0.410019 0.30302 0.0393321 0.108054 1.3001e-05
0 0.132468 0.95906 0.025974 0.0818792 1.31057e-05
0 1 0.937919 0 0.124161 1.31116e-05
0 0.212616 0.168792 0.0415584 0.106711 1.31352e-05
0 0.36679 0.967785 0.0315399 0.0644295 1.32072e-05
0 0.164935 0.905034 0.0627087 0.165772 1.32183e-05
0 0.138404 0.438926 0.0445269 0.118121 1.32976e-05
0 0.888497 0.758725 0.038961 0.114765 1.33676e-05
0 0.89462 0.812081 0.0623377 0.210738 1.33852e-05
0 0.525232 0.760067 0.0397032 0.15906 1.34512e-05
0 0.136178 0.483221 0.0423006 0.114094 1.34676e-05
0 0.476252 0.917114 0.0998145 0.165772 1.34835e-05
0 0.161781 0.530537 0.0371058 0.104027 1.3495e-05
0 0.212987 0.483221 0.03859 0.102013 1.35721e-05
0 0.602226 0.825839 0.0564007 0.171141 1.36014e-05
0 0.787199 0.934228 0.0463822 0.100671 1.3617e-05
0 0.161967 0.483221 0.0397032 0.107383 1.36211e-05
0 0.0855288 0.00671141 0.0352505 0.0134228 1.36327e-05
0 0.584045 0.0651007 0.0541744 0.130201 1.36511e-05
0 0.86141 0.303691 0.0441558 0.118792 1.36886e-05
0 0.333395 0.952013 0.0189239 0.0959732 1.37183e-05
0 0.204453 0.704362 0.0482375 0.122819 1.37362e-05
0 0.940074 0.336577 0.0664193 0.126846 1.37377e-05
0 0.996846 0.468456 0.00630798 0.166443 1.38328e-05
0 0.296846 0.517114 0.0363636 0.112081 1.38687e-05
0 0.303154 0.972483 0.012616 0.0550336 1.38781e-05
0 0.561781 0.838926 0.0467532 0.0979866 1.39119e-05
0 0.893692 0.535235 0.0627087 0.197987 1.39984e-05
0 0.404082 0.505369 0.0445269 0.107383 1.40005e-05
0 0.368646 0.630872 0.044898 0.115436 1.40415e-05
0 0.158256 0.712416 0.0493506 0.120134 1.40543e-05
0 0.83692 0.215772 0.0434137 0.114765 1.40739e-05
0 0.935436 0.573154 0.0415584 0.122148 1.41005e-05
0 0.23154 0.0348993 0.0341373 0.0697987 1.41218e-05
0 0.362338 0.303691 0.0404453 0.102685 1.41457e-05
0 0.730427 0.87953 0.0604824 0.197987 1.41665e-05
0 0.843414 0.158725 0.0660482 0.121477 1.41848e-05
0 0.862338 0.329866 0.0734694 0.125503 1.41874e-05
0 0.934694 0.889597 0.0423006 0.113423 1.41883e-05
0 0.236549 0.527852 0.0382189 0.104027 1.42175e-05
0 0.655102 0.57047 0.0538033 0.163758 1.42422e-05
0 0.935622 0.755369 0.0411874 0.120134 1.42445e-05
0 0.161967 0.257718 0.044898 0.10604 1.4273e-05
0 0.306308 0.0288591 0.0330241 0.0577181 1.4274e-05
0 0.643785 0.77349 0.03859 0.118792 1.42992e-05
0 0.212801 0.704362 0.100557 0.197987 1.43108e-05
0 0.140816 0.991946 0.0204082 0.0161074 1.43129e-05
0 0.100742 0.0624161 0.0760668 0.124832 1.43283e-05
0 0.787755 0.530537 0.0363636 0.102685 1.43421e-05
0 0.107236 0.211745 0.0987013 0.181879 1.43904e-05
0 0.299072 0.979866 0.0705009 0.0402685 1.43968e-05
0 0.762152 0.667785 0.0423006 0.102013 1.43979e-05
0 0.694805 0.061745 0.0382189 0.12349 1.44523e-05
0 0.109276 0.0392617 0.0538033 0.0785235 1.44971e-05
0 0.962152 0.0352349 0.0400742 0.0704698 1.45572e-05
0 0.997032 0.809396 0.00593692 0.220134 1.46029e-05
0 0.990538 0.0553691 0.0189239 0.110738 1.46225e-05
0 0.535807 0.92953 0.0489796 0.103356 1.46274e-05
0 0.116698 0.986577 0.0701299 0.0268456 1.46363e-05
0 0.211688 0.993289 0.0359926 0.0134228 1.46416e-05
0 0.946939 0.0345638 0.0400742 0.0691275 1.4642e-05
0 0.430612 0.811745 0.0426716 0.14698 1.46672e-05
0 0.0649351 0.62349 0.0474954 0.114094 1.47345e-05
0 0.162894 0.350671 0.0437848 0.110738 1.47861e-05
0 0.02282 0.825503 0.0456401 0.289933 1.47895e-05
0 0.981447 0.774832 0.0371058 0.140268 1.47896e-05
0 0.357514 0.988591 0.0679035 0.0228188 1.49367e-05
0 0.376809 0.864765 0.0768089 0.192617 1.49799e-05
0 0.830241 0.986913 0.0233766 0.0261745 1.49837e-05
0 0.979035 0.369463 0.0397032 0.144295 1.50481e-05
0 0.460853 0.839933 0.0489796 0.0986577 1.50804e-05
0 0.751763 0.985906 0.0363636 0.0281879 1.50894e-05
0 0.337291 0.39698 0.0445269 0.0946309 1.50935e-05
0 0.160668 0.168121 0.0437848 0.106711 1.5183e-05
0 0.477551 0.042953 0.057885 0.085906 1.51869e-05
0 0.187013 0.306376 0.0400742 0.106711 1.51905e-05
0 0.620965 0.542617 0.0300557 0.112081 1.52007e-05
0 0.212245 0.437248 0.0400742 0.102685 1.52625e-05
0 0.886456 0.620805 0.0430427 0.112752 1.53198e-05
0 0.561596 0.928859 0.0500928 0.0993289 1.53498e-05
0 0.445455 0.634564 0.0300557 0.104027 1.53565e-05
0 0.774583 0.64698 0.0523191 0.114094 1.53819e-05
0 0.0231911 0.217785 0.0463822 0.114765 1.53865e-05
0 0.885714 0.440268 0.0482375 0.134228 1.54076e-05
0 0.437662 0.989933 0.0382189 0.0201342 1.54092e-05
0 0.161596 0.619799 0.0411874 0.1 1.54105e-05
0 0.655473 0.80906 0.0434137 0.134899 1.54309e-05
0 0.446568 0.730873 0.0226345 0.17047 1.54911e-05
0 0.847124 0.0469799 0.0831169 0.0939597 1.55569e-05
0 0.1859 0.48255 0.0393321 0.104698 1.55875e-05
0 0.4141 0.956711 0.0445269 0.0865772 1.56641e-05
0 0.355102 0.943624 0.0415584 0.112752 1.57083e-05
0 0.279777 0.945973 0.0319109 0.108054 1.58174e-05
0 0.883488 0.957383 0.0222635 0.0852349 1.58437e-05
0 0.184045 0.831879 0.117996 0.168456 1.58504e-05
0 0.0842301 0.530537 0.0474954 0.114765 1.58513e-05
0 0.0692022 0.745302 0.0656772 0.238255 1.58523e-05
0 0.328386 0.984564 0.0697588 0.0308725 1.58677e-05
0 0.185343 0.576174 0.0374768 0.101342 1.59038e-05
0 0.612801 0.889597 0.0411874 0.104027 1.6031e-05
0 0.587384 0.259732 0.0371058 0.108725 1.60911e-05
0 0.302597 0.977181 0.0263451 0.0456376 1.61029e-05
0 0.434694 0.061745 0.0508349 0.12349 1.61061e-05
0 0.0833024 0.993624 0.0589981 0.0127517 1.61449e-05
0 0.844712 0.56443 0.0782931 0.151678 1.61729e-05
0 0.176438 0.0607383 0.0790353 0.121477 1.62528e-05
0 0.364193 0.156711 0.0560297 0.104027 1.62991e-05
0 0.506494 0.252349 0.0333952 0.118121 1.63434e-05
0 0.318738 0.016443 0.0393321 0.0328859 1.6419e-05
0 0.856215 0.0355705 0.0397032 0.0711409 1.64633e-05
0 0.189425 0.370134 0.0753247 0.179195 1.64807e-05
0 0.812059 0.532886 0.0359926 0.103356 1.65216e-05
0 0.411688 0.889933 0.0397032 0.10604 1.65667e-05
0 0.925417 0.0489933 0.083859 0.0979866 1.6605e-05
0 0.835807 0.751342 0.051577 0.102685 1.67066e-05
0 0.106122 0.652013 0.0541744 0.204698 1.67094e-05
0 0.436178 0.93557 0.0404453 0.103356 1.67152e-05
0 0.534508 0.0701342 0.077551 0.140268 1.67162e-05
0 0.837106 0.533221 0.0363636 0.105369 1.67419e-05
0 0.986456 0.0758389 0.0263451 0.111409 1.69259e-05
0 0.0879406 0.577181 0.0460111 0.108725 1.69477e-05
0 0.186271 0.619799 0.03859 0.1 1.69793e-05
0 0.487013 0.838926 0.0478664 0.0939597 1.69794e-05
0 0.660668 0.887248 0.0441558 0.103356 1.70549e-05
0 0.934694 0.844966 0.0430427 0.118121 1.70653e-05
0 0.558256 0.852685 0.0753247 0.184564 1.71446e-05
0 0.772913 0.0516779 0.07718 0.103356 1.71457e-05
0 0.0855288 0.486242 0.0441558 0.126846 1.7162e-05
0 0.0662338 0.661745 0.0575139 0.114094 1.71726e-05
0 0.78961 0.576846 0.0408163 0.0973154 1.72194e-05
0 0.0636364 0.931208 0.0493506 0.0973154 1.72392e-05
0 0.530983 0.0147651 0.0378479 0.0295302 1.72465e-05
0 0.30167 0.722148 0.0460111 0.163758 1.72598e-05
0 0.210946 0.84698 0.0426716 0.100671 1.72662e-05
0 0.805009 0.0234899 0.0419295 0.0469799 1.72807e-05
0 0.482375 0.15302 0.0534323 0.102013 1.73112e-05
0 0.235993 0.348322 0.0371058 0.0979866 1.73178e-05
0 0.0176252 0.259732 0.0352505 0.179866 1.73953e-05
0 0.456401 0.0124161 0.0356215 0.0248322 1.74004e-05
0 0.161224 0.57651 0.038961 0.100671 1.74088e-05
0 0.162152 0.437248 0.0437848 0.110738 1.74219e-05
0 0.864193 0.530872 0.0423006 0.111409 1.74349e-05
0 0.120779 0.981544 0.0293135 0.0369128 1.74693e-05
0 0.61744 0.978523 0.0348794 0.042953 1.74857e-05
0 0.632282 0.740268 0.0393321 0.18255 1.7536e-05
0 0.421521 0.151678 0.0541744 0.104698 1.75474e-05
0 0.481818 0.61745 0.025603 0.095302 1.75993e-05
0 0.335807 0.260067 0.03859 0.105369 1.7601e-05
0 0.686642 0.576174 0.0471243 0.15906 1.76016e-05
0 0.987755 0.266107 0.0244898 0.208725 1.76105e-05
0 0.435436 0.754698 0.0359926 0.202013 1.76192e-05
0 0.910946 0.52953 0.0482375 0.12349 1.76668e-05
0 0.978479 0.261074 0.0393321 0.14094 1.76778e-05
0 0.36308 0.888591 0.0426716 0.103356 1.77005e-05
0 0.146011 0.987919 0.0679035 0.0241611 1.77486e-05
0 0.862894 0.80302 0.0404453 0.105369 1.79247e-05
0 0.214657 0.461409 0.0827458 0.17651 1.79449e-05
0 0.80705 0.987584 0.0653061 0.0248322 1.80121e-05
0 0.737477 0.804698 0.0397032 0.103356 1.80265e-05
0 0.950649 1 0.0267161 0 1.80748e-05
0 0.360482 0.983221 0.0337662 0.033557 1.80798e-05
0 0.511688 0.839262 0.0467532 0.0919463 1.81202e-05
0 0.978293 0.468792 0.0411874 0.15906 1.81293e-05
0 0.25974 0.884899 0.090538 0.165772 1.82067e-05
0 0.19295 0.895973 0.0920223 0.136913 1.82107e-05
0 1 0.825503 0 0.171812 1.82945e-05
0 0.354545 0.959732 0.0671614 0.0805369 1.83171e-05
0 0.692393 0.330537 0.0630798 0.149664 1.83398e-05
0 0.161596 0.213423 0.0441558 0.10604 1.83467e-05
0 0.425788 0.87651 0.0589981 0.132886 1.83557e-05
0 0.811503 0.836913 0.0512059 0.0993289 1.8361e-05
0 0.735807 0.262081 0.0363636 0.110738 1.83677e-05
0 1 0.964765 0 0.0704698 1.83717e-05
0 0.761781 0.262752 0.0378479 0.11745 1.83866e-05
0 0.787941 0.39396 0.0404453 0.108725 1.83887e-05
0 0.250278 0.613758 0.0701299 0.141611 1.84127e-05
0 0.768646 0.0288591 0.0345083 0.0577181 1.84151e-05
0 0.834879 0.707383 0.03859 0.104698 1.84325e-05
0 0.064564 0.887248 0.0415584 0.116779 1.84773e-05
0 0.902783 0.369128 0.0608534 0.143624 1.84948e-05
0 0.33154 0.979866 0.0300557 0.0402685 1.85165e-05
0 0.22115 0.584899 0.0920223 0.224832 1.85776e-05
0 0.863636 0.959396 0.0285714 0.0812081 1.85977e-05
0 0.9859 0.974832 0.0282004 0.0503356 1.8632e-05
0 0.756215 0.0489933 0.0489796 0.0979866 1.86778e-05
0 0.305751 0.161074 0.0541744 0.102013 1.8724e-05
0 0.229314 0.979195 0.0304267 0.0416107 1.87275e-05
0 0.0137291 0.130537 0.0274583 0.23557 1.87723e-05
0 0.89295 0.0516779 0.0478664 0.103356 1.87985e-05
0 0.7859 0.843289 0.0408163 0.105369 1.88014e-05
0 0.23692 0.84396 0.0411874 0.1 1.88598e-05
0 0.865306 0.212752 0.0727273 0.120805 1.89342e-05
0 0.698887 0.0557047 0.0797774 0.111409 1.89404e-05
0 0.901484 0.265772 0.0619666 0.138255 1.89736e-05
0 0.292022 0.328859 0.0504638 0.173154 1.89911e-05
0 0.0141002 0.975503 0.0282004 0.0489933 1.90181e-05
0 0.911132 0.574497 0.0456401 0.116779 1.90773e-05
0 0.311688 0.837248 0.0586271 0.102685 1.91296e-05
0 0.712987 0.208725 0.0619666 0.118121 1.91374e-05
0 0.555288 0.638255 0.0300557 0.114094 1.9179e-05
0 0.761596 0.526846 0.0441558 0.110067 1.92664e-05
0 0.487755 0.254362 0.0307978 0.115436 1.92791e-05
0 0.837106 0.301678 0.0430427 0.11745 1.94299e-05
0 0.535807 0.87651 0.0564007 0.12349 1.94508e-05
0 0.392764 0.811745 0.0411874 0.124161 1.94574e-05
0 0.82616 0.0201342 0.0456401 0.0402685 1.95059e-05
0 0.881076 0.0147651 0.0352505 0.0295302 1.95371e-05
0 0.886642 0.962416 0.0597403 0.0751678 1.9543e-05
0 0.760853 0.341611 0.0552876 0.146309 1.95457e-05
0 0.34397 0.014094 0.0371058 0.0281879 1.96133e-05
0 0.111688 0.531208 0.03859 0.113423 1.96903e-05
0 0.686827 0.88557 0.0423006 0.104027 1.97792e-05
0 0.120594 0.372819 0.0608534 0.138926 1.98369e-05
0 0.0803339 0.988255 0.0270872 0.0234899 1.9857e-05
0 0.534694 0.839933 0.0460111 0.0986577 1.98756e-05
0 0.233581 0.702349 0.051577 0.116107 1.98888e-05
0 0.837106 0.802349 0.0393321 0.0986577 1.98949e-05
0 0.837106 0.933557 0.0423006 0.0966443 1.99095e-05
0 0.160482 0.933557 0.0441558 0.0926175 1.99588e-05
0 0.860668 0.575839 0.0419295 0.103356 2.00083e-05
0 0.114286 0.847987 0.106122 0.155034 2.00379e-05
0 0.284045 0.950336 0.0181818 0.0993289 2.00385e-05
0 0.000185529 0.970805 0.000371058 0.0583893 2.00403e-05
0 0.640074 0.206711 0.0615955 0.114094 2.0047e-05
0 0.458256 0.989597 0.0348794 0.0208054 2.00675e-05
0 0.301855 0.26443 0.0545455 0.104698 2.01531e-05
0 0.648052 0.637919 0.0597403 0.179195 2.01944e-05
0 0.841558 0.364765 0.0690167 0.133557 2.02945e-05
0 0.186271 0.436913 0.0415584 0.108725 2.03136e-05
0 0.435622 0.846644 0.0378479 0.0986577 2.03276e-05
0 0.735622 0.749664 0.0441558 0.134228 2.03673e-05
0 0.86141 0.440268 0.044898 0.127517 2.03973e-05
0 0.911874 0.711074 0.0367347 0.120134 2.04071e-05
0 0.510019 0.0630872 0.0523191 0.126174 2.04111e-05
0 0.920223 0.940268 0.0972171 0.119463 2.04529e-05
0 0.470315 0.612416 0.0278293 0.0959732 2.05491e-05
0 0.211132 0.892953 0.0408163 0.101342 2.06237e-05
0 0.186456 0.162752 0.058256 0.110738 2.06717e-05
0 0.411132 0.34094 0.0400742 0.0966443 2.07286e-05
0 0.790353 0.62047 0.0430427 0.0946309 2.07357e-05
0 0.635993 0.888591 0.0423006 0.102013 2.07375e-05
0 0.176067 0.987584 0.0686456 0.0248322 2.08046e-05
0 0.612801 0.847315 0.038961 0.104027 2.08323e-05
0 0.00983302 0.211074 0.019666 0.12953 2.08778e-05
0 0.542115 0.152685 0.0549165 0.105369 2.0886e-05
0 0.809833 0.260403 0.0456401 0.119463 2.09272e-05
0 0.135065 0.577181 0.0400742 0.100671 2.09311e-05
0 0.740816 0.587919 0.0552876 0.132886 2.09411e-05
0 0.711132 0.884228 0.0411874 0.104027 2.09857e-05
0 0.812059 0.891611 0.0419295 0.102685 2.10003e-05
0 0.210575 0.75906 0.0419295 0.104698 2.10269e-05
0 0.0562152 0.0251678 0.032282 0.0503356 2.11134e-05
0 0.617625 0.938926 0.0493506 0.122148 2.11253e-05
0 0.426531 0.016443 0.0434137 0.0328859 2.11789e-05
0 0.389239 0.983893 0.03859 0.0322148 2.12441e-05
0 0.0300557 0.971476 0.0423006 0.057047 2.12692e-05
0 0.861039 0.66443 0.0411874 0.107383 2.13574e-05
0 0.958256 0.827852 0.0834879 0.136242 2.1358e-05
0 0.887941 0.574497 0.0437848 0.111409 2.1391e-05
0 0.830612 0.604362 0.0597403 0.188591 2.1469e-05
0 0.262894 0.34698 0.038961 0.0926175 2.14811e-05
0 0.66846 0.545638 0.0367347 0.111409 2.1487e-05
0 0.99666 0.584899 0.00667904 0.188591 2.14951e-05
0 0.00612245 0.952685 0.0122449 0.0946309 2.15432e-05
0 0.136549 0.213758 0.045269 0.106711 2.15618e-05
0 0.237848 0.800336 0.0408163 0.104027 2.15725e-05
0 0.00519481 0.0171141 0.0103896 0.0342282 2.16286e-05
0 0.0450835 0.53255 0.0500928 0.126846 2.16618e-05
0 0.925789 0.972819 0.0630798 0.0543624 2.17187e-05
0 0.910019 0.798658 0.051577 0.112752 2.17321e-05
0 0.434694 0.0369128 0.0612245 0.0738255 2.17324e-05
0 0.0209647 0.95302 0.0419295 0.0939597 2.17555e-05
0 0.322263 0.810067 0.0530612 0.114094 2.17712e-05
0 0.237477 0.394631 0.0378479 0.0993289 2.17742e-05
0 0.837106 0.439597 0.0437848 0.115436 2.18018e-05
0 0.614657 0.777852 0.0382189 0.118121 2.19338e-05
0 0.786271 0.892953 0.0430427 0.104027 2.20058e-05
0 0.149351 0.982886 0.0337662 0.0342282 2.20301e-05
0 0.217996 0.0221477 0.0411874 0.0442953 2.20342e-05
0 0.737291 0.886913 0.0408163 0.106711 2.20751e-05
0 0.161596 0.75604 0.0500928 0.110738 2.21052e-05
0 0.160482 0.890604 0.0441558 0.103356 2.21838e-05
0 0.244156 0.16443 0.0526902 0.108725 2.22556e-05
0 0.793878 0.292282 0.0634508 0.210067 2.22665e-05
0 0.660668 0.158054 0.0552876 0.105369 2.228e-05
0 0.811132 0.757383 0.0371058 0.102685 2.22913e-05
0 0.92987 0.0496644 0.0460111 0.0993289 2.23106e-05
0 0.557885 0.989597 0.0345083 0.0208054 2.23108e-05
0 0.842115 0.263758 0.0656772 0.124832 2.23187e-05
0 0.717254 0.721141 0.0482375 0.133557 2.23454e-05
0 0.180334 0.0204698 0.0400742 0.0409396 2.23578e-05
0 0.837848 0.481879 0.0408163 0.112752 2.24934e-05
0 0.81243 0.395638 0.0404453 0.112081 2.25015e-05
0 0.21039 0.392282 0.0400742 0.101342 2.25034e-05
0 0.211874 0.797651 0.0423006 0.0973154 2.25331e-05
0 0.344527 0.20906 0.0612245 0.113423 2.25835e-05
0 0.535436 0.730201 0.0415584 0.159732 2.26854e-05
0 0.0235622 0.358054 0.0471243 0.118792 2.26959e-05
0 0.330427 0.940604 0.0345083 0.118792 2.27321e-05
0 0.0168831 0.998993 0.0337662 0.00201342 2.27435e-05
0 0.0172542 1 0.0345083 0 2.27548e-05
0 0.368089 0.0154362 0.0437848 0.0308725 2.27799e-05
0 0.742486 0.933893 0.0437848 0.132215 2.2786e-05
0 0.437662 0.348993 0.0382189 0.0966443 2.28014e-05
0 0.705566 0.0456376 0.0404453 0.0912752 2.2821e-05
0 0.761967 0.887584 0.0530612 0.102685 2.28297e-05
0 0.811688 0.801007 0.0397032 0.1 2.28415e-05
0 0.986271 0.932886 0.0244898 0.12349 2.29252e-05
0 0.181076 0.786242 0.0615955 0.184564 2.29398e-05
0 0.985714 0.887248 0.0285714 0.127517 2.29672e-05
0 0.862894 0.446644 0.0857143 0.163087 2.29884e-05
0 0.491095 0.211409 0.0597403 0.107383 2.30149e-05
0 0.986085 0.694295 0.0278293 0.228859 2.30173e-05
0 0.293507 0.0177852 0.03859 0.0355705 2.31525e-05
0 0.168831 0.0322148 0.0333952 0.0644295 2.3174e-05
0 0.125046 0.161074 0.0608534 0.120805 2.31783e-05
0 0.986271 0.617785 0.0274583 0.12953 2.32177e-05
0 0.442486 0.957718 0.0953618 0.0845638 2.33779e-05
0 0.985714 0.0446309 0.0285714 0.0892617 2.34223e-05
0 0.161781 0.846309 0.0460111 0.107383 2.34505e-05
0 0.985343 0.0392617 0.0293135 0.0785235 2.34854e-05
0 0.543043 0.971476 0.064193 0.057047 2.35087e-05
0 0.186456 0.351342 0.0419295 0.105369 2.35471e-05
0 0.604082 0.154027 0.0586271 0.106711 2.35974e-05
0 0.309091 0.951678 0.019295 0.0966443 2.36024e-05
0 0.607607 0.0177852 0.0471243 0.0355705 2.36101e-05
0 0.633024 0.0348993 0.0519481 0.0697987 2.36336e-05
0 0.930241 0.699664 0.0474954 0.179195 2.36909e-05
0 0.210575 0.348993 0.0374768 0.0993289 2.37451e-05
0 0.986456 0.123154 0.025603 0.114765 2.37455e-05
0 0.0025974 0.0305369 0.00519481 0.0610738 2.37487e-05
0 0.953061 0.464094 0.0656772 0.160403 2.37505e-05
0 0.375325 0.0369128 0.0619666 0.0738255 2.37677e-05
0 0.984787 0.164765 0.0304267 0.11745 2.37871e-05
0 0.931725 0.93255 0.0408163 0.134899 2.38408e-05
0 0.195918 0.0392617 0.0608534 0.0785235 2.38913e-05
0 0.00946197 0.115772 0.0189239 0.130872 2.39265e-05
0 0.566048 0.207383 0.0612245 0.111409 2.3943e-05
0 0.838219 0.89094 0.0400742 0.102685 2.40057e-05
0 0.512245 0.743289 0.038961 0.121477 2.40706e-05
0 0.74564 0.971812 0.0627087 0.0563758 2.41297e-05
0 0.746753 0.528188 0.0701299 0.155705 2.41314e-05
0 0.417996 0.985235 0.0426716 0.0295302 2.41417e-05
0 0.00871985 0.16443 0.0174397 0.130201 2.41644e-05
0 0.706493 0.113087 0.0623377 0.215436 2.4173e-05
0 0.893506 0.0130872 0.0333952 0.0261745 2.41789e-05
0 0.12616 0.279195 0.07718 0.166443 2.42033e-05
0 0.614657 0.0372483 0.064193 0.0744966 2.42224e-05
0 0.493692 0.0338926 0.0612245 0.0677852 2.42512e-05
0 0.288312 0.495638 0.0282004 0.17651 2.4253e-05
0 0.988126 0.86745 0.0237477 0.265101 2.43228e-05
0 0.760111 0.842282 0.0411874 0.10604 2.44583e-05
0 0.901113 0.464094 0.0612245 0.157718 2.44587e-05
0 0.29295 0.947315 0.0374768 0.105369 2.45431e-05
0 0.183859 0.268121 0.0567718 0.11745 2.45767e-05
0 0.23859 0.481879 0.0363636 0.100671 2.45791e-05
0 0.909648 0.0244966 0.0500928 0.0489933 2.45801e-05
0 0.789425 0.205034 0.0649351 0.11745 2.45913e-05
0 0.162523 0.39396 0.045269 0.108725 2.46954e-05
0 0.91039 0.755369 0.0374768 0.118792 2.47131e-05
0 0.33525 0.844966 0.0486085 0.104698 2.47377e-05
0 0.812245 0.482215 0.0363636 0.108054 2.47929e-05
0 0.940074 0.217785 0.0686456 0.12953 2.4825e-05
0 0.187013 0.757718 0.0430427 0.107383 2.48403e-05
0 0.856215 0.858054 0.0567718 0.199329 2.4865e-05
0 0.818924 0.674497 0.0541744 0.155705 2.48693e-05
0 0.318738 0.877517 0.0526902 0.142953 2.4885e-05
0 0.693321 0.938926 0.0352505 0.122148 2.49523e-05
0 0.357885 0.339933 0.0567718 0.145638 2.49667e-05
0 0.327829 0.061745 0.0797774 0.12349 2.49718e-05
0 0.401855 0.0600671 0.0786642 0.120134 2.49815e-05
0 0.383859 0.861745 0.0500928 0.118121 2.50313e-05
0 0.82987 0.980201 0.032282 0.0395973 2.50719e-05
0 0.185714 0.847315 0.044898 0.104027 2.50724e-05
0 0.187199 0.89094 0.044898 0.102685 2.51259e-05
0 0.809833 0.346309 0.0419295 0.114094 2.51494e-05
0 0.13525 0.0375839 0.0634508 0.0751678 2.52164e-05
0 0.863636 0.484228 0.0434137 0.121477 2.52183e-05
0 0.83859 0.845973 0.0400742 0.0986577 2.52713e-05
0 0.232282 0.755705 0.0534323 0.114094 2.52956e-05
0 0.0250464 0.470134 0.0500928 0.149664 2.53574e-05
0 0.33525 0.302013 0.0404453 0.103356 2.53974e-05
0 0.287755 0.394966 0.0411874 0.0919463 2.55628e-05
0 0.494805 0.977852 0.0441558 0.0442953 2.55725e-05
0 0.0163265 0.58557 0.0326531 0.227517 2.56006e-05
0 0.0580705 0.478859 0.0560297 0.152349 2.5614e-05
0 0.545826 0.0137584 0.0445269 0.0275168 2.58507e-05
0 0.887755 0.530872 0.0441558 0.119463 2.58862e-05
0 0.596104 0.988255 0.0664193 0.0234899 2.59074e-05
0 0.779592 0.158725 0.0593692 0.110738 2.59191e-05
0 0.597403 0.545973 0.0371058 0.118792 2.59426e-05
0 0.553618 0.0338926 0.0608534 0.0677852 2.59958e-05
0 0.985529 0.211409 0.025974 0.134228 2.60252e-05
0 0.361781 0.846644 0.0430427 0.105369 2.60286e-05
0 0.0168831 1 0.0337662 0 2.60376e-05
0 0.261224 0.393289 0.0408163 0.095302 2.60973e-05
0 0.815584 0.955369 0.0534323 0.0892617 2.6219e-05
0 0.064193 0.16443 0.0601113 0.122148 2.62229e-05
0 0.983859 0.6 0.032282 0.297987 2.62549e-05
0 0.835807 0.578524 0.0367347 0.0979866 2.6255e-05
0 0.674768 0.0389262 0.0619666 0.0778523 2.6281e-05
0 0.200371 0.921476 0.0541744 0.104698 2.63132e-05
0 0.642115 0.940604 0.0434137 0.118792 2.63263e-05
0 0.336549 0.345973 0.0408163 0.0959732 2.63387e-05
0 0.679035 0.934899 0.0942486 0.130201 2.63767e-05
0 0.318553 0.701678 0.0486085 0.163087 2.63778e-05
0 0.105937 0.980873 0.0374768 0.038255 2.6408e-05
0 0.417811 0.211409 0.0615955 0.108725 2.64581e-05
0 0.411317 0.038255 0.0500928 0.0765101 2.64877e-05
0 0.247681 0.265436 0.051577 0.112081 2.65039e-05
0 0.135065 0.619799 0.0415584 0.104027 2.65269e-05
0 0.162523 0.8 0.0497217 0.103356 2.65355e-05
0 0.506308 0.418456 0.0367347 0.12953 2.65699e-05
0 0.506865 0.618456 0.0230056 0.0879195 2.65974e-05
0 0.94898 0.993289 0.0315399 0.0134228 2.66541e-05
0 0.672542 0.301678 0.0649351 0.219463 2.67152e-05
0 0.0883117 0.0244966 0.0482375 0.0489933 2.67707e-05
0 0.976067 0.980873 0.0441558 0.038255 2.68182e-05
0 0.0812616 0.918121 0.0504638 0.115436 2.69389e-05
0 0.265121 0.646309 0.0575139 0.126174 2.69788e-05
0 0.338033 0.0399329 0.0541744 0.0798658 2.70111e-05
0 0.118553 0.714765 0.0946197 0.175839 2.7102e-05
0 0.341558 0.734228 0.0404453 0.15302 2.72749e-05
0 0.997032 0.0244966 0.00593692 0.0489933 2.73093e-05
0 0.86141 0.622148 0.0404453 0.104698 2.73365e-05
0 0.681633 0.970805 0.0623377 0.0583893 2.73661e-05
0 0.0096475 0.266443 0.019295 0.131544 2.73663e-05
0 0.910204 0.889262 0.0430427 0.111409 2.73738e-05
0 0.467718 0.344631 0.0478664 0.136242 2.75093e-05
0 0.855288 0.927517 0.0519481 0.144966 2.76212e-05
0 0.787384 0.75604 0.03859 0.0986577 2.76459e-05
0 0.510946 0.412081 0.0541744 0.198658 2.76813e-05
0 0.909648 0.844295 0.0434137 0.115436 2.77471e-05
0 0.842672 0.0231544 0.0400742 0.0463087 2.77683e-05
0 0.254545 0.207718 0.0816327 0.163087 2.77829e-05
0 0.286642 0.841946 0.0486085 0.102685 2.78102e-05
0 0.544341 0.268121 0.0541744 0.102685 2.80483e-05
0 0.999072 0.711745 0.00185529 0.187248 2.80806e-05
0 0.118738 0.0285235 0.0326531 0.057047 2.81128e-05
0 0.256215 0.0348993 0.058256 0.0697987 2.81133e-05
0 0.813173 0.57953 0.0397032 0.0946309 2.81144e-05
0 0.485158 0.744966 0.0404453 0.12349 2.81235e-05
0 0.249351 0.0134228 0.0445269 0.0268456 2.8124e-05
0 0.719481 0.445638 0.0497217 0.157047 2.81503e-05
0 0.287199 0.306711 0.0348794 0.0993289 2.81751e-05
0 0.112059 0.578188 0.0393321 0.104027 2.82057e-05
0 0.635993 0.84698 0.0408163 0.104698 2.82547e-05
0 0.463822 0.87651 0.0571429 0.128859 2.82744e-05
0 0.500742 0.875503 0.0567718 0.125503 2.82961e-05
0 0.321336 0.375503 0.0497217 0.104027 2.83588e-05
0 0.888497 0.804027 0.0397032 0.108725 2.84718e-05
0 0.720779 0.160403 0.0560297 0.110067 2.84755e-05
0 0.061039 0.37953 0.0538033 0.136242 2.86206e-05
0 0.762152 0.802685 0.03859 0.102013 2.86502e-05
0 0.718182 0.939262 0.0337662 0.121477 2.87243e-05
0 0.0113173 0.491611 0.0226345 0.202013 2.87831e-05
0 0.00779221 0.0748322 0.0155844 0.12953 2.8869e-05
0 0.984045 0.165101 0.0319109 0.29396 2.89154e-05
0 0.26308 0.797651 0.0564007 0.108054 2.89203e-05
0 0.193135 0.225168 0.0671614 0.104027 2.89204e-05
0 0.484416 0.990268 0.0367347 0.0194631 2.8984e-05
0 0.0673469 0.536913 0.0671614 0.159732 2.91447e-05
0 0.486827 0.972483 0.0682746 0.0550336 2.91687e-05
0 0.688868 0.345973 0.0426716 0.0932886 2.91937e-05
0 0.80538 0.924832 0.051577 0.144966 2.92421e-05
0 0.00983302 0.371477 0.019666 0.144295 2.93313e-05
0 0.135436 0.891946 0.0415584 0.111409 2.93662e-05
0 0.51577 0.538255 0.0408163 0.162416 2.93772e-05
0 0.186456 0.391946 0.0426716 0.10604 2.94577e-05
0 0.735993 0.843624 0.0426716 0.10604 2.97233e-05
0 0.0884972 0.624497 0.044898 0.108054 2.97242e-05
0 0.380519 0.94396 0.090167 0.112081 2.97878e-05
0 0.202226 0.940268 0.0875696 0.119463 2.98934e-05
0 0.610204 0.54094 0.0523191 0.167785 2.99313e-05
0 0.60167 0.742953 0.0300557 0.194631 2.99608e-05
0 0.411503 0.847651 0.03859 0.102013 2.99664e-05
0 0.763265 0.754698 0.0400742 0.1 3.02159e-05
0 0.957328 0.581544 0.0727273 0.171141 3.02469e-05
0 0.786271 0.801007 0.0400742 0.1 3.04362e-05
0 0.186271 0.798322 0.045269 0.0986577 3.0633e-05
0 0.813173 0.439597 0.0374768 0.111409 3.06355e-05
0 0.0174397 0.923826 0.0348794 0.152349 3.08036e-05
0 0.662152 0.845973 0.0441558 0.105369 3.08951e-05
0 0.95974 0.704027 0.0805195 0.161074 3.10194e-05
0 0.0699443 0.277517 0.0753247 0.165772 3.11457e-05
0 0.985529 0.664094 0.0222635 0.141611 3.13237e-05
0 0.862894 0.890268 0.0382189 0.105369 3.14785e-05
0 0.19295 0.979195 0.0319109 0.0416107 3.16901e-05
0 0.374397 0.392282 0.0289425 0.183221 3.19101e-05
0 0.264007 0.841946 0.0463822 0.101342 3.19551e-05
0 0.0688312 0.94698 0.038961 0.10604 3.19785e-05
0 0.681633 0.374161 0.0526902 0.110738 3.19881e-05
0 0.284601 0.804362 0.0460111 0.110738 3.20668e-05
0 0.677365 0.271477 0.0538033 0.118792 3.21365e-05
0 0.679406 0.453356 0.0423006 0.155034 3.21509e-05
0 0.0866419 0.667114 0.0471243 0.118121 3.22549e-05
0 0.26846 0.21745 0.0597403 0.10604 3.23079e-05
0 0.13525 0.704362 0.0560297 0.114765 3.23351e-05
0 0.790167 0.668456 0.0426716 0.095302 3.23683e-05
0 0.361781 0.565436 0.0408163 0.12953 3.24233e-05
0 0.868089 0.0187919 0.0367347 0.0375839 3.2662e-05
0 0.787199 0.440268 0.0374768 0.10604 3.26712e-05
0 0.735436 0.342953 0.0400742 0.0979866 3.27595e-05
0 0.0309833 0.0281879 0.0330241 0.0563758 3.28427e-05
0 0.134323 0.844966 0.0437848 0.12349 3.29168e-05
0 0.287384 0.937248 0.0716141 0.125503 3.29592e-05
0 0.735436 0.397987 0.0393321 0.100671 3.31348e-05
0 0.0137291 0.669128 0.0274583 0.220134 3.31853e-05
0 0.768275 0.925503 0.0493506 0.148993 3.32421e-05
0 0.11577 0.797987 0.0742115 0.14094 3.3393e-05
0 0.262894 0.696644 0.0656772 0.147651 3.34119e-05
0 0.72987 0.942953 0.0371058 0.114094 3.3534e-05
0 0.0257885 0.989933 0.0411874 0.0201342 3.35855e-05
0 0.239147 0.440268 0.0352505 0.0993289 3.36134e-05
0 0.764935 0.463087 0.0805195 0.171812 3.3915e-05
0 0.811503 0.707047 0.03859 0.0986577 3.40755e-05
0 0.309276 0.394631 0.0426716 0.0885906 3.41658e-05
0 0.260853 0.765436 0.0801484 0.138926 3.43332e-05
0 0.786642 0.0154362 0.0504638 0.0308725 3.43953e-05
0 0.375139 0.976174 0.0252319 0.047651 3.44401e-05
0 0.310575 0.346309 0.0415584 0.0926175 3.45451e-05
0 0.66141 0.346644 0.0397032 0.0932886 3.45566e-05
0 0.76308 0.710738 0.0434137 0.0993289 3.4621e-05
0 0.110019 0.619463 0.0419295 0.104698 3.46568e-05
0 0.0653061 0.755369 0.0467532 0.137584 3.46588e-05
0 0.889054 0.845638 0.0408163 0.111409 3.50437e-05
0 0.455844 0.729866 0.025603 0.157718 3.51077e-05
0 0.887384 0.890268 0.0419295 0.108054 3.51447e-05
0 0.229685 0.923826 0.0415584 0.0932886 3.5338e-05
0 0.155473 0.0201342 0.03859 0.0402685 3.57075e-05
0 0.0103896 1 0.0207792 0 3.59465e-05
0 0.807421 0.302349 0.0460111 0.113423 3.59964e-05
0 0.611503 0.618121 0.0586271 0.232215 3.60174e-05
0 0.0701299 0.0355705 0.064564 0.0711409 3.609e-05
0 0.762709 0.304698 0.0426716 0.107383 3.60929e-05
0 0.267904 0.94698 0.0348794 0.10604 3.61653e-05
0 0.0814471 0.837919 0.0649351 0.234228 3.62646e-05
0 0.788126 0.708389 0.0423006 0.0932886 3.63531e-05
0 0.755473 0.0167785 0.0356215 0.033557 3.7246e-05
0 0.00816326 0.660738 0.0163265 0.149664 3.73869e-05
0 0.116141 0.467785 0.0638219 0.159732 3.7406e-05
0 0.386827 0.575168 0.0471243 0.0993289 3.75632e-05
0 0.787013 0.481544 0.0348794 0.101342 3.76239e-05
0 0.110946 0.844631 0.0467532 0.133557 3.76821e-05
0 0.568275 0.270805 0.0397032 0.110738 3.77246e-05
0 0.489054 0.352685 0.0333952 0.0919463 3.80265e-05
0 0.604824 0.975168 0.0326531 0.0496644 3.81266e-05
0 0.988312 0.559732 0.0233766 0.197315 3.82239e-05
0 0.834694 0.66443 0.0411874 0.0979866 3.82896e-05
0 0.0680891 0.0157718 0.0359926 0.0315436 3.83396e-05
0 0.111688 0.577181 0.0660482 0.138255 3.8369e-05
0 0.132096 0.967785 0.0615955 0.0644295 3.8447e-05
0 0.285158 0.451007 0.0463822 0.159732 3.86318e-05
0 0.445083 0.524161 0.0307978 0.112752 3.87114e-05
0 0.979777 1 0.0330241 0 3.89038e-05
0 0.256957 0.526174 0.0701299 0.139597 3.89486e-05
0 0.986085 0.842282 0.0218924 0.157047 3.92708e-05
0 0.728571 0.0144295 0.0478664 0.0288591 3.94186e-05
0 0.517811 0.618792 0.0226345 0.0899329 3.96969e-05
0 0.986271 0.709396 0.0274583 0.13557 3.99273e-05
0 0.358442 0.380201 0.045269 0.112081 4.05334e-05
0 0.411874 0.573825 0.0460111 0.0885906 4.09091e-05
0 0.0111317 0.355034 0.0222635 0.209396 4.11821e-05
0 0.712059 0.844966 0.0445269 0.102013 4.12382e-05
0 0.779963 0.257718 0.0608534 0.116779 4.1278e-05
0 0.111317 0.668456 0.0415584 0.119463 4.14659e-05
0 0.639147 0.975839 0.025603 0.0483221 4.16702e-05
0 0.131169 0.9 0.0894249 0.146309 4.17338e-05
0 0.71744 0.262416 0.0560297 0.114094 4.17632e-05
0 0.0525046 0.584899 0.0612245 0.155034 4.1783e-05
0 0.130427 0.0191275 0.0374768 0.038255 4.20024e-05
0 0.00723562 0.0409396 0.0144712 0.0818792 4.22248e-05
0 0.105566 0.0181208 0.0367347 0.0362416 4.22944e-05
0 0.0649351 0.844295 0.0467532 0.126174 4.23095e-05
0 0.480519 0.0204698 0.0378479 0.0409396 4.23719e-05
0 0.461596 0.402013 0.0400742 0.095302 4.25657e-05
0 0.502597 0.338591 0.051577 0.134899 4.26528e-05
0 0.312616 0.304027 0.038961 0.0993289 4.29367e-05
0 0.863822 0.845973 0.0393321 0.104027 4.35119e-05
0 0.718738 0.327517 0.0512059 0.154362 4.36718e-05
0 0.263822 0.445638 0.0467532 0.10604 4.38956e-05
0 0.116327 0.954027 0.0382189 0.0919463 4.39469e-05
0 0.253618 0.384899 0.0604824 0.149664 4.40992e-05
0 0.304453 0.940268 0.0411874 0.119463 4.40996e-05
0 0.779221 0.988255 0.0601113 0.0234899 4.43149e-05
0 0.0883117 0.708389 0.0586271 0.124161 4.46047e-05
0 0.788497 0.305369 0.0437848 0.110067 4.50082e-05
0 0.118182 0.921476 0.0486085 0.157047 4.51147e-05
0 0.0536178 0.69094 0.0649351 0.15906 4.54187e-05
0 0.988497 0.175168 0.0230056 0.190604 4.54244e-05
0 0.760853 0.483557 0.0419295 0.105369 4.54469e-05
0 0.26141 0.93255 0.0961039 0.134899 4.56708e-05
0 0.51243 0.352685 0.0393321 0.0852349 4.62736e-05
0 0.0124304 0.0580537 0.0248609 0.116107 4.64175e-05
0 0.262709 0.97047 0.0615955 0.0590604 4.65808e-05
0 0.707978 0.630537 0.0460111 0.0892617 4.6703e-05
0 0.141558 0.941946 0.0879406 0.116107 4.76701e-05
0 0.835065 0.620805 0.038961 0.0993289 4.8252e-05
0 0.341744 0.656711 0.0682746 0.165772 4.84897e-05
0 0.771057 0.379195 0.0437848 0.111409 4.90713e-05
0 0.31744 0.944295 0.0359926 0.111409 4.92552e-05
0 0.0176252 0.0204698 0.0352505 0.0409396 4.96723e-05
0 0.180891 0.926846 0.0627087 0.146309 4.96934e-05
0 0.134508 0.754362 0.0486085 0.124832 4.97013e-05
0 0.688497 0.845973 0.0419295 0.104027 4.9714e-05
0 0.0820037 0.967785 0.0586271 0.0644295 5.00294e-05
0 0.98423 0.821141 0.0315399 0.295973 5.00725e-05
0 0.00834879 0.684899 0.0166976 0.195302 5.01912e-05
0 0.440445 0.565772 0.045269 0.108725 5.0263e-05
0 0.318367 0.935906 0.0942486 0.128188 5.03908e-05
0 0.842486 0.958725 0.0374768 0.0825503 5.04158e-05
0 0.734694 0.304698 0.0408163 0.0993289 5.06209e-05
0 0.680148 0.943289 0.0393321 0.113423 5.09372e-05
0 0.424119 0.356711 0.0482375 0.124161 5.09802e-05
0 0.980705 0.0483221 0.03859 0.0966443 5.21927e-05
0 0.646753 0.352013 0.0526902 0.14698 5.24037e-05
0 0.781447 0.352685 0.0593692 0.132215 5.2784e-05
0 0.11243 0.708389 0.0497217 0.124161 5.34391e-05
0 0.320965 0.970134 0.0586271 0.0597315 5.35026e-05
0 0.717811 0.606711 0.0293135 0.111409 5.36286e-05
0 0.0552876 0.797987 0.0705009 0.15302 5.3679e-05
0 0.144712 0.934564 0.0408163 0.130872 5.36808e-05
0 0.0428571 0.0184564 0.0367347 0.0369128 5.37455e-05
0 0.38961 0.648322 0.0415584 0.163758 5.45452e-05
0 0.276809 0.361745 0.064564 0.13557 5.48617e-05
0 0.917254 0.939933 0.0445269 0.120134 5.51771e-05
0 0.590538 0.311409 0.0337662 0.0912752 5.52569e-05
0 0.955288 0.0147651 0.0337662 0.0295302 5.53798e-05
0 0.357699 0.723826 0.0467532 0.137584 5.54173e-05
0 0.0263451 0.608054 0.0526902 0.147651 5.55829e-05
0 0.0803339 0.940604 0.0931354 0.118792 5.56717e-05
0 0.813915 0.666107 0.0382189 0.0973154 5.56852e-05
0 0.00667904 0.932886 0.0133581 0.122148 5.59419e-05
0 0.605195 0.957718 0.0512059 0.0845638 5.6952e-05
0 0.988497 0.446644 0.0230056 0.215436 5.84211e-05
0 0.00575139 0.990268 0.0115028 0.0194631 5.84801e-05
0 0.705009 0.943624 0.0371058 0.112752 5.85513e-05
0 0.058256 0.991611 0.0319109 0.0167785 5.90005e-05
0 0.839147 0.975503 0.0263451 0.0489933 5.92518e-05
0 0.72987 0.0449664 0.0363636 0.0899329 5.94546e-05
0 0.755844 0.939597 0.03859 0.120805 5.97379e-05
0 0.979406 0.0218121 0.0367347 0.0436242 5.99605e-05
0 0.745455 0.376846 0.0460111 0.109396 6.00436e-05
0 0.518367 0.702349 0.0252319 0.153691 6.01154e-05
0 0.288126 0.343289 0.0345083 0.090604 6.08204e-05
0 0.0105751 0.605369 0.0211503 0.2 6.08903e-05
0 0.633952 0.39094 0.0419295 0.0892617 6.1317e-05
0 0.813915 0.621477 0.038961 0.095302 6.21042e-05
0 0.00927644 0.743289 0.0185529 0.214094 6.24444e-05
0 0.00946197 1 0.0189239 0 6.28232e-05
0 0.675696 0.315772 0.0526902 0.113423 6.29416e-05
0 0.892764 0.940604 0.0437848 0.118792 6.32329e-05
0 0.0747681 0.89698 0.0931354 0.165772 6.32432e-05
0 0.11039 0.755369 0.044898 0.136242 6.46032e-05
0 0.953247 0.947315 0.0430427 0.105369 6.54302e-05
0 0.0875696 0.755705 0.0519481 0.139597 6.54903e-05
0 0.392579 0.53255 0.0393321 0.108054 6.56112e-05
0 0.0875696 0.844295 0.0504638 0.13557 6.594e-05
0 0.486642 0.392953 0.0367347 0.0919463 6.62798e-05
0 0.39666 0.728859 0.0408163 0.162416 6.77838e-05
0 0.540445 0.523154 0.0278293 0.133557 6.81153e-05
0 0.989425 0.952349 0.0211503 0.095302 6.85481e-05
0 0.395176 0.359396 0.0482375 0.121477 6.90164e-05
0 0.613544 0.281208 0.0523191 0.174497 6.98596e-05
0 0.714286 0.342282 0.0356215 0.0939597 7.06744e-05
0 0.713915 0.305034 0.0333952 0.102685 7.11941e-05
0 0.0896104 0.973826 0.0307978 0.052349 7.12427e-05
0 0.560297 0.314094 0.0319109 0.0899329 7.16779e-05
0 0.0174397 0.0302013 0.0348794 0.0604027 7.17209e-05
0 0.985529 0.754027 0.0215213 0.155034 7.36833e-05
0 0.580705 0.964094 0.0378479 0.0718121 7.48684e-05
0 0.492208 0.522819 0.0337662 0.131544 7.52218e-05
0 0.165863 0.970134 0.0400742 0.0597315 7.59824e-05
0 0.543414 0.313423 0.0293135 0.085906 7.65344e-05
0 0.502041 0.379195 0.0393321 0.10604 7.78185e-05
0 0.478479 0.626175 0.0382189 0.161074 7.8052e-05
0 0.556401 0.307047 0.0463822 0.138926 7.94312e-05
0 0.617811 0.656376 0.0311688 0.132886 7.95481e-05
0 0.604453 0.67047 0.0304267 0.148993 8.26571e-05
0 0.0430427 0.960403 0.0482375 0.0791946 8.32401e-05
0 0.650464 0.278859 0.0504638 0.0852349 8.3894e-05
0 0.753989 0.420805 0.0549165 0.134228 8.49391e-05
0 0.98757 0.0248322 0.0248609 0.0496644 8.82818e-05
0 0.505566 0.628523 0.0345083 0.153691 8.85115e-05
0 0.532653 0.39698 0.0411874 0.112081 9.24043e-05
0 0.584787 0.520805 0.025974 0.151678 9.39896e-05
0 0.24193 0.940268 0.0356215 0.119463 9.59526e-05
0 0.313729 0.494295 0.0411874 0.14698 9.84125e-05
0 0.611503 0.520805 0.0267161 0.162416 9.93626e-05
0 0.534508 0.987248 0.0538033 0.0255034 9.93813e-05
0 0.603154 0.352685 0.0530612 0.161745 0.000101901
0 0.957514 0.988255 0.0397032 0.0234899 0.000101979
0 0.504824 0.966107 0.0434137 0.0677852 0.000102514
0 0.570686 0.353691 0.0556586 0.158389 0.000103394
0 0.632282 0.320805 0.0504638 0.12349 0.000107348
0 0.421336 0.648658 0.0345083 0.155034 0.000107361
0 0.195547 0.961745 0.0489796 0.0765101 0.000107511
0 0.514471 0.389933 0.0419295 0.0832215 0.000108957
0 0.55436 0.961409 0.045269 0.0771812 0.000109864
0 0.130798 0.940268 0.044898 0.119463 0.000112413
0 0.438776 0.391946 0.044898 0.0979866 0.000115008
0 0.452319 0.424161 0.045269 0.157047 0.00011705
0 0.38256 0.395302 0.0363636 0.104698 0.000117818
0 0.452134 0.95906 0.0486085 0.0818792 0.000118408
0 0.481262 0.703356 0.0215213 0.157047 0.000118456
0 0.817811 0.974832 0.0333952 0.0503356 0.000118951
0 0.367904 0.526174 0.0374768 0.126174 0.000119211
0 0.0185529 0.836913 0.0371058 0.157047 0.000120144
0 0.467718 0.966779 0.0397032 0.066443 0.000122965
0 0.868275 0.939597 0.0408163 0.120805 0.00012358
0 0.0198516 0.727517 0.0397032 0.161074 0.000124869
0 0.429685 0.969128 0.0408163 0.061745 0.000124943
0 0.271614 0.480872 0.0482375 0.118792 0.000125836
0 0.495176 0.70604 0.0241187 0.163758 0.000126038
0 0.986456 0.00872483 0.0270872 0.0174497 0.000126569
0 0.586642 0.386242 0.0512059 0.168456 0.000128563
0 0.712801 0.608725 0.0497217 0.198658 0.000129543
0 0.0107607 0.803691 0.0215213 0.203356 0.000129765
0 0.182004 0.967785 0.0441558 0.0644295 0.000132343
0 0.379777 0.961074 0.0419295 0.0778523 0.000134173
0 0.592393 0.970134 0.0367347 0.0597315 0.000138467
0 0.98757 0.990268 0.0248609 0.0194631 0.000139054
0 0.481633 0.957047 0.0482375 0.085906 0.000139949
0 0.733024 0.443624 0.0426716 0.110067 0.000141419
0 0.00909091 0.869128 0.0181818 0.190604 0.000142241
0 0.78961 0.970805 0.0333952 0.0583893 0.000142532
0 0.802226 0.969463 0.0363636 0.0610738 0.000144092
0 0.631354 0.396309 0.0745826 0.165772 0.000147821
0 0.0105751 0.94094 0.0211503 0.118121 0.000148153
0 0.369759 0.409396 0.032282 0.0966443 0.000154822
0 0.779221 0.977852 0.0333952 0.0442953 0.000155239
0 0.567532 0.967785 0.038961 0.0644295 0.000158191
0 0.620223 0.37047 0.0463822 0.095302 0.000162789
0 0.988868 0.76443 0.0222635 0.213423 0.000164539
0 0.784045 0.951007 0.0549165 0.0979866 0.000165693
0 0.0397032 0.993624 0.0400742 0.0127517 0.000175962
0 0.569017 0.374832 0.032282 0.124161 0.000180228
0 0.593878 0.665436 0.0263451 0.134899 0.000194609
0 0.526902 0.957047 0.0497217 0.085906 0.000199
0 0.0096475 0.0184564 0.019295 0.0369128 0.000202241
0 0.31039 0.408054 0.0567718 0.147651 0.000204266
0 0.710946 0.39094 0.0512059 0.151007 0.000209975
0 0.629499 0.274832 0.0500928 0.101342 0.000220818
0 0.00649351 0.962752 0.012987 0.0744966 0.000222369
0 0.478664 0.393624 0.0742115 0.173826 0.000222808
0 0.588312 0.345973 0.0441558 0.0731544 0.000237289
0 0.567161 0.337248 0.0397032 0.0946309 0.000241849
0 0.22987 0.961745 0.0367347 0.0765101 0.000242774
0 0.284416 0.530201 0.0508349 0.236242 0.000255481
0 0.404082 0.972148 0.0371058 0.0557047 0.000257114
0 0.606122 0.350671 0.038961 0.0986577 0.000263325
0 0.544156 0.418792 0.0404453 0.115436 0.000283595
0 0.544527 0.35604 0.0478664 0.144295 0.000284844
0 0.530056 0.450336 0.0367347 0.112752 0.000288028
0 0.341187 0.397651 0.0664193 0.151007 0.00030014
0 0.556401 0.397987 0.0478664 0.159732 0.000307528
0 0.594063 0.374161 0.0437848 0.0892617 0.00031346
0 0.204453 0.972148 0.0319109 0.0557047 0.000327429
0 0.730798 0.689933 0.0738404 0.150336 0.000330011
0 0.769202 0.957383 0.0423006 0.0852349 0.000350198
0 0.442115 0.436913 0.032282 0.112752 0.000376539
0 0.460111 0.749664 0.0460111 0.187919 0.00037882
0 0.742115 0.472483 0.0541744 0.132886 0.000389408
0 0.219295 0.941275 0.0489796 0.11745 0.000399378
0 0.418182 0.418792 0.0363636 0.100671 0.000399525
0 0.294249 0.635235 0.0467532 0.172483 0.000403211
0 0.353989 0.518121 0.0371058 0.150336 0.000472737
0 0.573098 0.518456 0.0278293 0.14698 0.000492873
0 0.589425 0.298993 0.0478664 0.148322 0.000507141
0 0.48423 0.425503 0.0489796 0.144966 0.000539518
0 0.0107607 0.995302 0.0215213 0.00939597 0.000541341
0 0.953618 0.972819 0.0274583 0.0543624 0.000564571
0 0.655473 0.393289 0.0567718 0.143624 0.000688649
0 0.617811 0.316443 0.0474954 0.0771812 0.000704507
0 0.646197 0.279866 0.0589981 0.166443 0.000781185
0 0.213544 0.960067 0.0434137 0.0798658 0.000857332
0 0.0612245 0.969463 0.0289425 0.0610738 0.000857779
0 0.543414 0.389262 0.0337662 0.0765101 0.000884875
0 0.676252 0.706711 0.0649351 0.177181 0.000907518
0 0.557699 0.388591 0.03859 0.0751678 0.000973948
0 0.217069 0.973826 0.0311688 0.052349 0.000989372
0 0.555473 0.353691 0.0408163 0.0926175 0.000992263
0 0.554545 0.518121 0.0330241 0.139597 0.00100194
0 0.470315 0.485235 0.0345083 0.154362 0.00101789
0 0.723006 0.515772 0.0411874 0.155034 0.00123901
0 0.415028 0.717785 0.0441558 0.195302 0.00134793
0 0.325417 0.463423 0.0319109 0.173826 0.00139994
0 0.382746 0.701678 0.0575139 0.23557 0.00141338
0 0.610019 0.414765 0.0489796 0.142282 0.00141908
0 0.293507 0.679195 0.0690167 0.154362 0.00143388
0 0.702412 0.449329 0.0430427 0.145638 0.00152413
0 0.423191 0.493624 0.0508349 0.138926 0.00215092
0 0.601299 0.297315 0.044898 0.10604 0.00224649
0 0.568646 0.427852 0.0508349 0.142953 0.00224954
0 0.507607 0.48255 0.0371058 0.17047 0.00357204
0 0.380334 0.433221 0.0474954 0.153691 0.00499057
0 0.506679 0.675839 0.0248609 0.163758 0.00533737
0 0.615399 0.484228 0.044898 0.195302 0.0066991
0 0.388312 0.479195 0.0382189 0.0993289 0.00865657
0 0.54564 0.678523 0.0300557 0.169128 0.0155237
0 0.403154 0.418792 0.0493506 0.119463 0.022364
0 0.687384 0.499329 0.0478664 0.183893 0.0231265
0 0.362152 0.45604 0.0408163 0.134899 0.0301079
0 0.449165 0.481544 0.0270872 0.142953 0.0444092
0 0.478293 0.558054 0.0653061 0.360403 0.0793844
0 0.56141 0.57047 0.0482375 0.420134 0.0866935
0 0.444341 0.696309 0.0441558 0.192617 0.0938041
0 0.404082 0.45906 0.11577 0.139597 0.0979427
0 0.463265 0.672148 0.0894249 0.169799 0.125632
0 0.409091 0.454362 0.0434137 0.112752 0.133546
0 0.409091 0.609732 0.0434137 0.387248 0.134475
0 0.578664 0.562081 0.0397032 0.388591 0.140941
0 0.584972 0.481208 0.0434137 0.198658 0.145778
0 0.331169 0.588591 0.0834879 0.371812 0.145786
0 0.551948 0.679195 0.0805195 0.166443 0.159601
0 0.466048 0.666443 0.0326531 0.148993 0.17307
0 0.604082 0.487584 0.106122 0.185906 0.184915
0 0.637662 0.508725 0.0886827 0.228188 0.185997
0 0.505751 0.659396 0.0593692 0.138926 0.192405
0 0.612801 0.699329 0.117625 0.18255 0.193741
0 0.363822 0.472483 0.0827458 0.148993 0.223155
0 0.570315 0.697651 0.0393321 0.183221 0.231134
0 0.329128 0.480872 0.0942486 0.156376 0.236094
0 0.494434 0.484228 0.0842301 0.172483 0.245167
0 0.424304 0.68255 0.0738404 0.186577 0.360593
0 0.393506 0.444631 0.0404453 0.110738 0.369951
0 0.546011 0.486913 0.0411874 0.165772 0.373453
0 0.446568 0.473154 0.0589981 0.154362 0.387305
0 0.564007 0.483557 0.0504638 0.19396 0.706753
0 0.497959 0.655705 0.0215213 0.150336 0.748048
0 0.514471 0.660403 0.0218924 0.154362 0.749297
0 0.427829 0.449664 0.0341373 0.130201 0.765812
0 0.375696 0.461745 0.0300557 0.131544 0.771788
0 0.455102 0.674161 0.0293135 0.17651 0.793208
0 0.558627 0.683893 0.0300557 0.179866 0.799118
0 0.478479 0.658725 0.0241187 0.14698 0.800034
0 0.428942 0.681879 0.0296846 0.189262 0.809786
0 0.533766 0.661074 0.0270872 0.157047 0.813667
0 0.523377 0.489933 0.0352505 0.175839 0.823551
0 0.584972 0.694631 0.0300557 0.189262 0.83543
0 0.403711 0.679866 0.0363636 0.190604 0.839515
0 0.459184 0.496309 0.0285714 0.156376 0.839684
0 0.631911 0.494631 0.0400742 0.189262 0.84531
0 0.599814 0.491946 0.0426716 0.194631 0.847516
0 0.611132 0.710403 0.0371058 0.208725 0.853104
0 0.485343 0.486242 0.0356215 0.17651 0.85556
0 0.343414 0.492282 0.0426716 0.175168 0.859686
0 0.703525 0.694631 0.0623377 0.136913 0.863742
0 0.666234 0.490604 0.044898 0.193289 0.864002
0 0.710575 0.490604 0.0504638 0.175839 0.867563
0 0.650649 0.704027 0.0656772 0.194631 0.870171
0 0.361039 0.68255 0.0682746 0.187919 0.872146
0 0.300557 0.476846 0.0460111 0.156376 0.872921
0 0.315213 0.661409 0.0701299 0.177852 0.876136
