0 0.537491 0.205724 0.0467706 0.107071 7.4967e-06
0 0.865442 0.829966 0.0887157 0.138047 7.51081e-06
0 0.810134 0.348485 0.0397179 0.116498 7.51101e-06
0 0.863771 1 0.064588 0 7.52234e-06
0 0.162212 0.620875 0.0408315 0.113131 7.52426e-06
0 0.448404 0.0538721 0.0631032 0.107744 7.52811e-06
0 0.703972 0.987205 0.114699 0.0255892 7.54541e-06
0 0.726429 0.839731 0.0801782 0.129293 7.54574e-06
0 0.0562361 0.93064 0.0449146 0.138721 7.56068e-06
0 0.653118 0.321886 0.0463994 0.125253 7.56209e-06
0 0.96418 0.438721 0.0508537 0.13266 7.56445e-06
0 0.180401 0.99798 0.124722 0.0040404 7.57851e-06
0 0.961581 0.619865 0.0515961 0.146128 7.58317e-06
0 0.691351 0.42862 0.0567929 0.16229 7.59563e-06
0 0.283964 0.0043771 0.0497402 0.00875421 7.61491e-06
0 0.886971 0.438721 0.0478842 0.123232 7.62605e-06
0 0.193578 1 0.0701559 0 7.62826e-06
0 0.386043 0.0710438 0.0720119 0.142088 7.63461e-06
0 0.133445 0.665657 0.045657 0.125926 7.63849e-06
0 0.16147 0.484848 0.0423163 0.121212 7.68995e-06
0 1 0.999663 0 0.000673401 7.69327e-06
0 0.185969 0.665657 0.0423163 0.104377 7.76208e-06
0 0.58853 0.978114 0.0256125 0.043771 7.76368e-06
0 0.878248 0.979461 0.0148478 0.0410774 7.76408e-06
0 0.811062 0.890572 0.0408315 0.0989899 7.77468e-06
0 0.886414 0.844781 0.0408315 0.121886 7.77738e-06
0 0.357832 0.979461 0.0616184 0.0410774 7.78538e-06
0 0.583148 0.575758 0.0237565 0.121212 7.80644e-06
0 0.855791 0.990909 0.120638 0.0181818 7.82285e-06
0 0.986266 0.918855 0.0274684 0.16229 7.83186e-06
0 0.796585 0.0713805 0.0734967 0.142761 7.84467e-06
0 0.0211581 0.204377 0.0423163 0.216162 7.85393e-06
0 0.20954 0.830303 0.0909428 0.144108 7.85853e-06
0 0.210653 0.395286 0.0412027 0.103704 7.86415e-06
0 0.410728 0.883502 0.049369 0.103704 7.86655e-06
0 0.259465 0.256902 0.0371195 0.10303 7.894e-06
0 0.985709 0.181481 0.028582 0.228283 7.9002e-06
0 0.889384 0.575084 0.0564217 0.126599 7.90289e-06
0 0.353192 0.332997 0.0597624 0.164983 7.91719e-06
0 0.98608 0.307407 0.0278396 0.235017 7.92528e-06
0 0.187082 0.575421 0.0408315 0.109764 7.93362e-06
0 0.301411 0.588552 0.0467706 0.0983165 7.93525e-06
0 0.896808 0.212795 0.0504826 0.13468 7.93813e-06
0 0.210839 0.883165 0.0541945 0.10303 7.93973e-06
0 0.210468 0.576094 0.0415739 0.111111 7.95638e-06
0 0.837602 0.348485 0.0412027 0.113805 7.95697e-06
0 0.37565 0.997306 0.03415 0.00538721 7.95712e-06
0 0.72216 0.0754209 0.0768374 0.150842 7.96708e-06
0 0.0154046 0.257912 0.0308092 0.232997 7.98328e-06
0 0.912212 0.845118 0.0426875 0.126599 7.99767e-06
0 0.837788 0.211448 0.0423163 0.110438 8.03896e-06
0 0.809206 0.578451 0.0415739 0.109091 8.04433e-06
0 0.306422 0.0323232 0.0330364 0.0646465 8.04533e-06
0 0.737194 0.99596 0.0348924 0.00808081 8.06312e-06
0 0.795471 0.96936 0.0549369 0.0612795 8.09666e-06
0 0.760208 0.0727273 0.0712695 0.145455 8.1043e-06
0 0.997773 0.876094 0.00445434 0.204714 8.11858e-06
0 0.336117 0.303367 0.0367483 0.108418 8.13178e-06
0 0.162027 0.882492 0.0441722 0.104377 8.17085e-06
0 0.202673 0.979798 0.017075 0.040404 8.17095e-06
0 0.43467 0.884175 0.0489978 0.110438 8.22078e-06
0 0.154232 0.983502 0.018931 0.0329966 8.23299e-06
0 0.118226 0.952189 0.0337788 0.0956229 8.24805e-06
0 0.330735 0.883502 0.0556793 0.153535 8.26871e-06
0 0.210653 0.757912 0.0441722 0.104377 8.27516e-06
0 0.227728 0.978451 0.0159614 0.0430976 8.2809e-06
0 0.935412 0.30303 0.0519673 0.117172 8.28201e-06
0 0.567929 0.984512 0.0319228 0.0309764 8.29168e-06
0 0.310505 0.797306 0.0560505 0.106397 8.3015e-06
0 0.461024 0.867677 0.064588 0.143434 8.30749e-06
0 0.185598 0.889899 0.0393467 0.104377 8.32824e-06
0 0.871566 0.0734007 0.0772086 0.146801 8.33922e-06
0 0.53415 0.0700337 0.0734967 0.140067 8.36854e-06
0 0.460097 0.792929 0.0471418 0.10303 8.36891e-06
0 0.759651 0.30101 0.0389755 0.118519 8.37795e-06
0 0.255568 0.329966 0.0575353 0.189899 8.37814e-06
0 0.811247 0.295623 0.045657 0.114478 8.38351e-06
0 0.497402 0.069697 0.0712695 0.139394 8.39104e-06
0 0.311804 0.30303 0.0393467 0.107744 8.39292e-06
0 0.404046 0.994613 0.119896 0.0107744 8.41348e-06
0 0.405345 0.940741 0.0482554 0.118519 8.41429e-06
0 0.412584 1 0.0612472 0 8.42046e-06
0 0.349295 0.0737374 0.0720119 0.147475 8.42381e-06
0 0.464736 0.339394 0.0549369 0.153535 8.42488e-06
0 0.0235709 0.647475 0.0426875 0.156902 8.45942e-06
0 0.0434298 0.0501684 0.0482554 0.100337 8.46029e-06
0 0.00835189 0.208754 0.0167038 0.144108 8.47189e-06
0 0.477728 0.052862 0.0616184 0.105724 8.48103e-06
0 0.0391611 0.304377 0.0441722 0.117172 8.48153e-06
0 0.241648 0.980808 0.0274684 0.0383838 8.48756e-06
0 0.677617 0.994613 0.0352635 0.0107744 8.49834e-06
0 0.811062 0.529293 0.0393467 0.110438 8.49859e-06
0 0.785264 0.891582 0.0404603 0.0983165 8.5049e-06
0 0.331663 0.0265993 0.032294 0.0531987 8.51703e-06
0 0.936154 0.528283 0.0519673 0.142088 8.51765e-06
0 0.507424 0.557576 0.0348924 0.0888889 8.52027e-06
0 0.762064 0.256902 0.0386043 0.115152 8.52831e-06
0 0.609503 0.0727273 0.0757238 0.145455 8.53168e-06
0 0.0116927 0.437374 0.0233853 0.13266 8.54008e-06
0 0.467892 0.522222 0.0263549 0.105724 8.55066e-06
0 0.277097 0.995286 0.0174462 0.00942761 8.55074e-06
0 0.137528 0.529293 0.0449146 0.126599 8.55379e-06
0 0.231626 0.582492 0.0541945 0.13064 8.55887e-06
0 0.998701 0.0781145 0.00259837 0.156229 8.5617e-06
0 0.17706 0.987542 0.0705271 0.0249158 8.5843e-06
0 0.910171 0.875421 0.0979955 0.156229 8.58477e-06
0 0.112287 0.615825 0.0612472 0.121886 8.60412e-06
0 0.360802 0.997306 0.0326652 0.00538721 8.60473e-06
0 0.955271 1 0.0315516 0 8.63612e-06
0 0.360616 0.80101 0.0389755 0.105724 8.64444e-06
0 0.606347 0.929966 0.0412027 0.140067 8.65349e-06
0 0.511507 0.841077 0.0482554 0.106397 8.65395e-06
0 0.0224573 0.219192 0.0449146 0.0962963 8.65927e-06
0 0.923534 0.265993 0.0571641 0.131987 8.68918e-06
0 0.0874165 0.709764 0.045657 0.140067 8.70363e-06
0 0.268003 0.983838 0.0675575 0.0323232 8.70543e-06
0 0.835375 0.0720539 0.0746102 0.144108 8.70916e-06
0 0.142539 0.987542 0.0282108 0.0249158 8.71068e-06
0 0.762621 0.213131 0.0412027 0.111111 8.71749e-06
0 0.339458 1 0.0619896 0 8.72515e-06
0 0.512249 0.79798 0.0371195 0.0956229 8.74533e-06
0 0.484595 0.792256 0.0463994 0.100337 8.75026e-06
0 0.252784 0.977778 0.0155902 0.0444444 8.80893e-06
0 0.634929 1 0.0582777 0 8.81084e-06
0 0.262064 0.99495 0.0178174 0.010101 8.84884e-06
0 0.84317 0.668687 0.0857461 0.152189 8.85337e-06
0 0.329436 0.99495 0.119896 0.010101 8.8639e-06
0 0.788419 0.301684 0.0408315 0.119865 8.87912e-06
0 0.486823 0.349158 0.0389755 0.101684 8.89025e-06
0 0.150705 0.99596 0.0334076 0.00808081 8.92114e-06
0 0.138085 0.754545 0.043801 0.119192 8.92891e-06
0 0.314959 0.99899 0.032294 0.0020202 8.9358e-06
0 0.26095 0.00774411 0.0363771 0.0154882 8.93706e-06
0 0.572569 0.0703704 0.0753526 0.140741 8.94e-06
0 0.936526 0.576094 0.0623608 0.134007 8.94584e-06
0 0.385672 0.883502 0.0519673 0.103704 8.9494e-06
0 0.82925 0.979798 0.0400891 0.040404 8.95522e-06
0 0.18634 0.79899 0.0452858 0.108418 8.95973e-06
0 0.21121 0.842088 0.0534521 0.105724 8.96268e-06
0 0.162027 0.574748 0.0412027 0.113805 8.96419e-06
0 0.331477 0.930976 0.0400891 0.138047 8.97661e-06
0 0.966778 0.53064 0.0501114 0.150842 8.98176e-06
0 0.444321 0.0239057 0.0311804 0.0478114 9.00044e-06
0 0.661099 0.212121 0.0423163 0.111785 9.00633e-06
0 0.815702 0.924916 0.049369 0.150168 9.00909e-06
0 0.541759 0.994613 0.0360059 0.0107744 9.01864e-06
0 0.836303 0.758586 0.0445434 0.112458 9.02459e-06
0 0.647364 0.073064 0.0749814 0.146128 9.04762e-06
0 0.449332 0.524242 0.0226429 0.13266 9.06335e-06
0 0.20657 0.984848 0.0679287 0.030303 9.06804e-06
0 0.889013 0.949158 0.0259837 0.101684 9.11898e-06
0 0.186526 0.52862 0.0404603 0.114478 9.12165e-06
0 0.576095 0.978451 0.0252413 0.0430976 9.12304e-06
0 0.237008 0.80202 0.0419451 0.107744 9.13436e-06
0 0.627877 0.987542 0.113957 0.0249158 9.14217e-06
0 0.311618 0.839057 0.0545657 0.103704 9.15604e-06
0 0.862287 0.528283 0.0430586 0.121886 9.16636e-06
0 0.836117 0.801347 0.0449146 0.110438 9.16949e-06
0 0.267075 1 0.0649592 0 9.215e-06
0 0.216592 0.994276 0.018931 0.0114478 9.22057e-06
0 0.654974 0.939731 0.0501114 0.120539 9.24865e-06
0 0.0226429 0.428956 0.0452858 0.149495 9.25209e-06
0 0.0632888 0.346801 0.045657 0.105051 9.26847e-06
0 0.611173 0.331313 0.0582777 0.158923 9.28621e-06
0 0.49239 0.144444 0.0827765 0.13266 9.28661e-06
0 0.693578 0.93165 0.0389755 0.1367 9.30032e-06
0 0.24369 0.0319865 0.0337788 0.0639731 9.35776e-06
0 0.14755 0.988552 0.0664439 0.0228956 9.3628e-06
0 0.185041 0.757576 0.0478842 0.106397 9.37612e-06
0 0.118968 0.675758 0.0634744 0.232323 9.3921e-06
0 0.261878 0.620875 0.0486266 0.0969697 9.41002e-06
0 0.393281 0.76633 0.0367483 0.109091 9.41028e-06
0 0.122309 0.891246 0.0686711 0.100337 9.41417e-06
0 0.837045 0.301347 0.0430586 0.113805 9.41487e-06
0 0.94562 1 0.0367483 0 9.41706e-06
0 0.480883 0.526936 0.0248701 0.0962963 9.42162e-06
0 0.255568 0.99697 0.120638 0.00606061 9.42289e-06
0 0.160542 0.755892 0.0463994 0.111111 9.4583e-06
0 0.536563 0.33064 0.0567929 0.160269 9.46953e-06
0 0.206756 0.607071 0.0586489 0.146128 9.48409e-06
0 0.410728 0.793603 0.0471418 0.101684 9.48962e-06
0 0.25631 0.0353535 0.0337788 0.0707071 9.49619e-06
0 0.605048 0.814141 0.0534521 0.193939 9.50646e-06
0 0.560319 1 0.0597624 0 9.51181e-06
0 0.160728 0.52862 0.0423163 0.118519 9.5155e-06
0 0.286006 0.798316 0.0582777 0.109764 9.51853e-06
0 0.0870453 0.261616 0.0412027 0.112458 9.54691e-06
0 0.953972 0.999327 0.0296956 0.0013468 9.55653e-06
0 0.0105791 0.483502 0.0211581 0.136027 9.57473e-06
0 0.312546 0.211111 0.0408315 0.10303 9.58007e-06
0 0.844284 0.0205387 0.0308092 0.0410774 9.58267e-06
0 0.552153 0.991919 0.113957 0.0161616 9.59065e-06
0 0.113771 0.478114 0.0657016 0.172391 9.59432e-06
0 0.478842 0.99495 0.113586 0.010101 9.59598e-06
0 0.286748 0.348822 0.0434298 0.105051 9.60168e-06
0 0.536377 0.883502 0.0504826 0.0969697 9.60688e-06
0 0.861544 0.394949 0.0445434 0.115152 9.63096e-06
0 0.38196 0.0104377 0.0371195 0.0208754 9.65307e-06
0 0.711025 0.168013 0.0463994 0.111111 9.66156e-06
0 0.835004 0.711448 0.0449146 0.105724 9.66608e-06
0 0.076095 0.973401 0.064588 0.0531987 9.69527e-06
0 0.11804 0.781818 0.0690423 0.123906 9.69948e-06
0 0.335932 0.441751 0.0504826 0.0969697 9.71158e-06
0 0.811804 0.257239 0.0363771 0.121212 9.72119e-06
0 0.0076095 0.0734007 0.015219 0.13064 9.72564e-06
0 1 0.455556 0 0.174411 9.76073e-06
0 0.487194 1 0.0597624 0 9.76316e-06
0 0.587045 0.211448 0.0345212 0.113131 9.76939e-06
0 1 0.939394 0 0.121212 9.7709e-06
0 0.469376 0.0245791 0.0315516 0.0491582 9.77841e-06
0 0.76095 0.741077 0.0660728 0.142088 9.7976e-06
0 0.161656 0.350505 0.0389755 0.0989899 9.80623e-06
0 0.9098 0.711448 0.043801 0.135354 9.81674e-06
0 0.35709 0.658249 0.0527097 0.159596 9.81692e-06
0 0.445434 0.617845 0.0311804 0.116498 9.82918e-06
0 0.0863029 0.620539 0.049369 0.151515 9.85844e-06
0 0.863215 0.666667 0.0449146 0.111785 9.86906e-06
0 0.432071 0.145118 0.0794358 0.131313 9.87401e-06
0 0.511693 0.883502 0.0501114 0.102357 9.89107e-06
0 0.735523 0.883838 0.0553081 0.0989899 9.90985e-06
0 0.277283 0.535017 0.0616184 0.198653 9.9194e-06
0 0.0120638 0.53771 0.0241277 0.20404 9.92178e-06
0 0.805308 0.480135 0.0508537 0.126599 9.95897e-06
0 0.337045 0.992256 0.0200445 0.0154882 9.96398e-06
0 0.37268 0.148485 0.0794358 0.1367 9.97125e-06
0 0.246659 0.994613 0.0181886 0.0107744 1.0036e-05
0 0.828137 0.994276 0.0356347 0.0114478 1.00662e-05
0 0.345583 0.997306 0.0334076 0.00538721 1.012e-05
0 0.335375 0.79697 0.0538233 0.108418 1.01277e-05
0 0.457684 0.985859 0.0289532 0.0282828 1.01358e-05
0 0.678545 0.983838 0.0178174 0.0323232 1.01401e-05
0 0.434484 0.840067 0.0501114 0.109764 1.0163e-05
0 0.839272 0.986869 0.0638456 0.0262626 1.01844e-05
0 0.485895 0.385522 0.043801 0.10303 1.01907e-05
0 0.00705271 0.954882 0.0141054 0.0902357 1.02296e-05
0 0.610616 0.349158 0.0378619 0.104377 1.02498e-05
0 0.335561 0.840741 0.0549369 0.107071 1.03027e-05
0 0.181329 0.982828 0.0404603 0.0343434 1.03097e-05
0 0.162212 0.848485 0.0363771 0.113131 1.03196e-05
0 0.552895 0.146801 0.0827765 0.13468 1.03264e-05
0 0.309762 0.150168 0.0842613 0.133333 1.03373e-05
0 0.26095 0.839057 0.0519673 0.10101 1.03686e-05
0 1 0.587205 0 0.183165 1.03989e-05
0 0.777097 0.960943 0.0649592 0.0781145 1.0419e-05
0 0.742762 0.97138 0.0668151 0.0572391 1.04269e-05
0 0.519302 0.0296296 0.0326652 0.0592593 1.04411e-05
0 0.690238 0.783165 0.0538233 0.115825 1.04548e-05
0 0.407016 0.0104377 0.0367483 0.0208754 1.04916e-05
0 0.210839 0.982155 0.0296956 0.0356902 1.04945e-05
0 0.185969 0.620202 0.0423163 0.105051 1.04995e-05
0 0.762435 0.394613 0.0408315 0.107744 1.05069e-05
0 0.887899 0.712458 0.0400891 0.123906 1.05144e-05
0 0.236637 0.840404 0.0501114 0.10101 1.05315e-05
0 0.991091 0.086532 0.0178174 0.173064 1.05495e-05
0 0.361173 0.841077 0.0534521 0.105051 1.05904e-05
0 0.875464 0.955556 0.0226429 0.0888889 1.06083e-05
0 0.181143 0.981818 0.0311804 0.0363636 1.06192e-05
0 0.385857 0.841751 0.0538233 0.106397 1.06517e-05
0 0.685041 0.073064 0.076095 0.146128 1.06603e-05
0 0.278211 0.979125 0.0159614 0.0417508 1.06683e-05
0 0.660171 0.883165 0.0538233 0.100337 1.06712e-05
0 1 0.193603 0 0.160943 1.06757e-05
0 0.687082 0.211448 0.043801 0.111785 1.06765e-05
0 0.831477 0.966667 0.0623608 0.0666667 1.06851e-05
0 0.1366 0.43771 0.0467706 0.113131 1.07268e-05
0 0.51856 0.765993 0.0423163 0.13266 1.07511e-05
0 0.577765 0.338047 0.0538233 0.153535 1.07593e-05
0 0.358575 0.0225589 0.0348924 0.0451178 1.0774e-05
0 0.780067 0.950505 0.0374907 0.0989899 1.07763e-05
0 0.292131 0.99495 0.017075 0.010101 1.08112e-05
0 0.860431 0.80101 0.0400891 0.117845 1.08372e-05
0 1 0.318855 0 0.167677 1.08509e-05
0 0.302339 0.159596 0.0567929 0.0875421 1.09148e-05
0 0.830921 0.903704 0.049369 0.156229 1.09292e-05
0 0.547699 0.986532 0.0293244 0.026936 1.09641e-05
0 0.718634 0.814478 0.0482554 0.129966 1.09792e-05
0 0.631218 0.985185 0.0374907 0.0296296 1.10013e-05
0 0.363957 0.156229 0.0501114 0.0942761 1.10396e-05
0 0.298441 0.986532 0.0690423 0.026936 1.1046e-05
0 0.311804 0.347811 0.0408315 0.107071 1.10497e-05
0 0.758352 0.954545 0.0185598 0.0909091 1.10552e-05
0 0.996474 0.965993 0.00705271 0.0680135 1.10766e-05
0 0.635857 0.890909 0.0430586 0.102357 1.10851e-05
0 0.777654 0.975084 0.013363 0.0498317 1.11168e-05
0 0.311618 0.972727 0.0560505 0.0545455 1.11412e-05
0 0.983667 0.299663 0.0326652 0.284175 1.11607e-05
0 0.536748 0.848822 0.0326652 0.10303 1.11731e-05
0 0.76095 0.891246 0.0400891 0.0989899 1.12037e-05
0 0.811247 0.396633 0.0397179 0.106397 1.12152e-05
0 0.41147 0.840404 0.0508537 0.103704 1.12225e-05
0 0.283036 0.956566 0.0204157 0.0868687 1.12416e-05
0 0.811804 0.845791 0.0415739 0.0996633 1.12435e-05
0 0.82758 0.974074 0.0137342 0.0518519 1.12481e-05
0 0.943393 0.583165 0.110987 0.195286 1.12908e-05
0 0.423163 0.0710438 0.0749814 0.142088 1.12919e-05
0 0.861544 0.577778 0.0423163 0.119865 1.13118e-05
0 0.00946548 0.251852 0.018931 0.13064 1.13211e-05
0 0.212138 0.439394 0.0419451 0.105724 1.13271e-05
0 0.722346 0.995623 0.0348924 0.00875421 1.13862e-05
0 0.707498 0.995286 0.0348924 0.00942761 1.13922e-05
0 0.355419 0.938384 0.045657 0.123232 1.14067e-05
0 0.448033 0.721886 0.03415 0.133333 1.1415e-05
0 0.786934 0.529966 0.0400891 0.105051 1.14524e-05
0 0.685041 0.882492 0.0545657 0.0989899 1.14609e-05
0 0.386414 0.347475 0.0400891 0.102357 1.15286e-05
0 0.85709 0.579125 0.116555 0.207407 1.15485e-05
0 0.682257 0.97037 0.064588 0.0592593 1.15608e-05
0 0.111359 0.43771 0.0512249 0.115825 1.16035e-05
0 0.619154 0.0279461 0.0326652 0.0558923 1.1608e-05
0 0.680958 0.938721 0.0902004 0.122559 1.16224e-05
0 0.594284 0.030303 0.0334076 0.0606061 1.16564e-05
0 1 0.821212 0 0.17037 1.16588e-05
0 0.61173 0.212121 0.0378619 0.113131 1.1661e-05
0 0.592799 0.942761 0.0467706 0.114478 1.16818e-05
0 0.260579 0.929966 0.10245 0.140067 1.17066e-05
0 0.362101 0.348485 0.0412027 0.104377 1.17195e-05
0 0.430215 0.937374 0.0452858 0.125253 1.17351e-05
0 0.837602 0.847138 0.0419451 0.105051 1.17456e-05
0 0.771529 0.344444 0.0679287 0.187879 1.17544e-05
0 0.853007 0.977104 0.0148478 0.0457912 1.17556e-05
0 0.351522 0.96835 0.0348924 0.0632997 1.1775e-05
0 0.868411 0.859259 0.049369 0.172391 1.17766e-05
0 0.162212 0.797643 0.0408315 0.113805 1.17876e-05
0 0.412027 0.339394 0.0400891 0.0983165 1.17908e-05
0 0.888085 0.622222 0.0434298 0.129293 1.18196e-05
0 0.75167 0.985522 0.0363771 0.0289562 1.1821e-05
0 0.595583 0.565657 0.0382331 0.0956229 1.18218e-05
0 0.544729 0.614141 0.0293244 0.0983165 1.18455e-05
0 0.587602 0.892256 0.0393467 0.102357 1.19512e-05
0 0.00853749 0.319192 0.017075 0.137374 1.19581e-05
0 0.58686 0.350842 0.0371195 0.102357 1.19729e-05
0 0.689866 0.0154882 0.045657 0.0309764 1.19871e-05
0 0.744803 0.373064 0.0449146 0.122559 1.19875e-05
0 0.162212 0.397306 0.0393467 0.0996633 1.19918e-05
0 0.134373 0.303367 0.0445434 0.101684 1.19966e-05
0 0.141425 0.938047 0.0979955 0.123906 1.20343e-05
0 0.862101 0.439057 0.045657 0.117172 1.20473e-05
0 0.983667 0.161953 0.0326652 0.290236 1.20477e-05
0 0.703229 0.981818 0.0167038 0.0363636 1.20851e-05
0 0.812732 0.99495 0.0352635 0.010101 1.20961e-05
0 0.108018 0.915825 0.0653304 0.16835 1.20962e-05
0 0.797699 0.995286 0.0348924 0.00942761 1.21219e-05
0 0.385486 0.393266 0.0434298 0.10101 1.21262e-05
0 0.40052 0.981145 0.0215293 0.0377104 1.21522e-05
0 0.654788 0.779798 0.0274684 0.140067 1.21736e-05
0 0.863215 0.259596 0.0463994 0.115152 1.22281e-05
0 0.208612 0.5367 0.0593912 0.144108 1.22701e-05
0 0.140126 0.265993 0.0501114 0.121212 1.22809e-05
0 0.366741 0.967677 0.0348924 0.0646465 1.23121e-05
0 0.462138 0.349832 0.0386043 0.0976431 1.2314e-05
0 0.0128062 0.0703704 0.0256125 0.140741 1.23581e-05
0 0.421678 0.151852 0.0482554 0.0922559 1.23655e-05
0 0.286563 0.837374 0.0527097 0.10303 1.23898e-05
0 0.238864 0.305724 0.0345212 0.105051 1.24079e-05
0 0.481811 0.150842 0.0467706 0.0983165 1.24157e-05
0 1 1 0 0 1.24305e-05
0 0.895137 0.776431 0.0657016 0.13064 1.24459e-05
0 0.435969 0.348485 0.0389755 0.0962963 1.24535e-05
0 0.719005 0.989226 0.0660728 0.0215488 1.2473e-05
0 0.59614 0.318855 0.0415739 0.119192 1.25173e-05
0 0.981626 0.160606 0.0367483 0.116498 1.25524e-05
0 0.910171 0.30101 0.0556793 0.115825 1.25534e-05
0 0.302153 0.982492 0.0282108 0.0350168 1.2562e-05
0 0.110245 0.346465 0.100223 0.155556 1.25696e-05
0 0.916295 0.954882 0.0367483 0.0902357 1.2582e-05
0 0.782665 0.995286 0.0352635 0.00942761 1.26298e-05
0 0.103192 0.0619529 0.0786934 0.123906 1.2658e-05
0 0.540275 0.263636 0.049369 0.104377 1.26595e-05
0 0.902747 0.168013 0.0586489 0.104377 1.26825e-05
0 0.169265 0.0222222 0.030438 0.0444444 1.27031e-05
0 0.0436154 0.996633 0.0300668 0.00673401 1.27099e-05
0 0.831663 0.0208754 0.0308092 0.0417508 1.27351e-05
0 0.185598 0.848148 0.0415739 0.10303 1.27491e-05
0 0.705828 0.775758 0.0389755 0.106397 1.27502e-05
0 0.258166 0.956566 0.0211581 0.0868687 1.28751e-05
0 0.540832 0.152862 0.047513 0.0983165 1.28772e-05
0 0.986823 0.210438 0.0241277 0.134007 1.28882e-05
0 0.600594 0.985185 0.0386043 0.0296296 1.29093e-05
0 0.813474 0.437374 0.0382331 0.109764 1.2914e-05
0 0.561618 0.841077 0.047513 0.102357 1.29377e-05
0 0.383074 0.972727 0.060876 0.0545455 1.29879e-05
0 0.112472 0.0397306 0.0519673 0.0794613 1.2993e-05
0 0.359317 0.270707 0.0482554 0.105051 1.30025e-05
0 0.0103935 0.576431 0.0207869 0.142761 1.3021e-05
0 0.802895 0.974747 0.013363 0.050505 1.3034e-05
0 0.461952 0.391919 0.0404603 0.0983165 1.30804e-05
0 0.737565 0.156229 0.077951 0.137374 1.30906e-05
0 0.661099 0.985522 0.0378619 0.0289562 1.30943e-05
0 0.50297 0.33569 0.0489978 0.155556 1.311e-05
0 0.32294 0.56633 0.0504826 0.136027 1.31342e-05
0 0.425947 0.339731 0.0538233 0.151515 1.31513e-05
0 0.06366 0.304714 0.045657 0.104377 1.31724e-05
0 0.336488 0.348485 0.0419451 0.107071 1.32008e-05
0 0.237194 0.665657 0.0445434 0.0976431 1.32165e-05
0 0.71121 0.888552 0.0430586 0.0989899 1.32412e-05
0 0.485523 0.86229 0.060876 0.146128 1.32565e-05
0 0.834261 0.987542 0.0263549 0.0249158 1.32664e-05
0 0.781366 0.0289562 0.0326652 0.0579125 1.32718e-05
0 0.601336 0.265993 0.0497402 0.107744 1.32757e-05
0 0.00705271 0.150842 0.0141054 0.13064 1.3328e-05
0 0.907944 0.970034 0.0571641 0.0599327 1.33741e-05
0 0.77654 0.43064 0.0497402 0.115152 1.34037e-05
0 0.0235709 0.342761 0.0471418 0.102357 1.34241e-05
0 0.112658 0.665993 0.0441722 0.138721 1.34294e-05
0 0.191722 0.151852 0.0872309 0.140741 1.34401e-05
0 0.738864 0.304377 0.0382331 0.118519 1.34418e-05
0 0.00835189 0.706734 0.0167038 0.16633 1.3451e-05
0 0.557164 0.607071 0.0319228 0.0962963 1.35052e-05
0 0.843541 0.993603 0.0360059 0.0127946 1.35579e-05
0 0.74369 0.93771 0.0360059 0.124579 1.35892e-05
0 0.779324 0.989226 0.0649592 0.0215488 1.3706e-05
0 0.415553 0.271717 0.0463994 0.0949495 1.37306e-05
0 0.107275 0.209428 0.0994803 0.16835 1.37483e-05
0 0.0109503 0.12963 0.0219005 0.20404 1.37617e-05
0 0.940423 0.469024 0.0679287 0.140741 1.38007e-05
0 0.550111 0.204377 0.0883445 0.144781 1.38312e-05
0 0.795286 0.154882 0.0731255 0.136027 1.38515e-05
0 0.381403 0.942088 0.0924276 0.115825 1.38677e-05
0 0.19098 0.930976 0.0538233 0.138047 1.38708e-05
0 0.0848181 0.39798 0.0441722 0.109091 1.38994e-05
0 0.750186 0.0164983 0.0460282 0.0329966 1.39258e-05
0 0.731811 0.975421 0.0605048 0.0491582 1.39281e-05
0 0.417595 0.956229 0.0393467 0.0875421 1.39393e-05
0 0.135486 0.348485 0.0452858 0.0989899 1.39407e-05
0 0.351707 0.874411 0.0619896 0.134007 1.39711e-05
0 0.861915 0.167677 0.0408315 0.113131 1.39932e-05
0 0.561247 0.883838 0.0519673 0.0976431 1.40322e-05
0 0.45657 0.0138047 0.0378619 0.0276094 1.40414e-05
0 0.691166 0.985185 0.0378619 0.0296296 1.40454e-05
0 0.554937 0.944108 0.0445434 0.111785 1.40521e-05
0 0.728285 0.980471 0.0155902 0.0390572 1.40979e-05
0 0.981626 0.860606 0.0367483 0.200673 1.41007e-05
0 0.753155 0.978114 0.0148478 0.043771 1.4138e-05
0 0.0603192 0.994613 0.0300668 0.0107744 1.41443e-05
0 0.301411 0.273401 0.0534521 0.0996633 1.41741e-05
0 0.725687 0.16633 0.0527097 0.0835017 1.42276e-05
0 0.661284 0.813468 0.0723831 0.158923 1.42413e-05
0 0.7049 0.207407 0.0898293 0.150842 1.42508e-05
0 0.443578 0.949832 0.0905716 0.100337 1.42511e-05
0 0.862287 0.623232 0.043801 0.113805 1.4304e-05
0 0.320156 0.934343 0.0998515 0.131313 1.43304e-05
0 0.25928 0.305387 0.0367483 0.104377 1.43703e-05
0 0.237194 0.523569 0.0467706 0.101684 1.44094e-05
0 0.267446 0.944444 0.0434298 0.111111 1.44415e-05
0 0.811804 0.801683 0.043801 0.101684 1.44851e-05
0 0.120824 0.221886 0.0679287 0.0989899 1.44898e-05
0 0.773942 0.0538721 0.0786934 0.107744 1.45261e-05
0 1 0.704377 0 0.185859 1.4579e-05
0 0.414811 0.376431 0.0434298 0.119865 1.45983e-05
0 0.442465 0.376094 0.0460282 0.113805 1.45985e-05
0 0.764291 0.576768 0.0430586 0.101684 1.46488e-05
0 0.242947 0.16532 0.0567929 0.0868687 1.47175e-05
0 0.233482 0.957576 0.0222717 0.0848485 1.4748e-05
0 0.629547 0.205387 0.0927988 0.149495 1.4778e-05
0 0.131589 0.83771 0.0768374 0.137374 1.47975e-05
0 0.219191 0.0292929 0.0330364 0.0585859 1.48078e-05
0 0.343912 0.0141414 0.0374907 0.0282828 1.48356e-05
0 0.767817 0.943098 0.0352635 0.113805 1.48555e-05
0 0.702116 0.0602694 0.0790646 0.120539 1.48711e-05
0 0.137342 0.979798 0.017075 0.040404 1.48896e-05
0 0.862472 0.701684 0.0835189 0.153535 1.48976e-05
0 0.943578 0.0232323 0.0319228 0.0464646 1.49007e-05
0 0.239421 0.347811 0.0386043 0.0962963 1.4908e-05
0 0.389013 0.716498 0.03415 0.121212 1.49432e-05
0 0.293244 0.020202 0.0408315 0.040404 1.49765e-05
0 0.556978 0.975758 0.0404603 0.0484848 1.49841e-05
0 0.217706 0.699663 0.0946548 0.181818 1.49869e-05
0 0.581106 0.0171717 0.0397179 0.0343434 1.50282e-05
0 0.783964 0.953872 0.0185598 0.0922559 1.5062e-05
0 0.0196733 1 0.0393467 0 1.50678e-05
0 0.21288 0.483838 0.0412027 0.105724 1.51514e-05
0 0.782294 0.163973 0.0515961 0.0868687 1.51628e-05
0 0.713437 0.986869 0.0267261 0.0262626 1.5182e-05
0 0.207869 0.958923 0.0237565 0.0821549 1.51928e-05
0 0.14588 0.961616 0.060876 0.0767677 1.51976e-05
0 0.806422 0.0252525 0.0315516 0.050505 1.5206e-05
0 0.512992 0.423232 0.0489978 0.214815 1.52191e-05
0 0.62101 0.97037 0.0616184 0.0592593 1.52606e-05
0 0.317929 0.940067 0.0449146 0.119865 1.52828e-05
0 0.156459 0.0222222 0.0308092 0.0444444 1.52887e-05
0 0.233111 0.752189 0.0564217 0.113131 1.53145e-05
0 0.611915 0.149495 0.079807 0.13468 1.5355e-05
0 0.128248 0.481145 0.0664439 0.109764 1.53709e-05
0 0.650705 0.760943 0.0571641 0.180471 1.54053e-05
0 0.0115071 0.856229 0.0230141 0.206734 1.54108e-05
0 0.785264 0.844108 0.0419451 0.0962963 1.5422e-05
0 0.194135 0.0249158 0.0319228 0.0498317 1.55034e-05
0 0.673719 0.154209 0.0772086 0.133333 1.55746e-05
0 0.728471 0.987879 0.0256125 0.0242424 1.55784e-05
0 0.232368 0.703704 0.0556793 0.113131 1.5686e-05
0 0.609874 0.883838 0.0534521 0.100337 1.56863e-05
0 0.47977 0.269024 0.0471418 0.0936027 1.5715e-05
0 0.474573 0.20303 0.0879733 0.143434 1.57666e-05
0 0.182814 0.960606 0.0256125 0.0787879 1.57979e-05
0 0.327765 0.989562 0.0675575 0.0208754 1.58136e-05
0 0.918708 0.0232323 0.0311804 0.0464646 1.58638e-05
0 0.402747 0.208081 0.0898293 0.146801 1.59448e-05
0 0.745546 0.43165 0.0515961 0.106397 1.5965e-05
0 0.0100223 0.392256 0.0200445 0.125926 1.59665e-05
0 0.00890869 0.466667 0.0178174 0.140067 1.59692e-05
0 0.286748 0.956229 0.0657016 0.0875421 1.59788e-05
0 0.894395 0.679461 0.0605048 0.13064 1.60135e-05
0 0.0237565 0.477441 0.047513 0.199327 1.6081e-05
0 0.352079 0.990236 0.0219005 0.0195286 1.61034e-05
0 0.56199 0.350842 0.0386043 0.0996633 1.61284e-05
0 0.767632 0.99495 0.03415 0.010101 1.6146e-05
0 0.469191 0.932997 0.0579065 0.134007 1.61921e-05
0 0.901262 0.261953 0.0638456 0.106397 1.6209e-05
0 0.121381 0.159596 0.0660728 0.10101 1.62136e-05
0 0.711767 0.00740741 0.0389755 0.0148148 1.62394e-05
0 0.712324 0.0393939 0.047513 0.0787879 1.62801e-05
0 0.987008 0.0498317 0.0259837 0.0996633 1.62986e-05
0 0.863586 0.46633 0.0723831 0.13266 1.63202e-05
0 0.00946548 0.678114 0.018931 0.145455 1.63308e-05
0 0.530809 0.0185185 0.0400891 0.037037 1.63338e-05
0 0.58686 0.821549 0.0497402 0.160269 1.63379e-05
0 0.616926 0.779798 0.0430586 0.131987 1.6343e-05
0 0.83686 0.621886 0.0397179 0.107071 1.64105e-05
0 0.620082 0.940741 0.0864885 0.118519 1.64522e-05
0 0.835189 0.435354 0.0408315 0.108418 1.64946e-05
0 0.818671 0.988216 0.0256125 0.023569 1.65462e-05
0 0.234224 0.439057 0.0460282 0.0996633 1.65804e-05
0 0.131589 0.0212121 0.0308092 0.0424242 1.65894e-05
0 0.936526 0.621212 0.0497402 0.140741 1.66815e-05
0 0.851336 0.0508418 0.0820341 0.101684 1.67333e-05
0 0.803638 0.988552 0.0252413 0.0228956 1.68362e-05
0 0.940609 0.929966 0.0452858 0.140067 1.68369e-05
0 0.174276 0.428956 0.049369 0.123906 1.68989e-05
0 0.506682 0.589562 0.0311804 0.0855219 1.69017e-05
0 0.786934 0.662626 0.0460282 0.0915825 1.69199e-05
0 0.603192 0.747811 0.0319228 0.16633 1.69387e-05
0 0.899777 0.480135 0.0564217 0.125253 1.69791e-05
0 0.946919 0.990236 0.03415 0.0195286 1.70186e-05
0 0.321826 0.993939 0.0185598 0.0121212 1.70333e-05
0 0.559577 0.947475 0.0857461 0.105051 1.7035e-05
0 0.788604 0.987879 0.0263549 0.0242424 1.70359e-05
0 0.512249 0.393603 0.0393467 0.100337 1.70651e-05
0 0.795657 0.0346801 0.0642168 0.0693603 1.7071e-05
0 0.837231 0.568013 0.0664439 0.140741 1.70789e-05
0 0.176132 0.0558923 0.0790646 0.111785 1.7112e-05
0 0.762064 0.948822 0.0675575 0.102357 1.71245e-05
0 0.13029 0.594613 0.0712695 0.129293 1.71283e-05
0 0.979027 0.684848 0.0419451 0.126599 1.71512e-05
0 0.812361 0.757576 0.0441722 0.102357 1.72251e-05
0 0.835004 0.664983 0.0441722 0.101684 1.72388e-05
0 0.981997 0.873737 0.0360059 0.116498 1.724e-05
0 0.662584 0.1633 0.0504826 0.0841751 1.72567e-05
0 0.631218 0.0148148 0.0374907 0.0296296 1.7259e-05
0 0.625278 0.862626 0.0508537 0.117172 1.73094e-05
0 0.0874165 0.345118 0.0441722 0.100337 1.73392e-05
0 0.887157 0.300337 0.0527097 0.115825 1.7383e-05
0 0.864143 0.30202 0.0482554 0.115152 1.73861e-05
0 0.596511 0.861953 0.0482554 0.118519 1.74114e-05
0 0.0553081 0.989226 0.0348924 0.0215488 1.74121e-05
0 0.859503 0.0313131 0.0567929 0.0626263 1.74371e-05
0 0.600594 0.157576 0.0489978 0.0929293 1.75326e-05
0 0.899777 0.951515 0.0289532 0.0969697 1.75422e-05
0 0.185783 0.0346801 0.0523385 0.0693603 1.75673e-05
0 0.869154 0.0228956 0.0308092 0.0457912 1.75899e-05
0 0.567186 0.209764 0.0519673 0.0949495 1.7597e-05
0 0.292316 0.942424 0.0419451 0.115152 1.76785e-05
0 0.953044 0.824242 0.0864885 0.149495 1.76894e-05
0 0.261878 0.957239 0.0649592 0.0855219 1.77004e-05
0 0.537305 0.989899 0.0649592 0.020202 1.77855e-05
0 0.707498 0.480135 0.0423163 0.106397 1.79243e-05
0 0.867298 0.955219 0.0300668 0.0707071 1.79682e-05
0 0.688196 0.394276 0.0415739 0.100337 1.79821e-05
0 0.40683 0.975421 0.0400891 0.0491582 1.79939e-05
0 0.719191 0.213805 0.0567929 0.101684 1.80208e-05
0 0.63029 0.683502 0.0408315 0.118519 1.80462e-05
0 0.716407 0.935354 0.0467706 0.129293 1.8069e-05
0 0.90516 0.565657 0.0790646 0.179125 1.80731e-05
0 0.811062 0.620875 0.0460282 0.0996633 1.80832e-05
0 0.0226429 0.589562 0.0452858 0.212121 1.81598e-05
0 0.0206013 1 0.0412027 0 1.8248e-05
0 0.684484 0.440741 0.043801 0.0828283 1.82499e-05
0 0.717149 0.43266 0.0489978 0.101684 1.82698e-05
0 0.500742 0.951515 0.0890869 0.0969697 1.83299e-05
0 0.643653 0.211448 0.0564217 0.102357 1.83601e-05
0 0.389569 0.985859 0.0374907 0.0282828 1.83958e-05
0 0.529881 0.981818 0.0308092 0.0363636 1.84404e-05
0 0.988493 0.263636 0.0230141 0.197306 1.84592e-05
0 0.0077951 0.93468 0.0155902 0.127946 1.84729e-05
0 0.23608 0.621549 0.0467706 0.10101 1.84979e-05
0 0.211767 0.963636 0.0619896 0.0727273 1.85397e-05
0 0.0244989 0.486532 0.0489978 0.101684 1.85653e-05
0 0.525984 0.724242 0.0319228 0.16633 1.8628e-05
0 0.661284 0.264983 0.0515961 0.0962963 1.86344e-05
0 0.0872309 0.30505 0.0445434 0.102357 1.86702e-05
0 0.121566 0.26633 0.0619896 0.0922559 1.86792e-05
0 0.330735 0.985185 0.0319228 0.0296296 1.87093e-05
0 0.0558649 0.580135 0.062732 0.120539 1.87463e-05
0 0.95193 0.703367 0.079807 0.16633 1.87671e-05
0 0.837788 0.961279 0.0653304 0.0774411 1.88487e-05
0 0.306793 0.440404 0.0434298 0.107744 1.89547e-05
0 0.569228 0.986195 0.0412027 0.0276094 1.89588e-05
0 0.679844 0.939394 0.045657 0.121212 1.89815e-05
0 0.182628 0.2633 0.0556793 0.0969697 1.9019e-05
0 0.106347 0.0205387 0.0308092 0.0410774 1.90728e-05
0 0.242576 0.943771 0.0426875 0.112458 1.90761e-05
0 0.978099 0.479461 0.0386043 0.123906 1.90915e-05
0 0.240349 0.273064 0.0553081 0.0976431 1.91568e-05
0 0.0562361 0.896633 0.0657016 0.107071 1.92261e-05
0 0.966592 0.972391 0.0415739 0.0552189 1.92668e-05
0 0.792687 0.215825 0.0597624 0.112458 1.93047e-05
0 0.985709 0.937037 0.028582 0.125926 1.93394e-05
0 0.0211581 0.0649832 0.0423163 0.129966 1.93824e-05
0 0.923348 0.0494949 0.0775798 0.0989899 1.94241e-05
0 0.237008 0.959259 0.0634744 0.0814815 1.94699e-05
0 0.786192 0.711448 0.0430586 0.0922559 1.9473e-05
0 0.0790646 0.926263 0.0512249 0.147475 1.94802e-05
0 0.978285 0.577778 0.0404603 0.136027 1.9488e-05
0 0.438196 0.977778 0.0248701 0.0444444 1.96505e-05
0 0.0077951 0.363636 0.0155902 0.13064 1.96671e-05
0 0.0614328 0.479461 0.0612472 0.111785 1.96857e-05
0 0.841871 0.1633 0.0593912 0.0949495 1.96901e-05
0 0.418151 0.214815 0.0553081 0.0915825 1.98683e-05
0 0.359874 0.985859 0.0352635 0.0282828 1.9924e-05
0 0.736266 0.0326599 0.0642168 0.0653199 2.01662e-05
0 0.942094 0.343434 0.0668151 0.133333 2.02761e-05
0 0.181514 0.0127946 0.0363771 0.0255892 2.02953e-05
0 0.403304 0.0575758 0.0812918 0.115152 2.03251e-05
0 0.637528 0.0377104 0.045657 0.0754209 2.03281e-05
0 0.491834 0.210438 0.0527097 0.0895623 2.03595e-05
0 0.893838 0.0239057 0.0319228 0.0478114 2.03716e-05
0 0.979399 0.255219 0.0389755 0.13064 2.04085e-05
0 0.435226 0.0323232 0.0619896 0.0646465 2.04175e-05
0 0.132517 0.717508 0.0690423 0.125926 2.04223e-05
0 0.941166 0.209091 0.0664439 0.124579 2.05111e-05
0 0.506496 0.0161616 0.0382331 0.0323232 2.0516e-05
0 0.0515961 0.785859 0.0616184 0.125253 2.05696e-05
0 0.545657 0.851852 0.0579065 0.148148 2.05756e-05
0 0.479584 0.983165 0.030438 0.03367 2.05861e-05
0 0.535449 0.520202 0.0241277 0.115152 2.05876e-05
0 0.0879733 0.0185185 0.0467706 0.037037 2.06167e-05
0 0.154603 0.987205 0.0293244 0.0255892 2.06232e-05
0 0.235338 0.482828 0.047513 0.0983165 2.0646e-05
0 0.253526 0.210774 0.0890869 0.153535 2.06971e-05
0 0.864885 0.967003 0.0326652 0.0659933 2.07172e-05
0 0.138085 0.961616 0.0244989 0.0767677 2.07363e-05
0 0.493875 0.0356902 0.0605048 0.0713805 2.0737e-05
0 0.787862 0.579798 0.0397179 0.105051 2.09017e-05
0 0.447476 0.990572 0.0649592 0.0188552 2.09198e-05
0 0.818857 0.013468 0.0363771 0.026936 2.09809e-05
0 0.452673 0.973064 0.0426875 0.0538721 2.10231e-05
0 0.318857 0.0178451 0.0378619 0.0356902 2.10799e-05
0 0.0213437 0.0387205 0.0426875 0.0774411 2.11197e-05
0 0.906088 0.0144781 0.0363771 0.0289562 2.11239e-05
0 0.732554 0.568013 0.049369 0.182492 2.11296e-05
0 0.419079 0.986532 0.0393467 0.026936 2.12459e-05
0 0.427431 0.0117845 0.0441722 0.023569 2.12613e-05
0 0.728471 0.013468 0.0463994 0.026936 2.12864e-05
0 0.223274 0.580471 0.0775798 0.218182 2.15335e-05
0 0.0113215 0.76532 0.0226429 0.213468 2.15415e-05
0 0.0231997 0.599663 0.0463994 0.117845 2.15457e-05
0 0.00631032 0.250505 0.0126206 0.13064 2.16038e-05
0 0.610431 0.395286 0.0404603 0.0983165 2.16134e-05
0 0.330921 0.657912 0.0278396 0.144108 2.17841e-05
0 0.733482 0.618855 0.0400891 0.0942761 2.181e-05
0 0.761136 0.843771 0.0419451 0.0969697 2.18293e-05
0 0.773385 0.987542 0.0256125 0.0249158 2.1844e-05
0 0.787305 0.344781 0.060876 0.123906 2.19856e-05
0 0.198589 0.349495 0.0668151 0.117172 2.20073e-05
0 0.985709 0.0407407 0.028582 0.0814815 2.21293e-05
0 0.919636 0.653872 0.0501114 0.176431 2.22685e-05
0 0.8402 0.473737 0.0634744 0.12862 2.22747e-05
0 0.705085 0.363973 0.0820341 0.183838 2.23565e-05
0 0.331663 0.211111 0.0894581 0.144781 2.23899e-05
0 0.905716 0.610101 0.0497402 0.193939 2.24076e-05
0 0.059948 0.159933 0.0649592 0.108418 2.24692e-05
0 0.0827765 0.437374 0.0489978 0.115152 2.24779e-05
0 0.762249 0.554882 0.0723831 0.162963 2.26329e-05
0 0.415367 0.0373737 0.0460282 0.0747475 2.26489e-05
0 0.490163 0.0367003 0.0426875 0.0734007 2.27106e-05
0 0.143838 0.0121212 0.0360059 0.0242424 2.27197e-05
0 0.764848 0.620875 0.0449146 0.0929293 2.27304e-05
0 0.21752 0.940741 0.043801 0.118519 2.28184e-05
0 0.564402 0.0390572 0.0434298 0.0781145 2.28338e-05
0 0.554566 0.0353535 0.0631032 0.0707071 2.28676e-05
0 0.48608 0.0154882 0.0412027 0.0309764 2.29466e-05
0 0.705271 0.0222222 0.0415739 0.0444444 2.29574e-05
0 0.267446 0.444108 0.045657 0.0962963 2.2983e-05
0 0.0159614 0.970034 0.0319228 0.0599327 2.29996e-05
0 0.013363 0.33266 0.0267261 0.219529 2.30157e-05
0 0.723274 0.269024 0.0538233 0.0962963 2.32015e-05
0 0.811804 0.709764 0.0452858 0.0983165 2.32087e-05
0 0.735709 0.845118 0.0445434 0.0969697 2.33706e-05
0 0.931143 0.0131313 0.0352635 0.0262626 2.34794e-05
0 0.986266 0.30303 0.0252413 0.141414 2.34847e-05
0 0.0211581 0.828956 0.0423163 0.20202 2.35079e-05
0 0.288976 0.627609 0.0486266 0.0969697 2.35684e-05
0 0.497216 0.974074 0.0412027 0.0518519 2.36759e-05
0 0.98608 0.0737374 0.0278396 0.117845 2.36878e-05
0 0.267632 0.222896 0.0593912 0.0915825 2.3699e-05
0 0.0211581 0.711448 0.0423163 0.20404 2.373e-05
0 0.615071 0.03367 0.0653304 0.0673401 2.37752e-05
0 0.762064 0.712458 0.0408315 0.0929293 2.38363e-05
0 0.753712 0.675421 0.0597624 0.131987 2.38886e-05
0 0.786192 0.755219 0.0408315 0.0909091 2.39355e-05
0 0.270973 0.352862 0.0586489 0.129293 2.39772e-05
0 0 0.0410774 0 0.0821549 2.39946e-05
0 0.263177 0.39596 0.0408315 0.0956229 2.39975e-05
0 0.00835189 0.300337 0.0167038 0.126599 2.40079e-05
0 0.75464 0.946128 0.0386043 0.107744 2.40889e-05
0 0.677617 0.0292929 0.0649592 0.0585859 2.41444e-05
0 0.631032 0.819865 0.0497402 0.150168 2.41797e-05
0 0.856347 0.0124579 0.0356347 0.0249158 2.42413e-05
0 0.327209 0.0555556 0.0805494 0.111111 2.43092e-05
0 0.79343 0.016835 0.0374907 0.03367 2.43267e-05
0 0.418337 0.717508 0.0311804 0.139394 2.43555e-05
0 0.869339 0.347811 0.0682999 0.105724 2.43733e-05
0 0.508909 0.985522 0.0415739 0.0289562 2.44251e-05
0 0.0514105 0.680471 0.0619896 0.124579 2.45384e-05
0 0.833705 0.955556 0.0200445 0.0888889 2.45809e-05
0 0.786006 0.80202 0.0426875 0.0942761 2.46237e-05
0 0.132146 0.0252525 0.0697847 0.050505 2.4647e-05
0 0.976986 0.370707 0.0408315 0.125926 2.47284e-05
0 0.546028 0.0161616 0.0423163 0.0323232 2.47329e-05
0 0.606904 0.0151515 0.043801 0.030303 2.47848e-05
0 0.669451 0.0104377 0.045657 0.0208754 2.48215e-05
0 0.611359 0.840404 0.0497402 0.0996633 2.48546e-05
0 0.206199 0.016835 0.0374907 0.03367 2.48623e-05
0 0.0443578 1 0.0300668 0 2.51507e-05
0 0.854306 0.904377 0.0463994 0.172391 2.51821e-05
0 0.00983667 1 0.0196733 0 2.53403e-05
0 0.885486 0.943434 0.0694135 0.113131 2.5412e-05
0 0.0623608 0.26835 0.0660728 0.101684 2.54327e-05
0 0.280624 0.398317 0.0400891 0.142088 2.55213e-05
0 0.477543 0.989899 0.0649592 0.020202 2.55357e-05
0 0.97977 1 0.0330364 0 2.55357e-05
0 0.737194 0.654545 0.0653304 0.103704 2.55435e-05
0 0.988307 0.913468 0.0233853 0.173064 2.5623e-05
0 0.124165 0.383502 0.0649592 0.104377 2.56339e-05
0 0.868226 0.209764 0.0690423 0.108418 2.57463e-05
0 0.182442 0.208081 0.0887157 0.150842 2.59135e-05
0 0.376021 0.0276094 0.0616184 0.0552189 2.59701e-05
0 0.0079807 0.877104 0.0159614 0.134007 2.62758e-05
0 0.369525 0.00740741 0.0449146 0.0148148 2.62783e-05
0 0.000371195 0.965657 0.000742391 0.0686869 2.63176e-05
0 0.303081 0.480471 0.0412027 0.1367 2.65448e-05
0 0.730141 0.944781 0.0400891 0.110438 2.67095e-05
0 0.00742391 0.785185 0.0148478 0.145455 2.6799e-05
0 0.339087 0.0346801 0.0478842 0.0693603 2.68172e-05
0 0.881218 0.0141414 0.0363771 0.0282828 2.68497e-05
0 0.986637 0.0488215 0.0267261 0.0976431 2.68563e-05
0 0.986266 0.93569 0.0252413 0.123232 2.68925e-05
0 0.118597 0.0124579 0.0352635 0.0249158 2.69758e-05
0 0.29974 0.394613 0.0567929 0.13468 2.69911e-05
0 0.813289 0.66734 0.0452858 0.0956229 2.70282e-05
0 0.682814 0.684848 0.0360059 0.106397 2.7112e-05
0 0.89124 0.908081 0.0371195 0.10303 2.72919e-05
0 0.656088 0.0175084 0.0382331 0.0350168 2.73685e-05
0 0.762064 0.802357 0.0423163 0.0936027 2.73832e-05
0 0.809577 0.955219 0.0200445 0.0895623 2.74035e-05
0 0.345768 0.219529 0.0567929 0.0902357 2.7444e-05
0 0.194506 0.0252525 0.0697847 0.050505 2.77861e-05
0 0.986451 0.602357 0.0270973 0.23771 2.78046e-05
0 0.16611 0.925252 0.0575353 0.149495 2.80636e-05
0 0.843541 0.260269 0.0619896 0.105724 2.80838e-05
0 0.0226429 0.724242 0.0452858 0.116498 2.8099e-05
0 0.900334 0.379125 0.0605048 0.117172 2.81504e-05
0 0.060876 0.377104 0.0682999 0.105051 2.81829e-05
0 0.180401 0.955219 0.0467706 0.0895623 2.85386e-05
0 0.53415 0.376094 0.0460282 0.109764 2.87214e-05
0 0.195434 0.221212 0.0612472 0.0936027 2.88757e-05
0 0.78712 0.619529 0.045657 0.0942761 2.88793e-05
0 0.71121 0.846465 0.0430586 0.0956229 2.89552e-05
0 0.661099 0.846465 0.0415739 0.10101 2.90473e-05
0 0.230698 0.0181818 0.0374907 0.0363636 2.90886e-05
0 0.56663 0.543098 0.0360059 0.158249 2.90934e-05
0 0.718263 0.646801 0.0319228 0.104377 2.9134e-05
0 0.214365 0.477104 0.0701559 0.152862 2.93261e-05
0 0.874165 0.936027 0.0489978 0.127946 2.93647e-05
0 0.686711 0.846128 0.0430586 0.0989899 2.93799e-05
0 0.0213437 0.838384 0.0426875 0.119865 2.94001e-05
0 0.104491 0.949832 0.0360059 0.100337 2.97823e-05
0 0.742576 0.810101 0.0597624 0.122559 3.02238e-05
0 0.106162 0.33165 0.0534521 0.144781 3.05325e-05
0 0.904232 0.907071 0.0408315 0.119865 3.05834e-05
0 0.0434298 0.0117845 0.03415 0.023569 3.06498e-05
0 0.18467 0.473064 0.0575353 0.127273 3.06797e-05
0 0.986266 0.615488 0.0244989 0.161616 3.07289e-05
0 0.0658872 0.00740741 0.0508537 0.0148148 3.09017e-05
0 0.643838 0.775421 0.0360059 0.115152 3.0997e-05
0 0.630661 0.375421 0.0868597 0.189226 3.11655e-05
0 0.030438 0.961279 0.0497402 0.0774411 3.11772e-05
0 0.768189 0.0191919 0.0382331 0.0383838 3.11833e-05
0 0.0176318 1 0.0352635 0 3.12131e-05
0 0.920193 0.917845 0.0571641 0.16431 3.12357e-05
0 0.775798 0.483165 0.0623608 0.148822 3.12905e-05
0 0.586674 0.395286 0.0404603 0.0983165 3.1299e-05
0 0.00909428 0.345455 0.0181886 0.121212 3.15185e-05
0 0.262621 0.0286195 0.0545657 0.0572391 3.1553e-05
0 0.781923 0.263973 0.0545657 0.10101 3.17173e-05
0 0.662212 0.608418 0.0527097 0.101684 3.19612e-05
0 0.710468 0.780135 0.0690423 0.135354 3.19943e-05
0 0.457684 0.518182 0.0230141 0.115152 3.2238e-05
0 0.719376 0.380135 0.0579065 0.119192 3.22963e-05
0 0.184298 0.381145 0.0575353 0.110438 3.24565e-05
0 0.861173 0.947811 0.0690423 0.104377 3.27011e-05
0 0.662955 0.479461 0.0445434 0.105051 3.28575e-05
0 0.866926 0.905724 0.0389755 0.118519 3.32212e-05
0 0.720304 0.661953 0.0515961 0.177778 3.34998e-05
0 0.129176 0.947475 0.0386043 0.105051 3.35367e-05
0 0.80271 0.949832 0.0345212 0.100337 3.39497e-05
0 0.855234 0.956566 0.0326652 0.0828283 3.4183e-05
0 0.0109503 0.651178 0.0219005 0.208754 3.45382e-05
0 0.0283964 0.0282828 0.0478842 0.0565657 3.45732e-05
0 0.305494 0.73771 0.0616184 0.17037 3.46268e-05
0 0.647736 0.586195 0.0564217 0.139394 3.46454e-05
0 0.988307 0.694613 0.0233853 0.20404 3.46954e-05
0 0.762806 0.754882 0.0393467 0.0915825 3.50735e-05
0 0.849109 0.965993 0.0360059 0.0680135 3.5249e-05
0 0.986637 0.118855 0.0222717 0.139394 3.52884e-05
0 0.494803 0.687205 0.0215293 0.135354 3.56104e-05
0 0.986637 0.762626 0.0267261 0.23367 3.56901e-05
0 0.709354 0.610438 0.0482554 0.116498 3.60775e-05
0 1 0.0313131 0 0.0626263 3.63811e-05
0 0.985523 0.799663 0.0222717 0.158249 3.69349e-05
0 0.362472 0.408081 0.0486266 0.138721 3.74106e-05
0 0.340386 0.377441 0.0616184 0.1367 3.76292e-05
0 0.407572 0.699663 0.0274684 0.157576 3.80923e-05
0 0.431514 0.522559 0.0248701 0.13064 3.81062e-05
0 0.638641 0.376094 0.0545657 0.134007 3.83241e-05
0 0.61173 0.604714 0.0445434 0.149495 3.8915e-05
0 0.640497 0.493939 0.0478842 0.131313 3.93496e-05
0 0.957498 0.990909 0.0367483 0.0181818 3.94497e-05
0 0.0176318 0.0144781 0.0337788 0.0289562 3.9937e-05
0 0.817372 0.953199 0.03415 0.0936027 3.99711e-05
0 0.531552 0.616498 0.0274684 0.0989899 4.00129e-05
0 0.255754 0.0198653 0.0668151 0.0397306 4.05228e-05
0 0.0100223 0.0481481 0.0200445 0.0962963 4.06719e-05
0 0.585189 0.545118 0.0367483 0.127273 4.10781e-05
0 0.480141 0.683502 0.0226429 0.118519 4.12493e-05
0 0.721232 0.589899 0.0460282 0.117172 4.13513e-05
0 0.812546 0.946128 0.0668151 0.107744 4.17729e-05
0 0.467892 0.97138 0.0419451 0.0572391 4.23364e-05
0 0.337416 0.706397 0.0593912 0.111785 4.25775e-05
0 0.525056 0.525926 0.0337788 0.133333 4.27368e-05
0 0.314588 0.0191919 0.0642168 0.0383838 4.29676e-05
0 0.649592 0.423232 0.0541945 0.116498 4.33101e-05
0 0.661841 0.388889 0.0571641 0.135354 4.35218e-05
0 0.634187 0.445791 0.045657 0.0861953 4.37694e-05
0 0.620267 0.42862 0.0467706 0.109764 4.40232e-05
0 0.842428 0.381481 0.0619896 0.108418 4.41578e-05
0 0.44098 0.9633 0.0415739 0.0734007 4.47438e-05
0 0.353378 0.541077 0.0519673 0.138047 4.60677e-05
0 0.979584 0.0232323 0.0408315 0.0464646 4.66044e-05
0 0.955457 0.0171717 0.0363771 0.0343434 4.71114e-05
0 0.432999 0.730303 0.0337788 0.123232 4.76741e-05
0 0.530995 0.9633 0.0397179 0.0734007 4.87105e-05
0 0.569042 0.423569 0.0371195 0.138721 4.87373e-05
0 0.562918 0.647138 0.0352635 0.144108 4.88309e-05
0 0.988679 0.128956 0.0226429 0.206734 4.89497e-05
0 0.0105791 0.0107744 0.0211581 0.0215488 5.02251e-05
0 0.245546 0.388552 0.0567929 0.131987 5.1086e-05
0 0.977543 0.954545 0.0449146 0.0909091 5.19128e-05
0 0.0115071 0.9367 0.0230141 0.126599 5.30133e-05
0 0.986451 0.443771 0.0270973 0.208754 5.42094e-05
0 0.142539 0.941414 0.0386043 0.117172 5.62847e-05
0 0.609503 0.56431 0.0363771 0.110438 5.9426e-05
0 0.675947 0.587879 0.0504826 0.131987 6.11956e-05
0 0.287862 0.46229 0.0382331 0.0976431 6.34421e-05
0 0.988493 0.831313 0.0230141 0.213468 6.41946e-05
0 0.615256 0.474074 0.049369 0.171044 6.55153e-05
0 0.00965108 1 0.0193022 0 6.58486e-05
0 0.987379 0.390236 0.0252413 0.127273 6.8006e-05
0 0.486266 0.960943 0.0415739 0.0781145 7.00848e-05
0 0.332777 0.752189 0.0790646 0.179125 7.12462e-05
0 0.879362 0.96936 0.0274684 0.0612795 7.17761e-05
0 0.494246 0.622222 0.0226429 0.125253 7.22507e-05
0 0.312546 0.620875 0.0534521 0.107744 7.33316e-05
0 0.49369 0.764646 0.0720119 0.190572 7.35099e-05
0 0.660728 0.66431 0.0408315 0.131313 7.42521e-05
0 0.600037 0.404714 0.0523385 0.149495 7.49663e-05
0 0.674462 0.742761 0.0430586 0.0956229 7.50315e-05
0 0.250742 0.737374 0.0686711 0.157576 7.57484e-05
0 0.840757 0.950505 0.0334076 0.0989899 7.6284e-05
0 0.985895 0.00707071 0.0282108 0.0141414 7.68305e-05
0 0.402747 0.396633 0.0504826 0.171044 7.81668e-05
0 0.987008 0.43771 0.0237565 0.131987 7.91167e-05
0 0.426132 0.977104 0.0252413 0.0457912 7.96007e-05
0 0.0924276 0.939731 0.0386043 0.120539 8.00433e-05
0 0.988864 0.0198653 0.0222717 0.0397306 8.19887e-05
0 0.371938 0.549158 0.0356347 0.116498 8.23417e-05
0 0.419451 0.518519 0.0296956 0.129293 8.41953e-05
0 0.00649592 0.992929 0.0129918 0.0141414 8.48921e-05
0 0.463994 0.687205 0.0163326 0.158249 8.6731e-05
0 0.0337788 1 0.0348924 0 8.69119e-05
0 0.68931 0.506061 0.0460282 0.116498 8.92398e-05
0 0.988307 0.356566 0.0233853 0.213468 9.1673e-05
0 0.630475 0.580808 0.0397179 0.116498 9.29497e-05
0 0.283964 0.721549 0.0445434 0.113805 9.49392e-05
0 0.474573 0.401684 0.0449146 0.16633 9.51831e-05
0 0.0077951 0.963636 0.0155902 0.0727273 9.72076e-05
0 0.170935 0.968013 0.0352635 0.0639731 0.000101684
0 0.279324 0.576431 0.0449146 0.136027 0.000106376
0 0.988493 0.991583 0.0230141 0.016835 0.000109074
0 0.558463 0.39798 0.045657 0.141414 0.000110316
0 0.395509 0.461953 0.0412027 0.114478 0.000113233
0 0.266889 0.687542 0.0668151 0.140067 0.000113679
0 0.707127 0.66633 0.0408315 0.12862 0.000113896
0 0.00965108 0.013468 0.0193022 0.026936 0.000116237
0 0.31997 0.50202 0.0541945 0.143434 0.000118692
0 0.695805 0.569697 0.0441722 0.123906 0.00011895
0 0.0686711 0.980135 0.0230141 0.0397306 0.000120886
0 0.929473 0.943771 0.0408315 0.112458 0.000123312
0 0.377506 0.648822 0.03415 0.109764 0.000125206
0 0.690423 0.606734 0.0482554 0.0969697 0.000127231
0 0.334633 0.668013 0.0567929 0.0929293 0.000141026
0 0.0439866 0.970034 0.0352635 0.0599327 0.000142221
0 0.988679 0.960606 0.0226429 0.0787879 0.000145005
0 0.729584 0.501683 0.0515961 0.103704 0.000152366
0 0.0237565 0.994613 0.047513 0.0107744 0.000162604
0 0.458797 0.622222 0.0230141 0.123906 0.000179924
0 0.0105791 0.99495 0.0211581 0.010101 0.000183276
0 0.989235 0.537374 0.0215293 0.223569 0.000207749
0 0.634744 0.742424 0.0408315 0.127273 0.000207859
0 0.420007 0.420875 0.0463994 0.154882 0.000210526
0 0.605419 0.455556 0.0482554 0.100337 0.000222968
0 0.418523 0.752189 0.0538233 0.192593 0.00022875
0 0.544729 0.419529 0.0486266 0.162963 0.00024111
0 0.706756 0.56633 0.0326652 0.0929293 0.000244944
0 0.515033 0.688552 0.0256125 0.135354 0.000262306
0 0.949146 0.956902 0.0378619 0.0861953 0.000269181
0 0.155345 0.963973 0.0308092 0.0720539 0.000294087
0 0.0634744 0.964983 0.030438 0.0700337 0.000301292
0 0.310134 0.668687 0.0501114 0.102357 0.000320761
0 0.490906 0.427946 0.0449146 0.178451 0.00033026
0 0.405716 0.580471 0.0423163 0.176431 0.000350431
0 0.72513 0.738384 0.0471418 0.121886 0.000369307
0 0.755197 0.501347 0.0538233 0.148822 0.000390407
0 0.443393 0.494613 0.032294 0.152862 0.00039623
0 0.587973 0.46229 0.0482554 0.131313 0.000406332
0 0.0560505 0.976094 0.0230141 0.0478114 0.000417004
0 0.724202 0.707407 0.0682999 0.108418 0.000499687
0 0.661656 0.707744 0.0434298 0.0848485 0.000726385
0 0.618597 0.705051 0.0397179 0.165657 0.000767237
0 0.373237 0.683838 0.0545657 0.155556 0.000819758
0 0.545657 0.715151 0.0460282 0.162963 0.000971899
0 0.298255 0.550842 0.0434298 0.117172 0.00099479
0 0.642725 0.544444 0.049369 0.117845 0.00133309
0 0.267075 0.515825 0.0582777 0.117172 0.00161044
0 0.280438 0.496633 0.0434298 0.108418 0.00178072
0 0.555865 0.483165 0.0374907 0.177104 0.00211143
0 0.663697 0.552862 0.0556793 0.142761 0.0022888
0 0.657387 0.739394 0.0386043 0.10101 0.00253246
0 0.717706 0.557576 0.0664439 0.123906 0.0028862
0 0.410728 0.480808 0.0360059 0.184512 0.00309381
0 0.585932 0.719529 0.0315516 0.186532 0.00416859
0 0.388827 0.522896 0.0434298 0.1367 0.0067511
0 0.721232 0.529966 0.0489978 0.0942761 0.00745993
0 0.451745 0.649832 0.0319228 0.16835 0.00763464
0 0.485338 0.676431 0.0404603 0.183838 0.0142306
0 0.581477 0.607744 0.049369 0.177104 0.0143984
0 0.68337 0.711448 0.0638456 0.0949495 0.0171524
0 0.572569 0.568687 0.0723831 0.33468 0.0890508
0 0.477728 0.658923 0.156644 0.16229 0.0949065
0 0.488307 0.565993 0.0426875 0.344108 0.122882
0 0.402376 0.575758 0.0586489 0.36633 0.125335
0 0.490349 0.479461 0.114328 0.154882 0.126592
0 0.418523 0.663636 0.0879733 0.163636 0.170707
0 0.339829 0.684175 0.150334 0.137374 0.20508
0 0.571641 0.677441 0.0734967 0.162963 0.241946
0 0.542131 0.670034 0.0708983 0.162963 0.24703
0 0.468077 0.648485 0.0564217 0.156229 0.25019
0 0.547884 0.488889 0.0772086 0.149495 0.252819
0 0.424462 0.492929 0.0820341 0.153535 0.266511
0 0.500186 0.645455 0.0538233 0.151515 0.298582
0 0.305865 0.532323 0.0712695 0.177104 0.300849
0 0.599295 0.518855 0.0783222 0.155556 0.311876
0 0.644766 0.522896 0.0876021 0.121886 0.371493
0 0.629733 0.706397 0.0894581 0.145455 0.418691
0 0.401076 0.506734 0.0352635 0.151515 0.746673
0 0.522457 0.655892 0.0233853 0.161616 0.790629
0 0.545471 0.674074 0.0308092 0.180471 0.791967
0 0.484967 0.648822 0.0226429 0.148822 0.792759
0 0.502784 0.650168 0.0241277 0.148822 0.802655
0 0.672977 0.519192 0.0579065 0.111785 0.812247
0 0.645323 0.716835 0.0553081 0.101684 0.813362
0 0.625464 0.541077 0.0400891 0.152862 0.813906
0 0.465664 0.652525 0.0256125 0.158923 0.814756
0 0.704157 0.53468 0.043801 0.123906 0.822753
0 0.601893 0.694276 0.0419451 0.179125 0.823172
0 0.597439 0.516498 0.0360059 0.16835 0.823251
0 0.574053 0.687205 0.0337788 0.177104 0.828566
0 0.368411 0.513805 0.049369 0.165657 0.835223
0 0.293244 0.513468 0.0386043 0.138047 0.836335
0 0.541574 0.485185 0.0311804 0.154209 0.837995
0 0.335189 0.53064 0.0601336 0.16835 0.843183
0 0.569599 0.490572 0.0389755 0.163636 0.845045
0 0.440794 0.665657 0.0345212 0.181145 0.848212
0 0.457127 0.480808 0.0300668 0.150842 0.848398
0 0.51559 0.478451 0.0319228 0.146128 0.850831
0 0.429659 0.480808 0.0352635 0.172391 0.852674
0 0.485152 0.477778 0.0326652 0.154209 0.857411
0 0.291203 0.689562 0.05902 0.121212 0.859888
0 0.702858 0.716162 0.0597624 0.119192 0.862814
0 0.414811 0.663636 0.0330364 0.169024 0.86725
0 0.389013 0.669024 0.0408315 0.16633 0.872075
