0 0.486511 0.890416 0.0358463 0.101206 9.19636e-06
0 0.511456 0.930965 0.0487805 0.0965147 9.23656e-06
0 0.0855506 0.575067 0.0432373 0.120643 9.23743e-06
0 0.14357 0.997319 0.0291944 0.00536193 9.24214e-06
0 0.431264 0.683981 0.030303 0.0985255 9.24381e-06
0 0.493163 1 0.0328899 0 9.28328e-06
0 0.80765 0.974866 0.0609756 0.0502681 9.29135e-06
0 0.334812 0.894437 0.0413895 0.099866 9.31568e-06
0 0.583518 0.498324 0.0258684 0.105228 9.34751e-06
0 0.533075 0.500335 0.026238 0.105228 9.37715e-06
0 0.773097 1 0.0894309 0 9.39484e-06
0 0.80303 0.979558 0.014782 0.0408847 9.41373e-06
0 0.868995 0.989946 0.0668884 0.0201072 9.42165e-06
0 0.809128 0.955094 0.0195861 0.0898123 9.44672e-06
0 0.435144 0.393767 0.0351072 0.13874 9.45307e-06
0 0.311899 0.839812 0.0546933 0.101877 9.46471e-06
0 0.511456 0.30563 0.0384331 0.0965147 9.46857e-06
0 0.725425 0.330764 0.0606061 0.149464 9.4967e-06
0 0.354582 0.0539544 0.0447154 0.107909 9.49919e-06
0 0.299704 0.392426 0.0421286 0.121314 9.51165e-06
0 0.0873984 0.483579 0.0432373 0.113271 9.51248e-06
0 0.837583 0.670241 0.071323 0.143432 9.51391e-06
0 0.646711 0.928619 0.0561715 0.142761 9.52867e-06
0 0.481523 0.84752 0.0672579 0.244638 9.55244e-06
0 0.0872136 0.709786 0.0443459 0.116622 9.56058e-06
0 0.720621 0.754692 0.0805617 0.171582 9.61337e-06
0 0.834072 0.991622 0.022912 0.016756 9.61576e-06
0 0.161308 0.166555 0.0432373 0.11193 9.62575e-06
0 0.228012 0.977212 0.0155211 0.0455764 9.69686e-06
0 0.436622 0.210121 0.0380636 0.119973 9.701e-06
0 1 0.969169 0 0.0616622 9.72555e-06
0 0.283259 0.958445 0.0232816 0.0831099 9.72933e-06
0 0.162232 0.257708 0.0421286 0.114611 9.74145e-06
0 0.311345 0.894437 0.0424982 0.099866 9.80491e-06
0 0.837029 0.958445 0.0628234 0.0831099 9.81787e-06
0 0.825018 0.0113941 0.0439763 0.0227882 9.84506e-06
0 0.27864 0.982239 0.0184775 0.0355228 9.87197e-06
0 0.68884 0.211126 0.0406504 0.112601 9.96357e-06
0 0.856984 0.931971 0.0436068 0.136059 9.98983e-06
0 0.518662 1 0.033629 0 1.00031e-05
0 0.138581 0.756032 0.0436068 0.116622 1.00295e-05
0 0.453252 0.770107 0.0594974 0.227882 1.0049e-05
0 0.412417 0.204759 0.0591279 0.109249 1.0072e-05
0 0.762749 0.871314 0.0849963 0.147453 1.00892e-05
0 0.708241 0.794571 0.0498891 0.19504 1.01072e-05
0 0.086844 0.440684 0.0413895 0.113271 1.01336e-05
0 0.757761 0.918901 0.0454545 0.162198 1.01476e-05
0 0.195122 0.795912 0.0842572 0.168231 1.01514e-05
0 0.870658 0.0764075 0.0820399 0.152815 1.01558e-05
0 0.353289 0.270777 0.0561715 0.159517 1.01872e-05
0 0.0606061 0.398458 0.0391722 0.113271 1.02156e-05
0 0.813008 0.167225 0.045085 0.122654 1.02171e-05
0 0.118625 0.216488 0.0635625 0.101877 1.02274e-05
0 0.861789 0.892426 0.0413895 0.115952 1.02326e-05
0 0.141907 0.807306 0.0583888 0.144102 1.02534e-05
0 0.505728 1 0.033629 0 1.0263e-05
0 0.535477 0.92996 0.0473023 0.094504 1.0278e-05
0 0.253695 0.980898 0.0166297 0.0382038 1.03166e-05
0 0.570399 0.587466 0.0388027 0.115952 1.03704e-05
0 0.593681 0.0529491 0.0506282 0.105898 1.03899e-05
0 0.161863 0.84752 0.0406504 0.113271 1.03924e-05
0 0.385994 0.0710456 0.0750185 0.142091 1.04425e-05
0 0.386364 0.755027 0.0380636 0.102547 1.04479e-05
0 0.963784 0.437332 0.0406504 0.136059 1.04567e-05
0 0.635809 0.929625 0.0535846 0.0991957 1.04605e-05
0 0.0849963 0.620643 0.0443459 0.120643 1.0468e-05
0 0.796194 0.0727212 0.0764967 0.145442 1.0486e-05
0 0.136733 0.395442 0.0406504 0.10992 1.0521e-05
0 0.778825 0.981568 0.115669 0.0368633 1.05288e-05
0 0.27476 0.0717158 0.0728012 0.143432 1.05383e-05
0 0.0480414 0.323056 0.0539542 0.147453 1.05439e-05
0 0.485588 0.303954 0.0369549 0.097185 1.05469e-05
0 0.836474 0.882373 0.0742794 0.128016 1.05644e-05
0 0.480599 1 0.0328899 0 1.05995e-05
0 0.427384 0.268767 0.0587583 0.150134 1.06321e-05
0 0.65558 0.95945 0.0421286 0.0810992 1.06553e-05
0 0.986142 0.120308 0.0269771 0.122654 1.06914e-05
0 0.134885 0.892761 0.0406504 0.121984 1.0711e-05
0 0.00831486 0.159517 0.0166297 0.112601 1.0719e-05
0 0.420362 0.853887 0.0750185 0.247989 1.07197e-05
0 0.312084 0.934651 0.0461936 0.094504 1.07491e-05
0 0.812454 0.258043 0.04102 0.112601 1.07503e-05
0 0.235957 0.801609 0.0454545 0.104558 1.07675e-05
0 0.648004 0.0720509 0.0772358 0.144102 1.08585e-05
0 0.485403 0.347185 0.0402809 0.100536 1.0865e-05
0 0.759978 0.169906 0.0388027 0.133378 1.08778e-05
0 0.706763 1 0.0550628 0 1.08852e-05
0 0.162786 0.573727 0.0432373 0.105898 1.09151e-05
0 0.568551 0.86126 0.056541 0.223861 1.0949e-05
0 0.685514 0.0713807 0.0746489 0.142761 1.09592e-05
0 0.17997 1 0.0872136 0 1.09614e-05
0 0.387287 0.891421 0.0399113 0.0965147 1.09839e-05
0 0.33629 0.838472 0.0532151 0.101877 1.0997e-05
0 0.286585 0.964477 0.0587583 0.0710456 1.09983e-05
0 0.983186 0.572721 0.033629 0.295576 1.10937e-05
0 0.45473 0.998995 0.0284553 0.00201072 1.11e-05
0 0.0864745 0.66555 0.0458241 0.120643 1.11346e-05
0 0.872321 0.98492 0.033629 0.0301609 1.11688e-05
0 0.408906 0.49933 0.0277162 0.101877 1.1176e-05
0 0.114191 0.52681 0.0362158 0.117962 1.11866e-05
0 0.334996 0.933981 0.0454545 0.094504 1.12335e-05
0 0.991131 0.515416 0.0177384 0.233244 1.12339e-05
0 0.0136733 0.33445 0.0273466 0.193029 1.12656e-05
0 0.158537 0.994303 0.0569106 0.0113941 1.13101e-05
0 0.910754 0.991957 0.0558019 0.0160858 1.13564e-05
0 0.907428 0.52882 0.0417591 0.131367 1.13736e-05
0 0.611789 0.93063 0.0535846 0.0958445 1.14205e-05
0 0.711567 0.262399 0.0365854 0.117292 1.14306e-05
0 0.659645 0.210791 0.0399113 0.11193 1.14631e-05
0 0.643385 0.287869 0.0583888 0.19504 1.14805e-05
0 0.338692 0.212466 0.0343681 0.11126 1.14898e-05
0 0.187361 0.850536 0.0413895 0.108579 1.15233e-05
0 0.374908 0.913204 0.0521064 0.173592 1.15441e-05
0 0.360865 0.851877 0.0794531 0.243968 1.15814e-05
0 0.162232 0.303284 0.0436068 0.114611 1.15815e-05
0 0.744457 0.768767 0.0594974 0.170241 1.16055e-05
0 0.937361 0.804625 0.0469327 0.130697 1.16083e-05
0 0.210643 0.712802 0.0436068 0.107909 1.16345e-05
0 0.586844 0.257708 0.0384331 0.107909 1.16357e-05
0 0.694383 0.0599866 0.0339985 0.119973 1.16469e-05
0 0.568736 1 0.0332594 0 1.16787e-05
0 0.387472 0.936662 0.0432373 0.094504 1.17695e-05
0 0.445307 0.681971 0.0273466 0.094504 1.18003e-05
0 0.316334 0.876341 0.0776053 0.247319 1.18234e-05
0 0.543976 1 0.0332594 0 1.18302e-05
0 0.406135 1 0.0546933 0 1.18799e-05
0 0.114006 0.940013 0.0454545 0.115952 1.18813e-05
0 0.0872136 0.0150804 0.0458241 0.0301609 1.18998e-05
0 0.482077 1 0.0558019 0 1.1923e-05
0 0.678492 0.298593 0.0724316 0.212466 1.1926e-05
0 0.593866 1 0.0325203 0 1.19441e-05
0 0.135625 0.847855 0.0428677 0.120643 1.19619e-05
0 0.388396 0.259383 0.0384331 0.10992 1.20303e-05
0 0.843866 0.493633 0.0661493 0.213807 1.21034e-05
0 0.31116 0.0720509 0.0739098 0.144102 1.21194e-05
0 0.462306 0.303954 0.0391722 0.097185 1.21248e-05
0 0.185883 0.621984 0.0421286 0.105898 1.21353e-05
0 0.773651 0.473861 0.0521064 0.124665 1.21519e-05
0 0.999815 0.935992 0.000369549 0.128016 1.21556e-05
0 0.162602 0.349531 0.0436068 0.11059 1.21636e-05
0 0.886364 0.441019 0.0469327 0.126005 1.21753e-05
0 0.211013 0.618633 0.0428677 0.0978552 1.21789e-05
0 0.499815 0.869303 0.0631929 0.135389 1.22375e-05
0 0.834072 0.0747319 0.0798226 0.149464 1.2258e-05
0 0.997413 0.454759 0.00517369 0.176273 1.23029e-05
0 0.555432 1 0.0546933 0 1.23042e-05
0 0.895787 0.875 0.067997 0.144102 1.23403e-05
0 0.555802 0.332105 0.0517369 0.182976 1.23674e-05
0 0.704915 0.982574 0.114191 0.0348525 1.23876e-05
0 0.34867 0.0723861 0.0757576 0.144772 1.24046e-05
0 0.263489 0.704088 0.0546933 0.122654 1.24065e-05
0 0.284738 0.715818 0.0617147 0.190349 1.25025e-05
0 0.415558 0.696381 0.0424982 0.13807 1.25515e-05
0 0.179231 0.982574 0.112343 0.0348525 1.25564e-05
0 0.2415 0.0807641 0.0668884 0.161528 1.25584e-05
0 0.908721 0.620308 0.037694 0.132038 1.25661e-05
0 0.929416 0.32071 0.103474 0.176273 1.25697e-05
0 0.908352 0.666555 0.0413895 0.126676 1.26392e-05
0 0.0251293 0.265751 0.0502587 0.153485 1.26806e-05
0 0.206578 0.601877 0.067997 0.142091 1.27039e-05
0 0.144863 1 0.0317812 0 1.27254e-05
0 0.236511 0.30563 0.0384331 0.103217 1.2734e-05
0 0.130266 0.0180965 0.0439763 0.036193 1.27528e-05
0 0.328529 1 0.0864745 0 1.27558e-05
0 0.260717 0.952078 0.0365854 0.0958445 1.28197e-05
0 0.909645 0.710791 0.0469327 0.121314 1.28944e-05
0 0.253511 1 0.0894309 0 1.2895e-05
0 0.58592 0.93063 0.0513673 0.094504 1.29237e-05
0 0.0328899 0.0107239 0.0332594 0.0214477 1.29321e-05
0 0.460828 0.879692 0.0458241 0.0958445 1.29322e-05
0 0.843866 0.157172 0.0661493 0.113271 1.29372e-05
0 0.47949 0.984584 0.111234 0.0308311 1.30033e-05
0 0.172395 0.95945 0.0698448 0.0810992 1.30053e-05
0 0.996674 0.571716 0.00665188 0.180965 1.30311e-05
0 0.722469 0.0707105 0.0746489 0.141421 1.3034e-05
0 0.557834 0.498995 0.0247598 0.101206 1.30369e-05
0 0.155026 0.989611 0.0240207 0.0207775 1.30624e-05
0 0.998337 0.826407 0.00332594 0.152815 1.30654e-05
0 0.624169 1 0.0864745 0 1.30941e-05
0 0.955285 0.00837802 0.0317812 0.016756 1.31092e-05
0 0.804139 0.865282 0.0783444 0.124665 1.3122e-05
0 0.232816 0.702748 0.0546933 0.122654 1.31275e-05
0 0.964893 0.351542 0.0406504 0.141421 1.31383e-05
0 0.485588 0.938338 0.0362158 0.0951743 1.31652e-05
0 0.886364 0.621984 0.0432373 0.135389 1.31756e-05
0 0.262565 0.322721 0.0432373 0.128016 1.3176e-05
0 0.239837 0.904491 0.0643016 0.178954 1.31846e-05
0 0.180894 0.844169 0.110495 0.158847 1.31883e-05
0 0.178123 0.0563003 0.0783444 0.112601 1.31956e-05
0 0.812454 0.441689 0.0388027 0.115281 1.32149e-05
0 0.856061 0.86059 0.0572801 0.226542 1.32281e-05
0 0.120288 0.67929 0.0698448 0.148123 1.32722e-05
0 0.681079 0.0482574 0.0458241 0.0965147 1.33048e-05
0 0.443459 0.0519437 0.0473023 0.103887 1.33103e-05
0 0.71748 0.546247 0.0535846 0.127346 1.33141e-05
0 0.36105 0.257373 0.0369549 0.108579 1.33315e-05
0 0.842387 0.98559 0.0343681 0.0288204 1.33466e-05
0 0.210828 0.801944 0.0454545 0.103887 1.33717e-05
0 0.436622 0.937332 0.0402809 0.0904826 1.34201e-05
0 0.667591 0.981903 0.0328899 0.036193 1.34202e-05
0 0.425536 0.345845 0.0513673 0.132708 1.34225e-05
0 0.0436068 0.00670241 0.0317812 0.0134048 1.34229e-05
0 0.839061 0.788874 0.0705839 0.140751 1.34861e-05
0 0.435698 0.753016 0.0362158 0.094504 1.35275e-05
0 0.909645 0.845845 0.0447154 0.131367 1.3554e-05
0 0.135625 0.0385389 0.0665189 0.0770777 1.35563e-05
0 0.315041 0.273458 0.0572801 0.154155 1.35604e-05
0 0.160015 0.66689 0.0502587 0.113941 1.35661e-05
0 0.893755 0.925268 0.0602365 0.149464 1.35835e-05
0 0.156504 0.0563003 0.0380636 0.112601 1.35882e-05
0 0.168884 0.466153 0.0576497 0.180295 1.36486e-05
0 0.405211 0.982239 0.113452 0.0355228 1.36517e-05
0 0.450111 0.990617 0.0243902 0.0187668 1.36588e-05
0 0.887287 0.799598 0.0546933 0.124665 1.36711e-05
0 0.116778 0.643432 0.0509978 0.128686 1.37078e-05
0 0.0683666 1 0.0332594 0 1.37193e-05
0 0.527162 0.84618 0.0668884 0.239276 1.37365e-05
0 0.187177 0.710791 0.0469327 0.107909 1.37442e-05
0 0.512195 0.345509 0.0391722 0.101206 1.37714e-05
0 0.000554324 0.963807 0.00110865 0.0723861 1.37912e-05
0 0.0142276 0.102882 0.0284553 0.205764 1.38165e-05
0 0.233555 0.956099 0.0206948 0.0878016 1.38385e-05
0 0.552661 0.982574 0.111973 0.0348525 1.39179e-05
0 0.857539 0.324397 0.119364 0.176944 1.39183e-05
0 0.560976 0.92996 0.0495196 0.0931635 1.3925e-05
0 0.679786 0.349531 0.0447154 0.118633 1.39505e-05
0 0.61068 0.0703753 0.0816704 0.140751 1.39529e-05
0 0.436807 0.302949 0.0399113 0.0978552 1.39542e-05
0 0.989653 0.0975201 0.0206948 0.157507 1.39607e-05
0 0.185144 0.667895 0.0458241 0.109249 1.39891e-05
0 0.186068 0.30429 0.0417591 0.10992 1.3992e-05
0 0.0343681 1 0.0399113 0 1.3993e-05
0 0.290281 0.258713 0.0343681 0.105898 1.39947e-05
0 0.938101 0.327413 0.0654102 0.123995 1.40035e-05
0 0.460089 0.938003 0.037694 0.0931635 1.40152e-05
0 0.61105 0.757708 0.0461936 0.0985255 1.40389e-05
0 0.410569 0.936662 0.0428677 0.0918231 1.40567e-05
0 0.5 0.932976 0.0849963 0.134048 1.40757e-05
0 0.861419 0.57071 0.0909091 0.162869 1.41714e-05
0 0.683666 0.994303 0.0561715 0.0113941 1.41945e-05
0 0.855691 0.0137399 0.0432373 0.0274799 1.42609e-05
0 0.62731 0.772118 0.0920177 0.238606 1.43436e-05
0 0.862343 0.326407 0.0779749 0.121984 1.43469e-05
0 0.414265 0.760724 0.0443459 0.112601 1.43957e-05
0 0.498891 0.595509 0.0258684 0.115952 1.44288e-05
0 0.461936 0.84685 0.0339985 0.102547 1.44779e-05
0 0.330192 0.981568 0.113452 0.0368633 1.44888e-05
0 0.983186 0.150469 0.033629 0.200402 1.4548e-05
0 0.65558 0.0509383 0.0458241 0.101877 1.4588e-05
0 0.920177 0.928619 0.0650406 0.142761 1.46091e-05
0 0.277716 0.273458 0.0580192 0.158177 1.46256e-05
0 0.211752 0.712466 0.0872136 0.16622 1.46469e-05
0 0.25425 0.981568 0.111604 0.0368633 1.46802e-05
0 0.473577 0.916555 0.0476718 0.117292 1.4759e-05
0 0.207687 0.877681 0.0716925 0.188338 1.47863e-05
0 0.860495 0.942694 0.0905395 0.114611 1.48256e-05
0 0.211567 0.305295 0.0395418 0.103887 1.48275e-05
0 0.633407 0.510724 0.0421286 0.140751 1.48451e-05
0 0.289357 0.212466 0.0332594 0.117962 1.48688e-05
0 0.628234 0.982239 0.112343 0.0355228 1.48771e-05
0 0.18459 0.213472 0.0927568 0.169571 1.48809e-05
0 0.711936 0.710791 0.0447154 0.102547 1.49036e-05
0 0.983186 0.0981903 0.033629 0.196381 1.49069e-05
0 0.19235 0.461461 0.0750185 0.152145 1.49247e-05
0 0.078714 0.762399 0.0554324 0.115952 1.494e-05
0 0.230599 0.646783 0.0539542 0.119303 1.4958e-05
0 0.607539 0.258713 0.0813008 0.159517 1.50082e-05
0 0.961752 1 0.0402809 0 1.50169e-05
0 0.334442 0.801944 0.0983001 0.232574 1.5056e-05
0 0.234109 0.756367 0.0572801 0.122654 1.51088e-05
0 0.238359 0.616622 0.0465632 0.0938338 1.51306e-05
0 0.113636 0.324732 0.0934959 0.162869 1.51496e-05
0 0.338322 0.256032 0.0343681 0.104558 1.52109e-05
0 0.561345 0.880697 0.0480414 0.0965147 1.52381e-05
0 0.998891 0.699062 0.00221729 0.182306 1.52493e-05
0 0.00757576 0.20945 0.0151515 0.142761 1.52649e-05
0 0.138396 0.661193 0.0558019 0.11059 1.52728e-05
0 0.862343 0.802949 0.0424982 0.119303 1.52805e-05
0 0.124353 0.160858 0.056541 0.10992 1.52944e-05
0 0.071323 0.0351877 0.0635625 0.0703753 1.53323e-05
0 0.208795 0.955764 0.0214339 0.0884719 1.53777e-05
0 0.574279 0.06937 0.0835181 0.13874 1.53925e-05
0 0.261271 0.819705 0.107908 0.189008 1.5421e-05
0 0.687731 0.70945 0.0458241 0.102547 1.54254e-05
0 0.735588 0.303619 0.0402809 0.101877 1.54797e-05
0 0.88932 0.935992 0.0461936 0.103887 1.54817e-05
0 0.536955 0.0686997 0.0776053 0.137399 1.55011e-05
0 0.885994 0.0160858 0.0439763 0.0321716 1.5521e-05
0 0.171101 0.880362 0.0591279 0.156166 1.55249e-05
0 0.899113 0.677614 0.0776053 0.179625 1.55387e-05
0 0.117517 0.801944 0.0694752 0.142761 1.55477e-05
0 0.160569 0.936997 0.0388027 0.103217 1.55589e-05
0 0.813378 0.485925 0.0399113 0.10992 1.55725e-05
0 0.787324 0.48626 0.0380636 0.105228 1.55849e-05
0 0.500739 0.340147 0.0495196 0.141421 1.56204e-05
0 0.478936 0.267091 0.0480414 0.101206 1.56598e-05
0 0.804139 0.962131 0.0628234 0.0757373 1.57649e-05
0 0.95085 0.704759 0.082779 0.154826 1.57908e-05
0 0.983001 0.354223 0.0339985 0.286193 1.58036e-05
0 0.84017 0.370643 0.0654102 0.128686 1.59018e-05
0 0.743533 0.964812 0.0635625 0.0703753 1.59066e-05
0 0.211013 0.484249 0.0421286 0.0985255 1.59612e-05
0 0.0295639 0.659517 0.0591279 0.184987 1.59694e-05
0 0.186068 0.799598 0.0454545 0.107239 1.5977e-05
0 0.677384 0.882708 0.0643016 0.183646 1.59779e-05
0 0.461382 0.756032 0.0351072 0.0951743 1.59932e-05
0 0.8398 0.266421 0.0661493 0.118633 1.60018e-05
0 0.369364 0.0613271 0.0373245 0.122654 1.60335e-05
0 0.162047 0.757373 0.0469327 0.108579 1.60885e-05
0 0.647265 0.878351 0.0624538 0.173592 1.6093e-05
0 0.481523 0.208445 0.0872136 0.16756 1.61079e-05
0 0.813193 0.530496 0.0402809 0.109249 1.61239e-05
0 0.358278 0.210456 0.0365854 0.10992 1.61615e-05
0 0.99963 1 0.000739098 0 1.62022e-05
0 0.585366 0.743633 0.052476 0.137399 1.63408e-05
0 0.523836 0.591153 0.0291944 0.104558 1.64159e-05
0 0.464523 0.340147 0.0517369 0.14008 1.64233e-05
0 0.136733 0.52681 0.0421286 0.11126 1.64353e-05
0 0.134146 0.938338 0.0421286 0.108579 1.64538e-05
0 0.662232 0.759383 0.0421286 0.103217 1.64745e-05
0 0.210828 0.755362 0.0454545 0.105898 1.64828e-05
0 0.162047 0.800268 0.0432373 0.11126 1.64839e-05
0 0.125831 0.256367 0.0558019 0.125335 1.64855e-05
0 0.67997 0.990617 0.0251293 0.0187668 1.65517e-05
0 0.953067 0.883713 0.0554324 0.164209 1.65864e-05
0 1 1 0 0 1.6664e-05
0 0.406874 0.990617 0.0288248 0.0187668 1.66797e-05
0 0.0646711 0.16689 0.0554324 0.100536 1.66937e-05
0 0.211382 0.437332 0.0428677 0.101206 1.66941e-05
0 0.838692 0.443365 0.0417591 0.119973 1.67813e-05
0 0.362158 0.394102 0.045085 0.174263 1.67901e-05
0 0.61456 0.851542 0.0879527 0.137399 1.68838e-05
0 0.887657 0.84752 0.0406504 0.129357 1.68869e-05
0 0.557465 0.931635 0.0883222 0.136729 1.69084e-05
0 0.143016 0.0422252 0.0421286 0.0844504 1.69555e-05
0 0.411863 0.88874 0.0380636 0.0938338 1.69793e-05
0 0.834627 0.849196 0.0395418 0.108579 1.70107e-05
0 0.535846 0.877346 0.0591279 0.132708 1.7075e-05
0 0.160939 0.708445 0.0498891 0.10992 1.70985e-05
0 0.0371397 0.16622 0.0528455 0.10992 1.71074e-05
0 0.293976 0.868633 0.0580192 0.124665 1.71848e-05
0 0.886918 0.754692 0.0458241 0.121984 1.71999e-05
0 0.466371 0.822721 0.0546933 0.162869 1.72158e-05
0 0.0177384 1 0.0354767 0 1.73276e-05
0 0.0109017 0.525469 0.0218034 0.135389 1.74156e-05
0 0.247044 0.668566 0.0594974 0.16555 1.74223e-05
0 0.709534 0.204759 0.0628234 0.121314 1.74634e-05
0 0.739468 0.211796 0.0399113 0.13807 1.74876e-05
0 0.771988 0.0502681 0.0798226 0.100536 1.7495e-05
0 0.236881 0.959115 0.0650406 0.0817694 1.7497e-05
0 0.759608 0.394437 0.0388027 0.102547 1.75079e-05
0 0.263119 0.868968 0.0546933 0.122654 1.75306e-05
0 0.836659 0.802949 0.0421286 0.103217 1.7554e-05
0 0.0251293 0.956769 0.0502587 0.0864611 1.76762e-05
0 0.264043 0.810992 0.0572801 0.127346 1.77017e-05
0 0.186253 0.757708 0.0480414 0.103887 1.77192e-05
0 0.738359 0.481233 0.0643016 0.11126 1.78326e-05
0 0.00960828 0.318029 0.0192166 0.134718 1.79074e-05
0 0.539542 0.305295 0.0347376 0.0958445 1.79224e-05
0 0.183112 0.959786 0.0254989 0.080429 1.79275e-05
0 0.138396 0.70878 0.0461936 0.115952 1.79278e-05
0 0.68034 0.928284 0.0546933 0.143432 1.79566e-05
0 0.324834 0.810322 0.0591279 0.127346 1.79772e-05
0 0.900961 0.273458 0.0576497 0.119303 1.80786e-05
0 0.933666 0.0281501 0.0550628 0.0563003 1.8106e-05
0 0.710643 0.932306 0.0443459 0.0938338 1.81333e-05
0 0.961752 0.0187668 0.0447154 0.0375335 1.81441e-05
0 0.18884 0.159182 0.0532151 0.102547 1.82492e-05
0 0.0182927 0.00871314 0.0321508 0.0174263 1.82626e-05
0 0.925905 0.049933 0.078714 0.099866 1.828e-05
0 0.196415 0.220845 0.0646711 0.102547 1.82894e-05
0 0.322986 0.322721 0.0458241 0.114611 1.82944e-05
0 0.886918 0.531501 0.045085 0.131367 1.83497e-05
0 0.495381 0.143767 0.0735403 0.142761 1.83668e-05
0 0.838137 0.522453 0.0517369 0.106568 1.84075e-05
0 0.192535 0.0127346 0.0436068 0.0254692 1.85135e-05
0 0.163895 0.395777 0.0417591 0.105228 1.85776e-05
0 0.391537 0.853552 0.0750185 0.239276 1.86368e-05
0 0.451959 0.924598 0.0539542 0.150804 1.88036e-05
0 0.891722 0.307306 0.0546933 0.14008 1.89249e-05
0 0.793052 0.743633 0.059867 0.201743 1.89325e-05
0 0.555802 0.205764 0.0886918 0.168901 1.89974e-05
0 0.184775 0.255362 0.0532151 0.128686 1.89977e-05
0 0.985033 0.16555 0.0299335 0.119303 1.90122e-05
0 0.260717 0.203753 0.0772358 0.176944 1.91326e-05
0 0.223947 0.568029 0.09017 0.19504 1.91582e-05
0 0.4915 0.214477 0.0561715 0.107239 1.91859e-05
0 0.351441 0.340483 0.052476 0.135389 1.91886e-05
0 0.375092 0.354558 0.0458241 0.143432 1.92486e-05
0 0.0181079 1 0.0362158 0 1.93611e-05
0 0.197894 0.0328418 0.0624538 0.0656836 1.93924e-05
0 0.400961 0.0573056 0.0813008 0.114611 1.93935e-05
0 0.354767 0.759718 0.0517369 0.125335 1.94546e-05
0 0.014782 0.219504 0.0295639 0.231233 1.94895e-05
0 0.613636 0.259719 0.0424982 0.103887 1.95118e-05
0 0.585551 0.878686 0.0484109 0.0951743 1.95375e-05
0 0.906319 0.342828 0.0617147 0.154826 1.95937e-05
0 0.294161 0.808311 0.0583888 0.123324 1.95984e-05
0 0.357539 0.679625 0.0558019 0.150134 1.96357e-05
0 0.202882 0.648123 0.0546933 0.116622 1.9636e-05
0 0.540096 0.265751 0.0543237 0.109249 1.96553e-05
0 0.411123 0.349196 0.0388027 0.0978552 1.96879e-05
0 0.408906 0.0341823 0.0513673 0.0683646 1.97494e-05
0 0.33592 0.30563 0.0391722 0.0951743 1.98079e-05
0 0.94697 0.976542 0.0417591 0.0469169 1.98154e-05
0 0.952143 0.571716 0.078714 0.164879 1.98268e-05
0 0.163525 0.979558 0.0225425 0.0408847 1.98337e-05
0 0.836474 0.713472 0.0417591 0.105228 1.98873e-05
0 0.242979 0.258713 0.0535846 0.131367 1.99613e-05
0 0.592757 0.67996 0.037694 0.121314 2.00335e-05
0 0.990946 0.879692 0.0181079 0.229893 2.00749e-05
0 0.687361 0.761729 0.0413895 0.106568 2.01263e-05
0 0.884701 0.709115 0.0465632 0.121984 2.0173e-05
0 0.0301183 0.461126 0.0602365 0.24933 2.01892e-05
0 0.957132 0.830094 0.0813008 0.128016 2.01917e-05
0 0.863452 0.840483 0.0528455 0.116622 2.01947e-05
0 0.698263 0.0532842 0.0809313 0.106568 2.02006e-05
0 0.735588 0.344504 0.0461936 0.0965147 2.0201e-05
0 0.059867 0.20945 0.0532151 0.114611 2.02012e-05
0 0.265521 0.756032 0.0572801 0.120643 2.02411e-05
0 0.965447 0.8063 0.0454545 0.126005 2.03162e-05
0 0.985772 0.527815 0.0247598 0.141421 2.03341e-05
0 0.862158 0.753686 0.0458241 0.11193 2.03451e-05
0 0.0101626 0.585791 0.0203252 0.230563 2.04241e-05
0 0.285477 0.340818 0.0461936 0.094504 2.05298e-05
0 0.81116 0.851542 0.0443459 0.101206 2.06264e-05
0 0.865299 0.664209 0.0572801 0.117962 2.07912e-05
0 0.0103474 0.405831 0.0206948 0.219169 2.08103e-05
0 0.121027 0.363941 0.0617147 0.146113 2.08161e-05
0 0.229305 0.862265 0.0691057 0.119973 2.08279e-05
0 0.526608 0.923257 0.0569106 0.153485 2.08344e-05
0 0.810421 0.892761 0.0480414 0.103217 2.08383e-05
0 0.40133 0.976206 0.0339985 0.0475871 2.10068e-05
0 0.00868441 0.919571 0.0173688 0.128686 2.10172e-05
0 0.188101 0.350871 0.0421286 0.105228 2.10654e-05
0 0.223947 0.446716 0.0842572 0.169571 2.10699e-05
0 0.637103 0.881367 0.052476 0.0978552 2.1072e-05
0 0.309313 0.211461 0.037694 0.109249 2.11188e-05
0 0.659276 0.995643 0.0546933 0.00871314 2.12147e-05
0 0.0423134 0.650804 0.0498891 0.112601 2.12735e-05
0 0.383222 0.971515 0.0583888 0.0569705 2.12969e-05
0 0.949557 0.9313 0.0676275 0.132038 2.13085e-05
0 0.424612 0.149464 0.0532151 0.104558 2.1344e-05
0 0.642831 0.197386 0.0594974 0.125335 2.13574e-05
0 0.86456 0.454088 0.0853659 0.158847 2.14641e-05
0 0.410754 0.300938 0.0373245 0.100536 2.14805e-05
0 0.313932 0.716488 0.0506282 0.150134 2.15902e-05
0 0.665928 0.257373 0.0643016 0.126005 2.17105e-05
0 0.610865 0.878686 0.0495196 0.0938338 2.17218e-05
0 0.985403 0.0405496 0.0291944 0.0810992 2.176e-05
0 0.368625 0.0154155 0.0447154 0.0308311 2.18216e-05
0 0.968588 0.0563003 0.0436068 0.112601 2.18651e-05
0 0.59405 0.857239 0.0602365 0.205094 2.1927e-05
0 0.786031 0.524129 0.0458241 0.0991957 2.1941e-05
0 0.741316 0.426609 0.0576497 0.119973 2.19661e-05
0 0.487066 0.151139 0.0495196 0.0931635 2.20132e-05
0 0.985957 0.209115 0.0273466 0.131367 2.20479e-05
0 0.894309 0.475871 0.0576497 0.134048 2.20551e-05
0 0.323355 0.970509 0.0576497 0.0589812 2.20609e-05
0 0.0578344 0.019437 0.0461936 0.038874 2.21331e-05
0 0.684775 0.932976 0.0421286 0.0951743 2.22685e-05
0 0.772912 0.425268 0.0454545 0.123995 2.23411e-05
0 0.488174 0.965483 0.0413895 0.0690349 2.24159e-05
0 0.374538 0.0345174 0.0654102 0.0690349 2.25073e-05
0 0.637287 0.260724 0.0365854 0.105898 2.25923e-05
0 0.0443459 0.477547 0.0502587 0.121314 2.26031e-05
0 0.323171 0.758378 0.0550628 0.123995 2.26043e-05
0 0.510717 0.0760724 0.0546933 0.152145 2.26181e-05
0 0.681449 0.588472 0.067997 0.113941 2.26221e-05
0 0.308574 0.257038 0.037694 0.102547 2.26702e-05
0 0.629712 0.335456 0.0583888 0.178954 2.28325e-05
0 0.912971 0.939678 0.0432373 0.0991957 2.28459e-05
0 0.892831 0.573056 0.0569106 0.147453 2.28979e-05
0 0.566519 0.211796 0.0583888 0.113941 2.29089e-05
0 0.204176 0.869303 0.0498891 0.120643 2.29374e-05
0 0.706948 0.0452413 0.037694 0.0904826 2.29895e-05
0 0.766445 0.336126 0.0709534 0.177614 2.29932e-05
0 0.990761 0.753351 0.0184775 0.162198 2.30203e-05
0 0.289357 0.303954 0.0399113 0.094504 2.30291e-05
0 0.663341 0.934987 0.0399113 0.0965147 2.30706e-05
0 0.0195861 0.0626676 0.0391722 0.125335 2.31067e-05
0 0.426645 0.0160858 0.0447154 0.0321716 2.31255e-05
0 0.632853 0.0315013 0.0543237 0.0630027 2.31336e-05
0 0.495196 0.0398794 0.059867 0.0797587 2.33128e-05
0 0.487805 0.016756 0.0413895 0.0335121 2.33299e-05
0 0.0103474 0.256702 0.0206948 0.130027 2.33732e-05
0 0.73799 0.714812 0.0443459 0.107909 2.33751e-05
0 0.234848 0.891086 0.0417591 0.0985255 2.36475e-05
0 0.434035 0.0368633 0.0646711 0.0737265 2.36575e-05
0 0.866223 0.216153 0.0709534 0.118633 2.37437e-05
0 0.201959 0.928284 0.0971914 0.143432 2.37512e-05
0 0.984109 0.6813 0.0317812 0.279491 2.38208e-05
0 0.836659 0.664879 0.0413895 0.108579 2.38478e-05
0 0.0609756 0.438003 0.0421286 0.106568 2.3909e-05
0 0.542313 0.974196 0.0380636 0.0516086 2.39168e-05
0 0.81153 0.802614 0.0421286 0.097185 2.39439e-05
0 0.772173 0.372989 0.0454545 0.123995 2.4009e-05
0 0.540466 0.337131 0.04915 0.142091 2.40551e-05
0 0.0382483 0.210121 0.0454545 0.118633 2.40656e-05
0 0.121027 0.469839 0.0454545 0.171582 2.4094e-05
0 0.793792 0.621649 0.0569106 0.172252 2.41572e-05
0 0.414265 0.974531 0.0347376 0.0509383 2.42073e-05
0 0.39357 0.0619973 0.0362158 0.123995 2.42201e-05
0 0.240576 0.478887 0.045085 0.0985255 2.42476e-05
0 0.0635625 0.265416 0.0554324 0.104558 2.42724e-05
0 0.28289 0.397788 0.0343681 0.157507 2.42762e-05
0 0.202328 0.97185 0.0631929 0.0563003 2.43073e-05
0 0.421656 0.925268 0.0532151 0.149464 2.43452e-05
0 0.831301 0.606233 0.0617147 0.201743 2.43644e-05
0 0.985772 0.0442359 0.0284553 0.0884719 2.43647e-05
0 0.13119 0.594504 0.0672579 0.136729 2.43693e-05
0 0.285107 0.923257 0.0580192 0.153485 2.43899e-05
0 0.618071 0.931971 0.0898004 0.136059 2.44825e-05
0 0.186992 0.574062 0.0413895 0.097185 2.45e-05
0 0.342942 0.0479223 0.0458241 0.0958445 2.45957e-05
0 0.00776053 0.0754021 0.0155211 0.133378 2.4659e-05
0 0.211382 0.350536 0.0421286 0.0991957 2.46612e-05
0 0.210828 0.530831 0.0424982 0.0951743 2.48469e-05
0 0.00221729 0.0288204 0.00443459 0.0576407 2.50864e-05
0 0.94697 0.462466 0.0705839 0.147453 2.5104e-05
0 0.617886 0.0489276 0.0428677 0.0978552 2.52818e-05
0 0.720436 0.260724 0.0676275 0.155496 2.52828e-05
0 0.864375 0.712466 0.0473023 0.11126 2.53359e-05
0 0.271988 0.210456 0.0554324 0.107239 2.53512e-05
0 0.909276 0.019437 0.0484109 0.038874 2.53962e-05
0 0.783814 0.904491 0.0813008 0.191019 2.54503e-05
0 0.238914 0.532507 0.0447154 0.0918231 2.54526e-05
0 0.00997783 0.645777 0.0199557 0.122654 2.55066e-05
0 0.862158 0.576072 0.045085 0.125335 2.55099e-05
0 0.966001 0.941689 0.0421286 0.0965147 2.56442e-05
0 0.236142 0.350871 0.0413895 0.0958445 2.56477e-05
0 0.00886918 0.479893 0.0177384 0.130027 2.56556e-05
0 0.373429 0.589812 0.0343681 0.116622 2.57324e-05
0 0.11105 0.858579 0.078714 0.119303 2.58374e-05
0 0.746859 0.368968 0.0561715 0.119973 2.5891e-05
0 0.388027 0.301944 0.037694 0.099866 2.58926e-05
0 0.211752 0.573727 0.0421286 0.0911528 2.58969e-05
0 0.163525 0.527815 0.0424982 0.099866 2.6221e-05
0 0.545085 0.151475 0.0502587 0.0991957 2.62658e-05
0 0.608463 0.019437 0.0439763 0.038874 2.63235e-05
0 0.179601 0.938673 0.0465632 0.122654 2.64684e-05
0 0.985588 0.480228 0.0288248 0.123995 2.65574e-05
0 0.717849 0.930295 0.0535846 0.13941 2.65867e-05
0 0.836659 0.754357 0.0421286 0.102547 2.66456e-05
0 0.836659 0.574397 0.0532151 0.108579 2.67418e-05
0 0.988544 0.0536193 0.022912 0.107239 2.69502e-05
0 0.384885 0.859584 0.0558019 0.121314 2.70186e-05
0 0.360495 0.152815 0.0521064 0.105898 2.70283e-05
0 0.259423 0.928284 0.0968219 0.143432 2.70619e-05
0 0.555432 0.0385389 0.059867 0.0770777 2.70765e-05
0 0.128418 0.732909 0.0757576 0.152145 2.71569e-05
0 0.390798 0.924263 0.056541 0.151475 2.72273e-05
0 0.548411 0.016756 0.0413895 0.0335121 2.72364e-05
0 0.16833 0.0439008 0.0424982 0.0878016 2.72531e-05
0 0.782151 0.154826 0.0602365 0.107239 2.72625e-05
0 0.616223 0.0392091 0.0631929 0.0784182 2.74088e-05
0 0.310606 0.304625 0.0395418 0.094504 2.7435e-05
0 0.662417 0.15248 0.0558019 0.105228 2.75701e-05
0 0.352735 0.863271 0.0580192 0.124665 2.76308e-05
0 0.487435 0.836796 0.0436068 0.097185 2.7694e-05
0 0.839061 0.487601 0.0424982 0.11193 2.77098e-05
0 0.712306 0.762064 0.0402809 0.107239 2.77294e-05
0 0.362528 0.30429 0.0399113 0.0965147 2.80636e-05
0 0.0121951 0.209115 0.0243902 0.131367 2.8115e-05
0 0.242239 0.438673 0.0447154 0.0985255 2.81402e-05
0 0.46711 0.771113 0.0436068 0.161528 2.81696e-05
0 0.211197 0.390751 0.0439763 0.0991957 2.82778e-05
0 0.1966 0.372319 0.0716925 0.178954 2.82782e-05
0 0.687731 0.268767 0.0546933 0.121984 2.83371e-05
0 0.261456 0.97185 0.0572801 0.0563003 2.84457e-05
0 0.904656 0.956769 0.0458241 0.0864611 2.85867e-05
0 0.0101626 0.375335 0.0203252 0.123324 2.85907e-05
0 0.934775 0.942359 0.04102 0.0938338 2.86193e-05
0 0.773097 0.540885 0.0517369 0.107239 2.87808e-05
0 0.257206 0.0321716 0.0613452 0.0643432 2.88344e-05
0 0.32354 0.867627 0.0572801 0.125335 2.88515e-05
0 0.6602 0.705429 0.0424982 0.13874 2.89523e-05
0 0.712491 0.892761 0.0443459 0.100536 2.90326e-05
0 0.468773 0.0509383 0.0424982 0.101877 2.90871e-05
0 0.332225 0.393432 0.0443459 0.164879 2.91717e-05
0 0.655026 0.978217 0.0314117 0.0435657 2.92987e-05
0 0.442905 0.864276 0.0498891 0.11059 2.93002e-05
0 0.51201 0.658512 0.0291944 0.126676 2.93435e-05
0 0.0478566 0.575067 0.0617147 0.131367 2.93494e-05
0 0.60255 0.150804 0.056541 0.104558 2.94225e-05
0 0.663526 0.891086 0.0432373 0.101206 2.94853e-05
0 0.842387 0.049933 0.04915 0.099866 2.95487e-05
0 0.316149 0.0315013 0.063932 0.0630027 2.96419e-05
0 0.686807 0.891756 0.0439763 0.101206 2.9792e-05
0 0.653548 0.650804 0.0580192 0.152815 2.98737e-05
0 0.693644 0.832105 0.0672579 0.182976 2.98987e-05
0 0.661678 0.302949 0.04102 0.0965147 3.00672e-05
0 0.667591 0.0180965 0.0454545 0.036193 3.01053e-05
0 0.810976 0.714142 0.04102 0.102547 3.01403e-05
0 0.0101626 0.0120643 0.0203252 0.0241287 3.02121e-05
0 0.78677 0.852212 0.0458241 0.097185 3.02254e-05
0 0.789172 0.203418 0.063932 0.113271 3.03836e-05
0 0.283629 0.552279 0.0351072 0.116622 3.04776e-05
0 0.317627 0.0509383 0.0439763 0.101877 3.05008e-05
0 0.892276 0.965483 0.0395418 0.0690349 3.05534e-05
0 0.720067 0.154826 0.0558019 0.108579 3.07302e-05
0 0.022912 0.538874 0.0399113 0.136729 3.0801e-05
0 0.990946 0.379692 0.0181079 0.22185 3.08189e-05
0 0.443274 0.814008 0.0476718 0.109249 3.08241e-05
0 0.0513673 0.983914 0.0384331 0.0321716 3.08344e-05
0 0.675536 0.0365282 0.0628234 0.0730563 3.08884e-05
0 0.941611 0.219839 0.0665189 0.126005 3.09078e-05
0 0.861234 0.529826 0.0461936 0.123995 3.10398e-05
0 0.441981 0.978217 0.0354767 0.0435657 3.10432e-05
0 0.780488 0.262399 0.059867 0.11059 3.12544e-05
0 0.735588 0.0355228 0.0602365 0.0710456 3.13301e-05
0 0.303954 0.158177 0.0506282 0.101877 3.14062e-05
0 0.73762 0.394102 0.0436068 0.0965147 3.16117e-05
0 0.764782 0.662869 0.0484109 0.11126 3.16271e-05
0 0.914265 0.0439008 0.0384331 0.0878016 3.17063e-05
0 0.386364 0.349866 0.0402809 0.0938338 3.17579e-05
0 0.0223577 0.59819 0.0447154 0.203083 3.1861e-05
0 0.293976 0.757373 0.056541 0.119303 3.18716e-05
0 0.355691 0.811997 0.0580192 0.126676 3.19363e-05
0 0.245381 0.157842 0.0509978 0.106568 3.19633e-05
0 0.312639 0.345845 0.0413895 0.0898123 3.19727e-05
0 0.470067 0.965147 0.0391722 0.0697051 3.21239e-05
0 0.56116 0.307306 0.0343681 0.094504 3.223e-05
0 0.00905395 0.889745 0.0181079 0.142761 3.23297e-05
0 0.730414 0.835456 0.0609756 0.188338 3.23303e-05
0 0.330562 0.923928 0.0587583 0.152145 3.23724e-05
0 1 0.0294906 0 0.0589812 3.23881e-05
0 0.0125647 0.74933 0.0251293 0.132708 3.23908e-05
0 0.335366 0.347855 0.04102 0.0911528 3.26227e-05
0 0.96748 0.977212 0.0495196 0.0455764 3.26362e-05
0 0.0243902 0.322386 0.0473023 0.146113 3.27005e-05
0 0.97986 1 0.0328899 0 3.27742e-05
0 0.163525 0.442694 0.0402809 0.101206 3.29632e-05
0 0.0535846 0.0542895 0.0495196 0.108579 3.29987e-05
0 0.00794531 0.864611 0.0158906 0.131367 3.33215e-05
0 0.811715 0.918901 0.071323 0.162198 3.33879e-05
0 0.855322 0.0301609 0.063932 0.0603217 3.36016e-05
0 0.133038 0.439008 0.0473023 0.105898 3.36391e-05
0 0.490022 0.754692 0.0443459 0.0991957 3.36849e-05
0 0.805248 0.0526139 0.0502587 0.105228 3.37713e-05
0 0.737435 0.892091 0.0439763 0.100536 3.38218e-05
0 0.858832 0.484249 0.0465632 0.121314 3.39658e-05
0 0.633038 0.992627 0.0332594 0.0147453 3.40229e-05
0 0.508869 0.594169 0.0288248 0.0904826 3.40327e-05
0 0.794715 0.0311662 0.0617147 0.0623324 3.41958e-05
0 0.183666 0.438003 0.0406504 0.099866 3.44823e-05
0 0.760717 0.581769 0.0594974 0.0991957 3.45357e-05
0 0.785662 0.799933 0.0428677 0.097185 3.46256e-05
0 0.744087 0.936327 0.0380636 0.127346 3.51827e-05
0 0.625647 0.811997 0.0517369 0.118633 3.53353e-05
0 0.76238 0.850536 0.0473023 0.0965147 3.53711e-05
0 0.985957 0.887399 0.0251293 0.136729 3.54859e-05
0 0.186992 0.392091 0.0413895 0.103217 3.61045e-05
0 0.0118256 0.151475 0.0236511 0.186327 3.65118e-05
0 0.239098 0.574062 0.0473023 0.0851206 3.66419e-05
0 0.0107169 1 0.0214339 0 3.66616e-05
0 0.239098 0.394102 0.0421286 0.0951743 3.67929e-05
0 0.0264228 0.856568 0.0528455 0.123324 3.68408e-05
0 0.663895 0.80563 0.0447154 0.101877 3.68765e-05
0 0.033629 0.964142 0.0672579 0.0717158 3.71842e-05
0 0.810421 0.754357 0.0421286 0.0985255 3.73395e-05
0 0.0286401 0.0294906 0.0476718 0.0589812 3.73693e-05
0 0.985772 0.945375 0.0284553 0.109249 3.78725e-05
0 0.717849 0.635389 0.056541 0.124665 3.78954e-05
0 0.810976 0.664544 0.0417591 0.099866 3.80866e-05
0 0.756098 0.0482574 0.0421286 0.0965147 3.82463e-05
0 0.317258 0.392426 0.0373245 0.119973 3.87248e-05
0 0.206578 0.0542895 0.0369549 0.108579 3.89418e-05
0 0.16408 0.483244 0.0413895 0.0951743 3.92347e-05
0 0.267738 0.0418901 0.0388027 0.0837802 3.92511e-05
0 0.662417 0.844504 0.0461936 0.0991957 3.96046e-05
0 0.117517 0.0459115 0.0413895 0.0918231 3.96738e-05
0 0.413895 0.86126 0.0517369 0.115281 3.97522e-05
0 0.780673 0.049933 0.0447154 0.099866 3.99605e-05
0 0.5085 0.392761 0.0406504 0.13941 4.00575e-05
0 0.608832 0.993298 0.0358463 0.0134048 4.00955e-05
0 0.00979305 0.00703753 0.0195861 0.0140751 4.01978e-05
0 0.984664 0.392091 0.0306726 0.128686 4.02583e-05
0 0.0120103 0.564343 0.0240207 0.16756 4.04459e-05
0 0.562823 0.840147 0.0480414 0.105228 4.05314e-05
0 0.811715 0.575737 0.0506282 0.0991957 4.06129e-05
0 0.362158 0.348525 0.0413895 0.0911528 4.07268e-05
0 0.30765 0.538539 0.0454545 0.152145 4.07952e-05
0 0.637472 0.345174 0.0487805 0.0884719 4.08337e-05
0 0.381005 0.0479223 0.0413895 0.0958445 4.09902e-05
0 0.787509 0.337802 0.0643016 0.117962 4.11581e-05
0 0.842757 0.939678 0.0432373 0.120643 4.13913e-05
0 0.00702143 0.041555 0.0140429 0.0831099 4.15646e-05
0 0.986142 0.618968 0.0225425 0.142761 4.20716e-05
0 0.988729 0.196046 0.0225425 0.200402 4.2108e-05
0 0.330377 0.472855 0.0347376 0.148123 4.26592e-05
0 0.542868 0.595174 0.030303 0.0924933 4.26738e-05
0 0.762934 0.716488 0.0402809 0.11126 4.27475e-05
0 0.785477 0.715483 0.0402809 0.106568 4.27589e-05
0 0.0925721 0.0462466 0.04102 0.0924933 4.28134e-05
0 0.736511 0.655496 0.0672579 0.131367 4.28694e-05
0 0.636364 0.84618 0.0428677 0.099866 4.32174e-05
0 0.641907 0.72319 0.0702143 0.171582 4.3522e-05
0 0.835366 0.617292 0.0439763 0.104558 4.35333e-05
0 0.593126 0.966823 0.0369549 0.0663539 4.35696e-05
0 0.0406504 0.408512 0.0657797 0.185657 4.38519e-05
0 0.11031 0.992962 0.0417591 0.0140751 4.4019e-05
0 0.443644 0.675938 0.0476718 0.154826 4.41011e-05
0 0.132853 0.478887 0.0402809 0.103887 4.46119e-05
0 0.099963 0.918231 0.100148 0.163539 4.4667e-05
0 0.101441 0.907172 0.0735403 0.109249 4.49448e-05
0 0.473947 0.85992 0.0447154 0.112601 4.49501e-05
0 0.637657 0.302614 0.0402809 0.0958445 4.52342e-05
0 0.686992 0.842828 0.0465632 0.0958445 4.54247e-05
0 0.740022 0.760054 0.0424982 0.103217 4.5532e-05
0 0.586659 0.30563 0.0351072 0.0938338 4.5946e-05
0 0.00979305 0.810657 0.0195861 0.125335 4.59777e-05
0 0.642461 0.975536 0.0328899 0.0489276 4.61325e-05
0 0.474132 0.396448 0.0458241 0.126676 4.61343e-05
0 0.715262 0.466488 0.0513673 0.164879 4.63042e-05
0 0.760717 0.798928 0.0439763 0.0978552 4.63334e-05
0 0.988544 0.606568 0.022912 0.207775 4.65163e-05
0 0.986511 0.446046 0.0269771 0.22185 4.71461e-05
0 0.466001 0.682976 0.0406504 0.159517 4.73674e-05
0 0.184959 0.52815 0.0402809 0.0938338 4.75434e-05
0 0.586474 0.803619 0.045085 0.10992 4.76051e-05
0 0.786955 0.662198 0.0424982 0.0991957 4.76117e-05
0 0.764043 0.892426 0.0454545 0.097185 4.77677e-05
0 0.534738 0.392091 0.0421286 0.13941 4.78237e-05
0 0.736696 0.800938 0.0454545 0.0991957 4.80501e-05
0 0.0500739 0.376005 0.056541 0.103217 4.81546e-05
0 0.37731 0.733914 0.0665189 0.142091 4.83069e-05
0 0.617517 0.975871 0.0354767 0.0482574 4.88378e-05
0 0.509978 0.993633 0.0495196 0.0127346 4.91215e-05
0 0.13507 0.932641 0.0594974 0.134718 4.91587e-05
0 0.708426 0.30429 0.0399113 0.0938338 4.97966e-05
0 0.0585735 0.919571 0.0498891 0.160858 4.98523e-05
0 0.690133 0.313003 0.0558019 0.105898 4.99374e-05
0 0.988174 0.0271448 0.0236511 0.0542895 5.00047e-05
0 0.737435 0.84685 0.0461936 0.097185 5.00182e-05
0 0.250739 0.353552 0.0521064 0.125335 5.04916e-05
0 0.0149667 0.464142 0.0299335 0.142761 5.10674e-05
0 0.45935 0.994973 0.0517369 0.0100536 5.13649e-05
0 0.786401 0.893097 0.0473023 0.097185 5.14269e-05
0 0.494826 0.064008 0.0487805 0.128016 5.18602e-05
0 0.768477 0.765751 0.0602365 0.19504 5.19228e-05
0 0.614191 0.303954 0.0399113 0.0931635 5.19242e-05
0 0.930155 0.0355228 0.0347376 0.0710456 5.24126e-05
0 0.284738 0.608579 0.0521064 0.100536 5.26407e-05
0 0.00646711 0.991622 0.0129342 0.016756 5.27438e-05
0 0.72949 0.0506032 0.0413895 0.101206 5.30292e-05
0 0.228197 0.049933 0.0439763 0.099866 5.30458e-05
0 0.383592 0.812668 0.0539542 0.121314 5.32036e-05
0 0.985033 0.300603 0.0247598 0.158847 5.34761e-05
0 0.134701 0.993298 0.0365854 0.0134048 5.36638e-05
0 0.067997 0.0455764 0.0413895 0.0911528 5.41988e-05
0 0.730599 0.941354 0.0428677 0.117292 5.50177e-05
0 0.986696 0.437332 0.0251293 0.132038 5.51699e-05
0 0.760347 0.657507 0.0824095 0.178284 5.54679e-05
0 0.210828 0.924598 0.0550628 0.150804 5.54963e-05
0 0.411123 0.813338 0.0498891 0.115952 5.58199e-05
0 0.0460089 0.938003 0.0513673 0.123995 5.62718e-05
0 0.756098 0.455429 0.0672579 0.186997 5.63541e-05
0 0.427199 0.972185 0.0354767 0.05563 5.6583e-05
0 0.0234664 0.597855 0.0373245 0.128686 5.66011e-05
0 0.589985 0.84685 0.0395418 0.0985255 5.66657e-05
0 0.604582 0.335456 0.0502587 0.172252 5.66826e-05
0 0.978381 0.834115 0.0432373 0.245979 5.69317e-05
0 0.612343 0.846515 0.0428677 0.0965147 5.70855e-05
0 0.48799 0.688338 0.0417591 0.13941 5.72175e-05
0 0.011456 0.953753 0.022912 0.0924933 5.72465e-05
0 0.0825942 0.872654 0.0898004 0.180965 5.74134e-05
0 0.688285 0.805965 0.0454545 0.0958445 5.7862e-05
0 0.981338 0.0465818 0.0373245 0.0931635 5.79535e-05
0 0.230783 0.942024 0.0388027 0.115952 5.90815e-05
0 0.989653 0.995979 0.0206948 0.0080429 5.92437e-05
0 0.634146 0.394437 0.037694 0.137399 5.95123e-05
0 0.0153363 0.692694 0.0306726 0.145442 5.9515e-05
0 0.792498 0.943029 0.0424982 0.113941 5.95276e-05
0 0.711567 0.843164 0.0461936 0.0938338 5.95988e-05
0 0.689763 0.343834 0.04102 0.080429 5.96718e-05
0 0.182373 0.483579 0.0395418 0.0904826 5.99618e-05
0 0.817258 0.943365 0.0388027 0.113271 6.03528e-05
0 0.584996 0.994303 0.0384331 0.0113941 6.03815e-05
0 0.00794531 0.960791 0.0158906 0.0784182 6.16512e-05
0 0.0227273 0.388405 0.0454545 0.215147 6.19329e-05
0 0.40983 0.774129 0.0761271 0.225201 6.2297e-05
0 0.810606 0.616957 0.0447154 0.094504 6.29117e-05
0 0.662602 0.506702 0.0509978 0.127346 6.29353e-05
0 0.072986 0.813338 0.0572801 0.118633 6.30787e-05
0 0.784922 0.755697 0.0413895 0.097185 6.31238e-05
0 0.609571 0.34819 0.0417591 0.0864611 6.32245e-05
0 0.00923873 1 0.0184775 0 6.35989e-05
0 0.711013 0.803619 0.045085 0.0965147 6.38748e-05
0 0.98799 0.930965 0.0240207 0.13807 6.39378e-05
0 0.192905 0.0452413 0.0399113 0.0904826 6.4055e-05
0 0.0110865 0.809316 0.0221729 0.1937 6.44791e-05
0 0.535662 0.993968 0.0402809 0.0120643 6.46619e-05
0 0.0223577 0.891086 0.0447154 0.154826 6.48253e-05
0 0.710828 0.344839 0.0424982 0.0851206 6.5625e-05
0 0.560791 0.994303 0.0395418 0.0113941 6.60555e-05
0 0.93459 0.989946 0.0347376 0.0201072 6.6231e-05
0 0.014782 0.418566 0.0295639 0.125335 6.6403e-05
0 0.629897 0.67996 0.0395418 0.121314 6.64643e-05
0 0.39782 0.685657 0.056541 0.201072 6.7055e-05
0 0.58167 0.353887 0.0436068 0.152815 6.78056e-05
0 0.47986 0.975871 0.0351072 0.0482574 6.79059e-05
0 0.564302 0.34685 0.0354767 0.0891421 6.79272e-05
0 0.268662 0.54189 0.0517369 0.0904826 6.80292e-05
0 0.478936 0.658847 0.0325203 0.13941 6.83855e-05
0 0.988359 0.310657 0.0232816 0.219169 6.86652e-05
0 0.679601 0.395777 0.0532151 0.113271 7.08105e-05
0 0.763304 0.757038 0.04102 0.099866 7.11606e-05
0 0.788803 0.576407 0.0461936 0.0978552 7.14488e-05
0 0.462306 0.415214 0.0369549 0.130697 7.24861e-05
0 0.406874 0.656166 0.0332594 0.147453 7.26685e-05
0 0.867886 0.0479223 0.0432373 0.0958445 7.29755e-05
0 0.985033 0.938673 0.0299335 0.102547 7.29851e-05
0 0.291944 0.0563003 0.0399113 0.112601 7.35391e-05
0 0.255543 0.926273 0.0550628 0.147453 7.39355e-05
0 0.0476718 0.699397 0.0709534 0.134718 7.43347e-05
0 0.00886918 0.755362 0.0177384 0.127346 7.52686e-05
0 0.27476 0.467158 0.0321508 0.142091 7.53027e-05
0 0.509054 0.72118 0.0388027 0.168901 7.55502e-05
0 0.383777 0.397453 0.0417591 0.11126 7.57257e-05
0 0.375831 0.43063 0.0391722 0.142761 7.6187e-05
0 0.242424 0.0408847 0.0354767 0.0817694 7.62256e-05
0 0.756282 0.224196 0.0432373 0.200402 7.65783e-05
0 0.69235 0.659853 0.0617147 0.122654 7.68858e-05
0 0.988729 0.69571 0.0225425 0.191689 7.83491e-05
0 0.764412 0.618298 0.0617147 0.109249 7.93989e-05
0 0.954545 0.948727 0.0495196 0.102547 8.02492e-05
0 0.576866 0.708445 0.0391722 0.126005 8.03309e-05
0 0.503511 0.963137 0.0454545 0.0737265 8.04027e-05
0 0.979305 0.0184316 0.0339985 0.0368633 8.04648e-05
0 0.431079 0.732909 0.0498891 0.160188 8.07812e-05
0 0.0238359 0.704088 0.0395418 0.119973 8.12038e-05
0 0.767184 0.943365 0.0399113 0.113271 8.20774e-05
0 0.523466 0.42996 0.0439763 0.184316 8.29855e-05
0 0.277162 0.368968 0.0561715 0.119973 8.36249e-05
0 0.0101626 0.0519437 0.0203252 0.103887 8.45652e-05
0 0.95473 0.0418901 0.04102 0.0837802 8.48522e-05
0 0.530857 0.963472 0.0365854 0.0730563 8.61057e-05
0 0.280303 0.0475871 0.0351072 0.0951743 8.73769e-05
0 0.0109017 0.672922 0.0218034 0.198391 8.91324e-05
0 0.586659 0.349531 0.0365854 0.0864611 9.06082e-05
0 0.165004 0.957105 0.033629 0.0857909 9.06845e-05
0 0.919254 0.964812 0.0439763 0.0703753 9.14619e-05
0 0.0822247 0.987265 0.04915 0.0254692 9.32258e-05
0 0.438101 0.480898 0.0484109 0.197721 9.38496e-05
0 0.0225425 0.764075 0.045085 0.198391 9.56562e-05
0 0.0236511 0.649799 0.037694 0.123995 9.56814e-05
0 0.515521 0.836126 0.0406504 0.102547 9.80807e-05
0 0.499815 0.762064 0.0646711 0.189008 9.82624e-05
0 0.650406 0.364946 0.0487805 0.109249 9.87065e-05
0 0.267184 0.642761 0.0702143 0.189008 9.87125e-05
0 0.0247598 0.993633 0.0495196 0.0127346 0.000100483
0 0.986327 0.0097185 0.0273466 0.019437 0.000101744
0 0.454176 0.975201 0.0347376 0.0495979 0.000102205
0 0.013119 0.434316 0.026238 0.11126 0.000102636
0 0.892831 0.0405496 0.0384331 0.0810992 0.000103332
0 0.555063 0.970509 0.0369549 0.0589812 0.000103974
0 0.789172 0.617627 0.0402809 0.094504 0.00010672
0 0.0400961 0.992627 0.0424982 0.0147453 0.000118191
0 0.588322 0.402145 0.0406504 0.143432 0.000120479
0 0.353104 0.504692 0.0476718 0.136729 0.000120642
0 0.0567258 0.854558 0.0720621 0.198391 0.000124882
0 0.316704 0.635054 0.0517369 0.157507 0.000125927
0 0.615299 0.675603 0.0539542 0.160858 0.000126309
0 0.505174 0.817694 0.0702143 0.134048 0.000127243
0 0.579638 0.970845 0.0365854 0.058311 0.000130922
0 0.706763 0.29256 0.0543237 0.154826 0.000131729
0 0.0242055 0.760389 0.0439763 0.109249 0.000138698
0 0.0140429 0.924263 0.0280857 0.151475 0.00013988
0 0.350887 0.40181 0.0469327 0.101206 0.000141193
0 0.902069 0.974531 0.0310421 0.0509383 0.000144026
0 0.033629 0.450067 0.0517369 0.099866 0.000146395
0 0.988544 0.760054 0.0206948 0.113941 0.000150745
0 0.0225425 0.472855 0.0369549 0.130697 0.000162127
0 0.0613452 0.991622 0.0421286 0.016756 0.000171327
0 0.984109 0.993298 0.0317812 0.0134048 0.000173741
0 0.961936 0.991957 0.0413895 0.0160858 0.000177579
0 0.738359 0.559316 0.0790835 0.118633 0.000178419
0 0.0271619 0.811662 0.0535846 0.105898 0.000182785
0 0.259793 0.444035 0.0509978 0.180295 0.00018317
0 0.517554 0.967828 0.0380636 0.0643432 0.000191702
0 0.105506 0.953418 0.0498891 0.0931635 0.00020144
0 0.934959 0.954759 0.0480414 0.0904826 0.000202781
0 0.5534 0.76508 0.056541 0.176273 0.000217144
0 0.683296 0.621984 0.0923873 0.130027 0.000221281
0 0.0103474 0.994973 0.0206948 0.0100536 0.000221725
0 0.4551 0.652815 0.0240207 0.150134 0.000233892
0 0.615299 0.417895 0.0436068 0.126676 0.000240813
0 0.33204 0.632038 0.0432373 0.127346 0.000241782
0 0.65946 0.398794 0.0365854 0.134048 0.000255803
0 0.45048 0.4313 0.0332594 0.153485 0.000273815
0 0.593496 0.69437 0.0628234 0.178284 0.000278245
0 0.121212 0.95945 0.0465632 0.0810992 0.000307932
0 0.0460089 0.796247 0.0705839 0.162198 0.000319974
0 0.740761 0.60992 0.0905395 0.131367 0.000332794
0 0.56929 0.430965 0.0402809 0.172922 0.000346574
0 0.481892 0.794571 0.045085 0.16689 0.000352157
0 0.0894309 0.959115 0.0509978 0.0817694 0.000386436
0 0.326312 0.562332 0.0509978 0.130027 0.000398341
0 0.481707 0.80563 0.0358463 0.0938338 0.000399361
0 0.522912 0.697386 0.037694 0.128016 0.000400797
0 0.989468 0.964142 0.0210643 0.0717158 0.000409721
0 0.652809 0.608914 0.0402809 0.129357 0.000475507
0 0.535662 0.689008 0.0395418 0.123324 0.000483319
0 0.988729 0.804625 0.0203252 0.117292 0.000488624
0 0.70085 0.400134 0.056541 0.152815 0.000507979
0 0.600148 0.429625 0.0406504 0.178284 0.000574098
0 0.390798 0.657842 0.0358463 0.126676 0.000580024
0 0.423503 0.4313 0.0339985 0.174933 0.00065723
0 0.51626 0.773458 0.0465632 0.143432 0.000687497
0 0.0254989 0.413874 0.0480414 0.128016 0.000687717
0 0.0604213 0.95878 0.0380636 0.0824397 0.000825127
0 0.701035 0.47319 0.0406504 0.117962 0.0008827
0 0.978751 0.969504 0.0395418 0.060992 0.000940123
0 0.493718 0.792895 0.0391722 0.126005 0.000941858
0 0.142831 0.964477 0.0373245 0.0710456 0.00102672
0 0.9551 0.972185 0.0306726 0.05563 0.00106915
0 0.558019 0.396113 0.0443459 0.178284 0.00111927
0 0.94235 0.973861 0.0295639 0.0522788 0.00120755
0 0.0755728 0.907507 0.0572801 0.143432 0.00131757
0 0.269771 0.587131 0.0657797 0.119303 0.00135543
0 0.486511 0.404155 0.0528455 0.205094 0.00137827
0 0.988729 0.808646 0.0225425 0.181635 0.0014011
0 0.93034 0.972855 0.033629 0.0542895 0.00196863
0 0.565965 0.733914 0.0439763 0.143432 0.00202616
0 0.407797 0.410188 0.0550628 0.202413 0.00217052
0 0.576866 0.65382 0.0391722 0.160188 0.00239486
0 0.670916 0.429625 0.0402809 0.144772 0.00241527
0 0.542868 0.796247 0.0517369 0.0884719 0.00265719
0 0.354582 0.619973 0.056541 0.117962 0.00282858
0 0.379897 0.629357 0.0502587 0.121984 0.0032104
0 0.627494 0.468834 0.0310421 0.157507 0.0034867
0 0.343681 0.439008 0.0347376 0.150134 0.0043542
0 0.527347 0.808311 0.0546933 0.123324 0.00448014
0 0.547118 0.693365 0.0343681 0.0958445 0.00521414
0 0.269771 0.423928 0.0421286 0.121314 0.00585328
0 0.316704 0.415214 0.0591279 0.185657 0.00631269
0 0.544161 0.747989 0.033629 0.108579 0.00645113
0 0.435883 0.621314 0.0291944 0.143432 0.00859717
0 0.641353 0.476542 0.0424982 0.140751 0.0147551
0 0.555987 0.73492 0.04102 0.0985255 0.0333503
0 0.494642 0.631702 0.0247598 0.13874 0.0550381
0 0.695491 0.521448 0.0576497 0.130027 0.0736116
0 0.473762 0.455764 0.145602 0.16622 0.0803667
0 0.488914 0.531836 0.0495196 0.339812 0.0991703
0 0.626201 0.456099 0.128973 0.149464 0.105842
0 0.399852 0.538874 0.0502587 0.359249 0.111929
0 0.548411 0.639075 0.0894309 0.154826 0.112203
0 0.552661 0.544906 0.0402809 0.364611 0.127311
0 0.571323 0.557976 0.0495196 0.346515 0.131059
0 0.370288 0.515751 0.067997 0.335791 0.134647
0 0.427384 0.535858 0.0373245 0.355898 0.135484
0 0.321877 0.567024 0.103474 0.230563 0.150711
0 0.426645 0.456769 0.100887 0.170912 0.151289
0 0.560052 0.696381 0.0439763 0.10992 0.151449
0 0.529564 0.780161 0.0406504 0.0924933 0.155937
0 0.364375 0.455764 0.108647 0.152815 0.169938
0 0.584072 0.462131 0.0853659 0.152145 0.186678
0 0.625831 0.553284 0.0506282 0.369303 0.194559
0 0.318551 0.449397 0.104213 0.14008 0.258622
0 0.41796 0.629692 0.0709534 0.144102 0.26272
0 0.540835 0.463137 0.0631929 0.154155 0.270572
0 0.589616 0.637399 0.0764967 0.159517 0.272957
0 0.467664 0.623659 0.0506282 0.149464 0.274109
0 0.501848 0.459786 0.0628234 0.152815 0.274395
0 0.506467 0.622654 0.0447154 0.130027 0.302042
0 0.465078 0.45744 0.0550628 0.157507 0.307812
0 0.555617 0.65315 0.0439763 0.160188 0.344906
0 0.531227 0.629692 0.0373245 0.119973 0.417358
0 0.627864 0.452748 0.0606061 0.164209 0.417403
0 0.668884 0.453083 0.0716925 0.146113 0.41971
0 0.484479 0.622654 0.0221729 0.13807 0.61585
0 0.645972 0.434651 0.0436068 0.125335 0.728833
0 0.543052 0.641421 0.0277162 0.160858 0.744422
0 0.503511 0.629021 0.0210643 0.134718 0.759392
0 0.520325 0.634383 0.0221729 0.136059 0.783451
0 0.413341 0.460456 0.0328899 0.159517 0.79327
0 0.538803 0.460791 0.0266075 0.160188 0.798305
0 0.56541 0.623995 0.0391722 0.126005 0.799969
0 0.559867 0.45945 0.0310421 0.16689 0.804569
0 0.584812 0.45811 0.0351072 0.178954 0.807769
0 0.423688 0.623324 0.0291944 0.136729 0.809535
0 0.460643 0.461796 0.0254989 0.158177 0.81354
0 0.39782 0.622319 0.033629 0.13874 0.82018
0 0.436068 0.452078 0.0288248 0.170912 0.821446
0 0.513858 0.460791 0.0284553 0.176273 0.827438
0 0.35643 0.452748 0.0402809 0.161528 0.827794
0 0.61105 0.462131 0.0321508 0.160188 0.829851
0 0.468219 0.628686 0.022912 0.152815 0.832524
0 0.690318 0.457775 0.0354767 0.160858 0.833665
0 0.446785 0.630697 0.0280857 0.143432 0.835719
0 0.59054 0.627346 0.0347376 0.146113 0.837276
0 0.484479 0.461126 0.0280857 0.154155 0.837538
0 0.285477 0.44571 0.0454545 0.13941 0.842415
0 0.387842 0.45878 0.0321508 0.160188 0.847914
0 0.315041 0.448391 0.0380636 0.143432 0.858901
0 0.714338 0.590818 0.0886918 0.128016 0.861877
0 0.334072 0.605898 0.0702143 0.140751 0.869612
0 0.292683 0.574732 0.0613452 0.122654 0.879535
0 0.630636 0.644102 0.0594974 0.162198 0.887741
