0 0.213296 0.98582 0.0135269 0.0283592 7.82056e-06
0 0.0861102 0.790007 0.0422303 0.12154 7.83153e-06
0 0.961564 1 0.0636754 0 7.86244e-06
0 0.591884 0.511141 0.0362917 0.132343 7.86267e-06
0 0.655724 0.711006 0.0425602 0.132343 7.90474e-06
0 0.786704 0.637407 0.0425602 0.117488 7.90641e-06
0 0.340977 0.902768 0.0544375 0.194463 7.90825e-06
0 0.966348 1 0.0224348 0 7.92304e-06
0 0.203563 0.400405 0.0580666 0.148548 7.9425e-06
0 0.484988 0.717083 0.0402507 0.143147 7.96163e-06
0 0.623887 0.151924 0.0448697 0.145847 7.96513e-06
0 0.812603 0.226199 0.0461894 0.132343 7.96821e-06
0 0.264599 0.0864281 0.0508083 0.144497 8.01568e-06
0 0.17255 0.521945 0.0461894 0.1526 8.0272e-06
0 0.162488 0.482782 0.0399208 0.125591 8.03334e-06
0 0.311943 0.940243 0.0795117 0.119514 8.08284e-06
0 0.937809 0.479743 0.0504784 0.124916 8.10475e-06
0 0.910921 0.177245 0.0455295 0.120864 8.11371e-06
0 0.74134 0.917623 0.0230947 0.139095 8.12186e-06
0 0.97806 0.866982 0.0438799 0.21607 8.12281e-06
0 0.114649 0.773464 0.0465193 0.141121 8.15565e-06
0 0.838832 0.927752 0.0570769 0.144497 8.17106e-06
0 0.443748 0.751519 0.0263939 0.210668 8.20484e-06
0 0.185582 0.482782 0.0432201 0.125591 8.20509e-06
0 0.935335 0.53106 0.0475091 0.124916 8.20905e-06
0 0.137083 0.534774 0.0438799 0.118839 8.23651e-06
0 0.689871 0.126266 0.0422303 0.12424 8.24462e-06
0 0.841471 0.0732613 0.0445398 0.146523 8.27311e-06
0 0.644342 0.720122 0.034972 0.182984 8.27824e-06
0 0.54157 0.057056 0.0537776 0.114112 8.28341e-06
0 0.284395 0.733964 0.0580666 0.118839 8.30566e-06
0 0.885681 0.686361 0.0405807 0.131668 8.31191e-06
0 0.374629 0.0786631 0.0465193 0.157326 8.31278e-06
0 0.517321 0.204929 0.0541076 0.209993 8.32157e-06
0 0.422468 0.872046 0.0742329 0.255908 8.37819e-06
0 0.886671 0.0324105 0.039261 0.0648211 8.39513e-06
0 0.861597 0.0320729 0.039261 0.0641458 8.42361e-06
0 0.164962 0.842674 0.0745628 0.27684 8.45426e-06
0 0.761795 0.174882 0.0362917 0.129642 8.45669e-06
0 0.981689 0.940918 0.0366216 0.118163 8.46897e-06
0 0.39327 0.789669 0.0613659 0.227549 8.5122e-06
0 0.113989 0.0813639 0.0583966 0.162728 8.5142e-06
0 0.132465 0.943282 0.0366216 0.113437 8.52552e-06
0 0.15391 0.967927 0.0240845 0.0641458 8.52784e-06
0 0.0620257 0.790007 0.0395909 0.12289 8.52961e-06
0 0.787694 0.173869 0.0432201 0.126266 8.56982e-06
0 0.337512 0.22451 0.04355 0.122215 8.61386e-06
0 0.386506 0.176232 0.0445398 0.12154 8.61941e-06
0 0.859782 0.782917 0.0508083 0.130317 8.63499e-06
0 0.261465 0.917286 0.0814913 0.110061 8.63543e-06
0 0.262785 0.881499 0.099967 0.226199 8.67628e-06
0 0.200264 0.96185 0.0184758 0.0762998 8.67665e-06
0 0.237545 0.534774 0.0455295 0.109386 8.7537e-06
0 0.887661 0.175895 0.047839 0.120864 8.79186e-06
0 0.00758825 0.937205 0.0151765 0.125591 8.79815e-06
0 0.337017 0.956111 0.0207852 0.0877785 8.79892e-06
0 0.813098 0.587103 0.0438799 0.128967 8.8263e-06
0 0.963049 0.047603 0.0508083 0.0952059 8.84735e-06
0 0.787199 0.278528 0.04355 0.123565 8.86212e-06
0 0.467502 0.933828 0.0494886 0.132343 8.86284e-06
0 0.835863 0.489872 0.0689541 0.189737 8.87204e-06
0 0.204553 0.083052 0.0699439 0.139095 8.87214e-06
0 0.625536 0.956786 0.0204553 0.0864281 8.90254e-06
0 0.537941 0.929102 0.0432201 0.105334 8.90487e-06
0 0.662158 0.0722485 0.0475091 0.109386 8.90687e-06
0 0.444903 0.121202 0.0583966 0.242404 8.9149e-06
0 0.885846 0.781567 0.0534477 0.127616 8.96083e-06
0 0.885351 0.839973 0.0412405 0.125591 8.96595e-06
0 0.836688 0.68501 0.0395909 0.127616 8.9815e-06
0 0.4129 0.12289 0.0412405 0.137745 9.00052e-06
0 0.766249 0.66239 0.0801716 0.178258 9.00329e-06
0 0.837512 0.43214 0.0451996 0.135044 9.01569e-06
0 0.237875 0.383187 0.0395909 0.120864 9.01876e-06
0 0.936325 0.584065 0.0461894 0.12424 9.03234e-06
0 0.767733 0.855503 0.0620257 0.243079 9.05374e-06
0 0.584791 0.880149 0.0550973 0.115463 9.06522e-06
0 0.201419 0.823093 0.0920488 0.168805 9.11499e-06
0 0.787199 0.58474 0.0428901 0.117488 9.11794e-06
0 0.813758 0.0732613 0.0663147 0.146523 9.12435e-06
0 0.0108875 0.0894666 0.021775 0.154625 9.12595e-06
0 0.255196 0.963201 0.0287034 0.049291 9.14459e-06
0 0.836688 0.532748 0.0402507 0.136394 9.17493e-06
0 0.5419 0.70763 0.0339822 0.15395 9.20289e-06
0 0.466018 0.180284 0.0603761 0.178258 9.23207e-06
0 0.405312 0.740716 0.0306829 0.189061 9.23838e-06
0 0.930551 0.958474 0.0254042 0.083052 9.25664e-06
0 0.337017 0.0320729 0.0425602 0.0641458 9.28085e-06
0 0.810789 0.686023 0.0438799 0.12154 9.29501e-06
0 0.717585 0.911546 0.0296932 0.126941 9.30562e-06
0 0.773672 0.801485 0.108215 0.228224 9.32417e-06
0 0.575553 0.790007 0.061036 0.187711 9.34574e-06
0 0.438799 0.06921 0.0508083 0.120864 9.34715e-06
0 0.860937 0.685348 0.0366216 0.132343 9.378e-06
0 0.0679644 0.982444 0.0395909 0.0351114 9.38817e-06
0 0.337842 0.125928 0.04355 0.134369 9.39332e-06
0 0.243484 0.986158 0.013197 0.027684 9.39558e-06
0 0.996371 0.417623 0.00725833 0.246455 9.40341e-06
0 0.764434 0.930115 0.0508083 0.13977 9.40388e-06
0 0.785549 0.989872 0.0138568 0.0202566 9.45614e-06
0 0.679809 0.906144 0.0814913 0.106685 9.52778e-06
0 0.705048 0.906144 0.0356318 0.117488 9.58656e-06
0 0.286704 0.329845 0.04355 0.111411 9.61893e-06
0 0.386836 0.0351114 0.0412405 0.0702228 9.62811e-06
0 0.465523 0.269413 0.0547674 0.170155 9.62959e-06
0 0.338007 0.174207 0.0451996 0.125591 9.64785e-06
0 0.157539 0.279541 0.0451996 0.139095 9.69984e-06
0 0.493566 0.283255 0.0461894 0.196489 9.73694e-06
0 0.677499 0.95476 0.0141867 0.0904794 9.73726e-06
0 0.738205 0.0722485 0.0597163 0.144497 9.7825e-06
0 0.143352 0.578663 0.0504784 0.148548 9.80276e-06
0 0.813263 0.637745 0.04355 0.124916 9.81075e-06
0 0.635269 0.125591 0.0425602 0.12424 9.89634e-06
0 0.211151 0.792708 0.0422303 0.113437 9.89812e-06
0 0.812108 0.126941 0.0458595 0.12154 9.92885e-06
0 0.812108 0.174207 0.0498185 0.126941 9.94051e-06
0 0.668921 0.75287 0.0511382 0.144497 9.94438e-06
0 0.0517981 0.89264 0.0514682 0.137745 9.95669e-06
0 0.561036 0.778866 0.0445398 0.106009 9.96926e-06
0 0.0831409 0.645847 0.0488288 0.142471 9.99709e-06
0 0.0897394 0.488521 0.0402507 0.122215 9.99924e-06
0 0.143187 0.645172 0.0455295 0.142471 1.00034e-05
0 0.710492 0.0735989 0.0405807 0.113437 1.00398e-05
0 0.871495 0.0735989 0.0445398 0.147198 1.00401e-05
0 0.536787 0.0303849 0.0369515 0.0607698 1.00711e-05
0 0.4129 0.175219 0.0386011 0.131668 1.00786e-05
0 0.839162 0.380149 0.0491587 0.139095 1.01016e-05
0 0.459419 0.0735989 0.0432201 0.128292 1.01114e-05
0 0.486308 0.0793383 0.0395909 0.127616 1.01395e-05
0 0.26196 0.279203 0.0448697 0.141121 1.01965e-05
0 0.0803365 0.043214 0.0445398 0.0864281 1.02018e-05
0 0.536622 0.892978 0.0366216 0.112762 1.02183e-05
0 0.786209 0.988521 0.060706 0.0229575 1.02339e-05
0 0.114154 0.277178 0.0455295 0.141121 1.02356e-05
0 0.210327 0.586428 0.0445398 0.123565 1.02783e-05
0 0.638568 0.9605 0.0188057 0.0790007 1.03035e-05
0 0.750412 0.971641 0.0702738 0.0567184 1.03073e-05
0 0.919004 0.272451 0.0808314 0.196489 1.03145e-05
0 0.202243 0.764348 0.0666447 0.135044 1.03692e-05
0 0.836358 0.0303849 0.038931 0.0607698 1.03886e-05
0 0.882217 0.900405 0.0428901 0.19919 1.03954e-05
0 0.538436 0.104997 0.0765424 0.155976 1.04291e-05
0 0.661663 0.17657 0.0458595 0.124916 1.04485e-05
0 0.512042 0.0776502 0.0428901 0.12154 1.04726e-05
0 0.186242 0.533086 0.0419004 0.124916 1.04859e-05
0 0.636589 0.0719109 0.0438799 0.10736 1.04999e-05
0 0.769218 0.0567184 0.0359617 0.113437 1.05533e-05
0 0.760475 0.227549 0.0369515 0.128292 1.05586e-05
0 0.163807 0.936192 0.0814913 0.127616 1.05723e-05
0 0.144012 0.763673 0.0557572 0.135044 1.05817e-05
0 0.786374 0.0732613 0.0425602 0.10871 1.06149e-05
0 0.748268 0.92944 0.0263939 0.141121 1.06166e-05
0 0.212306 0.736327 0.0425602 0.116813 1.06744e-05
0 0.91389 0.636394 0.0679644 0.185685 1.06825e-05
0 0.601782 0.950709 0.0290333 0.098582 1.07022e-05
0 0.561366 0.89129 0.0386011 0.116138 1.07285e-05
0 0.861597 0.532411 0.0438799 0.13842 1.07443e-05
0 0.312108 0.788994 0.0448697 0.120864 1.07646e-05
0 0.569284 0.708305 0.0254042 0.140446 1.07728e-05
0 0.322501 0.901756 0.0801716 0.10736 1.07903e-05
0 0.259485 0.328494 0.0386011 0.115463 1.07979e-05
0 0.288024 0.227211 0.0402507 0.119514 1.08098e-05
0 0.817882 0.879811 0.0481689 0.128292 1.08295e-05
0 0.988453 1 0.0230947 0 1.08456e-05
0 0.0612009 0.905469 0.0676344 0.189061 1.08679e-05
0 0.836523 0.48312 0.0425602 0.131668 1.0881e-05
0 0.264104 0.827481 0.0537776 0.128967 1.08826e-05
0 0.884527 0.970966 0.0567469 0.0580689 1.08986e-05
0 0.968327 0.273126 0.0633454 0.239703 1.09011e-05
0 0.0105576 0.452059 0.0211151 0.162728 1.09311e-05
0 0.689541 0.0678596 0.0587265 0.114112 1.09317e-05
0 0.787199 0.124916 0.0428901 0.12289 1.09717e-05
0 0.866711 0.963201 0.0296932 0.0735989 1.09793e-05
0 0.295942 0.927414 0.0263939 0.145172 1.09891e-05
0 0.813593 0.276502 0.0554273 0.124916 1.10101e-05
0 0.811118 0.0310601 0.0386011 0.0621202 1.10286e-05
0 0.755361 0.988521 0.0135269 0.0229575 1.10317e-05
0 0.899538 0.220122 0.0603761 0.148548 1.10666e-05
0 0.859782 0.826131 0.117453 0.181634 1.10676e-05
0 0.317222 0.848751 0.0755526 0.260635 1.10899e-05
0 0.336358 0.791695 0.0445398 0.119514 1.10942e-05
0 0.762455 0.123903 0.0369515 0.124916 1.10996e-05
0 0.323985 0.76131 0.0593863 0.145172 1.11037e-05
0 0.135104 0.683997 0.0445398 0.114787 1.1164e-05
0 0.900033 0.521945 0.0527879 0.147198 1.11718e-05
0 0.991257 0.886563 0.017486 0.226874 1.11943e-05
0 0.311613 0.120864 0.0465193 0.140446 1.1221e-05
0 0.23705 0.0320729 0.0386011 0.0641458 1.12451e-05
0 0.266909 0.777853 0.0976575 0.266036 1.12592e-05
0 0.334048 0.335246 0.0438799 0.103309 1.1264e-05
0 0.211976 0.0310601 0.0386011 0.0621202 1.13627e-05
0 0.860277 0.583727 0.0419004 0.13842 1.13802e-05
0 0.140383 1 0.0141867 0 1.14017e-05
0 0.785879 0.739365 0.0448697 0.113437 1.1418e-05
0 0.808644 0.927076 0.0178159 0.145847 1.14406e-05
0 0.483339 0.57765 0.0290333 0.10871 1.1446e-05
0 0.235731 0.83896 0.0419004 0.111411 1.14549e-05
0 0.218245 0.908508 0.0339822 0.0992573 1.1472e-05
0 0.188387 0.685348 0.038931 0.12424 1.14832e-05
0 0.187232 0.635044 0.039261 0.133018 1.15144e-05
0 0.359287 0.125591 0.0428901 0.126941 1.15243e-05
0 0.304025 0.982444 0.0115473 0.0351114 1.1544e-05
0 0.762125 0.0729237 0.0402507 0.110736 1.15452e-05
0 0.108875 0.487171 0.0395909 0.123565 1.15728e-05
0 0.240185 0.843011 0.060706 0.207292 1.15854e-05
0 0.610525 0.128292 0.0412405 0.126941 1.15963e-05
0 0.555097 0.155638 0.0656549 0.238352 1.16052e-05
0 0.32514 0.960837 0.0181458 0.0783255 1.16152e-05
0 0.265754 0.928427 0.0267239 0.143147 1.1622e-05
0 0.690531 0.260297 0.060706 0.172181 1.17006e-05
0 0.995876 0.27819 0.0082481 0.202566 1.17099e-05
0 0.726823 0.216745 0.0633454 0.193113 1.17493e-05
0 0.58677 0.0732613 0.0419004 0.10736 1.17557e-05
0 0.468822 0.713707 0.0237545 0.135044 1.17573e-05
0 0.280106 0.911546 0.0336523 0.168805 1.17634e-05
0 0.426262 0.790007 0.0593863 0.194463 1.1771e-05
0 0.179644 0.0965564 0.0775322 0.193113 1.17734e-05
0 0.586275 0.782579 0.0494886 0.113437 1.18072e-05
0 0.684428 0.931803 0.0201254 0.136394 1.1823e-05
0 0.561036 0.0742741 0.0386011 0.112086 1.18622e-05
0 0.155559 0.961175 0.0293632 0.0776502 1.18794e-05
0 0.387661 0.227211 0.0422303 0.112762 1.18801e-05
0 0.32547 0.927414 0.0280435 0.145172 1.1903e-05
0 0.0636754 0.277515 0.0455295 0.143147 1.19112e-05
0 0.71808 0.134706 0.0524579 0.242404 1.19282e-05
0 0.686407 0.0334234 0.0399208 0.0668467 1.19357e-05
0 0.0852854 0.227211 0.0557572 0.126266 1.19683e-05
0 0.535137 0.0793383 0.0409106 0.119514 1.19876e-05
0 0.690036 0.963201 0.0762125 0.0735989 1.20271e-05
0 0.886506 0.635719 0.0422303 0.131668 1.2055e-05
0 0.512867 0.580689 0.034642 0.195814 1.20749e-05
0 0.862917 0.152937 0.0557572 0.13977 1.21138e-05
0 0.161498 0.784943 0.0504784 0.111411 1.21984e-05
0 0.420818 0.0523295 0.0531178 0.104659 1.22376e-05
0 0.786539 0.688386 0.0448697 0.112762 1.22694e-05
0 0.725338 0.987846 0.0623557 0.0243079 1.23009e-05
0 0.506598 0.554018 0.0320026 0.110061 1.23042e-05
0 0.572418 0.473666 0.0409106 0.146523 1.23259e-05
0 0.76196 0.688386 0.0438799 0.112762 1.2329e-05
0 0.412075 0.0327481 0.038931 0.0654963 1.23551e-05
0 0.75998 0.739365 0.0458595 0.114787 1.23675e-05
0 0.186077 0.784267 0.0547674 0.111411 1.23944e-05
0 0.998185 0.873059 0.00362917 0.21607 1.24406e-05
0 0.518146 0.0452397 0.0425602 0.0904794 1.24542e-05
0 0.295282 0.828494 0.0554273 0.125591 1.24548e-05
0 0.814253 0.326806 0.0461894 0.125591 1.2458e-05
0 0.510228 0.689737 0.0254042 0.134369 1.24705e-05
0 0.431541 0.502701 0.0323326 0.0952059 1.24905e-05
0 0.899208 0.671168 0.0577367 0.174207 1.24971e-05
0 0.181788 0.440581 0.0719235 0.16948 1.25059e-05
0 0.980699 0.980756 0.0386011 0.0384875 1.25243e-05
0 0.269548 0.453072 0.0699439 0.220122 1.25538e-05
0 0.611184 0.0729237 0.0412405 0.108035 1.25552e-05
0 0.184922 0.321742 0.0663147 0.151924 1.26128e-05
0 0.210986 0.635719 0.047839 0.128967 1.26231e-05
0 0.449852 0.955098 0.0834708 0.0898042 1.26343e-05
0 0.835368 0.128629 0.0475091 0.119514 1.26692e-05
0 0.69548 0.983795 0.0125371 0.0324105 1.26937e-05
0 0.509733 0.958136 0.0805015 0.0837272 1.27088e-05
0 0.811118 0.732613 0.0544375 0.120189 1.27124e-05
0 0.84708 0.986496 0.0630155 0.0270088 1.27213e-05
0 0.838997 0.57056 0.0567469 0.175557 1.27352e-05
0 0.148796 0.0746117 0.0461894 0.149223 1.27597e-05
0 0.438469 0.174207 0.0382712 0.135044 1.27828e-05
0 0.58677 0.126941 0.0451996 0.129642 1.27828e-05
0 0.71874 0.0607698 0.0353019 0.12154 1.27897e-05
0 0.0232597 0.277515 0.0465193 0.149899 1.28021e-05
0 0.273177 0.987171 0.0125371 0.0256583 1.28168e-05
0 0.763444 0.544564 0.0772022 0.178933 1.2851e-05
0 0.71808 0.879473 0.0471791 0.146523 1.28528e-05
0 0.486308 0.328494 0.038931 0.10736 1.28714e-05
0 0.859782 0.839298 0.0415704 0.12424 1.29061e-05
0 0.712306 0.0364618 0.0376114 0.0729237 1.29231e-05
0 0.484494 0.988184 0.0643352 0.0236327 1.29924e-05
0 0.615144 0.73869 0.0471791 0.156651 1.30105e-05
0 0.0847905 0.273464 0.0468492 0.140446 1.30168e-05
0 0.837347 0.784605 0.0534477 0.12424 1.30437e-05
0 0.211811 0.0671843 0.0659848 0.134369 1.30506e-05
0 0.45579 0.976705 0.0115473 0.0465901 1.3063e-05
0 0.736556 0.12424 0.0399208 0.12154 1.30998e-05
0 0.248763 0.507427 0.0659848 0.141121 1.31015e-05
0 0.112339 0.0327481 0.0419004 0.0654963 1.31289e-05
0 0.738205 0.939568 0.0287034 0.120864 1.31413e-05
0 0.515506 0.979406 0.0122072 0.0411884 1.31453e-05
0 0.232267 0.925726 0.0752227 0.148548 1.32705e-05
0 0.186572 0.585753 0.0399208 0.128967 1.32827e-05
0 0.580831 0.742066 0.0372814 0.141796 1.33331e-05
0 0.801881 0.913909 0.0293632 0.106009 1.33381e-05
0 0.494886 0.575287 0.0263939 0.117488 1.33918e-05
0 0.293632 0.0607698 0.034972 0.12154 1.34086e-05
0 0.887166 0.58474 0.04355 0.139095 1.34404e-05
0 0.493072 0.746793 0.0339822 0.12424 1.34693e-05
0 0.752887 0.279878 0.0659848 0.23025 1.35025e-05
0 0.605741 0.979743 0.0118773 0.0405132 1.35272e-05
0 0.200594 0.828157 0.0534477 0.128967 1.35678e-05
0 0.461399 0.329507 0.0425602 0.106685 1.35823e-05
0 0.702408 0.952735 0.0138568 0.0945307 1.36193e-05
0 0.708347 0.688049 0.0640053 0.166104 1.36261e-05
0 0.34642 0.0580689 0.0593863 0.116138 1.36552e-05
0 0.946717 1 0.0326625 0 1.36805e-05
0 0.724843 0.988184 0.013197 0.0236327 1.38001e-05
0 0.655064 0.274477 0.0491587 0.133018 1.38131e-05
0 0.112174 0.888251 0.0442098 0.10736 1.38257e-05
0 0.509403 0.474004 0.0263939 0.140446 1.38609e-05
0 0.604421 0.987846 0.0666447 0.0243079 1.38612e-05
0 0.43451 0.786631 0.0362917 0.105334 1.38655e-05
0 0.999835 0.977043 0.000329924 0.0459149 1.3882e-05
0 0.233586 0.768737 0.0541076 0.126266 1.38872e-05
0 0.664467 0.988521 0.065325 0.0229575 1.39601e-05
0 0.62999 0.958136 0.0801716 0.0837272 1.39716e-05
0 0.364896 0.978055 0.0112174 0.0438893 1.39796e-05
0 0.136754 0.792032 0.0353019 0.112086 1.40586e-05
0 0.709007 0.92944 0.0184758 0.141121 1.40649e-05
0 0.344111 0.712019 0.038931 0.134369 1.40891e-05
0 0.00808314 0.149899 0.0161663 0.176907 1.41308e-05
0 0.924777 0.954085 0.0877598 0.0918298 1.41926e-05
0 0.595018 0.279203 0.0484988 0.128967 1.4195e-05
0 0.311448 0.277178 0.0422303 0.111411 1.41989e-05
0 0.263609 0.959824 0.0666447 0.0803511 1.42205e-05
0 0.783075 0.924375 0.0161663 0.151249 1.42618e-05
0 0.667436 0.595881 0.0613659 0.155976 1.42707e-05
0 0.767568 0.878461 0.0451996 0.137745 1.42889e-05
0 0.887001 0.37846 0.0498185 0.142471 1.43183e-05
0 0.539756 0.9605 0.0785219 0.0790007 1.43398e-05
0 0.200099 0.935517 0.0531178 0.128967 1.4364e-05
0 0.994556 0.944294 0.0108875 0.111411 1.43841e-05
0 0.717915 0.379136 0.0455295 0.20054 1.4402e-05
0 0.768888 0.942269 0.0300231 0.115463 1.4426e-05
0 0.425437 0.97738 0.0115473 0.0452397 1.44317e-05
0 0.00742329 0.273464 0.0148466 0.162053 1.44593e-05
0 0.635599 0.980419 0.0122072 0.0391627 1.44852e-05
0 0.836193 0.635719 0.0366216 0.131668 1.44885e-05
0 0.134609 0.737002 0.0343121 0.110061 1.44905e-05
0 0.0470142 0.394328 0.0643352 0.136394 1.44949e-05
0 0.91257 0.324781 0.0527879 0.133693 1.45025e-05
0 0.0842956 0.582039 0.0504784 0.143147 1.45205e-05
0 0.703563 0.653612 0.0412405 0.141796 1.45302e-05
0 0.735071 0.174544 0.0428901 0.118163 1.45607e-05
0 0.0641702 0.0513167 0.0570769 0.102633 1.45773e-05
0 0.292313 0.923025 0.0758825 0.15395 1.45797e-05
0 0.711151 0.740378 0.0425602 0.115463 1.46002e-05
0 0.533652 0.276165 0.0491587 0.132343 1.4616e-05
0 0.137083 0.0313977 0.0412405 0.0627954 1.46387e-05
0 0.385186 0.793045 0.0419004 0.110061 1.46946e-05
0 0.853349 0.958136 0.069614 0.0837272 1.47158e-05
0 0.125371 1 0.0145167 0 1.47231e-05
0 0.00890795 0.398379 0.0178159 0.15395 1.47458e-05
0 0.0679644 0.915598 0.0692841 0.116138 1.48017e-05
0 0.665457 0.983119 0.0125371 0.033761 1.48179e-05
0 0.390465 0.268737 0.0583966 0.171506 1.48279e-05
0 0.626361 0.820729 0.0649951 0.133018 1.48397e-05
0 0.859782 0.636394 0.038931 0.131668 1.48763e-05
0 0.525404 0.789669 0.0366216 0.220797 1.49019e-05
0 0.11036 1 0.0141867 0 1.49789e-05
0 0.545035 0.982107 0.0125371 0.0357866 1.49799e-05
0 0.161993 0.0307225 0.0409106 0.061445 1.5007e-05
0 0.493896 0.937205 0.0362917 0.125591 1.50166e-05
0 0.981854 0.547941 0.0362917 0.276165 1.50458e-05
0 0.00791818 0.335922 0.0158364 0.154625 1.50694e-05
0 0.334378 0.982107 0.0115473 0.0357866 1.50721e-05
0 0.829264 0.945645 0.0306829 0.10871 1.50813e-05
0 0.485153 0.980081 0.0122072 0.0398379 1.51392e-05
0 0.360772 0.787981 0.056417 0.117488 1.51497e-05
0 0.574893 0.982107 0.0122072 0.0357866 1.51719e-05
0 0.186572 0.986833 0.0649951 0.0263336 1.52269e-05
0 0.241999 0.417623 0.0663147 0.160027 1.52277e-05
0 0.288849 0.27684 0.0412405 0.110736 1.53215e-05
0 0.736556 0.836597 0.0451996 0.120189 1.53347e-05
0 0.635599 0.177245 0.0412405 0.123565 1.53557e-05
0 0.0851204 0.835584 0.0501485 0.131668 1.53662e-05
0 0.115473 0.832883 0.106895 0.19919 1.53887e-05
0 0.591884 0.0580689 0.0541076 0.116138 1.5411e-05
0 0.395249 0.978393 0.0112174 0.043214 1.54154e-05
0 0.424447 0.987508 0.0656549 0.0249831 1.54617e-05
0 0.240185 0.913909 0.0402507 0.142471 1.54727e-05
0 0.496041 0.975692 0.056417 0.0486158 1.55084e-05
0 0.430716 0.949021 0.0412405 0.101958 1.55099e-05
0 0.02161 0.646523 0.0412405 0.166779 1.5516e-05
0 0.759485 0.584065 0.0442098 0.113437 1.55265e-05
0 0.736556 0.228899 0.0438799 0.118839 1.55729e-05
0 0.567964 0.208305 0.0471791 0.158677 1.55885e-05
0 0.39096 0.057056 0.0554273 0.114112 1.56004e-05
0 0.269548 0.0715733 0.0422303 0.143147 1.56109e-05
0 0.887991 0.0540176 0.0517981 0.108035 1.56131e-05
0 0.105081 0.0462525 0.0445398 0.0925051 1.5622e-05
0 0.691026 0.882512 0.0550973 0.206617 1.56597e-05
0 0.839657 0.219446 0.0659848 0.147198 1.56599e-05
0 0.337347 0.277853 0.0432201 0.111411 1.5673e-05
0 0.629495 0.947671 0.0613659 0.104659 1.5731e-05
0 0.459089 0.976367 0.056417 0.0472654 1.57976e-05
0 0.735896 0.740041 0.0451996 0.113437 1.58748e-05
0 0.923293 0.342674 0.0801716 0.19919 1.60105e-05
0 0.0199604 0.770763 0.0399208 0.164078 1.60442e-05
0 0.439294 0.121877 0.0386011 0.142471 1.60628e-05
0 0.908776 0.0516543 0.0504784 0.103309 1.61012e-05
0 0.295447 0.767387 0.0550973 0.124916 1.61104e-05
0 0.765094 0.912559 0.0277136 0.106009 1.62287e-05
0 0.317882 0.90682 0.0412405 0.145847 1.62437e-05
0 0.720719 0.934841 0.0471791 0.130317 1.62514e-05
0 0.482019 0.891627 0.0640053 0.216745 1.62748e-05
0 0.838337 0.278528 0.0574068 0.122215 1.62966e-05
0 0.611184 0.838623 0.0419004 0.117488 1.63136e-05
0 0.562686 0.0310601 0.0386011 0.0621202 1.6327e-05
0 0.805015 1 0.0593863 0 1.63664e-05
0 0.635599 0.535787 0.0517981 0.119514 1.63886e-05
0 0.13032 0.047603 0.04355 0.0952059 1.64248e-05
0 0.244639 0.987171 0.0643352 0.0256583 1.64351e-05
0 0.545365 0.926063 0.0864401 0.147873 1.64503e-05
0 0.284889 0.935854 0.0267239 0.128292 1.64744e-05
0 0.250082 0.963876 0.0164962 0.0722485 1.64918e-05
0 0.231937 0.458474 0.0534477 0.140446 1.65397e-05
0 0.795447 0.933828 0.0475091 0.132343 1.66102e-05
0 0.464368 0.226874 0.0405807 0.117488 1.66366e-05
0 0.758166 0.924375 0.0164962 0.151249 1.66533e-05
0 0.836853 0.172856 0.0491587 0.120189 1.6686e-05
0 0.703728 0.952735 0.0633454 0.0945307 1.67062e-05
0 0.618443 0.922687 0.0933685 0.154625 1.67397e-05
0 0.264929 0.767387 0.0547674 0.124916 1.67559e-05
0 0.959419 0.229237 0.0475091 0.134369 1.67705e-05
0 0.661828 0.845037 0.0659848 0.208643 1.68687e-05
0 0.755031 0.972654 0.0419004 0.0546928 1.68802e-05
0 0.677169 0.938893 0.0280435 0.122215 1.68966e-05
0 0.691191 0.175895 0.0534477 0.115463 1.6909e-05
0 0.463378 0.12289 0.0445398 0.15395 1.69604e-05
0 0.787034 0.782917 0.0570769 0.119514 1.70017e-05
0 0.196305 0.941594 0.0283735 0.116813 1.70017e-05
0 0.293632 0.138758 0.0442098 0.214045 1.70046e-05
0 0.597493 0.475692 0.0336523 0.126266 1.70763e-05
0 0.563345 0.948346 0.160013 0.103309 1.70807e-05
0 0.643682 0.905132 0.038931 0.189737 1.71141e-05
0 0.534477 0.786631 0.0343121 0.0958812 1.71157e-05
0 0.26097 0.381161 0.0409106 0.115463 1.71514e-05
0 0.811943 0.784267 0.0547674 0.120864 1.72485e-05
0 0.568459 0.968265 0.0316727 0.0634706 1.72921e-05
0 0.508743 0.277853 0.0395909 0.10736 1.73026e-05
0 0.733586 0.927076 0.017486 0.145847 1.73725e-05
0 0.537446 0.339973 0.0395909 0.111411 1.73774e-05
0 0.760475 0.634369 0.0422303 0.111411 1.73877e-05
0 0.582151 0.502701 0.0366216 0.0938555 1.7409e-05
0 0.683768 0.946995 0.161993 0.106009 1.75886e-05
0 0.883702 0.326806 0.0517981 0.140446 1.76083e-05
0 0.619433 0.866644 0.0920488 0.180284 1.77429e-05
0 0.658529 0.710331 0.0785219 0.182309 1.77524e-05
0 0.306994 0.207292 0.0603761 0.147198 1.77526e-05
0 0.617948 0.290344 0.0514682 0.202566 1.77639e-05
0 0.710986 0.124578 0.0376114 0.124916 1.7781e-05
0 0.635269 0.27684 0.0432201 0.108035 1.78012e-05
0 0.646816 0.939568 0.0280435 0.120864 1.78349e-05
0 0.873309 0.943619 0.0791818 0.112762 1.78723e-05
0 0.363741 0.986496 0.0676344 0.0270088 1.78989e-05
0 0.812603 0.911546 0.0706038 0.176907 1.79258e-05
0 0.945398 1 0.0273837 0 1.79364e-05
0 0.225998 0.940581 0.0283735 0.118839 1.79589e-05
0 0.727813 0.952397 0.013197 0.0952059 1.79657e-05
0 0.93319 0.0594193 0.0616958 0.118839 1.79683e-05
0 0.288849 0.465564 0.0524579 0.124916 1.80019e-05
0 0.611514 0.175219 0.0438799 0.128967 1.80129e-05
0 0.786374 0.836259 0.0432201 0.118163 1.8028e-05
0 0.460904 0.786631 0.0343121 0.101283 1.80536e-05
0 0.922798 0.417286 0.0712636 0.206617 1.80553e-05
0 0.185747 0.838285 0.0428901 0.104659 1.81221e-05
0 0.120257 0.216408 0.0636754 0.151924 1.81231e-05
0 0.410426 0.790007 0.0382712 0.110736 1.81322e-05
0 0.707522 0.938217 0.0280435 0.123565 1.8138e-05
0 0.858957 0.946658 0.0306829 0.106685 1.82344e-05
0 0.0809964 0.938555 0.109865 0.12289 1.82956e-05
0 0.710492 0.835246 0.0458595 0.117488 1.83599e-05
0 0.505114 0.886226 0.0468492 0.122215 1.83928e-05
0 0.595183 0.830858 0.0508083 0.131668 1.84239e-05
0 0.76196 0.837272 0.0432201 0.118839 1.84807e-05
0 0.103596 0.497974 0.0580666 0.19919 1.85137e-05
0 0.30419 0.987171 0.0673045 0.0256583 1.85227e-05
0 0.236886 0.978731 0.0587265 0.0425388 1.85538e-05
0 0.0298581 0.935179 0.0557572 0.129642 1.85881e-05
0 0.248763 0.334234 0.065325 0.172856 1.85981e-05
0 0.84807 0.400743 0.0960079 0.174882 1.86291e-05
0 0.69548 0.921675 0.102276 0.156651 1.87064e-05
0 0.762455 0.0324105 0.0376114 0.0648211 1.87582e-05
0 0.792973 0.973329 0.0445398 0.0533423 1.87786e-05
0 0.155394 1 0.0145167 0 1.88058e-05
0 0.817717 0.0459149 0.0425602 0.0918298 1.88288e-05
0 0.765259 0.96185 0.0775322 0.0762998 1.88433e-05
0 0.654569 0.0469278 0.0468492 0.0938555 1.89262e-05
0 0.406137 0.938555 0.038931 0.12289 1.9039e-05
0 0.385351 0.978393 0.0613659 0.043214 1.91276e-05
0 0.485318 0.777853 0.04355 0.0972316 1.91481e-05
0 0.587265 0.172856 0.0488288 0.128292 1.91788e-05
0 0.735566 0.787981 0.047839 0.118839 1.92109e-05
0 0.338337 0.958136 0.0682943 0.0837272 1.92192e-05
0 0.570604 0.975692 0.0544375 0.0486158 1.92743e-05
0 0.515836 0.93788 0.0511382 0.12424 1.92753e-05
0 0.379578 0.97029 0.0300231 0.0594193 1.93185e-05
0 0.940944 0.384537 0.0494886 0.131668 1.9328e-05
0 0.361762 0.277515 0.039261 0.108035 1.93464e-05
0 0.0857803 0.959149 0.0250742 0.0817016 1.94514e-05
0 0.560541 0.280216 0.0402507 0.102633 1.95948e-05
0 0.0852854 0.946995 0.0405807 0.106009 1.96214e-05
0 0.193006 0.912221 0.0323326 0.15395 1.96706e-05
0 0.45513 0.0445645 0.0419004 0.089129 1.96891e-05
0 0.443088 0.950371 0.164302 0.0992573 1.97248e-05
0 0.422798 0.977718 0.0603761 0.0445645 1.98489e-05
0 0.613164 0.332883 0.0419004 0.106685 1.99159e-05
0 0.290333 0.355503 0.0719235 0.161377 1.99262e-05
0 0.580666 0.29102 0.038931 0.160702 2.00506e-05
0 0.52161 0.478055 0.0336523 0.151249 2.01147e-05
0 0.838997 0.326806 0.0501485 0.130993 2.01475e-05
0 0.857803 0.0546928 0.0514682 0.109386 2.0152e-05
0 0.744804 1 0.0597163 0 2.01959e-05
0 0.710162 0.273126 0.0451996 0.10871 2.02043e-05
0 0.19548 0.560432 0.0702738 0.171506 2.02167e-05
0 0.593369 0.973329 0.0273837 0.0533423 2.02846e-05
0 0.43616 0.226536 0.0376114 0.114112 2.02997e-05
0 0.357308 0.203579 0.0600462 0.155976 2.0348e-05
0 0.376773 0.909521 0.0494886 0.164754 2.03745e-05
0 0.985153 0.174544 0.0296932 0.130317 2.0437e-05
0 0.0196305 0.049291 0.039261 0.098582 2.06418e-05
0 0.837017 0.837947 0.0415704 0.120189 2.0659e-05
0 1 0.818704 0 0.19919 2.07721e-05
0 0.865226 1 0.0570769 0 2.09559e-05
0 0.351039 0.949359 0.0316727 0.101283 2.10519e-05
0 0.964863 0.932816 0.0504784 0.134369 2.10547e-05
0 0.50033 0.858204 0.0847905 0.164754 2.10674e-05
0 0.162323 0.977043 0.0613659 0.0459149 2.11082e-05
0 0.689211 0.274814 0.0428901 0.108035 2.11762e-05
0 0.860772 0.533761 0.0818212 0.173531 2.11829e-05
0 0.124711 0.977043 0.0626856 0.0459149 2.11961e-05
0 0.612339 0.279541 0.0422303 0.105334 2.12264e-05
0 0.611184 0.79102 0.0412405 0.115463 2.12455e-05
0 0.502145 1 0.0587265 0 2.13636e-05
0 0.490267 0.865294 0.0475091 0.120864 2.13868e-05
0 0.812438 0.836597 0.0425602 0.118839 2.14824e-05
0 0.941438 0.429777 0.0537776 0.119514 2.1496e-05
0 0.710492 0.788994 0.0471791 0.116813 2.15264e-05
0 0.387826 0.277178 0.0405807 0.104659 2.1569e-05
0 0.58743 0.0313977 0.039261 0.0627954 2.15875e-05
0 0.252062 0.0874409 0.0712636 0.174882 2.16043e-05
0 0.614319 0.223835 0.0428901 0.116813 2.16468e-05
0 0.190201 0.0435517 0.0524579 0.0871033 2.17351e-05
0 0.254866 0.93788 0.0273837 0.12424 2.17459e-05
0 0.263609 0.946995 0.156384 0.106009 2.17566e-05
0 0.0549324 0.805874 0.0715935 0.13842 2.17788e-05
0 0.0603761 0.218771 0.0626856 0.1553 2.18906e-05
0 0.76196 0.789669 0.0458595 0.118163 2.19231e-05
0 0.561366 0.86023 0.0854503 0.167454 2.19464e-05
0 0.56318 1 0.0600462 0 2.21193e-05
0 0.199769 0.978055 0.0597163 0.0438893 2.21302e-05
0 0.172055 0.828832 0.0498185 0.131668 2.21763e-05
0 0.508908 0.219446 0.0405807 0.128292 2.21846e-05
0 0.188552 0.960162 0.0201254 0.0796759 2.22706e-05
0 0.974761 0.381161 0.0504784 0.268062 2.22758e-05
0 0.920818 0.936867 0.116133 0.126266 2.23296e-05
0 0.378093 0.942269 0.0422303 0.115463 2.23336e-05
0 0.71874 0.975017 0.0458595 0.0499662 2.24282e-05
0 0.684593 1 0.0600462 0 2.2585e-05
0 0.140713 1 0.0544375 0 2.2587e-05
0 0.140053 0.325793 0.0491587 0.147873 2.2611e-05
0 0.590564 0.356178 0.0422303 0.164078 2.26478e-05
0 0.535467 0.870695 0.0580666 0.135719 2.26983e-05
0 0.623887 1 0.0600462 0 2.27706e-05
0 0.314583 0.937205 0.0267239 0.125591 2.281e-05
0 0.254866 0.90817 0.0366216 0.117488 2.28658e-05
0 0.865886 0.274139 0.0854503 0.167454 2.28918e-05
0 0.554932 0.237002 0.0422303 0.158001 2.29159e-05
0 0.354998 0.90817 0.0475091 0.160702 2.29323e-05
0 0.00874299 0.679946 0.017486 0.149899 2.30143e-05
0 0.262125 0.459487 0.0491587 0.13707 2.30783e-05
0 0.915704 0.496962 0.0636754 0.191762 2.3142e-05
0 0.280436 0.0479406 0.04355 0.0958812 2.3204e-05
0 0.466183 0.79102 0.0560871 0.165429 2.3206e-05
0 0.0842956 0.887914 0.0537776 0.126941 2.32268e-05
0 0.984494 0.224848 0.0310129 0.132343 2.32552e-05
0 0.78225 0.218096 0.0613659 0.145847 2.33533e-05
0 0.391455 0.877448 0.0616958 0.185685 2.34295e-05
0 0.0908941 0.531735 0.0405807 0.10871 2.34637e-05
0 0.903167 0.904794 0.0590564 0.190412 2.35192e-05
0 0.166282 0.906482 0.0514682 0.187036 2.35317e-05
0 0.569119 0.935179 0.0409106 0.129642 2.35352e-05
0 0.899868 0.448346 0.0603761 0.159352 2.35402e-05
0 0.442758 0.374747 0.038931 0.202566 2.35964e-05
0 0.511217 0.786631 0.0339822 0.0958812 2.37371e-05
0 0.661993 0.837947 0.0471791 0.116138 2.38218e-05
0 0.692841 0.358879 0.0415704 0.160027 2.38372e-05
0 0.163972 0.955773 0.0244144 0.0884537 2.39627e-05
0 0.468822 0.468602 0.0283735 0.135044 2.39797e-05
0 0.323656 0.949696 0.163642 0.100608 2.4101e-05
0 0.201749 1 0.0570769 0 2.41283e-05
0 0.608875 0.977043 0.0537776 0.0459149 2.41967e-05
0 0.966183 0.473666 0.0445398 0.124916 2.42456e-05
0 0.987793 0.233288 0.0244144 0.216745 2.45697e-05
0 1 0.691087 0 0.215395 2.46263e-05
0 0.013032 0.233964 0.026064 0.26266 2.4636e-05
0 0.0283735 0.33896 0.0547674 0.168805 2.47495e-05
0 0.395084 0.937205 0.0953481 0.125591 2.47559e-05
0 0.112174 0.668805 0.0679644 0.166779 2.48223e-05
0 0.00709337 0.207968 0.0141867 0.172856 2.49555e-05
0 0.769713 0.279541 0.0415704 0.125591 2.49701e-05
0 0.579842 0.0435517 0.0419004 0.0871033 2.50082e-05
0 0.474431 0.887238 0.0475091 0.12154 2.51189e-05
0 0.754207 0.52971 0.0468492 0.114112 2.51468e-05
0 0.15061 0.876435 0.0603761 0.159352 2.51692e-05
0 0.0110525 0.134031 0.0221049 0.223498 2.53221e-05
0 0.442593 1 0.0583966 0 2.53718e-05
0 0.637413 0.22451 0.0409106 0.115463 2.54098e-05
0 0.0242494 0.0715733 0.0471791 0.143147 2.5436e-05
0 0.275982 0.978731 0.0603761 0.0425388 2.54496e-05
0 0.809139 0.954423 0.0221049 0.0911546 2.54609e-05
0 0.955625 0.954423 0.0320026 0.0911546 2.55322e-05
0 0.988453 0.336597 0.0230947 0.220797 2.56213e-05
0 0.898548 0.956448 0.0234246 0.0871033 2.56267e-05
0 0.565985 0.830858 0.0471791 0.126266 2.56407e-05
0 0.599472 0.944294 0.0178159 0.111411 2.56957e-05
0 0.557572 0.702228 0.030353 0.125591 2.5744e-05
0 0.87034 0.668805 0.0791818 0.160027 2.59006e-05
0 0.0585615 0.327144 0.061036 0.151924 2.59071e-05
0 0.429726 0.307562 0.0445398 0.185685 2.59131e-05
0 0.34939 0.518906 0.0442098 0.16813 2.59441e-05
0 0.103266 0.900743 0.0541076 0.198515 2.59685e-05
0 0.749093 0.950034 0.0201254 0.0999325 2.60131e-05
0 0.466678 0.708305 0.0445398 0.168805 2.60262e-05
0 0.182943 0.215395 0.0616958 0.149899 2.60361e-05
0 0.508908 0.945645 0.0188057 0.10871 2.60537e-05
0 0.997855 0.550304 0.00428901 0.218771 2.60559e-05
0 0.32547 0.826469 0.0577367 0.12289 2.60717e-05
0 0.205873 0.673531 0.0692841 0.158677 2.61004e-05
0 0.646156 0.97738 0.0524579 0.0452397 2.616e-05
0 0.00791818 0.222485 0.0158364 0.160027 2.62167e-05
0 0.383042 0.473666 0.0277136 0.13977 2.62746e-05
0 0.230287 0.0459149 0.0422303 0.0918298 2.62871e-05
0 0.991587 0.775827 0.0168261 0.251182 2.63252e-05
0 0.541405 0.783592 0.0600462 0.161377 2.64307e-05
0 0.00808314 0.376097 0.0161663 0.172856 2.65091e-05
0 0.866051 0.905807 0.0508083 0.188386 2.65322e-05
0 0.118443 0.443619 0.060706 0.162053 2.65345e-05
0 0.263444 1 0.0570769 0 2.6578e-05
0 0.47905 0.151249 0.04355 0.141796 2.66561e-05
0 0.97773 0.567184 0.0399208 0.159352 2.66576e-05
0 0.346585 0.843011 0.0715935 0.238352 2.67172e-05
0 0.984988 0.326806 0.0300231 0.139095 2.67272e-05
0 0.864236 0.328494 0.0531178 0.135719 2.69708e-05
0 0.507588 0.607022 0.0247443 0.12289 2.70706e-05
0 0.143187 0.956448 0.0336523 0.0871033 2.71815e-05
0 0.285879 0.874072 0.0524579 0.166779 2.73732e-05
0 0.0885846 0.978055 0.061036 0.0438893 2.73994e-05
0 0.534642 0.975354 0.0570769 0.049291 2.75214e-05
0 0.779116 0.953072 0.0214451 0.0938555 2.75635e-05
0 0.795942 0.0597569 0.0630155 0.119514 2.76463e-05
0 0.629495 0.944294 0.0178159 0.111411 2.76507e-05
0 0.132135 0.970966 0.0326625 0.0580689 2.76837e-05
0 0.832893 0.976705 0.0517981 0.0465901 2.76876e-05
0 0.463378 0.278528 0.0405807 0.101958 2.78711e-05
0 0.538601 0.947333 0.0194655 0.105334 2.79164e-05
0 0.506269 0.159352 0.0458595 0.207968 2.81079e-05
0 0.839162 0.955098 0.0227648 0.0898042 2.81212e-05
0 0.568624 0.945982 0.0188057 0.108035 2.81502e-05
0 0.175685 0.955098 0.0221049 0.0898042 2.81587e-05
0 0.702079 0.552667 0.04355 0.131668 2.82067e-05
0 0.986968 0.836259 0.026064 0.13842 2.84437e-05
0 0.467008 0.966577 0.034642 0.0668467 2.85374e-05
0 0.488123 0.27819 0.0366216 0.105334 2.85943e-05
0 0.984164 0.951384 0.0316727 0.0972316 2.85957e-05
0 0.00775322 0.733964 0.0155064 0.158001 2.86617e-05
0 0.62966 0.907833 0.0458595 0.162728 2.87096e-05
0 0.924282 1 0.0577367 0 2.88343e-05
0 0.494556 0.0681972 0.0567469 0.136394 2.90361e-05
0 0.245629 0.210331 0.0583966 0.145172 2.90642e-05
0 0.91356 0.278528 0.0455295 0.13842 2.91153e-05
0 0.364566 0.331533 0.0395909 0.0972316 2.91428e-05
0 0.00214451 0.0526671 0.00428901 0.105334 2.91777e-05
0 0.685252 0.790682 0.0468492 0.116138 2.91785e-05
0 0.9355 0.948683 0.0379413 0.102633 2.94283e-05
0 0.426592 0.870695 0.0613659 0.13707 2.94406e-05
0 0.383372 1 0.0587265 0 2.95046e-05
0 0.47872 0.673194 0.0250742 0.170155 2.95793e-05
0 0.333883 0.0627954 0.0580666 0.125591 2.96204e-05
0 0.755196 0.0442269 0.0409106 0.0884537 2.96467e-05
0 0.112834 0.829169 0.0666447 0.12289 2.97877e-05
0 0.475421 0.830182 0.0442098 0.123565 2.98787e-05
0 0.636754 0.791357 0.04355 0.116138 2.98915e-05
0 0.737215 0.909858 0.0729132 0.180284 2.99202e-05
0 0.562356 0.335246 0.0379413 0.10736 2.99358e-05
0 1 0.0536799 0 0.10736 2.99827e-05
0 0.349555 0.659352 0.056417 0.16948 3.00447e-05
0 0.323985 1 0.0567469 0 3.00521e-05
0 0.913065 0.566172 0.0597163 0.174882 3.02313e-05
0 0.772022 0.0665091 0.0758825 0.133018 3.03329e-05
0 0.451501 0.905807 0.0550973 0.181634 3.03539e-05
0 0.164962 0.0567184 0.0534477 0.113437 3.0397e-05
0 0.611184 0.0465901 0.0511382 0.0931803 3.05771e-05
0 0.572253 0.358879 0.0353019 0.145172 3.06728e-05
0 0.685087 0.835922 0.0465193 0.113437 3.06895e-05
0 0.0206203 0.998312 0.0405807 0.0033761 3.06968e-05
0 0.638073 0.33896 0.0448697 0.106685 3.07994e-05
0 0.817552 0.908508 0.0323326 0.103309 3.09273e-05
0 0.444243 0.830858 0.0465193 0.124916 3.11134e-05
0 0.206368 0.953747 0.0214451 0.0925051 3.11778e-05
0 0.789508 0.355841 0.0620257 0.189061 3.12778e-05
0 0.985153 0.887576 0.0296932 0.143822 3.1586e-05
0 0.703398 0.0530047 0.0567469 0.106009 3.16012e-05
0 0.422798 0.218096 0.0517981 0.143147 3.17356e-05
0 0.222369 0.564483 0.0864401 0.206617 3.20123e-05
0 0.293303 0.680959 0.0554273 0.13977 3.20586e-05
0 0.448697 0.942606 0.0178159 0.114787 3.20823e-05
0 0.02161 0.316003 0.0432201 0.217421 3.21046e-05
0 0.312438 0.0486158 0.0534477 0.0972316 3.22493e-05
0 0.533652 0.829507 0.0438799 0.123565 3.23507e-05
0 0.692181 0.217083 0.0481689 0.118163 3.23863e-05
0 0.142527 0.834909 0.0514682 0.126266 3.24155e-05
0 0.952491 0.832546 0.0838007 0.149899 3.24925e-05
0 0.683273 0.977043 0.0501485 0.0459149 3.2544e-05
0 0.248763 0.705604 0.0692841 0.176907 3.25749e-05
0 0.371 0.0479406 0.0537776 0.0958812 3.26041e-05
0 0.282085 0.286293 0.0646651 0.179608 3.26155e-05
0 0.987298 0.93788 0.0234246 0.12424 3.26323e-05
0 0.181953 0.879811 0.0623557 0.194463 3.26848e-05
0 0.467338 0.399392 0.0339822 0.142471 3.26874e-05
0 0.953151 1 0.0191356 0 3.27325e-05
0 0.297757 0.94497 0.0181458 0.110061 3.27871e-05
0 0.012867 0.719446 0.0257341 0.257259 3.29611e-05
0 0.939129 0.328157 0.0451996 0.149899 3.30001e-05
0 0.688552 0.948346 0.0197954 0.103309 3.31173e-05
0 0.661993 0.79237 0.0445398 0.116813 3.31193e-05
0 0.236721 0.953072 0.0207852 0.0938555 3.31242e-05
0 0.868525 0.956111 0.0234246 0.0877785 3.31432e-05
0 0.613989 0.953747 0.0250742 0.0925051 3.32616e-05
0 0.760805 0.442606 0.0428901 0.176232 3.33626e-05
0 0.47839 0.94497 0.0191356 0.110061 3.3592e-05
0 0.00527879 0.0411884 0.0105576 0.0823768 3.36479e-05
0 0.944738 0.978055 0.0511382 0.0438893 3.36903e-05
0 0.0235896 0.421675 0.0471791 0.13977 3.37883e-05
0 0.986803 0.0732613 0.0237545 0.123565 3.38774e-05
0 0.718575 0.949696 0.0204553 0.100608 3.39196e-05
0 0.0201254 0.702566 0.0402507 0.162728 3.40108e-05
0 0.418839 0.941256 0.017486 0.117488 3.4457e-05
0 0.419663 0.471303 0.0329924 0.129642 3.4509e-05
0 0.388651 0.941256 0.0171561 0.117488 3.46605e-05
0 0.00725833 0.0712356 0.0145167 0.133018 3.46652e-05
0 0.67321 0.0472654 0.0524579 0.0945307 3.47557e-05
0 0.358298 0.941931 0.0171561 0.116138 3.47971e-05
0 0.634114 0.0550304 0.0593863 0.110061 3.48447e-05
0 0.599307 0.222147 0.0590564 0.147198 3.48801e-05
0 0.39261 0.950034 0.0395909 0.0999325 3.49885e-05
0 0.987793 0.787306 0.0204553 0.148548 3.50264e-05
0 0.658693 0.947671 0.0194655 0.104659 3.50584e-05
0 0.948862 0.542201 0.0772022 0.182309 3.54056e-05
0 0.112009 0.551654 0.0623557 0.163403 3.5534e-05
0 0.205708 0.0469278 0.0399208 0.0938555 3.56068e-05
0 0.0511382 0.675219 0.0666447 0.159352 3.58132e-05
0 0.987463 0.119851 0.0250742 0.131668 3.58974e-05
0 0.00560871 0.95476 0.0112174 0.0904794 3.63825e-05
0 0.0570769 0.559757 0.0620257 0.164754 3.65116e-05
0 0.850214 0.959149 0.0204553 0.0817016 3.6659e-05
0 0.290663 0.386901 0.0481689 0.114787 3.6851e-05
0 0.406631 0.908845 0.0511382 0.171506 3.70895e-05
0 0.279116 0.558069 0.0501485 0.0898042 3.75963e-05
0 0.00791818 0.886563 0.0158364 0.151249 3.76212e-05
0 0.987628 0.731938 0.0247443 0.135044 3.77222e-05
0 0.253547 0.0418636 0.0504784 0.0837272 3.79062e-05
0 0.829594 0.881499 0.0537776 0.188386 3.81575e-05
0 0.692841 0.910533 0.0310129 0.160027 3.81725e-05
0 0.0547674 0.438893 0.0633454 0.163403 3.83722e-05
0 0.0105576 0.617826 0.0211151 0.217421 3.8409e-05
0 0.663147 0.540513 0.0567469 0.10736 3.84644e-05
0 0.331904 0.528022 0.0488288 0.182309 3.87182e-05
0 0.406137 0.0580689 0.0560871 0.116138 3.87562e-05
0 0.00626856 0.975354 0.0125371 0.049291 3.91229e-05
0 0.289838 0.497974 0.0742329 0.130317 3.91247e-05
0 0.572253 0.905807 0.0511382 0.16948 3.91942e-05
0 0.910426 0.973666 0.0550973 0.0526671 3.929e-05
0 0.266579 0.950371 0.0204553 0.0992573 3.93734e-05
0 0.797097 0.412559 0.0778621 0.18366 3.95331e-05
0 0.665292 0.217758 0.0570769 0.153275 3.98447e-05
0 0.311943 0.626266 0.0524579 0.13707 3.98775e-05
0 0.078192 0.957461 0.0481689 0.0850777 3.99888e-05
0 0.539426 0.225186 0.0508083 0.130317 4.04294e-05
0 0.555097 0.942269 0.0445398 0.115463 4.04958e-05
0 0.413065 0.829169 0.0508083 0.125591 4.08347e-05
0 0.730782 0.0462525 0.0501485 0.0925051 4.11841e-05
0 0.479545 0.947671 0.0419004 0.104659 4.12805e-05
0 0.0232597 0.563133 0.0465193 0.162053 4.15366e-05
0 0.419993 0.377448 0.04355 0.199865 4.16178e-05
0 0.533652 0.703579 0.0280435 0.116138 4.18668e-05
0 0.350214 0.979743 0.0643352 0.0405132 4.2488e-05
0 0.0107225 0.897367 0.0214451 0.132343 4.25331e-05
0 0.434345 0.278866 0.0359617 0.103984 4.31429e-05
0 0.0100627 0.489872 0.0201254 0.196489 4.32103e-05
0 0.355658 0.826469 0.0580666 0.12424 4.32916e-05
0 0.601452 0.909521 0.0508083 0.172856 4.33169e-05
0 0.10871 0.971303 0.0379413 0.0573937 4.34885e-05
0 0.171396 0.928764 0.0834708 0.142471 4.37055e-05
0 0.293797 0.627954 0.0498185 0.0945307 4.38748e-05
0 0.327615 0.944632 0.0184758 0.110736 4.41392e-05
0 0.0107225 0.310263 0.0214451 0.224848 4.52704e-05
0 0.314253 0.980081 0.0636754 0.0398379 4.53899e-05
0 0.37133 0.703916 0.0386011 0.13707 4.54386e-05
0 0.432695 0.0459149 0.047839 0.0918298 4.56378e-05
0 0.854009 0.908508 0.0386011 0.131668 4.57332e-05
0 0.775157 0.923363 0.08677 0.153275 4.57375e-05
0 0.984823 0.747806 0.030353 0.330182 4.6238e-05
0 0.441109 0.701215 0.04355 0.178933 4.6288e-05
0 0.418509 0.714045 0.0379413 0.164078 4.6402e-05
0 0.00907291 0.0364618 0.0181458 0.0729237 4.64477e-05
0 0.479875 0.0563808 0.0570769 0.112762 4.72505e-05
0 0.780765 0.0442269 0.0386011 0.0884537 4.7611e-05
0 0.932036 0.928764 0.0554273 0.142471 4.79803e-05
0 0.144342 0.960162 0.0267239 0.0796759 4.84723e-05
0 0.00857803 0.676232 0.0171561 0.184335 4.86943e-05
0 0.564005 0.913572 0.0887496 0.172856 4.95527e-05
0 0.606565 0.540513 0.039261 0.135719 4.9907e-05
0 0.316067 0.58474 0.0442098 0.109386 5.00522e-05
0 0.0186407 0.835246 0.0372814 0.158001 5.05929e-05
0 0.944738 0.265024 0.0471791 0.205942 5.06484e-05
0 0.202243 0.922687 0.0851204 0.154625 5.07681e-05
0 0.554273 0.0540176 0.0580666 0.108035 5.08352e-05
0 0.948037 0.296421 0.0894094 0.190412 5.088e-05
0 0.414715 0.279878 0.0336523 0.101958 5.09498e-05
0 0.872649 0.978731 0.0567469 0.0425388 5.12019e-05
0 0.987463 0.68501 0.0204553 0.150574 5.14665e-05
0 0.114484 0.96185 0.0290333 0.0762998 5.16249e-05
0 0.750412 0.27819 0.0465193 0.118839 5.16514e-05
0 0.0451996 0.956111 0.0422303 0.0877785 5.17878e-05
0 0.0138568 0.41661 0.0277136 0.193113 5.1791e-05
0 0.0095678 0.559757 0.0191356 0.18501 5.19266e-05
0 0.383702 0.605672 0.0600462 0.145847 5.21834e-05
0 0.952491 0.686361 0.0798416 0.176232 5.29872e-05
0 0.988948 0.670155 0.0221049 0.223498 5.35488e-05
0 0.962554 0.974004 0.0445398 0.0519919 5.36012e-05
0 0.530188 0.94497 0.0422303 0.110061 5.38656e-05
0 0.864731 0.932478 0.0838007 0.135044 5.38674e-05
0 0.556252 0.165766 0.052128 0.134369 5.40259e-05
0 0.298086 0.582377 0.0491587 0.0992573 5.40569e-05
0 0.180633 0.910533 0.0412405 0.130317 5.40899e-05
0 0.383867 0.827819 0.0544375 0.125591 5.62149e-05
0 0.00758825 0.79237 0.0151765 0.174882 5.62892e-05
0 0.666777 0.909521 0.04355 0.180959 5.63396e-05
0 0.984494 0.438555 0.0310129 0.299122 5.68518e-05
0 0.889145 0.945645 0.0356318 0.10871 5.77481e-05
0 0.51963 0.673869 0.0250742 0.166104 5.7962e-05
0 0.714781 0.913909 0.08677 0.172181 5.8923e-05
0 0.689541 0.649561 0.0620257 0.194463 5.93489e-05
0 0.474266 0.913909 0.0887496 0.172181 5.97249e-05
0 0.455625 0.946658 0.0409106 0.106685 5.99441e-05
0 0.987793 0.530385 0.0211151 0.146523 6.04588e-05
0 0.135764 0.905807 0.0537776 0.162728 6.04659e-05
0 0.629165 0.471303 0.0402507 0.141796 6.05084e-05
0 0.0550973 0.97738 0.0600462 0.0452397 6.09306e-05
0 0.384362 0.907833 0.0897394 0.184335 6.16326e-05
0 0.989112 0.566847 0.021775 0.224848 6.2377e-05
0 0.705873 0.206955 0.0557572 0.20054 6.25008e-05
0 0.732597 0.28393 0.0544375 0.13842 6.27125e-05
0 0.654734 0.912559 0.0880897 0.174882 6.29513e-05
0 0.388816 0.334571 0.0366216 0.101958 6.31127e-05
0 0.984659 0.384537 0.0293632 0.134369 6.33828e-05
0 0.985483 0.975017 0.0290333 0.0499662 6.34287e-05
0 0.595183 0.703579 0.0362917 0.148548 6.3704e-05
0 0.501815 0.796084 0.0501485 0.143147 6.44645e-05
0 0.0927087 0.927752 0.0514682 0.144497 6.44856e-05
0 0.41422 0.333896 0.0366216 0.114112 6.48986e-05
0 0.26262 0.914585 0.0857803 0.170831 6.58301e-05
0 0.909106 0.979743 0.0570769 0.0405132 6.6543e-05
0 0.979875 0.0546928 0.038931 0.109386 6.74798e-05
0 0.660673 0.356853 0.0438799 0.10871 6.88665e-05
0 0.707852 0.222485 0.0405807 0.111411 6.93029e-05
0 0.140548 0.941594 0.0765424 0.116813 7.0796e-05
0 0.679809 0.905807 0.0353019 0.141121 7.12281e-05
0 0.986803 0.0374747 0.0263939 0.0749494 7.23461e-05
0 0.987463 0.13133 0.0250742 0.249156 7.26236e-05
0 0.117618 0.94497 0.0372814 0.110061 7.33418e-05
0 0.111184 0.949696 0.0752227 0.100608 7.33916e-05
0 0.968657 0.41391 0.0567469 0.168805 7.37541e-05
0 0.394754 0.373734 0.0313428 0.170831 7.43388e-05
0 0.0123722 0.903106 0.0247443 0.193788 7.48297e-05
0 0.731277 0.579338 0.069614 0.126941 7.5905e-05
0 0.0631805 0.947671 0.039261 0.104659 7.62446e-05
0 0.119597 0.87576 0.0649951 0.174207 7.72272e-05
0 0.511052 0.366307 0.0382712 0.142471 7.73649e-05
0 0.37034 0.370358 0.039261 0.178933 7.74925e-05
0 0.323821 0.90817 0.0874299 0.18366 7.74945e-05
0 0.709007 0.179946 0.0362917 0.115463 7.81354e-05
0 0.992577 0.997299 0.0148466 0.00540176 7.88054e-05
0 0.495216 0.400743 0.0356318 0.216745 7.909e-05
0 0.0103926 0.798447 0.0207852 0.227549 7.9432e-05
0 0.0169911 0.963538 0.0339822 0.0729237 8.29466e-05
0 0.645826 0.376097 0.0386011 0.140446 8.73602e-05
0 0.987133 0.840648 0.0257341 0.288994 8.91479e-05
0 0.00164962 0.989872 0.00329924 0.0202566 9.03667e-05
0 0.486143 0.226536 0.0498185 0.128967 9.46429e-05
0 0.736391 0.533086 0.0514682 0.111411 0.000101756
0 0.394919 0.472654 0.0369515 0.128292 0.000102594
0 0.942923 0.958136 0.0356318 0.0837272 0.000108126
0 0.657209 0.493585 0.0593863 0.180959 0.000110754
0 0.982184 0.999662 0.0329924 0.000675219 0.000112068
0 0.267898 0.668467 0.0686242 0.132343 0.000113868
0 0.526064 0.610061 0.0293632 0.141121 0.000115375
0 0.232926 0.642809 0.0864401 0.189061 0.000115635
0 0.605411 0.737002 0.0745628 0.270763 0.000118546
0 0.613494 0.67657 0.0491587 0.167454 0.000120976
0 0.352524 0.359217 0.0412405 0.144497 0.000124098
0 0.430056 0.674882 0.0326625 0.201891 0.000124372
0 0.0110525 0.06921 0.0221049 0.13842 0.00012738
0 0.331574 0.649561 0.0428901 0.145847 0.000127694
0 0.456945 0.672856 0.0283735 0.182984 0.00012786
0 0.378423 0.46185 0.0567469 0.221472 0.00012911
0 0.986803 0.0850777 0.0263939 0.170155 0.000129996
0 0.623557 0.371033 0.0422303 0.123565 0.000133883
0 0.357308 0.610736 0.04355 0.173531 0.000135263
0 0.00890795 0.949696 0.0178159 0.100608 0.000136443
0 0.904817 0.943957 0.0399208 0.112086 0.000140206
0 0.829594 0.906482 0.0326625 0.126266 0.000172252
0 0.599142 0.400405 0.038931 0.167454 0.000177996
0 0.591059 0.943282 0.0359617 0.113437 0.000188586
0 0.260805 0.580689 0.0656549 0.102633 0.000207967
0 0.408446 0.472316 0.0455295 0.203241 0.000224927
0 0.0554273 0.964213 0.0343121 0.0715733 0.000242638
0 0.987133 0.433491 0.0250742 0.12424 0.000244482
0 0.34939 0.320054 0.0666447 0.198515 0.000252143
0 0.518146 0.13133 0.0471791 0.143822 0.000255153
0 0.485978 0.738352 0.0554273 0.234301 0.000256526
0 0.930056 0.965226 0.038931 0.0695476 0.00025907
0 0.0356318 1 0.0290333 0 0.00026094
0 0.766414 0.330182 0.0666447 0.176907 0.000262479
0 0.95744 0.346388 0.0574068 0.232275 0.00027858
0 0.989937 0.489872 0.0201254 0.208643 0.000282412
0 0.381887 0.370358 0.0432201 0.131668 0.000288233
0 0.30419 0.421337 0.0646651 0.166104 0.000295977
0 0.670736 0.44497 0.0455295 0.149899 0.000296373
0 0.0920488 0.963876 0.0329924 0.0722485 0.000299767
0 0.7387 0.622215 0.0666447 0.145172 0.000299924
0 0.0133619 0.987171 0.0267239 0.0256583 0.000300268
0 0.503134 0.722147 0.0376114 0.195138 0.00030601
0 0.561531 0.722485 0.0501485 0.194463 0.000314144
0 0.637578 0.333558 0.0623557 0.191762 0.000352099
0 0.877103 0.949021 0.0300231 0.101958 0.000382725
0 0.989277 0.951047 0.0214451 0.0979068 0.000383221
0 0.317882 0.444294 0.0247443 0.15395 0.000386656
0 0.410756 0.328494 0.0567469 0.197839 0.000392214
0 0.750247 0.360567 0.0501485 0.168805 0.000430706
0 0.491422 0.13842 0.0438799 0.232275 0.000496361
0 0.479875 0.615125 0.0287034 0.145847 0.000513241
0 0.483999 0.334234 0.0560871 0.209318 0.000513623
0 0.430221 0.367657 0.0323326 0.151924 0.000518386
0 0.554437 0.333221 0.0544375 0.209993 0.000542097
0 0.737875 0.462525 0.0517981 0.145847 0.000552319
0 0.990267 0.41391 0.0194655 0.191762 0.000671089
0 0.443583 0.443619 0.0326625 0.182309 0.000726063
0 0.606401 0.444632 0.0376114 0.16948 0.000765329
0 0.727648 0.336259 0.0689541 0.164754 0.000805751
0 0.249918 0.626941 0.0762125 0.10871 0.000963153
0 0.400528 0.701553 0.0587265 0.195814 0.00105027
0 0.407456 0.374747 0.038931 0.141796 0.00119158
0 0.533157 0.154288 0.0547674 0.197839 0.00126249
0 0.646321 0.425388 0.0461894 0.1526 0.00147975
0 0.361102 0.424713 0.0320026 0.166104 0.00259089
0 0.608545 0.624578 0.0451996 0.1553 0.00484714
0 0.745958 0.48447 0.0725833 0.245105 0.00584659
0 0.681623 0.400743 0.0508083 0.178933 0.031248
0 0.490102 0.538487 0.0458595 0.401756 0.11186
0 0.569944 0.528697 0.0570769 0.440243 0.118203
0 0.490267 0.431128 0.115473 0.191087 0.131393
0 0.342296 0.521607 0.0643352 0.376097 0.148235
0 0.429396 0.591492 0.0524579 0.344362 0.15273
0 0.644672 0.523633 0.0752227 0.377448 0.153453
0 0.4581 0.644835 0.127021 0.179608 0.164509
0 0.60904 0.426063 0.110855 0.18501 0.171445
0 0.41422 0.4237 0.08677 0.189737 0.189857
0 0.597822 0.509791 0.04355 0.405132 0.21464
0 0.505114 0.636394 0.0673045 0.16948 0.217003
0 0.405147 0.648886 0.113494 0.18501 0.238345
0 0.705873 0.487846 0.0623557 0.361242 0.25549
0 0.611514 0.64686 0.135599 0.179608 0.259213
0 0.661663 0.417961 0.123062 0.174207 0.263297
0 0.5419 0.420662 0.0702738 0.191762 0.283545
0 0.363576 0.421337 0.102276 0.176907 0.301982
0 0.542725 0.64551 0.0580666 0.182309 0.325323
0 0.373474 0.572924 0.0475091 0.350439 0.346444
0 0.400858 0.419986 0.0343121 0.199865 0.749951
0 0.589079 0.431465 0.0399208 0.180959 0.755439
0 0.458924 0.435517 0.030353 0.18501 0.773045
0 0.276641 0.606009 0.069614 0.115463 0.789382
0 0.512702 0.640108 0.021775 0.178258 0.796902
0 0.567304 0.416948 0.0372814 0.205942 0.797797
0 0.661498 0.404456 0.0481689 0.160702 0.804247
0 0.514517 0.426063 0.0372814 0.198515 0.811273
0 0.372649 0.423363 0.0313428 0.156651 0.819185
0 0.540086 0.413572 0.0323326 0.20054 0.821145
0 0.535302 0.648211 0.0280435 0.207968 0.823129
0 0.620257 0.425051 0.0343121 0.178933 0.828352
0 0.493731 0.635719 0.0227648 0.180284 0.828798
0 0.698284 0.596219 0.0821511 0.159352 0.829391
0 0.432695 0.426401 0.0366216 0.203241 0.832345
0 0.448202 0.641121 0.0326625 0.178933 0.840739
0 0.471462 0.642134 0.0316727 0.180959 0.846617
0 0.560871 0.654288 0.0362917 0.194463 0.848688
0 0.73936 0.397029 0.0514682 0.171506 0.849613
0 0.596008 0.652937 0.047839 0.170155 0.852703
0 0.485813 0.435517 0.0313428 0.197164 0.857414
0 0.704883 0.413572 0.0491587 0.19919 0.860807
0 0.418674 0.650236 0.0395909 0.186361 0.867021
0 0.648301 0.632343 0.0831409 0.182984 0.873859
0 0.332728 0.41661 0.0498185 0.179608 0.882189
0 0.332069 0.608035 0.061036 0.161377 0.887462
0 0.371989 0.6553 0.069614 0.187036 0.889347
