0 0.243808 0.971888 0.0195933 0.0562249 8.57892e-06
0 0.432902 0.75502 0.0251386 0.16332 8.59326e-06
0 0.223845 0.768407 0.0609982 0.161981 8.59928e-06
0 0.943623 0.00970549 0.0343808 0.019411 8.61488e-06
0 0.352495 0.333333 0.064695 0.161981 8.64636e-06
0 0.767098 0.954485 0.0325323 0.064257 8.65241e-06
0 0.698706 0.996988 0.0155268 0.0060241 8.66223e-06
0 0.690203 0.951138 0.0236599 0.0977242 8.68497e-06
0 0.166913 0.861111 0.0513863 0.125167 8.72028e-06
0 0.542144 0.905622 0.0580407 0.16332 8.72807e-06
0 0.368577 0.784471 0.0436229 0.115127 8.75142e-06
0 0.887431 0.756024 0.0439926 0.118474 8.77178e-06
0 0.899445 0.979585 0.0207024 0.04083 8.796e-06
0 0.103512 0.194779 0.107209 0.171352 8.7966e-06
0 0.827542 0.971888 0.0121996 0.0562249 8.79917e-06
0 0.00868762 0.889224 0.0173752 0.137216 8.81655e-06
0 0.485397 0.0414993 0.0532348 0.0829987 8.82041e-06
0 0.321072 0.266064 0.0484288 0.138554 8.83982e-06
0 0.084658 0.536145 0.0584104 0.153949 8.84521e-06
0 0.768946 1 0.0805915 0 8.84647e-06
0 0.202588 0.318942 0.0547135 0.133199 8.85537e-06
0 0.418484 0.81091 0.0421442 0.127845 8.87153e-06
0 0.483364 0.568608 0.0277264 0.109103 8.88305e-06
0 0.624769 0.564592 0.045841 0.177376 8.88778e-06
0 0.442699 0.264726 0.0432532 0.133199 8.90291e-06
0 0.938817 0.298862 0.0565619 0.110442 8.94146e-06
0 0.442884 0.991633 0.019963 0.0167336 8.94749e-06
0 0.607763 0.0722892 0.0724584 0.144578 8.94866e-06
0 0.91183 0.800201 0.0417745 0.121151 8.95319e-06
0 0.384104 0.0742972 0.0702403 0.148594 8.97123e-06
0 0.729945 0.242972 0.0499076 0.219545 8.97453e-06
0 0.406285 0.783802 0.0377079 0.111111 8.99735e-06
0 0.1878 0.711178 0.0480592 0.113119 9.0059e-06
0 0.512569 0.980254 0.0292052 0.0394913 9.02016e-06
0 0.406839 0.00903614 0.0351201 0.0180723 9.0321e-06
0 0.433457 0.951473 0.0173752 0.0970549 9.04411e-06
0 0.916636 0.963855 0.0373383 0.0722892 9.0615e-06
0 0.387431 0.212851 0.0428835 0.115127 9.07279e-06
0 0.35878 0.879518 0.0528651 0.222222 9.08046e-06
0 0.58207 0.354752 0.0454713 0.145917 9.10763e-06
0 0.9122 0.846051 0.0410351 0.113788 9.12975e-06
0 0.633457 0.980589 0.0255083 0.038822 9.14522e-06
0 0.854898 0.0525435 0.0491682 0.105087 9.17993e-06
0 0.782255 0.860776 0.0487985 0.199465 9.18506e-06
0 0.15878 0.665328 0.0521257 0.119143 9.1903e-06
0 0.836969 0.483601 0.0436229 0.113119 9.20776e-06
0 0.53512 0.802209 0.0373383 0.0930388 9.24419e-06
0 0.999445 1 0.00110906 0 9.24937e-06
0 0.766913 0.657631 0.0380776 0.135877 9.26174e-06
0 0.0266174 0.911647 0.0532348 0.136546 9.2967e-06
0 0.332163 0.881526 0.0713494 0.212851 9.30306e-06
0 0.526433 0.746319 0.0384473 0.113788 9.32232e-06
0 0.649168 0.912316 0.0606285 0.16332 9.34513e-06
0 0.59353 0.783802 0.0358595 0.105756 9.35058e-06
0 0.934381 0.98996 0.0292052 0.0200803 9.37446e-06
0 0.87597 0.972892 0.018854 0.0542169 9.3794e-06
0 0.160074 0.257363 0.0465804 0.103748 9.39673e-06
0 0.833087 0.0763052 0.0772643 0.15261 9.40231e-06
0 0.0175601 0.0368139 0.0351201 0.0736278 9.40943e-06
0 0.459335 0.0709505 0.07061 0.141901 9.41787e-06
0 0.6939 1 0.0761553 0 9.45622e-06
0 0.458041 0.567269 0.0221811 0.0970549 9.45895e-06
0 0.0554529 0.990295 0.0280961 0.019411 9.48069e-06
0 0.573013 0.980254 0.0273567 0.0394913 9.54382e-06
0 0.213309 0.439759 0.0465804 0.111111 9.55733e-06
0 0.741774 0.946118 0.0225508 0.107764 9.57132e-06
0 0.0443623 1 0.031793 0 9.58531e-06
0 0.794824 0.411312 0.0539741 0.182731 9.60626e-06
0 0.845286 0.973226 0.0195933 0.0535475 9.61992e-06
0 0.167468 0.905957 0.0377079 0.105087 9.65136e-06
0 0.180222 0.941767 0.038817 0.0763052 9.67903e-06
0 0.886876 0.303882 0.045841 0.113788 9.75105e-06
0 0.477634 0.99498 0.10573 0.0100402 9.80035e-06
0 0.382625 0.905622 0.0406654 0.186078 9.80583e-06
0 0.0101664 0.953815 0.0203327 0.0923695 9.82493e-06
0 0.38244 0.264391 0.0491682 0.135208 9.82592e-06
0 0.311091 0.167001 0.044732 0.117135 9.8392e-06
0 0.862107 0.16834 0.0621072 0.123829 9.84036e-06
0 1 0.822289 0 0.157296 9.84699e-06
0 0.715712 0.948795 0.0236599 0.10241 9.84911e-06
0 0.21146 0.758367 0.0473198 0.109772 9.84989e-06
0 0.337523 0.994311 0.0170055 0.0113788 9.85928e-06
0 0.540481 0.216533 0.0399261 0.11178 9.89892e-06
0 0.937893 0.396252 0.0547135 0.145917 9.90911e-06
0 0.243438 0.905288 0.0402957 0.109103 9.9113e-06
0 0.421442 0.0729585 0.0709797 0.145917 9.92746e-06
0 0.309242 0.210174 0.0462107 0.116466 9.93001e-06
0 0.546211 1 0.0713494 0 9.93286e-06
0 1 0.941098 0 0.117805 9.93504e-06
0 0.618299 1 0.0750462 0 1.00159e-05
0 0.23549 0.758701 0.0473198 0.105087 1.00352e-05
0 0.605545 0.813588 0.0465804 0.137216 1.00383e-05
0 0.136414 0.528447 0.0480592 0.121151 1.00496e-05
0 0.333272 0.952477 0.0173752 0.0950469 1.0052e-05
0 0.603697 0.764056 0.0354898 0.141232 1.00937e-05
0 0.61183 0.303882 0.0369686 0.111111 1.01212e-05
0 0.931054 0.519076 0.0558226 0.181392 1.01346e-05
0 0.412384 0.994311 0.0173752 0.0113788 1.01457e-05
0 0.118484 0.207497 0.0728281 0.107095 1.01668e-05
0 0.114418 0.622825 0.038817 0.126506 1.01785e-05
0 0.218669 0.583668 0.0402957 0.133869 1.01991e-05
0 0.219593 0.00803213 0.0340111 0.0160643 1.02048e-05
0 0.585028 0.745984 0.0439926 0.127845 1.02262e-05
0 0.812754 0.529786 0.0417745 0.10241 1.0235e-05
0 0.0190388 1 0.0380776 0 1.02421e-05
0 0.592606 0.0525435 0.0473198 0.105087 1.02445e-05
0 0.852311 0.375502 0.0750462 0.179384 1.0275e-05
0 0.537708 0.0535475 0.0609982 0.107095 1.0278e-05
0 0.998336 0.584003 0.00332717 0.163989 1.02854e-05
0 0.637338 0.162985 0.057671 0.107764 1.02964e-05
0 0.862107 0.39257 0.0473198 0.125167 1.02972e-05
0 0.503142 0.319612 0.0414048 0.121151 1.02979e-05
0 0.161183 0.436747 0.0539741 0.115797 1.03207e-05
0 0.885213 0.171687 0.0462107 0.114458 1.03533e-05
0 0.307948 0.950469 0.0162662 0.0990629 1.03593e-05
0 0.13549 0.574297 0.0462107 0.121821 1.03623e-05
0 0.580961 0.54083 0.0255083 0.11245 1.03683e-05
0 0.786506 0.304552 0.0402957 0.108434 1.03729e-05
0 0.568022 0.0538822 0.0617375 0.107764 1.03811e-05
0 0.333272 0.879518 0.0543438 0.0883534 1.03825e-05
0 0.619408 0.90328 0.0417745 0.172021 1.03943e-05
0 0.997043 0.966198 0.00591497 0.0676038 1.04238e-05
0 0.836784 0.43842 0.044732 0.116466 1.04874e-05
0 0.324769 0.448126 0.0484288 0.126506 1.04891e-05
0 0.837338 0.393574 0.0443623 0.117805 1.05079e-05
0 0.42329 0.484605 0.0473198 0.226238 1.05121e-05
0 0.506285 0.751004 0.0284658 0.11245 1.05284e-05
0 0.242329 0.942771 0.0225508 0.114458 1.05432e-05
0 0.645471 0.0746319 0.0731978 0.149264 1.05463e-05
0 0.0780037 0.266064 0.0598891 0.127845 1.05497e-05
0 0.663216 0.981258 0.0251386 0.0374833 1.05524e-05
0 0.00942699 0.618474 0.018854 0.144578 1.05608e-05
0 0.405176 0.98427 0.0369686 0.0314592 1.05808e-05
0 0.299076 0.950803 0.0288355 0.0983936 1.05918e-05
0 0.395749 0.381191 0.0395564 0.180054 1.06121e-05
0 0.12976 0.86178 0.051756 0.151941 1.06148e-05
0 0.112569 0.529116 0.0402957 0.123829 1.06382e-05
0 0.213309 0.527443 0.045841 0.10174 1.06415e-05
0 0.682994 0.269411 0.0484288 0.134538 1.06436e-05
0 0.526802 0.983601 0.0369686 0.0327979 1.06913e-05
0 0.236599 0.216198 0.0377079 0.113788 1.06922e-05
0 0.600924 0.870147 0.0720887 0.212851 1.06974e-05
0 0.494455 0.109103 0.0506469 0.167336 1.07021e-05
0 0.347505 0.0753012 0.0702403 0.150602 1.07095e-05
0 0.688355 0.212517 0.0465804 0.106426 1.0714e-05
0 0.658041 0.521754 0.0221811 0.135877 1.07242e-05
0 0.796303 0.0749665 0.0731978 0.149933 1.07462e-05
0 0.943253 0.0502008 0.0476895 0.100402 1.07835e-05
0 0.867468 0.881861 0.0454713 0.107764 1.07838e-05
0 0.721996 0.0829987 0.0650647 0.165997 1.08092e-05
0 0.839372 0.622155 0.0439926 0.11178 1.08215e-05
0 0.0809612 0.0505355 0.0451017 0.101071 1.08476e-05
0 0.862477 0.303882 0.0451017 0.11245 1.08535e-05
0 0.631978 0.875167 0.0728281 0.216198 1.0899e-05
0 0.903142 0.160977 0.0606285 0.11178 1.09005e-05
0 0.700555 0.973226 0.109427 0.0535475 1.09188e-05
0 0.359704 0.950803 0.0303142 0.0983936 1.09399e-05
0 0.78854 0.97925 0.0184843 0.0414993 1.09702e-05
0 0.507579 0.0532129 0.0584104 0.106426 1.10349e-05
0 0.37634 0.984605 0.0354898 0.0307898 1.10937e-05
0 0.0879852 0.983936 0.0354898 0.0321285 1.11537e-05
0 0.150462 0.828313 0.057671 0.17336 1.11715e-05
0 0.0107209 0.52577 0.0214418 0.131861 1.11977e-05
0 0.937338 0.800201 0.0402957 0.125167 1.12075e-05
0 0.185582 0.574297 0.0451017 0.105756 1.12075e-05
0 0.592791 0.977242 0.0225508 0.0455154 1.12313e-05
0 0.939002 0.260375 0.0480592 0.107095 1.12345e-05
0 0.863216 0.256024 0.0495379 0.109103 1.12468e-05
0 0.752311 0.854418 0.0672828 0.165328 1.1249e-05
0 0.836599 0.529786 0.0428835 0.107764 1.12554e-05
0 0.261738 0.26573 0.0480592 0.135208 1.12747e-05
0 0.430869 0.289157 0.0580407 0.212851 1.1306e-05
0 0.208503 0.854083 0.0480592 0.131191 1.13125e-05
0 0.268762 0.905622 0.0428835 0.119143 1.13309e-05
0 0.0109057 0.210174 0.0218115 0.137885 1.13524e-05
0 0.643623 0.815261 0.0510166 0.16332 1.13886e-05
0 0.709427 0.884203 0.0465804 0.0990629 1.14165e-05
0 0.547874 0.975569 0.0251386 0.0488621 1.14475e-05
0 0.212939 0.80087 0.0487985 0.106426 1.1449e-05
0 0.268762 0.725569 0.0421442 0.157965 1.14685e-05
0 0.507948 0.211513 0.0347505 0.120482 1.14715e-05
0 0.693715 0.979585 0.0240296 0.04083 1.15066e-05
0 0.8122 0.485609 0.0443623 0.106426 1.15445e-05
0 0.837153 0.304552 0.0454713 0.109772 1.1552e-05
0 0.244177 0.680388 0.0425139 0.117135 1.15562e-05
0 0.838078 0.347724 0.0443623 0.11178 1.16033e-05
0 0.680776 0.761044 0.0395564 0.107095 1.16296e-05
0 0.087061 0.437082 0.044732 0.139224 1.16542e-05
0 0.563216 0.949799 0.038817 0.100402 1.16546e-05
0 0.204621 0.263722 0.0550832 0.127175 1.16632e-05
0 0.820887 0.837015 0.0432532 0.192102 1.16709e-05
0 0.680037 0.924364 0.0425139 0.116466 1.16727e-05
0 0.812384 0.347724 0.0410351 0.113119 1.16808e-05
0 0.814418 0.975904 0.0214418 0.0481928 1.1701e-05
0 0.767098 0.946787 0.0229205 0.106426 1.17015e-05
0 0.0181146 1 0.0362292 0 1.17198e-05
0 0.0136784 0.948461 0.0273567 0.103079 1.17227e-05
0 0.366728 0.608768 0.0391867 0.106426 1.17393e-05
0 0.432532 0.963521 0.0650647 0.0729585 1.17438e-05
0 0.607948 0.978916 0.0218115 0.0421687 1.1809e-05
0 0.381331 0.00970549 0.0351201 0.019411 1.18146e-05
0 0.428096 0.975234 0.0133087 0.0495315 1.18485e-05
0 0.0689464 0.00870147 0.0336414 0.0174029 1.18794e-05
0 0.998336 0.710174 0.00332717 0.165997 1.18897e-05
0 0.344177 0.741968 0.0495379 0.119813 1.19159e-05
0 0.0255083 0.217202 0.0480592 0.151941 1.19937e-05
0 0.185952 0.527778 0.0451017 0.109103 1.2016e-05
0 0.481885 0.967202 0.0639556 0.0655957 1.20475e-05
0 0.96488 0.802544 0.0414048 0.131191 1.20677e-05
0 0.336599 0.298862 0.0491682 0.121151 1.21005e-05
0 0.389649 0.952142 0.0303142 0.0957162 1.21259e-05
0 0.633641 0.951138 0.0177449 0.0977242 1.21631e-05
0 0.477819 0.976238 0.0136784 0.0475234 1.21784e-05
0 0.19427 0.00903614 0.0343808 0.0180723 1.21784e-05
0 0.0833641 0.590361 0.0476895 0.149933 1.21949e-05
0 0.587246 0.648594 0.0351201 0.13253 1.21987e-05
0 0.8122 0.437751 0.0436229 0.11245 1.21994e-05
0 0.360998 0.981928 0.0343808 0.0361446 1.22001e-05
0 0.898891 0.672021 0.0809612 0.172691 1.22052e-05
0 0.114972 0.66834 0.0421442 0.127845 1.22105e-05
0 0.497412 0.983601 0.0373383 0.0327979 1.22625e-05
0 0.841405 0.883869 0.0561922 0.178715 1.23731e-05
0 0.886506 0.801874 0.0414048 0.115127 1.23788e-05
0 0.407209 0.567604 0.0314233 0.0990629 1.23947e-05
0 0.444177 0.775435 0.0358595 0.110442 1.24103e-05
0 0.162292 0.573628 0.0443623 0.11245 1.24122e-05
0 0.625693 0.810576 0.0602588 0.123159 1.24309e-05
0 0.687061 0.168675 0.0476895 0.109772 1.24505e-05
0 0.383734 0.314257 0.0569316 0.12249 1.24838e-05
0 0.268392 0.857764 0.0606285 0.154618 1.25368e-05
0 0.161738 0.619478 0.0469501 0.114458 1.25669e-05
0 0.655083 0.0485274 0.0487985 0.0970549 1.25762e-05
0 0.953974 0.825971 0.0794824 0.141901 1.25902e-05
0 0.0181146 1 0.0362292 0 1.26049e-05
0 0.91793 0.0498661 0.0465804 0.0997323 1.26169e-05
0 0.892791 0.0515395 0.0473198 0.103079 1.2621e-05
0 0.607948 0.949799 0.0166359 0.100402 1.26212e-05
0 0.392606 0.980589 0.0280961 0.038822 1.26706e-05
0 0.186137 0.43909 0.044732 0.115127 1.26776e-05
0 0.457301 0.967202 0.0628466 0.0655957 1.26899e-05
0 0.481146 0.982262 0.0321627 0.0354752 1.27437e-05
0 0.156192 0.0190763 0.0299445 0.0381526 1.27629e-05
0 0.81183 0.393909 0.0428835 0.115797 1.27678e-05
0 0.760998 0.169009 0.0410351 0.119813 1.27907e-05
0 0.667652 0.949799 0.0354898 0.100402 1.28097e-05
0 0.0142329 0.196787 0.0284658 0.240964 1.2861e-05
0 0.927172 0.339692 0.0998152 0.158635 1.28765e-05
0 0.293715 0.956493 0.0743068 0.0870147 1.28796e-05
0 0.18854 0.664659 0.0451017 0.107095 1.28818e-05
0 0.45342 0.977242 0.0136784 0.0455154 1.29086e-05
0 0.741405 0.753681 0.0654344 0.133869 1.29199e-05
0 0.88244 0.957831 0.0229205 0.0843373 1.29393e-05
0 0.632717 0.960509 0.0654344 0.0789826 1.29938e-05
0 0.377634 0.9749 0.012939 0.0502008 1.30649e-05
0 0.962847 0.756024 0.0439926 0.12249 1.31053e-05
0 0.645656 0.358099 0.0439926 0.212851 1.31075e-05
0 0.628281 0.973896 0.012939 0.0522088 1.31145e-05
0 0.375046 0.745315 0.0462107 0.146586 1.31161e-05
0 0.381885 0.963521 0.0650647 0.0729585 1.31174e-05
0 0.051756 0.768407 0.063586 0.136546 1.31194e-05
0 0.488725 0.43842 0.0384473 0.103079 1.31271e-05
0 0.601479 0.35241 0.0621072 0.206827 1.31505e-05
0 0.487431 0.303882 0.0351201 0.105756 1.31541e-05
0 0.905915 0.968876 0.0499076 0.062249 1.31696e-05
0 0.162107 0.528782 0.0454713 0.115127 1.31889e-05
0 0.887985 0.532129 0.0377079 0.13253 1.32983e-05
0 0.51146 0.348728 0.0358595 0.0990629 1.33213e-05
0 0.192791 0.905288 0.0373383 0.115797 1.33225e-05
0 0.473383 0.916667 0.0491682 0.110442 1.33612e-05
0 0.707024 0.736278 0.038817 0.117805 1.33677e-05
0 0.508688 0.951807 0.0177449 0.0963855 1.33739e-05
0 0.00924214 0.482262 0.0184843 0.14257 1.3496e-05
0 0.942329 0.580321 0.107948 0.192771 1.35024e-05
0 0.0227357 0.803882 0.0454713 0.136546 1.35105e-05
0 0.944917 0.698126 0.110166 0.188755 1.35532e-05
0 0.214418 0.483601 0.0480592 0.103748 1.35586e-05
0 0.283734 0.304552 0.0573013 0.210174 1.35819e-05
0 0.134196 0.621821 0.0443623 0.127175 1.36222e-05
0 0.91146 0.213855 0.0484288 0.10241 1.36682e-05
0 0.733826 0.254016 0.0377079 0.12249 1.36705e-05
0 0.368207 0.450803 0.0354898 0.121151 1.3702e-05
0 0.784658 0.436412 0.0462107 0.11245 1.37134e-05
0 0.982994 0.626506 0.0340111 0.291834 1.3753e-05
0 0.855083 0.905622 0.0377079 0.103079 1.37644e-05
0 0.315896 0.553882 0.0351201 0.138554 1.37674e-05
0 0.0600739 0.302209 0.0521257 0.113119 1.38018e-05
0 0.816451 0.948795 0.0240296 0.10241 1.3832e-05
0 0.787246 0.394244 0.0439926 0.105756 1.38363e-05
0 0.860998 0.754685 0.0436229 0.11178 1.39095e-05
0 0.407209 0.962517 0.064695 0.0749665 1.39142e-05
0 0.28281 0.949464 0.0162662 0.101071 1.39683e-05
0 0.285028 0.939759 0.0451017 0.115127 1.39747e-05
0 0.403142 0.9749 0.012939 0.0502008 1.40033e-05
0 0.0107209 0.435408 0.0214418 0.138554 1.40071e-05
0 0.286506 0.801539 0.057671 0.110442 1.40462e-05
0 0.126802 0.96921 0.031793 0.0615797 1.40538e-05
0 0.956932 0.631191 0.0654344 0.232932 1.40593e-05
0 0.468762 0.47423 0.0310536 0.180054 1.40715e-05
0 0.891497 0.9083 0.0602588 0.1834 1.40876e-05
0 1 1 0 0 1.41038e-05
0 0.810906 0.575971 0.044732 0.105087 1.41381e-05
0 0.122736 0.150268 0.0672828 0.125167 1.41869e-05
0 0.912754 0.755689 0.045841 0.121821 1.42015e-05
0 0.990758 0.744311 0.0184843 0.222222 1.42177e-05
0 0.361368 0.981593 0.0269871 0.0368139 1.42251e-05
0 0.268207 0.950134 0.0284658 0.0997323 1.42464e-05
0 0.864695 0.578983 0.0443623 0.120482 1.4275e-05
0 0.657671 0.965863 0.063586 0.0682731 1.42897e-05
0 0.242699 0.860442 0.0573013 0.149264 1.43173e-05
0 0.370055 0.569946 0.0332717 0.101071 1.43214e-05
0 0.4061 0.7249 0.0321627 0.161981 1.43291e-05
0 0.132163 0.697456 0.0654344 0.220884 1.44478e-05
0 0.161738 0.483266 0.0469501 0.115127 1.44867e-05
0 0.503142 0.976573 0.0133087 0.0468541 1.44932e-05
0 0.543068 0.752677 0.0443623 0.168005 1.45021e-05
0 0.659519 0.953815 0.0192237 0.0923695 1.45054e-05
0 0.395749 0.5666 0.0284658 0.0983936 1.45083e-05
0 0.607024 0.961178 0.0658041 0.0776439 1.4514e-05
0 0.157116 0.96419 0.0584104 0.0716198 1.45153e-05
0 0.460444 0.841365 0.0499076 0.0990629 1.45784e-05
0 0.602957 0.973561 0.0125693 0.0528782 1.46043e-05
0 0.65342 0.976573 0.0136784 0.0468541 1.46799e-05
0 0.511645 0.983266 0.0362292 0.0334672 1.47494e-05
0 0.785952 0.47992 0.0443623 0.115127 1.47892e-05
0 0.422181 0.743641 0.0280961 0.14324 1.4831e-05
0 0.940296 0.470549 0.0639556 0.133869 1.48548e-05
0 0.812939 0.939759 0.0443623 0.104418 1.48578e-05
0 0.285767 0.392236 0.0443623 0.0910308 1.48594e-05
0 0.802957 0.973896 0.0125693 0.0522088 1.48943e-05
0 0.496118 0.481928 0.0406654 0.179384 1.4913e-05
0 0.185767 0.483266 0.0454713 0.109772 1.49355e-05
0 0.836414 0.754016 0.0565619 0.138554 1.49864e-05
0 0.555268 0.447456 0.0414048 0.131861 1.50096e-05
0 0.84159 0.948461 0.0247689 0.103079 1.50414e-05
0 0.812384 0.304552 0.0425139 0.108434 1.50573e-05
0 0.257116 0.947456 0.0151571 0.105087 1.50679e-05
0 0.527911 0.975904 0.0133087 0.0481928 1.50733e-05
0 0.471349 0.798193 0.0451017 0.127845 1.51197e-05
0 0.800924 0.957162 0.0240296 0.08166 1.51496e-05
0 0.114233 0.464859 0.0687615 0.172021 1.51608e-05
0 0.947505 0.991968 0.0325323 0.0160643 1.5187e-05
0 0.624769 0.267403 0.0465804 0.127845 1.51982e-05
0 0.426987 0.9749 0.025878 0.0502008 1.52096e-05
0 0.191867 0.941767 0.0236599 0.116466 1.5223e-05
0 0.360628 0.303548 0.0402957 0.114458 1.5233e-05
0 0.215527 0.94411 0.0332717 0.11178 1.52332e-05
0 0.557116 0.963855 0.0643253 0.0722892 1.52423e-05
0 0.628466 0.407965 0.0502773 0.146586 1.53116e-05
0 0.355268 0.0495315 0.045841 0.0990629 1.5334e-05
0 0.295194 0.606091 0.0573013 0.14257 1.53802e-05
0 0.660628 0.210843 0.0487985 0.108434 1.53899e-05
0 0.166728 0.942771 0.0236599 0.114458 1.54412e-05
0 0.830684 0.0518742 0.0487985 0.103748 1.54567e-05
0 0.331423 0.982262 0.0277264 0.0354752 1.54598e-05
0 0.0114603 0.764391 0.0229205 0.200803 1.54915e-05
0 0.361368 0.349063 0.0402957 0.110442 1.55635e-05
0 0.938817 0.346051 0.0617375 0.109772 1.55992e-05
0 0.55305 0.975234 0.0133087 0.0495315 1.56183e-05
0 0.850832 0.205154 0.102403 0.165328 1.56511e-05
0 0.541405 0.82095 0.0528651 0.162651 1.56906e-05
0 0.387246 0.887885 0.0432532 0.0943775 1.56915e-05
0 0.321627 0.375502 0.0495379 0.115127 1.57586e-05
0 0.187246 0.621151 0.044732 0.107095 1.57932e-05
0 0.153235 0.976573 0.0121996 0.0468541 1.58867e-05
0 0.0114603 0.264726 0.0229205 0.134538 1.59113e-05
0 0.419963 0.57162 0.0251386 0.0963855 1.59655e-05
0 0.356747 0.965529 0.063586 0.0689424 1.59986e-05
0 0.918854 0.633199 0.0595194 0.24498 1.60897e-05
0 0.485213 0.349063 0.0365989 0.0983936 1.61798e-05
0 0.41793 0.988621 0.0683919 0.0227577 1.62077e-05
0 0.0876155 0.018407 0.0465804 0.0368139 1.62078e-05
0 0.425139 0.754016 0.0510166 0.20415 1.62224e-05
0 0.331978 0.964525 0.063586 0.0709505 1.63063e-05
0 0.0182994 0.912316 0.0365989 0.175368 1.63161e-05
0 0.127726 0.0197456 0.0380776 0.0394913 1.63203e-05
0 0.886506 0.955154 0.063586 0.0896921 1.63306e-05
0 0.44732 0.988621 0.0672828 0.0227577 1.63325e-05
0 0.120518 0.259036 0.0695009 0.119143 1.6385e-05
0 0.35305 0.975904 0.0133087 0.0481928 1.63901e-05
0 0.443623 0.334672 0.057671 0.19411 1.64086e-05
0 0.469316 0.0117135 0.0351201 0.023427 1.64121e-05
0 0.583364 0.952142 0.0177449 0.0957162 1.64176e-05
0 0.96414 0.710174 0.0451017 0.120482 1.65027e-05
0 0.886876 0.708835 0.0465804 0.117805 1.65055e-05
0 0.331608 0.662316 0.0465804 0.145248 1.65334e-05
0 0.298891 0.0609103 0.0550832 0.121821 1.65836e-05
0 0.961553 0.942436 0.0406654 0.105756 1.65973e-05
0 0.677819 0.976573 0.0136784 0.0468541 1.66019e-05
0 0.731978 0.959839 0.0650647 0.0803213 1.66159e-05
0 0.630314 0.197456 0.0931608 0.148594 1.66328e-05
0 0.792791 0.905622 0.0395564 0.11245 1.66463e-05
0 0.777449 0.199799 0.0879852 0.161312 1.66841e-05
0 0.148429 0.947791 0.0306839 0.104418 1.66978e-05
0 0.328096 0.975904 0.0136784 0.0481928 1.67129e-05
0 0.684103 0.95415 0.018854 0.0917001 1.67273e-05
0 0.865434 0.94913 0.0266174 0.10174 1.67298e-05
0 0.824584 0.68909 0.0935305 0.221553 1.6736e-05
0 0.986691 0.0763052 0.0251386 0.116466 1.67502e-05
0 0.0077634 0.153614 0.0155268 0.141232 1.67558e-05
0 0.507209 0.398929 0.0391867 0.184739 1.67732e-05
0 0.350647 0.44411 0.0439926 0.113119 1.69083e-05
0 0.0556377 0.0508701 0.0462107 0.10174 1.69828e-05
0 0.611275 0.211513 0.0417745 0.109772 1.70089e-05
0 0.184843 0.145917 0.0606285 0.113788 1.70888e-05
0 0.529575 0.40328 0.0484288 0.176037 1.70923e-05
0 0.727726 0.972557 0.0121996 0.0548862 1.71257e-05
0 0.11183 0.965529 0.0343808 0.0689424 1.71804e-05
0 0.00591497 0.963521 0.0118299 0.0729585 1.72354e-05
0 0.701294 0.205154 0.0902033 0.154618 1.72687e-05
0 0.101479 0.0558902 0.0787431 0.11178 1.72729e-05
0 0.0247689 0.451807 0.0495379 0.207497 1.73043e-05
0 0.938262 0.942102 0.0362292 0.105087 1.73201e-05
0 0.11146 0.0334672 0.0521257 0.0669344 1.7367e-05
0 0.812384 0.254685 0.0469501 0.110442 1.73908e-05
0 0.00868762 0.317604 0.0173752 0.134538 1.74065e-05
0 0.200739 0.94344 0.0332717 0.113119 1.75169e-05
0 0.904067 0.375837 0.0536044 0.11178 1.75258e-05
0 0.810536 0.756359 0.0454713 0.104418 1.75528e-05
0 0.168946 0.0107095 0.0340111 0.021419 1.75707e-05
0 0.460444 0.305556 0.0380776 0.105087 1.75716e-05
0 0.189279 0.364123 0.0643253 0.129853 1.75846e-05
0 0.486322 0.889224 0.0395564 0.0983936 1.76023e-05
0 0.903697 0.967202 0.0321627 0.0655957 1.76051e-05
0 0.937523 0.751004 0.0539741 0.115127 1.76696e-05
0 0.761553 0.757697 0.0451017 0.10174 1.76706e-05
0 0.917006 0.931058 0.100185 0.137885 1.76812e-05
0 0.538078 0.952477 0.0358595 0.0950469 1.77353e-05
0 0.320333 0.313588 0.0580407 0.123829 1.77928e-05
0 0.963956 0.296854 0.0558226 0.11178 1.77941e-05
0 0.0369686 0.303882 0.0502773 0.121821 1.77987e-05
0 0.0373383 0.986278 0.0377079 0.0274431 1.79082e-05
0 0.0236599 0.539491 0.0436229 0.135208 1.79151e-05
0 0.442699 0.540495 0.0299445 0.139893 1.79437e-05
0 0.0240296 0.376841 0.0480592 0.14324 1.79789e-05
0 0.406285 0.900937 0.0510166 0.144578 1.81208e-05
0 0.307394 0.963521 0.0632163 0.0729585 1.81331e-05
0 0.51183 0.888554 0.0402957 0.0983936 1.81646e-05
0 0.860259 0.802544 0.0436229 0.109772 1.81954e-05
0 0.387246 0.350736 0.0425139 0.104418 1.83331e-05
0 0.57024 0.296185 0.0617375 0.209505 1.83434e-05
0 0.411275 0.977577 0.0232902 0.0448461 1.83585e-05
0 0.421811 0.935074 0.0487985 0.129853 1.83637e-05
0 0.0101664 1 0.0203327 0 1.84086e-05
0 0.761368 0.35174 0.0417745 0.106426 1.84576e-05
0 0.43586 0.920348 0.045841 0.159304 1.84913e-05
0 0.303512 0.975904 0.0133087 0.0481928 1.84963e-05
0 0.383364 0.858099 0.0805915 0.199465 1.85277e-05
0 0.866728 0.839023 0.0595194 0.205489 1.85727e-05
0 0.318854 0.732597 0.0417745 0.150602 1.86081e-05
0 0.478004 0.199465 0.0946396 0.147256 1.86751e-05
0 0.414603 0.303882 0.0380776 0.111111 1.86966e-05
0 0.305176 0.883534 0.0661738 0.182062 1.87025e-05
0 0.281701 0.450469 0.0524954 0.145917 1.87301e-05
0 0.707024 0.854083 0.0780037 0.223561 1.87551e-05
0 0.813124 0.711513 0.044732 0.10174 1.88292e-05
0 0.473383 0.321954 0.0454713 0.115127 1.88386e-05
0 0.884473 0.212851 0.0513863 0.105756 1.89026e-05
0 0.0268022 0.333668 0.0484288 0.113119 1.89245e-05
0 0.912939 0.70917 0.0469501 0.126506 1.89544e-05
0 0.578189 0.976908 0.0133087 0.0461847 1.89911e-05
0 0.806285 0.0645917 0.0406654 0.129183 1.90394e-05
0 0.156192 0.940094 0.0380776 0.119813 1.90457e-05
0 0.78244 0.963186 0.0617375 0.0736278 1.90979e-05
0 0.737153 0.211178 0.0428835 0.118474 1.91097e-05
0 0.803697 0.924364 0.107948 0.151272 1.91305e-05
0 0.813863 0.621486 0.0439926 0.113119 1.91334e-05
0 0.360259 0.251004 0.0580407 0.116466 1.91406e-05
0 0.286322 0.303882 0.0343808 0.124498 1.91454e-05
0 0.134935 0.662651 0.0547135 0.115127 1.91612e-05
0 0.139926 0.909304 0.0454713 0.155957 1.91787e-05
0 0.863401 0.334003 0.0676525 0.117805 1.91938e-05
0 0.00868762 0.390228 0.0173752 0.14324 1.92067e-05
0 0.702588 0.9749 0.0136784 0.0502008 1.92523e-05
0 0.236414 0.31593 0.0499076 0.13253 1.93098e-05
0 0.937338 0.710509 0.0454713 0.126506 1.93787e-05
0 0.384104 0.443106 0.0451017 0.113788 1.93977e-05
0 0.838632 0.667336 0.0462107 0.107095 1.93991e-05
0 0.311091 0.348059 0.0469501 0.109772 1.94425e-05
0 0.786506 0.757697 0.0469501 0.100402 1.95488e-05
0 0.990943 0.0542169 0.0181146 0.108434 1.95656e-05
0 0.230314 0.061245 0.0495379 0.12249 1.95697e-05
0 0.502773 0.97423 0.0251386 0.0515395 1.95766e-05
0 0.708503 0.951138 0.0181146 0.0977242 1.96574e-05
0 0.837153 0.710509 0.0454713 0.101071 1.968e-05
0 0.546026 0.7249 0.0192237 0.123159 1.9704e-05
0 0.537338 0.347724 0.0395564 0.0970549 1.97051e-05
0 0.486691 0.846386 0.0373383 0.0983936 1.97122e-05
0 0.143623 0.948795 0.0757856 0.10241 1.97219e-05
0 0.733087 0.948461 0.0162662 0.103079 1.9759e-05
0 0.421257 0.983266 0.0314233 0.0334672 1.98481e-05
0 0.178743 0.976908 0.0121996 0.0461847 1.98489e-05
0 0.636229 0.349732 0.0414048 0.106426 1.99215e-05
0 0.0077634 0.208166 0.0155268 0.14324 1.99398e-05
0 0.731978 0.68909 0.063586 0.150602 1.9958e-05
0 0.943623 0.922356 0.0513863 0.155288 1.99696e-05
0 0.0606285 0.155288 0.0665434 0.129853 1.99847e-05
0 0.69353 0.440763 0.0524954 0.141232 2.00605e-05
0 0.875231 0.953146 0.0292052 0.0937082 2.01324e-05
0 0.366913 0.973561 0.0225508 0.0528782 2.01508e-05
0 0.773567 0.0535475 0.0750462 0.107095 2.01618e-05
0 0.595749 0.317269 0.0469501 0.120482 2.0162e-05
0 0.382255 0.975904 0.0214418 0.0481928 2.02077e-05
0 0.778743 0.976238 0.012939 0.0475234 2.02095e-05
0 0.143808 0.0113788 0.0340111 0.0227577 2.02996e-05
0 0.940111 0.213521 0.0628466 0.115127 2.03099e-05
0 0.438262 0.891566 0.0410351 0.0950469 2.03233e-05
0 0.260259 0.394578 0.0436229 0.0983936 2.03407e-05
0 0.0114603 0.674029 0.0229205 0.200803 2.03451e-05
0 0.571349 0.904284 0.0543438 0.145917 2.03597e-05
0 0.861183 0.707831 0.0454713 0.113119 2.03771e-05
0 0.207763 0.961178 0.0613678 0.0776439 2.03954e-05
0 0.837523 0.169009 0.0654344 0.118474 2.04108e-05
0 0.566174 0.196787 0.0550832 0.116466 2.04669e-05
0 0.0182994 0.941767 0.0365989 0.116466 2.04745e-05
0 0.450462 0.983601 0.0336414 0.0327979 2.04977e-05
0 0.643993 0.198461 0.0554529 0.107764 2.05906e-05
0 0.265989 0.807564 0.0573013 0.106426 2.06164e-05
0 0.983179 0.167336 0.0336414 0.291834 2.06587e-05
0 0.585028 0.213521 0.0410351 0.111111 2.06629e-05
0 0.817745 0.905288 0.0406654 0.117135 2.07428e-05
0 0.813494 0.665997 0.044732 0.108434 2.07841e-05
0 0.492791 0.665663 0.0325323 0.11178 2.08252e-05
0 0.783364 0.951807 0.0170055 0.0963855 2.09265e-05
0 0.962107 0.532129 0.0462107 0.128514 2.0942e-05
0 0.600739 0.444444 0.0369686 0.111111 2.0947e-05
0 0.495933 0.919344 0.0417745 0.161312 2.0971e-05
0 0.555823 0.0568942 0.0794824 0.113788 2.10019e-05
0 0.790573 0.203815 0.0609982 0.103748 2.1108e-05
0 0.112569 0.562249 0.05878 0.16332 2.11324e-05
0 0.431423 0.853414 0.0561922 0.160643 2.12094e-05
0 0.478743 0.0552209 0.077634 0.110442 2.12276e-05
0 0.836229 0.802544 0.0421442 0.107095 2.12311e-05
0 0.421072 0.252008 0.0539741 0.115797 2.12698e-05
0 0.136599 0.707497 0.0454713 0.119143 2.13363e-05
0 0.232532 0.948126 0.0155268 0.103748 2.14004e-05
0 0.0271719 0.458166 0.0506469 0.126506 2.14029e-05
0 0.714787 0.207162 0.0580407 0.107764 2.14277e-05
0 0.620518 0.928046 0.0920518 0.143909 2.14693e-05
0 0.765065 0.481593 0.0432532 0.130522 2.16578e-05
0 0.89963 0.271754 0.0602588 0.109772 2.16621e-05
0 0.297782 0.252343 0.0565619 0.108434 2.17234e-05
0 0.985213 0.248327 0.0295749 0.207497 2.18353e-05
0 0.832163 0.936412 0.0406654 0.127175 2.19066e-05
0 0.203882 0.975569 0.0121996 0.0488621 2.19116e-05
0 0.0323475 0.946787 0.064695 0.106426 2.19316e-05
0 0.022366 0.573628 0.044732 0.212851 2.19868e-05
0 0.787985 0.843708 0.0491682 0.0970549 2.19936e-05
0 0.645102 0.637885 0.0332717 0.10174 2.20124e-05
0 0.813124 0.166667 0.0624769 0.117805 2.20315e-05
0 0.404621 0.0592369 0.0772643 0.118474 2.21528e-05
0 0.636784 0.885542 0.0476895 0.0977242 2.21979e-05
0 0.908872 0.0167336 0.0439926 0.0334672 2.2198e-05
0 0.561553 0.220214 0.0347505 0.116466 2.23135e-05
0 0.753604 0.975234 0.012939 0.0495315 2.23236e-05
0 0.760813 0.843373 0.0487985 0.0990629 2.23317e-05
0 0.185397 0.255689 0.0595194 0.111111 2.23459e-05
0 0.897227 0.46921 0.0554529 0.145917 2.24666e-05
0 0.480961 0.155288 0.0487985 0.103079 2.2722e-05
0 0.0584104 0.462851 0.063586 0.150602 2.27621e-05
0 0.12366 0.346386 0.0713494 0.110442 2.27825e-05
0 0.0951941 0.380857 0.0624769 0.198126 2.27868e-05
0 0.83586 0.8417 0.0428835 0.0997323 2.27987e-05
0 0.479298 0.746653 0.0365989 0.126506 2.28671e-05
0 0.75841 0.950134 0.0173752 0.0997323 2.2878e-05
0 0.562847 0.97423 0.0240296 0.0515395 2.29273e-05
0 0.00757856 0.0763052 0.0151571 0.141901 2.29349e-05
0 0.482625 0.662651 0.0269871 0.0896921 2.29533e-05
0 0.910721 0.53012 0.0432532 0.131191 2.30538e-05
0 0.198152 0.208835 0.0672828 0.103079 2.31115e-05
0 0.604621 0.724565 0.0277264 0.123829 2.3228e-05
0 0.343438 0.902945 0.0443623 0.115127 2.33627e-05
0 0.178189 0.0515395 0.0783734 0.103079 2.34401e-05
0 0.463956 0.875167 0.0621072 0.126506 2.3545e-05
0 0.56488 0.0364792 0.0473198 0.0729585 2.35835e-05
0 0.279298 0.0555556 0.0476895 0.111111 2.35868e-05
0 0.611275 0.885877 0.0454713 0.0957162 2.36318e-05
0 0.422921 0.151606 0.0487985 0.110442 2.36719e-05
0 0.414418 0.0381526 0.0465804 0.0763052 2.37104e-05
0 0.483179 0.256693 0.0524954 0.106426 2.37353e-05
0 0.985582 0.212182 0.0288355 0.111111 2.37559e-05
0 0.287246 0.348728 0.0391867 0.105756 2.38254e-05
0 0.491867 0.204485 0.0550832 0.11178 2.38315e-05
0 0.207024 0.947791 0.0273567 0.104418 2.39013e-05
0 0.375786 0.824632 0.0521257 0.149933 2.39699e-05
0 0.241405 0.148929 0.0539741 0.11178 2.39825e-05
0 0.990018 0.995649 0.019963 0.00870147 2.40133e-05
0 0.0547135 0.563253 0.0584104 0.147925 2.40654e-05
0 0.537893 0.886881 0.0406654 0.0950469 2.42556e-05
0 0.778373 0.738621 0.0942699 0.192102 2.42879e-05
0 0.856192 0.0271084 0.0621072 0.0542169 2.43149e-05
0 0.57024 0.249665 0.0417745 0.187416 2.44423e-05
0 0.51719 0.975569 0.0236599 0.0488621 2.44482e-05
0 0.135305 0.0311245 0.063586 0.062249 2.4579e-05
0 0.236784 0.802209 0.0499076 0.110442 2.46186e-05
0 0.414972 0.963186 0.0698706 0.0736278 2.46488e-05
0 0.0480592 0.663655 0.0613678 0.14257 2.46845e-05
0 0.180591 0.881526 0.0425139 0.116466 2.47146e-05
0 0.536969 0.938086 0.0713494 0.123829 2.48088e-05
0 0.581146 0.254351 0.0421442 0.111111 2.48174e-05
0 0.622551 0.971888 0.0584104 0.0562249 2.48281e-05
0 0.803882 0.975569 0.0617375 0.0488621 2.4904e-05
0 0.780961 0.157631 0.05878 0.0970549 2.49176e-05
0 0.361553 0.14826 0.0547135 0.110442 2.50486e-05
0 0.467837 0.918005 0.0617375 0.163989 2.50563e-05
0 0.0144177 0.289826 0.0288355 0.220884 2.50695e-05
0 0.70536 0.390897 0.0436229 0.0963855 2.5173e-05
0 0.811091 0.802544 0.0465804 0.10174 2.52262e-05
0 0.615527 0.447791 0.0354898 0.11245 2.53564e-05
0 0.0133087 0.463186 0.0266174 0.161981 2.53933e-05
0 0.321442 0.927041 0.0979667 0.145917 2.54457e-05
0 0.562292 0.930723 0.0857671 0.138554 2.54903e-05
0 0.985767 0.0401606 0.0284658 0.0803213 2.54948e-05
0 0.257671 0.962182 0.0621072 0.0756359 2.55457e-05
0 0.303142 0.458501 0.0465804 0.147256 2.56136e-05
0 0.743438 0.0582329 0.0399261 0.116466 2.56432e-05
0 0.742699 0.975234 0.0613678 0.0495315 2.56769e-05
0 0.368207 0.90261 0.0451017 0.129183 2.56937e-05
0 0.743438 0.903949 0.0428835 0.134538 2.57307e-05
0 0.420702 0.207497 0.0584104 0.108434 2.6143e-05
0 0.1061 0.0117135 0.0332717 0.023427 2.61868e-05
0 0.987061 0.164659 0.0251386 0.120482 2.61882e-05
0 0.593346 0.551874 0.0443623 0.17336 2.62532e-05
0 0.676895 0.449799 0.0369686 0.119143 2.63052e-05
0 0.545102 0.0153949 0.0469501 0.0307898 2.63071e-05
0 0.922921 0.0414993 0.076525 0.0829987 2.63968e-05
0 0.0340111 0.998996 0.0414048 0.00200803 2.64568e-05
0 0.808872 0.953146 0.0184843 0.0937082 2.67238e-05
0 0.52976 0.722222 0.0192237 0.111111 2.67773e-05
0 0.254344 0.976908 0.0125693 0.0461847 2.68197e-05
0 0.610721 0.349732 0.0384473 0.103748 2.68429e-05
0 0.486322 0.849732 0.0573013 0.180054 2.69095e-05
0 0.843068 0.268072 0.0602588 0.107764 2.69221e-05
0 0.687061 0.944444 0.0683919 0.111111 2.69307e-05
0 0.540296 0.155957 0.0513863 0.0963855 2.69706e-05
0 0.241405 0.254351 0.0510166 0.11245 2.6981e-05
0 0.431793 0.663989 0.025878 0.117805 2.70304e-05
0 0.556932 0.748996 0.0417745 0.135208 2.71903e-05
0 0.28281 0.96419 0.0606285 0.0716198 2.72398e-05
0 0.711091 0.451473 0.0439926 0.134538 2.73369e-05
0 0.00702403 0.87249 0.0140481 0.143909 2.73634e-05
0 0.683364 0.755689 0.0898336 0.273092 2.74068e-05
0 0.196488 0.0311245 0.0609982 0.062249 2.75117e-05
0 0.691867 0.31091 0.0454713 0.106426 2.75417e-05
0 0.565065 0.311245 0.0425139 0.117805 2.75749e-05
0 0.66488 0.352075 0.0402957 0.100402 2.76019e-05
0 0.512754 0.847055 0.0384473 0.0983936 2.76364e-05
0 0.486322 0.0157296 0.0432532 0.0314592 2.77001e-05
0 0.586876 0.936747 0.0713494 0.126506 2.77101e-05
0 0.0090573 0.259371 0.0181146 0.126506 2.77367e-05
0 0.563401 0.967871 0.0569316 0.064257 2.77476e-05
0 0.158226 0.950469 0.0177449 0.0990629 2.77682e-05
0 0.986137 0.0381526 0.0277264 0.0763052 2.77977e-05
0 0.26451 0.32095 0.0536044 0.131861 2.78739e-05
0 0.00924214 0.666332 0.0184843 0.155957 2.79033e-05
0 0.183179 0.950134 0.0173752 0.0997323 2.80069e-05
0 0.598891 0.152945 0.0524954 0.0970549 2.80227e-05
0 0.656192 0.818273 0.0502773 0.110442 2.80629e-05
0 0.990573 0.380187 0.018854 0.212851 2.80744e-05
0 0.832532 0.577644 0.0672828 0.180723 2.8118e-05
0 0.487246 0.972222 0.0273567 0.0555556 2.81829e-05
0 0.80573 0.85676 0.0506469 0.149933 2.81953e-05
0 0.715527 0.807898 0.0691312 0.115127 2.8314e-05
0 0.736599 0.803213 0.0462107 0.10174 2.84334e-05
0 0.279482 0.978246 0.0133087 0.0435074 2.84527e-05
0 0.932532 0.018407 0.0513863 0.0368139 2.85217e-05
0 0.833826 0.953815 0.018854 0.0923695 2.85452e-05
0 0.317745 0.901941 0.044732 0.125167 2.86429e-05
0 0.638262 0.0331325 0.0469501 0.0662651 2.86836e-05
0 0.0112754 0.573628 0.0225508 0.159304 2.87309e-05
0 0.74658 0.500335 0.0343808 0.121151 2.88248e-05
0 0.860813 0.212851 0.0558226 0.104418 2.88962e-05
0 0.297597 0.150268 0.0524954 0.105087 2.8932e-05
0 0.0236599 0.594378 0.0406654 0.139224 2.90515e-05
0 0.879667 0.905622 0.038817 0.117805 2.91125e-05
0 0.19464 0.458166 0.0683919 0.170683 2.92153e-05
0 0.0903882 0.97992 0.0262477 0.0401606 2.93669e-05
0 0.502218 0.966867 0.0573013 0.0662651 2.94821e-05
0 0.862662 0.665328 0.0432532 0.119143 2.95431e-05
0 0.510906 0.396586 0.0347505 0.0970549 2.95613e-05
0 0.977634 0.473896 0.0365989 0.144578 2.96592e-05
0 0.624769 0.319277 0.0480592 0.123159 2.9733e-05
0 0.436044 0.306225 0.0380776 0.106426 2.97643e-05
0 0.0218115 0.708166 0.0436229 0.144578 2.98023e-05
0 0.501848 0.934404 0.0868762 0.131191 2.98165e-05
0 0.243253 0.0495315 0.0414048 0.0990629 2.98549e-05
0 0.472274 0.435408 0.0491682 0.113119 3.01037e-05
0 0.615712 0.0351406 0.0654344 0.0702811 3.01345e-05
0 0.28244 0.727242 0.0414048 0.106426 3.03095e-05
0 0.22939 0.977577 0.0121996 0.0448461 3.04239e-05
0 0.445102 0.963521 0.0650647 0.0729585 3.04288e-05
0 0.654159 0.318942 0.0491682 0.125167 3.04312e-05
0 0.584843 0.884873 0.0414048 0.0910308 3.04563e-05
0 0.607394 0.0163989 0.0465804 0.0327979 3.04633e-05
0 0.964325 0.262718 0.044732 0.105087 3.04653e-05
0 0.00683919 0.04083 0.0136784 0.08166 3.06919e-05
0 0.010536 0.343374 0.0210721 0.127175 3.07847e-05
0 0.328281 0.0582329 0.077634 0.116466 3.08082e-05
0 0.787431 0.0137216 0.045841 0.0274431 3.08491e-05
0 0.938817 0.573963 0.0543438 0.126506 3.08695e-05
0 0.426987 0.0123829 0.0443623 0.0247657 3.08801e-05
0 0.323475 0.97423 0.0613678 0.0515395 3.09216e-05
0 0.686322 0.817604 0.0558226 0.113119 3.10022e-05
0 0.78244 0.261379 0.0558226 0.101071 3.10828e-05
0 0.413494 0.349063 0.038817 0.10241 3.11264e-05
0 0.662477 0.15328 0.0532348 0.0963855 3.11852e-05
0 0.858041 0.955823 0.0214418 0.0883534 3.12419e-05
0 0.988355 0.152945 0.0232902 0.192102 3.13572e-05
0 0.615712 0.650602 0.032902 0.121821 3.1358e-05
0 0.38854 0.392905 0.0421442 0.0937082 3.1382e-05
0 0.594085 0.417001 0.0354898 0.117805 3.14472e-05
0 0.055268 0.37249 0.0624769 0.12249 3.14899e-05
0 0.0547135 0.991299 0.0650647 0.0174029 3.152e-05
0 0.0707948 0.0274431 0.064695 0.0548862 3.15889e-05
0 0.151017 0.881861 0.0476895 0.133199 3.16942e-05
0 0.179667 0.826975 0.0524954 0.176037 3.17423e-05
0 0.00203327 0.0287818 0.00406654 0.0575636 3.18026e-05
0 0.267283 0.0338019 0.0487985 0.0676038 3.1871e-05
0 0.0231054 0.649264 0.0395564 0.139224 3.19955e-05
0 0.0436229 0.0103748 0.0325323 0.0207497 3.21783e-05
0 0.338817 0.0391566 0.0484288 0.0783133 3.23112e-05
0 0.561738 0.885207 0.0410351 0.0917001 3.2499e-05
0 0.41756 0.541499 0.0343808 0.144578 3.27449e-05
0 0.57098 0.749665 0.0432532 0.167336 3.2762e-05
0 0.985767 0.887885 0.0225508 0.139893 3.28726e-05
0 0.792791 0.0505355 0.0491682 0.101071 3.28765e-05
0 0.414048 0.443106 0.045841 0.116466 3.29883e-05
0 0.0312384 0.0107095 0.032902 0.021419 3.3098e-05
0 0.256747 0.0321285 0.05878 0.064257 3.31777e-05
0 0.743068 0.352744 0.0539741 0.11245 3.3354e-05
0 0.385952 0.856426 0.0561922 0.107764 3.35709e-05
0 0.711645 0.845047 0.0495379 0.0970549 3.36609e-05
0 0.71183 0.937082 0.0720887 0.125837 3.36834e-05
0 0.998521 0.0170683 0.00295749 0.0341365 3.37539e-05
0 0.768022 0.0465194 0.044732 0.0930388 3.37643e-05
0 0.776155 0.956158 0.0247689 0.0863454 3.39469e-05
0 0.104251 0.933066 0.0443623 0.133869 3.39787e-05
0 0.346765 0.201473 0.0591497 0.104418 3.42279e-05
0 0.775786 0.805556 0.0683919 0.119813 3.43786e-05
0 0.483179 0.367805 0.0924214 0.157296 3.45156e-05
0 0.0560074 0.264726 0.0698706 0.0997323 3.4587e-05
0 0.0136784 0.359438 0.0273567 0.148594 3.48491e-05
0 0.245841 0.592704 0.0428835 0.103748 3.49894e-05
0 0.985582 0.0779786 0.0288355 0.155957 3.52067e-05
0 0.631793 0.370482 0.0887246 0.172021 3.54629e-05
0 0.210536 0.691098 0.0580407 0.139893 3.54798e-05
0 0.467098 0.950469 0.0314233 0.0990629 3.54986e-05
0 0.718484 0.153949 0.0528651 0.0963855 3.58623e-05
0 0.0144177 0.872155 0.0288355 0.192771 3.59674e-05
0 0.662662 0.263052 0.0565619 0.0990629 3.59805e-05
0 0.467652 0.747992 0.0332717 0.149264 3.61182e-05
0 0.53549 0.395582 0.0410351 0.0883534 3.61849e-05
0 0.813678 0.210843 0.0524954 0.108434 3.63175e-05
0 0.691682 0.0578983 0.0495379 0.115797 3.63591e-05
0 0.587246 0.826305 0.0550832 0.196118 3.63619e-05
0 0.236229 0.924029 0.0746765 0.151941 3.68917e-05
0 0.789094 0.955823 0.0247689 0.085676 3.69139e-05
0 0.757671 0.39324 0.0425139 0.0983936 3.71252e-05
0 0.0181146 0.0120482 0.0325323 0.0240964 3.72042e-05
0 0.880961 0.631861 0.0510166 0.186078 3.74655e-05
0 0.443808 0.665997 0.0284658 0.127175 3.74903e-05
0 0.595194 0.367805 0.0465804 0.107764 3.79133e-05
0 0.761738 0.932062 0.0720887 0.135877 3.79476e-05
0 0.391867 0.485609 0.0406654 0.151941 3.82087e-05
0 0.261368 0.977577 0.0628466 0.0448461 3.83975e-05
0 0.278558 0.206827 0.0602588 0.0990629 3.85077e-05
0 0.564325 0.849732 0.0698706 0.197456 3.92169e-05
0 0.703512 0.371821 0.0879852 0.17336 3.92608e-05
0 0.0341959 0.272423 0.0683919 0.23427 3.93016e-05
0 0.938262 0.621821 0.045841 0.137885 3.94352e-05
0 0.462292 0.388889 0.0395564 0.0923695 3.95138e-05
0 0.730314 0.854752 0.0550832 0.14324 3.96358e-05
0 0.0286506 0.0291165 0.0469501 0.0582329 3.97268e-05
0 0.360259 0.844712 0.0454713 0.10174 3.99115e-05
0 0.728096 0.0130522 0.0454713 0.0261044 4.03409e-05
0 0.668207 0.0160643 0.0462107 0.0321285 4.03986e-05
0 0.837523 0.211178 0.0550832 0.105087 4.06177e-05
0 0.86488 0.624163 0.0432532 0.119813 4.06988e-05
0 0.512754 0.437751 0.0362292 0.105756 4.07469e-05
0 0.6 0.262383 0.0554529 0.0896921 4.11113e-05
0 0.414233 0.860107 0.0521257 0.109772 4.11755e-05
0 0.642884 0.724565 0.0406654 0.127845 4.12627e-05
0 0.645287 0.441098 0.0462107 0.117805 4.13419e-05
0 0.316081 0.0294511 0.0606285 0.0589023 4.15505e-05
0 0.537893 0.848728 0.0384473 0.0990629 4.22027e-05
0 0.444732 0.86245 0.0510166 0.109103 4.22756e-05
0 0.637708 0.393909 0.045841 0.0917001 4.2373e-05
0 0.409612 0.364123 0.0939002 0.165997 4.30681e-05
0 0.98854 0.927376 0.0229205 0.145248 4.30876e-05
0 0.12329 0.921017 0.0573013 0.157965 4.30971e-05
0 0.381146 0.9334 0.0916821 0.133199 4.34073e-05
0 0.861738 0.946787 0.0665434 0.106426 4.34398e-05
0 0.911091 0.574297 0.0499076 0.128514 4.34839e-05
0 0.955453 0.0153949 0.0343808 0.0307898 4.34939e-05
0 0.455083 0.951138 0.0310536 0.0977242 4.3763e-05
0 0.0064695 0.990964 0.012939 0.0180723 4.3878e-05
0 0.985952 0.935743 0.025878 0.116466 4.39319e-05
0 0.837523 0.940428 0.0698706 0.119143 4.40554e-05
0 0.888355 0.93842 0.0391867 0.119143 4.41296e-05
0 0.986691 0.392236 0.025878 0.131191 4.42887e-05
0 0.201109 0.980254 0.063586 0.0394913 4.436e-05
0 0.985028 0.756024 0.0299445 0.125167 4.50025e-05
0 0.295194 0.729585 0.0720887 0.182062 4.50453e-05
0 0.00628466 0.772423 0.0125693 0.156627 4.51167e-05
0 0.437523 0.391901 0.0432532 0.0917001 4.5155e-05
0 0.34658 0.829317 0.0558226 0.16332 4.5415e-05
0 0.842884 0.905288 0.0369686 0.12249 4.56493e-05
0 0.767283 0.904619 0.0380776 0.133199 4.61064e-05
0 0.289279 0.845047 0.0528651 0.101071 4.61625e-05
0 0.963956 0.575636 0.0528651 0.129853 4.61897e-05
0 0.621442 0.368139 0.0443623 0.113788 4.62165e-05
0 0.404251 0.823293 0.0469501 0.144578 4.65096e-05
0 0.984104 0.820616 0.031793 0.297189 4.69364e-05
0 0.0467652 0.962851 0.0462107 0.0742972 4.69457e-05
0 0.0116451 0.301874 0.0232902 0.127175 4.71318e-05
0 0.367283 0.00870147 0.0469501 0.0174029 4.71823e-05
0 0.984288 0.382195 0.0314233 0.279786 4.74245e-05
0 0.0659889 0.980924 0.0343808 0.0381526 4.77394e-05
0 0.671165 0.643909 0.0402957 0.128514 4.80126e-05
0 0.670795 0.72423 0.038817 0.116466 4.80893e-05
0 0.855083 0.859438 0.0480592 0.137885 4.81085e-05
0 0.457116 0.96921 0.0306839 0.0615797 4.81427e-05
0 0.186506 0.925368 0.0735675 0.149264 4.82093e-05
0 0.00961183 1 0.0192237 0 4.8812e-05
0 0.0933457 0.955823 0.0380776 0.0883534 4.94729e-05
0 0.785397 0.355756 0.0624769 0.147925 4.95059e-05
0 0.585767 0.39257 0.0365989 0.0903614 4.95689e-05
0 0.461368 0.350067 0.0369686 0.0937082 4.99114e-05
0 0.543253 0.298193 0.0395564 0.101071 5.08589e-05
0 0.384104 0.972557 0.0598891 0.0548862 5.12123e-05
0 0.594085 0.858434 0.0532348 0.109103 5.12565e-05
0 0.716081 0.261044 0.0532348 0.0990629 5.21422e-05
0 0.561922 0.849398 0.0399261 0.0963855 5.24269e-05
0 0.226617 0.534806 0.0561922 0.157965 5.2947e-05
0 0.538078 0.443775 0.0439926 0.103079 5.31232e-05
0 0.566174 0.371821 0.0528651 0.133199 5.32653e-05
0 0.98854 0.445783 0.0229205 0.200803 5.32956e-05
0 0.5122 0.930723 0.0454713 0.138554 5.35344e-05
0 0.028281 0.268742 0.0521257 0.130522 5.40552e-05
0 0.979852 0.0220884 0.0365989 0.0441767 5.5271e-05
0 0.00720887 0.961178 0.0144177 0.0776439 5.57397e-05
0 0.705915 0.0471888 0.0425139 0.0943775 5.60821e-05
0 0.359519 0.39257 0.0602588 0.143909 5.75317e-05
0 0.624399 0.858434 0.0584104 0.107764 5.78282e-05
0 0.272828 0.363788 0.0606285 0.146586 5.81544e-05
0 0.441959 0.970549 0.0292052 0.0589023 5.84911e-05
0 0.438817 0.348394 0.0384473 0.0957162 5.90171e-05
0 0.471534 0.969545 0.0277264 0.0609103 5.99153e-05
0 0.334935 0.845047 0.0480592 0.0997323 6.03434e-05
0 0.553235 0.666667 0.0299445 0.105756 6.11716e-05
0 0.256562 0.586345 0.0465804 0.15261 6.14012e-05
0 0.9122 0.62249 0.0425139 0.135208 6.22142e-05
0 0.691867 0.877175 0.0573013 0.149264 6.25132e-05
0 0.904806 0.93909 0.0432532 0.121821 6.50688e-05
0 0.982255 0.260709 0.0354898 0.106426 6.56131e-05
0 0.879667 0.859438 0.0469501 0.147256 6.68816e-05
0 0.651201 0.712517 0.0528651 0.220214 6.75232e-05
0 0.31146 0.845716 0.0528651 0.101071 6.75924e-05
0 0.0110906 0.00937082 0.0221811 0.0187416 6.76561e-05
0 0.986506 0.692771 0.0269871 0.203481 6.78462e-05
0 0.965434 0.622155 0.0476895 0.135877 6.79425e-05
0 0.986691 0.53012 0.025878 0.128514 6.89295e-05
0 0.0110906 0.0562249 0.0221811 0.11245 7.04133e-05
0 0.338817 0.370147 0.0543438 0.135208 7.05367e-05
0 0.893161 0.587684 0.0443623 0.195448 7.13365e-05
0 0.480776 0.395248 0.0506469 0.14257 7.17668e-05
0 0.518484 0.721888 0.0240296 0.125167 7.25781e-05
0 0.420333 0.393574 0.0547135 0.136546 7.27209e-05
0 0.987616 0.0247657 0.0247689 0.0495315 7.43275e-05
0 0.955268 1 0.031793 0 7.60302e-05
0 0.439187 0.448795 0.0399261 0.114458 7.76855e-05
0 0.0112754 0.92336 0.0225508 0.15328 7.7768e-05
0 0.675601 0.348059 0.0491682 0.144578 7.80463e-05
0 0.451386 0.485609 0.0443623 0.180054 7.84453e-05
0 0.986137 0.705154 0.0269871 0.125167 7.88562e-05
0 0.0249538 0.992637 0.0499076 0.0147256 8.01168e-05
0 0.978189 0.997323 0.0391867 0.00535475 8.11018e-05
0 0.582625 0.43909 0.0414048 0.148594 8.1708e-05
0 0.0787431 0.961178 0.0428835 0.0776439 8.30371e-05
0 0.272828 0.5251 0.0384473 0.135877 8.44138e-05
0 0.37634 0.668675 0.0384473 0.131191 8.47458e-05
0 0.247135 0.44913 0.0395564 0.107095 8.50635e-05
0 0.00961183 0.0113788 0.0192237 0.0227577 8.51144e-05
0 0.458965 0.754016 0.0676525 0.17336 8.81934e-05
0 0.730314 0.0468541 0.0410351 0.0937082 8.83789e-05
0 0.776525 0.594712 0.0395564 0.129183 8.97824e-05
0 0.576895 0.973896 0.0232902 0.0522088 8.98813e-05
0 0.986137 0.00903614 0.0277264 0.0180723 8.99632e-05
0 0.966359 0.958166 0.0524954 0.083668 9.00037e-05
0 0.985397 0.302209 0.0292052 0.119813 9.2036e-05
0 0.985767 0.801874 0.0225508 0.14324 9.2363e-05
0 0.299815 0.392236 0.0606285 0.13253 9.31027e-05
0 0.660998 0.873829 0.0569316 0.151941 9.5731e-05
0 0.452126 0.930054 0.0510166 0.139893 9.74056e-05
0 0.547505 0.263387 0.0377079 0.0943775 9.76116e-05
0 0.985952 0.957497 0.0280961 0.0850067 0.000102856
0 0.690203 0.382195 0.0487985 0.0843373 0.000104275
0 0.543808 0.485944 0.0377079 0.141901 0.000107268
0 0.35841 0.671687 0.0513863 0.145248 0.00011741
0 0.728281 0.312584 0.0362292 0.107095 0.000118162
0 0.73475 0.390228 0.0491682 0.08166 0.00013071
0 0.00998152 0.99498 0.019963 0.0100402 0.000131082
0 0.963771 0.995649 0.0451017 0.00870147 0.000132724
0 0.52976 0.667336 0.0251386 0.107095 0.000132822
0 0.926802 0.971218 0.0340111 0.0575636 0.000135864
0 0.249353 0.381861 0.0617375 0.146586 0.000139467
0 0.986137 0.967871 0.0277264 0.064257 0.000140863
0 0.9878 0.559906 0.0243993 0.205489 0.000145314
0 0.548244 0.401941 0.0524954 0.141232 0.000148494
0 0.247689 0.51004 0.0428835 0.120482 0.000160622
0 0.988355 0.311914 0.0232902 0.19411 0.000163103
0 0.402403 0.672691 0.0351201 0.129853 0.000170465
0 0.942144 0.972557 0.0292052 0.0548862 0.000172427
0 0.662662 0.395917 0.0565619 0.133199 0.000176331
0 0.984473 0.995984 0.0310536 0.00803213 0.000184068
0 0.0103512 0.131526 0.0207024 0.216198 0.000188131
0 0.989094 0.832664 0.0218115 0.211513 0.000202787
0 0.946765 0.952477 0.0325323 0.0950469 0.000216034
0 0.115896 0.943775 0.0321627 0.11245 0.000229827
0 0.607579 0.405957 0.0499076 0.133199 0.000231899
0 0.736969 0.618809 0.0565619 0.14257 0.000238517
0 0.755823 0.443106 0.0484288 0.116466 0.000256358
0 0.519593 0.667671 0.0262477 0.105087 0.000264944
0 0.987061 0.579317 0.0229205 0.131861 0.000266957
0 0.22939 0.599063 0.0757856 0.182062 0.000276552
0 0.493346 0.720214 0.0255083 0.127175 0.000315326
0 0.785952 0.635207 0.0539741 0.139224 0.000357316
0 0.580222 0.598059 0.0321627 0.178715 0.000396391
0 0.604991 0.731593 0.0609982 0.178046 0.000401507
0 0.954344 0.967537 0.0336414 0.0649264 0.000414011
0 0.593161 0.48494 0.0380776 0.182731 0.000590218
0 0.242144 0.473561 0.0628466 0.151941 0.000600781
0 0.726248 0.33668 0.0573013 0.136546 0.000605835
0 0.556007 0.269411 0.0487985 0.15328 0.000660555
0 0.723475 0.413655 0.0658041 0.139224 0.000704508
0 0.228651 0.626506 0.0484288 0.129853 0.000800318
0 0.571904 0.462182 0.0384473 0.133199 0.00105138
0 0.0608133 0.96419 0.032902 0.0716198 0.00110499
0 0.268392 0.65261 0.0650647 0.171352 0.00121264
0 0.988909 0.628179 0.0221811 0.198795 0.00172387
0 0.507024 0.52075 0.0380776 0.164659 0.00192883
0 0.709982 0.349732 0.0484288 0.109103 0.00271618
0 0.656747 0.503012 0.0484288 0.146586 0.0027358
0 0.435305 0.701473 0.0343808 0.172691 0.00500424
0 0.314233 0.689424 0.0820702 0.16332 0.00703176
0 0.757856 0.563588 0.0406654 0.153949 0.00716272
0 0.538078 0.549866 0.0417745 0.159973 0.0097541
0 0.331793 0.603414 0.0550832 0.205489 0.0107756
0 0.357301 0.511044 0.044732 0.174699 0.0111449
0 0.721257 0.345382 0.0377079 0.0763052 0.013663
0 0.560259 0.567604 0.0935305 0.329317 0.0620844
0 0.484104 0.521084 0.144547 0.17336 0.0800401
0 0.627542 0.58166 0.0698706 0.356091 0.116919
0 0.561183 0.692102 0.10573 0.149933 0.148203
0 0.487431 0.699799 0.100924 0.141232 0.16288
0 0.360444 0.534471 0.0983364 0.178715 0.181343
0 0.434935 0.702477 0.103882 0.157296 0.190828
0 0.419409 0.518742 0.0957486 0.172691 0.212607
0 0.726617 0.554552 0.0595194 0.334003 0.221427
0 0.563031 0.701473 0.0406654 0.145917 0.232872
0 0.676525 0.493641 0.100555 0.154618 0.237576
0 0.256932 0.566265 0.0554529 0.317269 0.250372
0 0.376895 0.695783 0.11719 0.159973 0.266557
0 0.468022 0.524431 0.0650647 0.168005 0.283
0 0.562292 0.510375 0.0665434 0.161312 0.295192
0 0.31793 0.509705 0.0598891 0.147925 0.309256
0 0.604621 0.681392 0.0868762 0.160643 0.311208
0 0.541775 0.691767 0.0528651 0.133199 0.34802
0 0.462477 0.706493 0.0428835 0.145248 0.431767
0 0.524584 0.695783 0.0251386 0.125167 0.777188
0 0.503697 0.699464 0.0306839 0.13253 0.788782
0 0.741959 0.466867 0.0510166 0.134538 0.809866
0 0.479298 0.695783 0.0365989 0.134538 0.813239
0 0.551386 0.517068 0.0299445 0.15328 0.814782
0 0.524954 0.518742 0.0340111 0.160643 0.816751
0 0.460998 0.5251 0.0295749 0.165328 0.828442
0 0.545102 0.686412 0.0269871 0.117135 0.829846
0 0.403142 0.518072 0.0358595 0.179384 0.831416
0 0.580037 0.696118 0.045841 0.171352 0.833634
0 0.580407 0.504685 0.0340111 0.186078 0.833793
0 0.606285 0.681727 0.0384473 0.169344 0.834645
0 0.374122 0.516734 0.0354898 0.180723 0.836872
0 0.433826 0.51506 0.032902 0.185408 0.839604
0 0.48817 0.5251 0.032902 0.166667 0.843751
0 0.610536 0.505689 0.0351201 0.166667 0.844458
0 0.641035 0.504685 0.0332717 0.16332 0.851298
0 0.420148 0.696787 0.0365989 0.165997 0.851352
0 0.295933 0.501339 0.0506469 0.161981 0.860004
0 0.343808 0.702811 0.0658041 0.147256 0.864652
0 0.633457 0.676372 0.0462107 0.165328 0.865015
0 0.677634 0.495984 0.045841 0.157965 0.866188
0 0.390018 0.702142 0.0436229 0.172691 0.870386
0 0.719963 0.491968 0.0521257 0.151272 0.870431
0 0.449353 0.707831 0.0373383 0.180054 0.8727
0 0.245102 0.640228 0.0547135 0.159973 0.877104
0 0.337523 0.514056 0.051756 0.178046 0.880552
0 0.673013 0.671017 0.064695 0.162651 0.880873
0 0.268207 0.482932 0.0521257 0.141232 0.882604
0 0.762847 0.615462 0.0521257 0.155957 0.88595
0 0.722181 0.646252 0.0661738 0.161312 0.888362
0 0.292237 0.666667 0.0661738 0.167336 0.897553
