0 0.212754 0.965169 0.0232902 0.0696615 7.6123e-06
0 0.336969 0.974609 0.0181146 0.0507812 7.62868e-06
0 0.618669 0.361003 0.0639556 0.205078 7.62929e-06
0 0.876895 0.278971 0.0650647 0.169922 7.63071e-06
0 0.212384 0.310547 0.0365989 0.108073 7.64316e-06
0 0.260813 0.129232 0.0476895 0.108724 7.66878e-06
0 0.610536 0.21875 0.0402957 0.11849 7.68345e-06
0 0.0064695 0.907227 0.012939 0.138672 7.68348e-06
0 0.990758 0.105794 0.0184843 0.211589 7.69185e-06
0 0.00887246 0.659505 0.0177449 0.13151 7.71053e-06
0 0.360259 0.351562 0.0351201 0.114583 7.73707e-06
0 0.534935 0.0800781 0.0731978 0.160156 7.7522e-06
0 0.662662 0.896159 0.0624769 0.159505 7.75288e-06
0 0.611091 0.310547 0.0369686 0.113281 7.75994e-06
0 0.706469 0.847656 0.0613678 0.166667 7.77319e-06
0 0.986876 0.195964 0.0262477 0.229167 7.7868e-06
0 0.210351 0.528646 0.0443623 0.108073 7.78716e-06
0 0.430314 0.751953 0.0362292 0.153646 7.78867e-06
0 0.903327 0.976888 0.0314233 0.046224 7.79662e-06
0 0.0528651 0.993164 0.0857671 0.0136719 7.80192e-06
0 0.431054 0.932943 0.0340111 0.134115 7.84608e-06
0 0.212384 0.976888 0.012939 0.046224 7.89087e-06
0 0.511091 0.0719401 0.0580407 0.14388 7.91543e-06
0 0.210351 0.87207 0.0606285 0.163411 7.91913e-06
0 0.579298 0.0693359 0.0584104 0.138672 7.95175e-06
0 0.348799 0.0807292 0.0728281 0.161458 7.95407e-06
0 0.819593 0.940755 0.0325323 0.11849 7.99734e-06
0 0.177264 0.981445 0.114233 0.0371094 8.03438e-06
0 0.875601 0.341471 0.0831793 0.156901 8.04024e-06
0 0.232532 0.970703 0.0177449 0.0585938 8.04529e-06
0 0.686691 0.176758 0.044732 0.110026 8.04957e-06
0 0.762847 0.144531 0.0713494 0.173177 8.06661e-06
0 0.344177 0.592773 0.0347505 0.0917969 8.08226e-06
0 0.533087 0.548503 0.0280961 0.115234 8.08516e-06
0 0.887246 0.263997 0.0451017 0.110026 8.10983e-06
0 0.262107 0.969727 0.0214418 0.0605469 8.1435e-06
0 0.47098 0.54362 0.0295749 0.101562 8.18981e-06
0 0.973013 0.993164 0.0539741 0.0136719 8.24827e-06
0 0.793715 0.94401 0.0340111 0.111979 8.27443e-06
0 0.911645 0.263021 0.0451017 0.113281 8.29799e-06
0 0.00665434 0.948893 0.0133087 0.102214 8.30261e-06
0 0.866359 0.97526 0.0336414 0.0494792 8.31601e-06
0 0.997782 0.142904 0.00443623 0.20638 8.39575e-06
0 0.0451017 0.997721 0.0406654 0.00455729 8.40009e-06
0 0.39464 0.0667318 0.0358595 0.133464 8.41867e-06
0 0.460628 0.215169 0.0502773 0.119141 8.41944e-06
0 0.857671 0.782552 0.0724584 0.22526 8.42166e-06
0 0.362477 0.221029 0.0410351 0.113932 8.45745e-06
0 0.692976 0.648112 0.0365989 0.110026 8.46974e-06
0 0.862662 0.879232 0.0543438 0.121745 8.47051e-06
0 0.460074 0.789062 0.0343808 0.0898438 8.47366e-06
0 0.268022 0.916667 0.045841 0.13151 8.47988e-06
0 0.587985 0.987956 0.0181146 0.0240885 8.54514e-06
0 0.910351 0.311849 0.044732 0.110677 8.55402e-06
0 0.261368 1 0.063586 0 8.58248e-06
0 0.571904 0.902669 0.0665434 0.194661 8.59169e-06
0 0.601479 0.897135 0.0561922 0.15625 8.60252e-06
0 0.286876 0.838216 0.0421442 0.100911 8.62224e-06
0 0.731608 0.898112 0.0406654 0.186849 8.64435e-06
0 0.973937 0.954753 0.0521257 0.0904948 8.6454e-06
0 0.832348 0.943359 0.0166359 0.113281 8.67071e-06
0 0.00868762 0.262695 0.0173752 0.141276 8.69653e-06
0 0.275601 0.958984 0.0580407 0.0820312 8.72881e-06
0 0.444362 0.0690104 0.0384473 0.138021 8.74353e-06
0 0.0878004 0.397786 0.0462107 0.101562 8.79205e-06
0 0.814048 0.957357 0.0406654 0.0852865 8.83269e-06
0 0.390573 0.273763 0.0543438 0.156901 8.84052e-06
0 0.75268 0.869792 0.0754159 0.231771 8.84887e-06
0 0.323105 0.97526 0.110166 0.0494792 8.85431e-06
0 0.946396 0.994792 0.0813309 0.0104167 8.86705e-06
0 0.299076 0.910807 0.0465804 0.178385 8.87557e-06
0 0.43549 0.176758 0.0406654 0.128255 8.88728e-06
0 0.997782 0.865234 0.00443623 0.195312 8.88991e-06
0 0.681331 0.44043 0.0487985 0.130859 8.89829e-06
0 0.935305 0.178385 0.0436229 0.108073 8.90183e-06
0 0.921811 0.936849 0.0935305 0.126302 8.91579e-06
0 0.887246 0.705078 0.0428835 0.135417 8.91805e-06
0 0.885767 0.880859 0.0399261 0.130208 8.93418e-06
0 0.479667 1 0.0595194 0 8.94401e-06
0 0.504621 0.991536 0.0303142 0.0169271 8.96732e-06
0 0.8878 0.17806 0.0432532 0.108724 8.98372e-06
0 0.931978 0.0166016 0.0377079 0.0332031 8.98641e-06
0 0.511645 0.412435 0.0502773 0.20638 9.0307e-06
0 0.0626617 0.352539 0.044732 0.102214 9.04632e-06
0 0.178373 0.0703125 0.0787431 0.140625 9.08785e-06
0 0.425878 0.33724 0.0598891 0.151042 9.09017e-06
0 0.394824 1 0.0754159 0 9.09311e-06
0 0.651941 0.27832 0.0536044 0.147786 9.10931e-06
0 0.780776 0.843099 0.0569316 0.145833 9.11129e-06
0 0.55268 1 0.057671 0 9.12141e-06
0 1 0.458984 0 0.169271 9.1223e-06
0 0.102403 0.0716146 0.0731978 0.143229 9.14007e-06
0 0.886876 0.745443 0.0554529 0.126302 9.18186e-06
0 0.724584 0.963216 0.089464 0.0735677 9.19469e-06
0 0.555638 0.597982 0.0369686 0.0957031 9.20131e-06
0 0.284843 0.308594 0.0373383 0.109375 9.21496e-06
0 0.256192 0.581706 0.0524954 0.163411 9.23046e-06
0 0.136044 0.485026 0.0465804 0.106771 9.24309e-06
0 0.217375 0.969727 0.0184843 0.0605469 9.2739e-06
0 0.667837 0.820964 0.0735675 0.177083 9.34053e-06
0 0.112384 0.442383 0.0451017 0.10612 9.35098e-06
0 0.337338 0.400065 0.0410351 0.104818 9.36385e-06
0 0.487246 0.308268 0.0384473 0.107422 9.38766e-06
0 0.844362 0.663086 0.0805915 0.155599 9.42207e-06
0 0.625878 0.272461 0.0436229 0.121745 9.43817e-06
0 0.257301 0.949219 0.0192237 0.101562 9.4623e-06
0 0.318669 0.0537109 0.045841 0.107422 9.48389e-06
0 0.162847 0.265625 0.0402957 0.0989583 9.49378e-06
0 0.911275 0.39681 0.0480592 0.11263 9.51056e-06
0 0.286691 0.674479 0.0735675 0.191406 9.51286e-06
0 0.459889 0.263672 0.0399261 0.117188 9.54167e-06
0 0.831793 0.0185547 0.0391867 0.0371094 9.56083e-06
0 0.250832 0.980469 0.111275 0.0390625 9.57793e-06
0 0.419409 0.0686849 0.0373383 0.13737 9.58519e-06
0 0.984288 0.986328 0.0314233 0.0273438 9.58738e-06
0 0.324769 0.973958 0.0195933 0.0520833 9.59921e-06
0 0.110166 0.66862 0.0643253 0.154948 9.61333e-06
0 0.762107 0.221354 0.0410351 0.102865 9.62514e-06
0 0.289094 0.801432 0.0983364 0.174479 9.65649e-06
0 0.556932 0.852214 0.0780037 0.166667 9.66686e-06
0 0.96451 0.746094 0.0554529 0.125 9.66915e-06
0 0.250832 0.657552 0.05878 0.165365 9.70767e-06
0 0.182625 0.167643 0.063586 0.116536 9.72685e-06
0 0.338262 0.307943 0.0369686 0.109375 9.73682e-06
0 0.637338 0.310221 0.0384473 0.115234 9.77905e-06
0 0.110721 0.0494792 0.0536044 0.0989583 9.79273e-06
0 0.509612 0.790365 0.0351201 0.0872396 9.80134e-06
0 0.389649 0.333659 0.0643253 0.152995 9.82524e-06
0 0.807024 0.0185547 0.0399261 0.0371094 9.85062e-06
0 0.359335 0.306966 0.0362292 0.108724 9.85274e-06
0 0.54658 0.975586 0.1061 0.0488281 9.85871e-06
0 0.202773 0.97168 0.0166359 0.0566406 9.86063e-06
0 0.343623 0.472005 0.0373383 0.207031 9.86303e-06
0 0.26414 0.703451 0.0484288 0.094401 9.8831e-06
0 0.961922 0.791016 0.0554529 0.11849 9.91391e-06
0 0.556562 0.780924 0.0521257 0.184245 9.92438e-06
0 0.774307 0.640299 0.0454713 0.113932 9.96829e-06
0 0.460998 0.307943 0.0391867 0.108073 9.97795e-06
0 0.0841035 0.440104 0.0550832 0.105469 1.00199e-05
0 0.0182994 0.997721 0.0365989 0.00455729 1.00223e-05
0 0.510536 0.924154 0.0487985 0.151693 1.00665e-05
0 0.461922 0.921875 0.038817 0.0963542 1.00975e-05
0 0.474492 0.974284 0.106839 0.0514323 1.01051e-05
0 0.378928 0.977865 0.0192237 0.0442708 1.01307e-05
0 0.404251 0.978516 0.0195933 0.0429688 1.01803e-05
0 0.365804 0.0625 0.0521257 0.125 1.01819e-05
0 0.493346 0.0559896 0.0469501 0.111979 1.01902e-05
0 0.185582 0.442383 0.0406654 0.102214 1.02145e-05
0 0.301109 0.869792 0.0624769 0.170573 1.02257e-05
0 0.962292 0.931315 0.0650647 0.13737 1.02936e-05
0 0.26525 0.748372 0.0528651 0.120443 1.03072e-05
0 1 0.589518 0 0.176432 1.03755e-05
0 0.243438 0.966146 0.0232902 0.0677083 1.04089e-05
0 0.881516 0.0299479 0.0336414 0.0598958 1.04231e-05
0 0.28281 0.952148 0.0207024 0.0957031 1.04519e-05
0 0.760444 0.130859 0.045841 0.110677 1.04546e-05
0 0.52976 0.990234 0.0303142 0.0195312 1.04793e-05
0 0.463586 0.336589 0.0591497 0.153646 1.05259e-05
0 0.354898 0.936849 0.0436229 0.125 1.05385e-05
0 0.186506 0.308919 0.038817 0.102214 1.05505e-05
0 0.39963 0.970052 0.110906 0.0598958 1.06109e-05
0 0.990943 0.186198 0.0181146 0.222656 1.06165e-05
0 0.585397 0.871745 0.0491682 0.0976562 1.06253e-05
0 0.429575 0.980143 0.0214418 0.0397135 1.06254e-05
0 0.689834 1 0.0813309 0 1.06336e-05
0 0.106839 0.0175781 0.0377079 0.0351562 1.0665e-05
0 0.687061 0.221029 0.0439926 0.104818 1.06729e-05
0 0.343623 0.927083 0.0373383 0.145833 1.06813e-05
0 0.880961 0.924479 0.0554529 0.151042 1.06887e-05
0 0.76451 1 0.0872458 0 1.06977e-05
0 1 0.208008 0 0.159505 1.07161e-05
0 0.238078 0.442057 0.0391867 0.0963542 1.07191e-05
0 0.656747 0.807292 0.0351201 0.19401 1.07221e-05
0 0.38817 0.308919 0.0377079 0.107422 1.07423e-05
0 0.0778189 0.536133 0.0654344 0.129557 1.07635e-05
0 0.909057 0.352865 0.0487985 0.106771 1.08202e-05
0 0.217006 0.942383 0.0340111 0.0670573 1.08282e-05
0 0.772274 0.0673828 0.0805915 0.134766 1.08309e-05
0 0.469131 0.720052 0.0280961 0.109375 1.08315e-05
0 1 0.328451 0 0.160807 1.08363e-05
0 0.322551 0.785156 0.0536044 0.154948 1.085e-05
0 0.831978 0.805013 0.0683919 0.212891 1.09071e-05
0 0.144362 0.0179036 0.0380776 0.0358073 1.09076e-05
0 0.754713 0.869792 0.0521257 0.125 1.09095e-05
0 0.761368 0.174805 0.0365989 0.107422 1.09246e-05
0 0.778928 0.0455729 0.057671 0.0911458 1.0934e-05
0 0.354159 0.977539 0.0192237 0.0449219 1.094e-05
0 0.421442 0.848307 0.0680222 0.14974 1.09446e-05
0 0.131608 0.711263 0.0805915 0.145182 1.09525e-05
0 0.963401 0.83724 0.0443623 0.119792 1.09984e-05
0 0.278558 0.399414 0.0624769 0.149089 1.10623e-05
0 0.810536 0.976237 0.0676525 0.047526 1.10911e-05
0 0.230314 0.330729 0.0421442 0.135417 1.11203e-05
0 0.697597 0.958659 0.122736 0.0826823 1.11856e-05
0 0.8061 0.536784 0.05878 0.211589 1.12232e-05
0 0.737708 0.97819 0.0151571 0.0436198 1.1249e-05
0 0.187061 0.957357 0.0621072 0.0852865 1.12671e-05
0 0.709242 0.986654 0.0380776 0.0266927 1.12862e-05
0 0.0817006 0.911133 0.0473198 0.129557 1.12892e-05
0 0.479667 0.992513 0.0284658 0.014974 1.12998e-05
0 0.136414 0.441732 0.0443623 0.104818 1.13009e-05
0 0.24732 0.970703 0.0184843 0.0585938 1.1308e-05
0 0.263771 0.80013 0.0528651 0.117188 1.13208e-05
0 0.436599 0.216797 0.0487985 0.117188 1.13298e-05
0 0.932717 0.525391 0.0539741 0.13151 1.13415e-05
0 0.479298 0.758138 0.0351201 0.136068 1.13603e-05
0 0.32902 0.976562 0.0184843 0.046875 1.13739e-05
0 0.287246 0.878255 0.0421442 0.0950521 1.14054e-05
0 0.0878004 0.35319 0.0462107 0.100911 1.14354e-05
0 0.542144 0.777344 0.0425139 0.148438 1.14675e-05
0 0.612384 0.878906 0.0410351 0.0976562 1.14761e-05
0 0.6061 0.556315 0.0499076 0.149089 1.15032e-05
0 0.254714 0.0693359 0.0813309 0.138672 1.15045e-05
0 0.128835 0.16569 0.0868762 0.150391 1.15181e-05
0 0.00813309 0.833659 0.0162662 0.151693 1.15482e-05
0 0.911645 0.178711 0.0428835 0.107422 1.15495e-05
0 0.222366 0.359701 0.0632163 0.205078 1.15992e-05
0 0.242699 0.16569 0.0602588 0.115234 1.16191e-05
0 0.678743 0.976237 0.0184843 0.047526 1.1682e-05
0 0.829575 0.967448 0.0133087 0.0651042 1.16968e-05
0 0.31146 0.219076 0.0439926 0.113932 1.17112e-05
0 0.773383 0.957031 0.128651 0.0859375 1.17243e-05
0 0.161738 0.442383 0.0417745 0.104818 1.17809e-05
0 0.255453 0.894857 0.0480592 0.132161 1.17825e-05
0 0.163031 0.529948 0.045841 0.104167 1.17848e-05
0 0.786137 0.264648 0.0395564 0.100911 1.17875e-05
0 0.708503 0.591471 0.0550832 0.164714 1.18083e-05
0 0.13586 0.355143 0.0432532 0.0996094 1.18147e-05
0 0.0619224 0.613281 0.0484288 0.106771 1.18169e-05
0 0.78854 0.572266 0.0384473 0.108073 1.18279e-05
0 0.405915 0.986979 0.0369686 0.0260417 1.18295e-05
0 0.93549 0.702148 0.0565619 0.121745 1.18762e-05
0 0.486691 0.354167 0.0395564 0.10026 1.19155e-05
0 0.0208872 0.20638 0.0417745 0.231771 1.19393e-05
0 0.738262 0.986654 0.0377079 0.0266927 1.19899e-05
0 0.0839187 0.480794 0.0510166 0.11263 1.20114e-05
0 0.910536 0.0377604 0.045841 0.0755208 1.20192e-05
0 0.448614 0.89974 0.05878 0.114583 1.20234e-05
0 1 0.816406 0 0.170573 1.20261e-05
0 0.932347 0.825521 0.0628466 0.21875 1.20327e-05
0 0.261368 0.0481771 0.057671 0.0963542 1.20699e-05
0 0.456007 0.0520833 0.0454713 0.104167 1.20896e-05
0 0.222551 0.573242 0.0990758 0.203776 1.21131e-05
0 0.0526802 0.769206 0.0617375 0.151693 1.21218e-05
0 0.501479 0.789714 0.0499076 0.136719 1.21241e-05
0 0.912384 0.442057 0.0569316 0.109375 1.21491e-05
0 0.617745 0.986654 0.0384473 0.0266927 1.21534e-05
0 0.763586 0.540365 0.0624769 0.158854 1.21604e-05
0 0.13586 0.309896 0.0410351 0.102865 1.21782e-05
0 0.641035 0.934896 0.0414048 0.130208 1.21886e-05
0 0.653974 0.976237 0.0184843 0.047526 1.22108e-05
0 0.737893 0.749023 0.0465804 0.100911 1.22124e-05
0 0.291867 0.985352 0.0210721 0.0292969 1.22339e-05
0 0.603882 0.979492 0.0225508 0.0410156 1.22374e-05
0 0.615157 1 0.077634 0 1.22569e-05
0 0.786137 0.617839 0.0395564 0.0976562 1.22767e-05
0 0.0077634 0.0481771 0.0155268 0.0963542 1.22853e-05
0 0.88854 0.219727 0.044732 0.110026 1.23394e-05
0 0.577079 0.765299 0.063586 0.172526 1.23473e-05
0 0.88854 0.619792 0.0469501 0.121094 1.24124e-05
0 0.419593 0.565755 0.0310536 0.114583 1.24179e-05
0 0.0118299 0.713216 0.0236599 0.202474 1.24308e-05
0 0.736414 0.222656 0.0443623 0.0976562 1.24758e-05
0 0.60573 0.940104 0.0373383 0.109375 1.24798e-05
0 0.593161 0.0553385 0.0476895 0.110677 1.24806e-05
0 0.254529 0.972005 0.0158965 0.0559896 1.24819e-05
0 0.647874 0.987305 0.0373383 0.0253906 1.25258e-05
0 0.761922 0.263346 0.0428835 0.0996094 1.25349e-05
0 0.436414 0.306966 0.0380776 0.111328 1.25482e-05
0 0.446396 0.63444 0.0321627 0.0996094 1.25683e-05
0 0.80536 0.333659 0.0595194 0.189453 1.26086e-05
0 0.231793 0.967122 0.0584104 0.0657552 1.26091e-05
0 0.738262 0.660807 0.0443623 0.0950521 1.26091e-05
0 0.316266 0.337891 0.0654344 0.141927 1.26156e-05
0 0.162477 0.485352 0.0439926 0.103516 1.26341e-05
0 0.503512 0.34375 0.0510166 0.145833 1.2678e-05
0 0.779482 0.976888 0.0683919 0.046224 1.27279e-05
0 0.0604436 0.997721 0.0410351 0.00455729 1.27355e-05
0 0.0953789 0.972331 0.0510166 0.0553385 1.27505e-05
0 0.804991 0.404948 0.0536044 0.197917 1.27519e-05
0 0.00887246 0.536133 0.0177449 0.132161 1.27609e-05
0 0.912384 0.745443 0.0554529 0.126302 1.27721e-05
0 0.621996 0.965169 0.116451 0.0696615 1.28023e-05
0 0.112384 0.336263 0.0924214 0.186849 1.28078e-05
0 0.0515712 0.929036 0.0720887 0.141927 1.28206e-05
0 0.0103512 0.492513 0.0207024 0.218099 1.28244e-05
0 0.886876 0.442057 0.0584104 0.113281 1.28414e-05
0 0.309797 0.606445 0.0465804 0.124349 1.28543e-05
0 0.355083 0.891602 0.0602588 0.180339 1.28836e-05
0 0.860074 0.70638 0.0469501 0.121094 1.29119e-05
0 0.861183 0.832682 0.0454713 0.121094 1.29486e-05
0 0.62902 0.977214 0.0195933 0.0455729 1.2955e-05
0 0.00702403 0.325521 0.0140481 0.125 1.29655e-05
0 0.135675 0.395833 0.0451017 0.101562 1.29692e-05
0 0.686876 0.263346 0.0443623 0.103516 1.29703e-05
0 0.123475 0.222982 0.0702403 0.120443 1.30263e-05
0 0.616821 0.886719 0.090573 0.226562 1.30353e-05
0 0.292976 0.748047 0.0550832 0.111979 1.30456e-05
0 0.0107209 0.0791016 0.0214418 0.158203 1.30846e-05
0 0.0537893 0.873047 0.0639556 0.125 1.3108e-05
0 0.849353 0.971029 0.0210721 0.0579427 1.31123e-05
0 0.736784 0.794271 0.045841 0.104167 1.31732e-05
0 0.637153 0.878581 0.0432532 0.0983073 1.31763e-05
0 0.761922 0.310221 0.0414048 0.10612 1.31971e-05
0 0.24732 0.0266927 0.0502773 0.0533854 1.32116e-05
0 0.104806 0.930013 0.112754 0.139974 1.32443e-05
0 0.260444 0.441081 0.0439926 0.0957031 1.32587e-05
0 0.981516 0.162109 0.0369686 0.207031 1.32653e-05
0 0.727911 0.0266927 0.0487985 0.0533854 1.3308e-05
0 0.857301 0.162435 0.077634 0.164714 1.33372e-05
0 0.734011 0.163737 0.0772643 0.147786 1.33517e-05
0 0.485952 0.880859 0.0373383 0.0976562 1.3354e-05
0 0.738447 0.705729 0.0454713 0.0976562 1.34107e-05
0 0.22902 0.971354 0.0158965 0.0572917 1.34191e-05
0 0.310906 0.704753 0.0487985 0.0996094 1.3431e-05
0 0.869316 0.69401 0.0883549 0.15625 1.34687e-05
0 0.775231 0.590169 0.0451017 0.117839 1.35246e-05
0 0.706839 0.772461 0.0428835 0.169922 1.35462e-05
0 0.161553 0.30957 0.0406654 0.0970052 1.35497e-05
0 0.911645 0.79362 0.045841 0.135417 1.35617e-05
0 0.161368 0.396159 0.0425139 0.100911 1.35627e-05
0 0.762662 0.748047 0.0421442 0.0989583 1.36103e-05
0 0.131793 0.983073 0.0306839 0.0338542 1.36509e-05
0 0.460998 0.354167 0.0399261 0.102865 1.36571e-05
0 0.023475 0.214518 0.0469501 0.134766 1.36771e-05
0 0.999261 0.706706 0.00147874 0.182943 1.36793e-05
0 0.51183 0.881185 0.0358595 0.100911 1.368e-05
0 0.293346 0.800456 0.0558226 0.113932 1.37067e-05
0 0.473752 0.377279 0.0469501 0.113932 1.37151e-05
0 0.862477 0.443685 0.0495379 0.113932 1.37928e-05
0 0.519963 0.61263 0.0284658 0.104167 1.3808e-05
0 0.431608 0.161458 0.0780037 0.139323 1.38295e-05
0 0.860813 0.469727 0.106839 0.193359 1.38815e-05
0 0.84732 0.567383 0.0805915 0.160807 1.39175e-05
0 0.956747 0.0192057 0.0384473 0.0384115 1.39408e-05
0 0.837523 0.926432 0.0728281 0.147135 1.39504e-05
0 0.911275 0.219401 0.045841 0.110677 1.39569e-05
0 0.485767 0.83724 0.0347505 0.0963542 1.39577e-05
0 0.536969 0.836589 0.0365989 0.0976562 1.39932e-05
0 0.850647 0.0589193 0.0813309 0.117839 1.40056e-05
0 0.511091 0.830078 0.0462107 0.0989583 1.40224e-05
0 0.762662 0.573242 0.0384473 0.104818 1.41095e-05
0 0.736784 0.26237 0.0421442 0.0989583 1.411e-05
0 0.838447 0.266602 0.0406654 0.0983073 1.4202e-05
0 0.742144 0.895508 0.0462107 0.117839 1.42607e-05
0 0.0338262 0.992188 0.0439926 0.015625 1.42686e-05
0 0.436969 0.263997 0.0377079 0.119141 1.42818e-05
0 0.696303 0.0657552 0.0750462 0.13151 1.42981e-05
0 0.704991 0.0423177 0.0532348 0.0846354 1.4317e-05
0 0.536599 0.866862 0.0528651 0.121745 1.43339e-05
0 0.412754 0.30957 0.0373383 0.110026 1.43394e-05
0 0.762292 0.704427 0.0783734 0.139323 1.43552e-05
0 0.387431 0.222656 0.0369686 0.115885 1.43636e-05
0 0.209982 0.657878 0.0421442 0.0983073 1.4367e-05
0 0.980407 0.996094 0.0347505 0.0078125 1.43924e-05
0 0.166174 0.576823 0.0462107 0.102865 1.44093e-05
0 0.982994 0.858073 0.0340111 0.283854 1.44177e-05
0 0.194455 0.339518 0.0739372 0.136068 1.45654e-05
0 0.125139 0.0250651 0.0506469 0.0501302 1.45815e-05
0 0.266543 0.661784 0.051756 0.110026 1.45898e-05
0 0.579113 0.935547 0.0454713 0.128906 1.46691e-05
0 0.859519 0.267578 0.045841 0.101562 1.46701e-05
0 0.317006 0.437174 0.0602588 0.193359 1.46799e-05
0 0.239741 0.370768 0.0617375 0.125651 1.47253e-05
0 0.273013 0.971029 0.0269871 0.0579427 1.47412e-05
0 0.0101664 0.305339 0.0203327 0.130208 1.47556e-05
0 0.264325 0.397135 0.0443623 0.0963542 1.47931e-05
0 0.455638 0.982096 0.0255083 0.0358073 1.48176e-05
0 0.886137 0.394531 0.0487985 0.111979 1.48202e-05
0 0.712015 0.311849 0.0391867 0.105469 1.48402e-05
0 0.238447 0.616536 0.0436229 0.0976562 1.48444e-05
0 0.467098 0.90332 0.0676525 0.193359 1.48533e-05
0 0.388725 0.354167 0.038817 0.105469 1.48639e-05
0 0.811091 0.266276 0.0377079 0.0989583 1.49057e-05
0 0.796673 0.163411 0.0768946 0.152344 1.4916e-05
0 0.805176 0.868164 0.0480592 0.121745 1.49237e-05
0 0.362107 0.503255 0.0469501 0.132812 1.49398e-05
0 0.806654 0.941081 0.0155268 0.117839 1.49649e-05
0 0.530314 0.0563151 0.0454713 0.11263 1.50089e-05
0 0.160998 0.354492 0.0417745 0.0970052 1.50328e-05
0 0.199076 0.488932 0.0817006 0.141927 1.50354e-05
0 0.312939 0.748698 0.0484288 0.0963542 1.50781e-05
0 0.944732 0.594401 0.0757856 0.154948 1.51696e-05
0 0.120333 0.377604 0.0676525 0.130208 1.52322e-05
0 1 0.937826 0 0.124349 1.5239e-05
0 0.187246 0.961914 0.0277264 0.0761719 1.52754e-05
0 0.327542 0.063151 0.0761553 0.126302 1.53416e-05
0 0.588909 0.446615 0.0606285 0.205729 1.53598e-05
0 0.334566 0.0400391 0.0524954 0.0800781 1.53716e-05
0 0.503697 0.907227 0.0462107 0.113932 1.54298e-05
0 0.185952 0.0253906 0.051756 0.0507812 1.54302e-05
0 0.71719 0.964518 0.0288355 0.0709635 1.54659e-05
0 0.308503 0.0247396 0.0462107 0.0494792 1.55575e-05
0 0.519963 0.71875 0.0277264 0.0885417 1.55804e-05
0 0.312754 0.839844 0.0451017 0.0976562 1.5583e-05
0 0.354344 0.57487 0.0380776 0.109375 1.56196e-05
0 0.492237 0.933919 0.0439926 0.132161 1.56626e-05
0 0.185397 0.485677 0.0425139 0.101562 1.57565e-05
0 0.837893 0.441406 0.0462107 0.111979 1.57741e-05
0 0.736044 0.311523 0.0362292 0.10612 1.59194e-05
0 0.856562 0.0198568 0.0384473 0.0397135 1.59293e-05
0 0.381146 0.0498047 0.0406654 0.0996094 1.60357e-05
0 0.636229 0.83724 0.0451017 0.0976562 1.60368e-05
0 0.183734 0.374023 0.0598891 0.117839 1.60613e-05
0 0.538078 0.982747 0.0262477 0.0345052 1.61102e-05
0 0.421072 0.166341 0.0480592 0.0996094 1.61523e-05
0 0.843993 0.339193 0.0650647 0.188802 1.61771e-05
0 0.121442 0.27181 0.0676525 0.113932 1.61865e-05
0 0.884104 0.314779 0.0462107 0.107422 1.62191e-05
0 0.704067 0.976888 0.018854 0.046224 1.62287e-05
0 0.860628 0.661133 0.0473198 0.115234 1.62354e-05
0 0.55841 0.0397135 0.0506469 0.0794271 1.62534e-05
0 0.402033 0.0615234 0.0757856 0.123047 1.62827e-05
0 0.8939 0.0188802 0.0377079 0.0377604 1.63101e-05
0 0.663956 0.170898 0.0524954 0.0891927 1.6314e-05
0 0.774861 0.483073 0.0465804 0.11849 1.63228e-05
0 0.551017 0.0625 0.0757856 0.125 1.6326e-05
0 0.885582 0.524089 0.0573013 0.119792 1.6362e-05
0 1 0.960938 0 0.078125 1.6377e-05
0 0.579113 0.335938 0.0654344 0.141927 1.64256e-05
0 0.940296 0.467773 0.0735675 0.150391 1.64562e-05
0 0.00813309 0.157552 0.0162662 0.144531 1.64731e-05
0 0.61146 0.836589 0.0421442 0.10026 1.64766e-05
0 0.478004 0.264974 0.0539741 0.101562 1.65238e-05
0 0.41756 0.939128 0.0380776 0.116536 1.65412e-05
0 0.419039 0.265299 0.0565619 0.103516 1.65486e-05
0 0.859889 0.616862 0.0480592 0.115234 1.65718e-05
0 0.430869 0.0533854 0.0439926 0.106771 1.65724e-05
0 0.284473 0.356771 0.0358595 0.104167 1.65814e-05
0 0.952311 0.701172 0.0805915 0.170573 1.65849e-05
0 0.401664 0.210612 0.0935305 0.152995 1.66013e-05
0 0.474122 0.908203 0.044732 0.113281 1.66145e-05
0 0.481701 0.812826 0.0591497 0.19987 1.66179e-05
0 0.360628 0.16569 0.0506469 0.100911 1.66276e-05
0 0.208688 0.372396 0.0513863 0.127604 1.66691e-05
0 0.609242 0.813151 0.0702403 0.175781 1.66714e-05
0 0.536229 0.908203 0.0439926 0.113281 1.67159e-05
0 0.32403 0.379557 0.0491682 0.117188 1.68321e-05
0 0.477079 0.207031 0.0935305 0.153646 1.68351e-05
0 0.207209 0.949544 0.0232902 0.100911 1.68351e-05
0 0.168946 0.61556 0.0480592 0.093099 1.68365e-05
0 0.886691 0.793945 0.0469501 0.125651 1.68398e-05
0 0.491497 0.161458 0.0743068 0.143229 1.68853e-05
0 0.312939 0.877279 0.0439926 0.093099 1.69231e-05
0 0.274307 0.338542 0.0658041 0.128906 1.70511e-05
0 0.512015 0.395508 0.0399261 0.0996094 1.70725e-05
0 0.700739 0.972982 0.0195933 0.0540365 1.71005e-05
0 0.340481 0.786133 0.0473198 0.121745 1.71284e-05
0 0.600924 0.171224 0.0536044 0.0924479 1.71321e-05
0 0.616821 0.596029 0.0506469 0.147786 1.71644e-05
0 0.702403 0.639974 0.0658041 0.138021 1.71799e-05
0 0.239002 0.575195 0.0417745 0.102214 1.72322e-05
0 0.538262 0.342122 0.0539741 0.142578 1.72388e-05
0 0.991128 0.341471 0.0177449 0.220703 1.72813e-05
0 0.269316 0.223958 0.0661738 0.108073 1.73036e-05
0 0.29464 0.957031 0.0709797 0.0859375 1.73167e-05
0 0.727726 0.975586 0.0166359 0.0488281 1.73746e-05
0 0.477264 0.0621745 0.0754159 0.124349 1.75031e-05
0 0.327911 0.213542 0.0909427 0.153646 1.75071e-05
0 0.238632 0.272135 0.0558226 0.113281 1.76264e-05
0 0.632348 0.0400391 0.0536044 0.0800781 1.76289e-05
0 0.360998 0.808594 0.0602588 0.171875 1.76343e-05
0 0.789094 0.312826 0.0380776 0.10612 1.76406e-05
0 0.429205 0.0240885 0.0436229 0.0481771 1.76407e-05
0 0.862847 0.482096 0.0598891 0.110026 1.76667e-05
0 0.286506 0.394857 0.0406654 0.0983073 1.77105e-05
0 0.787616 0.438802 0.0425139 0.110677 1.77592e-05
0 0.669871 0.0214844 0.0465804 0.0429688 1.78687e-05
0 0.914048 0.164062 0.0743068 0.170573 1.80161e-05
0 0.468207 0.811198 0.0462107 0.145833 1.80473e-05
0 0.780961 0.482422 0.0787431 0.184896 1.80746e-05
0 0.238817 0.941732 0.0295749 0.116536 1.81181e-05
0 0.0645102 0.0247396 0.0499076 0.0494792 1.82111e-05
0 0.351571 0.958008 0.0391867 0.0839844 1.82742e-05
0 0.561183 0.836263 0.0384473 0.0957031 1.83053e-05
0 0.530684 0.603841 0.0351201 0.110026 1.83201e-05
0 0.254344 0.941732 0.0377079 0.0970052 1.84007e-05
0 0.186691 0.530273 0.0436229 0.104818 1.84847e-05
0 0.390018 0.976562 0.0377079 0.046875 1.84907e-05
0 0.368392 0.0214844 0.0439926 0.0429688 1.85469e-05
0 0.999815 1 0.000369686 0 1.85677e-05
0 0.00942699 0.482747 0.018854 0.130859 1.85735e-05
0 0.413124 0.220052 0.0617375 0.0950521 1.85775e-05
0 0.061183 0.169271 0.0624769 0.11849 1.86126e-05
0 0.130129 0.840495 0.0828096 0.135417 1.86525e-05
0 0.752495 0.970052 0.0144177 0.0598958 1.86794e-05
0 0.789834 0.526367 0.0395564 0.115234 1.86952e-05
0 0.836599 0.661133 0.0428835 0.110026 1.87008e-05
0 0.418854 0.633789 0.0347505 0.107422 1.87283e-05
0 0.936044 0.748698 0.0436229 0.126302 1.8746e-05
0 0.692976 0.891927 0.0580407 0.188802 1.88023e-05
0 0.90647 0.651367 0.0510166 0.186849 1.88685e-05
0 0.936599 0.791016 0.0528651 0.115885 1.88956e-05
0 0.406469 0.0530599 0.0417745 0.10612 1.89448e-05
0 0.805915 0.823568 0.0650647 0.19401 1.89499e-05
0 0.300924 0.165365 0.0561922 0.101562 1.89799e-05
0 0.839741 0.472331 0.0654344 0.141276 1.90686e-05
0 0.268946 0.945312 0.0314233 0.109375 1.9075e-05
0 0.488725 0.218099 0.0591497 0.0950521 1.90876e-05
0 0.886137 0.484049 0.0495379 0.117839 1.91157e-05
0 0.562477 0.908203 0.0439926 0.113281 1.91567e-05
0 0.938262 0.340495 0.071719 0.13151 1.91777e-05
0 0.861553 0.39388 0.0506469 0.110677 1.92452e-05
0 0.948983 0.928711 0.071719 0.136068 1.92645e-05
0 0.320887 0.936849 0.0968577 0.126302 1.92965e-05
0 0.0513863 0.666992 0.0613678 0.162109 1.9437e-05
0 0.896488 0.577799 0.0591497 0.146484 1.94764e-05
0 0.302218 0.501953 0.0609982 0.201823 1.95459e-05
0 0.763031 0.705078 0.0428835 0.0950521 1.95626e-05
0 0.181701 0.273112 0.0580407 0.110026 1.95818e-05
0 0.2939 0.429036 0.0502773 0.110677 1.96503e-05
0 0.238632 0.528646 0.038817 0.102865 1.96536e-05
0 0.662847 0.87793 0.0443623 0.0996094 1.9672e-05
0 0.435675 0.645508 0.0358595 0.166016 1.96818e-05
0 0.191497 0.223633 0.0709797 0.115234 1.97264e-05
0 0.237893 0.486003 0.0395564 0.0970052 1.98225e-05
0 0.442884 0.938151 0.0391867 0.121094 1.98302e-05
0 0.704251 0.930339 0.0451017 0.139323 1.98824e-05
0 0.00794824 0.378906 0.0158965 0.119792 1.98975e-05
0 0.339556 0.222982 0.0624769 0.0957031 1.99139e-05
0 0.166728 0.943685 0.0451017 0.11263 1.99208e-05
0 0.618484 0.938151 0.0310536 0.123698 1.99237e-05
0 0.360813 0.839844 0.0451017 0.09375 1.99265e-05
0 0.435675 0.354818 0.0395564 0.102865 1.99415e-05
0 0.298336 0.268229 0.0561922 0.106771 1.99902e-05
0 0.979482 0.869792 0.0410351 0.128906 2.00079e-05
0 0.763956 0.355794 0.0432532 0.107422 2.00146e-05
0 0.425508 0.975911 0.019963 0.0481771 2.00152e-05
0 0.763216 0.617839 0.0358595 0.0976562 2.00241e-05
0 0.730684 0.338542 0.0499076 0.1875 2.01598e-05
0 0.693346 0.768555 0.044732 0.117839 2.0169e-05
0 0.481331 0.166016 0.0465804 0.10026 2.02382e-05
0 0.786691 0.662435 0.0391867 0.0970052 2.03072e-05
0 0.981885 0.668294 0.0362292 0.223307 2.03233e-05
0 0.356377 0.98112 0.0665434 0.0377604 2.04435e-05
0 0.986322 0.128581 0.0273567 0.120443 2.04821e-05
0 0.0584104 0.565104 0.0680222 0.195312 2.05088e-05
0 0 0.980469 0 0.0390625 2.05331e-05
0 0.761368 0.525391 0.0402957 0.109375 2.05719e-05
0 0.335675 0.839844 0.0451017 0.09375 2.05877e-05
0 0.259335 0.483073 0.0439926 0.09375 2.06115e-05
0 0.78817 0.75 0.0451017 0.101562 2.06118e-05
0 0.0114603 0.140625 0.0229205 0.210938 2.07229e-05
0 0.305176 0.938802 0.0417745 0.122396 2.07306e-05
0 0.436414 0.878255 0.038817 0.0963542 2.0775e-05
0 0.586137 0.835612 0.0402957 0.0983073 2.07818e-05
0 0.392052 0.47819 0.0454713 0.202474 2.08044e-05
0 0.936414 0.833333 0.0414048 0.119792 2.08079e-05
0 0.0144177 0.337565 0.0288355 0.225911 2.08542e-05
0 0.553789 0.205078 0.0931608 0.151042 2.08629e-05
0 0.512754 0.984049 0.0236599 0.031901 2.09545e-05
0 0.488355 0.0240885 0.0436229 0.0481771 2.09834e-05
0 0.625323 0.325521 0.044732 0.115885 2.1059e-05
0 0.836599 0.617188 0.0436229 0.110677 2.11233e-05
0 0.508503 0.715169 0.0358595 0.172526 2.11924e-05
0 0.499076 0.86556 0.051756 0.121745 2.1216e-05
0 0.393161 0.931315 0.0351201 0.13737 2.13049e-05
0 0.180961 0.919596 0.0543438 0.160807 2.13051e-05
0 0.54159 0.270508 0.0539741 0.0996094 2.13971e-05
0 0.563401 0.360677 0.0399261 0.10026 2.15506e-05
0 0.405176 0.449544 0.0480592 0.166016 2.15507e-05
0 0.978928 0.577799 0.0391867 0.142578 2.16124e-05
0 0.812939 0.572917 0.0399261 0.111979 2.17791e-05
0 0.909797 0.367839 0.0768946 0.16276 2.187e-05
0 0.0173752 1 0.0347505 0 2.18829e-05
0 0.643808 0.472005 0.0506469 0.190104 2.19401e-05
0 0.0628466 0.267578 0.0643253 0.114583 2.19408e-05
0 0.386322 0.839518 0.0421442 0.0970052 2.19697e-05
0 0.0136784 0.0367839 0.0273567 0.0735677 2.19891e-05
0 0.762847 0.438477 0.0402957 0.103516 2.20385e-05
0 0.985767 0.0638021 0.0284658 0.127604 2.20581e-05
0 0.41183 0.877604 0.0406654 0.0963542 2.21173e-05
0 0.121996 0.594076 0.0768946 0.139974 2.21256e-05
0 0.644732 0.777995 0.0406654 0.117188 2.21637e-05
0 0.773752 0.344076 0.0865065 0.171224 2.21893e-05
0 0.809427 0.439128 0.0402957 0.111328 2.22255e-05
0 0.357671 0.265951 0.0550832 0.104818 2.22426e-05
0 0.685952 0.952474 0.096488 0.0950521 2.2247e-05
0 0.931793 0.0377604 0.0573013 0.0755208 2.23648e-05
0 0.838078 0.528971 0.0465804 0.119141 2.24328e-05
0 0.0452865 0.966471 0.0454713 0.0670573 2.24409e-05
0 0.761738 0.832357 0.0484288 0.0957031 2.24831e-05
0 0.380407 0.94043 0.0990758 0.119141 2.26024e-05
0 0.547874 0.0211589 0.0443623 0.0423177 2.26248e-05
0 0.787985 0.70638 0.0402957 0.0976562 2.26446e-05
0 0.351017 0.429688 0.0439926 0.110677 2.26879e-05
0 0.292052 0.695638 0.0584104 0.100911 2.27557e-05
0 0.381885 0.967773 0.0672828 0.0644531 2.27711e-05
0 0.809612 0.482747 0.0502773 0.113932 2.28188e-05
0 0.74695 0.979818 0.0669131 0.0403646 2.2834e-05
0 0.745656 0.958659 0.0709797 0.0826823 2.28621e-05
0 0.0219963 0.643555 0.0432532 0.13737 2.28912e-05
0 0.804436 0.968099 0.0125693 0.0638021 2.29097e-05
0 0.885028 0.352865 0.0495379 0.104167 2.2935e-05
0 0.812939 0.662109 0.0399261 0.104167 2.30898e-05
0 0.92403 0.0589193 0.0787431 0.117839 2.31186e-05
0 0.763031 0.796224 0.0465804 0.0989583 2.31674e-05
0 0.712569 0.223633 0.0676525 0.10612 2.32063e-05
0 0.980222 0.367188 0.0395564 0.204427 2.32109e-05
0 0.986137 0.249349 0.0277264 0.205729 2.3233e-05
0 0.49427 0.615885 0.0214418 0.0911458 2.32342e-05
0 0.0253235 0.337565 0.0506469 0.134766 2.32585e-05
0 0.783549 0.223307 0.0683919 0.110677 2.32672e-05
0 0.538632 0.169271 0.0473198 0.0976562 2.32708e-05
0 0.91183 0.705404 0.0432532 0.136068 2.33133e-05
0 0.814233 0.618164 0.0395564 0.104818 2.33304e-05
0 0.0112754 0.666016 0.0225508 0.175781 2.33994e-05
0 0.21146 0.948242 0.0687615 0.103516 2.34683e-05
0 0.568577 0.403971 0.0584104 0.180339 2.34728e-05
0 0.655083 0.328776 0.0406654 0.115885 2.35373e-05
0 0.386506 0.877279 0.0439926 0.093099 2.35896e-05
0 0.762292 0.660482 0.0406654 0.0957031 2.36176e-05
0 0.00831793 0.251953 0.0166359 0.140625 2.36725e-05
0 0.463401 0.971354 0.0232902 0.0572917 2.3704e-05
0 0.986506 0.0869141 0.0240296 0.119141 2.37544e-05
0 0.565989 0.216471 0.0606285 0.0996094 2.37693e-05
0 0.75915 0.959961 0.0321627 0.0800781 2.37918e-05
0 0.778743 0.969076 0.012939 0.061849 2.37963e-05
0 0.986137 0.173177 0.0277264 0.115885 2.39196e-05
0 0.860813 0.57194 0.0484288 0.117839 2.39914e-05
0 0.470055 0.607747 0.0232902 0.0970052 2.40036e-05
0 0.602033 0.275391 0.0573013 0.102865 2.40922e-05
0 0.866174 0.22526 0.0709797 0.110677 2.4099e-05
0 0.859889 0.751953 0.0480592 0.122396 2.41015e-05
0 0.913678 0.485352 0.0506469 0.120443 2.41043e-05
0 0.435675 0.837891 0.038817 0.0950521 2.41664e-05
0 0.00924214 0.430664 0.0184843 0.123047 2.45675e-05
0 0.207579 0.576172 0.0439926 0.10026 2.46087e-05
0 0.836599 0.707682 0.0436229 0.108073 2.46096e-05
0 0.64159 0.220052 0.0654344 0.10026 2.4637e-05
0 0.677264 0.366862 0.0695009 0.227214 2.46723e-05
0 0.837153 0.573568 0.0454713 0.115885 2.48013e-05
0 0.627726 0.665039 0.0621072 0.113932 2.48413e-05
0 0.615342 0.039388 0.0609982 0.078776 2.49904e-05
0 0.985952 0.919922 0.0236599 0.130208 2.49994e-05
0 0.956377 0.820312 0.0872458 0.147135 2.52935e-05
0 0.34122 0.352865 0.0621072 0.132812 2.53069e-05
0 0.810166 0.526693 0.0417745 0.117188 2.54122e-05
0 0.761183 0.935872 0.0746765 0.128255 2.5453e-05
0 0.61183 0.359375 0.0421442 0.102865 2.55917e-05
0 1 0.995117 0 0.00976562 2.56545e-05
0 0.30037 0.379232 0.0543438 0.125651 2.56796e-05
0 0.447135 0.953451 0.0950092 0.093099 2.57086e-05
0 0.738078 0.44043 0.0439926 0.100911 2.57373e-05
0 0.980961 0.970378 0.0380776 0.0592448 2.57682e-05
0 0.787616 0.355143 0.0410351 0.110026 2.57893e-05
0 0.41793 0.983073 0.064695 0.0338542 2.59609e-05
0 0.587061 0.361654 0.0414048 0.0983073 2.60042e-05
0 0.336969 0.876953 0.0454713 0.0911458 2.60368e-05
0 0.686691 0.877279 0.044732 0.103516 2.60831e-05
0 0.986876 0.0611979 0.0262477 0.122396 2.61045e-05
0 0.0229205 0.0527344 0.045841 0.105469 2.6211e-05
0 0.0380776 0.978516 0.0465804 0.0429688 2.62423e-05
0 0.986506 0.95638 0.0269871 0.0872396 2.62601e-05
0 0.735305 0.833984 0.0487985 0.0989583 2.64962e-05
0 0.987061 0.219727 0.0243993 0.116536 2.65298e-05
0 0.366543 0.958333 0.0373383 0.0833333 2.65607e-05
0 0.655268 0.938477 0.0365989 0.115234 2.65934e-05
0 0.0170055 0.967773 0.0340111 0.0644531 2.66213e-05
0 0.263771 0.532227 0.0462107 0.102214 2.66571e-05
0 0.977449 0.264974 0.0414048 0.141927 2.67333e-05
0 0.0181146 1 0.0362292 0 2.68385e-05
0 0.438447 0.974609 0.019963 0.0507812 2.70162e-05
0 0.986322 0.776693 0.0273567 0.21224 2.71225e-05
0 0.361553 0.87793 0.045841 0.0904948 2.71948e-05
0 0.980776 0.773763 0.0384473 0.138672 2.72596e-05
0 0.00961183 0.351237 0.0192237 0.132161 2.73875e-05
0 0.860444 0.314453 0.0469501 0.102865 2.75174e-05
0 0.411091 0.838542 0.0414048 0.0976562 2.76187e-05
0 0.544177 0.924805 0.0621072 0.150391 2.76711e-05
0 0.941035 0.224284 0.0676525 0.133464 2.76858e-05
0 0.661922 0.83724 0.0454713 0.0989583 2.78353e-05
0 0.686691 0.837891 0.0469501 0.10026 2.79153e-05
0 0.388725 0.397135 0.0402957 0.0989583 2.79704e-05
0 0.986691 0.047526 0.0266174 0.0911458 2.79825e-05
0 0.838078 0.394531 0.045841 0.109375 2.80083e-05
0 0.703882 0.574219 0.0377079 0.105469 2.82632e-05
0 0.852865 0.264974 0.0746765 0.15625 2.82928e-05
0 0.300739 0.976237 0.0343808 0.047526 2.83073e-05
0 0.861368 0.528646 0.0502773 0.11849 2.8465e-05
0 0.656562 0.958659 0.0672828 0.0826823 2.85255e-05
0 0.804067 0.96224 0.0295749 0.0755208 2.85678e-05
0 0.25915 0.928385 0.107209 0.143229 2.88331e-05
0 0.769501 0.402669 0.0580407 0.184245 2.88954e-05
0 0.708872 0.692057 0.0609982 0.139323 2.89443e-05
0 0.114418 0.481445 0.0713494 0.125651 2.91759e-05
0 0.811645 0.313151 0.0373383 0.10026 2.92033e-05
0 0.462662 0.863932 0.0550832 0.121094 2.94254e-05
0 0.986506 0.351562 0.0269871 0.11849 2.94737e-05
0 0.330129 0.936198 0.0406654 0.127604 2.94909e-05
0 0.722736 0.277995 0.0569316 0.0976562 2.95098e-05
0 0.625878 0.958659 0.0672828 0.0826823 2.95708e-05
0 0.250647 0.487956 0.0754159 0.158203 2.96666e-05
0 0.804621 0.954102 0.0713494 0.0917969 2.97026e-05
0 0.0556377 0.40332 0.044732 0.102214 2.97346e-05
0 0.523475 0.448568 0.0391867 0.13151 2.98163e-05
0 0.788355 0.796224 0.0476895 0.0989583 3.00529e-05
0 0.188909 0.653646 0.0414048 0.0976562 3.00855e-05
0 0.0229205 0.714193 0.045841 0.153646 3.03974e-05
0 0.00924214 0.769206 0.0184843 0.158203 3.04578e-05
0 0.354713 0.390951 0.0543438 0.13737 3.04695e-05
0 0.987616 0.307617 0.0247689 0.11263 3.05029e-05
0 0.429575 0.427409 0.0502773 0.120443 3.06251e-05
0 0.560628 0.960286 0.0957486 0.0794271 3.06441e-05
0 0.528651 0.938477 0.051756 0.123047 3.07123e-05
0 0.664695 0.278971 0.0561922 0.0983073 3.08614e-05
0 0.84159 0.941081 0.0373383 0.110026 3.09123e-05
0 0.629945 0.940104 0.0332717 0.109375 3.09417e-05
0 0.568392 0.744141 0.0358595 0.153646 3.09785e-05
0 0.360259 0.666016 0.0484288 0.166667 3.0987e-05
0 0.910721 0.265951 0.0735675 0.173828 3.09954e-05
0 0.461553 0.397135 0.0417745 0.0989583 3.09982e-05
0 0.777264 0.956055 0.0728281 0.0878906 3.11416e-05
0 0.81183 0.707682 0.0428835 0.101562 3.12134e-05
0 0.534011 0.986328 0.0536044 0.0273438 3.13558e-05
0 0.330869 0.466471 0.0495379 0.146484 3.14753e-05
0 0.00609982 0.984049 0.0121996 0.031901 3.16657e-05
0 0.791312 0.27181 0.0669131 0.141276 3.17471e-05
0 0.0543438 0.956055 0.051756 0.0878906 3.17997e-05
0 0.810721 0.795247 0.0451017 0.10612 3.2044e-05
0 0.837523 0.750977 0.0462107 0.11263 3.22014e-05
0 0.812015 0.750326 0.0432532 0.10612 3.23715e-05
0 0.619224 0.769857 0.0384473 0.129557 3.24158e-05
0 0.262477 0.96875 0.0665434 0.0625 3.27935e-05
0 0.0606285 0.389648 0.0783734 0.151693 3.28292e-05
0 0.415527 0.957031 0.063586 0.0859375 3.28806e-05
0 0.837893 0.794922 0.0499076 0.108073 3.29323e-05
0 0.636784 0.359049 0.0380776 0.107422 3.3331e-05
0 0.455083 0.455078 0.0406654 0.15625 3.3391e-05
0 0.988355 0.623047 0.0232902 0.190104 3.37776e-05
0 0.108872 0.985026 0.0358595 0.0299479 3.37911e-05
0 0.764695 0.397135 0.0432532 0.10026 3.38575e-05
0 0.501664 0.964193 0.097597 0.0716146 3.388e-05
0 0.71719 0.940104 0.0391867 0.119792 3.39972e-05
0 0.294085 0.633789 0.0454713 0.11263 3.40197e-05
0 0.71756 0.89388 0.0487985 0.140625 3.41881e-05
0 0.985952 0.469076 0.0280961 0.212891 3.42136e-05
0 0.987616 0.263672 0.0247689 0.110677 3.43484e-05
0 0.285767 0.924154 0.0502773 0.151693 3.45423e-05
0 0.324584 0.429688 0.0480592 0.106771 3.45632e-05
0 0.326433 0.982096 0.0650647 0.0358073 3.45894e-05
0 0.211275 0.929688 0.0462107 0.111979 3.4665e-05
0 0.358965 0.764648 0.0354898 0.104818 3.48917e-05
0 0.723475 0.985677 0.0369686 0.0286458 3.49109e-05
0 0.678558 0.495768 0.0432532 0.120443 3.509e-05
0 0.607394 0.957682 0.0421442 0.0846354 3.52155e-05
0 0.861553 0.956706 0.0380776 0.0865885 3.54268e-05
0 0.663771 0.360677 0.044732 0.109375 3.54612e-05
0 0.580407 0.548828 0.0465804 0.138021 3.55126e-05
0 0.809797 0.396159 0.0425139 0.104818 3.55391e-05
0 0.500924 0.968424 0.0295749 0.063151 3.57538e-05
0 0.59353 0.382161 0.0617375 0.182292 3.57613e-05
0 0 0.047526 0 0.0950521 3.59723e-05
0 0.688725 0.581706 0.0414048 0.152995 3.60076e-05
0 0.979482 0.0426432 0.0410351 0.0852865 3.61239e-05
0 0.936044 0.985677 0.0391867 0.0286458 3.62133e-05
0 0.986876 0.931641 0.0262477 0.136719 3.6258e-05
0 0.380037 0.937826 0.0391867 0.124349 3.66215e-05
0 0.00868762 0.863607 0.0173752 0.146484 3.67028e-05
0 0.00998152 0.947591 0.019963 0.104818 3.67443e-05
0 0.680407 0.936198 0.0425139 0.127604 3.73014e-05
0 0.710906 0.836263 0.0451017 0.100911 3.73725e-05
0 0.722181 0.816406 0.0602588 0.177083 3.74034e-05
0 0.819039 0.963216 0.0277264 0.0735677 3.74911e-05
0 0.712939 0.972982 0.0195933 0.0540365 3.75548e-05
0 0.494085 0.695312 0.0225508 0.128906 3.7579e-05
0 0.743068 0.941081 0.0340111 0.0996094 3.76357e-05
0 0.631423 0.58724 0.031793 0.16276 3.76463e-05
0 0.786322 0.394857 0.0428835 0.107422 3.77855e-05
0 0.830314 0.896484 0.0428835 0.138021 3.84464e-05
0 0.539556 0.396159 0.044732 0.093099 3.87523e-05
0 0.785952 0.920247 0.0746765 0.159505 3.93744e-05
0 0.921442 0.950195 0.044732 0.0996094 3.94121e-05
0 0.0133087 0.861003 0.0266174 0.197266 3.94344e-05
0 0.736229 0.395182 0.0454713 0.0976562 3.95785e-05
0 0.0262477 0.388021 0.045841 0.122396 3.96402e-05
0 0.990203 0.03125 0.0195933 0.0625 3.97714e-05
0 0.38817 0.443034 0.0421442 0.094401 4.02701e-05
0 0.596488 0.981445 0.0654344 0.0371094 4.08104e-05
0 0.43586 0.39681 0.0414048 0.0970052 4.12611e-05
0 0.683919 0.335612 0.0421442 0.111328 4.12991e-05
0 0.737338 0.488607 0.0439926 0.104818 4.13371e-05
0 0.51756 0.972982 0.0340111 0.0540365 4.20406e-05
0 1 0.0384115 0 0.0768229 4.20447e-05
0 0.632717 0.402344 0.0580407 0.179688 4.22076e-05
0 0.743623 0.958659 0.0351201 0.0826823 4.28223e-05
0 0.0219963 0.945638 0.0439926 0.108724 4.31433e-05
0 0.448059 0.982747 0.063586 0.0345052 4.32157e-05
0 0.50573 0.611654 0.0369686 0.152995 4.35468e-05
0 0.413309 0.396484 0.0406654 0.0976562 4.40185e-05
0 0.391312 0.660482 0.0351201 0.110026 4.43051e-05
0 0.855638 0.929688 0.0454713 0.140625 4.45019e-05
0 0.891497 0.963867 0.0380776 0.0722656 4.52451e-05
0 0.861922 0.352539 0.0521257 0.100911 4.56351e-05
0 0.0480592 0.584635 0.0591497 0.115885 4.57311e-05
0 0.904806 0.957682 0.0439926 0.0846354 4.58832e-05
0 0.62902 0.976888 0.0454713 0.046224 4.62467e-05
0 0.0107209 0.0240885 0.0214418 0.0481771 4.65263e-05
0 0.412384 0.373698 0.0624769 0.123698 4.6864e-05
0 0.986322 0.437826 0.0273567 0.120443 4.79769e-05
0 0.662847 0.409505 0.0584104 0.186198 4.80824e-05
0 0.810536 0.348307 0.0425139 0.10026 4.81498e-05
0 0.504251 0.954102 0.0473198 0.0917969 4.83357e-05
0 0.837338 0.315104 0.0436229 0.0963542 4.88851e-05
0 0.456007 0.719076 0.0284658 0.115234 4.92974e-05
0 0.0733826 0.94694 0.0543438 0.10612 4.96789e-05
0 0.986137 0.663411 0.0218115 0.143229 5.0203e-05
0 0.745287 0.566732 0.0643253 0.179036 5.06751e-05
0 0.028281 0.583333 0.0565619 0.158854 5.08119e-05
0 0.48854 0.968099 0.0255083 0.0638021 5.10323e-05
0 0.451017 0.972331 0.0221811 0.0553385 5.12446e-05
0 0.544177 0.720378 0.0369686 0.130859 5.17571e-05
0 0.0107209 0.598307 0.0214418 0.170573 5.22813e-05
0 0.471719 0.951172 0.0510166 0.0976562 5.27219e-05
0 0.010536 0.99707 0.0210721 0.00585938 5.46221e-05
0 0.407209 0.657878 0.0351201 0.145182 5.46828e-05
0 0.825878 0.943359 0.0288355 0.113281 5.53851e-05
0 0.649168 0.752604 0.0643253 0.164062 5.60498e-05
0 0.373567 0.764974 0.0365989 0.128906 5.62597e-05
0 0.717375 0.982096 0.0639556 0.0358073 5.81285e-05
0 0.119409 0.942383 0.0480592 0.115234 5.8199e-05
0 0.411091 0.95931 0.0332717 0.0813802 5.87e-05
0 0.479482 0.695638 0.0214418 0.136068 5.89502e-05
0 0.986506 0.792643 0.0218115 0.134766 5.9014e-05
0 0.33549 0.956706 0.038817 0.0865885 6.06366e-05
0 0.426063 0.95931 0.0336414 0.0813802 6.1227e-05
0 0.416451 0.448893 0.0417745 0.100911 6.17216e-05
0 0.475046 0.597005 0.0273567 0.179688 6.28421e-05
0 0.31719 0.500326 0.0465804 0.138672 6.40747e-05
0 0.658595 0.97819 0.0462107 0.0436198 6.44265e-05
0 0.0218115 0.840495 0.0436229 0.126302 6.52204e-05
0 0.275231 0.622721 0.0713494 0.193359 6.57797e-05
0 0.165065 0.965495 0.0299445 0.0690104 6.59142e-05
0 0.986876 0.396484 0.0225508 0.128906 6.7063e-05
0 0.839372 0.351888 0.0454713 0.0983073 6.70977e-05
0 0.0857671 0.986328 0.0436229 0.0273438 6.72479e-05
0 0.986137 0.0169271 0.0277264 0.0338542 6.76344e-05
0 0.48281 0.382487 0.089464 0.150391 6.81108e-05
0 0.390573 0.560221 0.0247689 0.14388 6.92741e-05
0 0.665619 0.773438 0.0558226 0.114583 6.97666e-05
0 0.665619 0.680339 0.0595194 0.11849 7.07112e-05
0 0.419963 0.721029 0.0340111 0.149089 7.22455e-05
0 0.192421 0.941406 0.0373383 0.109375 7.33131e-05
0 0.774307 0.95931 0.0306839 0.0813802 7.3433e-05
0 0.675786 0.577148 0.0325323 0.107422 7.5325e-05
0 0.961553 0.987305 0.0451017 0.0253906 7.58824e-05
0 0.546211 0.411784 0.0720887 0.149089 7.83414e-05
0 0.44658 0.540039 0.0273567 0.113932 7.91789e-05
0 0.714603 0.386719 0.0687615 0.153646 7.95639e-05
0 0.98854 0.405924 0.0229205 0.197266 7.99375e-05
0 0.289649 0.510091 0.0573013 0.126953 8.083e-05
0 0.986691 0.484375 0.0221811 0.13151 8.18261e-05
0 0.370425 0.561198 0.0369686 0.128906 8.35594e-05
0 0.565989 0.981445 0.0621072 0.0371094 8.61212e-05
0 0.56488 0.397135 0.0451017 0.0950521 8.74477e-05
0 0.0247689 0.986328 0.0495379 0.0273438 8.79805e-05
0 0.319963 0.958659 0.0365989 0.0826823 8.82953e-05
0 0.648799 0.378255 0.0643253 0.119792 8.85444e-05
0 0.687246 0.978841 0.0473198 0.0423177 9.22873e-05
0 0.788725 0.959961 0.0299445 0.0800781 9.24082e-05
0 0.483734 0.41276 0.0506469 0.13151 9.38244e-05
0 0.757856 0.489583 0.0598891 0.153646 9.42016e-05
0 0.467837 0.44043 0.0499076 0.113932 9.43242e-05
0 0.44085 0.957682 0.038817 0.0846354 9.61076e-05
0 0.98817 0.982096 0.0236599 0.0358073 9.76868e-05
0 0.00961183 1 0.0192237 0 9.85484e-05
0 0.484843 0.952148 0.0476895 0.0957031 0.000100142
0 0.475046 0.980143 0.0539741 0.0397135 0.000100821
0 0.33586 0.727539 0.0772643 0.129557 0.000100991
0 0.728835 0.537109 0.0573013 0.128906 0.0001024
0 0.712569 0.954427 0.0395564 0.0911458 0.000103298
0 0.504436 0.980794 0.0565619 0.0384115 0.00010512
0 0.012939 0.921875 0.025878 0.15625 0.000106063
0 0.016451 0.534831 0.032902 0.156901 0.00010607
0 0.0338262 0.517253 0.0676525 0.193359 0.000106362
0 0.591497 0.953776 0.0443623 0.0924479 0.000106628
0 0.587616 0.397461 0.0454713 0.0970052 0.000111359
0 0.637338 0.399414 0.0399261 0.0983073 0.000113182
0 0.589834 0.969401 0.0247689 0.0611979 0.000113523
0 0.0157116 0.411784 0.0314233 0.142578 0.000113749
0 0.727542 0.956055 0.0406654 0.0878906 0.000115169
0 0.13586 0.950195 0.0462107 0.0996094 0.000115367
0 0.988909 0.535482 0.0221811 0.188151 0.000118753
0 0.554529 0.96875 0.0340111 0.0625 0.000119247
0 0.658226 0.575195 0.0402957 0.102214 0.000119557
0 0.696118 0.953125 0.0451017 0.09375 0.000120399
0 0.0661738 0.469076 0.0443623 0.145182 0.000120547
0 0.6 0.648438 0.0421442 0.115885 0.000121771
0 0.490203 0.522135 0.0243993 0.139323 0.000122645
0 0.00924214 0.986003 0.0184843 0.0279948 0.000126207
0 0.713863 0.5625 0.0280961 0.139323 0.000128263
0 0.619963 0.472656 0.0340111 0.165365 0.000131229
0 0.455638 0.954427 0.0425139 0.0911458 0.000131506
0 0.87671 0.961914 0.0358595 0.0761719 0.000133452
0 0.614603 0.419271 0.0513863 0.115885 0.000135674
0 0.98854 0.845052 0.0229205 0.191406 0.000137223
0 0.430869 0.717773 0.0247689 0.133464 0.000139708
0 0.476525 0.968099 0.0251386 0.0638021 0.000154805
0 0.580037 0.721354 0.0414048 0.15625 0.000156014
0 0.526987 0.963867 0.032902 0.0722656 0.000159222
0 0.579298 0.970052 0.0310536 0.0598958 0.000159486
0 0.0184843 0.470378 0.0369686 0.147786 0.000161346
0 0.55305 0.644531 0.0303142 0.109375 0.000166666
0 0.543438 0.958984 0.0443623 0.0820312 0.000169236
0 0.541775 0.55957 0.0343808 0.150391 0.000170517
0 0.0438078 0.559896 0.0402957 0.0989583 0.00017187
0 0.657301 0.430664 0.0443623 0.093099 0.000179563
0 0.193161 0.600586 0.0543438 0.121745 0.00018013
0 0.0432532 0.478841 0.057671 0.111328 0.000187731
0 0.704067 0.429688 0.0499076 0.10026 0.000191375
0 0.604067 0.47526 0.0451017 0.151042 0.000191803
0 0.0421442 0.408529 0.0436229 0.134766 0.000193846
0 0.442514 0.454427 0.0399261 0.114583 0.000199342
0 0.947874 0.948893 0.0436229 0.102214 0.00019945
0 0.589094 0.584961 0.0454713 0.136068 0.000212648
0 0.638262 0.439453 0.0425139 0.0911458 0.000212928
0 0.721627 0.355143 0.0421442 0.119141 0.000220541
0 0.539926 0.441732 0.0432532 0.110026 0.00022896
0 0.580591 0.432617 0.0469501 0.108724 0.000248809
0 0.567468 0.967773 0.0332717 0.0644531 0.000251622
0 0.15305 0.944987 0.0465804 0.110026 0.000265731
0 0.388909 0.762695 0.0532348 0.198568 0.000276793
0 0.67024 0.397786 0.0547135 0.0976562 0.000308202
0 0.0451017 0.516927 0.0487985 0.11849 0.000327135
0 0.349538 0.738281 0.0373383 0.157552 0.000328886
0 0.989094 0.713216 0.0218115 0.210286 0.000354325
0 0.480592 0.639323 0.0221811 0.109375 0.000356224
0 0.7061 0.505534 0.0451017 0.128255 0.000379998
0 0.509797 0.441732 0.0347505 0.111328 0.000432651
0 0.0308688 0.440755 0.0617375 0.170573 0.00045004
0 0.559889 0.949219 0.0476895 0.101562 0.000455681
0 0.0528651 0.44401 0.0443623 0.0989583 0.000541455
0 0.718854 0.49056 0.0410351 0.130859 0.000595752
0 0.714418 0.398763 0.0484288 0.0957031 0.000599592
0 0.27597 0.57194 0.0573013 0.142578 0.000620772
0 0.607763 0.714518 0.0524954 0.14388 0.000634948
0 0.567468 0.458008 0.0465804 0.116536 0.000645412
0 0.528651 0.634115 0.0243993 0.111979 0.000700794
0 0.0613678 0.972005 0.0369686 0.0559896 0.000802813
0 0.520333 0.523112 0.0292052 0.126953 0.000817696
0 0.332717 0.515299 0.0406654 0.136068 0.00103944
0 0.325139 0.649414 0.0669131 0.164714 0.00104787
0 0.462662 0.737305 0.0469501 0.186849 0.00115748
0 0.634381 0.56543 0.0621072 0.125651 0.00118512
0 0.465619 0.486328 0.0410351 0.15625 0.00135325
0 0.532532 0.695312 0.0262477 0.16276 0.00162201
0 0.560998 0.531576 0.0336414 0.125651 0.0016862
0 0.579298 0.653646 0.031793 0.134115 0.00180183
0 0.616821 0.521484 0.0439926 0.148438 0.00222104
0 0.557116 0.483724 0.0347505 0.13151 0.00278395
0 0.636599 0.52474 0.0436229 0.153646 0.00293241
0 0.679852 0.546549 0.0524954 0.13737 0.00337822
0 0.599076 0.518555 0.0417745 0.134766 0.0043742
0 0.591682 0.695638 0.0351201 0.176432 0.00642502
0 0.384288 0.705404 0.0425139 0.16862 0.0068429
0 0.692237 0.399414 0.0558226 0.149089 0.00705695
0 0.42976 0.569987 0.0321627 0.195964 0.00915951
0 0.323845 0.549479 0.0473198 0.147135 0.0178691
0 0.442514 0.690755 0.0473198 0.173177 0.0236129
0 0.568762 0.627279 0.0380776 0.163411 0.0254637
0 0.538078 0.635742 0.0292052 0.171224 0.0385872
0 0.477634 0.557292 0.0813309 0.341146 0.0594166
0 0.41183 0.539714 0.134566 0.196615 0.0599
0 0.40573 0.701497 0.0454713 0.167318 0.0641275
0 0.467652 0.672526 0.132348 0.148438 0.105403
0 0.560074 0.591797 0.0436229 0.347656 0.121501
0 0.406285 0.51888 0.0325323 0.171875 0.134149
0 0.555453 0.692383 0.038817 0.186849 0.188227
0 0.586506 0.688802 0.0868762 0.158854 0.200824
0 0.503882 0.660156 0.0591497 0.144531 0.220274
0 0.394824 0.697266 0.10647 0.151042 0.228826
0 0.337153 0.55013 0.126433 0.164062 0.243522
0 0.537338 0.672526 0.0757856 0.157552 0.258645
0 0.470425 0.666667 0.0528651 0.157552 0.273686
0 0.440481 0.509115 0.0306839 0.169271 0.290798
0 0.50037 0.508464 0.0462107 0.138021 0.32352
0 0.402218 0.52832 0.0680222 0.162109 0.376775
0 0.565619 0.510091 0.0569316 0.147786 0.377332
0 0.584288 0.502279 0.0506469 0.134766 0.631367
0 0.544177 0.672526 0.0310536 0.157552 0.743521
0 0.490018 0.654622 0.0210721 0.145182 0.747413
0 0.474492 0.662435 0.0225508 0.159505 0.749012
0 0.522736 0.672526 0.0280961 0.161458 0.764144
0 0.542329 0.50293 0.0303142 0.154297 0.784515
0 0.567837 0.683919 0.0303142 0.181641 0.78693
0 0.507024 0.657878 0.0255083 0.163411 0.795304
0 0.42403 0.51888 0.0340111 0.167969 0.803959
0 0.453789 0.669271 0.0292052 0.167969 0.819397
0 0.453235 0.505859 0.0325323 0.158854 0.821679
0 0.479852 0.495443 0.0377079 0.166667 0.831923
0 0.427911 0.680664 0.0351201 0.173828 0.846382
0 0.513124 0.49056 0.031793 0.173828 0.852686
0 0.652865 0.536133 0.0510166 0.156901 0.857127
0 0.379113 0.530924 0.0402957 0.172526 0.864308
0 0.366543 0.716146 0.0491682 0.169271 0.865154
0 0.344917 0.540039 0.0487985 0.152995 0.877407
0 0.633087 0.71875 0.0661738 0.153646 0.88169
0 0.697227 0.541016 0.0465804 0.140625 0.886205
0 0.681701 0.711589 0.0672828 0.154948 0.88795
0 0.295564 0.575846 0.0595194 0.162109 0.890098
