0 0.763673 0.0956376 0.0698448 0.153691 7.65259e-06
0 0.349409 0.921141 0.0757576 0.140268 7.65376e-06
0 0.636918 0.167785 0.0424982 0.116779 7.66199e-06
0 0.863452 0.618792 0.0535846 0.112752 7.66547e-06
0 0.393016 0.57047 0.0269771 0.0979866 7.67723e-06
0 0.186438 0.439262 0.0424982 0.114765 7.68442e-06
0 0.389505 0.976174 0.0739098 0.047651 7.69968e-06
0 0.607539 1 0.0133038 0 7.71053e-06
0 0.284922 0.980201 0.0362158 0.0395973 7.71382e-06
0 0.547302 1 0.0133038 0 7.71824e-06
0 0.586659 0.0328859 0.0388027 0.0657718 7.74612e-06
0 0.561899 0.0322148 0.0388027 0.0644295 7.74936e-06
0 0.419993 0.778188 0.0328899 0.0959732 7.76732e-06
0 0.912786 0.303691 0.052476 0.116107 7.81445e-06
0 0.161863 0.798658 0.0539542 0.116779 7.87461e-06
0 0.171286 0.973826 0.0203252 0.052349 7.87695e-06
0 0.88969 0.952349 0.0291944 0.095302 7.88347e-06
0 0.73762 1 0.0332594 0 7.90756e-06
0 0.836844 0.16745 0.0432373 0.113423 7.93998e-06
0 0.511456 0.0315436 0.0362158 0.0630872 8.00979e-06
0 0.762195 0.0338926 0.0424982 0.0677852 8.01073e-06
0 0.669993 0.65906 0.0354767 0.118121 8.01838e-06
0 0.592757 1 0.0133038 0 8.01999e-06
0 0.954915 1 0.0155211 0 8.03998e-06
0 0.744087 0.194966 0.0617147 0.196644 8.04727e-06
0 0.97561 0.0530201 0.0487805 0.10604 8.08009e-06
0 0.477827 0.419463 0.0436068 0.112752 8.08918e-06
0 0.768108 1 0.033629 0 8.09428e-06
0 0.906134 0.822819 0.09017 0.157047 8.11947e-06
0 0.15558 0.972819 0.0199557 0.0543624 8.12924e-06
0 0.833518 0.817785 0.0757576 0.136242 8.13182e-06
0 0.437731 0.348993 0.0388027 0.102013 8.13351e-06
0 0.619734 0.665436 0.0266075 0.152349 8.13761e-06
0 0.213415 0.256711 0.0417591 0.108054 8.15905e-06
0 0.912232 0.347315 0.0558019 0.120134 8.18077e-06
0 0.670362 0.782215 0.0384331 0.1 8.20838e-06
0 0.637657 1 0.0136733 0 8.2304e-06
0 0.886918 0.965101 0.0236511 0.0697987 8.23685e-06
0 0.63082 0.289262 0.0576497 0.226846 8.26517e-06
0 0.0310421 0.674497 0.0620843 0.252349 8.26885e-06
0 0.0218034 1 0.0288248 0 8.27848e-06
0 0.661493 1 0.0317812 0 8.29181e-06
0 0.687177 0.0325503 0.0402809 0.0651007 8.31808e-06
0 0.261271 0.615772 0.0458241 0.11745 8.31993e-06
0 0.394863 0.99094 0.0136733 0.0181208 8.32151e-06
0 0.424982 0.990604 0.0140429 0.0187919 8.34696e-06
0 0.526238 0.89698 0.0569106 0.155034 8.3531e-06
0 0.965817 0.848658 0.0417591 0.134899 8.35371e-06
0 0.959719 0.577852 0.0502587 0.142282 8.36151e-06
0 0.326312 0.775168 0.0436068 0.119463 8.37212e-06
0 0.0232816 0.58255 0.0465632 0.151678 8.37706e-06
0 0.522727 0.545638 0.0314117 0.126174 8.38744e-06
0 0.813747 0.21443 0.0428677 0.108054 8.38952e-06
0 0.188285 0.758725 0.0447154 0.116107 8.43271e-06
0 0.0561715 0.965436 0.0214339 0.0691275 8.43562e-06
0 0.260902 0.892617 0.11456 0.214765 8.44406e-06
0 0.324464 0.085906 0.0724316 0.128859 8.44962e-06
0 0.286031 0.0312081 0.0406504 0.0624161 8.46979e-06
0 1 0.360067 0 0.183221 8.478e-06
0 0.867886 0.88557 0.0484109 0.116107 8.52091e-06
0 0.464523 0.241946 0.067997 0.148322 8.55961e-06
0 0.886548 0.0338926 0.0413895 0.0677852 8.57493e-06
0 0.0219882 0.361409 0.0439763 0.238255 8.5758e-06
0 0.0112712 0.929866 0.0225425 0.126846 8.5787e-06
0 0.482446 0.818456 0.0321508 0.196644 8.62036e-06
0 0.305432 0.883893 0.0572801 0.143624 8.64066e-06
0 0.861789 0.0761745 0.0480414 0.102685 8.6734e-06
0 0.00979305 0.467785 0.0195861 0.154362 8.67712e-06
0 0.880266 1 0.014782 0 8.71382e-06
0 0.937177 0.439933 0.0465632 0.116107 8.71632e-06
0 0.34442 0.989597 0.0502587 0.0208054 8.73101e-06
0 0.161863 0.39396 0.045085 0.114094 8.74553e-06
0 0.316888 0.972483 0.0321508 0.0550336 8.75448e-06
0 0.594789 0.571141 0.0247598 0.0966443 8.79742e-06
0 0.186807 0.393289 0.0432373 0.111409 8.80733e-06
0 0.51201 0.213423 0.0328899 0.111409 8.81762e-06
0 0.00794531 0.0909396 0.0158906 0.134899 8.83285e-06
0 0.81578 0.912416 0.063932 0.175168 8.85887e-06
0 0.886179 0.0704698 0.0583888 0.107383 8.86137e-06
0 0.411493 0.348322 0.0388027 0.103356 8.8692e-06
0 0.562084 0.216107 0.0369549 0.120805 8.88615e-06
0 0.911123 0.665772 0.0572801 0.119463 8.88921e-06
0 0.185329 0.620805 0.0424982 0.110067 8.92731e-06
0 0.0295639 1 0.0362158 0 8.93461e-06
0 0.235957 0.0328859 0.0439763 0.0657718 8.93629e-06
0 0.544346 0.754362 0.0347376 0.142282 9.00385e-06
0 0.354582 0.745638 0.0424982 0.138255 9.00607e-06
0 0.187177 0.528524 0.0447154 0.116107 9.0616e-06
0 0.852919 0.622148 0.0805617 0.17047 9.09221e-06
0 0.895602 0.622148 0.0668884 0.131544 9.10084e-06
0 0.904472 0.719128 0.0846268 0.155034 9.10626e-06
0 0.136548 0.392617 0.0476718 0.115436 9.12628e-06
0 0.577421 1 0.0136733 0 9.14531e-06
0 0.469512 0.977181 0.0328899 0.0456376 9.14615e-06
0 0.530118 0.248658 0.0528455 0.220805 9.1565e-06
0 0.0225425 0.500336 0.045085 0.236913 9.18855e-06
0 0.626201 0.365101 0.0454545 0.12349 9.199e-06
0 0.46711 0.315772 0.0554324 0.145638 9.19965e-06
0 0.23762 0.612081 0.0421286 0.10604 9.20392e-06
0 0.204176 0.932886 0.04915 0.134228 9.23559e-06
0 0.272358 0.876175 0.0620843 0.196644 9.24695e-06
0 0.505174 0.0459732 0.0428677 0.0919463 9.25871e-06
0 0.118256 0.613423 0.0687361 0.162416 9.29963e-06
0 0.356061 0.56443 0.0247598 0.111409 9.32515e-06
0 0.385625 0.881879 0.0498891 0.095302 9.3663e-06
0 0.470067 0.57349 0.0325203 0.112081 9.36817e-06
0 0.452143 0.811409 0.0498891 0.189262 9.37175e-06
0 0.804693 0.99698 0.0181079 0.00604027 9.39606e-06
0 0.636179 0.892282 0.04102 0.105369 9.39848e-06
0 0.612158 0.348322 0.0380636 0.110067 9.41216e-06
0 0.83629 0.530537 0.045085 0.110738 9.45378e-06
0 0.717295 0.933893 0.0399113 0.1 9.45749e-06
0 0.686068 0.167785 0.0461936 0.112752 9.50254e-06
0 0.59442 0.366443 0.0447154 0.116779 9.53057e-06
0 0.110865 0.213758 0.0458241 0.120134 9.5381e-06
0 0.562084 1 0.0133038 0 9.54694e-06
0 0.536955 0.892617 0.0339985 0.0966443 9.59033e-06
0 0.121951 0.714094 0.0931264 0.166443 9.59676e-06
0 0.56153 0.349329 0.0388027 0.101342 9.61635e-06
0 0.76201 0.348322 0.0384331 0.122148 9.64424e-06
0 0.259793 0.940604 0.0739098 0.113423 9.65924e-06
0 0.936992 0.753691 0.056541 0.120805 9.67018e-06
0 0.844235 0.909396 0.112712 0.163758 9.68298e-06
0 0.427014 0.979195 0.0328899 0.0416107 9.69734e-06
0 0.881005 0.676846 0.0554324 0.232886 9.72197e-06
0 0.812084 0.439597 0.0447154 0.116779 9.72207e-06
0 0.936992 0.304698 0.0498891 0.114094 9.73784e-06
0 0.874723 0.981208 0.037694 0.0375839 9.76412e-06
0 0.187916 0.484899 0.0432373 0.116107 9.7687e-06
0 0.819845 0.997315 0.0181079 0.00536913 9.79137e-06
0 0.789542 0.997315 0.0181079 0.00536913 9.79285e-06
0 0.186253 0.667785 0.0428677 0.110067 9.81411e-06
0 0.455285 0.983893 0.0332594 0.0322148 9.84013e-06
0 0.939763 0.668121 0.0495196 0.120134 9.84635e-06
0 0.284922 0.0580537 0.0606061 0.116107 9.85344e-06
0 0.101626 0.979866 0.0879527 0.0402685 9.86838e-06
0 0.976903 1 0.0373245 0 9.93664e-06
0 0.655026 0.366107 0.04915 0.126846 9.97622e-06
0 0.449002 0.768456 0.0384331 0.120805 1.00045e-05
0 0.135809 0.260738 0.0469327 0.113423 1.00192e-05
0 0.818736 0.883221 0.0476718 0.146309 1.0022e-05
0 0.112897 0.374161 0.0971914 0.184564 1.00225e-05
0 0.757391 0.623154 0.0424982 0.0932886 1.00463e-05
0 0.705839 0.657383 0.0332594 0.126846 1.00665e-05
0 0.086844 0.347651 0.0517369 0.115436 1.00853e-05
0 0.361234 0.21443 0.0439763 0.118792 1.00957e-05
0 0.8568 0.269128 0.0705839 0.225503 1.01008e-05
0 1 0.630537 0 0.184564 1.01255e-05
0 0.662786 0.167785 0.0424982 0.115436 1.0141e-05
0 0.722653 1 0.0328899 0 1.01417e-05
0 0.662971 0.871477 0.0694752 0.227517 1.01484e-05
0 0.759608 0.213758 0.0432373 0.106711 1.01709e-05
0 0.178123 0.97953 0.0879527 0.0409396 1.01717e-05
0 0.837214 0.346309 0.0535846 0.12349 1.01869e-05
0 0.587029 0.054698 0.0550628 0.109396 1.01927e-05
0 0.543792 0.630872 0.0358463 0.0899329 1.02432e-05
0 0.476164 0.36443 0.0469327 0.120805 1.02629e-05
0 0.800998 0.689933 0.0668884 0.120805 1.0271e-05
0 0.966001 0.394966 0.0546933 0.112081 1.02798e-05
0 0.532151 1 0.0133038 0 1.02893e-05
0 0.457687 0.634564 0.0358463 0.0771812 1.0309e-05
0 0.687546 0.25604 0.0454545 0.110738 1.03524e-05
0 0.691981 1 0.0321508 0 1.04494e-05
0 0.593866 0.30906 0.0421286 0.122819 1.04563e-05
0 0.573355 0.82047 0.04915 0.161745 1.0473e-05
0 0.460089 0.882215 0.0495196 0.0959732 1.05257e-05
0 0.88507 0.343624 0.0672579 0.116779 1.05778e-05
0 0.384885 0.213423 0.0417591 0.118121 1.06091e-05
0 0.456763 0.991611 0.0509978 0.0167785 1.06126e-05
0 0.390613 0.0550336 0.0546933 0.110067 1.07066e-05
0 0.014782 0.422148 0.0295639 0.236242 1.07166e-05
0 0.325573 0.808725 0.0835181 0.257718 1.07248e-05
0 0.285477 0.255705 0.0424982 0.104698 1.07295e-05
0 0.485772 0.88255 0.0476718 0.0926175 1.0732e-05
0 0.353843 0.24094 0.0683666 0.143624 1.07349e-05
0 0.111604 0.304027 0.0487805 0.119463 1.07567e-05
0 0.381929 0.567785 0.0232816 0.100671 1.0816e-05
0 0.134885 0.711074 0.0421286 0.137584 1.08611e-05
0 0.941242 0.508725 0.0746489 0.162416 1.0913e-05
0 0.291944 0.910067 0.0473023 0.126174 1.09495e-05
0 0.760717 0.308725 0.0631929 0.159732 1.09569e-05
0 0.439763 0.922148 0.0628234 0.114094 1.09686e-05
0 0.361234 0.349329 0.0395418 0.109396 1.09807e-05
0 0.994272 0.112416 0.011456 0.183221 1.10053e-05
0 0.036031 0.0322148 0.0402809 0.0644295 1.10269e-05
0 0.759054 0.998993 0.0169993 0.00201342 1.10473e-05
0 0.00831486 0.821812 0.0166297 0.144295 1.10502e-05
0 0.898004 0.413087 0.0643016 0.136242 1.10858e-05
0 0.497044 0.910738 0.0576497 0.110067 1.10896e-05
0 0.756467 0.121477 0.0391722 0.110067 1.109e-05
0 0.73374 0.39698 0.04915 0.105369 1.11783e-05
0 0.211197 0.347651 0.0432373 0.107383 1.11999e-05
0 0.211013 0.843624 0.0517369 0.104698 1.12184e-05
0 0.0275314 0.36745 0.0447154 0.144295 1.12268e-05
0 0.306911 0.747987 0.0424982 0.136242 1.12366e-05
0 0.691981 0.316779 0.0535846 0.147651 1.13176e-05
0 0.188655 0.713087 0.0439763 0.106711 1.13204e-05
0 0.759608 0.25604 0.0417591 0.108054 1.13211e-05
0 0.661678 0.892953 0.04102 0.102685 1.13231e-05
0 0.264043 0.363087 0.0498891 0.13557 1.13736e-05
0 0.656874 0.659396 0.0328899 0.113423 1.13759e-05
0 0.785846 0.438591 0.0424982 0.113423 1.13771e-05
0 0.385809 0.348322 0.0391722 0.10604 1.1379e-05
0 0.860495 0.845973 0.0402809 0.108054 1.13842e-05
0 0.611419 0.884564 0.0521064 0.100671 1.13898e-05
0 0.685514 0.893624 0.0413895 0.1 1.1405e-05
0 0.838692 0.258725 0.0469327 0.110738 1.1405e-05
0 0.556356 0.269463 0.0506282 0.173826 1.14623e-05
0 0.785662 0.484899 0.0436068 0.104027 1.1513e-05
0 0.744087 0.908054 0.0402809 0.183893 1.15666e-05
0 0.966001 0.439933 0.0465632 0.116107 1.15701e-05
0 0.263673 0.796644 0.0957132 0.273825 1.15795e-05
0 0.258869 0.521812 0.0521064 0.137584 1.1621e-05
0 0.984109 0.262081 0.0317812 0.281208 1.16371e-05
0 0.81153 0.484899 0.0436068 0.110738 1.16377e-05
0 0.612713 0.307383 0.0687361 0.158389 1.16497e-05
0 0.210089 0.304027 0.0439763 0.10604 1.16551e-05
0 0.81966 0.969463 0.0258684 0.0610738 1.16561e-05
0 0.120288 0.902685 0.0513673 0.131544 1.16906e-05
0 0.185329 0.99094 0.0594974 0.0181208 1.1716e-05
0 0.707502 1 0.0328899 0 1.17931e-05
0 0.0264228 0.506376 0.0461936 0.138926 1.18872e-05
0 0.629527 0.468456 0.0447154 0.169128 1.19437e-05
0 0.998337 0.17349 0.00332594 0.222148 1.19681e-05
0 0.136179 0.346309 0.0498891 0.108725 1.20798e-05
0 0.635809 0.394631 0.0417591 0.103356 1.21421e-05
0 0.386548 0.375168 0.0606061 0.15302 1.21438e-05
0 0.112158 0.34698 0.0513673 0.111409 1.21759e-05
0 0.21323 0.394295 0.0413895 0.108054 1.22335e-05
0 0.086105 0.963423 0.0221729 0.0731544 1.22374e-05
0 0.790281 0.619799 0.0432373 0.0946309 1.22651e-05
0 1 0.224832 0 0.189262 1.22675e-05
0 0.768477 0.975839 0.0299335 0.0456376 1.22751e-05
0 0.863267 0.668121 0.0399113 0.109396 1.22873e-05
0 0.645972 1 0.0310421 0 1.23077e-05
0 0.11105 0.25906 0.0484109 0.118121 1.23459e-05
0 0.510717 0.883893 0.0480414 0.0939597 1.237e-05
0 0.0497044 0.952349 0.078714 0.095302 1.23809e-05
0 0.411678 0.394631 0.0406504 0.0966443 1.23891e-05
0 0.837583 0.845973 0.04102 0.0973154 1.23927e-05
0 0.410569 0.881879 0.0495196 0.0926175 1.24344e-05
0 0.738359 0.213758 0.0443459 0.108054 1.24417e-05
0 0.978751 0.731208 0.0424982 0.20604 1.2457e-05
0 0.33592 0.213758 0.0443459 0.11745 1.24579e-05
0 0.52827 0.820134 0.0543237 0.178523 1.24652e-05
0 0.91796 0.907383 0.0983001 0.185235 1.24705e-05
0 0.388766 0.302685 0.0650406 0.14094 1.25093e-05
0 0.388396 0.241275 0.0672579 0.144295 1.254e-05
0 0.33592 0.351342 0.0406504 0.112081 1.25498e-05
0 0.0145972 0.627181 0.0291944 0.254362 1.25525e-05
0 0.442535 0.896644 0.0831486 0.206711 1.25916e-05
0 0.0606061 0.52047 0.0628234 0.149664 1.26007e-05
0 0.736142 0.302013 0.0428677 0.114094 1.2635e-05
0 0.913526 0.573825 0.0480414 0.130201 1.26593e-05
0 0.676645 1 0.0317812 0 1.26616e-05
0 0.999815 0.751342 0.000369549 0.180537 1.26943e-05
0 0.622506 1 0.0136733 0 1.27041e-05
0 0.838322 0.408725 0.0668884 0.139597 1.27976e-05
0 0.312823 0.213758 0.0432373 0.11745 1.28042e-05
0 0.00720621 0.36443 0.0144124 0.146309 1.28043e-05
0 0.619919 0.917785 0.0631929 0.113423 1.2826e-05
0 0.945676 1 0.0561715 0 1.28267e-05
0 0.538618 0.315436 0.0543237 0.148993 1.2844e-05
0 0.0260532 0.239262 0.0424982 0.152349 1.28596e-05
0 0.557834 0.244966 0.0912786 0.159732 1.28644e-05
0 0.244642 0.99094 0.0606061 0.0181208 1.28715e-05
0 0.786401 0.843289 0.0413895 0.0946309 1.29251e-05
0 0.213599 0.21443 0.0428677 0.101342 1.29272e-05
0 0.585551 0.884564 0.0498891 0.0966443 1.29338e-05
0 0.991316 0.198322 0.0173688 0.230201 1.29624e-05
0 0.888396 0.758725 0.0399113 0.114765 1.30227e-05
0 0.757761 0.161409 0.04102 0.112081 1.3103e-05
0 0.562084 0.892953 0.0339985 0.0973154 1.32164e-05
0 0.128603 0.307047 0.0746489 0.168456 1.32488e-05
0 0.542129 0.199664 0.0539542 0.110738 1.32667e-05
0 0.944752 0.636242 0.0779749 0.17047 1.32869e-05
0 0.435329 0.881544 0.0480414 0.0946309 1.33147e-05
0 0.908906 0.297315 0.0809313 0.167785 1.33211e-05
0 0.888211 0.801342 0.0424982 0.118121 1.33604e-05
0 0.387472 0.766443 0.0617147 0.162416 1.3372e-05
0 0.120843 0.514094 0.0657797 0.161074 1.33937e-05
0 0.837583 0.801678 0.0439763 0.101342 1.34002e-05
0 0.752772 0.057047 0.0554324 0.114094 1.34157e-05
0 0.011456 0.218456 0.022912 0.208725 1.34394e-05
0 0.430525 0.808054 0.0354767 0.12349 1.34463e-05
0 0.535662 0.348993 0.0373245 0.102013 1.34495e-05
0 0.687361 0.562416 0.0339985 0.12349 1.34513e-05
0 0.562639 0.892282 0.0824095 0.17651 1.34694e-05
0 0.134701 0.0630872 0.0646711 0.126174 1.35176e-05
0 0.789542 0.303691 0.0720621 0.15906 1.35282e-05
0 0.674797 0.19396 0.0716925 0.165101 1.35491e-05
0 0.330377 0.882215 0.0539542 0.152349 1.36238e-05
0 0.755174 0.976174 0.0291944 0.047651 1.36271e-05
0 0.479675 0.200336 0.0532151 0.104027 1.3692e-05
0 0.236327 0.843289 0.0498891 0.101342 1.37867e-05
0 0.00277162 0.0520134 0.00554324 0.104027 1.38179e-05
0 0.614375 0.193289 0.0764967 0.163758 1.38334e-05
0 0.501848 0.89094 0.0798226 0.179195 1.38592e-05
0 0.187546 0.804362 0.0469327 0.11745 1.38821e-05
0 0.338692 0.299329 0.0417591 0.104698 1.39076e-05
0 0.83592 0.748322 0.0561715 0.132886 1.39217e-05
0 0.541574 0.813087 0.0417591 0.132215 1.3942e-05
0 0.407058 0.663087 0.0299335 0.119463 1.40192e-05
0 0.637472 0.239262 0.0923873 0.179195 1.40236e-05
0 0.723577 0.931544 0.0790835 0.136913 1.41121e-05
0 0.215817 0.622483 0.0746489 0.188591 1.41378e-05
0 0.83629 0.694966 0.0546933 0.12953 1.41428e-05
0 0.00554324 0.51443 0.0110865 0.151007 1.42531e-05
0 0.504804 0.927181 0.0569106 0.145638 1.42649e-05
0 0.93847 0.0308725 0.0424982 0.061745 1.42686e-05
0 0.498152 0.539262 0.0332594 0.136242 1.4276e-05
0 0.787879 0.34698 0.0413895 0.112752 1.4294e-05
0 0.0807465 1 0.056541 0 1.43074e-05
0 0.136548 0.305034 0.0484109 0.109396 1.43368e-05
0 0.664449 0.394966 0.0458241 0.0973154 1.4364e-05
0 0.161308 0.345973 0.0476718 0.105369 1.43671e-05
0 0.760902 0.842282 0.0428677 0.0966443 1.43685e-05
0 0.383592 0.971812 0.0539542 0.0563758 1.44132e-05
0 0.112712 0.0557047 0.0583888 0.111409 1.44339e-05
0 0.6602 0.304362 0.0572801 0.121477 1.4446e-05
0 0.861604 0.752685 0.0461936 0.109396 1.44621e-05
0 0.937546 0.712416 0.0487805 0.116107 1.44737e-05
0 0.81153 0.258725 0.0443459 0.104027 1.44737e-05
0 0.443644 0.257718 0.0432373 0.128859 1.44893e-05
0 0.76201 0.57349 0.0406504 0.1 1.45585e-05
0 0.410569 0.847651 0.0391722 0.095302 1.45637e-05
0 0.054878 0.618456 0.0617147 0.141611 1.45975e-05
0 0.759978 0.93255 0.056541 0.134899 1.46199e-05
0 0.460458 0.84094 0.0502587 0.0926175 1.47047e-05
0 0.705285 0.908725 0.04915 0.148993 1.47088e-05
0 0.31153 0.351342 0.0406504 0.110738 1.47127e-05
0 0.256837 0.971476 0.0583888 0.057047 1.47181e-05
0 0.00683666 0.616443 0.0136733 0.155034 1.47364e-05
0 0.830562 0.974832 0.0291944 0.0449664 1.47393e-05
0 0.954176 1 0.0155211 0 1.47397e-05
0 0.247044 0.749664 0.0801922 0.136913 1.47427e-05
0 0.0489653 0.816443 0.0705839 0.130872 1.47784e-05
0 0.862528 0.711745 0.0362158 0.112081 1.47893e-05
0 0.00868441 0.0731544 0.0173688 0.124832 1.48202e-05
0 0.21748 0.908725 0.0484109 0.143624 1.48568e-05
0 0.936992 0.803691 0.0454545 0.128188 1.48625e-05
0 0.61105 0.394966 0.0402809 0.101342 1.48628e-05
0 0.735772 0.843289 0.0428677 0.0986577 1.48964e-05
0 0.594789 0.748993 0.0306726 0.14094 1.49016e-05
0 0.660754 0.25604 0.0458241 0.113423 1.49207e-05
0 0.267554 0.436242 0.0561715 0.197315 1.50663e-05
0 0.242424 0.651342 0.0502587 0.118792 1.50977e-05
0 0.811345 0.844295 0.0417591 0.0939597 1.51419e-05
0 0.662232 0.210403 0.0443459 0.110738 1.51576e-05
0 0.109756 0.237919 0.0960828 0.184564 1.51841e-05
0 0.737805 0.25604 0.0432373 0.106711 1.51849e-05
0 0.774021 0.997651 0.0181079 0.00469799 1.5203e-05
0 0.910939 0.712081 0.0465632 0.118121 1.52313e-05
0 0.834996 0.619128 0.0424982 0.104027 1.52725e-05
0 0.938655 0.57953 0.0502587 0.141611 1.52889e-05
0 0.930894 0.965436 0.0243902 0.0691275 1.5365e-05
0 0.462306 0.262081 0.037694 0.106711 1.54352e-05
0 0.586659 0.394631 0.04102 0.0979866 1.54584e-05
0 0.675905 0.572148 0.0273466 0.11745 1.54598e-05
0 0.686438 0.209732 0.0469327 0.108054 1.54881e-05
0 0.811715 0.344966 0.0476718 0.114094 1.55607e-05
0 0.593681 0.247651 0.04915 0.174497 1.56319e-05
0 0.261456 0.843624 0.0476718 0.0966443 1.5645e-05
0 0.743902 0.999664 0.0169993 0.000671141 1.56747e-05
0 0.00979305 0.436242 0.0195861 0.13557 1.57471e-05
0 0.834442 0.575168 0.0428677 0.108725 1.57556e-05
0 0.279749 0.933893 0.0384331 0.0986577 1.57755e-05
0 0.121766 0.418121 0.0624538 0.148993 1.58065e-05
0 0.715817 0.569128 0.0295639 0.128859 1.58919e-05
0 0.782705 0.941946 0.0258684 0.116107 1.59293e-05
0 0.461197 0.936577 0.0502587 0.0879195 1.59305e-05
0 0.510532 0.391611 0.0388027 0.0959732 1.59317e-05
0 0.909645 0.0516779 0.0506282 0.103356 1.59345e-05
0 0.385809 0.846644 0.0406504 0.1 1.59568e-05
0 0.286585 0.563087 0.0291944 0.116779 1.6035e-05
0 0.444013 0.307718 0.0476718 0.118792 1.60449e-05
0 0.898559 0.189933 0.0654102 0.147651 1.60835e-05
0 0.900591 0.959732 0.0206948 0.0805369 1.61303e-05
0 0.910754 0.758054 0.0476718 0.120134 1.6153e-05
0 0.789172 0.575839 0.0432373 0.0993289 1.6167e-05
0 0.844235 0.979195 0.0388027 0.0416107 1.61701e-05
0 0.394309 0.748993 0.0288248 0.157047 1.61853e-05
0 1 0.959396 0 0.0812081 1.62428e-05
0 0.46323 0.347651 0.0380636 0.0993289 1.62452e-05
0 0.784922 0.393624 0.0421286 0.113423 1.62662e-05
0 0.142646 1 0.0539542 0 1.62852e-05
0 0.160569 0.305034 0.0476718 0.102685 1.62928e-05
0 0.304509 0.991611 0.0613452 0.0167785 1.63279e-05
0 0.379897 0.89094 0.0953437 0.218121 1.6352e-05
0 0.989653 0.919128 0.0206948 0.132215 1.64412e-05
0 0.236511 0.255369 0.0399113 0.105369 1.64612e-05
0 0.909645 0.986242 0.0971914 0.0275168 1.6464e-05
0 0.862343 0.304362 0.0543237 0.120134 1.64836e-05
0 0.0659645 0.0466443 0.0513673 0.0932886 1.65104e-05
0 0.759978 0.438926 0.0380636 0.120805 1.65473e-05
0 0.789542 0.304027 0.04102 0.107383 1.65778e-05
0 0.202513 1 0.0554324 0 1.6592e-05
0 0.385809 0.393289 0.0399113 0.103356 1.66711e-05
0 0.883962 0.305034 0.0576497 0.118792 1.67122e-05
0 0.00461936 0.408725 0.00923873 0.139597 1.67388e-05
0 1 0.865101 0 0.171812 1.67644e-05
0 0.380266 0.930537 0.067997 0.118792 1.679e-05
0 0.313747 0.25604 0.0436068 0.105369 1.68284e-05
0 0.811345 0.531544 0.0417591 0.107383 1.68503e-05
0 0.0225425 0.637248 0.0443459 0.149664 1.69257e-05
0 0.0158906 0.871141 0.0317812 0.165101 1.69314e-05
0 0.186807 0.346309 0.0454545 0.104698 1.70069e-05
0 0.798596 0.0657718 0.0613452 0.131544 1.71412e-05
0 0.907428 0.992617 0.0661493 0.0147651 1.71445e-05
0 0.851256 0.987584 0.0617147 0.0248322 1.71861e-05
0 0.980599 0.972148 0.0388027 0.0557047 1.71899e-05
0 0.786955 0.529866 0.0432373 0.1 1.71918e-05
0 0.437731 0.394295 0.04102 0.0932886 1.72255e-05
0 0.38119 0.810403 0.0380636 0.120134 1.72275e-05
0 0.507021 0.27349 0.0339985 0.181879 1.73011e-05
0 0.275868 0.315772 0.0572801 0.14698 1.7319e-05
0 0.817258 0.957383 0.033629 0.0557047 1.7341e-05
0 0.183112 0.303691 0.0609756 0.133557 1.73833e-05
0 0.784368 0.668456 0.0469327 0.111409 1.74371e-05
0 0.880266 0.971476 0.022912 0.057047 1.74393e-05
0 0.94272 0.37953 0.067997 0.155034 1.74626e-05
0 0.965447 0.948322 0.0476718 0.103356 1.75403e-05
0 0.612343 0.440268 0.0406504 0.0966443 1.76017e-05
0 0.880266 0.863758 0.0495196 0.131544 1.76142e-05
0 0.840355 0.296309 0.0620843 0.125503 1.76145e-05
0 0.0611604 0.419463 0.0631929 0.143624 1.76373e-05
0 0.536955 0.387248 0.0465632 0.0939597 1.76727e-05
0 0.733186 0.34698 0.0487805 0.114094 1.76874e-05
0 0.53252 0.99094 0.0539542 0.0181208 1.77186e-05
0 0.320399 0.893624 0.107169 0.212752 1.78224e-05
0 0.636364 0.439262 0.0428677 0.0973154 1.78911e-05
0 0.387103 0.440268 0.0417591 0.107383 1.79175e-05
0 0.464893 0.300336 0.0369549 0.0973154 1.79186e-05
0 0.618625 0.565101 0.0288248 0.0966443 1.79759e-05
0 0.817443 0.975839 0.0295639 0.0456376 1.80537e-05
0 0.980783 0.950336 0.0384331 0.0993289 1.81528e-05
0 0.668145 1 0.0155211 0 1.81627e-05
0 0.979675 0.18557 0.0406504 0.163087 1.82307e-05
0 0.499261 0.381544 0.0495196 0.140268 1.82439e-05
0 0.422579 0.2 0.0558019 0.111409 1.82455e-05
0 0.19697 0.952349 0.030303 0.095302 1.82816e-05
0 0.00776053 0.724161 0.0155211 0.155705 1.83218e-05
0 0.980229 0.409732 0.0395418 0.134899 1.83416e-05
0 0.422949 0.310738 0.0543237 0.115436 1.83585e-05
0 0.861234 0.801007 0.0380636 0.108054 1.84308e-05
0 0.779933 0.958054 0.0343681 0.0597315 1.84848e-05
0 0.128788 0.19396 0.0757576 0.167785 1.85358e-05
0 0.481338 0.27047 0.0498891 0.202685 1.85384e-05
0 0.854582 0.185235 0.0757576 0.166443 1.85392e-05
0 0.299889 0.658389 0.0417591 0.104698 1.85548e-05
0 0.243163 0.302349 0.0554324 0.136242 1.8574e-05
0 0.426645 0.990268 0.0624538 0.0194631 1.85797e-05
0 0.504435 0.425503 0.0413895 0.114094 1.85913e-05
0 0.324649 0.246644 0.0846268 0.168456 1.86365e-05
0 0.457871 0.605034 0.0406504 0.0919463 1.87294e-05
0 0.867701 0.381544 0.0702143 0.140268 1.87421e-05
0 0.263489 1 0.0569106 0 1.87771e-05
0 0.0230968 0.691946 0.0388027 0.146309 1.88115e-05
0 0.0628234 0.310067 0.0635625 0.128859 1.8893e-05
0 0.843866 0.911409 0.0388027 0.162416 1.88938e-05
0 0.716001 0.851678 0.0543237 0.110067 1.90144e-05
0 0.625277 0.420134 0.0487805 0.114094 1.91676e-05
0 0.41408 0.449664 0.0351072 0.108725 1.92692e-05
0 0.56966 0.574497 0.0291944 0.128859 1.93014e-05
0 0.435144 0.841275 0.04915 0.0946309 1.93399e-05
0 0.886364 0.668121 0.0388027 0.120134 1.93401e-05
0 0.0181079 0.754362 0.0362158 0.157047 1.93985e-05
0 0.81116 0.666779 0.0421286 0.0973154 1.9429e-05
0 0.693459 0.744631 0.0476718 0.125503 1.95172e-05
0 0.687546 0.930537 0.0750185 0.138926 1.95318e-05
0 0.723762 0.196644 0.056541 0.112752 1.95411e-05
0 0.912232 0.802349 0.0461936 0.124161 1.95909e-05
0 0.728566 1 0.0173688 0 1.9749e-05
0 0.782151 0.19396 0.0594974 0.124832 1.99325e-05
0 0.0138581 0.287919 0.0277162 0.245638 2.00405e-05
0 0.70935 0.439262 0.0528455 0.133557 2.00874e-05
0 0.732446 0.0469799 0.0458241 0.0939597 2.01268e-05
0 0.365299 0.99094 0.0646711 0.0181208 2.01528e-05
0 0.436438 0.444295 0.0384331 0.104698 2.01566e-05
0 0.285846 0.84396 0.0469327 0.0973154 2.01936e-05
0 0.760163 0.736913 0.0657797 0.128859 2.02937e-05
0 0.206024 0.701678 0.0609756 0.11745 2.03078e-05
0 0.736511 0.57349 0.0628234 0.138926 2.03088e-05
0 0.704915 0.57047 0.0365854 0.103356 2.04202e-05
0 0.635625 0.213423 0.0421286 0.114094 2.04242e-05
0 0.553954 0.666443 0.0288248 0.15302 2.04285e-05
0 0.0460089 0.718121 0.0617147 0.131544 2.04518e-05
0 0.611789 0.846644 0.04102 0.0986577 2.0542e-05
0 0.38544 0.296644 0.0384331 0.102013 2.05631e-05
0 0.991316 0.584899 0.0173688 0.22349 2.05646e-05
0 0.186992 0.0577181 0.0628234 0.115436 2.05798e-05
0 0.256652 0.952349 0.0299335 0.095302 2.07957e-05
0 0.696046 0.862081 0.086844 0.23557 2.08254e-05
0 0.671101 0.0436242 0.0465632 0.0872483 2.09226e-05
0 0.613082 0.3 0.0384331 0.110067 2.09513e-05
0 0.086844 0.944631 0.0384331 0.0986577 2.10652e-05
0 0.56116 0.388255 0.0461936 0.0946309 2.12219e-05
0 0.698263 1 0.0166297 0 2.12546e-05
0 0.685329 0.853691 0.0521064 0.10604 2.13819e-05
0 0.0384331 0.970805 0.0413895 0.0583893 2.14144e-05
0 0.985957 0.754027 0.0280857 0.126846 2.14587e-05
0 0.810791 0.304027 0.0443459 0.111409 2.14667e-05
0 0.635255 0.298322 0.0399113 0.112081 2.14961e-05
0 0.952143 0.882886 0.0824095 0.142953 2.15944e-05
0 0.0504435 0.99396 0.0528455 0.0120805 2.16266e-05
0 0.960089 0.972483 0.0317812 0.0550336 2.17286e-05
0 0.714523 0.245638 0.0631929 0.132886 2.17613e-05
0 0.36068 0.846309 0.0428677 0.0993289 2.17987e-05
0 0.842572 0.957047 0.0332594 0.0510067 2.18077e-05
0 0.629342 0.838926 0.0790835 0.253691 2.18672e-05
0 0.761641 0.80302 0.0495196 0.0946309 2.1877e-05
0 0.353843 0.969799 0.0321508 0.0604027 2.19229e-05
0 0.95898 0.747651 0.0820399 0.169128 2.21628e-05
0 0.810791 0.711745 0.0436068 0.0932886 2.22509e-05
0 0.485588 0.394295 0.037694 0.0959732 2.22531e-05
0 0.46711 0.791275 0.0443459 0.130201 2.24109e-05
0 0.416851 0.25302 0.0657797 0.110067 2.25744e-05
0 0.352365 0.38557 0.0594974 0.14698 2.25797e-05
0 0.612343 0.21443 0.0384331 0.116107 2.25923e-05
0 0.730414 0.907718 0.0469327 0.145638 2.26255e-05
0 0.645048 0.988255 0.056541 0.0234899 2.26402e-05
0 0.830007 0.957383 0.0325203 0.0516779 2.26605e-05
0 0.633777 0.565772 0.0236511 0.120805 2.27064e-05
0 0.635994 0.846309 0.0428677 0.0993289 2.27289e-05
0 0.986881 0.125503 0.026238 0.230872 2.29381e-05
0 0.309313 0.0449664 0.0517369 0.0899329 2.29494e-05
0 0.735957 0.946644 0.0558019 0.090604 2.30285e-05
0 0.780118 0.908054 0.0428677 0.14094 2.30697e-05
0 0.417406 0.95302 0.0351072 0.0939597 2.30801e-05
0 0.533629 0.424161 0.0436068 0.110067 2.31191e-05
0 0.988914 0.0748322 0.0221729 0.149664 2.31403e-05
0 0.354028 0.314094 0.0583888 0.138255 2.31841e-05
0 0.981338 0.296309 0.0373245 0.141611 2.32433e-05
0 0.0613452 0.200336 0.0657797 0.130872 2.32747e-05
0 0.31116 0.844966 0.045085 0.0979866 2.33643e-05
0 0.610126 0.042953 0.0465632 0.085906 2.33749e-05
0 0.489283 0.345638 0.0354767 0.102013 2.33866e-05
0 0.80765 0.941946 0.026238 0.116107 2.34706e-05
0 0.453622 0.931879 0.0521064 0.136242 2.34955e-05
0 0.713599 1 0.0169993 0 2.35996e-05
0 0.510163 0.344966 0.0351072 0.102013 2.36313e-05
0 0.324279 1 0.056541 0 2.37439e-05
0 0.0537694 0.952013 0.0461936 0.0959732 2.38464e-05
0 0.190318 0.187919 0.0724316 0.169128 2.39356e-05
0 0.978012 1 0.0439763 0 2.39882e-05
0 0.242239 0.196644 0.0580192 0.12349 2.40191e-05
0 0.740207 0.124161 0.0332594 0.112752 2.40729e-05
0 0.313008 0.194295 0.0776053 0.155034 2.41265e-05
0 0.887287 0.712416 0.0391722 0.116107 2.41507e-05
0 0.214708 0.500336 0.0628234 0.155034 2.42181e-05
0 0.593866 0.665772 0.0310421 0.127517 2.42994e-05
0 0.480599 0.940268 0.0432373 0.119463 2.43617e-05
0 0.92646 0.95302 0.0886918 0.0939597 2.43985e-05
0 0.595344 0.855705 0.0502587 0.10604 2.4456e-05
0 0.234848 0.361409 0.0417591 0.128188 2.4489e-05
0 0.804509 0.94698 0.110126 0.10604 2.47365e-05
0 0.811899 0.75906 0.0443459 0.0979866 2.47711e-05
0 0.718034 0.335906 0.0480414 0.160403 2.47731e-05
0 0.338507 0.257047 0.0443459 0.102013 2.47974e-05
0 0.943829 0.242282 0.0709534 0.154362 2.48418e-05
0 0.870288 0.243289 0.0731707 0.12953 2.4842e-05
0 0.895787 0.938255 0.0872136 0.12349 2.48879e-05
0 0.662786 0.438255 0.04915 0.0926175 2.49424e-05
0 0.665743 0.561745 0.0284553 0.124832 2.49499e-05
0 0.00498891 0.298322 0.00997783 0.140268 2.51568e-05
0 0.384146 0.260067 0.0395418 0.102685 2.51609e-05
0 0.365669 0.192953 0.0764967 0.148322 2.52037e-05
0 0.786216 0.753356 0.0521064 0.101342 2.52065e-05
0 0.00831486 0.300671 0.0166297 0.154362 2.53438e-05
0 0.491316 0.253691 0.0602365 0.108725 2.55107e-05
0 0.987435 0.211074 0.0251293 0.126846 2.55612e-05
0 0.854582 0.910067 0.0395418 0.103356 2.57771e-05
0 0.555802 0.940604 0.0473023 0.118792 2.58338e-05
0 0.607539 0.567114 0.0258684 0.095302 2.58531e-05
0 0.642092 0.745973 0.0424982 0.134899 2.5954e-05
0 0.940503 0.965772 0.0295639 0.0684564 2.60736e-05
0 0.488359 0.936913 0.0476718 0.0845638 2.61783e-05
0 0.783259 0.969128 0.0594974 0.061745 2.6281e-05
0 0.558389 0.810067 0.0465632 0.208054 2.6323e-05
0 0.682927 1 0.0162602 0 2.6393e-05
0 0.708241 0.971476 0.0572801 0.057047 2.64084e-05
0 0.304139 0.30604 0.0591279 0.122148 2.64221e-05
0 0.9915 0.697987 0.0169993 0.224161 2.65085e-05
0 0.837583 0.96745 0.0210643 0.0651007 2.65384e-05
0 0.984294 0.372819 0.0314117 0.275839 2.67674e-05
0 0.359571 0.437919 0.0428677 0.102685 2.68018e-05
0 0.456208 0.484228 0.033629 0.16443 2.68436e-05
0 0.883962 0.944631 0.0620843 0.110738 2.68579e-05
0 0.198633 0.244295 0.0735403 0.147651 2.69401e-05
0 0.863821 1 0.0580192 0 2.7124e-05
0 0.81116 0.801678 0.0458241 0.0932886 2.7139e-05
0 0.990207 0.97651 0.0195861 0.0469799 2.72357e-05
0 0.0258684 0.0624161 0.0509978 0.124832 2.72389e-05
0 0.652439 1 0.0151515 0 2.74018e-05
0 0.427199 0.541946 0.0288248 0.141611 2.7481e-05
0 0.90946 0.961074 0.0635625 0.0778523 2.76626e-05
0 0.98762 0.257383 0.0247598 0.124161 2.77555e-05
0 0.656319 0.854698 0.052476 0.106711 2.77751e-05
0 0.305063 0.563087 0.0299335 0.131544 2.7851e-05
0 0.408167 0.969799 0.0343681 0.0604027 2.79094e-05
0 0.922764 1 0.0546933 0 2.79305e-05
0 0.429231 0.0442953 0.0469327 0.0885906 2.79389e-05
0 0.146341 0.964094 0.0243902 0.0718121 2.79736e-05
0 0.00628234 0.187584 0.0125647 0.156376 2.81237e-05
0 0.211752 0.775168 0.0768662 0.143624 2.81847e-05
0 0.8398 0.963758 0.0269771 0.0724832 2.8237e-05
0 0.362713 0.261074 0.0439763 0.100671 2.86056e-05
0 0.115854 0.964765 0.0247598 0.0704698 2.86788e-05
0 0.463599 0.395302 0.04102 0.0912752 2.88152e-05
0 0.812454 0.968792 0.0203252 0.0624161 2.88882e-05
0 0.812639 0.577517 0.0391722 0.104027 2.89249e-05
0 0.869549 0.962752 0.0243902 0.0744966 2.89644e-05
0 0.788248 0.802013 0.045085 0.0926175 2.9107e-05
0 0.611604 0.256376 0.0406504 0.112752 2.92773e-05
0 0.988914 0.263087 0.0221729 0.193289 2.93582e-05
0 0.370103 0.0412752 0.0506282 0.0825503 2.93647e-05
0 0.335366 0.845302 0.0439763 0.0973154 2.94136e-05
0 0.813193 0.618456 0.0388027 0.1 2.94743e-05
0 0.0558019 0.977852 0.0339985 0.0442953 2.975e-05
0 0.741685 0.774832 0.0672579 0.156376 2.98199e-05
0 0.955654 0.974161 0.0739098 0.0516779 2.98235e-05
0 0.562639 0.0553691 0.0594974 0.110738 3.0092e-05
0 0.933481 0.045302 0.0561715 0.090604 3.01625e-05
0 0.00554324 0.0402685 0.0110865 0.0805369 3.02032e-05
0 0.763858 0.955034 0.0273466 0.0899329 3.02559e-05
0 0.441242 1 0.0583888 0 3.03613e-05
0 0.2585 0.052349 0.0572801 0.104698 3.04382e-05
0 0.749446 0.970134 0.030303 0.0597315 3.04412e-05
0 0.799889 0.934564 0.056541 0.130872 3.07497e-05
0 0.564856 0.855705 0.0484109 0.104698 3.08377e-05
0 0.128973 0.960067 0.0620843 0.0798658 3.09555e-05
0 0.500739 1 0.0569106 0 3.10012e-05
0 0.25037 0.963087 0.0299335 0.0738255 3.13787e-05
0 0.236511 0.963758 0.022912 0.0724832 3.15578e-05
0 0.382853 1 0.0576497 0 3.16665e-05
0 0.916667 0.908389 0.0513673 0.144295 3.16897e-05
0 0.553954 0.976174 0.0413895 0.047651 3.1859e-05
0 0.77088 0.911409 0.0938655 0.177181 3.19214e-05
0 0.59442 0.422483 0.0447154 0.108054 3.20434e-05
0 0.832964 0.990268 0.0635625 0.0194631 3.20875e-05
0 0.564671 0.42349 0.0436068 0.107383 3.21345e-05
0 0.297118 0.962752 0.0221729 0.0744966 3.2296e-05
0 0.471175 0.836577 0.0746489 0.238255 3.23035e-05
0 0.929231 0.969463 0.0314117 0.0610738 3.24601e-05
0 0.206024 0.963087 0.0232816 0.0738255 3.26759e-05
0 0.596822 0.969463 0.0258684 0.0610738 3.2696e-05
0 0.859202 0.0489933 0.059867 0.0979866 3.27709e-05
0 0.357354 0.961074 0.0206948 0.0778523 3.27767e-05
0 0.264412 0.743624 0.0469327 0.103356 3.28364e-05
0 0.0290096 0.950671 0.0484109 0.0986577 3.28732e-05
0 0.751109 0.954698 0.0269771 0.090604 3.29423e-05
0 0.340909 0.970134 0.0306726 0.0597315 3.33124e-05
0 0.535662 0.855369 0.0476718 0.102685 3.35875e-05
0 0.176275 0.963423 0.0243902 0.0731544 3.36132e-05
0 0.484848 0.052349 0.0554324 0.104698 3.36712e-05
0 0.98762 0.116107 0.0240207 0.13557 3.37629e-05
0 0.63507 0.256376 0.0395418 0.110067 3.37782e-05
0 0.743163 0.949664 0.112343 0.100671 3.39298e-05
0 0.0166297 0.0607383 0.0332594 0.121477 3.39704e-05
0 0.563932 0.25906 0.037694 0.108725 3.39806e-05
0 0.789727 0.247651 0.0672579 0.128859 3.42633e-05
0 0.73374 0.522148 0.0580192 0.131544 3.43302e-05
0 0.427753 0.941946 0.0424982 0.116107 3.46319e-05
0 0.44235 0.947651 0.037694 0.104698 3.46439e-05
0 0.311899 0.393624 0.0443459 0.101342 3.47608e-05
0 0.503511 0.85604 0.0469327 0.101342 3.48269e-05
0 0.720806 0.988255 0.0617147 0.0234899 3.50313e-05
0 0.232262 0.970805 0.0558019 0.0583893 3.5119e-05
0 0.809682 0.966107 0.0295639 0.0677852 3.51761e-05
0 0.71323 0.776846 0.0613452 0.121477 3.53971e-05
0 0.292868 0.373825 0.04915 0.183893 3.54143e-05
0 0.987251 0.513423 0.0254989 0.222819 3.55022e-05
0 0.0181079 0.973826 0.0362158 0.052349 3.5844e-05
0 0.62731 0.971141 0.0269771 0.0577181 3.61003e-05
0 0.561345 1 0.0591279 0 3.61059e-05
0 0.541574 0.540268 0.0306726 0.138255 3.62487e-05
0 0.0110865 0.719463 0.0221729 0.206711 3.63444e-05
0 0.493348 0.720134 0.0251293 0.114094 3.63555e-05
0 0.588507 0.257718 0.033629 0.111409 3.63898e-05
0 0.269771 0.248993 0.059867 0.143624 3.65375e-05
0 0.691796 0.970805 0.0325203 0.0583893 3.67068e-05
0 0.779749 0.968792 0.0310421 0.0624161 3.67644e-05
0 0.266445 0.965436 0.0236511 0.0691275 3.67875e-05
0 0.987435 0.709732 0.0251293 0.12953 3.70866e-05
0 0.825203 0.957047 0.022912 0.085906 3.72227e-05
0 0.718219 0.972148 0.0306726 0.0557047 3.73992e-05
0 0.480229 0.981544 0.0343681 0.0369128 3.74165e-05
0 0.0110865 0.128859 0.0221729 0.214765 3.76477e-05
0 0.682557 0.951342 0.117517 0.0973154 3.76635e-05
0 0.637842 0.944295 0.0399113 0.0979866 3.77414e-05
0 0.966186 0.972819 0.0439763 0.0543624 3.7749e-05
0 0.327236 0.961409 0.0218034 0.0771812 3.78611e-05
0 0.476903 0.855369 0.0469327 0.0986577 3.78726e-05
0 0.505913 0.969128 0.0258684 0.061745 3.78835e-05
0 0.890798 0.95604 0.0358463 0.0812081 3.81023e-05
0 0.633777 0.0520134 0.0554324 0.104027 3.81651e-05
0 0.56578 0.970134 0.0266075 0.0597315 3.85342e-05
0 0.386918 0.963423 0.0221729 0.0731544 3.85759e-05
0 1 0.054698 0 0.109396 3.89205e-05
0 0.916112 0.953691 0.0369549 0.0926175 3.90329e-05
0 0.321138 0.565772 0.0332594 0.115436 3.92097e-05
0 0.446231 0.966779 0.0240207 0.066443 3.92252e-05
0 0.687916 0.973154 0.0299335 0.0536913 3.93095e-05
0 0.987435 0.937919 0.0236511 0.11745 3.94878e-05
0 0.832964 0.94094 0.0273466 0.118121 3.95197e-05
0 0.331486 0.045302 0.0583888 0.090604 4.01115e-05
0 0.439024 0.764765 0.045085 0.179195 4.03443e-05
0 0.793976 0.959732 0.0365854 0.0805369 4.04596e-05
0 0.796748 0.987248 0.0628234 0.0255034 4.05023e-05
0 0.43459 0.971476 0.0362158 0.057047 4.06682e-05
0 0.22561 0.961745 0.0328899 0.0765101 4.0811e-05
0 0.495565 0.813087 0.0458241 0.155034 4.09195e-05
0 0.836844 0.948993 0.0609756 0.0993289 4.11183e-05
0 0.162047 0.940268 0.0550628 0.0885906 4.11637e-05
0 0.475795 0.967785 0.0247598 0.0644295 4.12409e-05
0 0.648004 0.562752 0.0351072 0.121477 4.1245e-05
0 0.78252 0.0469799 0.0602365 0.0939597 4.13925e-05
0 0.742609 0.97349 0.0299335 0.0530201 4.15052e-05
0 0.987251 0.647651 0.0254989 0.209396 4.17068e-05
0 0.416297 0.965772 0.0232816 0.0684564 4.22206e-05
0 0.987435 0.572148 0.0251293 0.125503 4.24985e-05
0 0.947339 0.932886 0.0439763 0.134228 4.30066e-05
0 0.720436 0.734564 0.0587583 0.124161 4.30302e-05
0 0.407613 0.0446309 0.059867 0.0892617 4.30947e-05
0 0.46286 0.733893 0.0291944 0.133557 4.34033e-05
0 0.112528 0.943624 0.0824095 0.112752 4.39261e-05
0 0.706208 0.0456376 0.0583888 0.0912752 4.4294e-05
0 0.341648 0.561745 0.0269771 0.132886 4.47654e-05
0 0.0110865 0.848658 0.0221729 0.242282 4.48555e-05
0 0.993902 1 0.0121951 0 4.4902e-05
0 0.743718 0.999664 0.0631929 0.000671141 4.50431e-05
0 0.011456 0.560738 0.022912 0.219463 4.53726e-05
0 0.775499 0.77349 0.086844 0.187248 4.56319e-05
0 0.0014782 0.978859 0.00295639 0.0422819 4.56339e-05
0 0.342942 0.945638 0.0399113 0.108725 4.59871e-05
0 0.402254 0.944295 0.0388027 0.111409 4.62029e-05
0 0.988359 0.527181 0.0232816 0.134899 4.62697e-05
0 0.392276 0.952685 0.0343681 0.0946309 4.63173e-05
0 0.657428 0.972819 0.0295639 0.0543624 4.66627e-05
0 0.204176 0.389262 0.0912786 0.194631 4.66869e-05
0 0.306726 0.443289 0.0495196 0.1 4.74839e-05
0 0.535292 0.97047 0.0269771 0.0590604 4.7785e-05
0 0.984294 0.840268 0.0314117 0.29396 4.82393e-05
0 0.337583 0.435906 0.0439763 0.0973154 4.83075e-05
0 0.413895 0.810067 0.059867 0.189262 4.86325e-05
0 0.621212 1 0.0606061 0 4.89066e-05
0 0.988174 0.619799 0.0236511 0.130872 4.90301e-05
0 0.172949 0.944295 0.082779 0.111409 4.91372e-05
0 0.342018 0.500336 0.033629 0.12953 4.93584e-05
0 0.766445 0.514765 0.0561715 0.111409 4.94248e-05
0 0.905395 0.863758 0.0532151 0.151678 4.95683e-05
0 0.277901 0.960403 0.0628234 0.0791946 4.95761e-05
0 0.592942 0.958054 0.0801922 0.0838926 4.965e-05
0 0.512749 0.939262 0.0469327 0.0812081 4.9902e-05
0 0.336475 0.395638 0.0432373 0.102685 4.99913e-05
0 0.1068 0.97047 0.052476 0.0590604 5.02363e-05
0 0.605691 0.940604 0.0443459 0.118792 5.03021e-05
0 0.682557 1 0.0620843 0 5.03891e-05
0 0.562823 0.938926 0.0480414 0.0818792 5.05029e-05
0 0.968588 0.0395973 0.0406504 0.0791946 5.0724e-05
0 0.830377 0.904698 0.0406504 0.134228 5.08149e-05
0 0.536585 0.940604 0.0473023 0.0825503 5.20555e-05
0 0.204176 0.960067 0.0654102 0.0798658 5.23824e-05
0 0.304139 0.953691 0.0362158 0.0926175 5.25235e-05
0 0.494087 0.955034 0.0369549 0.0899329 5.2747e-05
0 0.291944 0.730201 0.059867 0.138255 5.3164e-05
0 0.177384 0.938255 0.052476 0.12349 5.37531e-05
0 0.31578 0.961745 0.0624538 0.0765101 5.39889e-05
0 0.86105 0.947651 0.0606061 0.102013 5.43543e-05
0 0.691796 0.393289 0.0487805 0.0926175 5.46396e-05
0 0.263489 0.940268 0.0842572 0.119463 5.47221e-05
0 0.786216 0.710403 0.0580192 0.0986577 5.48617e-05
0 0.260902 0.799664 0.0606061 0.137584 5.51817e-05
0 0.239837 0.959732 0.0657797 0.0805369 5.53433e-05
0 0.239837 0.451678 0.0391722 0.148993 5.56121e-05
0 1 1 0 0 5.60531e-05
0 0.987805 0.889262 0.0221729 0.134228 5.61581e-05
0 0.244642 0.511745 0.0421286 0.109396 5.6759e-05
0 0.74612 0.132886 0.0495196 0.175839 5.69808e-05
0 0.0354767 1 0.0221729 0 5.72284e-05
0 0.28677 0.390268 0.0347376 0.108054 5.79046e-05
0 0.32354 0.933557 0.0846268 0.132886 5.80172e-05
0 0.220806 0.454027 0.0617147 0.125503 5.809e-05
0 0.562454 0.958725 0.0776053 0.0825503 5.89338e-05
0 0.0107169 0.355369 0.0214339 0.203356 5.89668e-05
0 0.800443 0.96745 0.0221729 0.0651007 5.90413e-05
0 0.533075 0.29396 0.033629 0.0993289 5.93667e-05
0 0.90133 0.94698 0.0332594 0.10604 5.9499e-05
0 0.502587 0.957047 0.0813008 0.085906 5.98156e-05
0 0.260717 0.672483 0.0528455 0.0979866 6.00787e-05
0 0.288064 0.961409 0.0284553 0.0771812 6.03587e-05
0 0.725795 0.965772 0.0251293 0.0684564 6.05936e-05
0 0.581855 0.665772 0.0277162 0.127517 6.11394e-05
0 0.364006 0.960738 0.0310421 0.0785235 6.14319e-05
0 0.775868 0.968121 0.0218034 0.0637584 6.15223e-05
0 0.580746 0.481879 0.0358463 0.167785 6.23463e-05
0 0.353289 0.962752 0.0613452 0.0744966 6.40298e-05
0 0.377679 0.944295 0.0391722 0.111409 6.52806e-05
0 0.428307 0.963758 0.0591279 0.0724832 6.59727e-05
0 0.314302 0.944295 0.0402809 0.111409 6.62679e-05
0 0.376016 0.694966 0.0351072 0.165772 6.63407e-05
0 0.556171 0.570805 0.0332594 0.132215 6.65911e-05
0 0.465078 0.962752 0.0602365 0.0744966 6.68688e-05
0 0.472469 0.952349 0.0816704 0.095302 6.74417e-05
0 0.536216 0.260738 0.0347376 0.105369 6.93895e-05
0 0.951589 0.962416 0.0295639 0.0751678 6.94263e-05
0 0.390244 0.964094 0.059867 0.0718121 6.95948e-05
0 0.413156 0.944295 0.0842572 0.111409 7.01696e-05
0 0.765891 0.403691 0.0594974 0.153691 7.02467e-05
0 0.983001 1 0.0273466 0 7.60135e-05
0 0.462306 0.973154 0.0399113 0.0536913 7.82633e-05
0 0.580192 0.941275 0.0436068 0.11745 7.89056e-05
0 0.240392 0.800336 0.0661493 0.106711 8.09142e-05
0 0.695861 0.444631 0.0583888 0.090604 8.15859e-05
0 0.183481 0.969128 0.0543237 0.061745 8.2335e-05
0 0.52088 0.287248 0.0351072 0.151678 8.30424e-05
0 0.593681 0.955369 0.0395418 0.0892617 8.54644e-05
0 0.0923873 0.929195 0.052476 0.141611 8.60012e-05
0 0.987066 0.438591 0.0258684 0.120134 8.62401e-05
0 0.263858 0.948322 0.0369549 0.103356 8.95243e-05
0 0.275129 0.563758 0.04102 0.136913 9.07436e-05
0 0.989283 0.33255 0.0214339 0.189933 9.09012e-05
0 0.679231 0.96745 0.0317812 0.0651007 9.50429e-05
0 0.632114 0.959396 0.0351072 0.0812081 9.54442e-05
0 0.0779749 0.954698 0.0428677 0.090604 9.58062e-05
0 0.00979305 0.0446309 0.0195861 0.0892617 9.78412e-05
0 0.468219 0.447315 0.0347376 0.1 9.79378e-05
0 0.28714 0.437248 0.0354767 0.128188 9.81415e-05
0 0.510163 0.297315 0.033629 0.0939597 0.000100266
0 0.585735 0.730537 0.0280857 0.156376 0.000100577
0 0.0105322 0.942282 0.0210643 0.115436 0.000101408
0 0.239098 0.945973 0.0384331 0.108054 0.000103123
0 0.543052 0.979866 0.0373245 0.0402685 0.000106968
0 0.203806 0.965772 0.0351072 0.0684564 0.000107081
0 0.504804 0.962752 0.0406504 0.0744966 0.000109172
0 0.521064 0.724497 0.0251293 0.141611 0.000109639
0 0.788248 0.966107 0.0221729 0.0677852 0.000116864
0 0.871397 0.962752 0.067997 0.0744966 0.00011689
0 0.427384 0.67953 0.0232816 0.155034 0.000117049
0 0.989283 0.423154 0.0214339 0.189933 0.000117552
0 0.539911 0.963758 0.0613452 0.0724832 0.000119153
0 0.893939 0.910403 0.0406504 0.155034 0.000120286
0 0.00757576 0.968121 0.0151515 0.0637584 0.000120325
0 0.713784 0.964765 0.026238 0.0704698 0.000120352
0 0.495381 0.290604 0.0395418 0.147651 0.000121067
0 0.514043 0.263758 0.0295639 0.0993289 0.000121893
0 0.986511 0.915101 0.0269771 0.169799 0.000122008
0 0.738914 0.952685 0.0291944 0.0946309 0.000123021
0 0.246859 0.407383 0.0436068 0.154362 0.000124603
0 0.276053 0.960738 0.030303 0.0785235 0.000125757
0 0.981707 0.0379195 0.033629 0.0758389 0.000127934
0 0.0683666 0.975503 0.0325203 0.0489933 0.000129167
0 0.227458 0.722819 0.0764967 0.14094 0.000132338
0 0.489283 0.97349 0.0413895 0.0530201 0.00013422
0 0.7051 0.952685 0.0362158 0.0946309 0.000135971
0 0.617886 0.962081 0.0362158 0.0758389 0.000137943
0 0.488729 0.448322 0.033629 0.10604 0.000138822
0 0.850887 0.955034 0.0247598 0.0899329 0.000142447
0 0.642831 0.933893 0.0506282 0.132215 0.000142758
0 0.989468 0.833557 0.0210643 0.2 0.000150754
0 0.988544 0.0761745 0.022912 0.152349 0.00015137
0 0.517184 0.954698 0.0476718 0.090604 0.000152923
0 0.500924 0.739597 0.0484109 0.186577 0.000152986
0 0.647265 0.432215 0.0617147 0.171812 0.000153144
0 0.273466 0.518456 0.0406504 0.114765 0.000157702
0 0.632114 0.541275 0.0373245 0.145638 0.000159673
0 0.455839 0.66745 0.0247598 0.140268 0.00016105
0 0.517369 0.484564 0.0332594 0.15302 0.000162258
0 0.329268 0.949664 0.0384331 0.100671 0.000163468
0 0.578899 0.964765 0.0624538 0.0704698 0.000164142
0 0.586659 0.97349 0.0432373 0.0530201 0.000167952
0 0.989283 0.0721477 0.0214339 0.106711 0.000169312
0 0.333149 0.706376 0.0528455 0.195302 0.000169381
0 0.655211 0.964765 0.0332594 0.0704698 0.000175225
0 0.129342 0.945973 0.0413895 0.108054 0.000176634
0 0.615669 0.965101 0.0650406 0.0697987 0.000177917
0 0.216925 0.948993 0.0406504 0.102013 0.000184152
0 0.879897 0.909396 0.0406504 0.120805 0.000184262
0 0.599778 0.539262 0.0280857 0.149664 0.000184619
0 0.706208 0.368456 0.0465632 0.134228 0.000200798
0 0.654472 0.96443 0.0694752 0.0711409 0.000209401
0 0.755913 0.658725 0.0683666 0.14698 0.00021449
0 0.293237 0.468121 0.0358463 0.118792 0.000215706
0 0.104582 0.942617 0.0399113 0.114765 0.000220781
0 0.711197 0.691275 0.0513673 0.136913 0.00022168
0 0.0118256 0.998658 0.0236511 0.00268456 0.000226392
0 0.359941 0.457718 0.0591279 0.167785 0.000235774
0 0.567443 0.963423 0.0395418 0.0731544 0.000236885
0 0.152624 0.955034 0.0428677 0.0899329 0.000244473
0 0.990207 0.950336 0.0195861 0.0993289 0.000245576
0 0.51626 0.974832 0.0428677 0.0503356 0.000254807
0 0.642461 0.96443 0.033629 0.0711409 0.000270059
0 0.93034 0.942953 0.0424982 0.114094 0.000283534
0 0.767923 0.965101 0.0739098 0.0697987 0.000289178
0 0.244826 0.69094 0.0476718 0.1 0.000291254
0 0.0914634 0.963087 0.0358463 0.0738255 0.00029308
0 0.838322 0.965101 0.0705839 0.0697987 0.000294462
0 0.728197 0.965101 0.0735403 0.0697987 0.000294889
0 0.239837 0.476175 0.0783444 0.148322 0.000299382
0 0.192166 0.946644 0.0458241 0.106711 0.000305614
0 0.563932 0.442617 0.0613452 0.179195 0.000305817
0 0.693459 0.964765 0.0705839 0.0704698 0.000320085
0 0.495011 0.482886 0.0314117 0.16443 0.000341048
0 0.167221 0.959396 0.0388027 0.0812081 0.000352905
0 0.691426 0.458054 0.0687361 0.175168 0.000374899
0 0.601072 0.466443 0.0602365 0.174497 0.000382839
0 0.805248 0.965101 0.0716925 0.0697987 0.0003957
0 0.71323 0.54094 0.045085 0.150336 0.000407606
0 0.863636 0.951342 0.0280857 0.0973154 0.000431114
0 0.69272 0.946309 0.04102 0.107383 0.000455466
0 0.242055 0.669128 0.0864745 0.189262 0.000468799
0 0.876755 0.948322 0.0291944 0.103356 0.000478231
0 0.659645 0.690604 0.0509978 0.128859 0.000479293
0 0.413525 0.439597 0.0628234 0.191946 0.000489845
0 0.530673 0.961745 0.0391722 0.0765101 0.00056607
0 0.474132 0.747987 0.0369549 0.183221 0.000656949
0 0.429231 0.472148 0.0535846 0.188591 0.000671264
0 0.489283 0.44698 0.0591279 0.183893 0.000697817
0 0.66833 0.942617 0.0432373 0.114765 0.000743289
0 0.253511 0.480872 0.0443459 0.116107 0.00081458
0 0.990392 0.0348993 0.0192166 0.0697987 0.000848975
0 0.316704 0.434899 0.0554324 0.18255 0.000893728
0 0.541759 0.473826 0.0539542 0.177181 0.000957557
0 0.736881 0.730537 0.0421286 0.101342 0.00132222
0 0.481523 0.702349 0.0214339 0.151007 0.00133654
0 0.678307 0.524497 0.0498891 0.167114 0.0015638
0 0.623429 0.708054 0.0384331 0.18255 0.00269569
0 0.406504 0.507047 0.0369549 0.172483 0.00282978
0 0.309867 0.492617 0.056541 0.143624 0.00425376
0 0.742979 0.478188 0.0631929 0.109396 0.00468721
0 0.275499 0.69698 0.0691057 0.138926 0.0182692
0 0.515891 0.687919 0.0258684 0.14094 0.0397195
0 0.317073 0.53557 0.0473023 0.143624 0.0410556
0 0.436253 0.717785 0.0291944 0.183221 0.0556201
0 0.483925 0.510403 0.0277162 0.171141 0.0655914
0 0.38119 0.520134 0.0373245 0.163758 0.0774592
0 0.463415 0.692282 0.116038 0.16443 0.0967066
0 0.488359 0.58557 0.0461936 0.344295 0.115797
0 0.431633 0.596644 0.0428677 0.35302 0.132887
0 0.550259 0.604698 0.0428677 0.346309 0.137013
0 0.335735 0.615772 0.0838877 0.355034 0.141587
0 0.567258 0.601342 0.0495196 0.363758 0.142936
0 0.40595 0.608054 0.0476718 0.363758 0.147221
0 0.433851 0.518121 0.104213 0.162416 0.150573
0 0.379897 0.605369 0.0465632 0.343624 0.161537
0 0.634331 0.609396 0.0757576 0.355705 0.163154
0 0.669623 0.591611 0.082779 0.312081 0.165413
0 0.612528 0.525839 0.112712 0.156376 0.166112
0 0.549335 0.52047 0.0986696 0.161745 0.167672
0 0.6602 0.527181 0.116408 0.165772 0.179565
0 0.37306 0.525503 0.112712 0.154362 0.184122
0 0.268662 0.614094 0.0495196 0.330201 0.191234
0 0.605137 0.592282 0.0484109 0.318792 0.191863
0 0.696231 0.61443 0.0606061 0.361745 0.205542
0 0.390429 0.707047 0.0957132 0.173826 0.208015
0 0.423134 0.702013 0.0790835 0.158389 0.208304
0 0.312269 0.582215 0.0709534 0.275839 0.21302
0 0.308204 0.518792 0.101256 0.161074 0.216078
0 0.504619 0.510738 0.0705839 0.167785 0.245104
0 0.573725 0.69698 0.0735403 0.171141 0.258557
0 0.695307 0.701342 0.148189 0.151678 0.265766
0 0.607724 0.704027 0.11493 0.165101 0.269657
0 0.53252 0.693624 0.0532151 0.142953 0.273056
0 0.308389 0.711409 0.138581 0.157047 0.294694
0 0.460458 0.689262 0.0502587 0.158389 0.301948
0 0.490207 0.690604 0.0461936 0.139597 0.304907
0 0.708426 0.498658 0.0657797 0.150336 0.436604
0 0.281596 0.496309 0.0613452 0.177852 0.499439
0 0.488544 0.689597 0.0206948 0.140268 0.744325
0 0.526977 0.695302 0.0214339 0.138255 0.775657
0 0.547672 0.701342 0.0288248 0.148993 0.795288
0 0.473208 0.514765 0.0314117 0.177181 0.795641
0 0.558758 0.520805 0.0339985 0.167785 0.799796
0 0.533075 0.518121 0.0299335 0.163758 0.805291
0 0.507391 0.690268 0.0206948 0.142953 0.811885
0 0.469512 0.691611 0.0225425 0.160403 0.817361
0 0.587953 0.520134 0.0369549 0.162416 0.819104
0 0.445861 0.51745 0.0284553 0.174497 0.820547
0 0.419623 0.512416 0.0306726 0.172483 0.821905
0 0.395233 0.522148 0.0328899 0.165101 0.82467
0 0.445861 0.700671 0.0284553 0.17047 0.82917
0 0.573355 0.700671 0.0291944 0.163758 0.83495
0 0.368256 0.526846 0.0328899 0.158389 0.835325
0 0.506098 0.509396 0.0314117 0.167785 0.836799
0 0.269032 0.474497 0.0399113 0.122148 0.840899
0 0.420362 0.705369 0.0306726 0.175839 0.842404
0 0.394309 0.705369 0.0391722 0.167785 0.843117
0 0.723023 0.469128 0.0535846 0.114094 0.844004
0 0.641537 0.708389 0.0606061 0.169799 0.849777
0 0.599963 0.704027 0.0351072 0.171812 0.857734
0 0.616962 0.523154 0.0395418 0.148322 0.858905
0 0.296009 0.534899 0.0399113 0.158389 0.860568
0 0.333888 0.534564 0.0432373 0.149664 0.866051
0 0.745381 0.703691 0.0613452 0.120134 0.867163
0 0.307834 0.706376 0.0613452 0.163087 0.878723
0 0.254619 0.716443 0.0554324 0.120134 0.879871
0 0.696046 0.534899 0.0469327 0.155705 0.880819
0 0.653178 0.52953 0.0521064 0.159732 0.886971
0 0.690687 0.704698 0.0628234 0.151678 0.889214
0 0.354213 0.710738 0.0654102 0.169128 0.896223
