0 0.30056 0.306343 0.0563241 0.167341 7.97045e-06
0 0.959651 0.486505 0.051054 0.148448 8.03386e-06
0 0.0922266 0.364372 0.0625823 0.249663 8.036e-06
0 0.168149 0.718623 0.078722 0.186235 8.03888e-06
0 0.543478 0.986505 0.0355731 0.0269906 8.07318e-06
0 0.963439 0.379217 0.0487484 0.140351 8.07492e-06
0 0.0960145 1 0.0148221 0 8.11209e-06
0 0.269433 0.734818 0.0915679 0.213225 8.11576e-06
0 0.810441 0.961201 0.0260211 0.0775978 8.16179e-06
0 0.311759 0.0334008 0.0385376 0.0668016 8.17153e-06
0 0.997859 0.87247 0.00428195 0.225371 8.17227e-06
0 0.968874 0.0597166 0.0391963 0.119433 8.17849e-06
0 0.762187 0.104588 0.071805 0.180837 8.18025e-06
0 0.0694993 0.41498 0.0678524 0.206478 8.19805e-06
0 0.761199 0.779015 0.0500659 0.112686 8.2687e-06
0 0.983366 0.11336 0.0332675 0.226721 8.28503e-06
0 0.736331 0.83502 0.051054 0.119433 8.29173e-06
0 0.684947 0.54386 0.0517128 0.129555 8.2919e-06
0 0.179677 0.78475 0.062253 0.205128 8.32897e-06
0 0.555665 0.82861 0.0507246 0.182186 8.33284e-06
0 0.395092 0.981444 0.0141634 0.037112 8.35091e-06
0 0.389987 0.966937 0.0783926 0.0661269 8.35869e-06
0 0.617754 0.0765857 0.0655468 0.153171 8.36281e-06
0 0.786397 0.124157 0.0411726 0.128205 8.39313e-06
0 0.922431 0.892375 0.0503953 0.154521 8.43662e-06
0 0.834651 0.459177 0.0500659 0.136977 8.45109e-06
0 0.312912 0.795209 0.0750988 0.159919 8.45542e-06
0 0.389163 0.541835 0.0424901 0.112011 8.46491e-06
0 0.0227273 0.152834 0.0454545 0.188259 8.46837e-06
0 0.593544 0.151484 0.0467721 0.149123 8.47222e-06
0 0.668478 0.301957 0.03722 0.151822 8.48238e-06
0 0.910738 0.841768 0.0434783 0.131579 8.49197e-06
0 0.884881 0.841768 0.0418314 0.12888 8.49707e-06
0 0.994236 0.115385 0.0115283 0.210526 8.50694e-06
0 0.385211 0.655196 0.0391963 0.186235 8.54179e-06
0 0.389328 0.89305 0.0454545 0.2139 8.54568e-06
0 0.907279 0.794197 0.0886034 0.180837 8.55187e-06
0 0.160408 0.12888 0.0480896 0.133603 8.59022e-06
0 0.59305 0.0472335 0.0451252 0.0944669 8.59088e-06
0 0.425066 0.985493 0.0148221 0.0290148 8.59322e-06
0 0.131752 0.138327 0.0770751 0.25776 8.6015e-06
0 0.234354 0.0823212 0.0655468 0.14305 8.6195e-06
0 0.730237 0.283063 0.0461133 0.136977 8.62331e-06
0 0.268775 0.961876 0.0349144 0.0762483 8.62713e-06
0 0.118906 0.649123 0.0619236 0.267206 8.635e-06
0 0.022892 0.392375 0.0457839 0.261134 8.64645e-06
0 0.714592 0.178812 0.0424901 0.121457 8.6643e-06
0 0.622036 0.92915 0.0326087 0.1417 8.68235e-06
0 0.652997 0.962213 0.0187747 0.0755735 8.68988e-06
0 0.974802 0.868084 0.0503953 0.219298 8.71978e-06
0 0.306653 0.513833 0.0395257 0.126181 8.74967e-06
0 0.0869565 0.0330634 0.0408432 0.0661269 8.75746e-06
0 0.0421607 0.562753 0.0744401 0.268556 8.75833e-06
0 0.935441 0.683536 0.0559947 0.132254 8.75881e-06
0 0.812088 0.0330634 0.0391963 0.0661269 8.76273e-06
0 1 0.398111 0 0.192982 8.83133e-06
0 0.916667 0.931849 0.0434783 0.136302 8.85754e-06
0 0.192029 0.155196 0.0592885 0.22942 8.86392e-06
0 0.3167 0.483806 0.064888 0.183536 8.88079e-06
0 0.06917 0.974022 0.0362319 0.0519568 8.88903e-06
0 0.381917 0.756748 0.034585 0.221997 8.90914e-06
0 0.193841 0.289474 0.0596179 0.248313 8.95137e-06
0 0.020751 0.818826 0.041502 0.277328 9.04883e-06
0 0.693347 0.85054 0.0704875 0.280027 9.07113e-06
0 0.965086 0.332321 0.0434783 0.120783 9.08443e-06
0 0.062253 0.125506 0.0513834 0.132254 9.08976e-06
0 0.631752 0.901484 0.0368906 0.197031 9.09012e-06
0 0.172266 0.0894062 0.0507246 0.142375 9.12327e-06
0 0.176383 0.579622 0.0747694 0.176788 9.1698e-06
0 0.474308 0.151484 0.044137 0.145074 9.26392e-06
0 0.787549 0.175776 0.0401845 0.124831 9.27021e-06
0 0.143116 0.492578 0.0615942 0.244265 9.28478e-06
0 0.866436 0.272942 0.0556653 0.149123 9.31809e-06
0 0.136364 0.903509 0.0783926 0.109312 9.34226e-06
0 0.762516 0.123482 0.0388669 0.122807 9.34249e-06
0 0.775033 0.153171 0.0474308 0.147099 9.35062e-06
0 0.111825 0.032726 0.0405138 0.0654521 9.37598e-06
0 0.9361 0.637652 0.044137 0.139001 9.39085e-06
0 0.586298 0.740553 0.0342556 0.105938 9.42723e-06
0 0.410244 0.180837 0.0365613 0.118758 9.44394e-06
0 0.510375 0.729757 0.0451252 0.111336 9.45866e-06
0 0.540349 0.112348 0.0550066 0.166667 9.46038e-06
0 0.485178 0.729757 0.0467721 0.111336 9.47085e-06
0 0.93643 0.788124 0.0434783 0.130904 9.47985e-06
0 0.329545 0.96525 0.0780632 0.0695007 9.48087e-06
0 0.255435 0.539474 0.0563241 0.12753 9.49941e-06
0 0.0500659 0.890688 0.0520422 0.149798 9.54063e-06
0 0.541996 0.0580297 0.0530303 0.116059 9.55678e-06
0 0.237978 0.125169 0.0411726 0.12888 9.59677e-06
0 0.362484 0.180162 0.0391963 0.120108 9.6221e-06
0 0.59552 0.755736 0.0355731 0.214575 9.62306e-06
0 0.569829 0.523279 0.0316206 0.124831 9.65315e-06
0 0.467721 0.910594 0.0665349 0.178812 9.66322e-06
0 0.835474 0.213225 0.0536891 0.148448 9.66429e-06
0 0.186594 0.0705128 0.0418314 0.115385 9.6651e-06
0 0.376482 0.846154 0.06917 0.273954 9.67076e-06
0 0.556489 0.904858 0.0556653 0.190283 9.70474e-06
0 0.837121 0.0350877 0.0391963 0.0701754 9.73477e-06
0 0.137022 0.0334008 0.041502 0.0668016 9.76507e-06
0 0.634223 0.336032 0.0569829 0.260459 9.77121e-06
0 0.572464 0.291835 0.0533597 0.221997 9.78315e-06
0 0.901021 0.967274 0.0332675 0.0654521 9.7908e-06
0 0.334816 0.981781 0.0135046 0.0364372 9.79985e-06
0 0.0629117 0.275641 0.0507246 0.135628 9.80225e-06
0 0.364789 0.982119 0.0135046 0.0357625 9.82222e-06
0 0.810771 0.377193 0.0398551 0.118758 9.82317e-06
0 0.154315 0.807355 0.0668643 0.262483 9.95609e-06
0 1 0.546896 0 0.207153 9.95884e-06
0 0.878788 1 0.0191041 0 9.9973e-06
0 0.818017 0.804318 0.0530303 0.159244 9.99744e-06
0 0.886364 0.0307018 0.0382082 0.0614035 9.99805e-06
0 0.835804 0.586032 0.0418314 0.112686 9.99996e-06
0 0.674736 0.964238 0.0154809 0.071525 1.00224e-05
0 0.173254 0.273279 0.0546772 0.156545 1.00709e-05
0 0.716074 0.888664 0.044137 0.130904 1.00912e-05
0 0.66222 0.323887 0.0556653 0.261808 1.01008e-05
0 0.00889328 0.0894062 0.0177866 0.15587 1.01033e-05
0 0.223485 0.722672 0.0543478 0.161943 1.01187e-05
0 0.243742 0.982119 0.0131752 0.0357625 1.01241e-05
0 0.652503 0.930499 0.0316206 0.139001 1.01256e-05
0 0.659914 0.495951 0.0418314 0.128205 1.01628e-05
0 0.935441 0.738529 0.044137 0.131579 1.01643e-05
0 0.260211 0.732456 0.0540184 0.118084 1.01781e-05
0 0.301054 0.0614035 0.0592885 0.122807 1.01782e-05
0 0.745883 0.893387 0.0438076 0.130904 1.02056e-05
0 0.344862 0.711538 0.0401845 0.118084 1.02338e-05
0 0.169796 0.163293 0.0629117 0.244265 1.02377e-05
0 0.204051 0.460526 0.0497365 0.139676 1.02409e-05
0 0.734684 0.778003 0.051054 0.117409 1.02489e-05
0 0.603261 0.894737 0.0635705 0.210526 1.03025e-05
0 0.213439 0.983468 0.013834 0.0330634 1.03035e-05
0 0.062747 0.736842 0.0457839 0.14305 1.03225e-05
0 0.192852 0.988529 0.0339262 0.022942 1.03437e-05
0 0.532115 0.673752 0.0517128 0.166667 1.03526e-05
0 0.888175 0.535088 0.0405138 0.124157 1.03565e-05
0 0.65695 0.343117 0.0339262 0.130229 1.04204e-05
0 0.710145 0.95108 0.030303 0.0978408 1.04209e-05
0 0.755105 0.0398111 0.0411726 0.0796221 1.04611e-05
0 0.798254 0.0725371 0.0642292 0.145074 1.04752e-05
0 0.788373 0.99359 0.0536891 0.0128205 1.04753e-05
0 0.456522 0.523279 0.0329381 0.131579 1.05142e-05
0 0.0617589 0.0334008 0.0418314 0.0668016 1.05207e-05
0 0.286561 0.741228 0.0447958 0.112686 1.05219e-05
0 0.060112 0.055668 0.0569829 0.111336 1.05253e-05
0 0.352767 0.0401484 0.0494071 0.0802969 1.05582e-05
0 0.92309 0.212888 0.0615942 0.145074 1.05715e-05
0 0.836462 0.637989 0.0431489 0.114035 1.05801e-05
0 0.260375 0.842443 0.0391963 0.115385 1.07022e-05
0 0.937418 0.582996 0.0480896 0.137652 1.07827e-05
0 0.804842 0.152159 0.048419 0.149123 1.08034e-05
0 0.268939 0.963563 0.0767457 0.0728745 1.0804e-05
0 0.660079 0.557018 0.044137 0.122132 1.08181e-05
0 0.530303 0.98448 0.0375494 0.0310391 1.0832e-05
0 0.833498 1 0.0174572 0 1.08383e-05
0 0.365613 0.990216 0.0586298 0.0195682 1.08393e-05
0 0.887516 0.788124 0.0418314 0.125506 1.08491e-05
0 0.0750988 0.917004 0.0777339 0.112011 1.10041e-05
0 0.51087 0.22942 0.0375494 0.117409 1.10142e-05
0 0.10919 0.263495 0.103755 0.196356 1.10627e-05
0 0.125659 1 0.0141634 0 1.10828e-05
0 1 0.251012 0 0.191633 1.10867e-05
0 0.231719 0.667004 0.0714756 0.15722 1.11014e-05
0 0.762022 0.83637 0.0530303 0.115385 1.1147e-05
0 0.274045 0.982119 0.0131752 0.0357625 1.1157e-05
0 0.916667 1 0.0362319 0 1.1174e-05
0 0.391469 0.113023 0.0569829 0.159919 1.11965e-05
0 0.280468 0.209177 0.0615942 0.238866 1.12179e-05
0 0.544466 0.655196 0.0335968 0.11336 1.12579e-05
0 0.286232 0.881579 0.0533597 0.115385 1.12762e-05
0 0.88587 0.582659 0.0385376 0.130229 1.13325e-05
0 0.465744 0.11336 0.0546772 0.163293 1.13505e-05
0 0.0217391 0.890014 0.0434783 0.176788 1.13687e-05
0 0.88834 0.730432 0.0546772 0.120783 1.13852e-05
0 0.873024 0.93556 0.0398551 0.12888 1.13915e-05
0 0.679677 0.946694 0.0306324 0.106613 1.13977e-05
0 0.304183 0.983468 0.0135046 0.0330634 1.14555e-05
0 0.730567 0.659244 0.0309618 0.183536 1.1465e-05
0 0.386364 0.944332 0.0368906 0.108637 1.14786e-05
0 0.428689 0.111336 0.0536891 0.165992 1.15469e-05
0 0.311924 0.178138 0.0382082 0.121457 1.15699e-05
0 0.746871 0.148111 0.0550066 0.146424 1.15993e-05
0 0.238307 0.169366 0.051054 0.124157 1.16227e-05
0 0.476285 0.768556 0.0421607 0.120108 1.16234e-05
0 0.0876153 0.12753 0.0520422 0.129555 1.16575e-05
0 0.0383729 0.633941 0.0431489 0.147773 1.16619e-05
0 0.579875 0.926788 0.0464427 0.146424 1.167e-05
0 0.939065 0.489879 0.0500659 0.151147 1.16983e-05
0 0.335639 0.178812 0.0395257 0.121457 1.17012e-05
0 0.898386 0.438596 0.0668643 0.156545 1.1706e-05
0 0.181159 0.959852 0.088274 0.0802969 1.17436e-05
0 0.731061 0.546896 0.0451252 0.114035 1.17741e-05
0 0.886199 0.637989 0.0385376 0.132928 1.18208e-05
0 0.444664 0.762821 0.0533597 0.123482 1.1833e-05
0 0.405797 0.846154 0.0678524 0.265857 1.18992e-05
0 0.286726 0.0330634 0.0398551 0.0661269 1.19075e-05
0 0.0111989 1 0.0223979 0 1.19149e-05
0 0.501812 0.113698 0.0569829 0.162618 1.20594e-05
0 0.261199 0.177125 0.0401845 0.12753 1.20602e-05
0 0.858366 0.843117 0.0382082 0.126181 1.21741e-05
0 0.737319 0.584008 0.0543478 0.138327 1.21873e-05
0 0.279644 0.0489204 0.0454545 0.0978408 1.22439e-05
0 0.322793 0.214238 0.0487484 0.142375 1.22603e-05
0 0.729414 0.474359 0.0431489 0.153846 1.2261e-05
0 0.117424 0.987854 0.034585 0.0242915 1.23036e-05
0 0.327569 0.884615 0.0497365 0.132254 1.23068e-05
0 0.262022 0.779352 0.0523715 0.11471 1.23087e-05
0 0.0666996 0.995277 0.020751 0.00944669 1.23216e-05
0 0.634881 0.228745 0.0411726 0.126856 1.23733e-05
0 0.801877 0.458839 0.0497365 0.129555 1.24462e-05
0 0.911561 0.639001 0.0418314 0.137652 1.24513e-05
0 0.89608 0.890351 0.0609354 0.145074 1.246e-05
0 0.0887681 0.276991 0.0517128 0.12888 1.24634e-05
0 0.361166 0.0610661 0.0550066 0.122132 1.24995e-05
0 0.464427 0.671053 0.0698287 0.220648 1.25032e-05
0 0.505764 0.690283 0.0339262 0.126856 1.25574e-05
0 0.136199 0.277328 0.0477602 0.134953 1.25678e-05
0 0.208992 0.791161 0.0431489 0.107287 1.2593e-05
0 0.810935 0.533738 0.0408432 0.106613 1.26089e-05
0 0.305007 0.988866 0.0606061 0.0222672 1.26299e-05
0 0.891469 0.152159 0.0800395 0.149123 1.26588e-05
0 0.860507 0.689271 0.0385376 0.12753 1.26597e-05
0 0.912055 0.788124 0.044137 0.128205 1.26671e-05
0 0.860013 0.792848 0.0368906 0.126856 1.27409e-05
0 0.804348 0.2139 0.0494071 0.14305 1.27933e-05
0 0.793972 0.774629 0.0503953 0.160594 1.28271e-05
0 0.709157 0.840418 0.0408432 0.112686 1.28285e-05
0 0.645257 0.667004 0.0388669 0.149123 1.28366e-05
0 0.193841 0.387989 0.0556653 0.240216 1.28626e-05
0 0.643939 0.415317 0.0250329 0.12753 1.29068e-05
0 0.532115 0.92915 0.03722 0.1417 1.29402e-05
0 0.23666 0.788462 0.0391963 0.115385 1.29643e-05
0 0.143116 0.894062 0.0596179 0.211876 1.29653e-05
0 0.0869565 0.63529 0.0612648 0.135628 1.29918e-05
0 0.443676 0.65857 0.0270092 0.184885 1.29984e-05
0 0.784914 0.482794 0.0388669 0.116734 1.30244e-05
0 0.726779 0.723347 0.0721344 0.190283 1.30416e-05
0 0.346179 0.930162 0.0507246 0.139676 1.30992e-05
0 0.649539 0.960864 0.016469 0.0782726 1.31085e-05
0 0.908432 1 0.0217391 0 1.32009e-05
0 0.780797 0.880567 0.0563241 0.17139 1.32116e-05
0 0.437582 0.871795 0.0655468 0.25641 1.32749e-05
0 0.695158 0.765182 0.0965086 0.295547 1.33134e-05
0 0.867589 0.0455466 0.0434783 0.0910931 1.34151e-05
0 0.849473 0.07861 0.0810277 0.15722 1.35409e-05
0 0.210639 0.32861 0.0431489 0.128205 1.35824e-05
0 0.57691 0.185897 0.0609354 0.176113 1.35912e-05
0 0.0645586 0.840756 0.0428195 0.128205 1.35922e-05
0 0.0884387 0.171053 0.0688406 0.135628 1.36025e-05
0 0.520257 0.495951 0.0339262 0.0890688 1.36105e-05
0 0.110837 0.274966 0.0503953 0.132928 1.36177e-05
0 0.0250329 0.257422 0.0494071 0.149123 1.36215e-05
0 0.911397 0.683873 0.0566535 0.12888 1.36236e-05
0 0.125823 0.439271 0.088274 0.198381 1.36283e-05
0 0.210474 0.0587045 0.0533597 0.117409 1.3649e-05
0 0.10359 0.915317 0.0464427 0.169366 1.37307e-05
0 0.910738 0.532726 0.0447958 0.130229 1.37379e-05
0 0.848155 0.385965 0.0869565 0.17274 1.37545e-05
0 0.998188 0.183198 0.00362319 0.257085 1.37682e-05
0 0.495718 0.918354 0.0434783 0.163293 1.38105e-05
0 0.581028 0.423077 0.027668 0.110661 1.38213e-05
0 0.25807 0.870445 0.0912385 0.17274 1.38296e-05
0 0.896739 0.331984 0.0688406 0.147099 1.39019e-05
0 0.911397 0.583333 0.0421607 0.135628 1.39227e-05
0 0.761364 0.182186 0.0662055 0.184885 1.39235e-05
0 0.718379 0.446019 0.0289855 0.128205 1.39502e-05
0 0.144104 0.720648 0.0662055 0.22807 1.39543e-05
0 0.142128 0.986842 0.034585 0.0263158 1.40326e-05
0 0.244895 0.758435 0.0774045 0.14305 1.40715e-05
0 0.809124 0.274966 0.0405138 0.124831 1.40736e-05
0 0.21031 0.225371 0.0457839 0.128205 1.4074e-05
0 0.863801 1 0.0187747 0 1.4082e-05
0 0.455369 0.663968 0.03722 0.175439 1.40921e-05
0 0.710145 0.785425 0.0434783 0.118758 1.41134e-05
0 0.131423 0.366397 0.0619236 0.242915 1.41805e-05
0 0.763505 0.484143 0.044137 0.116734 1.41871e-05
0 0.605731 0.967274 0.0250329 0.0654521 1.43171e-05
0 0.394104 0.94973 0.0405138 0.10054 1.43354e-05
0 1 0.807018 0 0.187584 1.43583e-05
0 0.0604414 0.921053 0.0556653 0.157895 1.43798e-05
0 0.309783 0.866397 0.0503953 0.125506 1.442e-05
0 0.636528 0.871795 0.0411726 0.107962 1.44327e-05
0 0.210474 0.125169 0.0408432 0.124831 1.44795e-05
0 0.0811924 0.938259 0.107708 0.123482 1.45035e-05
0 0.994071 0.944332 0.0118577 0.111336 1.45098e-05
0 0.386858 0.181174 0.0326087 0.120783 1.45196e-05
0 0.102437 0.981107 0.0349144 0.0377868 1.45289e-05
0 0.655138 0.0458839 0.0461133 0.0917679 1.45292e-05
0 0.284091 0.178138 0.0411726 0.125506 1.46572e-05
0 0.836627 0.691296 0.0447958 0.116734 1.46686e-05
0 0.835639 0.73583 0.0447958 0.116734 1.47217e-05
0 0.212615 0.0708502 0.0418314 0.11471 1.47424e-05
0 0.593379 0.887314 0.0471014 0.122807 1.47462e-05
0 0.879941 0.983468 0.0411726 0.0330634 1.48274e-05
0 0.165349 0.904521 0.0632411 0.190958 1.48283e-05
0 0.80056 0.941633 0.110343 0.116734 1.49262e-05
0 0.211792 0.034413 0.0388669 0.0688259 1.49754e-05
0 0.440711 1 0.055336 0 1.50184e-05
0 0.630105 0.9639 0.0289855 0.0668016 1.50498e-05
0 0.245718 0.988529 0.0619236 0.022942 1.50548e-05
0 0.860178 0.73583 0.0398551 0.123482 1.51231e-05
0 1 0.680162 0 0.207827 1.51312e-05
0 0.34585 0.447031 0.030303 0.124831 1.51368e-05
0 0.911232 0.737179 0.0457839 0.12888 1.51379e-05
0 0.26334 0.822537 0.0655468 0.136302 1.51583e-05
0 0.085639 0.424089 0.0586298 0.130229 1.51606e-05
0 0.411726 0.884278 0.0527009 0.112686 1.52138e-05
0 0.941864 0.404858 0.0741107 0.17274 1.53473e-05
0 0.685441 0.739541 0.044137 0.112011 1.53487e-05
0 0.235672 0.739204 0.0451252 0.111336 1.5424e-05
0 0.224473 0.848853 0.0747694 0.276653 1.55464e-05
0 0.0872859 0.731781 0.0612648 0.12888 1.55567e-05
0 0.89361 0.0452092 0.0428195 0.0904184 1.55604e-05
0 0.323287 0.861673 0.0866271 0.17274 1.55954e-05
0 0.198781 0.976383 0.0615942 0.0472335 1.56111e-05
0 0.895586 0.561404 0.0665349 0.149798 1.56644e-05
0 0.311594 0.788462 0.044137 0.112686 1.56749e-05
0 0.0800395 0.0475709 0.044137 0.0951417 1.56867e-05
0 0.163867 0.224696 0.0490777 0.126856 1.57666e-05
0 0.988472 0.0792847 0.0230567 0.158569 1.57837e-05
0 0.572793 0.714238 0.0421607 0.151822 1.58441e-05
0 0.387681 0.939946 0.0797101 0.120108 1.58499e-05
0 0.13587 0.0732119 0.0668643 0.146424 1.59367e-05
0 0.252306 0.941633 0.106061 0.116734 1.59754e-05
0 0.986331 0.736505 0.023386 0.151822 1.6042e-05
0 0.352767 0.186235 0.0658762 0.168691 1.60662e-05
0 0.18643 0.988529 0.0599473 0.022942 1.6176e-05
0 0.735178 0.737179 0.044137 0.109987 1.62533e-05
0 0.588109 0.966599 0.0266798 0.0668016 1.62542e-05
0 0.486166 0.667341 0.0382082 0.161943 1.62875e-05
0 0.287385 0.788124 0.0431489 0.112011 1.63236e-05
0 0.859519 0.890688 0.0398551 0.128205 1.63446e-05
0 0.929513 0.966937 0.0533597 0.0661269 1.64085e-05
0 0.681983 0.216937 0.0490777 0.142375 1.64665e-05
0 0.954875 0.0435223 0.0434783 0.0870445 1.66213e-05
0 0.951252 0.934885 0.0559947 0.130229 1.67159e-05
0 0.387516 0.952767 0.0214097 0.0944669 1.67359e-05
0 0.0862978 0.330972 0.0559947 0.132928 1.68581e-05
0 0.24193 0.0711876 0.0602767 0.142375 1.69328e-05
0 0.953063 0.6778 0.0859684 0.195007 1.69345e-05
0 0.667325 0.989204 0.0632411 0.0215924 1.69966e-05
0 0.564888 0.217274 0.0454545 0.136302 1.70059e-05
0 0.411726 0.937922 0.055336 0.102564 1.70134e-05
0 0.756917 0.175776 0.0401845 0.116734 1.70186e-05
0 0.185441 0.534076 0.0467721 0.114035 1.70319e-05
0 0.207181 0.696694 0.0599473 0.220648 1.7072e-05
0 0.386034 0.765182 0.0586298 0.126856 1.70799e-05
0 0.088274 0.227395 0.0559947 0.140351 1.70822e-05
0 0.259552 0.87888 0.0507246 0.111336 1.71392e-05
0 0.402833 0.669703 0.0368906 0.169366 1.71955e-05
0 0.787549 0.280364 0.0368906 0.120783 1.73213e-05
0 0.887846 0.689609 0.0418314 0.133603 1.73557e-05
0 0.0634058 0.640014 0.048419 0.138327 1.73897e-05
0 0.208827 0.174426 0.0454545 0.123482 1.74157e-05
0 0.835968 0.32996 0.0744401 0.174089 1.75649e-05
0 0.293808 0.956815 0.0368906 0.0863698 1.75872e-05
0 0.436594 0.938934 0.0543478 0.0978408 1.76345e-05
0 0.112978 0.731781 0.0566535 0.12753 1.77432e-05
0 0.63587 0.743927 0.0391963 0.111336 1.77757e-05
0 0.30863 0.737179 0.0750988 0.143725 1.77887e-05
0 0.08778 0.788124 0.0576416 0.129555 1.78407e-05
0 0.83004 0.98583 0.0375494 0.0283401 1.79035e-05
0 0.655632 0.209852 0.0550066 0.14305 1.79407e-05
0 0.134717 0.222335 0.0527009 0.141026 1.79625e-05
0 0.487648 0.791835 0.0352437 0.116734 1.80156e-05
0 0.304842 0.925439 0.0556653 0.149123 1.80765e-05
0 0.501976 0.192645 0.0540184 0.166667 1.81817e-05
0 0.0431489 0.041498 0.0421607 0.082996 1.82156e-05
0 0.083004 0.888664 0.0487484 0.145749 1.8217e-05
0 0.381258 1 0.0576416 0 1.82304e-05
0 0.286067 0.939271 0.0503953 0.101215 1.82389e-05
0 0.908762 0.0546559 0.0566535 0.109312 1.8251e-05
0 0.965909 0.951417 0.0569829 0.097166 1.82579e-05
0 0.636528 0.947706 0.0543478 0.104588 1.82603e-05
0 0.336133 0.938259 0.0530303 0.0978408 1.8273e-05
0 0.311924 0.938596 0.0527009 0.101215 1.82989e-05
0 0.502141 0.998988 0.0543478 0.00202429 1.83236e-05
0 0.161726 0.585358 0.0461133 0.120783 1.8372e-05
0 0.34585 0.848853 0.06917 0.263158 1.84205e-05
0 0.0867918 0.687922 0.0503953 0.136977 1.84333e-05
0 0.00625823 0.950405 0.0125165 0.0991903 1.85215e-05
0 0.581028 0.803644 0.0520422 0.174089 1.86353e-05
0 0.660244 0.741228 0.0424901 0.112686 1.86861e-05
0 0.951416 0.545547 0.0806983 0.195007 1.87091e-05
0 0.0225626 0.339069 0.0444664 0.150472 1.87485e-05
0 0.264987 0.226383 0.0418314 0.120783 1.87679e-05
0 0.314229 0.58502 0.0467721 0.156545 1.89062e-05
0 1 0.978745 0 0.0425101 1.89512e-05
0 0.930501 0.0603914 0.0592885 0.120783 1.90286e-05
0 0.843544 0.804993 0.0467721 0.186235 1.91088e-05
0 0.952734 0.818489 0.0846509 0.17139 1.91273e-05
0 0.810935 0.588731 0.0454545 0.111336 1.93084e-05
0 0.488307 0.841768 0.0352437 0.115385 1.93157e-05
0 0.980072 0.443657 0.0398551 0.151822 1.93491e-05
0 0.111989 0.331309 0.0474308 0.132254 1.94374e-05
0 0.797266 0.276991 0.0589592 0.184211 1.9447e-05
0 0.461792 0.801619 0.0494071 0.147099 1.94662e-05
0 0.360013 0.938259 0.0520422 0.10054 1.95063e-05
0 0.987978 0.260796 0.0240448 0.2139 1.9526e-05
0 0.162714 0.976721 0.0619236 0.0465587 1.95609e-05
0 0.53442 0.215924 0.0471014 0.132254 1.9731e-05
0 0.979414 0.19973 0.0411726 0.159244 1.9806e-05
0 0.260046 0.939271 0.0490777 0.099865 1.99144e-05
0 0.110178 0.0560054 0.064888 0.112011 1.99814e-05
0 0.168478 0.390351 0.0615942 0.236842 2.00745e-05
0 0.869401 0.202092 0.0741107 0.145074 2.00982e-05
0 0.208992 0.737517 0.0503953 0.103914 2.01623e-05
0 0.827899 0.0549933 0.0471014 0.109987 2.01874e-05
0 0.60919 0.742578 0.03722 0.109987 2.01944e-05
0 0.125165 0.977058 0.0625823 0.0458839 2.03318e-05
0 0.451087 0.925439 0.0563241 0.149123 2.03415e-05
0 0.761528 0.737854 0.0454545 0.107287 2.04506e-05
0 0.630764 0.650472 0.0309618 0.132254 2.0469e-05
0 0.134058 0.636977 0.0461133 0.134953 2.05081e-05
0 0.938076 1 0.0289855 0 2.06122e-05
0 0.677042 0.847503 0.0569829 0.19973 2.06814e-05
0 0.770916 0.291161 0.0497365 0.143725 2.07886e-05
0 0.442688 0.219973 0.044137 0.130904 2.0841e-05
0 0.924901 0.95749 0.109354 0.0850202 2.08592e-05
0 0.761528 0.893725 0.0421607 0.104588 2.09548e-05
0 0.246706 0.208502 0.057971 0.144399 2.09917e-05
0 0.862319 0.962213 0.0757576 0.0755735 2.10105e-05
0 0.711133 0.737179 0.0461133 0.116734 2.10173e-05
0 0.621706 0.415992 0.023386 0.108637 2.1036e-05
0 0.774868 0.0603914 0.062253 0.120783 2.10944e-05
0 0.716074 0.956478 0.0309618 0.0870445 2.1142e-05
0 0.611331 0.887314 0.0401845 0.107962 2.12244e-05
0 0.00592885 0.974022 0.0118577 0.0519568 2.12616e-05
0 0.131917 0.825574 0.0629117 0.227395 2.12817e-05
0 0.693347 0.907895 0.0342556 0.184211 2.13255e-05
0 0.446311 0.958502 0.0250329 0.082996 2.13296e-05
0 0.336792 0.789811 0.0418314 0.109987 2.14296e-05
0 0.322134 1 0.0599473 0 2.14524e-05
0 0.134387 0.584683 0.0480896 0.12753 2.14775e-05
0 0.594532 0.216937 0.0461133 0.139676 2.15124e-05
0 0.813076 0.690958 0.0477602 0.117409 2.15509e-05
0 0.74193 0.67139 0.0635705 0.20108 2.15561e-05
0 0.274539 0.977733 0.0629117 0.0445344 2.15565e-05
0 0.0225626 0.39946 0.0438076 0.157895 2.16347e-05
0 0.237319 0.977733 0.0615942 0.0445344 2.1757e-05
0 0.483696 0.420378 0.0227273 0.129555 2.17746e-05
0 0.294631 0.827598 0.0536891 0.134278 2.1903e-05
0 0.835804 0.845142 0.0411726 0.116734 2.21029e-05
0 0.0872859 0.840081 0.0467721 0.121457 2.21415e-05
0 0.751647 0.91363 0.0638999 0.17274 2.2194e-05
0 0.1861 0.124494 0.0461133 0.122132 2.22485e-05
0 0.97332 0.97942 0.0533597 0.0411606 2.22864e-05
0 0.236825 0.950067 0.0204216 0.099865 2.24337e-05
0 0.986989 0.225034 0.0260211 0.135628 2.25092e-05
0 0.718215 0.95614 0.023386 0.0877193 2.25393e-05
0 0.658597 0.953104 0.0220685 0.0937922 2.25432e-05
0 0.511528 0.882591 0.0474308 0.109312 2.26057e-05
0 0.129282 0.570513 0.0892622 0.178812 2.26492e-05
0 0.929842 0.0445344 0.041502 0.0890688 2.26528e-05
0 0.267128 0.950067 0.0204216 0.099865 2.27962e-05
0 0.615448 0.194669 0.0550066 0.173414 2.28105e-05
0 0.113307 0.793522 0.044137 0.133603 2.29681e-05
0 0.902833 0.94197 0.044137 0.116059 2.29747e-05
0 0.683959 0.788124 0.0444664 0.11471 2.29814e-05
0 0.789855 0.838394 0.0559947 0.109987 2.29994e-05
0 0.0113636 0.362011 0.0227273 0.220648 2.30321e-05
0 0.813241 0.63529 0.0461133 0.111336 2.30776e-05
0 0.818676 0.875169 0.0615942 0.225371 2.31527e-05
0 0.979414 0.568826 0.0411726 0.157895 2.3251e-05
0 0.986825 0.171053 0.0256917 0.149123 2.33862e-05
0 0.00823452 0.884278 0.016469 0.142375 2.34199e-05
0 0.6889 0.951754 0.0220685 0.0964912 2.35572e-05
0 0.47365 0.831984 0.0447958 0.126856 2.35714e-05
0 0.112648 0.689271 0.0461133 0.134278 2.35744e-05
0 0.893281 1 0.0210804 0 2.37976e-05
0 0.32691 0.952767 0.0214097 0.0944669 2.3812e-05
0 0.419631 0.950405 0.0428195 0.0991903 2.397e-05
0 0.619236 0.762821 0.0704875 0.207153 2.40388e-05
0 0.741601 1 0.0550066 0 2.41218e-05
0 0.296937 0.951417 0.020751 0.097166 2.41376e-05
0 0.160408 0.690621 0.0527009 0.124831 2.41707e-05
0 0.113307 0.639676 0.0434783 0.140351 2.41812e-05
0 0.990448 0.767544 0.0191041 0.216599 2.42045e-05
0 0.206192 0.952429 0.0217391 0.0951417 2.42237e-05
0 0.621871 0.874831 0.0770751 0.180162 2.42384e-05
0 0.0620883 0.323212 0.0708169 0.137652 2.43069e-05
0 0.284256 0.226383 0.0434783 0.123482 2.4312e-05
0 0.892292 0.213563 0.0658762 0.141026 2.43606e-05
0 0.837451 0.862011 0.0701581 0.163968 2.45268e-05
0 0.113142 0.887989 0.0431489 0.120108 2.45333e-05
0 0.56143 1 0.0556653 0 2.45899e-05
0 0.341074 0.751687 0.0918972 0.226721 2.45916e-05
0 0.779315 0.53475 0.041502 0.103239 2.46455e-05
0 0.235672 0.278003 0.0444664 0.117409 2.46767e-05
0 0.17556 0.954791 0.0223979 0.0904184 2.48094e-05
0 0.506588 0.957827 0.0250329 0.0843455 2.49281e-05
0 0.138669 0.330972 0.0559947 0.12888 2.49488e-05
0 0.0466074 0.949055 0.0352437 0.101889 2.50185e-05
0 0.218874 0.5 0.0635705 0.140351 2.52309e-05
0 0.621542 1 0.0573123 0 2.52695e-05
0 0.988142 0.670715 0.0237154 0.225371 2.53053e-05
0 0.313076 0.977733 0.0662055 0.0445344 2.53147e-05
0 0.98666 0.633603 0.0220685 0.159244 2.53507e-05
0 0.0528656 0.801957 0.0662055 0.158569 2.54164e-05
0 0.962451 0.973347 0.0434783 0.0533063 2.54998e-05
0 0.114625 0.840418 0.0434783 0.119433 2.55087e-05
0 0.811924 0.735493 0.0474308 0.107962 2.55448e-05
0 0.77668 0.736167 0.0750988 0.188934 2.55566e-05
0 0.140152 1 0.0576416 0 2.55666e-05
0 0.260705 1 0.0596179 0 2.55846e-05
0 0.556653 0.0846829 0.0632411 0.169366 2.56274e-05
0 0.0884387 0.97807 0.0609354 0.0438596 2.56955e-05
0 0.186265 0.794872 0.0477602 0.109312 2.57298e-05
0 0.458169 0.425101 0.0250329 0.118758 2.57437e-05
0 0.160738 0.531377 0.044137 0.118084 2.57779e-05
0 0.59552 0.652834 0.0250329 0.138327 2.5782e-05
0 0.236825 0.346154 0.0513834 0.148448 2.59693e-05
0 0.1861 0.174764 0.0401845 0.125506 2.6062e-05
0 0.16222 0.330972 0.0563241 0.126181 2.61233e-05
0 0.538208 0.791498 0.0362319 0.11336 2.61504e-05
0 0.33498 0.0570175 0.0586298 0.114035 2.61948e-05
0 0.392292 0.188596 0.057971 0.161269 2.62143e-05
0 0.134717 0.131242 0.0566535 0.139676 2.62304e-05
0 0.230402 0.0482456 0.0391963 0.0964912 2.62416e-05
0 0.187253 0.326586 0.0490777 0.122807 2.62815e-05
0 0.709486 0.0603914 0.0599473 0.120783 2.62982e-05
0 0.432971 0.668691 0.0365613 0.144399 2.63415e-05
0 0.185441 0.481444 0.044137 0.118084 2.64156e-05
0 0.192852 0.853914 0.0642292 0.219298 2.64908e-05
0 1 0.0553306 0 0.110661 2.65288e-05
0 0.835474 0.679487 0.0688406 0.17274 2.66024e-05
0 0.356555 0.953779 0.0220685 0.0924426 2.66102e-05
0 0.775198 0.450742 0.0431489 0.151147 2.67725e-05
0 0.200264 1 0.057971 0 2.68607e-05
0 0.337121 0.22807 0.0438076 0.117409 2.69503e-05
0 0.0635705 0.202767 0.0744401 0.150472 2.69646e-05
0 0.756094 0.222672 0.0431489 0.11336 2.70626e-05
0 0.776515 0.960864 0.0398551 0.0782726 2.72232e-05
0 0.311265 0.0570175 0.0507246 0.114035 2.72291e-05
0 0.0187747 1 0.0375494 0 2.73943e-05
0 0.185606 0.214238 0.0563241 0.142375 2.75219e-05
0 0.00708169 0.198381 0.0141634 0.167341 2.76288e-05
0 0.465415 0.194669 0.0540184 0.162618 2.77033e-05
0 0.511199 0.832996 0.0454545 0.112686 2.79009e-05
0 0.234848 0.88664 0.0388669 0.112011 2.79121e-05
0 0.206851 0.276991 0.0777339 0.142375 2.80233e-05
0 0.435277 0.790148 0.0359025 0.112011 2.81671e-05
0 0.263999 0.276653 0.0464427 0.112011 2.82524e-05
0 0.682312 1 0.0569829 0 2.82529e-05
0 0.180007 0.0725371 0.0774045 0.145074 2.82617e-05
0 0.71525 0.278677 0.0451252 0.106613 2.82823e-05
0 0.21031 0.904184 0.0569829 0.186235 2.83441e-05
0 0.113636 0.431174 0.0480896 0.132254 2.83859e-05
0 0.608202 0.65722 0.0398551 0.195682 2.8423e-05
0 0.0522069 0.442982 0.0668643 0.142375 2.8428e-05
0 0.137516 0.736842 0.0431489 0.128205 2.84594e-05
0 0.460639 0.940958 0.0523715 0.0978408 2.84756e-05
0 0.283926 0.337719 0.0428195 0.105938 2.85352e-05
0 0.787549 0.686572 0.0480896 0.174764 2.86689e-05
0 0.462615 0.876856 0.0550066 0.141026 2.87218e-05
0 0.209321 0.377868 0.0438076 0.122807 2.88127e-05
0 0.0444664 0.527328 0.0559947 0.12753 2.8846e-05
0 0.00543478 0.041498 0.0108696 0.082996 2.88929e-05
0 0.537549 0.791835 0.0632411 0.147773 2.89725e-05
0 0.111989 0.48583 0.0487484 0.128205 2.90606e-05
0 0.13587 0.532726 0.0464427 0.123482 2.91126e-05
0 0.715086 0.937922 0.0533597 0.124157 2.92718e-05
0 0.0635705 0.487179 0.0606061 0.140351 2.92724e-05
0 0.361825 0.790148 0.0418314 0.105263 2.92913e-05
0 0.62747 0.95614 0.0237154 0.0877193 2.93225e-05
0 0.55863 0.525304 0.0270092 0.120783 2.94108e-05
0 0.842885 0.926113 0.0573123 0.147773 2.94228e-05
0 0.986166 0.790823 0.027668 0.149798 2.95686e-05
0 0.852273 0.0546559 0.051054 0.109312 2.95853e-05
0 0.771574 0.952767 0.11166 0.0944669 2.97498e-05
0 0.743906 0.947031 0.0820158 0.105938 2.97685e-05
0 0.790349 0.890688 0.0438076 0.102564 2.97927e-05
0 0.164855 0.175101 0.0490777 0.123482 2.98441e-05
0 0.596838 0.76417 0.057971 0.126181 2.98655e-05
0 0.263999 0.34919 0.0451252 0.115385 3.017e-05
0 0.0864625 0.48583 0.0569829 0.136302 3.02969e-05
0 0.699769 0.955128 0.0227273 0.0897436 3.02995e-05
0 0.561924 0.8917 0.0375494 0.109987 3.03234e-05
0 0.633729 0.415317 0.0256917 0.131579 3.04299e-05
0 0.597003 0.957827 0.0247036 0.0843455 3.06841e-05
0 0.00708169 0.318826 0.0141634 0.153171 3.07397e-05
0 0.426548 0.198381 0.0533597 0.159244 3.09425e-05
0 0.413043 0.942645 0.0849802 0.11471 3.09616e-05
0 0.186924 0.689271 0.0556653 0.118084 3.09716e-05
0 0.719862 0.652497 0.0391963 0.122807 3.09763e-05
0 0.00823452 0.886302 0.016469 0.163968 3.10275e-05
0 0.666831 0.907895 0.0444664 0.184211 3.10329e-05
0 0.0932148 0.986167 0.0342556 0.0276653 3.12132e-05
0 0.486825 0.876856 0.0566535 0.126181 3.15054e-05
0 0.0212451 0.619771 0.0424901 0.255735 3.15452e-05
0 0.0839921 0.380229 0.0494071 0.135628 3.16514e-05
0 0.301054 0.216262 0.0586298 0.149123 3.17409e-05
0 0.160573 0.481781 0.0451252 0.121457 3.18449e-05
0 0.312088 0.277328 0.0477602 0.11471 3.19418e-05
0 0.114789 0.957827 0.0266798 0.0843455 3.19764e-05
0 0.47892 0.0641026 0.0619236 0.128205 3.22164e-05
0 0.230402 0.832996 0.0536891 0.124831 3.2217e-05
0 0.442852 0.947706 0.081357 0.104588 3.22314e-05
0 0.745389 0.541161 0.0507246 0.148448 3.22349e-05
0 0.190876 0.587382 0.0536891 0.111336 3.23512e-05
0 0.536067 0.958502 0.0253623 0.082996 3.24061e-05
0 0.136364 0.688934 0.0447958 0.126856 3.24183e-05
0 0.642787 0.90857 0.0405138 0.161269 3.25514e-05
0 0.442688 0.830972 0.0434783 0.123482 3.26395e-05
0 0.836792 0.889339 0.0424901 0.118758 3.28665e-05
0 0.987154 0.0502699 0.0256917 0.10054 3.29954e-05
0 0.172431 0.646086 0.0635705 0.134278 3.30388e-05
0 0.98666 0.513495 0.0266798 0.252362 3.30517e-05
0 0.0108696 0.64305 0.0217391 0.218623 3.32051e-05
0 0.0194335 0.698381 0.0388669 0.17004 3.3242e-05
0 0.673913 0.0468961 0.0474308 0.0937922 3.32593e-05
0 0.113142 0.584008 0.0451252 0.12888 3.35045e-05
0 0.537879 0.832659 0.0454545 0.109312 3.3549e-05
0 0.981719 0.8917 0.0365613 0.135628 3.36679e-05
0 0.757082 0.295884 0.0424901 0.107287 3.3704e-05
0 0.338603 0.946019 0.0988142 0.107962 3.37484e-05
0 0.557312 0.933873 0.0408432 0.132254 3.37651e-05
0 0.354414 0.876181 0.0606061 0.142375 3.38225e-05
0 0.777503 0.214238 0.062253 0.158569 3.4127e-05
0 0.185441 0.427126 0.0421607 0.126856 3.4271e-05
0 0.685112 0.281714 0.0665349 0.142375 3.44e-05
0 0.363142 0.728745 0.064888 0.161943 3.45216e-05
0 0.110178 0.532726 0.0477602 0.126181 3.47278e-05
0 0.112813 0.380567 0.048419 0.129555 3.48316e-05
0 0.911232 0.980769 0.0655468 0.0384615 3.48432e-05
0 0.325922 0.826248 0.0543478 0.12888 3.48695e-05
0 0.503953 0.42139 0.0283267 0.12753 3.48716e-05
0 0.482708 0.523279 0.0266798 0.118084 3.49005e-05
0 0.938735 0.279352 0.0757576 0.163293 3.49624e-05
0 0.138505 0.790486 0.0523715 0.119433 3.51275e-05
0 0.56637 0.958502 0.0253623 0.082996 3.51344e-05
0 0.501647 0.80027 0.0494071 0.148448 3.51387e-05
0 0.338274 0.276991 0.0454545 0.118084 3.55078e-05
0 0.192523 0.0452092 0.0391963 0.0904184 3.55403e-05
0 0.468215 0.420378 0.0260211 0.109312 3.55648e-05
0 0.159091 0.795547 0.0487484 0.117409 3.55682e-05
0 0.502141 0.289811 0.0438076 0.132928 3.56813e-05
0 0.987154 0.279015 0.0256917 0.12753 3.56931e-05
0 0.607049 0.420378 0.030303 0.110661 3.57987e-05
0 0.838768 0.551282 0.0754282 0.187584 3.59438e-05
0 0.259387 0.972672 0.0359025 0.0546559 3.61561e-05
0 0.937582 0.973684 0.0444664 0.0526316 3.61949e-05
0 0.161397 0.886977 0.0467721 0.111336 3.63819e-05
0 0.411891 0.227733 0.0405138 0.112686 3.65295e-05
0 0.980237 0.0647773 0.0395257 0.129555 3.65461e-05
0 0.389987 0.876181 0.0625823 0.139676 3.68046e-05
0 0.137681 0.483468 0.0447958 0.123482 3.68913e-05
0 0.733696 0.0482456 0.048419 0.0964912 3.69259e-05
0 0.684947 0.932524 0.0853096 0.134953 3.69375e-05
0 0.0464427 0.670378 0.06917 0.149123 3.69504e-05
0 0.987484 0.160594 0.0250329 0.264507 3.69954e-05
0 0.790679 0.398448 0.0688406 0.15722 3.70461e-05
0 0.0783926 0.945682 0.041502 0.108637 3.71301e-05
0 0.836792 0.94197 0.0536891 0.101215 3.71618e-05
0 0.016469 0.936235 0.0329381 0.12753 3.71858e-05
0 0.679842 0.90722 0.0375494 0.146424 3.7384e-05
0 0.495553 0.0472335 0.048419 0.0944669 3.7432e-05
0 0.621377 0.275304 0.051054 0.134953 3.74531e-05
0 0.373518 0.0502699 0.0487484 0.10054 3.74531e-05
0 0.160903 0.946356 0.0398551 0.104588 3.7822e-05
0 0.629282 0.0614035 0.0596179 0.122807 3.78517e-05
0 0.27915 0.929487 0.0490777 0.141026 3.82012e-05
0 0.684947 0.839744 0.0418314 0.108637 3.83526e-05
0 0.114789 0.177463 0.0596179 0.14305 3.86244e-05
0 0.137681 0.88664 0.041502 0.116059 3.86444e-05
0 0.684289 0.973684 0.0602767 0.0526316 3.87629e-05
0 0.759387 0.972672 0.0536891 0.0546559 3.88481e-05
0 0.432971 0.0506073 0.048419 0.101215 3.89526e-05
0 0.171278 0.935223 0.0843215 0.129555 3.89607e-05
0 0.00181159 0.0526316 0.00362319 0.105263 3.90715e-05
0 0.187418 0.735493 0.0533597 0.107962 3.90844e-05
0 0.488801 0.94973 0.0382082 0.0991903 3.91087e-05
0 0.0110343 0.23448 0.0220685 0.232794 3.91495e-05
0 0.614954 0.0465587 0.0507246 0.0931174 3.92754e-05
0 0.185771 0.378543 0.0421607 0.128205 3.92805e-05
0 0.202075 0.928812 0.0866271 0.142375 3.952e-05
0 0.365283 0.951754 0.0494071 0.0964912 3.97e-05
0 0.203228 0.834345 0.0540184 0.123482 4.04691e-05
0 0.744895 0.394062 0.0319499 0.133603 4.06353e-05
0 0.792655 0.048583 0.048419 0.097166 4.07548e-05
0 0.405138 0.0576923 0.0566535 0.115385 4.08755e-05
0 0.0243742 0.0593792 0.0487484 0.118758 4.10767e-05
0 0.137681 0.839069 0.0454545 0.115385 4.11576e-05
0 0.387352 0.225371 0.0368906 0.120108 4.13321e-05
0 0.0403491 0.972672 0.0411726 0.0546559 4.15293e-05
0 0.292819 0.925439 0.0876153 0.149123 4.15473e-05
0 0.722661 0.229757 0.0619236 0.162618 4.15581e-05
0 0.341733 0.334345 0.0503953 0.12888 4.17079e-05
0 0.948287 0.980432 0.0612648 0.0391363 4.18754e-05
0 0.234025 0.971997 0.0352437 0.0560054 4.20652e-05
0 0.812747 0.845816 0.0405138 0.108637 4.21396e-05
0 0.0541831 0.977733 0.0576416 0.0445344 4.24119e-05
0 0.138175 0.429487 0.0464427 0.130229 4.24969e-05
0 0.0143281 0.51417 0.0286561 0.152497 4.29635e-05
0 0.352767 0.826923 0.0520422 0.12888 4.29977e-05
0 0.35919 0.446694 0.0391963 0.11336 4.35142e-05
0 0.210804 0.886977 0.0421607 0.108637 4.36452e-05
0 0.985672 0.534076 0.0266798 0.15587 4.37821e-05
0 0.625 0.77193 0.0490777 0.128205 4.41255e-05
0 0.256094 0.934885 0.0359025 0.130229 4.41808e-05
0 0.352602 0.930499 0.0859684 0.139001 4.42956e-05
0 0.554018 0.0472335 0.0494071 0.0944669 4.4364e-05
0 0.0102108 0.446694 0.0204216 0.168691 4.44456e-05
0 0.218215 0.413293 0.0662055 0.145074 4.4564e-05
0 0.360507 0.232794 0.0556653 0.153846 4.45954e-05
0 0.111331 0.947368 0.0783926 0.105263 4.48742e-05
0 0.797596 0.336707 0.051054 0.120108 4.50156e-05
0 0.179183 0.9278 0.0533597 0.144399 4.52168e-05
0 0.623518 0.93556 0.0816864 0.12888 4.5272e-05
0 0.333169 0.45749 0.0517128 0.161943 4.5815e-05
0 0.654809 0.826923 0.055336 0.199055 4.5952e-05
0 0.265975 0.666329 0.0497365 0.163968 4.59574e-05
0 0.593544 0.940958 0.0803689 0.118084 4.67473e-05
0 0.136199 0.946694 0.0391963 0.106613 4.68189e-05
0 0.00461133 0.791835 0.00922266 0.178812 4.68431e-05
0 0.873188 0.980094 0.0645586 0.0398111 4.70338e-05
0 0.327899 0.954791 0.0497365 0.0904184 4.70944e-05
0 0.640975 0.348516 0.0329381 0.145074 4.71435e-05
0 0.527997 0.423077 0.0270092 0.11471 4.72114e-05
0 0.315053 0.357625 0.0424901 0.134953 4.73804e-05
0 0.564888 0.792173 0.0375494 0.106613 4.7629e-05
0 0.15168 0.95749 0.0444664 0.0850202 4.7728e-05
0 0.420949 0.955128 0.0770751 0.0897436 4.79937e-05
0 0.263175 0.0519568 0.0592885 0.103914 4.80232e-05
0 0.576581 0.874494 0.0543478 0.1417 4.82138e-05
0 0.13834 0.379555 0.0487484 0.131579 4.82225e-05
0 0.532938 0.947031 0.0797101 0.105938 4.82888e-05
0 0.643445 0.727395 0.0780632 0.236167 4.83849e-05
0 0.488801 0.765857 0.0711462 0.234818 4.83863e-05
0 0.418314 0.749325 0.0711462 0.178812 4.87861e-05
0 0.813406 0.886977 0.0398551 0.115385 4.91236e-05
0 0.384387 0.826248 0.0494071 0.12753 4.94379e-05
0 0.511034 0.949055 0.0365613 0.101889 4.96067e-05
0 0.14114 0.94197 0.0800395 0.116059 4.97269e-05
0 0.310771 0.655196 0.0767457 0.271255 5.00319e-05
0 0.286726 0.274966 0.0444664 0.112686 5.00894e-05
0 0.607708 0.240216 0.0527009 0.152497 5.0113e-05
0 0.279315 0.967274 0.0342556 0.0654521 5.05109e-05
0 0.91222 0.972335 0.0464427 0.0553306 5.07401e-05
0 0.854578 0.27834 0.100461 0.196356 5.10061e-05
0 0.160573 0.839744 0.0523715 0.107287 5.13082e-05
0 0.192358 0.630567 0.0606061 0.107287 5.14542e-05
0 0.412385 0.973684 0.0447958 0.0526316 5.1535e-05
0 0.563735 0.83637 0.0365613 0.108637 5.19335e-05
0 0.410903 0.791161 0.03722 0.107287 5.21236e-05
0 0.00955204 0.57085 0.0191041 0.249663 5.23183e-05
0 0.412549 0.828273 0.0451252 0.122132 5.23884e-05
0 0.209486 0.971997 0.0368906 0.0560054 5.26039e-05
0 0.169137 0.0448718 0.0391963 0.0897436 5.27728e-05
0 0.379776 0.959852 0.0401845 0.0802969 5.30791e-05
0 0.0167984 0.805331 0.0335968 0.176113 5.33649e-05
0 0.387846 0.791498 0.0385376 0.106613 5.34489e-05
0 0.92276 1 0.0253623 0 5.35542e-05
0 0.563076 0.944332 0.078722 0.111336 5.36569e-05
0 0.540679 0.875843 0.0523715 0.139001 5.3827e-05
0 0.726285 0.961876 0.030303 0.0762483 5.39602e-05
0 0.352108 0.977395 0.06917 0.0452092 5.40446e-05
0 0.092556 0.544197 0.0586298 0.232794 5.42698e-05
0 0.61693 0.956815 0.108037 0.0863698 5.44087e-05
0 0.161232 0.37888 0.0471014 0.131579 5.55371e-05
0 0.430171 0.877193 0.0540184 0.1417 5.57574e-05
0 0.585145 0.626181 0.0352437 0.180837 5.64198e-05
0 0.857872 0.941633 0.0391963 0.116734 5.65901e-05
0 0.388175 0.274291 0.0464427 0.122132 5.76908e-05
0 0.685771 0.654521 0.0566535 0.210526 5.78399e-05
0 0.0219038 0.468961 0.0385376 0.148448 5.87085e-05
0 0.18643 0.843455 0.0500659 0.102564 5.88509e-05
0 0.363307 0.275641 0.0447958 0.118084 5.89492e-05
0 0.233366 0.562753 0.0642292 0.107962 5.93375e-05
0 0.560112 0.970648 0.0359025 0.0587045 5.96669e-05
0 0.570323 0.75 0.0583004 0.248988 5.98167e-05
0 0.18857 0.88529 0.0444664 0.109312 5.99526e-05
0 0.986331 0.838731 0.020751 0.163293 6.00427e-05
0 0.638175 0.95749 0.0200922 0.0850202 6.05656e-05
0 0.658926 0.790148 0.0424901 0.112011 6.07537e-05
0 0.572958 0.533401 0.0517128 0.238192 6.10607e-05
0 0.00197628 0.986842 0.00395257 0.0263158 6.11689e-05
0 0.0647233 0.535762 0.0530303 0.128205 6.23582e-05
0 0.669631 0.651147 0.041502 0.14305 6.3385e-05
0 0.0100461 0.062753 0.0200922 0.125506 6.36195e-05
0 0.837121 0.978408 0.0681818 0.0431849 6.39554e-05
0 0.479249 0.961538 0.105402 0.0769231 6.43134e-05
0 0.518445 0.318151 0.0349144 0.177463 6.44762e-05
0 0.360837 0.974022 0.0418314 0.0519568 6.47105e-05
0 0.281785 0.446694 0.0352437 0.11336 6.53177e-05
0 0.481719 0.951417 0.0411726 0.097166 6.58577e-05
0 0.192852 0.940283 0.0444664 0.119433 6.62273e-05
0 0.667325 0.241228 0.0500659 0.154521 6.63073e-05
0 0.502141 0.946694 0.0714756 0.106613 6.64655e-05
0 0.389163 0.977395 0.0694993 0.0452092 6.66405e-05
0 0.579216 0.968961 0.0293149 0.0620783 6.66411e-05
0 0.887846 0.942982 0.0365613 0.114035 6.69585e-05
0 0.987154 0.330972 0.0256917 0.120783 6.74538e-05
0 0.547596 0.742915 0.0543478 0.178138 6.82379e-05
0 0.534091 0.29386 0.0438076 0.132928 6.89504e-05
0 0.0205863 0.503374 0.0411726 0.240216 6.95504e-05
0 0.785079 0.972335 0.0523715 0.0553306 7.04668e-05
0 0.559453 0.9639 0.0780632 0.0721997 7.20197e-05
0 0.217556 0.544197 0.0530303 0.105938 7.31875e-05
0 0.426548 0.97807 0.0724638 0.0438596 7.44801e-05
0 0.799901 0.977733 0.0662055 0.0445344 7.46091e-05
0 0.257082 0.448718 0.0339262 0.139001 7.46594e-05
0 0.988636 0.440283 0.0227273 0.216599 7.59384e-05
0 0.0630764 0.964912 0.0464427 0.0701754 7.60957e-05
0 0.987484 0.90857 0.0250329 0.182861 7.63021e-05
0 0.304513 0.964575 0.0385376 0.0708502 7.64891e-05
0 0.686265 0.937922 0.0602767 0.124157 7.73366e-05
0 0.4417 0.953104 0.0513834 0.0937922 7.77182e-05
0 0.661067 0.837045 0.0421607 0.103239 7.81629e-05
0 0.212615 0.629555 0.0563241 0.160594 7.87785e-05
0 0.726779 0.977058 0.0629117 0.0458839 7.95465e-05
0 0.38027 0.41498 0.0326087 0.1417 8.04237e-05
0 0.544302 0.254049 0.051054 0.154521 8.08534e-05
0 0.0848155 0.535088 0.0464427 0.130904 8.0886e-05
0 0.570487 0.65722 0.0316206 0.164642 8.15508e-05
0 0.217391 0.940621 0.0401845 0.118758 8.19177e-05
0 0.533597 0.972672 0.0500659 0.0546559 8.34906e-05
0 0.984848 0.780027 0.030303 0.325236 8.45646e-05
0 0.50807 0.524292 0.0253623 0.116059 8.50639e-05
0 0.682148 0.352227 0.0401845 0.152497 8.51062e-05
0 0.416667 0.412281 0.030303 0.124157 8.55459e-05
0 0.0927207 0.939946 0.0451252 0.120108 8.58745e-05
0 0.45504 0.324224 0.0405138 0.184211 8.69183e-05
0 0.584321 0.657557 0.0685112 0.240891 8.79279e-05
0 0.630764 0.825911 0.0546772 0.190283 8.79503e-05
0 0.242424 0.942645 0.0388669 0.11471 8.81232e-05
0 0.0125165 0.902497 0.0250329 0.195007 8.81282e-05
0 0.987648 0.0748988 0.0220685 0.121457 8.86317e-05
0 0.678689 0.417679 0.0312912 0.144399 8.8733e-05
0 0.887187 0.972672 0.0457839 0.0546559 8.88129e-05
0 0.623353 0.651147 0.0780632 0.260459 8.89059e-05
0 0.989295 0.59278 0.0214097 0.230094 8.91972e-05
0 0.818017 0.940958 0.0490777 0.118084 8.98919e-05
0 0.342062 0.962888 0.0405138 0.074224 9.0401e-05
0 0.302042 0.44197 0.0335968 0.129555 9.12177e-05
0 0.00757576 0.659919 0.0151515 0.190283 9.14979e-05
0 0.484025 0.256073 0.051054 0.141026 9.37097e-05
0 0.438076 0.974359 0.0467721 0.0512821 9.38965e-05
0 0.988636 0.33502 0.0227273 0.192308 9.48261e-05
0 0.375659 0.365722 0.048419 0.174089 9.48617e-05
0 0.731555 0.920378 0.0480896 0.159244 9.56781e-05
0 0.0108696 0.463563 0.0217391 0.230769 9.64475e-05
0 0.0111989 0.566464 0.0223979 0.150472 9.91131e-05
0 0.590415 0.833671 0.0398551 0.101889 0.000101752
0 0.647727 0.976046 0.0629117 0.0479082 0.000102049
0 0.811594 0.97031 0.0421607 0.0593792 0.000102247
0 0.0205863 0.634278 0.0365613 0.14305 0.000104785
0 0.72052 0.354588 0.0385376 0.143725 0.000104787
0 0.589592 0.290486 0.0461133 0.12888 0.000105152
0 0.606225 0.826923 0.0550066 0.197706 0.000105822
0 0.538702 0.947031 0.0536891 0.105938 0.000106323
0 0.861989 0.972335 0.0467721 0.0553306 0.000106746
0 0.987154 0.0360999 0.0256917 0.0721997 0.000106969
0 0.18643 0.973684 0.041502 0.0526316 0.000107491
0 0.130105 0.92915 0.0494071 0.1417 0.000108688
0 0.273386 0.612686 0.0704875 0.1417 0.000109064
0 0.46525 0.979082 0.0714756 0.0418354 0.000110748
0 0.519269 0.525304 0.0227273 0.123482 0.000113611
0 0.530797 0.622807 0.0240448 0.161943 0.000113723
0 0.613472 0.942645 0.0563241 0.11471 0.000113946
0 0.761693 0.978408 0.064888 0.0431849 0.000115103
0 0.488801 0.973684 0.0461133 0.0526316 0.000116833
0 0.650198 0.939609 0.0566535 0.120783 0.000118189
0 0.978426 0.991903 0.0418314 0.0161943 0.000119198
0 0.466733 0.30027 0.0434783 0.121457 0.000120129
0 0.614295 0.95108 0.0270092 0.0978408 0.000120931
0 0.768116 0.559379 0.0487484 0.118758 0.000123226
0 0.75774 0.412955 0.0471014 0.17274 0.000124934
0 0.467062 0.959514 0.0461133 0.0809717 0.000125602
0 0.372036 0.630904 0.0490777 0.210526 0.00012639
0 0.0144928 0.981781 0.0289855 0.0364372 0.000128742
0 0.594368 0.391026 0.0312912 0.145074 0.00013189
0 0.98946 0.0907557 0.0210804 0.181511 0.000134721
0 0.98946 0.973347 0.0210804 0.0533063 0.000135163
0 0.421937 0.260459 0.0474308 0.151147 0.000137429
0 0.590744 0.794534 0.0385376 0.103239 0.000140055
0 0.767128 0.941296 0.0533597 0.117409 0.000140554
0 0.402833 0.296896 0.0586298 0.134953 0.000142106
0 0.561265 0.293522 0.0408432 0.125506 0.000145596
0 0.98913 0.85054 0.0217391 0.236842 0.000148701
0 0.117424 0.942308 0.0418314 0.115385 0.000148768
0 0.495883 0.551957 0.0286561 0.130904 0.000149769
0 0.637022 0.79386 0.0408432 0.108637 0.000150805
0 0.29529 0.648785 0.0385376 0.149123 0.000151808
0 0.166831 0.9639 0.0365613 0.0721997 0.0001523
0 0.733531 0.415992 0.0447958 0.180162 0.000157101
0 0.618248 0.439609 0.0513834 0.207153 0.000158413
0 0.00955204 0.787112 0.0191041 0.281377 0.00016217
0 0.137022 0.973347 0.0447958 0.0533063 0.000170224
0 0.33004 0.397773 0.0500659 0.182861 0.000175434
0 0.613307 0.978408 0.0671937 0.0431849 0.000175527
0 0.51861 0.954453 0.0398551 0.0910931 0.000175812
0 0.0347497 0.563765 0.0609354 0.118084 0.000177674
0 0.466568 0.549258 0.0418314 0.209177 0.000182471
0 0.0349144 0.999325 0.0349144 0.00134953 0.000183373
0 0.0103755 0.132591 0.020751 0.238192 0.000189969
0 0.00922266 0.947368 0.0184453 0.105263 0.000197662
0 0.0555007 0.978408 0.0326087 0.0431849 0.000199181
0 0.75247 0.951417 0.03722 0.097166 0.000199461
0 0.504117 0.978745 0.0694993 0.0425101 0.000202324
0 0.531785 0.559717 0.0273386 0.147773 0.000203758
0 0.271245 0.316464 0.0681818 0.19973 0.000205107
0 0.649374 0.299933 0.0569829 0.149123 0.0002063
0 0.792655 0.941633 0.0477602 0.116734 0.000208827
0 0.430501 0.488192 0.0421607 0.197706 0.00021441
0 0.57691 0.979757 0.0694993 0.0404858 0.000216471
0 0.777833 0.342443 0.0530303 0.172065 0.00021945
0 0.765975 0.654858 0.0681818 0.188259 0.000224351
0 0.112978 0.973347 0.0454545 0.0533063 0.000231145
0 0.787055 0.635965 0.0602767 0.143725 0.000232412
0 0.742589 0.204116 0.0451252 0.151822 0.000233406
0 0.0895916 0.974359 0.0467721 0.0512821 0.000236693
0 0.612484 0.794197 0.0398551 0.105263 0.000242691
0 0.468709 0.622807 0.0283267 0.17274 0.000245012
0 0.246377 0.464912 0.044137 0.188934 0.000260139
0 0.841733 0.960189 0.0398551 0.0796221 0.000262842
0 0.407609 0.584683 0.0352437 0.166667 0.000268574
0 0.541173 0.979757 0.0685112 0.0404858 0.00027753
0 0.568347 0.943995 0.0385376 0.112011 0.000277872
0 0.591403 0.939609 0.0391963 0.120783 0.000278953
0 0.395916 0.41498 0.0316206 0.133603 0.000279901
0 0.989954 0.989541 0.0200922 0.0209177 0.000285346
0 0.951416 0.997638 0.0352437 0.00472335 0.000315811
0 0.0212451 0.523279 0.0359025 0.130229 0.000329716
0 0.440876 0.562416 0.0385376 0.163968 0.000354467
0 0.419796 0.559717 0.034585 0.124831 0.000361577
0 0.619565 0.390013 0.0349144 0.14305 0.000373785
0 0.432971 0.306005 0.051054 0.159919 0.000420486
0 0.545949 0.319838 0.0497365 0.157895 0.000441119
0 0.50527 0.961876 0.0401845 0.0762483 0.000446297
0 0.570982 0.352564 0.0319499 0.153171 0.00052397
0 0.329051 0.608974 0.0494071 0.192308 0.000580503
0 0.0181159 0.563428 0.0362319 0.164642 0.000613432
0 0.740613 0.314777 0.0583004 0.120783 0.00068288
0 0.612978 0.316802 0.0494071 0.165317 0.000699754
0 0.242424 0.417004 0.0665349 0.175439 0.000726153
0 0.737813 0.949055 0.0329381 0.101889 0.000735701
0 0.507905 0.627868 0.0322793 0.181511 0.000744529
0 0.415349 0.639001 0.0395257 0.218623 0.00115836
0 0.254282 0.385628 0.0395257 0.159919 0.00137261
0 0.358531 0.342443 0.0701581 0.207153 0.00218122
0 0.764657 0.350877 0.0424901 0.121457 0.00231279
0 0.297101 0.407557 0.0474308 0.139001 0.003495
0 0.407938 0.349865 0.048419 0.189609 0.00453312
0 0.644763 0.612348 0.0583004 0.170715 0.00653044
0 0.554842 0.584683 0.0359025 0.209852 0.0214338
0 0.692688 0.390351 0.0513834 0.169366 0.0492721
0 0.482708 0.375506 0.0339262 0.196356 0.0502006
0 0.695817 0.600877 0.0451252 0.188259 0.0699926
0 0.514657 0.382254 0.0319499 0.177463 0.0724105
0 0.643939 0.502362 0.0704875 0.427126 0.105714
0 0.412879 0.511808 0.062253 0.423077 0.126333
0 0.546113 0.374494 0.105402 0.180837 0.151143
0 0.487978 0.375506 0.103096 0.18691 0.154389
0 0.264493 0.527328 0.0645586 0.362348 0.157056
0 0.342556 0.505736 0.0750988 0.405533 0.161773
0 0.404644 0.382254 0.123518 0.178812 0.170666
0 0.551219 0.591093 0.0853096 0.197031 0.172441
0 0.475626 0.590081 0.0836627 0.189609 0.226414
0 0.363801 0.398448 0.120224 0.172065 0.24178
0 0.671607 0.390351 0.12253 0.168016 0.260431
0 0.315217 0.407895 0.127141 0.158569 0.26682
0 0.602437 0.598853 0.0790514 0.188259 0.28226
0 0.380599 0.615385 0.100461 0.198381 0.305849
0 0.713933 0.508772 0.048419 0.398111 0.306926
0 0.609848 0.378543 0.0853096 0.174089 0.321871
0 0.423419 0.603576 0.0793808 0.188259 0.324326
0 0.70191 0.607962 0.110672 0.182186 0.34285
0 0.421772 0.372132 0.0464427 0.174764 0.394696
0 0.724802 0.371457 0.0747694 0.153171 0.437342
0 0.426219 0.607962 0.0349144 0.210526 0.734522
0 0.501482 0.588057 0.0312912 0.177463 0.753273
0 0.606884 0.373482 0.0385376 0.162618 0.781324
0 0.43857 0.367072 0.0418314 0.198381 0.787768
0 0.495389 0.375506 0.0335968 0.205803 0.79387
0 0.540843 0.582996 0.0289855 0.194332 0.798201
0 0.581522 0.37112 0.0339262 0.176788 0.800158
0 0.467391 0.370783 0.0322793 0.197706 0.814681
0 0.453887 0.592105 0.0382082 0.195007 0.823909
0 0.477437 0.58637 0.0319499 0.182186 0.827501
0 0.596014 0.602564 0.0326087 0.195682 0.828197
0 0.519433 0.582321 0.0289855 0.191633 0.833229
0 0.746871 0.354251 0.0418314 0.147099 0.837925
0 0.625494 0.604251 0.0421607 0.181511 0.838772
0 0.527997 0.373144 0.0342556 0.183536 0.841445
0 0.555501 0.373144 0.0286561 0.17274 0.844666
0 0.235507 0.607287 0.0737813 0.139001 0.84977
0 0.633564 0.380904 0.03722 0.162618 0.851266
0 0.396574 0.618758 0.0408432 0.195682 0.851783
0 0.395586 0.383266 0.0474308 0.179487 0.854226
0 0.567852 0.598853 0.0395257 0.208502 0.854676
0 0.35919 0.400135 0.0536891 0.17139 0.861072
0 0.270422 0.406545 0.044137 0.15587 0.864466
0 0.669137 0.389001 0.0457839 0.174764 0.873782
0 0.313406 0.416329 0.0457839 0.157895 0.875753
0 0.711627 0.405196 0.0405138 0.178812 0.87625
0 0.763175 0.608637 0.0507246 0.14305 0.883453
0 0.669137 0.608637 0.0629117 0.190283 0.885158
0 0.715086 0.603914 0.0540184 0.165992 0.888392
0 0.296772 0.616734 0.0625823 0.17004 0.889599
0 0.34865 0.628542 0.0675231 0.201754 0.902632
