9 0.60109 0.48666 0.0463426 0.0543478 0.628868
4 0.488187 0.633893 0.671059 0.467391 0.74008
9 0.413448 0.549407 0.030895 0.0592885 0.765115
9 0.613585 0.493577 0.0331667 0.0405138 0.789203
2 0.502726 0.333992 0.439346 0.229249 0.790581
9 0.315311 0.517292 0.0172649 0.0326087 0.79872
9 0.590186 0.48419 0.0199909 0.041502 0.808933
5 0.502499 0.184783 0.445252 0.332016 0.826079
9 0.378464 0.574605 0.0181736 0.0365613 0.832859
9 0.643798 0.553854 0.0245343 0.048419 0.847924
9 0.343935 0.609684 0.0290777 0.0474308 0.862091
