0 0.482262 0.663868 0.0339985 0.169913 0.808652
0 0.432742 0.701142 0.0369549 0.204164 0.816618
0 0.526792 0.671256 0.0328899 0.180658 0.820565
0 0.503141 0.669241 0.0299335 0.16857 0.829833
0 0.362897 0.503358 0.0495196 0.19006 0.831361
0 0.404102 0.714574 0.0373245 0.200134 0.831547
0 0.461197 0.678643 0.037694 0.180658 0.8339
0 0.41796 0.485897 0.0413895 0.177972 0.836639
0 0.484479 0.474144 0.0399113 0.178643 0.837815
0 0.556171 0.475487 0.0325203 0.165212 0.840018
0 0.592757 0.472801 0.0406504 0.166555 0.840287
0 0.617147 0.490262 0.0391722 0.170584 0.841347
0 0.523466 0.470114 0.0365854 0.175957 0.845613
0 0.448633 0.481867 0.0347376 0.187374 0.848438
0 0.648744 0.48724 0.0417591 0.186031 0.857948
0 0.328529 0.51276 0.0613452 0.195433 0.859797
0 0.684959 0.5 0.0484109 0.177972 0.862639
0 0.735403 0.487911 0.0539542 0.179315 0.863459
0 0.370103 0.723976 0.04915 0.194762 0.865479
0 0.233186 0.652451 0.0724316 0.117529 0.865525
0 0.626386 0.703156 0.0502587 0.162525 0.878741
0 0.277347 0.708865 0.0971914 0.153794 0.884887
0 0.724316 0.67092 0.0835181 0.157152 0.887354
