0 0.421286 0.683345 0.045085 0.161854 0.807823
0 0.555063 0.482539 0.0280857 0.16454 0.81775
0 0.39745 0.493956 0.0402809 0.13499 0.833038
0 0.625831 0.475823 0.0402809 0.129617 0.833788
0 0.581116 0.659503 0.0321508 0.158496 0.835197
0 0.359941 0.491941 0.0391722 0.147079 0.86438
0 0.609941 0.659503 0.0395418 0.169241 0.871399
0 0.662602 0.465413 0.0421286 0.14775 0.872289
0 0.645602 0.641706 0.0517369 0.141706 0.872394
0 0.68847 0.620887 0.0539542 0.147079 0.881517
0 0.381005 0.662525 0.0635625 0.155138 0.891752
