0 0.422579 0.673913 0.0439763 0.18796 0.826834
0 0.45898 0.657525 0.0332594 0.145819 0.831569
0 0.546194 0.446823 0.0339985 0.192642 0.833072
0 0.487805 0.652843 0.0317812 0.132441 0.835624
0 0.548781 0.648829 0.037694 0.152508 0.835663
0 0.396711 0.442475 0.0417591 0.222742 0.835758
0 0.518477 0.651839 0.0384331 0.150502 0.837689
0 0.235957 0.356187 0.0454545 0.122408 0.845149
0 0.470251 0.454181 0.0373245 0.214047 0.845188
0 0.366962 0.46087 0.037694 0.185953 0.852476
0 0.618625 0.447492 0.0406504 0.187291 0.85416
0 0.43459 0.453177 0.0354767 0.201338 0.855113
0 0.584072 0.435117 0.0358463 0.213378 0.857942
0 0.510717 0.460201 0.0391722 0.191304 0.858323
0 0.180525 0.624749 0.0957132 0.132441 0.859257
0 0.336475 0.452843 0.0365854 0.192642 0.860656
0 0.619364 0.644147 0.0391722 0.173913 0.862721
0 0.650961 0.440468 0.0402809 0.185284 0.866231
0 0.299889 0.446823 0.0513673 0.179264 0.867677
0 0.69272 0.430435 0.0558019 0.185284 0.870964
0 0.586659 0.659866 0.04915 0.183946 0.871497
0 0.742055 0.419064 0.0473023 0.181271 0.874184
0 0.654472 0.641472 0.0480414 0.179264 0.876565
0 0.385994 0.666555 0.0432373 0.174582 0.876721
0 0.255913 0.429431 0.0624538 0.175251 0.87697
0 0.250554 0.628094 0.0694752 0.183278 0.877299
0 0.350148 0.663545 0.0572801 0.192642 0.880211
0 0.707502 0.63612 0.0846268 0.195318 0.894051
0 0.81116 0.579264 0.0620843 0.13913 0.8946
0 0.759054 0.596321 0.0746489 0.171906 0.899537
0 0.297857 0.650836 0.0849963 0.197993 0.903565
