0 0.483653 0.660175 0.0333554 0.175957 0.803874
0 0.459049 0.665883 0.0350066 0.186031 0.814048
0 0.59858 0.432169 0.0320343 0.180658 0.820216
0 0.430812 0.446944 0.0359974 0.206179 0.825787
0 0.458058 0.46004 0.0290621 0.194762 0.83039
0 0.378468 0.457018 0.0389696 0.16454 0.831023
0 0.301519 0.432841 0.0468956 0.184688 0.833165
0 0.589663 0.642042 0.0426024 0.163868 0.835897
0 0.405878 0.45131 0.0389696 0.174614 0.837746
0 0.431473 0.661182 0.0320343 0.179315 0.841277
0 0.539465 0.437206 0.0366579 0.184016 0.842591
0 0.406374 0.658831 0.0406209 0.194762 0.844048
0 0.514366 0.458697 0.0346764 0.190732 0.844623
0 0.623844 0.433848 0.0376486 0.173271 0.846485
0 0.570839 0.426461 0.0333554 0.190732 0.84688
0 0.661658 0.430154 0.0485469 0.173942 0.849076
0 0.483983 0.455003 0.0346764 0.199463 0.850938
0 0.345608 0.458026 0.0459049 0.157152 0.8549
0 0.568197 0.659503 0.0426024 0.178643 0.857372
0 0.277576 0.382807 0.0412814 0.141034 0.858845
0 0.703765 0.417058 0.0495376 0.155809 0.865662
0 0.314564 0.638012 0.0584544 0.171927 0.876486
0 0.756605 0.583277 0.0640687 0.122901 0.87848
0 0.659841 0.629617 0.0858653 0.186031 0.879521
0 0.619386 0.638348 0.0571334 0.172599 0.882972
0 0.255449 0.621222 0.0716645 0.134318 0.884553
0 0.359974 0.657152 0.0726552 0.19006 0.892774
0 0.706407 0.608798 0.0614267 0.157824 0.897075
