0 0.398977 0.669033 0.0406075 0.183232 0.812258
0 0.490921 0.630832 0.0290525 0.18526 0.813343
0 0.575107 0.441853 0.0323539 0.157539 0.817118
0 0.446187 0.655849 0.0320238 0.210953 0.826179
0 0.469132 0.637255 0.0297128 0.187289 0.828408
0 0.623473 0.678161 0.037306 0.201487 0.832646
0 0.537141 0.638607 0.0323539 0.189993 0.833862
0 0.398316 0.459094 0.0505117 0.171738 0.834824
0 0.467481 0.434753 0.034995 0.194726 0.84016
0 0.239353 0.628127 0.0798944 0.147397 0.842199
0 0.502146 0.436444 0.0415979 0.180527 0.843095
0 0.591779 0.665652 0.0366458 0.185936 0.845411
0 0.542423 0.443205 0.0409376 0.188641 0.846468
0 0.430505 0.43881 0.048861 0.20284 0.848573
0 0.656817 0.463151 0.0432486 0.171738 0.861051
0 0.364807 0.472955 0.048861 0.167005 0.86131
0 0.238197 0.415483 0.0577748 0.153482 0.864125
0 0.277814 0.477012 0.04655 0.184584 0.864686
0 0.561737 0.659905 0.0379663 0.219067 0.864717
0 0.717564 0.68357 0.0564543 0.18526 0.869024
0 0.666227 0.693036 0.0495213 0.212306 0.871364
0 0.778805 0.426302 0.0620667 0.144016 0.873076
0 0.323539 0.48073 0.0567844 0.17309 0.874351
0 0.300429 0.687289 0.0574447 0.183232 0.87548
0 0.6966 0.464841 0.0587653 0.183232 0.880706
0 0.741499 0.467546 0.0475404 0.191345 0.885899
0 0.355068 0.693036 0.0656983 0.20284 0.890797
