7 0.381692 0.48924 0.0350297 0.0464022
7 0.699769 0.489576 0.0294118 0.0457297
0 0.505783 0.644923 0.0538665 0.166779
7 0.438202 0.495629 0.0290813 0.0390047
7 0.407964 0.495965 0.0261071 0.0396772
7 0.318077 0.529926 0.0241243 0.0443847
0 0.365169 0.411231 0.0746861 0.156691
0 0.469266 0.647276 0.0581626 0.180901
0 0.502644 0.433759 0.0614673 0.197714
0 0.546431 0.435104 0.0637806 0.182919
7 0.698116 0.546066 0.0280899 0.0403497
7 0.676636 0.495629 0.0287508 0.0457297
7 0.298909 0.46503 0.0254461 0.0356422
7 0.360542 0.536315 0.0337079 0.0369872
7 0.344679 0.48117 0.0350297 0.0437122
7 0.707039 0.48655 0.0261071 0.0316073
7 0.648381 0.561197 0.0290813 0.0369872
4 0.516028 0.548083 0.838401 0.781439
0 0.473397 0.648958 0.0241243 0.189644
0 0.493556 0.648285 0.0247852 0.169469
0 0.384501 0.414929 0.0333774 0.173504
5 0.509088 0.645259 0.664574 0.38803
0 0.553867 0.6577 0.0304032 0.186954
0 0.602776 0.43813 0.032386 0.195696
0 0.506775 0.650639 0.0241243 0.175521
0 0.412095 0.420646 0.0343688 0.203766
3 0.501652 0.352387 0.47918 0.231338
0 0.468605 0.43275 0.0337079 0.202421
0 0.437541 0.406523 0.0330469 0.217216
0 0.528255 0.654001 0.0261071 0.179556
0 0.551388 0.433759 0.0294118 0.196369
0 0.425975 0.639879 0.0337079 0.202421
0 0.663913 0.430733 0.0515532 0.171486
0 0.342531 0.418964 0.0432915 0.164089
0 0.578321 0.436785 0.0356907 0.213181
0 0.449769 0.64694 0.0310641 0.199059
0 0.578817 0.661399 0.0346993 0.210491
0 0.629214 0.433759 0.0370126 0.184264
0 0.65499 0.637861 0.0779907 0.195696
0 0.351454 0.626765 0.0750165 0.192334
0 0.304197 0.399462 0.0492399 0.200403
0 0.707865 0.415266 0.0495704 0.183591
0 0.609055 0.645595 0.0403173 0.176194
0 0.392432 0.645259 0.0459352 0.207801
6 0.505288 0.198386 0.478519 0.355077
0 0.523629 0.442165 0.0313946 0.187626
0 0.704726 0.608944 0.0730337 0.178211
0 0.302214 0.587088 0.0664243 0.185609
0 0.49306 0.444855 0.0304032 0.193006
