5 0.507576 0.656942 0.724686 0.407109
0 0.580931 0.49061 0.0620843 0.161636
0 0.288987 0.445003 0.059867 0.169685
0 0.497598 0.669685 0.0284553 0.160295
0 0.539727 0.684105 0.0306726 0.170355
0 0.534922 0.486251 0.033629 0.171697
0 0.280857 0.403085 0.052476 0.119383
0 0.559867 0.690476 0.030303 0.168343
0 0.563193 0.494634 0.0325203 0.180416
0 0.428492 0.668008 0.0343681 0.156942
0 0.50037 0.482562 0.0362158 0.165661
0 0.479305 0.669685 0.0251293 0.156271
0 0.456024 0.673709 0.0325203 0.172368
0 0.436622 0.475184 0.0358463 0.192488
0 0.519771 0.674715 0.0232816 0.151576
0 0.615299 0.656606 0.037694 0.151576
0 0.72561 0.496647 0.0513673 0.156271
0 0.584442 0.675386 0.0314117 0.151576
0 0.401146 0.650905 0.0343681 0.144199
0 0.3483 0.484909 0.0535846 0.186452
0 0.766999 0.476526 0.0380636 0.140174
0 0.597746 0.492287 0.0314117 0.186452
0 0.469697 0.485915 0.0339985 0.158954
0 0.300074 0.485915 0.0509978 0.149564
0 0.675536 0.507042 0.0517369 0.158283
0 0.313378 0.65057 0.067997 0.13548
0 0.704361 0.673709 0.0716925 0.150905
