3 0.494087 0.447475 0.789357 0.419529
0 0.551737 0.684175 0.0620843 0.16431
0 0.456024 0.676094 0.0532151 0.175084
5 0.48799 0.66431 0.82816 0.380471
6 0.493902 0.217172 0.627125 0.314478
0 0.513673 0.662626 0.030303 0.146801
3 0.504804 0.396296 0.614191 0.226936
0 0.536401 0.670707 0.0314117 0.160269
0 0.181818 0.698317 0.0857354 0.118519
0 0.492239 0.651515 0.0273466 0.13266
0 0.471175 0.662626 0.0384331 0.148148
0 0.379527 0.50505 0.0421286 0.188552
0 0.439209 0.700337 0.0432373 0.195286
0 0.440872 0.487205 0.0391722 0.185185
0 0.406874 0.702694 0.0421286 0.187879
0 0.406504 0.491582 0.0576497 0.20202
0 0.347007 0.504714 0.0399113 0.202694
0 0.63544 0.484175 0.0402809 0.206061
0 0.742424 0.473064 0.0495196 0.185185
0 0.805617 0.674074 0.09017 0.122559
0 0.601626 0.485859 0.0384331 0.183838
0 0.775868 0.429966 0.0424982 0.151515
0 0.605876 0.699663 0.0417591 0.187205
0 0.641722 0.703367 0.0388027 0.17037
0 0.566149 0.494613 0.0347376 0.182492
0 0.528086 0.483838 0.0399113 0.183838
0 0.664265 0.492929 0.0321508 0.199327
0 0.569845 0.693266 0.0391722 0.198653
0 0.480968 0.482828 0.0454545 0.200673
0 0.702698 0.492593 0.0528455 0.185185
0 0.220067 0.459933 0.0498891 0.156229
0 0.304324 0.499663 0.04915 0.203367
0 0.369734 0.712795 0.0484109 0.194613
0 0.259608 0.494613 0.04915 0.181145
0 0.260347 0.691246 0.0772358 0.187879
0 0.68847 0.70202 0.0805617 0.19596
0 0.738544 0.675084 0.0809313 0.174411
0 0.318551 0.704377 0.0790835 0.199327
