7 0.543976 0.533244 0.0169993 0.0335796
5 0.47136 0.706514 0.766075 0.327737
7 0.687546 0.571525 0.026238 0.0349228
7 0.747783 0.552048 0.0247598 0.0376091
0 0.588877 0.71726 0.0321508 0.131632
7 0.305248 0.648422 0.0428677 0.0611148
7 0.255358 0.606111 0.0421286 0.0611148
4 0.486696 0.631296 0.917221 0.640698
7 0.615669 0.623573 0.0354767 0.0288784
7 0.618441 0.635326 0.0328899 0.0335796
3 0.490577 0.414372 0.627864 0.216253
0 0.39745 0.491941 0.0521064 0.186031
0 0.558019 0.691739 0.037694 0.212223
0 0.462121 0.682673 0.0358463 0.19006
0 0.415928 0.482874 0.0469327 0.197448
0 0.503141 0.676293 0.0284553 0.165212
0 0.527716 0.679315 0.0332594 0.196776
0 0.59017 0.473808 0.0391722 0.176629
0 0.361234 0.508395 0.0469327 0.182673
6 0.504804 0.28039 0.65558 0.380792
0 0.626755 0.701478 0.0532151 0.16857
0 0.276977 0.701478 0.0927568 0.16051
0 0.48337 0.675957 0.0310421 0.167226
0 0.238729 0.647079 0.0790835 0.141706
0 0.618441 0.480188 0.0395418 0.173271
0 0.432557 0.70047 0.0365854 0.194762
0 0.484479 0.472465 0.0384331 0.16857
0 0.327421 0.514439 0.0554324 0.197448
0 0.521249 0.468771 0.0358463 0.169241
0 0.735218 0.489255 0.0513673 0.177972
0 0.402069 0.715581 0.037694 0.206179
0 0.648374 0.485897 0.0395418 0.187374
0 0.369919 0.724647 0.0458241 0.193418
0 0.447154 0.478845 0.0339985 0.190732
0 0.685514 0.502015 0.0487805 0.180658
0 0.726903 0.673942 0.0835181 0.163197
0 0.556356 0.473472 0.0314117 0.175957
