7 0.31257 0.597717 0.0296626 0.0349228
0 0.451242 0.671927 0.0422692 0.202149
0 0.439192 0.447616 0.054505 0.19006
0 0.505376 0.432841 0.074898 0.165883
7 0.627735 0.576226 0.0177976 0.0308932
7 0.328328 0.538281 0.0307749 0.0315648
0 0.466259 0.440228 0.0611791 0.179315
7 0.730812 0.524513 0.0281795 0.0308932
7 0.714498 0.572196 0.0259548 0.02955
7 0.681683 0.524849 0.0263255 0.0275353
4 0.495736 0.595702 0.972191 0.68368
5 0.506859 0.679651 0.83871 0.339825
3 0.497775 0.383815 0.641824 0.206179
0 0.512421 0.627938 0.0266963 0.163868
0 0.46422 0.658496 0.0355951 0.184688
0 0.42158 0.449966 0.0393029 0.185359
0 0.491101 0.638348 0.0322581 0.173942
0 0.580645 0.631968 0.0326288 0.173271
0 0.607156 0.644728 0.0344828 0.190732
0 0.435855 0.67092 0.037449 0.200134
0 0.362254 0.473472 0.0504264 0.170584
0 0.453096 0.448623 0.0296626 0.167898
0 0.534483 0.629281 0.0292918 0.166555
0 0.59251 0.431162 0.0378198 0.192075
0 0.617723 0.443922 0.0407861 0.184016
0 0.484427 0.437206 0.0367075 0.162525
0 0.40545 0.676964 0.0433815 0.198791
0 0.525955 0.434856 0.0359659 0.177972
0 0.646088 0.461048 0.0359659 0.163197
0 0.395254 0.468435 0.0393029 0.171256
0 0.246014 0.639691 0.0804598 0.171256
6 0.501483 0.23002 0.671487 0.370047
0 0.632184 0.654466 0.0415276 0.195433
0 0.768076 0.458361 0.0396737 0.156481
0 0.684093 0.463062 0.0533927 0.175285
0 0.729885 0.455675 0.054505 0.182001
0 0.55673 0.62861 0.0300334 0.158496
0 0.558584 0.439221 0.0322581 0.161182
0 0.320356 0.475151 0.0519095 0.169913
0 0.232295 0.471793 0.0441231 0.145735
0 0.768817 0.614506 0.0700779 0.155809
0 0.726177 0.642713 0.0685947 0.178643
0 0.27512 0.474815 0.0519095 0.167898
0 0.298294 0.667562 0.0878754 0.186702
0 0.673341 0.652451 0.0637746 0.188717
0 0.35762 0.675957 0.0767519 0.211551
