0 0.505358 0.658545 0.0624538 0.146195
4 0.509423 0.420227 0.692905 0.443925
7 0.661493 0.579773 0.0332594 0.0433912
0 0.440872 0.455607 0.052476 0.186248
0 0.503141 0.474299 0.0646711 0.178238
0 0.286031 0.354473 0.0702143 0.216288
4 0.497598 0.510681 0.839246 0.87984
5 0.509054 0.602804 0.738729 0.429907
0 0.536955 0.664553 0.0295639 0.171562
0 0.423503 0.444927 0.0384331 0.20494
0 0.492979 0.660214 0.0258684 0.153538
0 0.514412 0.661883 0.0273466 0.154206
0 0.398004 0.452603 0.0399113 0.190921
0 0.371212 0.446929 0.04102 0.176903
0 0.472838 0.661215 0.0306726 0.160881
0 0.616593 0.454272 0.0373245 0.192924
0 0.726718 0.323097 0.0661493 0.126836
0 0.712676 0.412216 0.0683666 0.160881
0 0.587029 0.447263 0.0373245 0.204272
3 0.502587 0.365487 0.486327 0.222296
0 0.443644 0.673565 0.0365854 0.188251
0 0.286585 0.309746 0.0476718 0.145527
0 0.338137 0.434579 0.059867 0.170895
0 0.52051 0.471963 0.033629 0.205607
0 0.41408 0.667223 0.0358463 0.179573
0 0.56578 0.672563 0.0310421 0.187583
0 0.5534 0.469292 0.0328899 0.192256
0 0.457502 0.463284 0.0354767 0.197597
0 0.595528 0.672563 0.0351072 0.182243
0 0.627864 0.666889 0.0443459 0.192256
0 0.678307 0.433244 0.0572801 0.173565
0 0.485403 0.472296 0.0343681 0.194259
0 0.642276 0.446595 0.0421286 0.184246
0 0.379712 0.656542 0.0535846 0.176903
0 0.776238 0.591789 0.0654102 0.15287
0 0.725795 0.618825 0.0746489 0.184246
6 0.502033 0.183912 0.449002 0.350467
0 0.304878 0.393191 0.0724316 0.176235
0 0.288803 0.603805 0.0764967 0.174232
0 0.337214 0.639519 0.086844 0.185581
0 0.678123 0.648198 0.082779 0.186916
0 0.230044 0.570427 0.0824095 0.132844
