7 0.393346 0.583333 0.0243993 0.0354752
5 0.49427 0.682062 0.714972 0.341365
0 0.435675 0.710174 0.0402957 0.161981
0 0.47061 0.518407 0.0672828 0.166667
7 0.362477 0.636881 0.0528651 0.0595716
7 0.402403 0.585007 0.0269871 0.0281125
6 0.502403 0.297858 0.550832 0.32664
4 0.509427 0.584672 0.839926 0.678046
3 0.506654 0.43909 0.536414 0.188755
0 0.341405 0.710843 0.0528651 0.121821
0 0.52403 0.687082 0.0240296 0.125167
0 0.479113 0.697791 0.0347505 0.137216
0 0.605915 0.685408 0.0414048 0.167336
0 0.546765 0.687082 0.0280961 0.125167
0 0.579667 0.506693 0.0332717 0.175368
0 0.504621 0.693106 0.0310536 0.138554
0 0.578189 0.695783 0.045841 0.163989
0 0.449353 0.705154 0.0336414 0.176037
0 0.460998 0.52577 0.0280961 0.161312
0 0.373383 0.515395 0.0325323 0.171352
0 0.402588 0.513722 0.0347505 0.170683
0 0.551201 0.514391 0.0303142 0.163989
0 0.389649 0.701807 0.0399261 0.157296
0 0.420518 0.698795 0.0358595 0.165997
0 0.718854 0.487952 0.0521257 0.144578
0 0.742144 0.463521 0.0617375 0.141232
0 0.491128 0.521754 0.0314233 0.169344
0 0.268762 0.482597 0.0539741 0.141901
0 0.611645 0.503681 0.0343808 0.161312
0 0.633087 0.678715 0.0499076 0.174029
0 0.295194 0.502343 0.0462107 0.166667
0 0.64122 0.504016 0.0351201 0.157965
0 0.336599 0.517068 0.0528651 0.176037
0 0.525139 0.519076 0.0343808 0.161312
0 0.433641 0.514726 0.0332717 0.176707
0 0.678558 0.497657 0.044732 0.154618
0 0.673198 0.665997 0.0628466 0.157965
0 0.763771 0.612115 0.0524954 0.150602
0 0.723475 0.649264 0.0658041 0.178046
0 0.243808 0.639224 0.0521257 0.159304
0 0.292976 0.669344 0.07061 0.179384
