7 0.650277 0.597331 0.0377079 0.0332031
0 0.469686 0.667318 0.0543438 0.151042
0 0.539187 0.671875 0.0661738 0.145833
7 0.638262 0.58431 0.0314233 0.0514323
0 0.628651 0.521159 0.090573 0.14388
0 0.400185 0.530924 0.0669131 0.156901
7 0.471349 0.554688 0.0214418 0.0351562
7 0.675786 0.652995 0.0354898 0.0351562
7 0.347689 0.599609 0.0255083 0.0221354
7 0.699261 0.600911 0.0262477 0.0221354
7 0.622551 0.660156 0.0369686 0.0338542
0 0.58244 0.515625 0.0417745 0.122396
0 0.567653 0.520833 0.0336414 0.126302
4 0.518299 0.637044 0.887985 0.560547
5 0.520518 0.713216 0.698706 0.270182
0 0.474122 0.668294 0.0240296 0.152995
0 0.491682 0.658203 0.0236599 0.136719
0 0.506469 0.661133 0.0243993 0.138672
0 0.522551 0.667643 0.0262477 0.14388
0 0.45342 0.504557 0.0336414 0.157552
6 0.5122 0.323242 0.560074 0.307943
0 0.544547 0.681315 0.0303142 0.167318
0 0.568392 0.685221 0.032902 0.179036
0 0.481331 0.50293 0.0354898 0.159505
0 0.542329 0.510091 0.0288355 0.149089
0 0.5122 0.498047 0.032902 0.171875
0 0.454344 0.671875 0.0288355 0.158854
3 0.508318 0.458984 0.552311 0.183594
0 0.42902 0.682943 0.0343808 0.179688
0 0.424769 0.521159 0.0354898 0.159505
0 0.654898 0.537109 0.0484288 0.157552
0 0.380592 0.537109 0.0358595 0.160156
0 0.345656 0.54362 0.0510166 0.153646
0 0.29464 0.575521 0.0606285 0.151042
0 0.698152 0.545898 0.0469501 0.152995
0 0.682625 0.713216 0.0669131 0.152995
0 0.368207 0.71875 0.0510166 0.164062
0 0.631793 0.719401 0.0724584 0.157552
