0 0.74226 0.597841 0.0853096 0.153846
4 0.510211 0.557018 0.918314 0.640351
0 0.48139 0.366734 0.0352437 0.188259
5 0.510211 0.645412 0.746377 0.352901
3 0.508893 0.337045 0.589592 0.231444
6 0.511034 0.182186 0.636693 0.34143
0 0.426713 0.609649 0.0339262 0.208502
0 0.605731 0.36336 0.044137 0.189609
0 0.582016 0.368421 0.0395257 0.178138
0 0.432971 0.361673 0.0477602 0.197031
0 0.502964 0.589744 0.0335968 0.184885
0 0.519104 0.586707 0.0316206 0.184211
0 0.467556 0.364372 0.0299737 0.191633
0 0.453887 0.595479 0.0349144 0.190958
0 0.529644 0.37112 0.0335968 0.202429
0 0.494895 0.37112 0.0332675 0.19973
0 0.541502 0.584683 0.0296443 0.193657
0 0.394763 0.384278 0.0444664 0.169366
0 0.625659 0.602227 0.0405138 0.18556
0 0.634223 0.375506 0.0365613 0.181511
0 0.477931 0.589406 0.0289855 0.189609
0 0.554842 0.366734 0.0306324 0.190958
0 0.66996 0.381916 0.0494071 0.186235
0 0.596179 0.605263 0.0335968 0.210526
0 0.568182 0.597166 0.0355731 0.211876
0 0.359519 0.399123 0.0503953 0.172065
0 0.313406 0.415655 0.0438076 0.168691
0 0.396739 0.61471 0.0391963 0.19973
0 0.746871 0.354251 0.0438076 0.134953
0 0.232543 0.60695 0.0744401 0.126181
0 0.711627 0.399123 0.0424901 0.172065
0 0.269763 0.406208 0.0428195 0.156545
0 0.715744 0.603239 0.0533597 0.174089
0 0.669302 0.611673 0.0625823 0.180162
0 0.350461 0.629217 0.0645586 0.203104
0 0.764657 0.609649 0.0536891 0.142375
0 0.29776 0.613698 0.0592885 0.159919
