7 0.657428 0.603356 0.0295639 0.0348993
0 0.546378 0.710067 0.0631929 0.159732
0 0.463599 0.705705 0.0631929 0.151007
0 0.432557 0.508389 0.0631929 0.168456
0 0.536216 0.525839 0.059867 0.169799
5 0.501293 0.639262 0.689209 0.399329
0 0.43034 0.505705 0.0291944 0.17651
0 0.726903 0.379195 0.0576497 0.108725
0 0.765891 0.581208 0.0498891 0.0966443
0 0.473023 0.712081 0.0280857 0.166443
4 0.513489 0.54396 0.797118 0.785906
0 0.52051 0.710738 0.0277162 0.159732
0 0.254435 0.577852 0.0454545 0.103356
0 0.375092 0.491275 0.0384331 0.161074
0 0.446046 0.709396 0.0347376 0.183893
0 0.406874 0.49094 0.0428677 0.192617
0 0.579453 0.510067 0.0317812 0.194631
0 0.544715 0.714765 0.0266075 0.155705
0 0.554509 0.523826 0.033629 0.173826
0 0.498152 0.704027 0.0273466 0.150336
0 0.421656 0.687584 0.0317812 0.173826
0 0.597931 0.695302 0.0288248 0.161074
0 0.571138 0.713423 0.0291944 0.171812
0 0.278455 0.37047 0.0543237 0.12349
0 0.300259 0.452685 0.0594974 0.155034
0 0.672949 0.487248 0.0465632 0.157047
0 0.519401 0.52047 0.0321508 0.184564
0 0.635809 0.501007 0.0373245 0.168456
0 0.486881 0.514094 0.033629 0.187919
3 0.510163 0.410738 0.485218 0.225503
0 0.626386 0.689262 0.0391722 0.178523
0 0.720436 0.617114 0.0883222 0.156376
0 0.6068 0.510067 0.0339985 0.171812
0 0.70935 0.451342 0.063932 0.163087
0 0.338322 0.480537 0.0469327 0.169128
0 0.457132 0.517114 0.0295639 0.180537
0 0.394863 0.677852 0.0417591 0.177181
6 0.501848 0.221477 0.440503 0.374497
0 0.296378 0.614094 0.0790835 0.143624
0 0.349409 0.657718 0.0764967 0.161074
0 0.670916 0.670805 0.0757576 0.179195
