0 0.442672 0.473826 0.0571429 0.146309 0.261384
0 0.688126 0.492282 0.0805195 0.163087 0.292945
0 0.464007 0.665436 0.0307978 0.144295 0.327147
7 0.679406 0.555705 0.0230056 0.0510067 0.355375
9 0.403154 0.541275 0.0871985 0.0744966 0.356166
0 0.546382 0.674161 0.0411874 0.165772 0.369475
0 0.516512 0.663423 0.0504638 0.145638 0.373907
0 0.546568 0.482886 0.0742115 0.181879 0.376189
7 0.574954 0.561074 0.0189239 0.0375839 0.424716
0 0.574211 0.483557 0.0701299 0.191275 0.428938
7 0.655288 0.56443 0.0267161 0.0348993 0.442772
7 0.35269 0.618456 0.0300557 0.0436242 0.451288
7 0.69128 0.620134 0.0556586 0.0550336 0.463708
4 0.523191 0.59698 0.896475 0.681208 0.477383
0 0.372913 0.471812 0.025974 0.14094 0.522045
0 0.427644 0.458389 0.0337662 0.126174 0.557655
3 0.505195 0.410738 0.531725 0.197315 0.587289
0 0.574768 0.486242 0.0296846 0.168456 0.587766
6 0.499629 0.284564 0.507978 0.303356 0.640273
0 0.552134 0.492282 0.0304267 0.157718 0.676366
0 0.49833 0.653691 0.0215213 0.139597 0.721985
0 0.515584 0.660738 0.0233766 0.142953 0.733796
0 0.455473 0.687919 0.0307978 0.194631 0.762593
0 0.558813 0.689597 0.0319109 0.183221 0.809398
0 0.478108 0.660738 0.0241187 0.145638 0.810786
0 0.534694 0.665101 0.0267161 0.147651 0.814241
0 0.701855 0.687919 0.0612245 0.131544 0.819994
0 0.630612 0.494631 0.0374768 0.185235 0.821789
0 0.599072 0.491275 0.0404453 0.195973 0.825175
0 0.4859 0.488591 0.0345083 0.165101 0.828484
0 0.522078 0.497651 0.0341373 0.163087 0.830468
0 0.609091 0.702685 0.0345083 0.194631 0.831841
0 0.665677 0.489262 0.0445269 0.18255 0.833953
0 0.429314 0.686242 0.0311688 0.192617 0.835471
0 0.457885 0.488926 0.0296846 0.156376 0.837877
0 0.301113 0.480201 0.0456401 0.160403 0.858726
0 0.342672 0.485235 0.0426716 0.166443 0.860539
0 0.402968 0.681208 0.0348794 0.183893 0.8618
0 0.363451 0.685906 0.0671614 0.179866 0.863125
0 0.583488 0.695638 0.0307978 0.177852 0.865336
0 0.313729 0.662416 0.064193 0.171812 0.866156
0 0.712059 0.489262 0.0497217 0.174497 0.868411
0 0.649351 0.7 0.064564 0.194631 0.879672
