0 0.582594 0.462131 0.0757576 0.149464 0.266559
7 0.347561 0.559651 0.0343681 0.0455764 0.291238
0 0.49963 0.456434 0.0628234 0.150134 0.301371
0 0.555617 0.702413 0.0365854 0.104558 0.343966
7 0.304509 0.532842 0.0310421 0.036193 0.349503
0 0.526608 0.781166 0.030303 0.0891421 0.354628
0 0.650961 0.431971 0.0365854 0.099866 0.386056
7 0.345713 0.507708 0.0284553 0.0475871 0.391486
7 0.651885 0.510054 0.0384331 0.0616622 0.394122
0 0.471914 0.455764 0.0384331 0.171582 0.475398
0 0.635994 0.451743 0.0266075 0.16756 0.476105
0 0.4915 0.630027 0.0273466 0.136729 0.483088
3 0.50388 0.384383 0.505174 0.1937 0.617208
0 0.478197 0.630027 0.0280857 0.147453 0.627356
4 0.517738 0.547587 0.886918 0.699732 0.637216
0 0.50425 0.629692 0.0218034 0.132038 0.715196
5 0.509793 0.640416 0.743902 0.369303 0.716936
0 0.591648 0.627011 0.0332594 0.136059 0.734638
0 0.413525 0.455429 0.0317812 0.158847 0.735138
0 0.520325 0.633043 0.0236511 0.134718 0.747932
0 0.396526 0.628351 0.0317812 0.144102 0.755913
0 0.713415 0.581769 0.086105 0.107239 0.757343
0 0.542313 0.629692 0.026238 0.136059 0.776383
0 0.690687 0.459786 0.0413895 0.163539 0.776574
0 0.567258 0.627681 0.0399113 0.126676 0.781553
0 0.460089 0.456769 0.0266075 0.162869 0.794658
0 0.558943 0.462131 0.0284553 0.161528 0.800782
0 0.423503 0.623324 0.0295639 0.146113 0.806892
0 0.446785 0.632038 0.0251293 0.154155 0.807973
0 0.354767 0.448727 0.0406504 0.154826 0.81423
0 0.513489 0.454759 0.0299335 0.173592 0.814234
0 0.612343 0.466823 0.0339985 0.162869 0.822392
0 0.585551 0.463137 0.033629 0.159517 0.830202
0 0.483185 0.462131 0.0284553 0.152145 0.830876
0 0.282336 0.440349 0.0406504 0.142091 0.832177
0 0.468773 0.628016 0.0232816 0.140751 0.834172
0 0.313008 0.449732 0.0369549 0.150134 0.834184
0 0.434959 0.449062 0.030303 0.172922 0.843959
0 0.630636 0.636394 0.0580192 0.157507 0.848553
0 0.538248 0.464812 0.0284553 0.162869 0.848746
0 0.291944 0.579759 0.0650406 0.121984 0.863105
6 0.5 0.253686 0.493718 0.294236 0.870258
0 0.338137 0.605898 0.0643016 0.143432 0.880304
0 0.387472 0.457775 0.033629 0.158177 0.889053
