0 0.465289 0.623149 0.0565289 0.181696 0.291697
0 0.54314 0.411171 0.0641322 0.193809 0.30788
0 0.582479 0.631898 0.08 0.18035 0.351886
0 0.726281 0.39031 0.0561983 0.125168 0.408962
0 0.539835 0.624495 0.0323967 0.17362 0.464628
5 0.506777 0.66319 0.753058 0.354643 0.496647
4 0.510083 0.573351 0.876694 0.705249 0.58049
0 0.578182 0.416218 0.0350413 0.175639 0.58207
3 0.489091 0.344886 0.536529 0.213324 0.656096
0 0.592397 0.418237 0.033719 0.175639 0.696952
6 0.489752 0.201884 0.555703 0.348587 0.709362
0 0.554711 0.635935 0.0343802 0.189771 0.778301
0 0.411736 0.636272 0.0373554 0.189098 0.791435
0 0.489587 0.618775 0.0238017 0.152759 0.792367
0 0.393223 0.429004 0.0426446 0.152759 0.794591
0 0.528099 0.619785 0.0247934 0.164199 0.795355
0 0.509421 0.618775 0.0224793 0.158143 0.800587
0 0.236694 0.630552 0.071405 0.113055 0.805501
0 0.560826 0.415545 0.0307438 0.189098 0.808915
0 0.469256 0.625841 0.0261157 0.168237 0.813961
0 0.769256 0.635262 0.0806612 0.109017 0.826337
0 0.261157 0.384926 0.0350413 0.113055 0.82868
0 0.369256 0.430013 0.0383471 0.152086 0.831152
0 0.47405 0.41218 0.033719 0.207941 0.835915
0 0.583636 0.635935 0.0360331 0.179004 0.84218
0 0.441818 0.643674 0.0333884 0.203903 0.842529
0 0.533719 0.419246 0.0267769 0.189771 0.843284
0 0.71157 0.415545 0.0671074 0.190444 0.844379
0 0.44595 0.414536 0.0317355 0.189771 0.846313
0 0.612397 0.635262 0.0426446 0.184388 0.855811
0 0.617521 0.433042 0.0390083 0.158143 0.85658
0 0.384628 0.635935 0.0439669 0.195155 0.857398
0 0.42 0.409152 0.0386777 0.191117 0.862415
0 0.289256 0.438425 0.0449587 0.16891 0.867622
0 0.331405 0.435734 0.0479339 0.163526 0.877286
0 0.65686 0.432705 0.0515702 0.179004 0.882262
0 0.707273 0.635599 0.0591736 0.172948 0.882277
0 0.507273 0.413863 0.0307438 0.199192 0.892703
0 0.296694 0.633917 0.0538843 0.179004 0.893381
0 0.657025 0.645357 0.0684298 0.208614 0.895801
0 0.341818 0.635935 0.0661157 0.184388 0.916086
