0 0.427015 0.662189 0.0660502 0.173271 0.358219
0 0.326123 0.447952 0.0861955 0.174614 0.399865
4 0.491248 0.535259 0.837186 0.728005 0.497988
5 0.505449 0.631632 0.625826 0.372733 0.612828
3 0.496697 0.363331 0.491413 0.208193 0.657295
0 0.525099 0.657488 0.0363276 0.155809 0.704892
6 0.494386 0.215245 0.492074 0.314976 0.770234
0 0.380614 0.455339 0.0386394 0.162525 0.783479
0 0.724571 0.353929 0.0429326 0.128946 0.785246
0 0.504128 0.658496 0.0287318 0.152451 0.793641
0 0.484478 0.659503 0.0310436 0.163868 0.800704
0 0.538144 0.657152 0.0333554 0.161854 0.809374
0 0.592635 0.648422 0.0485469 0.169913 0.809682
0 0.459709 0.664876 0.0317041 0.171927 0.811785
0 0.515852 0.460712 0.0376486 0.205507 0.814449
0 0.431638 0.450974 0.0363276 0.19812 0.815816
0 0.597589 0.437542 0.0313738 0.172599 0.821847
0 0.624505 0.434856 0.0350066 0.16454 0.825643
0 0.406374 0.451645 0.0386394 0.169913 0.826574
0 0.432629 0.659167 0.0290621 0.165883 0.829973
0 0.277741 0.384486 0.0383091 0.137676 0.831933
0 0.404227 0.656481 0.0389696 0.176629 0.834152
0 0.30251 0.439557 0.0449141 0.19812 0.834333
0 0.540125 0.439557 0.0346764 0.186031 0.837492
0 0.57282 0.427132 0.0366579 0.194762 0.837712
0 0.345112 0.459369 0.0462351 0.145064 0.839169
0 0.483653 0.463734 0.0326948 0.199463 0.840679
0 0.661988 0.426796 0.0452444 0.163197 0.849613
0 0.567867 0.661182 0.0439234 0.177972 0.852799
0 0.702444 0.410343 0.0488771 0.166555 0.85638
0 0.618395 0.637005 0.0531704 0.161854 0.858742
0 0.758091 0.579584 0.0690225 0.107455 0.864236
0 0.457563 0.463398 0.0280713 0.197448 0.878672
0 0.661493 0.63096 0.0792602 0.188717 0.881801
0 0.312748 0.63734 0.0634082 0.154466 0.882104
0 0.361129 0.656817 0.069683 0.179987 0.900204
0 0.704425 0.603425 0.0587847 0.151108 0.902721
0 0.257761 0.614506 0.0690225 0.112827 0.909587
