7 0.662602 0.517126 0.0295639 0.0389523 0.206984
7 0.629342 0.528207 0.030303 0.0449966 0.244423
0 0.540835 0.485561 0.0572801 0.146407 0.274839
0 0.504065 0.491269 0.0569106 0.143049 0.279476
0 0.540466 0.652116 0.0498891 0.139691 0.328319
7 0.6068 0.528207 0.0325203 0.0436535 0.36276
7 0.639505 0.590665 0.033629 0.0369375 0.36709
7 0.601441 0.529886 0.0232816 0.02955 0.582488
0 0.419253 0.5 0.0321508 0.152451 0.635454
0 0.494457 0.649765 0.0243902 0.132304 0.645845
0 0.625831 0.477166 0.0432373 0.139019 0.654701
0 0.571693 0.483546 0.0310421 0.167898 0.659021
0 0.538618 0.653123 0.0218034 0.148422 0.670612
0 0.509239 0.649765 0.022912 0.13499 0.674416
0 0.476534 0.667898 0.0291944 0.157824 0.676166
5 0.5 0.640698 0.649667 0.378778 0.693467
4 0.494826 0.563465 0.736881 0.752183 0.696486
0 0.481338 0.485225 0.0306726 0.176629 0.703695
0 0.535477 0.490262 0.0243902 0.154466 0.70501
0 0.431633 0.492612 0.0347376 0.169913 0.708331
6 0.504065 0.244459 0.420547 0.333109 0.711058
0 0.589616 0.48086 0.0299335 0.157152 0.724111
0 0.495011 0.494963 0.0254989 0.165212 0.73169
0 0.554878 0.479516 0.0254989 0.165212 0.741346
0 0.455654 0.674278 0.0332594 0.155809 0.764843
0 0.521249 0.648086 0.0247598 0.132975 0.76521
0 0.559128 0.664876 0.0280857 0.166555 0.765548
3 0.506098 0.399933 0.411308 0.195433 0.77223
0 0.39782 0.494291 0.0388027 0.138348 0.776122
0 0.518293 0.491605 0.026238 0.159839 0.785616
0 0.458795 0.490934 0.0284553 0.170584 0.806651
0 0.422579 0.684352 0.0432373 0.165212 0.807856
0 0.646526 0.640698 0.0543237 0.145064 0.847433
0 0.357539 0.491605 0.0417591 0.142377 0.847492
0 0.582409 0.66454 0.0347376 0.16454 0.848828
0 0.663895 0.462727 0.0432373 0.149093 0.855113
0 0.610126 0.657488 0.0406504 0.167898 0.85769
0 0.689394 0.624916 0.0528455 0.140363 0.874566
0 0.382483 0.664204 0.0613452 0.153123 0.875615
