0 0.458673 0.635997 0.0277984 0.188046 0.802919
0 0.555041 0.632639 0.0285397 0.175957 0.810662
0 0.52298 0.429147 0.0378058 0.167898 0.81585
0 0.451446 0.431162 0.0340993 0.15178 0.825669
0 0.435137 0.639355 0.0311342 0.186702 0.833247
0 0.42235 0.454332 0.039659 0.152451 0.838268
0 0.483321 0.425118 0.0378058 0.170584 0.843347
0 0.584878 0.459033 0.0385471 0.157824 0.843689
0 0.580245 0.643385 0.0374351 0.170584 0.845805
0 0.55745 0.444594 0.0474426 0.166555 0.84755
0 0.408451 0.642713 0.0340993 0.178643 0.855464
0 0.391772 0.455339 0.0355819 0.163868 0.856869
0 0.655671 0.482203 0.0607858 0.171927 0.860081
0 0.610823 0.662189 0.0385471 0.184016 0.861633
0 0.615085 0.465077 0.0352113 0.183345 0.861727
0 0.312083 0.467428 0.0481838 0.166555 0.86368
0 0.271312 0.468435 0.0496664 0.149765 0.865491
0 0.696256 0.488247 0.0478132 0.167898 0.869172
0 0.737027 0.482874 0.0433655 0.166555 0.874632
0 0.362305 0.655809 0.067828 0.177972 0.883917
0 0.318384 0.646743 0.0659748 0.162525 0.885105
0 0.705152 0.649429 0.0685693 0.138348 0.886811
0 0.265567 0.625588 0.0589325 0.151108 0.886858
0 0.354893 0.464741 0.0500371 0.157152 0.894472
0 0.656227 0.667226 0.0670867 0.156481 0.902005
