0 0.478479 0.658725 0.0241187 0.14698 0.800034
0 0.428942 0.681879 0.0296846 0.189262 0.809786
0 0.533766 0.661074 0.0270872 0.157047 0.813667
0 0.523377 0.489933 0.0352505 0.175839 0.823551
0 0.584972 0.694631 0.0300557 0.189262 0.83543
0 0.403711 0.679866 0.0363636 0.190604 0.839515
0 0.459184 0.496309 0.0285714 0.156376 0.839684
0 0.631911 0.494631 0.0400742 0.189262 0.84531
0 0.599814 0.491946 0.0426716 0.194631 0.847516
0 0.611132 0.710403 0.0371058 0.208725 0.853104
0 0.485343 0.486242 0.0356215 0.17651 0.85556
0 0.343414 0.492282 0.0426716 0.175168 0.859686
0 0.703525 0.694631 0.0623377 0.136913 0.863742
0 0.666234 0.490604 0.044898 0.193289 0.864002
0 0.710575 0.490604 0.0504638 0.175839 0.867563
0 0.650649 0.704027 0.0656772 0.194631 0.870171
0 0.361039 0.68255 0.0682746 0.187919 0.872146
0 0.300557 0.476846 0.0460111 0.156376 0.872921
0 0.315213 0.661409 0.0701299 0.177852 0.876136
