6 0.426825 0.494295 0.0103742 0.0395973 2.14976e-05
5 0.380697 0.0238255 0.394591 0.047651 2.15045e-05
6 0.268433 0.979866 0.0396443 0.0402685 2.15281e-05
10 0.193034 0.934564 0.0400148 0.130872 2.15419e-05
6 0.991108 0.211074 0.0177844 0.183221 2.15995e-05
6 0.708781 0.5 0.0222305 0.0456376 2.15999e-05
6 0.0172286 0.101007 0.022601 0.0449664 2.16125e-05
6 0.0157466 0.0540268 0.0314931 0.108054 2.16185e-05
6 0.894961 0.399664 0.0463134 0.14698 2.16882e-05
6 0.6897 0.642953 0.0522416 0.0899329 2.17144e-05
6 0.0694702 0.977852 0.0500185 0.0389262 2.17493e-05
6 0.91997 0.215772 0.0422379 0.0463087 2.17809e-05
6 0.88681 0.00838926 0.0648388 0.0167785 2.18777e-05
5 0.566691 0.0234899 0.125602 0.0469799 2.19757e-05
6 0.427936 0.527517 0.0192664 0.0348993 2.20246e-05
6 0.274176 0.569799 0.0192664 0.0416107 2.20959e-05
6 0.660059 0.663087 0.0270471 0.0644295 2.21729e-05
6 0.355687 0.665101 0.0207484 0.0483221 2.21926e-05
6 0.35013 0.512081 0.0229715 0.0348993 2.22459e-05
6 0.920526 0.221141 0.0855873 0.0718121 2.22565e-05
6 0.173583 0.157383 0.0426084 0.0637584 2.227e-05
4 0.0581697 0.662752 0.0896628 0.505369 2.22706e-05
6 0.987217 0.0651007 0.025565 0.120805 2.22746e-05
7 0.572805 0.72349 0.0533531 0.122148 2.22995e-05
6 0.291404 0.642617 0.0537236 0.106711 2.23103e-05
6 0.62023 0.60302 0.0192664 0.0436242 2.23233e-05
6 0.691923 0.512416 0.0366803 0.047651 2.23486e-05
6 0.522601 0.0637584 0.0433494 0.0818792 2.24013e-05
6 0.233235 0.966779 0.0640978 0.0530201 2.24026e-05
6 0.293072 0.991611 0.0370508 0.0167785 2.24694e-05
4 0.173212 0.687584 0.17525 0.344295 2.24712e-05
6 0.735643 0.527852 0.136717 0.130872 2.25111e-05
6 0.300296 0.110403 0.0804001 0.0637584 2.2518e-05
7 0.434605 0.716443 0.0607632 0.128188 2.25437e-05
6 0.00703964 0.209396 0.0111152 0.0684564 2.25734e-05
6 0.313264 0.0127517 0.0611338 0.0255034 2.25968e-05
6 0.605039 0.902013 0.0385328 0.0818792 2.26e-05
5 0.702112 0.0895973 0.198592 0.114765 2.26191e-05
6 0.266765 0.44396 0.0370508 0.0704698 2.26304e-05
6 0.593553 0.97953 0.048166 0.0409396 2.26902e-05
6 0.642275 0.582886 0.025565 0.0409396 2.27378e-05
6 0.0137088 0.369463 0.0274176 0.25302 2.27756e-05
6 0.641719 0.604027 0.0904039 0.085906 2.29169e-05
5 0.811041 0.0966443 0.119303 0.159732 2.2934e-05
5 0.392923 0.00469799 0.148574 0.00939597 2.31899e-05
6 0.738236 0.634228 0.0848462 0.124832 2.32118e-05
6 0.987032 0.0137584 0.0259355 0.0275168 2.32694e-05
6 0.953131 0.28255 0.0655798 0.165101 2.33141e-05
6 0.69322 0.980201 0.049648 0.0395973 2.3323e-05
6 0.169322 0.597987 0.0311226 0.0630872 2.33354e-05
5 0.727121 0.348658 0.545758 0.697315 2.33571e-05
7 0.753057 0.220805 0.0633568 0.150336 2.33764e-05
6 0.329937 0.987584 0.025565 0.0248322 2.33802e-05
6 0.841237 0.622819 0.024824 0.0563758 2.33912e-05
6 0.880697 0.114765 0.0674324 0.0456376 2.33955e-05
6 0.706187 0.0110738 0.0570582 0.0221477 2.34485e-05
5 0.235272 0.0318792 0.125232 0.0637584 2.35111e-05
6 0.441089 0.507383 0.0174139 0.0389262 2.35124e-05
6 0.713412 0.500336 0.0818822 0.125503 2.3544e-05
7 0.574657 0.41443 0.049648 0.116107 2.35572e-05
2 0.653946 0.395973 0.220082 0.158389 2.36472e-05
7 0.553909 0.39094 0.0696554 0.122819 2.36777e-05
6 0.928122 0.439933 0.0741015 0.281208 2.37006e-05
6 0.0113005 0.62047 0.0129678 0.293289 2.37557e-05
6 0.390515 0.0604027 0.0259355 0.0268456 2.37905e-05
6 0.315302 0.615772 0.0259355 0.0583893 2.37967e-05
6 0.206928 0.525839 0.249352 0.34698 2.37977e-05
6 0.257688 0.00973154 0.0270471 0.0194631 2.38371e-05
6 0.993887 0.0687919 0.0122268 0.137584 2.39051e-05
6 0.213227 0.061745 0.0188959 0.0241611 2.3932e-05
6 0.388107 0.00503356 0.0322342 0.0100671 2.39533e-05
6 0.32086 0.642282 0.0251945 0.0416107 2.39883e-05
6 0.404039 0.645638 0.022601 0.0550336 2.40343e-05
9 0.564468 1 0.0648388 0 2.40707e-05
6 0.330863 0.1 0.0711375 0.0563758 2.41122e-05
6 0.374954 0.515772 0.0363097 0.0422819 2.41334e-05
6 0.512227 0.533557 0.141163 0.0939597 2.41569e-05
6 0.347721 0.938255 0.0789181 0.0966443 2.41716e-05
9 0.0718785 0.97651 0.0266765 0.0308725 2.41929e-05
9 0.913672 0.99396 0.0911449 0.0120805 2.42024e-05
6 0.986106 0.206376 0.0277881 0.219463 2.42676e-05
8 0.98166 0.884899 0.0366803 0.228859 2.43096e-05
8 0.11708 0.991611 0.0592812 0.0167785 2.43568e-05
6 0.511671 0.555034 0.0274176 0.042953 2.43673e-05
6 0.841237 0.358054 0.0685439 0.101342 2.4372e-05
6 0.775843 0.597987 0.0237125 0.0456376 2.43898e-05
6 0.84272 0.539933 0.0270471 0.0557047 2.439e-05
6 0.59874 0.497315 0.0333457 0.0442953 2.44028e-05
5 0.174324 0.106711 0.1093 0.163758 2.44123e-05
6 0.243609 0.993624 0.0522416 0.0127517 2.44543e-05
6 0.00444609 0.0865772 0.00889218 0.173154 2.45786e-05
6 0.482957 0.928188 0.0418674 0.061745 2.45889e-05
9 0.114672 1 0.0663209 0 2.46649e-05
6 0.28103 0.114094 0.024083 0.0201342 2.47239e-05
6 0.0692849 0.271812 0.104483 0.267114 2.47921e-05
2 0.205632 0.410738 0.411263 0.45906 2.48071e-05
6 0.280104 0.554027 0.0200074 0.0369128 2.49205e-05
6 0.778251 0.598658 0.0433494 0.0697987 2.50728e-05
6 0.883661 0.55906 0.0526121 0.144966 2.51621e-05
6 0.938866 0.148322 0.110411 0.0738255 2.51629e-05
6 0.841237 0.581879 0.0811412 0.061745 2.51797e-05
6 0.592256 0.992282 0.0374213 0.0154362 2.52203e-05
6 0.305669 0.989597 0.0237125 0.0208054 2.52625e-05
5 0.768988 0.987248 0.462023 0.0255034 2.53056e-05
5 0.305669 0.119799 0.131901 0.102685 2.53569e-05
6 0.667284 0.993624 0.0348277 0.0127517 2.53825e-05
6 0.291219 0.572148 0.0192664 0.0395973 2.53838e-05
5 0.443312 0.992953 0.416821 0.014094 2.53973e-05
6 0.389403 0.0100671 0.048166 0.0201342 2.54282e-05
7 0.442757 0.368121 0.0533531 0.11745 2.54373e-05
6 0.27399 0.466443 0.0107447 0.0308725 2.55176e-05
6 0.356243 0.0614094 0.0351982 0.0261745 2.55396e-05
5 0.418488 0.877517 0.539089 0.16443 2.55631e-05
6 0.210819 0.489933 0.0148203 0.0496644 2.55751e-05
5 0.698963 0.203356 0.522045 0.406711 2.56428e-05
6 0.69322 0.0402685 0.0696554 0.0389262 2.59362e-05
6 0.84272 0.598322 0.022601 0.0530201 2.59944e-05
8 0.918859 0.968456 0.0629863 0.0630872 2.59952e-05
6 0.739904 0.616443 0.0303816 0.0463087 2.60072e-05
6 0.00796591 0.190604 0.0159318 0.124832 2.60963e-05
6 0.268433 0.113423 0.0181549 0.0174497 2.61402e-05
9 0.411449 1 0.0640978 0 2.61506e-05
6 0.147833 0.520805 0.0555761 0.095302 2.61532e-05
6 0.390515 0.0573826 0.0148203 0.0167785 2.62915e-05
6 0.829937 0.545638 0.0251945 0.0604027 2.62993e-05
6 0.380697 0.666107 0.0188959 0.0530201 2.63272e-05
6 0.989255 0.0332215 0.0214894 0.066443 2.63494e-05
9 0.914413 1 0.165246 0 2.63521e-05
3 0.917747 0.61745 0.164505 0.671141 2.63522e-05
0 0.995554 0.874161 0.00889218 0.169799 2.63717e-05
4 0.981475 0.668456 0.0370508 0.344966 2.65036e-05
9 0.0824379 1 0.0574287 0 2.66146e-05
6 0.571137 0.537584 0.022601 0.0389262 2.6688e-05
6 0.268433 0.459732 0.0159318 0.0255034 2.68273e-05
6 0.365135 0.505705 0.022601 0.0355705 2.68489e-05
6 0.105965 0.492953 0.151167 0.254362 2.68723e-05
6 0.858651 0.569128 0.026306 0.0684564 2.68974e-05
6 0.764542 0.663423 0.134494 0.14698 2.69777e-05
6 0.455169 0.510403 0.0151908 0.0395973 2.71798e-05
6 0.885884 0.525168 0.0385328 0.0986577 2.71823e-05
6 0.230826 0.535906 0.0177844 0.0395973 2.7205e-05
6 0.959615 0.104027 0.0326047 0.0469799 2.72425e-05
6 0.477029 0.984899 0.0285291 0.0302013 2.72437e-05
5 0.215265 0.269463 0.0400148 0.28255 2.72794e-05
6 0.253427 0.55604 0.0259355 0.047651 2.73286e-05
5 0.165802 0.0469799 0.164135 0.0939597 2.73339e-05
9 0.98907 0.99698 0.0218599 0.00604027 2.74552e-05
6 0.988885 0.352349 0.0222305 0.339597 2.75054e-05
6 0.266024 0.888591 0.0815117 0.222819 2.75228e-05
6 0.918859 0.839262 0.097814 0.102685 2.76484e-05
6 0.280845 0.638255 0.0251945 0.0496644 2.78406e-05
6 0.570396 0.515772 0.0203779 0.0395973 2.78493e-05
6 0.215635 0.0281879 0.0696554 0.0563758 2.79318e-05
10 0.00870693 0.860738 0.0107447 0.109396 2.7939e-05
6 0.492219 0.0033557 0.023342 0.00671141 2.80012e-05
6 0.753983 0.633557 0.0222305 0.0442953 2.80155e-05
10 0.00870693 0.904362 0.0114857 0.101342 2.82202e-05
6 0.96017 0.138591 0.0455724 0.047651 2.82257e-05
6 0.215635 0.562081 0.123009 0.125503 2.82363e-05
7 0.452205 0.692282 0.0366803 0.105369 2.82531e-05
7 0.440534 0.391275 0.0251945 0.110067 2.8268e-05
3 0.866617 0.689933 0.266765 0.620134 2.8332e-05
6 0.0700259 0.537584 0.0815117 0.244295 2.83348e-05
5 0.621897 0.992953 0.457577 0.014094 2.8339e-05
6 0.811041 0.927852 0.0948499 0.124161 2.83541e-05
6 0.171175 0.561074 0.0222305 0.0563758 2.83557e-05
6 0.632827 0.511074 0.0229715 0.0328859 2.83705e-05
6 0.544646 0.547315 0.0222305 0.0409396 2.85473e-05
6 0.561875 0.495302 0.0314931 0.0442953 2.85731e-05
4 0.536124 0.823154 0.583179 0.183221 2.86518e-05
6 0.354761 0.0644295 0.0522416 0.0483221 2.87254e-05
6 0.442942 0.530201 0.0174139 0.0362416 2.87519e-05
6 0.58781 0.532215 0.0218599 0.0308725 2.87612e-05
6 0.823453 0.147315 0.0389033 0.102685 2.87983e-05
6 0.809559 0.532215 0.0637273 0.103356 2.88516e-05
6 0.241756 0.638255 0.022601 0.0469799 2.8868e-05
6 0.871063 0.401007 0.0459429 0.161745 2.90335e-05
6 0.259355 0.00671141 0.0140793 0.0134228 2.90578e-05
6 0.379585 0.640604 0.0188959 0.0449664 2.91379e-05
6 0.205076 0.992953 0.0596517 0.014094 2.91477e-05
6 0.685624 0.0711409 0.0566877 0.0268456 2.92114e-05
6 0.375324 0.646309 0.0392738 0.0550336 2.92195e-05
6 0.987958 0.938255 0.0166728 0.120805 2.92858e-05
6 0.643201 0.528188 0.0822527 0.0657718 2.92911e-05
6 0.643016 0.651342 0.0389033 0.0516779 2.93989e-05
6 0.42701 0.483221 0.0374213 0.052349 2.94514e-05
6 0.620415 0.529866 0.026306 0.0328859 2.96105e-05
6 0.21545 0.610403 0.0596517 0.0798658 2.96129e-05
6 0.738422 0.502013 0.048907 0.0563758 2.96767e-05
6 0.0133383 0.127181 0.0266765 0.165772 2.96843e-05
6 0.282142 0.115436 0.0396443 0.0362416 2.97522e-05
6 0.803816 0.577181 0.0648388 0.0496644 2.97712e-05
6 0.903483 0.142282 0.0678029 0.0348993 2.9794e-05
5 0.285661 0.083557 0.393479 0.167114 2.99976e-05
6 0.898666 0.908054 0.0967025 0.12349 3.01188e-05
5 0.793813 0.969128 0.316784 0.061745 3.01502e-05
6 0.545758 0.613423 0.0281586 0.0630872 3.01899e-05
6 0.694516 0.49698 0.0203779 0.0355705 3.02098e-05
6 0.345498 0.0724832 0.0418674 0.0228188 3.02584e-05
6 0.631901 0.492953 0.0159318 0.0395973 3.03968e-05
4 0.737125 0.876175 0.52575 0.202013 3.04391e-05
5 0.146536 0.157718 0.144127 0.201342 3.05334e-05
6 0.907929 0.52047 0.0574287 0.104027 3.07298e-05
6 0.656354 0.0798658 0.0574287 0.0402685 3.0781e-05
6 0.391627 0.523154 0.0214894 0.0328859 3.08505e-05
6 0.16432 0.532886 0.0655798 0.0644295 3.08506e-05
6 0.635791 0.571812 0.0281586 0.0496644 3.09676e-05
6 0.988699 0.275168 0.022601 0.218792 3.09907e-05
6 0.202853 0.575839 0.024824 0.0469799 3.09933e-05
6 0.0326047 0.121812 0.0592812 0.0583893 3.10384e-05
6 0.162653 0.520805 0.0363097 0.0496644 3.10838e-05
6 0.495924 0.973826 0.0522416 0.052349 3.10887e-05
6 0.576325 0.961745 0.0403853 0.0765101 3.11944e-05
6 0.604298 0.576846 0.0214894 0.0395973 3.12718e-05
6 0.680622 0.616443 0.0229715 0.0436242 3.13809e-05
6 0.41608 0.597315 0.0177844 0.0375839 3.14071e-05
6 0.331234 0.537919 0.0348277 0.0463087 3.14464e-05
5 0.509818 0.921141 0.3794 0.0744966 3.14574e-05
6 0.255094 0.569463 0.0203779 0.0449664 3.1507e-05
6 0.272508 0.594295 0.022601 0.0436242 3.15345e-05
9 0.929048 0.989597 0.0455724 0.0208054 3.15636e-05
7 0.494072 0.762416 0.0359392 0.128859 3.16261e-05
7 0.55817 0.68557 0.0426084 0.0986577 3.1778e-05
6 0.979993 0.107383 0.0288996 0.0563758 3.18697e-05
6 0.0678029 0.437248 0.0778066 0.286577 3.18877e-05
6 0.831049 0.137248 0.0741015 0.112081 3.18878e-05
6 0.280474 0.992282 0.0311226 0.0154362 3.19408e-05
6 0.356058 0.527517 0.0385328 0.0483221 3.19543e-05
6 0.554094 0.938255 0.0307521 0.0751678 3.19854e-05
6 0.895146 0.448658 0.0607632 0.104027 3.20617e-05
6 0.352167 0.498322 0.024083 0.0395973 3.2097e-05
7 0.66395 0.368456 0.0763246 0.0805369 3.21999e-05
6 0.318266 0.979866 0.0296406 0.0402685 3.22621e-05
8 0.00500185 0.141611 0.0100037 0.283221 3.22975e-05
6 0.666543 0.583893 0.0311226 0.0456376 3.24058e-05
5 0.920711 0.168121 0.158577 0.138926 3.24282e-05
6 0.417562 0.00436242 0.0281586 0.00872483 3.24857e-05
6 0.4196 0.0104027 0.0411263 0.0208054 3.24944e-05
6 0.458503 0.490268 0.0292701 0.047651 3.26821e-05
6 0.26973 0.46443 0.0296406 0.0348993 3.27328e-05
6 0.619489 0.516107 0.0326047 0.0402685 3.27427e-05
2 0.957762 0.404027 0.0844757 0.348993 3.27952e-05
6 0.0164876 0.258725 0.0329752 0.165772 3.28883e-05
6 0.366432 0.666443 0.0200074 0.0469799 3.28912e-05
6 0.721193 0.668121 0.0426084 0.105369 3.29213e-05
6 0.391256 0.618456 0.0207484 0.0409396 3.29298e-05
6 0.381623 0.983893 0.0348277 0.0322148 3.30269e-05
6 0.233976 0.602685 0.0277881 0.0456376 3.30533e-05
6 0.226936 0.488255 0.0389033 0.057047 3.3074e-05
5 0.836977 0.0456376 0.326047 0.0912752 3.31194e-05
6 0.666173 0.64396 0.0333457 0.0597315 3.31322e-05
6 0.737495 0.508725 0.0159318 0.0362416 3.31437e-05
9 0.9309 0.979195 0.0811412 0.0416107 3.31757e-05
6 0.341423 0.521812 0.024083 0.0328859 3.31877e-05
3 0.178955 0.733557 0.35791 0.532886 3.31907e-05
5 0.4711 0.0395973 0.218229 0.0791946 3.32115e-05
5 0.254724 0.978523 0.390886 0.042953 3.32432e-05
6 0.729344 0.619799 0.0277881 0.0503356 3.33396e-05
6 0.40867 0.605705 0.154872 0.113423 3.3362e-05
6 0.073731 0.117114 0.10226 0.047651 3.34162e-05
6 0.979437 0.00872483 0.0411263 0.0174497 3.36027e-05
6 0.484253 0.551007 0.0229715 0.0416107 3.36038e-05
6 0.216562 0.556711 0.0196369 0.0489933 3.36986e-05
5 0.708596 0.302013 0.582808 0.437584 3.37531e-05
7 0.497406 0.787584 0.024824 0.0610738 3.3814e-05
6 0.465913 0.985235 0.0292701 0.0295302 3.38714e-05
5 0.511301 0.963758 0.306039 0.0724832 3.38718e-05
5 0.226751 0.011745 0.129678 0.0234899 3.39156e-05
6 0.559652 0.540604 0.023342 0.0409396 3.39652e-05
5 0.507966 1 0.420897 0 3.3979e-05
6 0.00592812 0.193624 0.0118562 0.0543624 3.41162e-05
5 0.311597 0.254027 0.623194 0.508054 3.41627e-05
6 0.604298 0.602013 0.0185254 0.0389262 3.41956e-05
9 0.789181 0.998658 0.0941089 0.00268456 3.42556e-05
6 0.169322 0.495638 0.048907 0.0677852 3.43375e-05
0 0.00852168 0.781544 0.0111152 0.309396 3.44014e-05
6 0.480178 0.169128 0.0577992 0.122148 3.44472e-05
4 0.878288 0.71443 0.224157 0.412752 3.45518e-05
6 0.0972582 0.598658 0.134494 0.342282 3.46871e-05
5 0.163023 0.0137584 0.127455 0.0275168 3.47269e-05
6 0.293072 0.981544 0.0348277 0.0369128 3.47472e-05
2 0.420156 0.938926 0.431271 0.0697987 3.47855e-05
9 0.123194 0.993289 0.0996665 0.0134228 3.47992e-05
6 0.538162 0.482886 0.026306 0.0516779 3.48372e-05
6 0.990552 0.205705 0.0114857 0.0879195 3.48911e-05
6 0.728974 0.644295 0.0374213 0.0604027 3.49516e-05
5 0.8392 0.0895973 0.321601 0.179195 3.49894e-05
6 0.909226 0.584899 0.0681734 0.188591 3.5017e-05
6 0.530752 0.984564 0.026306 0.0308725 3.50175e-05
5 0.53279 0.0271812 0.482401 0.0543624 3.5107e-05
6 0.0163023 0.202685 0.0326047 0.120805 3.51376e-05
5 0.690997 0.963087 0.308262 0.0738255 3.51917e-05
6 0.329196 0.521141 0.022601 0.0328859 3.52304e-05
5 0.0579844 0.0130872 0.115969 0.0261745 3.53517e-05
6 0.562986 0.64396 0.0351982 0.057047 3.54992e-05
5 0.559652 0.23255 0.390886 0.153691 3.55508e-05
6 0.677658 0.638255 0.0207484 0.042953 3.55631e-05
6 0.238607 0.543289 0.0200074 0.0463087 3.56312e-05
6 0.481475 0.99094 0.0418674 0.0181208 3.5768e-05
6 0.592442 0.65302 0.0340867 0.052349 3.58971e-05
6 0.841978 0.515436 0.0389033 0.0684564 3.59154e-05
6 0.494072 0.982886 0.0440904 0.0315436 3.59309e-05
9 0.152093 1 0.0640978 0 3.59785e-05
6 0.98518 0.0788591 0.0185254 0.047651 3.59824e-05
6 0.936458 0.157718 0.0692849 0.0402685 3.605e-05
6 0.365876 0.525503 0.0270471 0.033557 3.60904e-05
6 0.0250093 0.0144295 0.0500185 0.0288591 3.60987e-05
9 0.375324 1 0.0689144 0 3.61638e-05
6 0.588737 0.515772 0.0170434 0.0355705 3.6243e-05
6 0.589663 0.690604 0.0455724 0.095302 3.63127e-05
6 0.0200074 0.144631 0.0400148 0.0879195 3.63664e-05
6 0.991108 0.942953 0.0163023 0.114094 3.63746e-05
6 0.650241 0.574832 0.0266765 0.0463087 3.63749e-05
5 0.13505 0.0731544 0.2701 0.146309 3.64328e-05
6 0.343831 0.636242 0.0385328 0.085906 3.64695e-05
6 0.291775 0.558389 0.0203779 0.033557 3.65626e-05
6 0.267877 0.526846 0.0207484 0.0348993 3.66355e-05
9 0.048166 0.969463 0.096332 0.0610738 3.6677e-05
7 0.620785 0.427181 0.0566877 0.113423 3.67234e-05
6 0.661356 0.991275 0.0615043 0.0174497 3.67578e-05
6 0.334198 0.641611 0.0200074 0.0389262 3.68183e-05
6 0.883846 0.496644 0.0559466 0.10604 3.68525e-05
6 0.286217 0.127181 0.0500185 0.038255 3.70752e-05
2 0.254909 0.471476 0.437199 0.31745 3.70792e-05
6 0.693775 0.0419463 0.141163 0.0597315 3.70925e-05
6 0.765839 0.544966 0.047425 0.0724832 3.71347e-05
6 0.543349 0.988926 0.0692849 0.0221477 3.71482e-05
6 0.613005 0.566443 0.0922564 0.0765101 3.72267e-05
6 0.63116 0.519463 0.0389033 0.0442953 3.72348e-05
5 0.346239 0.0681208 0.158948 0.0838926 3.73443e-05
5 0.858281 0.2 0.188588 0.220134 3.74018e-05
0 0.00370508 0.856711 0.00741015 0.11745 3.74472e-05
6 0.49648 0.934899 0.0674324 0.0912752 3.74603e-05
6 0.073731 0.859732 0.123009 0.118121 3.78834e-05
6 0.36143 0.624497 0.0833642 0.116107 3.8246e-05
6 0.222675 0.51443 0.0155613 0.0463087 3.83303e-05
9 0.336421 1 0.0689144 0 3.83786e-05
6 0.756206 0.604698 0.131901 0.136913 3.84424e-05
5 0.586143 0.00637584 0.201556 0.0127517 3.84824e-05
6 0.435346 0.871141 0.0444609 0.0818792 3.8794e-05
6 0.705076 0.992617 0.0592812 0.0147651 3.8842e-05
6 0.710819 0.514765 0.022601 0.0389262 3.88617e-05
5 0.772138 0.125839 0.0874398 0.104027 3.8935e-05
6 0.319563 0.990604 0.0359392 0.0187919 3.89737e-05
6 0.268062 0.994295 0.0448314 0.0114094 3.9003e-05
6 0.725269 0.49094 0.0529826 0.0704698 3.9054e-05
9 0.602445 1 0.0666914 0 3.90713e-05
6 0.64209 0.994966 0.05113 0.0100671 3.9089e-05
6 0.560022 0.517114 0.0174139 0.0409396 3.91651e-05
8 0.949055 0.956711 0.10189 0.0865772 3.92011e-05
9 0.716376 1 0.0937384 0 3.9224e-05
6 0.932197 0.130537 0.047425 0.0543624 3.94886e-05
2 0.527047 0.448658 0.475361 0.160403 3.95062e-05
5 0.219711 0.0889262 0.0837347 0.114765 3.95222e-05
9 0.674324 1 0.0763246 0 3.95922e-05
6 0.243238 0.558725 0.026306 0.0489933 3.99681e-05
6 0.0565024 0.162752 0.0974435 0.0463087 4.00814e-05
5 0.771026 0.199329 0.457947 0.398658 4.0097e-05
6 0.416265 0.560067 0.023342 0.0436242 4.00975e-05
6 0.332531 0.619463 0.0211189 0.0442953 4.01624e-05
6 0.673953 0.530201 0.114857 0.115436 4.02618e-05
6 0.349018 0.538255 0.137088 0.0993289 4.02698e-05
9 0.1897 1 0.0681734 0 4.02779e-05
5 0.440534 0.147651 0.798073 0.295302 4.0542e-05
5 0.771212 0.901342 0.352353 0.0845638 4.07179e-05
6 0.61319 0.0647651 0.0244535 0.0315436 4.10458e-05
6 0.523898 0.0261745 0.0459429 0.052349 4.1121e-05
6 0.499259 0.445638 0.0515006 0.0630872 4.11262e-05
5 0.0944794 0.0258389 0.172657 0.0516779 4.12516e-05
6 0.966469 0.111745 0.0670619 0.0946309 4.13378e-05
6 0.994257 0.185235 0.0114857 0.0751678 4.13688e-05
6 0.271582 0.44698 0.0244535 0.0375839 4.14224e-05
6 0.859392 0.508389 0.026306 0.066443 4.14515e-05
7 0.497221 0.386242 0.0214894 0.155034 4.18934e-05
6 0.684142 0.613423 0.0633568 0.0993289 4.19033e-05
6 0.528344 0.962081 0.0214894 0.0557047 4.19535e-05
6 0.736384 0.515772 0.0300111 0.0436242 4.19835e-05
6 0.344016 0.640268 0.023342 0.0496644 4.20351e-05
6 0.443127 0.619799 0.0192664 0.047651 4.20592e-05
6 0.165246 0.539262 0.0311226 0.0503356 4.20761e-05
9 0.983512 1 0.0329752 0 4.2148e-05
8 0.298629 0.914765 0.597258 0.17047 4.21692e-05
6 0.132271 0.497315 0.0555761 0.10604 4.23593e-05
6 0.613005 0.0731544 0.0159318 0.0228188 4.24938e-05
6 0.723046 0.53255 0.0211189 0.0369128 4.26285e-05
6 0.994813 0.113758 0.0103742 0.0691275 4.26385e-05
0 0.994257 0.849329 0.0114857 0.293289 4.26391e-05
6 0.21545 0.535235 0.0174139 0.0395973 4.26955e-05
6 0.500371 0.0630872 0.0492775 0.0751678 4.27354e-05
5 0.345498 0.0107383 0.134494 0.0214765 4.2798e-05
6 0.0813264 0.114765 0.0559466 0.0308725 4.28969e-05
6 0.269915 0.48557 0.0196369 0.0342282 4.29044e-05
6 0.477214 0.484899 0.0437199 0.0610738 4.29092e-05
6 0.059837 0.11745 0.119674 0.0926175 4.29163e-05
8 0.00296406 0.121812 0.00592812 0.11745 4.3043e-05
9 0.15728 0.995973 0.0811412 0.00805369 4.3182e-05
6 0.680437 0.571477 0.0292701 0.0436242 4.31949e-05
6 0.288996 0.533221 0.0274176 0.0409396 4.32866e-05
6 0.623935 0.536577 0.157095 0.114765 4.33245e-05
6 0.392182 0.560738 0.0211189 0.0422819 4.3363e-05
6 0.352538 0.496309 0.119674 0.0785235 4.3398e-05
6 0.380326 0.993289 0.0307521 0.0134228 4.34283e-05
6 0.0596517 0.928188 0.119303 0.143624 4.34406e-05
9 0.227492 1 0.0711375 0 4.35181e-05
7 0.469433 0.386242 0.0259355 0.108054 4.35374e-05
6 0.710448 0.647315 0.110782 0.181879 4.36614e-05
5 0.526862 0.211074 0.0370508 0.121477 4.37022e-05
6 0.720637 0.131208 0.0333457 0.0463087 4.3721e-05
5 0.775102 0.052349 0.235643 0.104698 4.37812e-05
4 0.0137088 0.707047 0.0274176 0.422148 4.39493e-05
6 0.148203 0.547315 0.0370508 0.0731544 4.40148e-05
6 0.337718 0.500671 0.0359392 0.042953 4.42243e-05
7 0.534087 0.695973 0.0285291 0.0912752 4.42481e-05
6 0.932012 0.125839 0.0337162 0.0302013 4.43979e-05
6 0.992034 0.0134228 0.0159318 0.0268456 4.45032e-05
3 0.846795 0.407718 0.30641 0.74698 4.45684e-05
7 0.529455 0.40302 0.0444609 0.132215 4.45939e-05
6 0.239533 0.53255 0.0389033 0.038255 4.4883e-05
6 0.451834 0.984564 0.0337162 0.0308725 4.49838e-05
5 0.257688 0.0983221 0.169322 0.120134 4.5115e-05
6 0.444794 0.499664 0.0344572 0.0463087 4.51332e-05
9 0.537977 1 0.0755835 0 4.51778e-05
9 0.753798 1 0.0900333 0 4.5191e-05
9 0.574102 1 0.0841052 0 4.52136e-05
6 0.853835 0.493624 0.0559466 0.0879195 4.53783e-05
7 0.504631 0.818456 0.0237125 0.0503356 4.54673e-05
6 0.680808 0.994295 0.0507595 0.0114094 4.54675e-05
6 0.909967 0.42349 0.0570582 0.181208 4.55083e-05
6 0.653575 0.644966 0.0555761 0.0818792 4.55676e-05
9 0.265098 1 0.0678029 0 4.56316e-05
9 0.71156 1 0.074472 0 4.56515e-05
6 0.721934 0.576846 0.0218599 0.0409396 4.56609e-05
6 0.46721 0.937584 0.0570582 0.0738255 4.57396e-05
9 0.639496 1 0.0711375 0 4.59272e-05
6 0.0648388 0.338926 0.0800296 0.143624 4.59578e-05
6 0.251204 0.529195 0.195628 0.22349 4.59725e-05
6 0.177844 0.512081 0.0222305 0.0416107 4.6018e-05
8 0.983327 0.94094 0.0333457 0.118121 4.60851e-05
8 0.00648388 0.144631 0.0129678 0.124161 4.62271e-05
6 0.984624 0.354027 0.0307521 0.28255 4.62354e-05
6 0.307151 0.942953 0.0733605 0.0926175 4.62801e-05
6 0.934791 0.191946 0.10226 0.0885906 4.63443e-05
6 0.406262 0.560403 0.024083 0.0456376 4.64241e-05
6 0.916636 0.109396 0.0533531 0.0375839 4.64551e-05
6 0.315858 0.50906 0.025565 0.0395973 4.64633e-05
9 0.0485365 0.996644 0.097073 0.00671141 4.65014e-05
6 0.564098 0.531208 0.0440904 0.038255 4.65429e-05
9 0.196369 0.996644 0.0815117 0.00671141 4.65587e-05
6 0.258059 0.93255 0.0833642 0.134899 4.67032e-05
5 0.256947 0.0456376 0.219711 0.0912752 4.67576e-05
5 0.862356 0.954698 0.275287 0.090604 4.68083e-05
6 0.667099 0.948322 0.0596517 0.0805369 4.68344e-05
9 0.180622 0.98255 0.0655798 0.0348993 4.68373e-05
9 0.071508 0.954027 0.0370508 0.0919463 4.69037e-05
6 0.266395 0.635235 0.0251945 0.0463087 4.74275e-05
6 0.621156 0.493624 0.0144498 0.0436242 4.74709e-05
9 0.302149 1 0.0692849 0 4.7594e-05
6 0.00981845 0.090604 0.0196369 0.0966443 4.77423e-05
9 0.61319 1 0.0770656 0 4.7889e-05
6 0.916265 0.12953 0.0555761 0.0295302 4.79217e-05
9 0.615784 0.986242 0.237866 0.0275168 4.79328e-05
6 0.233605 0.625168 0.0307521 0.0463087 4.82058e-05
9 0.74787 1 0.073731 0 4.86595e-05
6 0.856428 0.541946 0.0389033 0.066443 4.88017e-05
6 0.536124 0.475503 0.0444609 0.0691275 4.88174e-05
6 0.437755 0.702685 0.0292701 0.085906 4.91369e-05
9 0.821601 1 0.072249 0 4.92231e-05
6 0.406447 0.99396 0.048166 0.0120805 4.93243e-05
6 0.208225 0.179866 0.0281586 0.10604 4.93948e-05
6 0.255094 0.488591 0.0566877 0.0912752 4.94623e-05
6 0.268803 0.492617 0.0366803 0.0510067 4.95146e-05
6 0.522971 0.597315 0.0455724 0.0604027 4.95204e-05
6 0.510374 0.984899 0.0529826 0.0302013 4.95777e-05
6 0.946091 0.107047 0.0389033 0.038255 4.96846e-05
6 0.350315 0.575503 0.023342 0.0395973 4.99814e-05
6 0.203779 0.568792 0.206002 0.17651 5.00637e-05
6 0.70804 0.615436 0.0652093 0.095302 5.01597e-05
6 0.378474 0.562416 0.024083 0.042953 5.02508e-05
6 0.0731753 0.128188 0.0529826 0.0281879 5.02945e-05
6 0.723601 0.898658 0.098555 0.202685 5.03701e-05
6 0.31771 0.563087 0.024824 0.042953 5.06886e-05
6 0.144498 0.947315 0.0659503 0.090604 5.06936e-05
6 0.953131 0.162081 0.0603927 0.090604 5.06946e-05
6 0.329011 0.0721477 0.0815117 0.0583893 5.07492e-05
2 0.372545 0.326174 0.565765 0.324832 5.09078e-05
6 0.274176 0.519799 0.0689144 0.0610738 5.1007e-05
6 0.692664 0.491275 0.0566877 0.0657718 5.10647e-05
5 0.838829 0.944631 0.322342 0.110738 5.11873e-05
6 0.625787 0.624497 0.0563172 0.0704698 5.12255e-05
6 0.00685439 0.143289 0.0100037 0.0677852 5.12741e-05
6 0.627825 0.500336 0.0337162 0.0449664 5.14831e-05
6 0.184328 0.618121 0.026306 0.0590604 5.14946e-05
5 0.249352 0.877852 0.384587 0.127517 5.153e-05
3 0.685069 0.596309 0.497221 0.525503 5.18831e-05
6 0.613561 0.061745 0.0148203 0.0201342 5.19343e-05
6 0.799555 0.581208 0.0718785 0.100671 5.19576e-05
6 0.422934 0.963087 0.0300111 0.0738255 5.19671e-05
5 0.349203 0.0338926 0.156725 0.0677852 5.20417e-05
5 0.137273 0.795973 0.26269 0.280537 5.21195e-05
9 0.0865135 0.991946 0.0944794 0.0161074 5.22554e-05
9 0.784179 1 0.074472 0 5.23476e-05
9 0.157466 0.982886 0.0585402 0.0342282 5.2375e-05
5 0.33605 0.102685 0.565395 0.205369 5.2408e-05
6 0.991108 0.00872483 0.0125973 0.0174497 5.2479e-05
6 0.709337 0.530872 0.024083 0.0362416 5.26874e-05
6 0.831975 0.146644 0.0344572 0.0436242 5.28583e-05
6 0.181919 0.563087 0.0244535 0.0496644 5.30062e-05
6 0.0096332 0.0812081 0.0192664 0.0442953 5.30322e-05
6 0.584661 0.616107 0.0229715 0.052349 5.31524e-05
9 0.415524 1 0.0626158 0 5.32065e-05
9 0.858466 1 0.0711375 0 5.32204e-05
9 0.565395 0.992617 0.192664 0.0147651 5.33141e-05
6 0.932753 0.14094 0.0759541 0.0375839 5.36023e-05
7 0.2588 0.247651 0.0692849 0.252349 5.36675e-05
6 0.293627 0.994966 0.0418674 0.0100671 5.36948e-05
7 0.470359 0.365101 0.0492775 0.114094 5.38403e-05
5 0.26269 0.131544 0.52538 0.263087 5.39256e-05
6 0.683772 0.0493289 0.0485365 0.0181208 5.40369e-05
6 0.445535 0.625168 0.0433494 0.0704698 5.42604e-05
6 0.432938 0.011745 0.0915154 0.0234899 5.42975e-05
6 0.575584 0.658054 0.0618748 0.0852349 5.43097e-05
6 0.369767 0.994966 0.0414969 0.0100671 5.45737e-05
6 0.983142 0.0865772 0.0337162 0.120805 5.46002e-05
5 0.244165 0.246309 0.488329 0.492617 5.46551e-05
8 0.917377 0.992953 0.0600222 0.014094 5.47867e-05
6 0.00815117 0.171477 0.0118562 0.0610738 5.47875e-05
6 0.566877 0.98557 0.0400148 0.0275168 5.48537e-05
8 0.989811 0.882886 0.0203779 0.214094 5.4877e-05
5 0.5 0.0718121 0.136717 0.0926175 5.50188e-05
6 0.658948 0.507383 0.0766951 0.0751678 5.50264e-05
6 0.719526 0.130201 0.0207484 0.0241611 5.51145e-05
9 0.231197 0.99698 0.0785476 0.00604027 5.5732e-05
6 0.120415 0.411409 0.0800296 0.126174 5.58262e-05
2 0.131715 0.415436 0.192293 0.338255 5.59568e-05
6 0.0418674 0.132215 0.0837347 0.163758 5.59569e-05
6 0.133197 0.55 0.0455724 0.0838926 5.61035e-05
6 0.357355 0.635235 0.024083 0.047651 5.61197e-05
6 0.276399 0.485906 0.0170434 0.0456376 5.62487e-05
6 0.854946 0.580872 0.0922564 0.177852 5.63419e-05
6 0.856614 0.512416 0.123009 0.231544 5.65406e-05
5 0.0753983 0.0526846 0.147833 0.105369 5.65889e-05
6 0.775843 0.57651 0.0214894 0.0496644 5.66217e-05
6 0.365506 0.636913 0.0203779 0.0442953 5.6778e-05
6 0.213598 0.564765 0.0492775 0.0422819 5.74072e-05
6 0.995554 0.971476 0.00889218 0.0530201 5.77221e-05
6 0.468507 0.981879 0.0381623 0.0362416 5.7972e-05
6 0.530196 0.983221 0.0333457 0.033557 5.82714e-05
6 0.316784 0.530872 0.0229715 0.0375839 5.82864e-05
6 0.416265 0.584228 0.0196369 0.0369128 5.83787e-05
9 0.00907744 0.976846 0.0114857 0.0449664 5.84406e-05
9 0.360133 0.988926 0.0659503 0.0221477 5.87202e-05
6 0.190441 0.578524 0.0266765 0.0510067 5.87483e-05
6 0.765469 0.578188 0.05113 0.0557047 5.87762e-05
6 0.721564 0.51443 0.0218599 0.038255 5.88033e-05
6 0.098555 0.522483 0.0815117 0.191275 5.89741e-05
6 0.427566 0.504698 0.0163023 0.0362416 5.89985e-05
6 0.666543 0.658725 0.0214894 0.0436242 5.90458e-05
6 0.355317 0.563758 0.0311226 0.0483221 5.91968e-05
6 0.460726 0.600671 0.136717 0.118121 5.94608e-05
6 0.705632 0.945973 0.0818822 0.108054 5.94913e-05
6 0.435532 0.976174 0.0529826 0.0409396 5.95866e-05
6 0.18266 0.900671 0.0829937 0.0805369 5.97326e-05
6 0.900519 0.52349 0.0759541 0.209396 5.97949e-05
6 0.7588 0.604362 0.0400148 0.0530201 5.98316e-05
6 0.684883 0.0791946 0.0789181 0.052349 5.98711e-05
6 0.647277 0.616107 0.049648 0.0738255 6.00488e-05
6 0.276954 0.45604 0.0144498 0.0328859 6.05204e-05
9 0.678214 1 0.0789181 0 6.05585e-05
6 0.995554 0.0439597 0.00889218 0.0879195 6.06227e-05
6 0.985735 0.931879 0.0285291 0.136242 6.09357e-05
6 0.505372 0.983221 0.0407558 0.033557 6.09673e-05
6 0.219711 0.090604 0.0237125 0.0966443 6.12261e-05
6 0.506669 0.47651 0.0351982 0.052349 6.12386e-05
6 0.0376065 0.151007 0.074472 0.0604027 6.12564e-05
6 0.443127 0.980537 0.0429789 0.0389262 6.13427e-05
6 0.848092 0.947315 0.0763246 0.102685 6.1445e-05
6 0.761949 0.583893 0.198963 0.267114 6.15874e-05
8 0.805298 0.991946 0.074472 0.0161074 6.23601e-05
6 0.168766 0.566107 0.0537236 0.0677852 6.25301e-05
6 0.331234 0.512752 0.0340867 0.0456376 6.26568e-05
9 0.931271 1 0.0774361 0 6.26848e-05
6 0.305113 0.613087 0.0285291 0.0463087 6.30365e-05
6 0.204335 0.558725 0.024824 0.0489933 6.31694e-05
6 0.160245 0.92953 0.119674 0.14094 6.31854e-05
0 0.00351982 0.898658 0.00703964 0.102013 6.3275e-05
6 0.118192 0.521812 0.0659503 0.106711 6.34959e-05
2 0.363097 0.357718 0.305298 0.154362 6.35691e-05
6 0.621156 0.651007 0.0522416 0.0724832 6.3586e-05
6 0.590219 0.596644 0.0377918 0.0402685 6.3974e-05
4 0.487588 0.864765 0.841052 0.27047 6.40579e-05
7 0.510559 0.406711 0.0229715 0.139597 6.41594e-05
5 0.94146 0.0171141 0.11708 0.0342282 6.4391e-05
6 0.882549 0.402685 0.048166 0.0899329 6.44164e-05
6 0.991849 0.158725 0.0148203 0.136242 6.44594e-05
6 0.736384 0.582886 0.0492775 0.0557047 6.47062e-05
6 0.567062 0.972148 0.0463134 0.0409396 6.48745e-05
6 0.355502 0.986913 0.0314931 0.0261745 6.50736e-05
9 0.643757 1 0.0707669 0 6.51698e-05
9 0.0679881 0.986242 0.0418674 0.0275168 6.52096e-05
6 0.393479 0.498322 0.0222305 0.0610738 6.53447e-05
6 0.983327 0.268456 0.0333457 0.195973 6.55922e-05
6 0.210819 0.590604 0.0259355 0.0496644 6.56888e-05
6 0.198592 0.515772 0.0200074 0.0463087 6.582e-05
6 0.391627 0.583557 0.0185254 0.0342282 6.60307e-05
7 0.527232 0.712752 0.0459429 0.14094 6.64312e-05
8 0.991664 0.969799 0.0166728 0.0604027 6.66783e-05
6 0.572249 0.0124161 0.0974435 0.0248322 6.70827e-05
5 0.171916 0.989933 0.343831 0.0201342 6.71909e-05
6 0.0168581 0.00838926 0.0337162 0.0167785 6.73533e-05
6 0.306225 0.57651 0.0211189 0.0402685 6.73764e-05
6 0.991293 0.0624161 0.0159318 0.124832 6.77591e-05
6 0.35402 0.994966 0.0285291 0.0100671 6.78775e-05
6 0.438125 0.951342 0.0611338 0.0973154 6.81762e-05
5 0.110411 0.201342 0.220823 0.18255 6.88446e-05
5 0.0941089 0.22047 0.125232 0.112081 6.91174e-05
6 0.218414 0.0694631 0.0159318 0.0208054 6.91783e-05
7 0.793627 0.214094 0.0229715 0.328859 6.96969e-05
6 0.415524 0.571141 0.113746 0.0657718 6.99474e-05
5 0.80326 0.0231544 0.164505 0.0463087 7.04082e-05
6 0.414413 0.646644 0.0329752 0.0583893 7.05694e-05
9 0.577251 0.989262 0.047425 0.0214765 7.06465e-05
6 0.315117 0.500671 0.0440904 0.0483221 7.11011e-05
5 0.177844 0.243289 0.355687 0.486577 7.1159e-05
6 0.268433 0.52651 0.0396443 0.0409396 7.17693e-05
6 0.716376 0.507383 0.0463134 0.0496644 7.18309e-05
6 0.764728 0.589262 0.0770656 0.102013 7.21589e-05
6 0.307336 0.983557 0.0374213 0.0328859 7.22147e-05
5 0.510559 0.125168 0.29937 0.216779 7.2249e-05
6 0.234717 0.946309 0.0789181 0.107383 7.22835e-05
6 0.420156 0.980873 0.0355687 0.038255 7.25185e-05
6 0.00981845 0.954027 0.0107447 0.0731544 7.25191e-05
6 0.481475 0.960403 0.0589107 0.0630872 7.29783e-05
6 0.306039 0.993624 0.0318637 0.0127517 7.29792e-05
6 0.252501 0.536913 0.0559466 0.0711409 7.37458e-05
6 0.5289 0.993289 0.0292701 0.0134228 7.37959e-05
6 0.504076 0.993289 0.0344572 0.0134228 7.3889e-05
6 0.257688 0.632886 0.024824 0.0469799 7.42695e-05
6 0.46721 0.992617 0.0318637 0.0147651 7.45068e-05
6 0.350871 0.615101 0.0326047 0.0463087 7.46196e-05
9 0.439052 0.99094 0.165987 0.0181208 7.47432e-05
6 0.556688 0.586242 0.141163 0.1 7.49068e-05
6 0.381808 0.497987 0.0174139 0.0348993 7.50404e-05
5 0.354576 0.0503356 0.256391 0.100671 7.53514e-05
6 0.388477 0.524161 0.0389033 0.0416107 7.54109e-05
6 0.329011 0.563758 0.0288996 0.0469799 7.64329e-05
5 0.135976 0.947315 0.271953 0.105369 7.68476e-05
4 0.284179 0.82047 0.568359 0.35906 7.69584e-05
6 0.726565 0.603691 0.0281586 0.0463087 7.71889e-05
6 0.39033 0.646309 0.0337162 0.0550336 7.72397e-05
6 0.131901 0.44396 0.0652093 0.106711 7.79421e-05
6 0.736013 0.531544 0.0455724 0.0442953 7.79618e-05
9 0.422934 0.978859 0.24787 0.0422819 7.82781e-05
0 0.988514 0.84698 0.0200074 0.30604 7.87374e-05
6 0.665246 0.56745 0.0781771 0.0785235 7.89112e-05
6 0.34272 0.562752 0.0303816 0.0463087 7.89564e-05
9 0.563913 0.978188 0.157836 0.0436242 7.99132e-05
6 0.989996 0.0278523 0.0111152 0.0557047 8.03282e-05
6 0.870137 0.519799 0.0463134 0.0798658 8.09119e-05
6 0.613746 0.497651 0.0396443 0.0463087 8.13697e-05
9 0.972582 0.991611 0.0377918 0.0167785 8.15106e-05
5 0.314931 0.97651 0.285291 0.0469799 8.19615e-05
6 0.323453 0.574832 0.049648 0.0557047 8.23662e-05
5 0.886995 0.99698 0.22601 0.00604027 8.27784e-05
6 0.330863 0.983557 0.0392738 0.0328859 8.35306e-05
6 0.270841 0.509732 0.0318637 0.0422819 8.4011e-05
6 0.627455 0.58255 0.19007 0.159732 8.42026e-05
6 0.955354 0.164094 0.0589107 0.0395973 8.43117e-05
6 0.225083 0.0536913 0.0663209 0.0818792 8.44647e-05
6 0.909967 0.945638 0.0718785 0.108725 8.45477e-05
6 0.329937 0.993624 0.0329752 0.0127517 8.47253e-05
6 0.00833642 0.0177852 0.0166728 0.0355705 8.64596e-05
6 0.340496 0.527852 0.0437199 0.0422819 8.64785e-05
6 0.538533 0.532215 0.0492775 0.0375839 8.68166e-05
6 0.54409 0.981544 0.0351982 0.0369128 8.68376e-05
6 0.183772 0.594295 0.0274176 0.0610738 8.70053e-05
9 0.0961467 0.24698 0.0433494 0.0281879 8.71685e-05
6 0.219711 0.0936242 0.0288996 0.047651 8.72705e-05
5 0.074472 0.157383 0.125973 0.12953 8.77193e-05
9 0.965543 0.977181 0.0311226 0.033557 8.82477e-05
2 0.808262 0.891275 0.383475 0.21745 8.88717e-05
6 0.414969 0.501342 0.0177844 0.033557 8.91172e-05
5 0.895887 0.0704698 0.208225 0.111409 8.92931e-05
5 0.668025 0.0513423 0.208966 0.0919463 8.95324e-05
9 0.00833642 0.975503 0.0166728 0.0489933 9.04299e-05
6 0.321786 0.608725 0.31382 0.212081 9.08814e-05
6 0.298444 0.500671 0.024083 0.042953 9.17001e-05
6 0.689144 0.530201 0.0296406 0.0402685 9.18249e-05
9 0.605965 0.987584 0.0700259 0.0248322 9.24018e-05
6 0.184513 0.541275 0.0237125 0.0516779 9.28106e-05
6 0.22601 0.541275 0.0340867 0.0395973 9.28498e-05
5 0.470915 0.00973154 0.242312 0.0194631 9.32345e-05
9 0.00815117 0.989262 0.0133383 0.0214765 9.3593e-05
4 0.165061 0.736577 0.330122 0.479866 9.36567e-05
6 0.0872545 0.235906 0.0440904 0.0395973 9.38692e-05
6 0.126899 0.570805 0.124861 0.171141 9.42249e-05
9 0.898481 1 0.0674324 0 9.47907e-05
6 0.457577 0.568121 0.0281586 0.0409396 9.48726e-05
8 0.0933679 0.965436 0.0726195 0.0691275 9.50985e-05
6 0.419044 0.992282 0.0303816 0.0154362 9.51349e-05
5 0.223787 0.0563758 0.12375 0.0979866 9.53919e-05
6 0.209707 0.516443 0.0163023 0.0449664 9.55948e-05
6 0.714153 0.597651 0.024824 0.038255 9.57572e-05
6 0.935532 0.117114 0.100037 0.066443 9.63192e-05
4 0.792886 0.728859 0.414227 0.46443 9.63421e-05
6 0.5402 0.644631 0.0363097 0.0798658 9.66136e-05
6 0.286588 0.495973 0.0188959 0.042953 9.6651e-05
7 0.783809 0.223154 0.0270471 0.293289 9.66731e-05
6 0.723972 0.556376 0.049648 0.0630872 9.6705e-05
6 0.00815117 0.0295302 0.0163023 0.0590604 9.76951e-05
6 0.663394 0.601342 0.0203779 0.0348993 9.78872e-05
5 0.789366 0.211745 0.0789181 0.313423 9.87792e-05
6 0.195999 0.590604 0.0274176 0.0563758 9.94031e-05
6 0.737866 0.604362 0.0581697 0.0651007 9.99027e-05
9 0.268989 0.999664 0.0748425 0.000671141 0.000100095
6 0.411263 0.525503 0.0370508 0.0402685 0.000100206
6 0.431456 0.963758 0.0322342 0.0483221 0.000100805
6 0.705076 0.576846 0.0274176 0.0422819 0.000101716
2 0.753983 0.471812 0.492034 0.46443 0.000101719
6 0.5804 0.492953 0.0411263 0.0489933 0.000101831
6 0.454983 0.992953 0.049648 0.014094 0.000103003
6 0.656354 0.615436 0.026306 0.0510067 0.000103407
5 0.726751 0.0161074 0.187847 0.0322148 0.000104028
9 0.578177 0.983557 0.0796591 0.0328859 0.000104216
6 0.54409 0.965436 0.023342 0.0503356 0.000104252
5 0.485921 0.183893 0.0759541 0.21745 0.000104275
6 0.0909596 0.247987 0.0670619 0.0597315 0.000104352
4 0.291775 0.694966 0.335309 0.302685 0.000104459
5 0.739718 0.0815436 0.520563 0.163087 0.000104994
6 0.391627 0.601678 0.0185254 0.0395973 0.000105
6 0.307707 0.510067 0.07299 0.0738255 0.000105514
6 0.407188 0.541611 0.0429789 0.0402685 0.000105909
6 0.444239 0.56443 0.0200074 0.0402685 0.000106654
6 0.696184 0.609732 0.0296406 0.0530201 0.000106715
0 0.00759541 0.873154 0.0107447 0.253691 0.000106939
6 0.224898 0.0788591 0.0281586 0.0355705 0.000107515
6 0.544646 0.984899 0.0281586 0.0302013 0.000108037
2 0.87977 0.478523 0.187847 0.351678 0.000108211
6 0.644868 0.529866 0.0426084 0.038255 0.000108503
6 0.681734 0.598658 0.0266765 0.0442953 0.000108899
6 0.991478 0.15604 0.0111152 0.0758389 0.00010922
6 0.23731 0.57349 0.0218599 0.0503356 0.000109436
6 0.763431 0.588255 0.0307521 0.0409396 0.000109729
6 0.110411 0.94698 0.0829937 0.10604 0.000110609
6 0.220823 0.0892617 0.0192664 0.0281879 0.000113231
5 0.110597 0.974832 0.221193 0.0503356 0.000113544
5 0.679511 0.968792 0.393479 0.0624161 0.000113713
6 0.681734 0.0530201 0.0681734 0.0375839 0.000114047
6 0.479993 0.993624 0.0470545 0.0127517 0.000114836
9 0.431456 0.986577 0.0463134 0.0268456 0.000114964
5 0.652834 0.200336 0.288255 0.277181 0.00011581
6 0.626343 0.537248 0.0537236 0.0449664 0.000116188
6 0.24083 0.595302 0.0229715 0.0483221 0.000116397
5 0.900148 0.127517 0.177473 0.130201 0.000116594
9 0.555761 0.977181 0.0733605 0.0456376 0.000117267
5 0.294554 0.0197987 0.178585 0.0395973 0.000117836
6 0.985921 0.139262 0.0281586 0.112081 0.000118161
6 0.343831 0.995302 0.0414969 0.00939597 0.000118385
9 0.383661 0.989262 0.0581697 0.0214765 0.000119172
6 0.405891 0.587248 0.024083 0.0402685 0.000120724
6 0.665617 0.639597 0.0188959 0.0375839 0.000121163
6 0.31419 0.535906 0.0444609 0.0449664 0.000121172
7 0.512783 0.696309 0.0392738 0.126846 0.000121193
6 0.392368 0.500336 0.0185254 0.0315436 0.000121446
5 0.391256 0.0154362 0.218599 0.0308725 0.000121447
5 0.0935532 0.996644 0.187106 0.00671141 0.000121479
9 0.960911 0.990268 0.0374213 0.0194631 0.000121502
5 0.251389 0.921476 0.436828 0.111409 0.000121557
6 0.226751 0.569128 0.0214894 0.0469799 0.000121558
6 0.985365 0.204698 0.0292701 0.139597 0.000121901
6 0.894405 0.133557 0.103742 0.0738255 0.000122834
6 0.279548 0.497315 0.0159318 0.0416107 0.00012328
5 0.839014 0.839933 0.321971 0.312081 0.000124564
6 0.493146 0.592953 0.0296406 0.0395973 0.000124702
6 0.638014 0.605034 0.0259355 0.0463087 0.000125556
6 0.433864 0.659396 0.0585402 0.090604 0.000126459
6 0.394405 0.642953 0.0603927 0.0697987 0.000126488
6 0.51834 0.994295 0.047425 0.0114094 0.000126519
6 0.307151 0.599329 0.14598 0.150336 0.000127395
6 0.223972 0.0724832 0.0188959 0.0241611 0.000127445
6 0.765839 0.908054 0.114857 0.143624 0.000127681
6 0.00833642 0.936913 0.0107447 0.126174 0.000128508
6 0.664876 0.624161 0.0188959 0.0402685 0.000128591
9 0.380141 1 0.0666914 0 0.000129172
5 0.098555 0.0993289 0.192664 0.148993 0.000130127
6 0.963134 0.119128 0.0418674 0.0503356 0.000130219
6 0.0572434 0.13255 0.0996665 0.0489933 0.000130474
9 0.00629863 0.994966 0.0125973 0.0100671 0.000131584
2 0.383105 0.432886 0.487588 0.228188 0.00013168
6 0.306966 0.544631 0.172286 0.137584 0.000131896
6 0.466284 0.595638 0.0359392 0.0422819 0.000132906
9 0.00463135 0.986577 0.00926269 0.0268456 0.000133082
6 0.716006 0.614765 0.0329752 0.0456376 0.000133336
6 0.615413 0.562752 0.0422379 0.0436242 0.000133643
6 0.347351 0.540268 0.0448314 0.0416107 0.000134208
6 0.00648388 0.115772 0.0100037 0.0610738 0.000135962
9 0.976287 0.981544 0.0452019 0.0369128 0.000136054
6 0.480734 0.983557 0.0603927 0.0328859 0.000137549
5 0.654872 0.0194631 0.163394 0.0389262 0.000138703
6 0.591515 0.546309 0.0418674 0.0402685 0.000139873
6 0.227677 0.577852 0.0381623 0.0469799 0.000140235
6 0.00796591 0.0057047 0.0114857 0.0114094 0.00014036
9 0.417562 0.983221 0.0666914 0.033557 0.000142003
6 0.704891 0.586577 0.141904 0.147651 0.000142606
5 0.184698 0.0892617 0.369396 0.178523 0.000142883
2 0.635235 0.395973 0.396073 0.226846 0.000143018
6 0.198036 0.541946 0.023342 0.047651 0.000144648
6 0.586884 0.622483 0.0444609 0.0677852 0.000144884
6 0.707855 0.542953 0.0411263 0.042953 0.000145526
6 0.990552 0.0513423 0.0114857 0.0798658 0.000146149
6 0.993516 0.0983221 0.0129678 0.138926 0.000146223
6 0.451463 0.964765 0.0633568 0.0557047 0.000146834
6 0.253242 0.606376 0.0618748 0.0973154 0.000147746
6 0.197481 0.565772 0.0237125 0.0510067 0.000148009
6 0.373657 0.537248 0.0426084 0.0409396 0.000150173
6 0.51093 0.598993 0.0407558 0.0422819 0.000150858
6 0.00463135 0.969128 0.00926269 0.0577181 0.000151695
6 0.442201 0.545638 0.0463134 0.0402685 0.000152251
6 0.00666914 0.0352349 0.00815117 0.0610738 0.00015256
9 0.341423 1 0.0640978 0 0.00015277
6 0.329011 0.58255 0.0274176 0.0402685 0.000152849
5 0.221934 0.95906 0.407558 0.0818792 0.000153788
7 0.513153 0.386242 0.0437199 0.114765 0.000153934
7 0.491478 0.69094 0.0389033 0.134899 0.000154193
6 0.626528 0.580537 0.0540941 0.0550336 0.000157394
5 0.889774 0.0241611 0.180437 0.0483221 0.000157991
8 0.951278 0.990604 0.0974435 0.0187919 0.000158186
4 0.711189 0.671812 0.348648 0.316779 0.000159813
6 0.319007 0.994966 0.0429789 0.0100671 0.000160879
5 0.25213 0.900336 0.504261 0.199329 0.000161836
5 0.293257 0.212752 0.441275 0.359732 0.000165006
6 0.892182 0.13255 0.0711375 0.038255 0.000165628
6 0.00648388 0.014094 0.00852168 0.0281879 0.000165866
7 0.51797 0.0483221 0.0111152 0.0684564 0.000165922
9 0.306966 1 0.0648388 0 0.000167333
9 0.543164 0.992953 0.0422379 0.014094 0.000169092
6 0.437014 0.532215 0.0351982 0.0402685 0.000169651
6 0.748055 0.603356 0.0244535 0.0456376 0.000169985
6 0.488514 0.576174 0.111523 0.0758389 0.000170975
6 0.557058 0.956711 0.0396443 0.0865772 0.000171351
6 0.209707 0.568456 0.0222305 0.0456376 0.000171741
6 0.5804 0.558725 0.0589107 0.047651 0.000173204
6 0.2299 0.590268 0.023342 0.047651 0.000173233
3 0.0946647 0.583557 0.189329 0.832886 0.000174462
6 0.901815 0.598322 0.117821 0.324161 0.000175409
9 0.964617 0.99396 0.0707669 0.0120805 0.000175479
6 0.210078 0.542282 0.0200074 0.0456376 0.000175784
6 0.991293 0.12651 0.0114857 0.0771812 0.00017592
7 0.464802 0.7 0.0300111 0.0926175 0.000176206
6 0.693961 0.586242 0.0659503 0.0771812 0.00017622
6 0.870693 0.931544 0.114857 0.136913 0.000179483
6 0.688588 0.51745 0.022601 0.0348993 0.000183037
6 0.652279 0.58255 0.0463134 0.0590604 0.000183301
6 0.993146 0.0815436 0.0137088 0.0624161 0.000183442
6 0.945535 0.129195 0.0422379 0.0275168 0.000189388
6 0.45239 0.980201 0.0659503 0.0395973 0.000189567
6 0.537051 0.583221 0.210078 0.155705 0.000190329
6 0.293257 0.614094 0.025565 0.042953 0.000191432
5 0.862912 0.975839 0.274176 0.0483221 0.000193696
5 0.0878103 0.981208 0.175621 0.0375839 0.00019467
6 0.351797 0.506376 0.0455724 0.0449664 0.000194742
5 0.501112 0.061745 0.713227 0.12349 0.000195107
6 0.313079 0.595973 0.0237125 0.0402685 0.000196257
5 0.362912 0.228523 0.291589 0.24094 0.000197104
9 0.971471 0.963423 0.0570582 0.0731544 0.000202963
6 0.994442 0.927517 0.0111152 0.144966 0.000205172
9 0.436643 0.991275 0.0700259 0.0174497 0.000205765
5 0.818266 0.180201 0.363468 0.357718 0.000206024
7 0.487588 0.39094 0.0452019 0.101342 0.000206296
6 0.46369 0.530872 0.0344572 0.0402685 0.000206554
6 0.57651 0.586242 0.0600222 0.0543624 0.000206612
6 0.488514 0.530872 0.0366803 0.042953 0.000208219
5 0.547981 0.0248322 0.272694 0.0496644 0.00020937
7 0.752501 0.226175 0.0681734 0.326174 0.000211376
6 0.382179 0.503356 0.0344572 0.0389262 0.000212191
6 0.404039 0.5 0.022601 0.0348993 0.000212886
6 0.763431 0.601007 0.0218599 0.0436242 0.000214553
6 0.324565 0.608725 0.050389 0.0724832 0.00021505
6 0.310856 0.584899 0.0859578 0.0879195 0.000217915
6 0.571508 0.609732 0.0270471 0.0489933 0.000220102
6 0.661727 0.602685 0.048907 0.0563758 0.000222028
5 0.738051 0.919463 0.523898 0.161074 0.000222575
6 0.5 0.545302 0.32123 0.156376 0.000222624
6 0.28103 0.615772 0.022601 0.0369128 0.000224714
6 0.556873 0.962416 0.0326047 0.0510067 0.000226474
6 0.315302 0.582215 0.0244535 0.0369128 0.000228187
6 0.512412 0.530201 0.0429789 0.0416107 0.000232041
6 0.219711 0.0701342 0.0452019 0.0543624 0.000237184
6 0.650611 0.604698 0.0244535 0.0402685 0.000237447
5 0.161541 0.154027 0.323083 0.308054 0.000237496
6 0.665987 0.568456 0.0366803 0.0469799 0.000239618
6 0.247129 0.619799 0.0266765 0.0516779 0.000239894
6 0.353649 0.569799 0.19674 0.108725 0.000244701
8 0.0907744 0.991275 0.0696554 0.0174497 0.000247809
6 0.677288 0.508054 0.0133383 0.0295302 0.000249426
5 0.767692 0.940604 0.387551 0.118792 0.000250028
5 0.480919 0.0671141 0.47425 0.134228 0.000257424
6 0.66043 0.512416 0.0322342 0.0395973 0.000257447
6 0.990737 0.963423 0.0155613 0.0731544 0.00026082
6 0.434605 0.597987 0.0155613 0.0362416 0.000261751
6 0.579474 0.601007 0.0229715 0.038255 0.000262877
6 0.283068 0.519463 0.0207484 0.0348993 0.000263757
6 0.379029 0.604362 0.0207484 0.0436242 0.000264334
3 0.3392 0.583221 0.510189 0.569128 0.00026456
5 0.471656 0.955034 0.535754 0.0899329 0.000266192
6 0.756021 0.615436 0.023342 0.0416107 0.000268606
6 0.11319 0.921476 0.141904 0.157047 0.000268611
6 0.442016 0.644295 0.0296406 0.0765101 0.000271511
6 0.554465 0.988255 0.0440904 0.0234899 0.000282197
6 0.560578 0.551678 0.0355687 0.0416107 0.000286112
6 0.703409 0.598993 0.0277881 0.0516779 0.000300248
6 0.304001 0.596644 0.0277881 0.0469799 0.000300755
6 0.354761 0.6 0.129307 0.085906 0.000305756
6 0.625787 0.600671 0.046684 0.0496644 0.000321773
6 0.412745 0.599329 0.0340867 0.0442953 0.000324368
6 0.254539 0.590604 0.0318637 0.0536913 0.000329827
5 0.500556 0.983893 0.551315 0.0322148 0.000338295
9 0.96721 0.984228 0.0626158 0.0315436 0.00034308
6 0.736384 0.929866 0.103372 0.128188 0.000359559
5 0.506113 0.202013 0.0548351 0.146309 0.000365657
6 0.694331 0.589933 0.0385328 0.0456376 0.000367609
6 0.677844 0.513087 0.0307521 0.0369128 0.000370347
6 0.497221 0.581544 0.0392738 0.0369128 0.000374694
7 0.517414 0.0681208 0.024083 0.136242 0.000377438
2 0.858651 0.907047 0.282697 0.185906 0.000378645
6 0.693034 0.571477 0.0433494 0.0530201 0.000388431
6 0.467395 0.644295 0.0307521 0.0845638 0.000404497
7 0.466469 0.699329 0.0741015 0.115436 0.000405029
9 0.968136 0.995638 0.046684 0.00872483 0.000414138
6 0.438866 0.56443 0.0411263 0.0442953 0.000420372
6 0.38329 0.577517 0.0396443 0.0355705 0.00042139
8 0.116895 0.895638 0.23379 0.114765 0.000422773
6 0.522786 0.582215 0.0355687 0.038255 0.000428531
6 0.479993 0.586577 0.0396443 0.0375839 0.00043416
6 0.440163 0.59698 0.0400148 0.0557047 0.000435033
6 0.475732 0.548993 0.0570582 0.0416107 0.000448095
6 0.263246 0.618792 0.0300111 0.0416107 0.000448574
6 0.533901 0.560067 0.0659503 0.0489933 0.000486822
6 0.665432 0.527852 0.0333457 0.0395973 0.000487278
8 0.0355687 0.986242 0.0555761 0.0275168 0.000512375
6 0.491108 0.60302 0.0344572 0.0838926 0.000528339
6 0.00741015 0.0728188 0.0118562 0.121477 0.000534476
6 0.544276 0.584899 0.0355687 0.0463087 0.000538384
8 0.0333457 0.963423 0.0652093 0.0731544 0.000540291
8 0.860874 0.920805 0.278251 0.102013 0.000568432
6 0.284365 0.600336 0.0211189 0.0409396 0.000576242
6 0.414598 0.572819 0.0340867 0.0328859 0.000602975
5 0.148759 0.872483 0.297518 0.230872 0.000640268
5 0.509263 0.157383 0.0811412 0.165772 0.000640684
8 0.992219 0.939597 0.0155613 0.114094 0.000642731
6 0.365506 0.592953 0.0337162 0.0449664 0.000653496
6 0.377547 0.563758 0.049648 0.0469799 0.000665263
6 0.989811 0.0909396 0.0129678 0.057047 0.0006688
6 0.302705 0.577852 0.0385328 0.0644295 0.000694804
4 0.491478 0.663087 0.314561 0.289933 0.000712388
6 0.479066 0.637584 0.0585402 0.14094 0.000725241
6 0.444609 0.595973 0.0170434 0.0389262 0.000769301
6 0.00537236 0.0765101 0.0107447 0.0751678 0.000780896
3 0.852538 0.575839 0.294924 0.793289 0.000828537
7 0.517043 0.0422819 0.0196369 0.0845638 0.000837216
6 0.347166 0.587248 0.0363097 0.042953 0.000879467
3 0.139311 0.572483 0.263801 0.712752 0.000916909
5 0.494813 0.924832 0.724342 0.150336 0.000922037
9 0.0277881 0.992953 0.0555761 0.014094 0.000941304
6 0.531493 0.551678 0.0366803 0.0416107 0.00103196
7 0.50352 0.378859 0.0852167 0.130872 0.00105234
6 0.474991 0.563758 0.0392738 0.0469799 0.0010595
6 0.363097 0.612416 0.0244535 0.0436242 0.00106674
6 0.291034 0.592282 0.0292701 0.0369128 0.00107862
6 0.577066 0.583893 0.0351982 0.0362416 0.00117057
6 0.354761 0.574161 0.0485365 0.0463087 0.001215
6 0.289181 0.513423 0.0374213 0.0442953 0.0012245
5 0.495183 0.110067 0.636162 0.185235 0.0012319
6 0.256577 0.60906 0.0292701 0.0503356 0.00125389
6 0.56595 0.598322 0.0322342 0.0369128 0.00128247
6 0.525195 0.661409 0.0678029 0.116107 0.00132242
6 0.305298 0.515101 0.0355687 0.0369128 0.00140213
6 0.666728 0.52047 0.0188959 0.0302013 0.00141339
6 0.304187 0.543624 0.0333457 0.0456376 0.00154895
6 0.512968 0.575503 0.0433494 0.038255 0.0016691
6 0.475547 0.598993 0.0418674 0.0758389 0.00173878
6 0.456651 0.589262 0.0351982 0.0348993 0.00184242
6 0.502408 0.55906 0.578733 0.291275 0.00195673
6 0.489626 0.572483 0.0396443 0.0362416 0.00219737
6 0.498703 0.558389 0.0548351 0.0483221 0.0023671
6 0.55817 0.587919 0.0322342 0.0442953 0.00256391
6 0.33179 0.593624 0.0389033 0.0409396 0.00259149
6 0.504446 0.613423 0.0544646 0.0872483 0.00264767
6 0.501482 0.58557 0.0477955 0.0731544 0.00273779
6 0.673768 0.519463 0.0166728 0.0322148 0.00296383
3 0.501853 0.42349 0.829566 0.354362 0.00304651
6 0.298073 0.526846 0.0285291 0.0416107 0.00319272
6 0.463876 0.577852 0.0355687 0.033557 0.00362245
6 0.534642 0.573154 0.0452019 0.0536913 0.00384506
6 0.495183 0.66745 0.074472 0.0892617 0.00583097
6 0.44535 0.585906 0.0274176 0.0268456 0.00606188
6 0.356058 0.604362 0.0311226 0.0342282 0.0240443
3 0.507781 0.570805 0.950352 0.709396 0.88416
2 0.502038 0.353691 0.580215 0.216107 0.886379
4 0.502223 0.669799 0.756947 0.365101 0.891237
5 0.501112 0.195973 0.561319 0.30604 0.916674
