6 0.814561 0.987153 0.0374213 0.025693 1.27406e-05
6 0.856058 0.974983 0.0300111 0.0297498 1.27463e-05
6 0.690256 0.0598377 0.0926269 0.0858688 1.2773e-05
6 0.107077 0.0344828 0.0607632 0.0513861 1.28039e-05
10 0.00889218 0.836376 0.0125973 0.125761 1.28062e-05
5 0.258429 0.14503 0.0603927 0.192698 1.28134e-05
6 0.871249 0.533807 0.0500185 0.135903 1.28323e-05
6 0.535569 0.0733604 0.0322342 0.146721 1.2888e-05
6 0.140608 0.198445 0.153761 0.112914 1.28899e-05
7 0.264913 0.282623 0.050389 0.147397 1.29021e-05
7 0.621526 0.414807 0.0841052 0.0845166 1.29334e-05
6 0.143572 0.201487 0.0300111 0.0324544 1.2945e-05
6 0.0939237 0.0520622 0.074472 0.0513861 1.29463e-05
7 0.514079 0.407032 0.024824 0.144692 1.29539e-05
6 0.989255 0.0615281 0.0214894 0.123056 1.29546e-05
5 0.740274 0.962813 0.281586 0.0486815 1.29838e-05
6 0.1093 0.469912 0.0540941 0.177147 1.30024e-05
6 0.130419 0.475997 0.047425 0.11359 1.30045e-05
6 0.869952 0.218053 0.0741015 0.0453009 1.30124e-05
6 0.435532 0.994929 0.0611338 0.010142 1.30411e-05
6 0.418674 0.0496957 0.0741015 0.081812 1.30589e-05
6 0.52575 0.621028 0.0400148 0.081812 1.30862e-05
5 0.445165 0.109533 0.135976 0.132522 1.31492e-05
6 0.409226 0.975321 0.0374213 0.0317782 1.3161e-05
6 0.716562 0.519946 0.0185254 0.0392157 1.31714e-05
6 0.948314 0.176133 0.103372 0.12238 1.31874e-05
6 0.0229715 0.979716 0.0459429 0.040568 1.32019e-05
6 0.635235 0.590602 0.0277881 0.0466531 1.32255e-05
6 0.493701 0.0946586 0.0188959 0.0324544 1.32372e-05
6 0.896443 0.258959 0.0596517 0.0473293 1.32492e-05
6 0.992219 0.536511 0.0155613 0.272481 1.33141e-05
6 0.78807 0.568289 0.118562 0.187289 1.33184e-05
6 0.418303 0.0162272 0.0370508 0.0324544 1.33397e-05
6 0.436828 0.504057 0.0111152 0.0466531 1.33419e-05
5 0.214524 0.332657 0.19711 0.186613 1.33433e-05
6 0.88329 0.0321163 0.0652093 0.0453009 1.33539e-05
6 0.165061 0.486477 0.026306 0.0682894 1.338e-05
6 0.141904 0.532116 0.0333457 0.0906018 1.33829e-05
6 0.0396443 0.230899 0.0792886 0.287356 1.34262e-05
8 0.00370508 0.166329 0.00741015 0.121704 1.34353e-05
6 0.856058 0.817444 0.0603927 0.139283 1.3454e-05
4 0.981104 0.7167 0.0377918 0.34618 1.34682e-05
6 0.122453 0.242732 0.150056 0.147397 1.35492e-05
6 0.144313 0.167343 0.074472 0.0547667 1.35604e-05
6 0.347536 0.0906018 0.0452019 0.0243408 1.35734e-05
6 0.882364 0.833333 0.0789181 0.148073 1.35916e-05
8 0.556502 0.97904 0.0629863 0.0419202 1.36246e-05
6 0.691367 0.939148 0.0348277 0.0622042 1.36539e-05
6 0.784365 0.613928 0.0822527 0.137931 1.36541e-05
4 0.808448 0.687965 0.183031 0.292765 1.36601e-05
6 0.403112 0.535835 0.0140793 0.0425963 1.36713e-05
6 0.740089 0.616633 0.0418674 0.0622042 1.3696e-05
6 0.895702 0.148411 0.0477955 0.0412441 1.36972e-05
6 0.619303 0.00371873 0.025565 0.00743746 1.37537e-05
6 0.747129 0.643002 0.0463134 0.0689655 1.3783e-05
6 0.18266 0.493915 0.0429789 0.0669371 1.3786e-05
6 0.885328 0.479716 0.0566877 0.199459 1.37953e-05
6 0.371804 0.155849 0.0470545 0.0601758 1.38118e-05
6 0.738977 0.957404 0.0381623 0.0851927 1.38321e-05
6 0.690811 0.649763 0.0426084 0.0770791 1.38368e-05
6 0.256947 0.988844 0.0307521 0.0223124 1.38568e-05
6 0.48555 0.100744 0.0300111 0.0486815 1.38579e-05
6 0.895517 0.573022 0.106706 0.195402 1.38692e-05
6 0.991108 0.216362 0.0177844 0.231237 1.39014e-05
6 0.988885 0.796484 0.0222305 0.329953 1.39267e-05
6 0.492219 0.643002 0.024824 0.0635565 1.39303e-05
6 0.987958 0.542596 0.0151908 0.107505 1.39552e-05
6 0.747129 0.909736 0.0337162 0.0750507 1.39889e-05
6 0.525936 0.642326 0.0277881 0.0608519 1.4006e-05
6 0.0531678 0.168357 0.0559466 0.045977 1.40247e-05
6 0.207484 0.974645 0.0666914 0.0507099 1.4104e-05
5 0.321045 0.902637 0.64209 0.194726 1.42099e-05
6 0.0455724 0.370859 0.0911449 0.322515 1.4215e-05
5 0.817155 0.115281 0.1093 0.212982 1.4229e-05
6 0.746017 0.44929 0.0329752 0.102096 1.42409e-05
6 0.678214 0.546991 0.0181549 0.0365112 1.42452e-05
7 0.407744 0.974983 0.0492775 0.0500338 1.42557e-05
6 0.283253 0.924273 0.0833642 0.136579 1.42602e-05
6 0.988699 0.454699 0.022601 0.233266 1.42623e-05
7 0.541126 0.693374 0.0285291 0.100744 1.42871e-05
6 0.631345 0.606491 0.0303816 0.0513861 1.43115e-05
5 0.208411 0.16261 0.207855 0.257606 1.4315e-05
6 0.894405 0.196078 0.0585402 0.0365112 1.43267e-05
0 0.992219 0.818796 0.0155613 0.197431 1.43409e-05
6 0.918859 0.534483 0.0785476 0.187289 1.43488e-05
6 0.62023 0.538202 0.0148203 0.0392157 1.43707e-05
6 0.984624 0.172752 0.0307521 0.252197 1.43709e-05
9 0.0905891 0.988844 0.0537236 0.0223124 1.43714e-05
5 0.288625 0.218053 0.111152 0.34956 1.44207e-05
6 0.940904 0.209263 0.0826232 0.0926302 1.44215e-05
5 0.0929974 0.0618661 0.185995 0.102096 1.44257e-05
6 0.371804 0.976335 0.0277881 0.0311021 1.44332e-05
6 0.406447 0.98783 0.0437199 0.0229885 1.45224e-05
6 0.882549 0.950304 0.050389 0.0791075 1.45367e-05
6 0.00741015 0.401961 0.0148203 0.102096 1.45551e-05
9 0.994998 0.990534 0.0100037 0.0189317 1.45684e-05
6 0.369952 0.988844 0.0337162 0.0209601 1.45804e-05
6 0.656539 0.6119 0.197851 0.204192 1.46233e-05
6 0.245832 0.965179 0.0307521 0.0534145 1.46435e-05
2 0.603742 0.432049 0.163394 0.124408 1.46697e-05
6 0.483698 0.0824882 0.0181549 0.0392157 1.46769e-05
7 0.591701 0.484111 0.0288996 0.0811359 1.46826e-05
6 0.143942 0.448276 0.0433494 0.104124 1.47075e-05
7 0.543349 0.851927 0.0359392 0.139283 1.47115e-05
6 0.143757 0.498648 0.0422379 0.104801 1.47481e-05
6 0.110411 0.0185936 0.0770656 0.0371873 1.47715e-05
6 0.781956 0.907708 0.0396443 0.0534145 1.47913e-05
6 0.135976 0.253888 0.0689144 0.184584 1.48279e-05
6 0.332901 0.965855 0.0359392 0.0682894 1.48303e-05
6 0.362356 0.604124 0.111152 0.114266 1.48399e-05
6 0.584105 0.0530764 0.026306 0.0926302 1.48407e-05
6 0.905335 0.241379 0.0507595 0.0432725 1.48605e-05
6 0.0802149 0.141988 0.0559466 0.0392157 1.48895e-05
6 0.246943 0.218391 0.0277881 0.112238 1.49576e-05
6 0.662838 0.652806 0.0363097 0.0642326 1.50479e-05
6 0.748611 0.173766 0.0537236 0.179851 1.50527e-05
0 0.988699 0.612576 0.0203779 0.347532 1.50838e-05
6 0.581697 0.0757268 0.0155613 0.0351589 1.5099e-05
7 0.466654 0.441515 0.0144498 0.117647 1.51543e-05
6 0.534828 0.0669371 0.0211189 0.0500338 1.51554e-05
6 0.772323 0.0375254 0.0500185 0.0750507 1.51557e-05
6 0.676176 0.605815 0.0296406 0.0649087 1.51783e-05
5 0.262134 1 0.273064 0 1.52093e-05
6 0.517784 0.0828262 0.0270471 0.114266 1.52938e-05
6 0.195257 0.468898 0.047425 0.0682894 1.53127e-05
7 0.520934 0.422583 0.0111152 0.091954 1.53143e-05
7 0.560022 0.479716 0.024824 0.0899256 1.5318e-05
6 0.571323 0.995605 0.0674324 0.00878972 1.53303e-05
6 0.897369 0.564571 0.0326047 0.0878972 1.53324e-05
6 0.734161 0.909398 0.0307521 0.0784314 1.53352e-05
6 0.867914 0.97735 0.0566877 0.0453009 1.53396e-05
6 0.731938 0.583502 0.0329752 0.0486815 1.53438e-05
6 0.39385 0.626437 0.0244535 0.0453009 1.54029e-05
6 0.182846 0.972955 0.0307521 0.045977 1.5409e-05
6 0.970174 0.0327924 0.0596517 0.0655849 1.54281e-05
7 0.543164 0.4476 0.0103742 0.0946586 1.54624e-05
5 0.267877 0.866126 0.417192 0.148749 1.54675e-05
6 0.155428 0.380325 0.071508 0.111562 1.54678e-05
5 0.521675 0.0385396 0.112634 0.0770791 1.54733e-05
6 0.767321 0.988506 0.0459429 0.0229885 1.54786e-05
6 0.894035 0.447262 0.0400148 0.0858688 1.55002e-05
6 0.931641 0.146721 0.0418674 0.0419202 1.55012e-05
4 0.126714 0.720419 0.253427 0.42664 1.55722e-05
3 0.0535383 0.529412 0.107077 0.60311 1.5641e-05
5 0.837718 0.0605139 0.135606 0.121028 1.56412e-05
6 0.358651 0.977012 0.0259355 0.0283976 1.56437e-05
6 0.664135 0.0831643 0.0396443 0.040568 1.56496e-05
7 0.479066 0.426302 0.0200074 0.135903 1.57529e-05
7 0.505928 0.462137 0.0166728 0.137255 1.5778e-05
7 0.552797 0.703854 0.0259355 0.106829 1.57797e-05
6 0.390515 0.959432 0.0874398 0.066261 1.57931e-05
6 0.648759 0.0794456 0.0259355 0.0250169 1.58414e-05
6 0.157095 0.950642 0.0770656 0.0987154 1.58452e-05
6 0.76306 0.868154 0.0863283 0.152806 1.58454e-05
6 0.988699 0.465179 0.0188959 0.146045 1.58717e-05
6 0.836236 0.789047 0.0748425 0.124408 1.59104e-05
6 0.367914 0.101082 0.0592812 0.0480054 1.5919e-05
5 0.160615 1 0.32123 0 1.59515e-05
6 0.826973 0.488844 0.0288996 0.0743746 1.59672e-05
6 0.972212 0.0638945 0.050389 0.100744 1.59751e-05
5 0.713968 0.0199459 0.106706 0.0398918 1.60029e-05
5 0.199148 0.911089 0.398296 0.1643 1.60066e-05
7 0.499259 0.468222 0.0159318 0.0750507 1.60428e-05
6 0.98907 0.529412 0.0218599 0.366464 1.6049e-05
7 0.696554 0.45977 0.0763246 0.123056 1.6097e-05
6 0.334013 0.630832 0.0292701 0.0500338 1.60972e-05
6 0.483883 0.0845166 0.0266765 0.11359 1.61075e-05
6 0.485365 0.0960108 0.0155613 0.0311021 1.61588e-05
6 0.582623 0.0520622 0.0285291 0.0432725 1.61922e-05
6 0.705076 0.943881 0.0288996 0.0554429 1.62042e-05
5 0.133012 0.0351589 0.177844 0.0703178 1.62364e-05
5 0.906262 0.0567951 0.187477 0.0838404 1.63042e-05
6 0.0922564 0.0121704 0.0540941 0.0243408 1.6386e-05
6 0.83957 0.461799 0.0274176 0.0635565 1.63878e-05
6 0.744165 0.987492 0.0314931 0.0250169 1.64009e-05
6 0.128196 0.535835 0.0711375 0.249493 1.64241e-05
6 0.0944794 0.126099 0.0555761 0.0371873 1.64504e-05
6 0.47425 0.102434 0.0592812 0.0926302 1.64547e-05
6 0.47814 0.625423 0.0211189 0.0446247 1.64591e-05
6 0.497406 0.152806 0.0596517 0.129817 1.64608e-05
6 0.939607 0.654158 0.0555761 0.141312 1.64915e-05
6 0.358281 1 0.0755835 0 1.64965e-05
6 0.555206 0.621028 0.0314931 0.0574713 1.65012e-05
7 0.605224 0.45977 0.0137088 0.066261 1.65242e-05
6 0.612264 0.576403 0.113005 0.0642326 1.65503e-05
6 0.35754 0.641988 0.0192664 0.0507099 1.65504e-05
6 0.652464 0.0885734 0.0274176 0.0229885 1.65639e-05
6 0.116895 0.179175 0.0892923 0.0500338 1.66053e-05
6 0.403298 0.587221 0.0374213 0.0493577 1.66184e-05
6 0.604854 0.00338066 0.0203779 0.00676133 1.66256e-05
7 0.414042 0.446924 0.0537236 0.109533 1.66431e-05
6 0.343646 0.989858 0.0292701 0.0175794 1.66571e-05
6 0.00314931 0.895537 0.00629863 0.111562 1.666e-05
6 0.103557 0.173766 0.171545 0.125761 1.66703e-05
4 0.934976 0.58215 0.130048 0.398918 1.67345e-05
6 0.167284 0.976673 0.024083 0.0453009 1.67456e-05
4 0.531678 0.680189 0.234161 0.200135 1.67502e-05
6 0.838459 0.511832 0.0392738 0.0797836 1.67683e-05
6 0.0238977 0.192022 0.0477955 0.181204 1.67685e-05
6 0.0785476 0.201487 0.0577992 0.0554429 1.68674e-05
6 0.152093 0.216024 0.0359392 0.096687 1.69132e-05
6 0.0309374 0.681204 0.0455724 0.106153 1.69183e-05
6 0.0539089 0.125085 0.0581697 0.0378634 1.69419e-05
5 0.858281 0.275862 0.272323 0.174442 1.69526e-05
6 0.98907 0.916836 0.0218599 0.166329 1.69636e-05
6 0.266395 0.912779 0.0392738 0.0703178 1.70156e-05
6 0.243979 0.558824 0.26269 0.350913 1.70227e-05
6 0.0842905 0.359702 0.0403853 0.121704 1.70405e-05
6 0.46721 0.576065 0.0266765 0.0392157 1.70454e-05
6 0.831604 0.973293 0.0300111 0.0425963 1.70527e-05
7 0.41571 0.691684 0.0385328 0.0973631 1.70944e-05
6 0.272138 0.0422583 0.0811412 0.0845166 1.71116e-05
6 0.139681 0.0212982 0.0889218 0.0425963 1.7119e-05
7 0.249352 0.335362 0.0192664 0.120352 1.71557e-05
6 0.923861 0.463827 0.0633568 0.170385 1.71692e-05
6 0.481845 0.994591 0.0670619 0.0108181 1.71833e-05
2 0.295665 0.451657 0.125232 0.178499 1.72181e-05
7 0.601519 0.423935 0.0166728 0.0960108 1.72293e-05
7 0.406817 0.445571 0.00666914 0.0770791 1.72433e-05
6 0.665617 0.542934 0.0389033 0.0446247 1.73134e-05
5 0.294183 0.196755 0.258614 0.393509 1.73337e-05
6 0.690441 0.935429 0.0418674 0.129141 1.73624e-05
7 0.497221 0.977688 0.0629863 0.0446247 1.74058e-05
7 0.660059 0.423935 0.0841052 0.10142 1.74224e-05
6 0.521119 0.579446 0.0359392 0.0567951 1.74693e-05
9 0.0635421 0.987153 0.0374213 0.025693 1.74771e-05
10 0.987773 0.873225 0.0177844 0.15213 1.74836e-05
6 0.898851 0.156187 0.0948499 0.0554429 1.75491e-05
7 0.600222 0.443881 0.0111152 0.0804598 1.75651e-05
7 0.469618 0.448276 0.00778066 0.0851927 1.76132e-05
6 0.245461 0.575389 0.0492775 0.0689655 1.76856e-05
6 0.271767 0.644354 0.0663209 0.0770791 1.77184e-05
6 0.742868 0.965517 0.0296406 0.0527383 1.77304e-05
6 0.609114 0.541244 0.0333457 0.0398918 1.77326e-05
6 0.170804 0.518256 0.0422379 0.0723462 1.7753e-05
6 0.106521 0.921907 0.102631 0.156187 1.77804e-05
8 0.526677 0.979378 0.0633568 0.0412441 1.79046e-05
5 0.186736 0.892495 0.373472 0.21501 1.79074e-05
7 0.580956 0.459432 0.0111152 0.0723462 1.79743e-05
6 0.270471 0.220081 0.050389 0.263016 1.80337e-05
6 0.882549 0.421907 0.048166 0.102772 1.81159e-05
6 0.16043 0.894861 0.0844757 0.153482 1.81166e-05
6 0.844572 0.979378 0.0403853 0.0385396 1.81227e-05
6 0.254539 0.5595 0.0377918 0.0534145 1.81229e-05
6 0.993146 0.342461 0.0137088 0.106153 1.81654e-05
6 0.156169 0.986815 0.0655798 0.0263692 1.82355e-05
6 0.949055 0.234618 0.0515006 0.0432725 1.82948e-05
6 0.721934 0.154496 0.0826232 0.173766 1.82963e-05
7 0.567432 0.463827 0.0174139 0.118999 1.83154e-05
5 0.150797 0.98073 0.301593 0.0385396 1.83942e-05
7 0.545017 0.47194 0.00889218 0.0851927 1.8429e-05
6 0.582623 0.0493577 0.0159318 0.0270453 1.84922e-05
7 0.553168 0.447938 0.0163023 0.114266 1.85036e-05
6 0.47814 0.64503 0.022601 0.066261 1.85189e-05
6 0.581141 0.00777552 0.025565 0.015551 1.85242e-05
6 0.930715 0.0344828 0.0933679 0.040568 1.85747e-05
6 0.0340867 0.423597 0.0637273 0.218391 1.864e-05
5 0.0709522 0.957742 0.141904 0.0845166 1.86555e-05
6 0.455354 0.577755 0.0222305 0.0412441 1.86584e-05
6 0.737495 0.97735 0.0300111 0.0453009 1.86837e-05
6 0.819933 0.448614 0.046684 0.139959 1.86913e-05
6 0.660245 0.576741 0.120785 0.112238 1.87413e-05
6 0.971471 0.504733 0.0570582 0.36714 1.87599e-05
6 0.135235 0.898918 0.0659503 0.121028 1.87718e-05
7 0.512783 0.469912 0.0125973 0.086545 1.8796e-05
6 0.993516 0.426978 0.0129678 0.15213 1.88536e-05
6 0.434235 0.637255 0.0792886 0.123732 1.88555e-05
6 0.504817 0.610886 0.0359392 0.0480054 1.88556e-05
6 0.437569 0.959432 0.0652093 0.0811359 1.8867e-05
6 0.842164 0.976335 0.0237125 0.0283976 1.88867e-05
7 0.117821 0.841785 0.100778 0.181204 1.89098e-05
7 0.616339 0.446247 0.022601 0.128465 1.89209e-05
6 0.569841 0.0733604 0.0259355 0.0642326 1.89409e-05
5 0.3794 1 0.270471 0 1.9029e-05
6 0.725639 0.53144 0.0151908 0.0365112 1.90299e-05
6 0.32123 0.622042 0.0815117 0.0973631 1.90748e-05
6 0.28492 0.515551 0.0348277 0.0547667 1.91035e-05
7 0.546313 0.850575 0.0285291 0.0784314 1.91272e-05
6 0.0968877 0.34449 0.0403853 0.125085 1.91614e-05
2 0.79937 0.975659 0.40126 0.0486815 1.9188e-05
6 0.654687 0.0929682 0.0414969 0.0412441 1.92381e-05
7 0.588737 0.453009 0.047425 0.102772 1.93027e-05
6 0.596332 0.00540906 0.024083 0.0108181 1.93528e-05
6 0.197851 0.905003 0.0555761 0.12238 1.93595e-05
6 0.99259 0.352265 0.0148203 0.262339 1.93731e-05
6 0.542238 0.960784 0.073731 0.0784314 1.94289e-05
6 0.359392 0.111224 0.0622453 0.133198 1.94662e-05
6 0.993146 0.290061 0.0137088 0.118999 1.94691e-05
0 0.00796591 0.891143 0.0107447 0.217715 1.94774e-05
6 0.882549 0.563556 0.0377918 0.141312 1.96067e-05
6 0.895702 0.170047 0.0529826 0.0385396 1.96548e-05
6 0.849944 0.554429 0.179326 0.416498 1.96674e-05
6 0.928492 0.0361731 0.0815117 0.0723462 1.97207e-05
6 0.915895 0.187627 0.046684 0.0412441 1.9725e-05
9 0.880511 0.991548 0.0559466 0.0169033 1.97404e-05
6 0.251204 0.939148 0.0385328 0.0689655 1.97455e-05
6 0.753612 0.973293 0.0540941 0.0534145 1.98218e-05
7 0.588366 0.426302 0.0140793 0.0953347 1.98332e-05
6 0.851241 0.169709 0.0537236 0.0338066 1.98739e-05
6 0.907003 0.492901 0.0355687 0.0906018 1.98798e-05
5 0.667469 0.939148 0.443498 0.0797836 2.00677e-05
6 0.572249 0.621028 0.024083 0.0588235 2.00699e-05
6 0.502594 0.0791075 0.0285291 0.158215 2.00944e-05
6 0.236569 0.0189317 0.0403853 0.0378634 2.0109e-05
5 0.465913 0.0216362 0.127825 0.0432725 2.01184e-05
6 0.960356 0.41954 0.0592812 0.269777 2.01365e-05
6 0.567988 0.967884 0.0459429 0.0642326 2.01536e-05
9 0.329752 1 0.0726195 0 2.0238e-05
7 0.450352 0.691346 0.0381623 0.104801 2.0251e-05
6 0.254539 0.961122 0.0333457 0.0777552 2.02857e-05
6 0.467766 0.623732 0.0218599 0.0453009 2.02941e-05
6 0.612634 0.0601758 0.0700259 0.07167 2.0322e-05
6 0.0114857 0.117647 0.0229715 0.216362 2.03745e-05
6 0.841793 0.988168 0.0326047 0.0209601 2.04148e-05
6 0.649129 0.542934 0.0200074 0.0365112 2.04588e-05
6 0.873657 0.918864 0.0563172 0.102772 2.05119e-05
7 0.615228 0.449628 0.0433494 0.0946586 2.05742e-05
6 0.992775 0.958418 0.0144498 0.0831643 2.05818e-05
6 0.947758 0.102096 0.104483 0.109533 2.05863e-05
6 0.764913 0.910074 0.0389033 0.11359 2.0619e-05
7 0.591886 0.448276 0.0181549 0.13117 2.06218e-05
6 0.577436 0.0317782 0.0188959 0.0243408 2.06514e-05
5 0.692664 0.0324544 0.156725 0.0649087 2.06563e-05
5 0.0476102 1 0.0952205 0 2.06856e-05
6 0.774176 0.537863 0.0344572 0.0993915 2.06931e-05
6 0.433309 0.544287 0.0277881 0.0676133 2.06933e-05
6 0.944239 0.0125085 0.0351982 0.0250169 2.07047e-05
7 0.596517 0.422921 0.0563172 0.126437 2.08076e-05
5 0.869767 0.149087 0.187847 0.187289 2.0853e-05
6 0.541867 0.618999 0.024824 0.0507099 2.08533e-05
6 0.527047 0.617647 0.0285291 0.0520622 2.09439e-05
7 0.43405 0.705206 0.026306 0.108181 2.09517e-05
2 0.53279 0.394861 0.0904039 0.116295 2.09592e-05
5 0.200445 0.0862069 0.165246 0.169709 2.11342e-05
6 0.492219 0.973969 0.0552056 0.0520622 2.11403e-05
5 0.416636 0.0571332 0.154502 0.0912779 2.11595e-05
6 0.447388 0.976673 0.0329752 0.030426 2.1207e-05
5 0.513524 0.282623 0.0629863 0.162272 2.12858e-05
6 0.00889218 0.259635 0.0177844 0.175794 2.13371e-05
6 0.756577 0.924949 0.047425 0.0608519 2.13468e-05
6 0.838273 0.153144 0.0492775 0.0344828 2.13485e-05
7 0.760282 0.306626 0.0207484 0.150778 2.13697e-05
6 0.143016 0.236646 0.0429789 0.0419202 2.13956e-05
6 0.989441 0.277552 0.0174139 0.126437 2.14371e-05
6 0.442757 0.605139 0.0192664 0.0419202 2.14451e-05
6 0.557984 0.0709939 0.0281586 0.0527383 2.14842e-05
6 0.664135 0.164976 0.176732 0.198783 2.15055e-05
7 0.54372 0.465855 0.0174139 0.125761 2.16125e-05
6 0.870693 0.427992 0.0859578 0.13117 2.16391e-05
6 0.884031 0.474307 0.0377918 0.0939824 2.1641e-05
6 0.971471 0.990534 0.0377918 0.0189317 2.16629e-05
6 0.766765 0.580798 0.0403853 0.0581474 2.17432e-05
6 0.156725 0.422921 0.0644683 0.106153 2.18274e-05
7 0.556502 0.468898 0.00741015 0.081812 2.1892e-05
6 0.640237 0.656863 0.0348277 0.0642326 2.19279e-05
7 0.736384 0.383705 0.0500185 0.187289 2.19519e-05
6 0.765839 0.973969 0.0637273 0.0520622 2.20412e-05
8 0.989811 0.929344 0.0107447 0.13455 2.21895e-05
6 0.221564 0.953009 0.0659503 0.0899256 2.22005e-05
6 0.344572 0.944219 0.0778066 0.108857 2.22685e-05
6 0.344943 0.575389 0.0363097 0.0432725 2.23246e-05
6 0.00426084 0.9476 0.00852168 0.0872211 2.23959e-05
6 0.28103 0.597025 0.0329752 0.0486815 2.24011e-05
9 0.961467 0.957404 0.048907 0.0851927 2.24866e-05
6 0.989811 0.357674 0.0159318 0.106829 2.2493e-05
6 0.874768 0.236646 0.096332 0.0892495 2.25793e-05
6 0.10967 0.357336 0.0333457 0.112914 2.25821e-05
7 0.587069 0.467208 0.00926269 0.0757268 2.26561e-05
6 0.829381 0.987492 0.0337162 0.0209601 2.26571e-05
6 0.00555761 0.213996 0.0111152 0.0912779 2.27541e-05
6 0.867358 0.015213 0.0592812 0.030426 2.28239e-05
6 0.762505 0.612914 0.105224 0.207573 2.2824e-05
6 0.511856 0.513861 0.0151908 0.0540906 2.28437e-05
6 0.989255 0.390128 0.0214894 0.296146 2.28629e-05
6 0.305484 0.977012 0.0411263 0.040568 2.28821e-05
7 0.541867 0.700473 0.0366803 0.205544 2.29049e-05
6 0.946647 0.535497 0.0718785 0.389452 2.29515e-05
7 0.484253 0.430358 0.0133383 0.0885734 2.29754e-05
7 0.529826 0.413117 0.0459429 0.0743746 2.30497e-05
7 0.486847 0.431711 0.0140793 0.158891 2.30703e-05
6 0.294739 0.621366 0.0344572 0.0513861 2.31396e-05
6 0.511671 0.994929 0.0696554 0.010142 2.31528e-05
6 0.918488 0.149763 0.0400148 0.0398918 2.32387e-05
6 0.681919 0.973293 0.0359392 0.0290737 2.34702e-05
6 0.432938 0.978702 0.0537236 0.0371873 2.34825e-05
6 0.484253 0.594659 0.0385328 0.0480054 2.34971e-05
5 0.640052 0.25693 0.493887 0.250169 2.35497e-05
6 0.772694 0.533807 0.022601 0.0642326 2.35842e-05
6 0.177288 0.975321 0.0603927 0.0493577 2.39064e-05
6 0.171175 0.472617 0.050389 0.086545 2.39465e-05
7 0.570396 0.448614 0.0100037 0.0858688 2.39528e-05
6 0.557799 0.0730223 0.0418674 0.146045 2.41384e-05
6 0.692293 0.610548 0.024083 0.0378634 2.42737e-05
5 0.633753 0.258959 0.127084 0.228533 2.44072e-05
5 0.910708 0.905341 0.178585 0.189317 2.44716e-05
6 0.0742868 0.175118 0.0522416 0.0676133 2.44797e-05
6 0.46721 0.981068 0.0622453 0.0378634 2.45473e-05
6 0.316043 0.925625 0.0778066 0.144692 2.45478e-05
6 0.93794 0.152806 0.0855873 0.0581474 2.46873e-05
6 0.378474 0.538202 0.0151908 0.0446247 2.47212e-05
6 0.506113 0.122718 0.0296406 0.0588235 2.48419e-05
6 0.194702 0.0243408 0.073731 0.0486815 2.48616e-05
7 0.442757 0.444219 0.047425 0.100068 2.48665e-05
6 0.354576 0.989858 0.047425 0.020284 2.49972e-05
6 0.854205 0.512508 0.0433494 0.091954 2.50212e-05
6 0.441645 0.624746 0.046684 0.0797836 2.50717e-05
6 0.171916 0.00777552 0.0400148 0.015551 2.50865e-05
6 0.00981845 0.36714 0.0159318 0.109533 2.51248e-05
3 0.312523 0.5 0.625046 1 2.51327e-05
7 0.592071 0.67309 0.050389 0.126437 2.51752e-05
6 0.470174 0.988168 0.0385328 0.0209601 2.52766e-05
6 0.832716 0.450304 0.0492775 0.091954 2.53315e-05
6 0.729159 0.537863 0.0355687 0.076403 2.5346e-05
5 0.397184 1 0.577992 0 2.53955e-05
6 0.283438 0.556119 0.0303816 0.0466531 2.54257e-05
6 0.327529 0.60142 0.179326 0.172414 2.54634e-05
6 0.367729 0.035497 0.0307521 0.0709939 2.54775e-05
6 0.761393 0.0192698 0.0422379 0.0385396 2.56359e-05
6 0.0870693 0.180527 0.0718785 0.135227 2.56466e-05
6 0.00815117 0.233942 0.0125973 0.10142 2.56572e-05
6 0.639681 0.0158891 0.101149 0.0317782 2.56701e-05
6 0.243423 0.0453009 0.0607632 0.0906018 2.57029e-05
6 0.318451 0.977012 0.024083 0.0419202 2.57439e-05
5 0.383661 0.255916 0.560578 0.511832 2.59593e-05
6 0.347907 0.96856 0.0326047 0.0628803 2.59831e-05
6 0.626528 0.528736 0.142275 0.0811359 2.60115e-05
6 0.80641 0.990196 0.0626158 0.0196078 2.60445e-05
6 0.745647 0.58046 0.023342 0.0466531 2.61477e-05
6 0.944794 0.255916 0.0570582 0.0507099 2.61744e-05
6 0.118933 0.169709 0.0592812 0.0419202 2.63516e-05
8 0.0200074 0.994253 0.0400148 0.0114943 2.63939e-05
2 0.680437 0.432387 0.16784 0.142664 2.65471e-05
6 0.792516 0.920892 0.0859578 0.127113 2.6607e-05
7 0.748981 0.33908 0.0374213 0.139959 2.66265e-05
6 0.705817 0.977012 0.0311226 0.0365112 2.67064e-05
6 0.815672 0.972279 0.0344572 0.045977 2.67132e-05
6 0.526677 0.667681 0.0322342 0.0845166 2.67558e-05
6 0.708411 0.640636 0.0414969 0.0588235 2.68454e-05
6 0.783253 0.0169033 0.046684 0.0338066 2.69682e-05
8 0.542238 0.995267 0.0700259 0.00946586 2.70358e-05
6 0.651908 0.0300879 0.0833642 0.0601758 2.70524e-05
6 0.499815 0.081474 0.0229715 0.0547667 2.70831e-05
6 0.147647 0.482082 0.072249 0.220419 2.71369e-05
6 0.392923 0.98783 0.0574287 0.0243408 2.71677e-05
6 0.947388 0.241379 0.105224 0.120352 2.73061e-05
6 0.0246388 0.34787 0.0411263 0.115619 2.74556e-05
6 0.91608 0.263016 0.0515006 0.0432725 2.74745e-05
6 0.346425 0.0956727 0.0681734 0.056119 2.74873e-05
6 0.891627 0.212982 0.0603927 0.0365112 2.75858e-05
6 0.66432 0.616633 0.0340867 0.0473293 2.75864e-05
6 0.905706 0.015551 0.0596517 0.0311021 2.77327e-05
6 0.0998518 0.362745 0.072249 0.275186 2.78677e-05
9 0.916265 0.989858 0.0585402 0.020284 2.79526e-05
6 0.859207 0.474307 0.0407558 0.0858688 2.81383e-05
6 0.837347 0.842461 0.0904039 0.163624 2.82304e-05
6 0.506669 0.97904 0.0470545 0.0365112 2.82535e-05
6 0.181363 0.449966 0.0574287 0.0980392 2.83176e-05
6 0.469063 0.0682894 0.0607632 0.0784314 2.83496e-05
6 0.429789 0.963151 0.0829937 0.0547667 2.84042e-05
6 0.060578 0.490534 0.0759541 0.2833 2.84124e-05
6 0.387551 0.649087 0.0414969 0.0892495 2.84365e-05
5 0.868655 0.957066 0.26269 0.0858688 2.8585e-05
6 0.00889218 0.278905 0.0140793 0.096687 2.86111e-05
6 0.995554 0.979378 0.00889218 0.0398918 2.86145e-05
6 0.266765 0.614604 0.0615043 0.0960108 2.88446e-05
0 0.995183 0.784652 0.0096332 0.18188 2.91219e-05
6 0.256577 0.969236 0.0277881 0.0425963 2.91268e-05
6 0.583735 0.581136 0.025565 0.0412441 2.92448e-05
5 0.365876 0.0189317 0.113005 0.0378634 2.93449e-05
5 0.219896 0.964503 0.424231 0.0709939 2.93964e-05
6 0.172657 0.835024 0.0837347 0.146045 2.94348e-05
6 0.292886 0.989182 0.0351982 0.020284 2.94494e-05
6 0.822156 0.89858 0.0741015 0.136579 2.94501e-05
6 0.769359 0.623732 0.0507595 0.0791075 2.95357e-05
6 0.431271 0.541582 0.0170434 0.0365112 2.96273e-05
6 0.164876 0.577079 0.142275 0.249493 2.98753e-05
6 0.479807 0.040906 0.0896628 0.081812 3.00014e-05
6 0.517414 0.974645 0.0515006 0.0507099 3.0005e-05
6 0.993516 0.483097 0.0129678 0.157539 3.00193e-05
6 0.768803 0.910074 0.0385328 0.0446247 3.00678e-05
6 0.366247 0.0111562 0.026306 0.0223124 3.01353e-05
6 0.711375 0.0165652 0.0526121 0.0331305 3.01653e-05
6 0.00741015 0.468222 0.0148203 0.0899256 3.02772e-05
5 0.0531678 0.981406 0.106336 0.0371873 3.02918e-05
6 0.0414969 0.554767 0.0681734 0.148073 3.02948e-05
5 0.314746 0.0679513 0.170804 0.127789 3.03563e-05
6 0.76306 0.570994 0.21897 0.365788 3.04242e-05
6 0.00574287 0.168695 0.0114857 0.0872211 3.04727e-05
6 0.331604 0.97735 0.0229715 0.0398918 3.0503e-05
9 0.0574287 0.972279 0.0288996 0.025693 3.05201e-05
6 0.257873 0.988844 0.050389 0.0223124 3.05393e-05
6 0.266765 0.963489 0.0348277 0.0730223 3.06534e-05
6 0.584105 0.545639 0.0174139 0.0338066 3.06708e-05
6 0.643942 0.975321 0.0340867 0.0290737 3.07119e-05
6 0.623564 0.627113 0.0622453 0.0845166 3.07132e-05
7 0.539274 0.430696 0.0151908 0.108181 3.07367e-05
6 0.507225 0.120352 0.0148203 0.0432725 3.10011e-05
6 0.916821 0.166329 0.0440904 0.0392157 3.1167e-05
6 0.75528 0.599053 0.0322342 0.0608519 3.12354e-05
5 0.856614 0.205882 0.143757 0.161596 3.12791e-05
6 0.807151 0.030426 0.0818822 0.0608519 3.13463e-05
6 0.448314 0.0564571 0.0681734 0.0777552 3.14626e-05
2 0.807521 0.94929 0.384957 0.10142 3.16481e-05
5 0.31419 0.923259 0.480919 0.153482 3.16812e-05
9 0.967395 0.984111 0.0452019 0.0250169 3.18033e-05
5 0.713783 1 0.324194 0 3.18098e-05
6 0.481475 0.978026 0.0507595 0.0371873 3.18564e-05
3 0.230641 0.344828 0.461282 0.689655 3.19809e-05
6 0.654872 0.973293 0.0366803 0.0534145 3.20359e-05
6 0.364579 0.96856 0.0392738 0.0628803 3.204e-05
6 0.990367 0.219067 0.0140793 0.116295 3.21377e-05
6 0.845128 0.491886 0.0407558 0.0628803 3.21567e-05
6 0.588737 0.659567 0.0340867 0.0709939 3.22272e-05
6 0.0674324 0.384043 0.0311226 0.109533 3.22663e-05
6 0.462579 0.0196078 0.0500185 0.0392157 3.24464e-05
6 0.592256 0.968898 0.0426084 0.0622042 3.24562e-05
6 0.908485 0.48952 0.0518711 0.140636 3.25452e-05
6 0.578177 0.0635565 0.0781771 0.100068 3.25499e-05
6 0.853835 0.990534 0.0537236 0.0189317 3.26184e-05
6 0.994257 0.228871 0.0114857 0.108857 3.29319e-05
6 0.48518 0.516903 0.0137088 0.0425963 3.30066e-05
7 0.731197 0.4405 0.0322342 0.118323 3.30642e-05
5 0.219711 0.369844 0.439422 0.562542 3.31629e-05
5 0.656725 0.105815 0.355317 0.207573 3.32479e-05
6 0.168766 0.0280595 0.0929974 0.056119 3.33447e-05
6 0.987773 0.476335 0.0214894 0.334686 3.3571e-05
6 0.180993 0.511832 0.0826232 0.109533 3.37916e-05
6 0.991478 0.144354 0.0170434 0.225152 3.37962e-05
7 0.526677 0.448276 0.0129678 0.136579 3.38111e-05
5 0.394405 0.980054 0.448685 0.0398918 3.38661e-05
6 0.409226 0.962813 0.0589107 0.0743746 3.3971e-05
7 0.257132 0.325896 0.0266765 0.117647 3.40941e-05
6 0.897555 0.515889 0.0426084 0.133874 3.42638e-05
5 0.362356 0.975321 0.515006 0.0493577 3.4453e-05
5 0.356428 0.25524 0.116339 0.217039 3.45153e-05
9 0.0692849 0.973969 0.0229715 0.0290737 3.45316e-05
5 0.712857 0.314402 0.574287 0.628803 3.45608e-05
6 0.281956 0.951995 0.0570582 0.0770791 3.46432e-05
0 0.995554 0.918188 0.00889218 0.162272 3.48225e-05
2 0.711375 0.403313 0.539459 0.342799 3.48652e-05
6 0.663209 0.58046 0.0400148 0.0453009 3.49593e-05
7 0.513524 0.0148749 0.0118562 0.0297498 3.49968e-05
6 0.689144 0.0283976 0.0800296 0.0567951 3.50052e-05
6 0.883475 0.519608 0.0374213 0.0912779 3.51383e-05
6 0.720823 0.929006 0.0766951 0.116295 3.53127e-05
6 0.431827 0.0297498 0.0937384 0.0594997 3.53436e-05
6 0.736013 0.035835 0.0633568 0.07167 3.5348e-05
6 0.391071 0.538202 0.0188959 0.0446247 3.54906e-05
6 0.293072 0.974983 0.0266765 0.0297498 3.55391e-05
6 0.555576 0.613252 0.022601 0.0365112 3.56326e-05
6 0.683957 0.607843 0.0637273 0.0892495 3.56985e-05
6 0.409226 0.540568 0.0477955 0.0425963 3.58842e-05
5 0.896443 0.0294118 0.178214 0.0547667 3.59226e-05
6 0.567247 0.542934 0.0155613 0.0311021 3.6231e-05
6 0.616339 0.972617 0.0626158 0.0547667 3.63372e-05
6 0.0659503 0.0162272 0.0815117 0.0324544 3.65637e-05
6 0.0279733 0.35497 0.0559466 0.240703 3.67438e-05
6 0.837718 0.975659 0.0629863 0.0486815 3.67919e-05
6 0.345498 0.600068 0.0203779 0.0398918 3.68088e-05
6 0.704335 0.967208 0.0340867 0.0655849 3.68624e-05
5 0.767877 0.198107 0.0907744 0.315078 3.68995e-05
6 0.543349 0.972279 0.0426084 0.0554429 3.70195e-05
6 0.776028 0.54902 0.0218599 0.0486815 3.70478e-05
6 0.720082 0.533469 0.0211189 0.0540906 3.71362e-05
6 0.586143 0.59094 0.183772 0.18526 3.72085e-05
4 0.297518 0.638269 0.497221 0.382691 3.73579e-05
6 0.657095 0.976673 0.0307521 0.0290737 3.73917e-05
9 0.957392 0.991548 0.0407558 0.0169033 3.75589e-05
6 0.301037 0.52265 0.0218599 0.0432725 3.77172e-05
6 0.989996 0.985125 0.0155613 0.0297498 3.79429e-05
6 0.12023 0.142326 0.0663209 0.0412441 3.80599e-05
6 0.555761 0.60142 0.166728 0.103448 3.82533e-05
5 0.76973 0.957066 0.374583 0.0858688 3.83629e-05
6 0.297332 0.5524 0.187847 0.194726 3.84099e-05
6 0.5402 0.515889 0.0111152 0.0500338 3.8552e-05
6 0.0107447 0.966193 0.0140793 0.0581474 3.85995e-05
6 0.011671 0.981744 0.0174139 0.0324544 3.86183e-05
6 0.374027 0.631508 0.0418674 0.0554429 3.86414e-05
6 0.389218 0.61359 0.0633568 0.0858688 3.8714e-05
7 0.59133 0.46146 0.0111152 0.076403 3.92556e-05
6 0.494257 0.0973631 0.0407558 0.086545 3.95231e-05
9 0.97425 0.974983 0.0374213 0.0338066 3.97992e-05
6 0.303816 0.988844 0.049648 0.0223124 3.98059e-05
3 0.906817 0.692698 0.186365 0.614604 3.98368e-05
6 0.268433 0.971941 0.0285291 0.0398918 4.0091e-05
6 0.730641 0.931035 0.0222305 0.0635565 4.0113e-05
5 0.828825 1 0.342349 0 4.01693e-05
6 0.329752 0.989858 0.0459429 0.020284 4.0178e-05
6 0.740274 0.577755 0.048166 0.0791075 4.04987e-05
3 0.307336 0.617647 0.614672 0.724138 4.05394e-05
5 0.713227 0.0723462 0.165246 0.110886 4.067e-05
6 0.867358 0.785328 0.100037 0.148073 4.06903e-05
6 0.605595 0.979378 0.0485365 0.0385396 4.08888e-05
6 0.986662 0.24476 0.0266765 0.182556 4.11777e-05
6 0.268803 0.988168 0.0314931 0.0223124 4.17041e-05
6 0.266395 0.578093 0.0881808 0.16092 4.17395e-05
6 0.650982 0.622042 0.0555761 0.0838404 4.17536e-05
6 0.722675 0.628127 0.0796591 0.11359 4.18101e-05
6 0.435161 0.573022 0.0337162 0.056119 4.18418e-05
4 0.709337 0.770791 0.581326 0.37593 4.20505e-05
6 0.0151908 0.0145368 0.0303816 0.0290737 4.20774e-05
6 0.871249 0.543611 0.0366803 0.0757268 4.21074e-05
6 0.490737 0.025693 0.0344572 0.0513861 4.21541e-05
7 0.736754 0.295132 0.0663209 0.19405 4.22029e-05
6 0.587069 0.560514 0.022601 0.0392157 4.23287e-05
6 0.712486 0.537863 0.0237125 0.0534145 4.26186e-05
5 0.316969 0.299527 0.133012 0.225828 4.27393e-05
6 0.935532 0.015213 0.0681734 0.030426 4.2775e-05
6 0.983698 0.384381 0.0326047 0.207573 4.28691e-05
8 0.994813 0.88979 0.0103742 0.220419 4.33838e-05
6 0.416451 0.651792 0.0392738 0.0838404 4.34621e-05
6 0.264913 0.583164 0.0518711 0.0723462 4.34645e-05
6 0.00648388 0.974983 0.0129678 0.0500338 4.35644e-05
6 0.0787329 0.406018 0.0433494 0.130494 4.36637e-05
9 0.0676176 0.957066 0.0396443 0.0858688 4.37442e-05
6 0.466284 0.517918 0.0129678 0.0392157 4.37712e-05
5 0.255836 0.187627 0.0811412 0.361731 4.38189e-05
5 0.312894 0.117647 0.461282 0.235294 4.38286e-05
6 0.542979 0.987492 0.0396443 0.0223124 4.38734e-05
5 0.374768 0.348546 0.430159 0.314402 4.39292e-05
6 0.14246 0.241379 0.0678029 0.0594997 4.42045e-05
6 0.985921 0.168357 0.0281586 0.170385 4.42669e-05
6 0.563357 0.0770791 0.0544646 0.0676133 4.44336e-05
6 0.694887 0.971941 0.0344572 0.0331305 4.44373e-05
6 0.0096332 0.439486 0.0170434 0.100068 4.45123e-05
6 0.318637 0.539892 0.0778066 0.0939824 4.47675e-05
6 0.0898481 0.185936 0.0626158 0.0581474 4.48884e-05
6 0.720823 0.97735 0.0270471 0.0371873 4.51134e-05
6 0.565024 0.612914 0.0274176 0.0425963 4.52887e-05
6 0.496295 0.523327 0.0174139 0.0432725 4.55332e-05
6 0.982216 0.317106 0.0355687 0.170385 4.55491e-05
6 0.265098 0.582826 0.0337162 0.0446247 4.56684e-05
6 0.178029 0.454699 0.0922564 0.23597 4.57329e-05
6 0.990367 0.0858688 0.0133383 0.140636 4.58275e-05
5 0.265654 0.113252 0.142275 0.226504 4.58335e-05
6 0.279918 0.581136 0.0300111 0.0439486 4.60065e-05
6 0.721564 0.963827 0.0389033 0.0723462 4.61025e-05
6 0.431271 0.518932 0.227492 0.0669371 4.61172e-05
5 0.887736 0.978702 0.224528 0.0425963 4.61849e-05
6 0.00703964 0.142326 0.0140793 0.173766 4.62522e-05
5 0.661912 0.103448 0.210819 0.154158 4.63515e-05
6 0.388292 0.0158891 0.0548351 0.0317782 4.64287e-05
9 0.0666914 0.980392 0.0370508 0.0283976 4.65112e-05
6 0.719155 0.550372 0.0222305 0.0392157 4.67867e-05
5 0.524824 0.247803 0.0448314 0.13455 4.69362e-05
6 0.00833642 0.951657 0.0166728 0.096687 4.70683e-05
5 0.812708 0.927992 0.374583 0.115619 4.70735e-05
7 0.292331 0.653482 0.0533531 0.114266 4.71395e-05
6 0.00741015 0.139621 0.0111152 0.0953347 4.73098e-05
6 0.253798 0.932387 0.0637273 0.0960108 4.77613e-05
6 0.612449 0.662272 0.0311226 0.0682894 4.79411e-05
6 0.441645 0.987492 0.050389 0.0250169 4.7959e-05
6 0.871249 0.450304 0.0470545 0.091954 4.81116e-05
6 0.900519 0.045977 0.0907744 0.091954 4.81773e-05
7 0.469989 0.443205 0.0433494 0.096687 4.83483e-05
6 0.0316784 0.696755 0.0618748 0.336038 4.83825e-05
5 0.579844 0.0297498 0.161541 0.0594997 4.86303e-05
6 0.545202 0.977012 0.0351982 0.0311021 4.89472e-05
6 0.010189 0.444895 0.0203779 0.186613 4.89945e-05
5 0.580585 0.980392 0.590589 0.0392157 4.90504e-05
6 0.74083 0.941515 0.0344572 0.0709939 4.92759e-05
6 0.282142 0.975321 0.0411263 0.0453009 4.94198e-05
3 0.559466 0.763354 0.7588 0.192022 4.954e-05
5 0.770285 0.197769 0.0444609 0.234618 4.97043e-05
3 0.837347 0.446924 0.325306 0.795132 4.97242e-05
6 0.00500185 0.0987154 0.0100037 0.104124 4.97765e-05
5 0.803075 0.301555 0.39385 0.321839 4.98879e-05
6 0.708411 0.607167 0.0615043 0.0838404 5.01307e-05
9 0.779548 0.990534 0.0629863 0.0189317 5.038e-05
6 0.438125 0.0189317 0.0552056 0.0378634 5.08366e-05
6 0.285106 0.529074 0.0181549 0.0412441 5.1028e-05
6 0.728788 0.980054 0.0318637 0.0398918 5.13415e-05
6 0.345684 0.97904 0.0237125 0.0378634 5.13889e-05
6 0.515191 0.0885734 0.0211189 0.0581474 5.16565e-05
6 0.143572 0.141988 0.0781771 0.0567951 5.17269e-05
6 0.899592 0.921907 0.104483 0.126437 5.19116e-05
6 0.830863 0.989858 0.0529826 0.020284 5.19225e-05
6 0.373472 0.543949 0.0229715 0.0682894 5.20638e-05
0 0.00389033 0.853955 0.00778066 0.136579 5.25166e-05
6 0.684142 0.579446 0.0188959 0.0297498 5.25324e-05
6 0.380141 0.966531 0.047425 0.0669371 5.25646e-05
5 0.832345 0.870183 0.335309 0.110886 5.26244e-05
5 0.581697 0.0730223 0.154872 0.117647 5.26575e-05
6 0.0100037 0.330629 0.0200074 0.17309 5.27078e-05
6 0.330493 0.537863 0.0222305 0.0425963 5.27832e-05
5 0.646351 0.0787694 0.110782 0.081812 5.30966e-05
5 0.163764 0.941853 0.327529 0.116295 5.33935e-05
6 0.292886 0.539216 0.0455724 0.0831643 5.35051e-05
6 0.358837 0.629817 0.0337162 0.0480054 5.35346e-05
6 0.666728 0.975659 0.0537236 0.0486815 5.3849e-05
6 0.0479807 0.0250169 0.0826232 0.0500338 5.4018e-05
6 0.411449 0.0196078 0.0633568 0.0392157 5.40868e-05
6 0.629678 0.97904 0.0477955 0.0392157 5.43388e-05
6 0.719711 0.941176 0.0270471 0.117647 5.4414e-05
6 0.558911 0.0141988 0.0455724 0.0283976 5.44862e-05
6 0.00852168 0.32691 0.0163023 0.100744 5.53749e-05
6 0.432753 0.570994 0.0237125 0.035835 5.54133e-05
8 0.0316784 0.995267 0.0559466 0.00946586 5.57429e-05
6 0.497592 0.596011 0.0363097 0.0425963 5.58836e-05
7 0.518711 0.446924 0.0192664 0.125761 5.60027e-05
7 0.508892 0.429682 0.0151908 0.116971 5.60515e-05
6 0.330863 0.555443 0.0177844 0.030426 5.67114e-05
5 0.765098 0.114266 0.121526 0.205544 5.6735e-05
6 0.146536 0.224138 0.0396443 0.0331305 5.69337e-05
5 0.82827 0.975659 0.343461 0.0486815 5.75921e-05
6 0.544831 0.112576 0.0566877 0.0736984 5.75948e-05
2 0.387736 0.475659 0.455354 0.208925 5.76483e-05
6 0.415154 0.581474 0.135976 0.0933063 5.77341e-05
6 0.652649 0.54902 0.0818822 0.0824882 5.80693e-05
6 0.566321 0.988168 0.0566877 0.0236646 5.81543e-05
6 0.408114 0.981406 0.0537236 0.0371873 5.83676e-05
5 0.373842 0.0912779 0.196369 0.133874 5.86459e-05
6 0.990552 0.167343 0.0144498 0.116971 5.87022e-05
5 0.51093 0.0747126 0.117821 0.123732 5.94913e-05
6 0.680437 0.986139 0.0455724 0.0250169 5.95056e-05
6 0.994442 0.0939824 0.0111152 0.152806 5.99753e-05
6 0.52575 0.52265 0.0148203 0.045977 6.00927e-05
6 0.686551 0.0158891 0.0526121 0.0317782 6.01356e-05
6 0.719711 0.944219 0.022601 0.0588235 6.06555e-05
6 0.99611 0.959094 0.00778066 0.0777552 6.08661e-05
6 0.8103 0.948276 0.0792886 0.0845166 6.08777e-05
6 0.193034 0.948952 0.099296 0.102096 6.11714e-05
6 0.00574287 0.0544287 0.0114857 0.096687 6.11722e-05
5 0.469989 0.0757268 0.144868 0.0960108 6.12061e-05
6 0.00703964 0.0753888 0.0096332 0.103448 6.12775e-05
4 0.853649 0.736646 0.292701 0.327924 6.13007e-05
6 0.617451 0.596687 0.0403853 0.0453009 6.19392e-05
6 0.480548 0.987492 0.0563172 0.0250169 6.19451e-05
7 0.53316 0.688641 0.0259355 0.138607 6.21881e-05
6 0.956095 0.020284 0.072249 0.040568 6.24559e-05
6 0.366432 0.0172414 0.0540941 0.0344828 6.33158e-05
6 0.560022 0.647397 0.0314931 0.0777552 6.35362e-05
6 0.809744 0.975659 0.0648388 0.0486815 6.36417e-05
6 0.5289 0.0216362 0.0344572 0.0432725 6.37795e-05
6 0.994442 0.177823 0.0111152 0.110886 6.38119e-05
6 0.150982 0.207235 0.07299 0.127789 6.38151e-05
6 0.493146 0.555443 0.0274176 0.0344828 6.38207e-05
6 0.0696554 0.394185 0.0629863 0.266396 6.44337e-05
2 0.417377 0.415483 0.307892 0.137255 6.45471e-05
6 0.871804 0.497972 0.0429789 0.0845166 6.47155e-05
7 0.241571 0.295808 0.0303816 0.161596 6.49227e-05
6 0.380326 0.545301 0.0344572 0.0412441 6.50809e-05
5 0.712116 0.185936 0.175621 0.309669 6.52252e-05
6 0.677658 0.587559 0.0222305 0.0365112 6.53679e-05
2 0.824194 0.867478 0.351612 0.265044 6.56051e-05
6 0.504446 0.988168 0.0544646 0.0236646 6.5732e-05
4 0.430715 0.851927 0.753983 0.296146 6.58353e-05
2 0.629492 0.439148 0.357169 0.199459 6.60746e-05
6 0.592256 0.988168 0.0574287 0.0236646 6.65837e-05
5 0.497962 0.161596 0.273435 0.239351 6.7489e-05
6 0.991293 0.966531 0.0174139 0.0669371 6.76636e-05
9 0.0414969 0.957742 0.0652093 0.0845166 6.83915e-05
6 0.168581 0.015213 0.0637273 0.030426 6.9073e-05
6 0.994257 0.015213 0.0114857 0.030426 7.02325e-05
6 0.411078 0.603448 0.0440904 0.0574713 7.0616e-05
6 0.530937 0.979378 0.0444609 0.035835 7.06179e-05
6 0.00815117 0.988506 0.0163023 0.0229885 7.07579e-05
6 0.0179696 0.0382015 0.0359392 0.076403 7.09912e-05
6 0.615043 0.0243408 0.0763246 0.0486815 7.09917e-05
6 0.716932 0.6119 0.0274176 0.0446247 7.10042e-05
6 0.359392 0.98073 0.0444609 0.0385396 7.11854e-05
7 0.494257 0.429006 0.0170434 0.106153 7.17062e-05
6 0.870508 0.877958 0.0870693 0.139959 7.17424e-05
6 0.588181 0.625085 0.0618748 0.100744 7.17652e-05
6 0.669322 0.979378 0.0455724 0.0371873 7.27193e-05
3 0.1608 0.534145 0.321601 0.929006 7.34162e-05
6 0.444794 0.547329 0.0151908 0.0317782 7.34993e-05
6 0.580956 0.977688 0.048166 0.0378634 7.38342e-05
6 0.571878 0.542258 0.0552056 0.0527383 7.41679e-05
6 0.461652 0.608857 0.202297 0.149425 7.44114e-05
6 0.46369 0.552062 0.0781771 0.0574713 7.45037e-05
6 0.934791 0.645369 0.0896628 0.321163 7.4694e-05
6 0.69322 0.94929 0.0770656 0.0824882 7.49902e-05
6 0.990737 0.0628803 0.0170434 0.125761 7.57248e-05
5 0.476658 0.0453009 0.268618 0.0906018 7.57664e-05
6 0.712301 0.980392 0.0366803 0.0392157 7.59971e-05
8 0.0313079 0.957742 0.0626158 0.0845166 7.65673e-05
5 0.23342 0.288709 0.323824 0.40568 7.92328e-05
5 0.541497 0.122718 0.155243 0.114266 7.96329e-05
6 0.935161 0.363759 0.0918859 0.156863 7.99825e-05
6 0.0370508 0.0131846 0.0518711 0.0263692 8.00734e-05
0 0.98907 0.874915 0.0188959 0.250169 8.02904e-05
6 0.367729 0.54192 0.022601 0.0425963 8.10033e-05
6 0.325676 0.593982 0.0214894 0.035835 8.11889e-05
9 0.0390886 0.98073 0.0589107 0.0277214 8.13571e-05
9 0.75528 0.989858 0.0529826 0.020284 8.20958e-05
6 0.993331 0.0432725 0.0133383 0.086545 8.58198e-05
6 0.66043 0.0158891 0.0463134 0.0317782 8.66488e-05
6 0.508707 0.076741 0.0111152 0.0480054 8.78664e-05
5 0.32512 0.137593 0.229344 0.221095 8.79626e-05
2 0.849944 0.462137 0.289737 0.33739 8.83556e-05
6 0.616525 0.573022 0.0437199 0.0344828 8.83677e-05
6 0.637088 0.0148749 0.0470545 0.0297498 8.86184e-05
5 0.368285 0.960446 0.447573 0.0791075 8.87626e-05
6 0.479437 0.609872 0.0251945 0.040568 8.87926e-05
6 0.697481 0.536849 0.0203779 0.045977 8.99443e-05
6 0.653761 0.587221 0.0337162 0.0371873 9.00623e-05
6 0.522416 0.542596 0.0192664 0.0371873 9.02358e-05
6 0.626343 0.541582 0.0485365 0.0486815 9.02362e-05
6 0.510745 0.598039 0.0337162 0.0398918 9.08543e-05
6 0.852167 0.922583 0.098555 0.133198 9.19298e-05
5 0.593368 0.981406 0.447944 0.0371873 9.21347e-05
3 0.10226 0.608519 0.20452 0.782961 9.23322e-05
6 0.325861 0.568965 0.100408 0.0926302 9.2377e-05
6 0.479066 0.544625 0.191923 0.0777552 9.40766e-05
6 0.691923 0.975997 0.0559466 0.0480054 9.48117e-05
6 0.58003 0.0243408 0.074472 0.0486815 9.48668e-05
6 0.708225 0.581136 0.185624 0.19405 9.50012e-05
5 0.532605 0.196416 0.0937384 0.203516 9.50709e-05
6 0.377362 0.981406 0.0477955 0.0371873 9.59965e-05
6 0.325676 0.576741 0.0222305 0.0311021 9.62982e-05
7 0.526306 0.447262 0.0292701 0.096687 9.68481e-05
5 0.162468 0.283976 0.292331 0.220419 9.79368e-05
6 0.694887 0.601758 0.0337162 0.0608519 9.85714e-05
5 0.220452 0.247465 0.14598 0.271805 9.8796e-05
6 0.849018 0.0246788 0.0433494 0.0493577 9.97389e-05
6 0.467951 0.608181 0.0229715 0.0398918 9.98235e-05
7 0.487588 0.433739 0.05113 0.102096 0.000100628
7 0.562431 0.667343 0.05113 0.124408 0.000101708
5 0.238977 0.203854 0.477955 0.407708 0.000101796
5 0.145795 0.974645 0.291589 0.0507099 0.000102968
7 0.520193 0.0216362 0.0103742 0.0392157 0.000103478
6 0.83568 0.0172414 0.0544646 0.0344828 0.000104228
2 0.165432 0.431034 0.287884 0.334686 0.000106172
6 0.966284 0.0114943 0.0444609 0.0229885 0.000106826
6 0.501482 0.562542 0.0396443 0.0392157 0.000107273
6 0.318266 0.597025 0.0296406 0.045977 0.000107608
6 0.52927 0.988168 0.0529826 0.0236646 0.000107725
0 0.988144 0.779243 0.0222305 0.372549 0.000109658
6 0.307151 0.614943 0.0377918 0.056119 0.00010967
6 0.904224 0.0240027 0.0907744 0.0480054 0.000109674
6 0.338088 0.598039 0.0559466 0.0547667 0.000111051
6 0.428122 0.534821 0.0500185 0.0446247 0.000111255
6 0.685439 0.595335 0.0192664 0.035835 0.000111375
5 0.507966 0.086883 0.24824 0.1643 0.000113076
6 0.680808 0.578431 0.0455724 0.0425963 0.000115067
6 0.731938 0.990872 0.0344572 0.0182556 0.000115198
5 0.735087 0.271805 0.117821 0.324544 0.000116544
6 0.588181 0.592292 0.0389033 0.0432725 0.000116994
6 0.280289 0.988168 0.0477955 0.0236646 0.000118907
6 0.149129 0.208925 0.0618748 0.0500338 0.000119884
6 0.615784 0.987492 0.0607632 0.0250169 0.000120236
6 0.340682 0.550372 0.0463134 0.0392157 0.000120781
6 0.524639 0.558147 0.0318637 0.0507099 0.000120978
6 0.990923 0.0175794 0.0144498 0.0351589 0.000121483
6 0.612264 0.0145368 0.0470545 0.0290737 0.000122058
0 0.00870693 0.829277 0.0144498 0.296822 0.000123866
7 0.529085 0.441853 0.0829937 0.119675 0.000127008
5 0.529085 1 0.467581 0 0.00012701
6 0.509633 0.574713 0.215265 0.0892495 0.000127595
6 0.98555 0.0260311 0.0288996 0.0520622 0.000127805
6 0.679881 0.5524 0.0459429 0.0540906 0.000127927
6 0.439237 0.651116 0.0351982 0.0878972 0.000131984
5 0.736569 0.199121 0.526862 0.398242 0.000133699
6 0.755835 0.950642 0.0592812 0.0743746 0.00013431
6 0.641719 0.98783 0.0555761 0.0243408 0.000134725
6 0.293072 0.526369 0.0170434 0.0466531 0.000135114
6 0.369767 0.579446 0.0666914 0.0649087 0.0001353
6 0.384772 0.538202 0.072249 0.0594997 0.000137322
7 0.483142 0.674442 0.0377918 0.131846 0.000138678
6 0.589107 0.549696 0.0355687 0.0365112 0.000139715
6 0.164505 0.47904 0.0822527 0.121028 0.000140291
5 0.278622 0.293103 0.0600222 0.258959 0.000142919
6 0.414042 0.579784 0.0426084 0.0385396 0.000143239
6 0.559096 0.555443 0.11708 0.0615281 0.000144997
6 0.102816 0.370521 0.0663209 0.123056 0.000145448
6 0.298259 0.581136 0.0266765 0.0412441 0.000147436
6 0.00703964 0.0429344 0.0133383 0.0858688 0.000148011
8 0.75565 0.926978 0.0640978 0.146045 0.000148313
7 0.511486 0.685936 0.0433494 0.169709 0.000153163
9 0.0268618 0.988506 0.0537236 0.0229885 0.000155399
6 0.588181 0.0121704 0.0455724 0.0243408 0.000159805
3 0.757873 0.555781 0.484253 0.580122 0.000168715
6 0.39033 0.608857 0.0196369 0.0534145 0.000169392
6 0.667655 0.988506 0.0555761 0.0229885 0.000170869
6 0.571137 0.576741 0.024083 0.0351589 0.00017429
7 0.255465 0.326234 0.0300111 0.250845 0.000174972
6 0.583364 0.577079 0.0440904 0.0588235 0.000175308
6 0.358837 0.546991 0.0633568 0.0581474 0.000176449
6 0.352908 0.617309 0.024824 0.0419202 0.000182441
6 0.839385 0.0361731 0.0455724 0.0723462 0.000184908
6 0.00685439 0.0165652 0.0137088 0.0331305 0.000185499
5 0.688403 0.29547 0.151167 0.242055 0.000185971
6 0.705632 0.602096 0.0314931 0.0453009 0.000192345
5 0.506854 0.957742 0.97073 0.0845166 0.00019268
6 0.713227 0.545977 0.0363097 0.0858688 0.000192954
6 0.714524 0.990534 0.0396443 0.0189317 0.000200304
6 0.298629 0.600406 0.0452019 0.0770791 0.000208638
6 0.300111 0.598715 0.0874398 0.146721 0.000209107
5 0.137088 0.201149 0.273435 0.271129 0.000209422
3 0.17173 0.566937 0.308633 0.706558 0.000213688
6 0.727492 0.960784 0.024824 0.0784314 0.000213837
6 0.520563 0.0382015 0.0222305 0.076403 0.000214728
6 0.0446462 0.557809 0.0789181 0.311021 0.000216822
6 0.3794 0.609533 0.0281586 0.0466531 0.00021949
6 0.710448 0.58384 0.025565 0.0425963 0.000223158
6 0.715635 0.966193 0.0218599 0.0446247 0.000223803
6 0.570211 0.5524 0.0170434 0.0311021 0.00022943
5 0.867914 0.0835024 0.264172 0.167005 0.000229447
6 0.465728 0.648411 0.0340867 0.0811359 0.000230364
6 0.00685439 0.0294118 0.0100037 0.0588235 0.000230671
6 0.476658 0.56998 0.0463134 0.0676133 0.000234067
7 0.246943 0.289385 0.024824 0.332657 0.000235467
6 0.515376 0.0699797 0.0548351 0.12238 0.000237707
5 0.537236 0.133874 0.743238 0.267748 0.000241551
6 0.321045 0.567951 0.0403853 0.0446247 0.000243545
6 0.538348 0.650101 0.0333457 0.108857 0.000246742
6 0.691738 0.555781 0.0941089 0.10142 0.000246788
6 0.67173 0.556795 0.0222305 0.0344828 0.000248871
6 0.367544 0.55071 0.0385328 0.0385396 0.000254828
6 0.838644 0.0114943 0.0374213 0.0229885 0.000258591
6 0.652834 0.60311 0.0326047 0.045977 0.000265172
6 0.692849 0.988506 0.0548351 0.0229885 0.000266191
6 0.559096 0.586207 0.373472 0.235294 0.000268939
6 0.661727 0.59094 0.0703964 0.0770791 0.000279325
4 0.215635 0.799865 0.431271 0.332657 0.000283431
6 0.641904 0.585193 0.0507595 0.0547667 0.000288143
5 0.747129 0.317106 0.0500185 0.350237 0.000294894
5 0.766951 0.284652 0.0348277 0.282623 0.000299183
6 0.311041 0.539892 0.025565 0.0520622 0.000304315
6 0.47425 0.552062 0.0422379 0.0331305 0.00031013
6 0.554279 0.551724 0.0185254 0.0324544 0.000315951
6 0.480734 0.557471 0.025565 0.0290737 0.000319647
6 0.542423 0.555443 0.0288996 0.0331305 0.000326498
6 0.36143 0.612914 0.0292701 0.0453009 0.00033121
6 0.506484 0.537525 0.369026 0.0973631 0.000341076
5 0.858837 0.162272 0.282327 0.294794 0.000347069
6 0.712671 0.541244 0.0188959 0.030426 0.000356508
6 0.333086 0.58215 0.048166 0.040568 0.000366604
5 0.246758 0.28499 0.0607632 0.313049 0.000366626
6 0.317154 0.550372 0.0422379 0.0446247 0.000381884
6 0.30289 0.56288 0.0500185 0.076403 0.000386257
6 0.313449 0.581474 0.0548351 0.0784314 0.000394042
5 0.499444 0.2167 0.0548351 0.171062 0.000399118
6 0.560763 0.626437 0.0485365 0.0926302 0.000411931
7 0.510559 0.081812 0.0222305 0.163624 0.00041529
6 0.512597 0.555105 0.0307521 0.0338066 0.000450641
6 0.484994 0.545301 0.0244535 0.0317782 0.000456952
6 0.577436 0.563556 0.0196369 0.035835 0.000483564
6 0.482771 0.633198 0.0859578 0.141312 0.000487218
3 0.879029 0.596349 0.241941 0.680189 0.000495433
6 0.438496 0.595673 0.0344572 0.0594997 0.000496912
5 0.499815 0.104801 0.435717 0.209601 0.000508629
6 0.43794 0.556119 0.0214894 0.035835 0.000549705
5 0.537607 0.91785 0.680252 0.1643 0.000559988
6 0.446276 0.572684 0.0322342 0.0338066 0.000596922
7 0.507595 0.431711 0.0533531 0.102096 0.000604719
5 0.654687 0.207911 0.247499 0.405003 0.000629154
5 0.359948 0.241041 0.210078 0.30764 0.00063796
6 0.361801 0.580798 0.0418674 0.0432725 0.000642873
6 0.508522 0.0635565 0.024824 0.112238 0.000669107
6 0.490737 0.614266 0.0329752 0.0777552 0.000697057
5 0.505372 0.233942 0.0948499 0.227181 0.000736392
6 0.499815 0.546653 0.0370508 0.0398918 0.000772175
6 0.444794 0.559162 0.0181549 0.0297498 0.000796966
6 0.512783 0.572684 0.0407558 0.0365112 0.000842494
6 0.513894 0.0693036 0.0096332 0.081812 0.000875923
7 0.510374 0.0422583 0.00926269 0.0845166 0.00087874
5 0.509633 0.990534 0.602816 0.0189317 0.000886617
5 0.541126 0.965855 0.517599 0.0682894 0.000902751
6 0.656354 0.554091 0.0351982 0.0425963 0.000909297
6 0.538162 0.56998 0.0403853 0.0351589 0.000921872
6 0.303446 0.563895 0.0318637 0.0473293 0.000931394
6 0.559096 0.574037 0.0414969 0.0500338 0.000940989
6 0.504817 0.533469 0.549463 0.182556 0.000953019
6 0.506669 0.585531 0.0507595 0.0446247 0.000978701
6 0.705076 0.544963 0.0214894 0.0392157 0.00106414
6 0.570767 0.56288 0.0218599 0.030426 0.00108005
5 0.136532 0.114604 0.244165 0.229209 0.0010892
6 0.458318 0.568627 0.0340867 0.0338066 0.00110083
6 0.464246 0.595335 0.0303816 0.056119 0.00112006
2 0.499259 0.410412 0.11671 0.102772 0.00116883
6 0.533531 0.548343 0.0355687 0.040568 0.00118222
6 0.48518 0.574037 0.0344572 0.0338066 0.00127579
4 0.510004 0.66092 0.366432 0.286004 0.00138295
6 0.368285 0.594997 0.046684 0.0581474 0.00143874
6 0.698407 0.581474 0.0422379 0.0743746 0.00145748
6 0.50704 0.612238 0.0544646 0.0709939 0.00150047
6 0.462579 0.549696 0.0203779 0.0311021 0.00150179
6 0.556502 0.560514 0.0288996 0.0338066 0.00163776
6 0.511301 0.0361731 0.0288996 0.0723462 0.00170408
6 0.3103 0.588235 0.0307521 0.0419202 0.00173076
6 0.53316 0.587559 0.0407558 0.045977 0.00185593
6 0.502408 0.639621 0.0748425 0.0906018 0.00186892
6 0.301223 0.54192 0.0237125 0.0439486 0.00209489
6 0.529085 0.555105 0.0229715 0.0311021 0.00226998
6 0.697666 0.559838 0.0340867 0.0513861 0.0025602
6 0.356058 0.554767 0.0281586 0.0344828 0.00258024
6 0.528714 0.640636 0.0652093 0.11021 0.00316085
5 0.506113 0.328262 0.469063 0.200811 0.00347145
6 0.66784 0.597363 0.0359392 0.0398918 0.00375811
6 0.457947 0.557809 0.0251945 0.025693 0.00402383
6 0.367914 0.601082 0.0340867 0.0338066 0.0152068
6 0.697851 0.583502 0.0285291 0.0486815 0.0276424
7 0.517229 0.0679513 0.0133383 0.135903 0.0465144
7 0.516488 0.0537525 0.00889218 0.103448 0.0501552
3 0.502223 0.482421 0.797703 0.488844 0.0840603
4 0.5289 0.655849 0.767321 0.396214 0.855003
2 0.510004 0.408722 0.497592 0.203516 0.889636
5 0.509633 0.228195 0.526491 0.364435 0.906019
