6 0.38135 0.502015 0.0389321 0.0423103 2.30523e-05
6 0.994067 0.190732 0.011865 0.119543 2.3122e-05
6 0.619021 0.597045 0.184279 0.134318 2.31234e-05
6 0.908417 0.581263 0.0385614 0.0543989 2.3221e-05
6 0.888765 0.472465 0.162403 0.308261 2.32575e-05
6 0.404153 0.546004 0.0185391 0.0335796 2.32577e-05
6 0.134409 0.951645 0.0634038 0.0765615 2.32633e-05
6 0.693363 0.0547347 0.0452354 0.0799194 2.32948e-05
6 0.95254 0.0080591 0.0949203 0.0161182 2.33115e-05
6 0.571561 0.677636 0.0218762 0.065816 2.3325e-05
6 0.22766 0.103761 0.0756396 0.104097 2.33428e-05
6 0.737115 0.560779 0.0266963 0.0322364 2.33733e-05
9 0.273081 1 0.331109 0 2.33763e-05
6 0.994253 0.247482 0.0114943 0.0946944 2.3424e-05
6 0.123841 0.129953 0.0252132 0.0423103 2.34248e-05
6 0.99073 0.474144 0.0163144 0.120887 2.34439e-05
6 0.404338 0.667226 0.0196515 0.0382807 2.34508e-05
6 0.242862 0.00134318 0.0229885 0.00268637 2.34569e-05
6 0.672043 0.00738751 0.0404153 0.014775 2.34949e-05
6 0.207453 0.517797 0.222099 0.330423 2.34967e-05
6 0.192621 0.508395 0.0129774 0.0308932 2.3522e-05
6 0.25825 0.0083949 0.0166852 0.0167898 2.35726e-05
6 0.515387 0.961383 0.0422692 0.077233 2.36362e-05
8 0.0063033 0.148086 0.0126066 0.296172 2.36526e-05
2 0.966815 0.355272 0.0604375 0.244459 2.37177e-05
6 0.33185 0.560779 0.0192807 0.0322364 2.37225e-05
6 0.716352 0.495299 0.0393029 0.0664876 2.37439e-05
6 0.655543 0.58227 0.0192807 0.0335796 2.37582e-05
0 0.00352243 0.8546 0.00704486 0.137676 2.37619e-05
6 0.0498702 0.707522 0.0849092 0.40094 2.37856e-05
6 0.0107527 0.210208 0.0215054 0.205507 2.37973e-05
6 0.654616 0.966756 0.0226177 0.0423103 2.38218e-05
6 0.483315 0.958026 0.0404153 0.0423103 2.38263e-05
6 0.00556174 0.560443 0.0111235 0.124244 2.38489e-05
6 0.756396 0.991605 0.0333704 0.0167898 2.38648e-05
6 0.670931 0.0335796 0.04264 0.0322364 2.38701e-05
6 0.563404 0.00906649 0.0137189 0.018133 2.3894e-05
6 0.79366 0.991605 0.0359659 0.0167898 2.39177e-05
6 0.4099 0.498657 0.0359659 0.0423103 2.39178e-05
7 0.441416 0.413029 0.0396737 0.114171 2.39294e-05
5 0.340378 0.993956 0.384872 0.0120886 2.39539e-05
5 0.236003 0.0463398 0.133852 0.0926796 2.39849e-05
6 0.485539 0.109469 0.126437 0.114171 2.39997e-05
6 0.214498 0.536602 0.0137189 0.0282068 2.40154e-05
6 0.206897 0.994963 0.0348535 0.0100739 2.40243e-05
5 0.691509 0.0389523 0.441231 0.0779046 2.40316e-05
6 0.66333 0.514439 0.0133482 0.0335796 2.40587e-05
7 0.619207 0.430826 0.00667408 0.0691739 2.41023e-05
8 0.00352243 0.121558 0.00704486 0.128946 2.41076e-05
9 0.751947 1 0.0741565 0 2.41087e-05
6 0.246014 0.138012 0.0174268 0.0261921 2.41295e-05
6 0.215425 0.56951 0.0897293 0.0819342 2.41861e-05
6 0.392659 0.617193 0.0185391 0.0308932 2.42222e-05
6 0.414164 0.550705 0.0140897 0.0282068 2.42427e-05
6 0.330182 0.540967 0.0144605 0.0302216 2.42617e-05
6 0.914164 0.535594 0.0411568 0.0678308 2.42824e-05
6 0.403226 0.642377 0.0166852 0.0342512 2.4313e-05
6 0.896552 0.603089 0.0808306 0.149093 2.43249e-05
6 0.996478 0.0587643 0.00704486 0.0812626 2.43414e-05
6 0.489618 0.0184688 0.0241009 0.0261921 2.43865e-05
5 0.709677 0.252518 0.522062 0.502351 2.44027e-05
6 0.335002 0.0255205 0.0315165 0.051041 2.44285e-05
6 0.0105673 0.620887 0.0137189 0.289456 2.44666e-05
3 0.194661 0.722968 0.389321 0.554063 2.44713e-05
6 0.39581 0 0.0263255 0 2.44788e-05
5 0.762329 0.153123 0.475343 0.306246 2.45311e-05
6 0.488877 0.537609 0.127178 0.0866353 2.45548e-05
6 0.221913 0.918402 0.0604375 0.104097 2.4631e-05
6 0.305339 0.544661 0.0181683 0.0308932 2.46549e-05
6 0.559881 0.0080591 0.057842 0.0161182 2.46663e-05
6 0.489247 0.103089 0.020393 0.0369375 2.46869e-05
6 0.432332 0.114842 0.0140897 0.0282068 2.47328e-05
6 0.842047 0.567159 0.0474601 0.0517126 2.47528e-05
6 0.704672 0.112827 0.083426 0.080591 2.47987e-05
6 0.718205 0.0557421 0.0541342 0.0402955 2.48219e-05
6 0.292733 0.0221625 0.0381906 0.044325 2.48444e-05
9 0.113459 1 0.0756396 0 2.48597e-05
6 0.307008 0.0221625 0.0333704 0.044325 2.48616e-05
6 0.718576 0.518469 0.0185391 0.0335796 2.48621e-05
6 0.476085 0.0221625 0.0318873 0.0322364 2.48628e-05
2 0.5 0.93049 1 0.139019 2.48922e-05
6 0.269373 0.599396 0.0144605 0.0315648 2.49053e-05
6 0.58046 0.0973808 0.0166852 0.0268637 2.49162e-05
6 0.281609 0.994291 0.0285502 0.0114171 2.49217e-05
9 0.82703 0.986904 0.0463478 0.0261921 2.49713e-05
6 0.192436 0.929147 0.0363367 0.0543989 2.49833e-05
6 0.393956 0.00335796 0.0389321 0.00671592 2.50134e-05
6 0.696329 0.48086 0.0786059 0.0926796 2.5054e-05
6 0.348721 0.514103 0.0114943 0.0288784 2.50547e-05
6 0.0539488 0.555071 0.107898 0.370047 2.52284e-05
6 0.305895 0.000335796 0.0274379 0.000671592 2.52459e-05
6 0.461068 0.00671592 0.0611791 0.0134318 2.5248e-05
6 0.283463 0.00201478 0.0292918 0.00402955 2.52531e-05
6 0.0700779 0.53996 0.0978865 0.232371 2.52861e-05
6 0.36244 0.658831 0.071561 0.0926796 2.52863e-05
6 0.84112 0.901948 0.112347 0.163868 2.53092e-05
6 0.169448 0.941572 0.0200222 0.0402955 2.53264e-05
6 0.813867 0.596373 0.0177976 0.0376091 2.53616e-05
9 0.965332 0.975823 0.0315165 0.0376091 2.5422e-05
6 0.897479 0.954332 0.0485725 0.0644728 2.54558e-05
6 0.568965 0.102082 0.0433815 0.0631296 2.54584e-05
6 0.50723 0.00638012 0.0148313 0.0127602 2.54919e-05
6 0.586948 0.541303 0.0148313 0.036266 2.55003e-05
5 0.659066 0.97045 0.598813 0.0591001 2.55048e-05
6 0.316834 0.0748825 0.0285502 0.0288784 2.55099e-05
6 0.369485 0.980524 0.0448647 0.0389523 2.55356e-05
6 0.809418 0 0.0593252 0 2.55504e-05
6 0.267334 0.623909 0.0148313 0.0335796 2.55515e-05
9 0.00778643 0.990934 0.011865 0.018133 2.55588e-05
6 0.257879 0.918402 0.0567297 0.122901 2.56e-05
6 0.529663 0.949966 0.0441231 0.0691739 2.56638e-05
6 0.989247 0.338818 0.0215054 0.21961 2.5693e-05
6 0.665184 0.643721 0.0326288 0.0530557 2.56976e-05
9 0.691509 0.982874 0.253615 0.0342512 2.57643e-05
6 0.364108 0.6454 0.0437523 0.0617864 2.57857e-05
6 0.380052 0.633311 0.0444939 0.0577569 2.58321e-05
6 0.915091 0.113835 0.0993697 0.22767 2.5874e-05
6 0.602892 0.604768 0.0207638 0.0490262 2.58827e-05
6 0.118465 0.383815 0.0878754 0.129617 2.59023e-05
6 0.395625 0.667226 0.0163144 0.0342512 2.59187e-05
6 0.440489 0.0876427 0.0148313 0.0288784 2.59254e-05
6 0.16815 0.615178 0.0745273 0.114171 2.59718e-05
6 0.989803 0.00973808 0.020393 0.0194762 2.60195e-05
8 0.917316 0.965749 0.063033 0.0685024 2.6109e-05
6 0.901187 0.956682 0.025584 0.0866353 2.61818e-05
6 0.615684 0.985561 0.0433815 0.0288784 2.62071e-05
6 0.185391 0.942243 0.0622914 0.115514 2.62193e-05
5 0.656841 0.993284 0.418613 0.0134318 2.62677e-05
6 0.31294 0.647414 0.248424 0.198791 2.62819e-05
6 0.333519 0.550034 0.0181683 0.0308932 2.63139e-05
7 0.468113 0.433512 0.0263255 0.0866353 2.63691e-05
6 0.538561 0.0765615 0.0144605 0.0228341 2.63939e-05
7 0.519466 0.401948 0.0185391 0.098724 2.64019e-05
6 0.691509 0.0721961 0.0689655 0.0530557 2.64375e-05
6 0.64683 0.606447 0.0270671 0.0523841 2.64384e-05
6 0.505747 0.00436535 0.0385614 0.00873069 2.64393e-05
6 0.22043 0.979181 0.0478309 0.0416387 2.64798e-05
6 0.285132 0.549026 0.0593252 0.0745467 2.65315e-05
6 0.6066 0.103089 0.0259548 0.0382807 2.66049e-05
6 0.583426 0.080591 0.0307749 0.0416387 2.66382e-05
5 0.720801 0.923439 0.411568 0.0926796 2.66491e-05
6 0.394512 0.952317 0.0415276 0.065816 2.67499e-05
9 0.787356 1 0.0767519 0 2.68491e-05
6 0.271227 0.0124244 0.0359659 0.0248489 2.6863e-05
5 0.796997 0.0688381 0.121246 0.098724 2.69307e-05
6 0.232851 0.544661 0.0430108 0.0496978 2.70034e-05
6 0.595476 0.0768972 0.0266963 0.0409671 2.70052e-05
6 0.919355 0.517126 0.0582128 0.0738751 2.70188e-05
6 0.332963 0.077233 0.0281795 0.0282068 2.70279e-05
6 0.617353 0.949966 0.0370782 0.0691739 2.7053e-05
6 0.107341 0.952317 0.0730441 0.0819342 2.70571e-05
6 0.367075 0.620887 0.0192807 0.0315648 2.72187e-05
6 0.361142 0.580255 0.111235 0.0779046 2.72415e-05
6 0.8198 0.942579 0.0281795 0.0543989 2.72443e-05
6 0.611791 0.00369375 0.0608083 0.00738751 2.72817e-05
9 0.824991 1 0.0771227 0 2.72893e-05
6 0.202447 0.508395 0.011865 0.0282068 2.73276e-05
6 0.705043 0.97683 0.0463478 0.0463398 2.73289e-05
6 0.318687 0.0080591 0.020393 0.0161182 2.73321e-05
6 0.701149 0.638684 0.0222469 0.0416387 2.73324e-05
6 0.216166 0.555742 0.0140897 0.0288784 2.73431e-05
6 0.319614 0.509402 0.0163144 0.0302216 2.73574e-05
6 0.0802744 0.0799194 0.0908417 0.0779046 2.73599e-05
6 0.259177 0.550705 0.0163144 0.0255205 2.73713e-05
5 0.836856 0.0815984 0.197256 0.16051 2.73747e-05
6 0.604931 0.097045 0.0144605 0.0194762 2.74284e-05
6 0.988877 0.233714 0.0126066 0.0873069 2.74358e-05
6 0.781424 0.978173 0.0448647 0.0436535 2.7527e-05
5 0.353726 0.080591 0.427141 0.161182 2.76124e-05
6 0.321839 0.579919 0.17056 0.110813 2.76226e-05
9 0.863923 1 0.0771227 0 2.76678e-05
6 0.693919 0.623237 0.0196515 0.0322364 2.76896e-05
5 0.286615 0.901948 0.418984 0.196105 2.77134e-05
6 0.571932 0.0154466 0.0329996 0.0308932 2.77475e-05
6 0.403597 0.619208 0.0159436 0.0349228 2.77826e-05
6 0.32944 0.083949 0.0396737 0.0456682 2.78488e-05
6 0.840193 0.594694 0.051168 0.0691739 2.78608e-05
6 0.557471 0.698455 0.0292918 0.0564137 2.78815e-05
6 0.541528 0.014775 0.101965 0.02955 2.79566e-05
6 0.70356 0.131968 0.0337412 0.0208193 2.79774e-05
6 0.989433 0.519812 0.0152021 0.116857 2.79809e-05
6 0.294957 0.994291 0.0285502 0.0114171 2.79831e-05
6 0.517427 0.96642 0.0389321 0.0416387 2.81278e-05
6 0.591212 0.102082 0.0456062 0.0564137 2.82387e-05
6 0.582128 0.078912 0.0163144 0.0261921 2.82668e-05
6 0.385614 0.0177972 0.0689655 0.0355944 2.82671e-05
6 0.0146459 0.2636 0.0292918 0.211551 2.82711e-05
6 0.437894 0.00604432 0.0615499 0.0120886 2.83368e-05
6 0.050241 0.35863 0.0685947 0.278039 2.8483e-05
6 0.892659 0.311954 0.0938079 0.120215 2.84859e-05
6 0.447905 0.928475 0.0452354 0.0611148 2.84945e-05
9 0.336114 1 0.071561 0 2.85929e-05
6 0.209307 0.531229 0.0752688 0.0980524 2.8594e-05
6 0.883018 0.405641 0.06637 0.0886501 2.86249e-05
6 0.637375 0.0755541 0.121617 0.0812626 2.86813e-05
5 0.278087 0.252854 0.167594 0.235729 2.86842e-05
6 0.505191 0.013096 0.0300334 0.0261921 2.87065e-05
6 0.134223 0.441236 0.045977 0.138348 2.87112e-05
6 0.348906 0.566488 0.0192807 0.032908 2.87214e-05
0 0.995921 0.874412 0.00815721 0.169241 2.87339e-05
6 0.315165 0.6182 0.017056 0.0288784 2.88192e-05
6 0.394512 0.973136 0.0496848 0.0456682 2.8839e-05
6 0.394327 0.1182 0.0448647 0.0685024 2.89469e-05
9 0.0533927 0.970114 0.106785 0.0597717 2.89654e-05
5 0.837041 0.976494 0.272525 0.0470114 2.89723e-05
6 0.558954 0.60141 0.147201 0.0812626 2.89919e-05
6 0.665554 0.932505 0.0489433 0.13499 2.89966e-05
6 0.31294 0.0768972 0.0622914 0.0611148 2.90305e-05
6 0.279014 0.566488 0.225065 0.165883 2.90594e-05
6 0.653319 0.66051 0.0622914 0.0812626 2.90676e-05
6 0.764368 0.546676 0.0604375 0.0792478 2.91502e-05
6 0.370226 0.993284 0.0352243 0.0134318 2.91792e-05
6 0.204486 0.636333 0.0174268 0.0355944 2.92092e-05
6 0.378754 0.607455 0.0181683 0.0423103 2.92457e-05
6 0.443641 0.568167 0.020393 0.0322364 2.92667e-05
6 0.307008 0.597381 0.0185391 0.032908 2.92749e-05
6 0.244346 0.640363 0.0296626 0.0436535 2.93068e-05
6 0.297367 0.129617 0.0541342 0.0591001 2.93587e-05
6 0.412495 0.0228341 0.0841676 0.0456682 2.9422e-05
6 0.608083 0.0601075 0.0133482 0.0141034 2.94431e-05
6 0.148869 0.0725319 0.0181683 0.051041 2.94803e-05
6 0.375788 0.0265279 0.0878754 0.0530557 2.95295e-05
6 0.531331 0.0752183 0.0103819 0.0214909 2.95489e-05
6 0.868372 0.92814 0.103819 0.131632 2.97354e-05
6 0.446978 0.00134318 0.0241009 0.00268637 2.98007e-05
6 0.618465 0.0997314 0.0155729 0.0208193 2.9805e-05
6 0.582684 0.676964 0.0241009 0.0604433 2.98553e-05
6 0.332036 0.00503694 0.0404153 0.0100739 2.9856e-05
6 0.45977 0.0255205 0.0200222 0.0322364 2.99332e-05
6 0.326288 0.557421 0.0163144 0.0268637 2.99812e-05
6 0.450501 0.0386165 0.0437523 0.077233 2.99935e-05
9 0.363737 0.985561 0.0756396 0.0288784 3.00242e-05
6 0.513719 0.0983882 0.0404153 0.0732035 3.0025e-05
2 0.300334 0.414372 0.222469 0.161182 3.01235e-05
6 0.594735 0.0755541 0.0133482 0.0235057 3.01381e-05
6 0.908973 0.40094 0.0559881 0.159839 3.01428e-05
6 0.546348 0.0439893 0.0938079 0.0879785 3.01553e-05
6 0.21561 0.575554 0.0152021 0.0322364 3.01636e-05
9 0.983871 1 0.0322581 0 3.02052e-05
6 0.623841 0.0402955 0.106415 0.080591 3.02144e-05
4 0.985169 0.75319 0.0244716 0.255876 3.02501e-05
6 0.65647 0.0728677 0.0248424 0.0208193 3.03168e-05
6 0.524286 0.55272 0.0326288 0.0577569 3.03964e-05
0 0.00964034 0.778375 0.0140897 0.312962 3.05291e-05
6 0.471635 0.100739 0.0200222 0.0335796 3.05865e-05
6 0.666852 0.986568 0.0337412 0.0268637 3.06413e-05
6 0.133852 0.524177 0.0355951 0.0678308 3.06453e-05
6 0.55914 0.0836132 0.0266963 0.0423103 3.07423e-05
6 0.713385 0.613835 0.0177976 0.0282068 3.07676e-05
6 0.735818 0.609134 0.0441231 0.0550705 3.08169e-05
7 0.588432 0.437542 0.0556174 0.0893217 3.08527e-05
6 0.690953 0.0490262 0.0322581 0.014775 3.09242e-05
6 0.581757 0.979852 0.0430108 0.0402955 3.09793e-05
6 0.260475 0.98724 0.0537634 0.0255205 3.09804e-05
6 0.367631 0.00436535 0.0367075 0.00873069 3.09937e-05
6 0.273452 0.00738751 0.0218762 0.014775 3.10225e-05
5 0.860771 0.163868 0.134594 0.2364 3.10482e-05
6 0.641453 0.653123 0.0393029 0.0463398 3.11248e-05
6 0.482017 0.981867 0.0519095 0.036266 3.11631e-05
6 0.527067 0.619543 0.0270671 0.0597717 3.11905e-05
6 0.232481 0.99362 0.0363367 0.0127602 3.12158e-05
6 0.764739 0.603425 0.12792 0.124244 3.12184e-05
6 0.606785 0.0762257 0.0248424 0.0355944 3.1237e-05
6 0.287542 0.54634 0.0159436 0.0302216 3.13206e-05
6 0.908973 0.49597 0.0493141 0.0732035 3.13716e-05
2 0.294216 0.402283 0.473489 0.198791 3.14196e-05
5 0.52373 0.265279 0.0500556 0.154466 3.14398e-05
6 0.337041 0.109134 0.0363367 0.0557421 3.14648e-05
6 0.949944 0.470786 0.0734149 0.228341 3.15019e-05
6 0.99073 0.0584285 0.0185391 0.116857 3.15385e-05
6 0.20356 0.531565 0.0133482 0.0302216 3.15561e-05
6 0.532073 0.078912 0.0244716 0.047683 3.15921e-05
3 0.261772 0.546004 0.523545 0.572196 3.16482e-05
6 0.759177 0.00235057 0.0634038 0.00470114 3.16603e-05
6 0.777716 0.603761 0.0218762 0.0376091 3.17639e-05
6 0.332406 0.92176 0.04264 0.156481 3.18079e-05
6 0.20356 0.988919 0.063033 0.0221625 3.19249e-05
6 0.809974 0.922767 0.0938079 0.141034 3.19271e-05
6 0.706897 0.598724 0.0174268 0.0302216 3.2004e-05
6 0.241194 0.63499 0.159807 0.171256 3.20468e-05
6 0.484056 0.0124244 0.0233593 0.0248489 3.20734e-05
6 0.807193 0.518133 0.0704486 0.104097 3.20795e-05
6 0.00723026 0.955003 0.0137189 0.0899933 3.20855e-05
6 0.578235 0.0154466 0.0878754 0.0308932 3.21332e-05
6 0.530404 0.980188 0.04264 0.0396239 3.22376e-05
6 0.219874 0.994291 0.034112 0.0114171 3.22446e-05
9 0.299963 1 0.0741565 0 3.22576e-05
6 0.294957 0.00100739 0.0278087 0.00201478 3.23076e-05
7 0.482944 0.393553 0.0196515 0.0846206 3.23214e-05
6 0.618094 0.0634654 0.0237301 0.0261921 3.23591e-05
6 0.995921 0.521155 0.00815721 0.150437 3.23843e-05
6 0.343715 0.924446 0.0318873 0.0638012 3.23883e-05
6 0.432147 0.964406 0.0389321 0.0711887 3.23973e-05
6 0.454394 0.975823 0.0470894 0.0416387 3.24279e-05
6 0.158509 0.946608 0.0589544 0.0597717 3.24438e-05
6 0.640156 0.116185 0.0196515 0.0255205 3.24474e-05
6 0.558398 0.0812626 0.011865 0.0214909 3.24672e-05
9 0.0063033 0.994291 0.0126066 0.0114171 3.24963e-05
6 0.617723 0.0695097 0.011865 0.0154466 3.25243e-05
9 0.960326 0.989255 0.0385614 0.0214909 3.25323e-05
6 0.721728 0.560107 0.0159436 0.0322364 3.25762e-05
6 0.330367 0.923103 0.0355951 0.0705171 3.26298e-05
6 0.0100111 0.977166 0.0111235 0.0416387 3.27057e-05
6 0.362811 0.609134 0.142751 0.0819342 3.27059e-05
7 0.496663 0.406649 0.0129774 0.10141 3.28926e-05
6 0.205413 0.555071 0.0148313 0.0302216 3.29243e-05
6 0.682054 0.00167898 0.0322581 0.00335796 3.29487e-05
6 0.616796 0.0601075 0.0129774 0.0114171 3.30102e-05
6 0.692251 0.119543 0.034112 0.0228341 3.30377e-05
6 0.88172 0.358294 0.0860215 0.108126 3.31492e-05
6 0.168706 0.994963 0.063033 0.0100739 3.32395e-05
6 0.191509 0.530893 0.0292918 0.0355944 3.32486e-05
6 0.787727 0.694426 0.020393 0.0389523 3.32573e-05
7 0.572303 0.435191 0.0107527 0.0832774 3.32925e-05
5 0.717278 0.908664 0.418613 0.182673 3.3373e-05
6 0.774379 0.0265279 0.0292918 0.0530557 3.3465e-05
6 0.0839822 0.46642 0.06637 0.19006 3.35223e-05
6 0.752317 0.90497 0.0875046 0.152451 3.35743e-05
6 0.391546 0.975151 0.0897293 0.0496978 3.35767e-05
6 0.315721 0.931833 0.0604375 0.116185 3.35882e-05
5 0.88135 0.276024 0.168335 0.232371 3.35984e-05
6 0.372636 0.971457 0.0422692 0.0423103 3.36127e-05
6 0.755469 0.604097 0.0322581 0.0396239 3.36374e-05
6 0.70597 0.991269 0.0363367 0.0174614 3.3716e-05
6 0.431776 0.0896575 0.0152021 0.032908 3.37933e-05
6 0.181127 0.576561 0.0144605 0.0342512 3.38693e-05
6 0.671672 0.0513768 0.0641453 0.102754 3.3888e-05
5 0.680015 0.0144392 0.175751 0.0288784 3.39154e-05
6 0.88376 0.449966 0.0537634 0.0819342 3.3918e-05
6 0.856507 0.993284 0.0585836 0.0134318 3.39237e-05
6 0.446422 0.016454 0.0348535 0.032908 3.39635e-05
6 0.826288 0.965413 0.0300334 0.0342512 3.40013e-05
6 0.596589 0.0631296 0.0266963 0.0349228 3.40083e-05
6 0.670004 0.1182 0.0941787 0.0792478 3.41707e-05
6 0.366518 0.60779 0.0181683 0.0376091 3.43142e-05
6 0.676863 0.62223 0.0270671 0.0396239 3.43545e-05
6 0.333519 0.0127602 0.0344828 0.0255205 3.44767e-05
6 0.37894 0.931833 0.0504264 0.0893217 3.4496e-05
6 0.0124212 0.0604433 0.0248424 0.120887 3.45073e-05
6 0.565814 0.563465 0.0266963 0.0429819 3.4519e-05
6 0.696329 0.600403 0.0192807 0.0335796 3.45816e-05
6 0.498331 0.620887 0.0311457 0.0691739 3.4591e-05
6 0.907119 0.540295 0.0552466 0.124244 3.46421e-05
6 0.992955 0.0100739 0.011865 0.0201478 3.46657e-05
6 0.327957 0.127602 0.0352243 0.0550705 3.48037e-05
6 0.421209 0.105104 0.0259548 0.0745467 3.49199e-05
6 0.593993 0.0973808 0.0266963 0.0429819 3.5e-05
6 0.100853 0.525185 0.0482017 0.0859637 3.51562e-05
6 0.226177 0.0554063 0.0452354 0.0718603 3.52007e-05
5 0.155914 0.340497 0.311828 0.603089 3.52787e-05
6 0.228773 0.989255 0.057842 0.0214909 3.52818e-05
6 0.63033 0.977166 0.0474601 0.0456682 3.52917e-05
7 0.556359 0.426125 0.0515387 0.0920081 3.53181e-05
5 0.741009 0.00906649 0.167223 0.018133 3.53523e-05
6 0.0111235 0.148422 0.0222469 0.154466 3.53666e-05
6 0.00982573 0.0621222 0.0181683 0.0691739 3.53848e-05
6 0.266036 0.0174614 0.0804598 0.0349228 3.53871e-05
4 0.0133482 0.706179 0.0266963 0.414372 3.54971e-05
6 0.19188 0.967764 0.0619207 0.0591001 3.5662e-05
5 0.239525 0.98724 0.324064 0.0255205 3.56652e-05
6 0.00407861 0.942243 0.00815721 0.106111 3.5765e-05
6 0.284946 0.00738751 0.0693363 0.014775 3.58111e-05
6 0.407304 0.633983 0.0433815 0.0523841 3.58236e-05
6 0.753059 0.558428 0.0177976 0.0302216 3.58335e-05
6 0.686689 0.625252 0.0563589 0.080591 3.5914e-05
6 0.812755 0.596038 0.0474601 0.0597717 3.5969e-05
2 0.379681 0.423103 0.67779 0.355944 3.59838e-05
6 0.391361 0.603761 0.0166852 0.0376091 3.60115e-05
6 0.257138 0.134318 0.0307749 0.0873069 3.60716e-05
5 0.501669 0.242445 0.0385614 0.146407 3.60781e-05
6 0.656656 0.546004 0.0496848 0.0470114 3.61219e-05
6 0.593808 0.0748825 0.0500556 0.0557421 3.6126e-05
6 0.605673 0.0725319 0.0122358 0.0174614 3.61345e-05
5 0.508343 0.191068 0.260289 0.281397 3.61711e-05
6 0.920467 0.427804 0.0619207 0.0967092 3.61734e-05
6 0.421023 0.10141 0.0152021 0.0349228 3.61796e-05
6 0.181498 0.508395 0.0137189 0.0322364 3.63195e-05
6 0.991472 0.939557 0.0148313 0.120887 3.63355e-05
7 0.524472 0.410007 0.025584 0.148422 3.63591e-05
6 0.680756 0.547347 0.0222469 0.0335796 3.65213e-05
6 0.595662 0.0611148 0.0129774 0.0188046 3.65488e-05
5 0.795143 0.270651 0.0826845 0.247146 3.65531e-05
6 0.332406 0.6182 0.0196515 0.0288784 3.67512e-05
6 0.521876 0.00470114 0.0181683 0.00940228 3.67949e-05
6 0.181869 0.554063 0.0137189 0.0308932 3.69281e-05
6 0.50927 0.514775 0.0196515 0.0503694 3.69883e-05
6 0.14201 0.987911 0.0697071 0.0241773 3.70066e-05
6 0.765666 0.574211 0.0393029 0.0483546 3.70634e-05
6 0.620319 0.603761 0.0192807 0.0416387 3.70988e-05
6 0.613089 0.0288784 0.0559881 0.0577569 3.71054e-05
6 0.357249 0.0137676 0.0270671 0.0248489 3.71781e-05
6 0.713941 0.598724 0.0159436 0.0275353 3.72121e-05
6 0.743975 0.993956 0.0463478 0.0120886 3.72689e-05
7 0.485725 0.416387 0.0140897 0.170584 3.73246e-05
5 0.519837 0.0815984 0.124583 0.0812626 3.73743e-05
6 0.805525 0.597381 0.020393 0.0369375 3.74334e-05
5 0.468669 0.0815984 0.128291 0.0812626 3.74372e-05
6 0.755284 0.548019 0.017056 0.02955 3.74412e-05
6 0.394698 0.986232 0.0448647 0.0275353 3.74631e-05
6 0.377456 0.551377 0.0496848 0.044325 3.77876e-05
6 0.783463 0.601746 0.0482017 0.0577569 3.77921e-05
6 0.261216 0.00570853 0.0671116 0.0114171 3.79028e-05
9 0.387468 0.997649 0.103819 0.00470114 3.80927e-05
9 0.930293 1 0.074898 0 3.8132e-05
6 0.592696 0.0946944 0.0152021 0.0255205 3.81686e-05
6 0.601224 0.647414 0.0226177 0.0416387 3.81859e-05
6 0.616611 0.0718603 0.0452354 0.0564137 3.82006e-05
5 0.141824 0.989255 0.283648 0.0214909 3.83476e-05
6 0.393585 0.558428 0.0552466 0.0597717 3.84325e-05
6 0.488877 0.00436535 0.06637 0.00873069 3.84358e-05
6 0.682425 0.00335796 0.0641453 0.00671592 3.85215e-05
9 0.152206 1 0.0656285 0 3.85382e-05
6 0.185206 0.412693 0.0218762 0.0369375 3.85392e-05
6 0.318131 0.558428 0.0222469 0.0275353 3.87036e-05
6 0.448276 0.0127602 0.0192807 0.0255205 3.87129e-05
6 0.717649 0.993956 0.0500556 0.0120886 3.8749e-05
9 0.502966 0.985897 0.102707 0.0282068 3.8849e-05
6 0.169077 0.566823 0.0533927 0.0591001 3.88742e-05
10 0.00964034 0.862324 0.0126066 0.119543 3.88945e-05
6 0.775862 0.616857 0.025584 0.0396239 3.89739e-05
6 0.904524 0.559772 0.037449 0.0758899 3.90111e-05
6 0.451798 0.577569 0.0574713 0.0550705 3.91069e-05
6 0.317204 0.540967 0.0152021 0.0275353 3.91088e-05
6 0.343159 0.994963 0.0478309 0.0100739 3.91544e-05
6 0.601224 0.625588 0.0226177 0.0423103 3.91547e-05
6 0.801446 0.577905 0.0893585 0.117529 3.91698e-05
6 0.542825 0.55675 0.0244716 0.0349228 3.92089e-05
5 0.175565 0.15413 0.0945495 0.177972 3.92467e-05
6 0.692251 0.560779 0.028921 0.0349228 3.93354e-05
9 0.416759 0.976494 0.0378198 0.0470114 3.9381e-05
6 0.613274 0.649429 0.0348535 0.051041 3.94303e-05
5 0.13274 0.245803 0.26548 0.294157 3.94727e-05
6 0.217093 0.61182 0.124212 0.106111 3.9571e-05
6 0.629774 0.991269 0.037449 0.0174614 3.95793e-05
6 0.613274 0.0167898 0.0897293 0.0335796 3.95977e-05
5 0.119021 0.104433 0.238042 0.208865 3.96622e-05
6 0.285132 0.932505 0.0659993 0.133647 3.96806e-05
6 0.21561 0.603089 0.0166852 0.0349228 3.97087e-05
6 0.667964 0.0715245 0.0307749 0.0208193 3.97444e-05
6 0.805154 0.993284 0.0515387 0.0134318 3.97522e-05
9 0.342047 0.999664 0.083426 0.000671592 3.9761e-05
6 0.465517 0.00436535 0.0337412 0.00873069 3.97694e-05
9 0.0845384 1 0.0563589 0 3.97799e-05
6 0.311457 0.0201478 0.0771227 0.0402955 3.98753e-05
7 0.735076 0.416387 0.0493141 0.0779046 3.99688e-05
6 0.581016 0.0339154 0.0845384 0.0678308 4.01061e-05
9 0.467186 0.994291 0.296626 0.0114171 4.01384e-05
6 0.690768 0.108462 0.0370782 0.0221625 4.02477e-05
6 0.40749 0.556414 0.0482017 0.0396239 4.02643e-05
7 0.619948 0.427804 0.0808306 0.0940228 4.03225e-05
6 0.332963 0.107455 0.0237301 0.0376091 4.04243e-05
6 0.335002 0.0080591 0.020393 0.0161182 4.04889e-05
6 0.0109381 0.956347 0.0122358 0.0792478 4.04976e-05
8 0.0268817 0.98321 0.0537634 0.0335796 4.05009e-05
3 0.859473 0.570517 0.281053 0.858966 4.05531e-05
6 0.966073 0.43452 0.0678532 0.248489 4.06441e-05
5 0.802744 0.0265279 0.1802 0.0530557 4.07568e-05
9 0.263997 1 0.0697071 0 4.0925e-05
6 0.572303 0.00235057 0.020393 0.00470114 4.10036e-05
6 0.6802 0.978509 0.0433815 0.0429819 4.1009e-05
7 0.48591 0.699127 0.025584 0.080591 4.10657e-05
6 0.579904 0.00201478 0.0192807 0.00402955 4.13381e-05
6 0.00556174 0.019812 0.0111235 0.0396239 4.1441e-05
6 0.787727 0.574547 0.0418984 0.0436535 4.16294e-05
6 0.688357 0.576561 0.0960326 0.0691739 4.16613e-05
9 0.901928 1 0.0730441 0 4.1677e-05
4 0.982202 0.758563 0.0355951 0.34587 4.17385e-05
6 0.765851 0.582606 0.083426 0.0906649 4.17539e-05
7 0.571376 0.72767 0.045977 0.116185 4.17575e-05
6 0.540971 0.0755541 0.0452354 0.0584285 4.18121e-05
6 0.306637 0.0077233 0.0215054 0.0154466 4.18549e-05
6 0.956062 0.535594 0.0878754 0.231699 4.18611e-05
6 0.294587 0.0748825 0.12792 0.0785762 4.18625e-05
6 0.519095 0.564137 0.0259548 0.0349228 4.20246e-05
6 0.434557 0.976158 0.0407861 0.0369375 4.20917e-05
9 0.190026 1 0.0678532 0 4.21014e-05
6 0.192992 0.995635 0.0611791 0.00873069 4.22853e-05
6 0.659066 0.123573 0.0241009 0.0792478 4.23603e-05
6 0.247312 0.561786 0.0697071 0.062458 4.24148e-05
4 0.680571 0.666555 0.413422 0.294829 4.25118e-05
6 0.194661 0.60779 0.0363367 0.0470114 4.26384e-05
6 0.512421 0.62223 0.028921 0.0678308 4.26435e-05
6 0.658509 0.484218 0.0697071 0.0752183 4.2648e-05
9 0.227104 1 0.071561 0 4.27789e-05
6 0.329069 0.576561 0.0181683 0.0275353 4.28892e-05
6 0.231368 0.606447 0.0215054 0.0389523 4.29478e-05
6 0.446237 0.625252 0.0433815 0.065816 4.29653e-05
6 0.2703 0.549362 0.0177976 0.0308932 4.31498e-05
5 0.366889 0.00436535 0.129403 0.00873069 4.31775e-05
6 0.53782 0.0174614 0.0582128 0.0349228 4.31881e-05
9 0.285317 0.987911 0.0493141 0.0241773 4.3206e-05
6 0.264739 0.549698 0.0533927 0.0651444 4.33595e-05
6 0.987208 0.946273 0.0129774 0.100739 4.33914e-05
5 0.317575 0.961048 0.427512 0.0779046 4.34467e-05
6 0.256025 0.56951 0.0248424 0.0308932 4.34876e-05
9 0.405821 0.980188 0.0418984 0.0396239 4.37102e-05
6 0.496292 0.0282068 0.0774935 0.0564137 4.37198e-05
6 0.304968 0.994963 0.0433815 0.0100739 4.38388e-05
6 0.630145 0.105104 0.0196515 0.0261921 4.40499e-05
6 0.556174 0.991941 0.0370782 0.0161182 4.40969e-05
6 0.347608 0.00268637 0.0270671 0.00537273 4.41123e-05
6 0.503708 0.582606 0.0329996 0.0369375 4.41575e-05
6 0.304783 0.0120886 0.0363367 0.0241773 4.42056e-05
7 0.451798 0.69409 0.0367075 0.0960376 4.42997e-05
6 0.468854 0.104097 0.0478309 0.0685024 4.4309e-05
9 0.417872 0.99362 0.0311457 0.0127602 4.44755e-05
6 0.358176 0.0204835 0.0370782 0.0409671 4.46394e-05
6 0.705228 0.562458 0.017056 0.0342512 4.46665e-05
6 0.320541 0.104768 0.0359659 0.0322364 4.46865e-05
9 0.0867631 0.98321 0.114943 0.0335796 4.48739e-05
5 0.281609 0.1182 0.563218 0.2364 4.48896e-05
6 0.618094 0.618872 0.0215054 0.0423103 4.49143e-05
6 0.766222 0.618872 0.0218762 0.0369375 4.49563e-05
7 0.539674 0.7045 0.0352243 0.134318 4.49977e-05
6 0.439562 0.100739 0.0137189 0.0308932 4.50198e-05
6 0.880793 0.992948 0.0671116 0.0141034 4.50466e-05
6 0.253059 0.136333 0.0218762 0.0268637 4.5106e-05
7 0.750463 0.43452 0.0556174 0.0779046 4.52108e-05
6 0.181127 0.535259 0.0144605 0.0322364 4.52536e-05
5 0.0804598 0.973808 0.16092 0.0523841 4.54456e-05
5 0.06637 0.0114171 0.13274 0.0228341 4.5516e-05
6 0.656841 0.117529 0.0174268 0.0268637 4.55415e-05
6 0.918799 0.565144 0.0378198 0.0584285 4.56269e-05
6 0.564887 0.0779046 0.0433815 0.0617864 4.56438e-05
6 0.982017 0.00705171 0.0359659 0.0141034 4.56552e-05
6 0.613274 0.634654 0.0548758 0.065816 4.56705e-05
6 0.191509 0.57589 0.0137189 0.0315648 4.57162e-05
6 0.292547 0.00738751 0.0259548 0.014775 4.58273e-05
6 0.391546 0.646743 0.0318873 0.0470114 4.5845e-05
6 0.190582 0.531901 0.0133482 0.0322364 4.586e-05
6 0.46904 0.0762257 0.0526511 0.0651444 4.61022e-05
6 0.268632 0.994963 0.0433815 0.0100739 4.61406e-05
6 0.543752 0.986568 0.0493141 0.0268637 4.61949e-05
6 0.541713 0.971457 0.057842 0.0570853 4.63935e-05
6 0.270115 0.554735 0.115313 0.12223 4.64205e-05
6 0.569892 0.631632 0.0163144 0.0288784 4.65132e-05
5 0.817946 0.0483546 0.0956618 0.0832774 4.67473e-05
6 0.00815721 0.0208193 0.0163144 0.0416387 4.68068e-05
5 0.297367 0.238079 0.571005 0.476158 4.68371e-05
6 0.284019 0.118872 0.0526511 0.0483546 4.69259e-05
6 0.93363 0.563801 0.0652577 0.165883 4.69663e-05
5 0.318317 0.112156 0.130145 0.0926796 4.70285e-05
6 0.581016 0.648086 0.0259548 0.0644728 4.70297e-05
6 0.631813 0.123237 0.0259548 0.0826058 4.70732e-05
6 0.101224 0.413365 0.0652577 0.124244 4.70792e-05
6 0.709307 0.517126 0.0177976 0.0322364 4.71509e-05
5 0.237486 0.253526 0.474972 0.507052 4.72156e-05
6 0.629588 0.116185 0.0185391 0.0268637 4.72376e-05
9 0.417872 0.985897 0.034112 0.0282068 4.72979e-05
6 0.412681 0.544997 0.0304042 0.0382807 4.73615e-05
6 0.635521 0.0681666 0.0600667 0.0584285 4.75687e-05
6 0.129774 0.993956 0.0793474 0.0120886 4.75719e-05
6 0.00500556 0.966756 0.0100111 0.0664876 4.76441e-05
6 0.353356 0.62223 0.0318873 0.0409671 4.76901e-05
6 0.343159 0.932841 0.0537634 0.0899933 4.77345e-05
6 0.706155 0.5863 0.157582 0.112827 4.77626e-05
6 0.204486 0.95131 0.054505 0.0597717 4.80511e-05
6 0.18947 0.556078 0.0140897 0.02955 4.82314e-05
6 0.27234 0.124244 0.037449 0.0268637 4.84042e-05
5 0.638487 0.00436535 0.124583 0.00873069 4.84263e-05
6 0.67538 0.598052 0.0211346 0.0315648 4.85367e-05
5 0.190397 0.10779 0.147201 0.167226 4.85379e-05
5 0.85076 0.106111 0.29848 0.212223 4.85522e-05
6 0.00778643 0.0161182 0.00815721 0.0322364 4.85827e-05
7 0.588246 0.428475 0.0114943 0.116857 4.85954e-05
6 0.394142 0.991941 0.0385614 0.0161182 4.86017e-05
6 0.766778 0.601746 0.0415276 0.051041 4.92546e-05
6 0.00778643 0.139019 0.00889878 0.0846206 4.95224e-05
2 0.128105 0.383479 0.256211 0.338482 4.96018e-05
6 0.760845 0.581263 0.338895 0.292142 4.96053e-05
6 0.24416 0.539288 0.0152021 0.0308932 4.96994e-05
5 0.451242 0.0285426 0.138673 0.0570853 4.99909e-05
6 0.781238 0.994627 0.0474601 0.0107455 5.00114e-05
6 0.317019 0.114171 0.0385614 0.106111 5.00632e-05
6 0.557286 0.554735 0.0185391 0.0349228 5.0199e-05
6 0.285317 0.619208 0.0174268 0.02955 5.02447e-05
6 0.6231 0.107119 0.04264 0.0611148 5.03087e-05
2 0.494438 1 0.618836 0 5.03574e-05
6 0.256581 0.135326 0.0363367 0.0369375 5.03834e-05
6 0.484983 0.016454 0.0600667 0.032908 5.03893e-05
6 0.621802 0.549026 0.0593252 0.0423103 5.0403e-05
6 0.813126 0.575218 0.0385614 0.0396239 5.06942e-05
6 0.6802 0.991269 0.0352243 0.0174614 5.08229e-05
2 0.822951 0.396575 0.354097 0.396911 5.08903e-05
6 0.621617 0.47448 0.0567297 0.062458 5.11604e-05
6 0.449388 0.0214909 0.0689655 0.0429819 5.11926e-05
6 0.488877 0.616857 0.18502 0.180658 5.12507e-05
3 0.741935 0.594023 0.475343 0.525856 5.14303e-05
5 0.807935 0.131968 0.212829 0.19006 5.14309e-05
6 0.185947 0.411014 0.0122358 0.02955 5.15086e-05
6 0.544494 0.621222 0.0248424 0.0591001 5.15903e-05
6 0.656841 0.947616 0.0448647 0.0725319 5.16646e-05
6 0.619763 0.123909 0.0270671 0.0423103 5.16993e-05
6 0.316648 0.574547 0.0207638 0.0288784 5.18198e-05
6 0.691324 0.0554063 0.0507972 0.0355944 5.20857e-05
6 0.3033 0.611148 0.0192807 0.0308932 5.20869e-05
6 0.451613 0.96642 0.0593252 0.0671592 5.21105e-05
6 0.216166 0.534923 0.0326288 0.0355944 5.21779e-05
6 0.290137 0.0127602 0.0411568 0.0255205 5.22208e-05
6 0.994809 0.926796 0.0103819 0.146407 5.23645e-05
6 0.995736 0.0335796 0.00852799 0.0671592 5.25319e-05
5 0.474601 0.252183 0.0719318 0.19006 5.34025e-05
6 0.433445 0.100403 0.0140897 0.032908 5.34066e-05
6 0.465146 0.0285426 0.0359659 0.0570853 5.34132e-05
9 0.791435 0.985225 0.0685947 0.02955 5.34729e-05
6 0.34835 0.0137676 0.0359659 0.0275353 5.36595e-05
7 0.598628 0.431162 0.00778643 0.0779046 5.36725e-05
7 0.699666 0.428811 0.114201 0.10544 5.36811e-05
6 0.669818 0.0795836 0.0441231 0.0355944 5.37601e-05
6 0.652021 0.596038 0.0559881 0.0543989 5.39975e-05
5 0.466815 0.00470114 0.146088 0.00940228 5.40779e-05
6 0.612532 0.664876 0.051168 0.0819342 5.41372e-05
6 0.726363 0.551713 0.0563589 0.0611148 5.44328e-05
6 0.593808 0.978173 0.037449 0.0382807 5.45034e-05
5 0.288654 0.0540631 0.22284 0.108126 5.47887e-05
6 0.617909 0.117529 0.0144605 0.0228341 5.50307e-05
5 0.511494 0.924446 0.569151 0.151108 5.52154e-05
6 0.657026 0.979181 0.0415276 0.0416387 5.524e-05
6 0.575454 0.0134318 0.0281795 0.0268637 5.54065e-05
2 0.69911 0.412693 0.47868 0.196776 5.54148e-05
5 0.794957 0.276024 0.410085 0.552048 5.55254e-05
6 0.340564 0.587307 0.0181683 0.0288784 5.57137e-05
7 0.721357 0.416723 0.0352243 0.0651444 5.5733e-05
6 0.518168 0.993284 0.0367075 0.0134318 5.57615e-05
6 0.462736 0.708193 0.028921 0.0570853 5.57646e-05
6 0.358361 0.00906649 0.0248424 0.018133 5.5834e-05
6 0.604375 0.972465 0.0304042 0.0416387 5.58781e-05
6 0.0196515 0.00671592 0.0393029 0.0134318 5.61512e-05
6 0.303485 0.559436 0.0189099 0.02955 5.62179e-05
9 0.467927 0.986232 0.0430108 0.0275353 5.63374e-05
6 0.566926 0.0238415 0.0444939 0.047683 5.64226e-05
6 0.996107 0.954332 0.00778643 0.0738751 5.65103e-05
6 0.705043 0.120887 0.0359659 0.0214909 5.68423e-05
6 0.117167 0.492612 0.0600667 0.083949 5.72336e-05
6 0.231739 0.573539 0.0489433 0.0523841 5.72359e-05
6 0.99518 0.977838 0.00964034 0.044325 5.7275e-05
6 0.421394 0.0856279 0.0456062 0.0638012 5.76643e-05
6 0.246385 0.553056 0.0174268 0.0288784 5.77499e-05
6 0.25584 0.543653 0.0185391 0.0315648 5.81806e-05
5 0.765295 0.0614506 0.226177 0.122901 5.82774e-05
6 0.274935 0.129953 0.0470894 0.0906649 5.85743e-05
6 0.290137 0.536602 0.0129774 0.0282068 5.86581e-05
6 0.265851 0.541974 0.0207638 0.0322364 5.86617e-05
6 0.315165 0.0255205 0.152021 0.051041 5.87393e-05
6 0.194661 0.600403 0.0163144 0.0335796 5.89141e-05
6 0.191509 0.571189 0.0300334 0.0342512 5.90187e-05
6 0.577123 0.00940228 0.0129774 0.0188046 5.9035e-05
5 0.285502 0.0191404 0.195032 0.0382807 5.90792e-05
6 0.345198 0.553392 0.0393029 0.0429819 5.91122e-05
6 0.356878 0.0161182 0.0634038 0.0322364 5.93066e-05
9 0.30571 1 0.0760104 0 5.95325e-05
6 0.734334 0.00134318 0.0619207 0.00268637 5.9544e-05
6 0.70838 0.127602 0.0478309 0.0873069 5.96098e-05
6 0.682796 0.123909 0.0359659 0.0866353 5.96601e-05
6 0.562291 0.574547 0.0181683 0.0302216 5.96764e-05
6 0.506303 0.979852 0.0493141 0.0402955 5.97884e-05
5 0.762514 0.987911 0.474972 0.0241773 5.98967e-05
6 0.20356 0.579584 0.0148313 0.02955 5.99033e-05
8 0.916759 0.992277 0.0626622 0.0154466 5.99793e-05
5 0.223582 0.969107 0.411568 0.0617864 6.00072e-05
6 0.991101 0.967092 0.0155729 0.065816 6.0188e-05
6 0.004264 0.985225 0.00852799 0.02955 6.02308e-05
7 0.732851 0.436199 0.0174268 0.077233 6.0274e-05
6 0.663144 0.0537273 0.0411568 0.0725319 6.13939e-05
6 0.181683 0.942915 0.0318873 0.0416387 6.15882e-05
6 0.317204 0.113163 0.0500556 0.0517126 6.17814e-05
6 0.197627 0.618536 0.0177976 0.0349228 6.20015e-05
6 0.381164 0.992612 0.0541342 0.014775 6.23829e-05
5 0.924175 0.0278711 0.15165 0.0557421 6.24001e-05
7 0.524286 0.70047 0.0274379 0.0899933 6.25368e-05
6 0.656841 0.990934 0.0337412 0.018133 6.27205e-05
7 0.52132 0.432169 0.011865 0.0960376 6.27299e-05
5 0.485725 0.256884 0.0437523 0.13096 6.28701e-05
6 0.990916 0.159167 0.0114943 0.0993956 6.30055e-05
6 0.692065 0.993284 0.0485725 0.0134318 6.31323e-05
6 0.351502 0.569846 0.051168 0.0570853 6.36122e-05
6 0.715981 0.034587 0.0875046 0.0584285 6.38223e-05
6 0.286059 0.577569 0.0730441 0.0617864 6.39526e-05
6 0.478495 0.592344 0.0285502 0.0402955 6.39723e-05
6 0.606785 0.97683 0.0500556 0.0463398 6.41706e-05
6 0.0083426 0.00537273 0.0114943 0.0107455 6.419e-05
6 0.530033 0.00470114 0.06637 0.00940228 6.42347e-05
6 0.714868 0.610813 0.0378198 0.0449966 6.46338e-05
8 0.950686 0.991269 0.0986281 0.0174614 6.46876e-05
6 0.27271 0.13096 0.10419 0.0913365 6.48298e-05
6 0.35799 0.00268637 0.0248424 0.00537273 6.50702e-05
6 0.919169 0.563801 0.0474601 0.112156 6.53477e-05
6 0.242862 0.994627 0.0541342 0.0107455 6.5363e-05
6 0.398591 0.654466 0.0585836 0.0597717 6.71426e-05
5 0.315721 0.00369375 0.132369 0.00738751 6.71726e-05
9 0.443456 0.992277 0.0318873 0.0154466 6.76543e-05
6 0.539303 0.477502 0.0456062 0.0752183 6.79565e-05
7 0.469781 0.410343 0.0430108 0.111484 6.80485e-05
6 0.986096 0.269644 0.0278087 0.184688 6.81313e-05
6 0.578791 0.5591 0.0585836 0.0423103 6.82767e-05
6 0.692807 0.549026 0.020393 0.0315648 6.8369e-05
5 0.614386 0.0174614 0.222469 0.0349228 6.84328e-05
6 0.318502 0.551713 0.0363367 0.0396239 6.85929e-05
5 0.892473 0.0644728 0.215054 0.128946 6.86659e-05
6 0.320171 0.549362 0.020393 0.0282068 6.8733e-05
6 0.641453 0.576226 0.051168 0.0402955 6.88335e-05
6 0.134965 0.469107 0.0348535 0.0745467 6.89867e-05
6 0.0999258 0.467428 0.0611791 0.100739 6.89899e-05
6 0.456618 0.557421 0.0189099 0.0282068 6.9084e-05
6 0.498702 0.964741 0.0519095 0.0503694 6.91595e-05
6 0.200037 0.567831 0.0530219 0.0530557 6.97581e-05
6 0.27957 0.131632 0.0304042 0.0228341 6.97915e-05
6 0.350204 0.00973808 0.0218762 0.0194762 6.99164e-05
5 0.414535 0.00268637 0.140897 0.00537273 7.04262e-05
6 0.249351 0.142377 0.0322581 0.0268637 7.06912e-05
9 0.567297 0.99362 0.0504264 0.0127602 7.13546e-05
6 0.0964034 0.586635 0.100853 0.199463 7.15682e-05
6 0.657583 0.611484 0.0189099 0.032908 7.18308e-05
6 0.683537 0.12458 0.0433815 0.0423103 7.21962e-05
5 0.179273 0.881464 0.358547 0.237072 7.23423e-05
6 0.742862 0.54634 0.0456062 0.0463398 7.30911e-05
6 0.606229 0.990934 0.0385614 0.018133 7.32183e-05
6 0.407119 0.58227 0.045977 0.0376091 7.33143e-05
6 0.919169 0.0886501 0.117167 0.114171 7.3825e-05
6 0.261587 0.581934 0.0396737 0.0490262 7.38735e-05
6 0.723211 0.545668 0.0181683 0.0315648 7.39752e-05
9 0.237671 0.999328 0.0793474 0.00134318 7.39912e-05
5 0.107898 0.994291 0.215795 0.0114171 7.40663e-05
6 0.52132 0.0762257 0.0415276 0.0611148 7.45747e-05
6 0.994624 0.135326 0.0107527 0.106783 7.46421e-05
6 0.586392 0.554063 0.0315165 0.0416387 7.46497e-05
6 0.215425 0.621894 0.0192807 0.0322364 7.4686e-05
5 0.361142 0.0228341 0.217278 0.0456682 7.5086e-05
6 0.707267 0.543653 0.0174268 0.032908 7.52982e-05
6 0.278643 0.540631 0.0189099 0.0335796 7.53213e-05
7 0.508157 0.42814 0.0114943 0.100067 7.56699e-05
6 0.817575 0.959705 0.0474601 0.080591 7.57322e-05
6 0.693548 0.114171 0.0530219 0.0402955 7.6231e-05
6 0.296255 0.600403 0.0763812 0.0617864 7.64102e-05
6 0.488877 0.0879785 0.0418984 0.0631296 7.64216e-05
6 0.990916 0.0507052 0.0107527 0.10141 7.65729e-05
0 0.004264 0.89859 0.00852799 0.120887 7.6733e-05
6 0.262699 0.611484 0.0871339 0.0799194 7.67957e-05
7 0.525399 0.398254 0.0793474 0.115514 7.75228e-05
6 0.414349 0.649765 0.0329996 0.0409671 7.8104e-05
6 0.583426 0.470786 0.0478309 0.065816 7.83968e-05
6 0.218947 0.995299 0.054505 0.00940228 7.8965e-05
9 0.432147 0.981867 0.0367075 0.036266 7.91998e-05
6 0.661661 0.0486904 0.0292918 0.0194762 7.93714e-05
6 0.515387 0.013096 0.0593252 0.0261921 8.02415e-05
6 0.533927 0.697448 0.028921 0.0785762 8.04137e-05
6 0.799963 0.69409 0.025584 0.0423103 8.11798e-05
6 0.686133 0.604768 0.0418984 0.0382807 8.12298e-05
6 0.641083 0.104433 0.0200222 0.0248489 8.1384e-05
6 0.738042 0.548019 0.0174268 0.0282068 8.17485e-05
6 0.700222 0.618536 0.020393 0.0389523 8.18798e-05
9 0.271969 1 0.071561 0 8.18822e-05
6 0.542269 0.993956 0.054505 0.0120886 8.29092e-05
6 0.896923 0.589322 0.127549 0.280054 8.32391e-05
9 0.480905 0.992612 0.0407861 0.014775 8.32529e-05
6 0.240082 0.612156 0.0226177 0.0409671 8.3904e-05
6 0.573415 0.648086 0.0226177 0.0523841 8.39776e-05
6 0.215425 0.613835 0.0385614 0.0389523 8.40847e-05
0 0.988135 0.846206 0.0177976 0.307589 8.4169e-05
4 0.515944 0.804903 0.746385 0.229013 8.41997e-05
6 0.588246 0.683009 0.0463478 0.0899933 8.55507e-05
6 0.448461 0.958361 0.0485725 0.0496978 8.56048e-05
6 0.707267 0.128946 0.0552466 0.0389523 8.57535e-05
6 0.440119 0.711887 0.0304042 0.0564137 8.59478e-05
6 0.282536 0.13499 0.0437523 0.0429819 8.63644e-05
5 0.677234 0.972129 0.435669 0.0557421 8.68731e-05
6 0.769003 0.605776 0.0215054 0.036266 8.68755e-05
6 0.34112 0.613835 0.0192807 0.02955 8.78561e-05
6 0.642937 0.109805 0.0318873 0.0436535 8.79119e-05
6 0.101224 0.991941 0.091954 0.0161182 8.82314e-05
6 0.642937 0.108798 0.0259548 0.0873069 8.84479e-05
5 0.880052 0.203828 0.239896 0.230356 8.88657e-05
6 0.643493 0.600739 0.0463478 0.032908 8.93588e-05
6 0.712829 0.579248 0.0389321 0.0396239 8.94483e-05
6 0.360771 0.583613 0.0415276 0.0389523 9.07823e-05
6 0.25584 0.558093 0.0200222 0.0308932 9.13569e-05
5 0.196885 0.0768972 0.393771 0.153794 9.20418e-05
5 0.370597 0.981867 0.330367 0.036266 9.25236e-05
9 0.407861 0.983546 0.0793474 0.032908 9.35596e-05
5 0.802744 0.857287 0.394512 0.285426 9.39165e-05
6 0.247312 0.148086 0.0407861 0.116185 9.52116e-05
9 0.481461 0.979852 0.0507972 0.0402955 9.6106e-05
5 0.217093 0.908664 0.377086 0.12223 9.63898e-05
9 0.444753 0.984553 0.0404153 0.0308932 9.68128e-05
6 0.987208 0.207186 0.025584 0.16857 9.85681e-05
6 0.816648 0.977166 0.0448647 0.036266 9.85963e-05
5 0.714868 0.13499 0.187616 0.146407 9.8688e-05
6 0.560252 0.617529 0.0252132 0.0530557 9.86888e-05
6 0.386726 0.578912 0.0333704 0.0389523 9.94318e-05
6 0.318131 0.581934 0.0407861 0.0409671 9.99734e-05
2 0.683908 0.417058 0.221357 0.145064 0.000100345
7 0.585836 0.43049 0.00741565 0.0846206 0.000100899
5 0.364108 0.0402955 0.198739 0.080591 0.000101334
9 0.463293 0.983546 0.253986 0.032908 0.000102012
6 0.458658 0.0194762 0.0348535 0.0389523 0.000102115
6 0.437338 0.0923439 0.037449 0.0570853 0.000102666
5 0.530219 0.0376091 0.305525 0.0752183 0.000103701
2 0.88172 0.338146 0.236559 0.348556 0.000104346
6 0.773637 0.0366017 0.0975158 0.0732035 0.000104413
6 0.229143 0.0372733 0.063033 0.0745467 0.000105314
6 0.642751 0.992612 0.0530219 0.014775 0.000106234
6 0.18261 0.950974 0.0530219 0.0483546 0.000106356
9 0.40508 0.993284 0.0493141 0.0134318 0.000106572
6 0.576567 0.968771 0.028921 0.0355944 0.000106956
6 0.116611 0.439893 0.0678532 0.104768 0.000107793
6 0.467186 0.557421 0.0259548 0.0322364 0.000108228
6 0.665925 0.573204 0.051168 0.0423103 0.000108743
6 0.740638 0.579584 0.04264 0.0456682 0.000109037
7 0.72525 0.439893 0.057842 0.1182 0.000109541
6 0.43363 0.662525 0.0648869 0.0732035 0.000109987
6 0.993882 0.0799194 0.0122358 0.116857 0.000111092
6 0.679273 0.111484 0.0266963 0.0241773 0.000112808
6 0.461253 0.0154466 0.0215054 0.0308932 0.000112971
6 0.669818 0.608798 0.0322581 0.0342512 0.000114658
9 0.456804 0.980188 0.0437523 0.0396239 0.000114765
6 0.497219 0.981195 0.0585836 0.0376091 0.000114849
6 0.992399 0.102418 0.0129774 0.196776 0.000114863
5 0.0854653 0.178308 0.166481 0.25722 0.000115092
6 0.687987 0.55272 0.0470894 0.0456682 0.000115414
6 0.526882 0.981867 0.0585836 0.036266 0.000115739
9 0.593066 0.993284 0.0507972 0.0134318 0.000115892
5 0.671301 0.0580927 0.20356 0.106783 0.000115946
6 0.663515 0.602754 0.0211346 0.0315648 0.000116439
6 0.543382 0.59268 0.0285502 0.047683 0.000116577
6 0.560808 0.550369 0.0352243 0.0382807 0.000116782
6 0.657953 0.109134 0.0300334 0.0369375 0.00011693
9 0.614386 0.985561 0.214312 0.0288784 0.000118043
6 0.566741 0.96642 0.0329996 0.0671592 0.000119482
6 0.692436 0.635326 0.0196515 0.0308932 0.000119539
6 0.612347 0.597381 0.0418984 0.0409671 0.000119907
6 0.656285 0.104097 0.0192807 0.0241773 0.000120488
6 0.214868 0.572196 0.0329996 0.0322364 0.000120739
6 0.492584 0.99362 0.0574713 0.0127602 0.000120819
6 0.363181 0.612827 0.0404153 0.0396239 0.000121437
7 0.72488 0.435191 0.011865 0.0711887 0.000122423
9 0.577864 0.986232 0.0418984 0.0275353 0.000122499
6 0.53782 0.577905 0.144976 0.0745467 0.000122519
7 0.510011 0.411686 0.0196515 0.146407 0.000122659
6 0.337412 0.586635 0.0370782 0.0342512 0.000124811
5 0.52614 0.0100739 0.263255 0.0201478 0.000125314
6 0.690397 0.580255 0.0370782 0.0376091 0.000125508
6 0.70634 0.547347 0.0370782 0.0416387 0.00012585
5 0.750649 0.0792478 0.498702 0.158496 0.000126193
6 0.538932 0.544325 0.0396737 0.0369375 0.000127548
7 0.463107 0.70685 0.0556174 0.136333 0.000129012
4 0.233407 0.788113 0.466815 0.423774 0.000129162
5 0.939006 0.171592 0.121987 0.259906 0.000129855
6 0.316092 0.603089 0.0478309 0.051041 0.000129956
5 0.817204 0.891202 0.365591 0.137005 0.000130751
6 0.349462 0.60141 0.0218762 0.032908 0.000131518
4 0.773452 0.765615 0.453096 0.427132 0.000131681
6 0.340007 0.608462 0.0378198 0.0376091 0.000134816
9 0.43363 0.987576 0.0418984 0.0248489 0.000135862
6 0.667408 0.992277 0.0474601 0.0154466 0.000136203
7 0.513348 0.698791 0.0389321 0.118872 0.000136345
8 0.971079 0.958697 0.057842 0.0826058 0.000136757
7 0.56155 0.685695 0.04264 0.0873069 0.000136759
6 0.204672 0.618536 0.0177976 0.02955 0.000136769
6 0.67056 0.110141 0.0226177 0.0241773 0.000137454
6 0.672228 0.114506 0.0296626 0.0799194 0.000137942
5 0.516871 0.019812 0.169077 0.0396239 0.000138773
6 0.24416 0.547011 0.0315165 0.0355944 0.000139095
6 0.263441 0.614842 0.0396737 0.0436535 0.000139398
8 0.0339266 0.958026 0.0678532 0.083949 0.00013949
9 0.560252 0.981531 0.0593252 0.0369375 0.000140222
4 0.50482 0.88415 0.854653 0.231699 0.000140983
6 0.517983 0.99362 0.0548758 0.0127602 0.000142011
6 0.672599 0.11585 0.0348535 0.0382807 0.00014253
6 0.31257 0.597381 0.017056 0.0261921 0.000143133
6 0.5736 0.665883 0.0533927 0.0866353 0.000145113
6 0.287171 0.600067 0.0159436 0.0288784 0.000145464
8 0.0285502 0.990934 0.0571005 0.018133 0.000145998
6 0.204116 0.606111 0.0159436 0.0315648 0.000147246
6 0.665925 0.555742 0.0430108 0.0382807 0.000147372
7 0.481461 0.433177 0.0389321 0.0967092 0.000150192
6 0.54023 0.645064 0.0326288 0.0758899 0.000151291
5 0.814053 0.947952 0.371895 0.104097 0.000152687
6 0.389878 0.609805 0.0307749 0.036266 0.000152927
8 0.975158 0.986904 0.0496848 0.0261921 0.00015296
0 0.00889878 0.8818 0.0133482 0.2364 0.000153006
5 0.723953 0.269644 0.190953 0.249161 0.000153864
6 0.974231 0.279382 0.0515387 0.220282 0.000155269
6 0.510938 0.530893 0.0363367 0.0449966 0.000155929
9 0.606044 0.985225 0.0730441 0.02955 0.000156873
6 0.614572 0.574211 0.0456062 0.0389523 0.000159966
9 0.438636 0.98321 0.0711902 0.0335796 0.000160258
6 0.308491 0.570517 0.0437523 0.0463398 0.000161798
6 0.484427 0.577233 0.103448 0.0758899 0.000163036
7 0.494994 0.414372 0.0207638 0.14775 0.000163443
6 0.568039 0.977502 0.0363367 0.0355944 0.000163555
5 0.181683 0.171256 0.363367 0.342512 0.000164699
6 0.576196 0.58865 0.0615499 0.0503694 0.000166442
6 0.670931 0.585292 0.0344828 0.0369375 0.000166983
6 0.242121 0.627267 0.0244716 0.0402955 0.000168302
9 0.43122 0.993956 0.0430108 0.0120886 0.000172295
6 0.415276 0.570853 0.0311457 0.0349228 0.00017368
9 0.968113 0.99362 0.0504264 0.0127602 0.000177029
5 0.473118 0.967092 0.531702 0.065816 0.000177738
5 0.495551 0.105776 0.33185 0.132304 0.000179813
6 0.439748 0.547011 0.0244716 0.0369375 0.00018102
6 0.569522 0.608462 0.0200222 0.0591001 0.000182656
5 0.213014 0.938885 0.426029 0.12223 0.000183064
6 0.280311 0.570181 0.0177976 0.0322364 0.000184935
5 0.692436 0.0342512 0.174638 0.0685024 0.000185225
6 0.29403 0.586971 0.0215054 0.02955 0.000185554
6 0.991101 0.10141 0.0103819 0.0899933 0.000185569
6 0.792362 0.698791 0.0148313 0.0288784 0.000189183
6 0.704672 0.587978 0.0389321 0.0409671 0.000189427
2 0.491472 0.379449 0.0812013 0.119543 0.000192636
5 0.535224 0.00369375 0.153875 0.00738751 0.000195781
6 0.00964034 0.0543989 0.0103819 0.107455 0.000196305
6 0.335373 0.599396 0.0196515 0.0288784 0.000198916
5 0.771042 0.920081 0.457916 0.159839 0.000200625
6 0.466444 0.58865 0.0252132 0.0369375 0.000201429
6 0.397108 0.621222 0.0452354 0.044325 0.000201663
6 0.284761 0.553392 0.0304042 0.02955 0.000209488
6 0.280868 0.566823 0.04264 0.0456682 0.000210715
6 0.486837 0.537945 0.034112 0.0416387 0.000214494
9 0.454394 0.987576 0.0485725 0.0248489 0.000218903
7 0.495365 0.677972 0.0318873 0.0879785 0.000220687
6 0.466259 0.650101 0.0315165 0.051041 0.000222771
6 0.499629 0.5591 0.248795 0.128274 0.000223736
6 0.248239 0.56313 0.0322581 0.032908 0.000223841
5 0.503337 0.0221625 0.384501 0.044325 0.000225138
5 0.511123 0.962055 0.861327 0.0758899 0.000226852
5 0.505376 0.117193 0.561364 0.231699 0.000228848
6 0.00482017 0.121894 0.00964034 0.0758899 0.000235925
5 0.477012 0.0879785 0.753801 0.175957 0.000238876
6 0.583611 0.634318 0.0444939 0.0691739 0.000242214
7 0.519281 0.429819 0.0589544 0.106111 0.000243908
6 0.292918 0.610141 0.0177976 0.0261921 0.000246729
6 0.414164 0.606783 0.0304042 0.0369375 0.000278867
6 0.577679 0.620215 0.0207638 0.0449966 0.000282934
9 0.468484 0.992948 0.0537634 0.0141034 0.000286533
6 0.440119 0.65413 0.0318873 0.044325 0.000289673
6 0.00871339 0.0923439 0.0100111 0.0920081 0.000295754
6 0.58528 0.602082 0.0329996 0.0355944 0.000299528
5 0.157212 0.97683 0.314423 0.0463398 0.000319502
6 0.446422 0.592344 0.0437523 0.0470114 0.000324719
6 0.0083426 0.0963734 0.0137189 0.183345 0.000328936
6 0.444568 0.566488 0.0385614 0.0449966 0.000328955
6 0.556174 0.561115 0.0311457 0.0369375 0.000348889
6 0.525769 0.564473 0.505747 0.263936 0.000348942
6 0.588617 0.57186 0.0389321 0.0342512 0.000364894
5 0.496663 0.0604433 0.451242 0.120887 0.00037681
5 0.847052 0.220954 0.305895 0.351914 0.000378792
6 0.672599 0.0483546 0.0926956 0.0591001 0.000391983
6 0.286429 0.578912 0.0307749 0.0322364 0.000411338
6 0.271413 0.566823 0.0296626 0.0322364 0.00041797
6 0.309789 0.591336 0.0300334 0.0315648 0.000434053
6 0.463663 0.547683 0.0278087 0.0355944 0.000451122
6 0.554505 0.578576 0.0189099 0.0315648 0.000463373
6 0.486652 0.560107 0.0381906 0.0389523 0.000464955
6 0.671858 0.0463398 0.0370782 0.0188046 0.000465027
7 0.498331 0.414372 0.0711902 0.0993956 0.000477424
6 0.300704 0.597381 0.0185391 0.0261921 0.000479805
5 0.505376 0.221961 0.0741565 0.173942 0.00048603
5 0.902113 0.121558 0.195773 0.243116 0.000489357
4 0.489062 0.678308 0.461995 0.247146 0.000496888
6 0.516129 0.597045 0.0400445 0.0644728 0.000499915
6 0.00556174 0.0755541 0.0111235 0.109469 0.000511314
6 0.561735 0.628946 0.0400445 0.0691739 0.000517147
6 0.671116 0.051041 0.0489433 0.0335796 0.000534443
6 0.533185 0.580591 0.0363367 0.0302216 0.000562587
6 0.478124 0.626595 0.0485725 0.120887 0.000563673
6 0.49036 0.598724 0.0381906 0.0664876 0.000574728
3 0.142751 0.577905 0.285502 0.773002 0.000602372
6 0.530219 0.563801 0.063033 0.0436535 0.000615787
3 0.889878 0.59906 0.220245 0.719946 0.000686086
5 0.861142 0.975487 0.277716 0.0490262 0.000705357
5 0.299036 0.248153 0.340007 0.353929 0.000722629
6 0.475899 0.652787 0.0841676 0.135662 0.000746167
6 0.258065 0.558764 0.0326288 0.044325 0.000825069
6 0.476641 0.585292 0.0411568 0.0651444 0.000845299
7 0.4835 0.68133 0.0393029 0.140363 0.000849443
5 0.530033 0.988247 0.598072 0.0235057 0.000930006
5 0.70393 0.266622 0.367445 0.319678 0.00115786
6 0.551724 0.569846 0.0185391 0.0235057 0.0012889
6 0.557657 0.597045 0.0363367 0.0429819 0.00136414
6 0.455321 0.585964 0.0163144 0.0302216 0.00142427
6 0.474045 0.566823 0.0337412 0.0389523 0.00153852
6 0.531331 0.561786 0.0318873 0.0369375 0.00155749
6 0.442529 0.58865 0.0263255 0.0342512 0.00160124
6 0.515387 0.577233 0.0415276 0.0369375 0.0017116
5 0.496848 0.938214 0.850575 0.123573 0.00183451
6 0.503152 0.621558 0.063033 0.0799194 0.00187108
6 0.484613 0.573204 0.0415276 0.0342512 0.00206419
6 0.499073 0.583277 0.0452354 0.0705171 0.00227472
6 0.456989 0.580591 0.0292918 0.0315648 0.00242021
6 0.529477 0.580255 0.0415276 0.0577569 0.00252646
6 0.501112 0.56313 0.0463478 0.0436535 0.00291386
6 0.496848 0.661518 0.0741565 0.0886501 0.00298162
6 0.543567 0.572532 0.0281795 0.0261921 0.00330588
6 0.525769 0.660846 0.0622914 0.111484 0.00371052
6 0.46459 0.575554 0.0266963 0.0282068 0.00510933
6 0.451798 0.574882 0.0174268 0.0255205 0.0129419
3 0.507416 0.599731 0.985169 0.672935 0.816562
4 0.505562 0.666555 0.787912 0.37139 0.89793
5 0.497405 0.237743 0.661847 0.343855 0.899317
2 0.496478 0.385494 0.641453 0.201477 0.902738
