7 0.252132 0.429672 0.0904709 0.123912 2.50192e-05
6 0.706155 0.0525787 0.0278087 0.0770261 2.50326e-05
6 0.804968 0.654722 0.15647 0.177495 2.50367e-05
6 0.68261 0.981581 0.0474601 0.0368386 2.50791e-05
6 0.131813 0.990958 0.0619207 0.0180844 2.5092e-05
6 0.0819429 0.158406 0.0637746 0.051574 2.51311e-05
5 0.337227 0.923979 0.451984 0.113195 2.51819e-05
6 0.228402 0.475218 0.0266963 0.051574 2.5208e-05
6 0.204672 0.575017 0.0222469 0.0408573 2.52577e-05
6 0.989803 0.585064 0.0152021 0.101139 2.52712e-05
2 0.626993 0.368386 0.346311 0.140656 2.53166e-05
6 0.866333 0.602813 0.020393 0.0455459 2.53758e-05
6 0.843159 0.543536 0.0964034 0.13061 2.54085e-05
6 0.690211 0.102478 0.0344828 0.03215 2.54171e-05
6 0.480534 0.938044 0.0229885 0.106497 2.54201e-05
5 0.136448 0.0157401 0.171301 0.0314802 2.54273e-05
5 0.461624 0.13061 0.46941 0.227729 2.54386e-05
6 0.555988 0.978902 0.0441231 0.0421969 2.55059e-05
6 0.83908 0.902545 0.0941787 0.142666 2.55213e-05
6 0.889878 0.513731 0.17056 0.3215 2.55412e-05
7 0.454579 0.440054 0.00667408 0.0750167 2.56694e-05
5 0.816648 0.13061 0.0901001 0.1286 2.5831e-05
6 0.204301 0.519089 0.0281795 0.0361688 2.58884e-05
6 0.391361 0.522773 0.025584 0.0555928 2.59077e-05
6 0.629403 0.590422 0.020393 0.035499 2.6003e-05
6 0.906934 0.422639 0.0415276 0.087073 2.60366e-05
6 0.615869 0.00368386 0.0274379 0.00736772 2.60369e-05
5 0.313311 0.153048 0.246941 0.202947 2.60384e-05
6 0.635706 0.0810449 0.025584 0.0241125 2.61085e-05
9 0.60178 1 0.0719318 0 2.61198e-05
6 0.579162 0.575687 0.0192807 0.0408573 2.62894e-05
6 0.989618 0.239451 0.0126066 0.090422 2.63384e-05
6 0.605488 0.945747 0.0482017 0.0750167 2.63665e-05
6 0.393771 0.000334896 0.0244716 0.000669792 2.64585e-05
6 0.881906 0.423644 0.025584 0.035499 2.64679e-05
6 0.830738 0.977227 0.0337412 0.0455459 2.64732e-05
6 0.293289 0.0244474 0.111976 0.0488948 2.6516e-05
9 0.894142 0.00569323 0.0411568 0.0113865 2.65337e-05
6 0.631628 0.00468855 0.0285502 0.00937709 2.6534e-05
6 0.694475 0.0509042 0.0252132 0.0241125 2.6537e-05
9 0.612162 0.992297 0.0904709 0.0154052 2.65779e-05
7 0.623471 0.427328 0.0774935 0.105827 2.66361e-05
6 0.972562 0.570663 0.0541342 0.204956 2.66882e-05
9 0.83426 0.00334896 0.0311457 0.00669792 2.66895e-05
6 0.993141 0.465841 0.0137189 0.255191 2.67563e-05
6 0.630701 0.0957803 0.0304042 0.0334896 2.68059e-05
6 0.440489 0.56363 0.0207638 0.0448761 2.68624e-05
6 0.36967 0.53215 0.0252132 0.0488948 2.69185e-05
5 0.641453 0.927328 0.411568 0.083724 2.69628e-05
3 0.798851 0.593436 0.402299 0.793034 2.69632e-05
6 0.879867 0.420295 0.0133482 0.0341594 2.69649e-05
9 0.983315 1 0.0333704 0 2.70666e-05
7 0.497405 0.429002 0.0159436 0.0716678 2.70858e-05
6 0.906007 0.20998 0.0396737 0.0288011 2.71862e-05
6 0.173897 0.0783657 0.045977 0.0776959 2.71899e-05
6 0.347608 0.624246 0.0478309 0.0643001 2.72119e-05
6 0.845013 0.947086 0.0593252 0.100469 2.72141e-05
7 0.451242 0.822505 0.0318873 0.070998 2.72895e-05
6 0.00537634 0.488614 0.00926956 0.12927 2.72991e-05
6 0.343715 0.108506 0.0407861 0.0442063 2.737e-05
6 0.636448 0.591092 0.142751 0.090422 2.74145e-05
6 0.615869 0.589082 0.017056 0.0328198 2.74333e-05
7 0.513719 0.429672 0.0166852 0.0770261 2.7554e-05
6 0.57564 0.413597 0.0656285 0.090422 2.7575e-05
6 0.485725 0.951775 0.0474601 0.0616209 2.76762e-05
6 0.756952 0.518084 0.0270671 0.0408573 2.76989e-05
7 0.395069 0.427997 0.0997405 0.112525 2.77511e-05
6 0.067297 0.467515 0.0634038 0.186202 2.77518e-05
6 0.884501 0.19491 0.0248424 0.0348292 2.77844e-05
7 0.483871 0.430676 0.0244716 0.0830543 2.78424e-05
8 0.00574713 0.153048 0.0114943 0.306095 2.79727e-05
6 0.369114 0.985265 0.0352243 0.0294709 2.79876e-05
6 0.220245 0.496986 0.0519095 0.0696584 2.81361e-05
7 0.454765 0.393838 0.0396737 0.0977897 2.81622e-05
6 0.709863 0.025787 0.071561 0.051574 2.81672e-05
6 0.592696 0.00937709 0.0129774 0.0187542 2.82542e-05
6 0.00741565 0.157066 0.0148313 0.111855 2.82637e-05
6 0.657026 0.980911 0.0474601 0.0381782 2.83408e-05
6 0.385243 0.0180844 0.0237301 0.0308104 2.8344e-05
6 0.867631 0.153717 0.0192807 0.0288011 2.84689e-05
6 0.842603 0.492967 0.0159436 0.0334896 2.85638e-05
6 0.643307 0.0766912 0.0274379 0.0770261 2.86171e-05
6 0.483871 0.978232 0.0526511 0.0435365 2.86393e-05
6 0.425102 0.497656 0.0233593 0.0629605 2.86445e-05
5 0.935855 0.98292 0.128291 0.0341594 2.87214e-05
9 0.375603 1 0.0667408 0 2.87225e-05
6 0.315907 0.61286 0.0237301 0.0562626 2.87756e-05
6 0.317019 0.591427 0.0437523 0.0803751 2.88394e-05
9 0.730627 0.00535834 0.0367075 0.0107167 2.88559e-05
6 0.32703 0.0147354 0.0200222 0.0267917 2.88694e-05
7 0.4835 0.387475 0.0177976 0.0917616 2.89126e-05
6 0.0365221 0.0140656 0.0730441 0.0281313 2.89679e-05
6 0.330738 0.0117214 0.0407861 0.0234427 2.90617e-05
6 0.690026 0.0874079 0.0333704 0.0328198 2.90867e-05
6 0.632369 0.0907569 0.0218762 0.0207636 2.91234e-05
6 0.81776 0.978567 0.0329996 0.0428667 2.91751e-05
6 0.284205 0.942063 0.0485725 0.0984595 2.91754e-05
6 0.990916 0.0254521 0.0100111 0.0509042 2.92083e-05
6 0.258991 0.565975 0.0685947 0.0924313 2.92113e-05
5 0.622729 0.0488948 0.213941 0.0977897 2.92612e-05
6 0.866704 0.620898 0.0233593 0.0455459 2.92926e-05
5 0.640712 0.00401875 0.120133 0.00803751 2.93948e-05
6 0.766036 0.498995 0.0378198 0.0442063 2.94428e-05
9 0.113645 1 0.0693363 0 2.95522e-05
6 0.71561 0.610851 0.0437523 0.0643001 2.95883e-05
6 0.468484 0.646685 0.0233593 0.0663094 2.96889e-05
6 0.741379 0.560951 0.134594 0.107837 2.97063e-05
5 0.718947 0.00368386 0.117909 0.00736772 2.97241e-05
5 0.77716 0.120898 0.0837968 0.0810449 2.97441e-05
6 0.617167 0.970529 0.0270671 0.03215 2.97732e-05
6 0.992955 0.578701 0.0140897 0.262559 2.98408e-05
6 0.468484 0.937374 0.0196515 0.106497 2.98561e-05
6 0.988877 0.0100469 0.0222469 0.0200938 2.9938e-05
5 0.879681 0.995981 0.240638 0.00803751 2.99796e-05
6 0.254357 0.571668 0.0200222 0.035499 3.00062e-05
9 0.544865 0.00502344 0.0226177 0.0100469 3.00718e-05
6 0.0863923 0.522438 0.0444939 0.0843938 3.00759e-05
6 0.568039 0.990958 0.0348535 0.0180844 3.01754e-05
6 0.6637 0.542197 0.0400445 0.0395177 3.02082e-05
6 0.576752 0.0157401 0.0241009 0.0314802 3.02717e-05
9 0.640341 1 0.074898 0 3.02883e-05
9 0.0832406 0.00502344 0.0448647 0.0100469 3.03022e-05
6 0.554134 0.0144005 0.0307749 0.0288011 3.03243e-05
7 0.497961 0.38781 0.0296626 0.156731 3.03824e-05
6 0.173897 0.159745 0.0600667 0.148024 3.0384e-05
7 0.55469 0.42063 0.0348535 0.0897522 3.04313e-05
10 0.988506 0.853315 0.0148313 0.144675 3.05208e-05
6 0.0875046 0.469859 0.0437523 0.0931011 3.05237e-05
5 0.216537 0.374079 0.433074 0.363697 3.05298e-05
6 0.62106 0.083724 0.0667408 0.054923 3.05698e-05
9 0.916389 0.00468855 0.0381906 0.00937709 3.05723e-05
6 0.447905 0.969524 0.0689655 0.0609511 3.06044e-05
6 0.53541 0.649699 0.034112 0.0696584 3.06188e-05
7 0.763812 0.258875 0.0830552 0.273945 3.06296e-05
5 0.262699 0.104488 0.186504 0.124581 3.06435e-05
6 0.90304 0.361018 0.102707 0.125921 3.06978e-05
6 0.793289 0.492967 0.0685947 0.107167 3.06981e-05
6 0.814609 0.551909 0.0163144 0.0361688 3.07438e-05
9 0.271042 0.00468855 0.0422692 0.00937709 3.07521e-05
6 0.655172 0.0616209 0.0244716 0.0200938 3.07878e-05
0 0.00889878 0.779973 0.011865 0.280643 3.0816e-05
6 0.482388 0.460817 0.0148313 0.0723376 3.08259e-05
6 0.85799 0.168453 0.0237301 0.0368386 3.08781e-05
6 0.828328 0.990288 0.0304042 0.019424 3.09087e-05
6 0.626066 0.479906 0.121246 0.0609511 3.09193e-05
6 0.779199 0.991293 0.0337412 0.0174146 3.09538e-05
6 0.390619 0.00401875 0.0352243 0.00803751 3.10497e-05
6 0.0691509 0.538513 0.116796 0.212994 3.10554e-05
6 0.578977 0.0200938 0.0144605 0.0348292 3.11226e-05
9 0.656656 0.00602813 0.0348535 0.0120563 3.1126e-05
6 0.987764 0.0656397 0.0244716 0.116544 3.11447e-05
6 0.706897 0.982585 0.0433815 0.0348292 3.11618e-05
6 0.328884 0.00636303 0.0266963 0.0127261 3.11928e-05
6 0.404709 0.00971199 0.0381906 0.019424 3.12123e-05
6 0.313311 0.0150703 0.115684 0.0301407 3.12199e-05
6 0.582684 0.00502344 0.0226177 0.0100469 3.12271e-05
5 0.37931 0.974213 0.441973 0.051574 3.12482e-05
6 0.87931 0.124581 0.0181683 0.0308104 3.12499e-05
6 0.122729 0.179169 0.0571005 0.0448761 3.13085e-05
6 0.404524 0.554923 0.028921 0.0609511 3.13413e-05
6 0.804412 0.990288 0.0307749 0.019424 3.13489e-05
6 0.320541 0.623242 0.0441231 0.0810449 3.14212e-05
6 0.316092 0.558272 0.302929 0.200268 3.14957e-05
2 0.0435669 0.43704 0.0871339 0.279303 3.15138e-05
7 0.527623 0.429672 0.0133482 0.0850636 3.1534e-05
6 0.400445 0.0207636 0.0222469 0.0375084 3.15382e-05
9 0.671116 0.00368386 0.0326288 0.00736772 3.15707e-05
6 0.380793 0.62927 0.0407861 0.0596115 3.15824e-05
6 0.313682 0.0190891 0.0407861 0.035499 3.16026e-05
8 0.991101 0.878433 0.0177976 0.219022 3.16112e-05
6 0.650723 0.556932 0.0229885 0.0301407 3.16152e-05
6 0.562106 0.497656 0.122358 0.0442063 3.16366e-05
5 0.801631 0.125586 0.183166 0.19357 3.16864e-05
9 0.0561735 0.973543 0.0515387 0.0529136 3.17323e-05
6 0.694475 0.0087073 0.0192807 0.0174146 3.17405e-05
9 0.129774 1 0.151279 0 3.17542e-05
9 0.545235 0.0087073 0.0381906 0.0174146 3.17569e-05
6 0.994067 0.00602813 0.011865 0.0120563 3.17674e-05
6 0.836114 0.00736772 0.00889878 0.0147354 3.17748e-05
6 0.775677 0.508372 0.0259548 0.0294709 3.17965e-05
6 0.781053 0.980911 0.0418984 0.0381782 3.18343e-05
6 0.872822 0.185867 0.0719318 0.16008 3.19291e-05
6 0.804968 0.00535834 0.0393029 0.0107167 3.19681e-05
6 0.676492 0.637642 0.0152021 0.0401875 3.19887e-05
9 0.337412 1 0.068224 0 3.2002e-05
6 0.529292 0.459143 0.0159436 0.0703282 3.2004e-05
6 0.614943 0.523778 0.0211346 0.0375084 3.20162e-05
6 0.99036 0.472539 0.0148313 0.117214 3.20408e-05
9 0.79162 0.998995 0.0912125 0.00200938 3.20975e-05
6 0.36003 0.926658 0.0637746 0.101139 3.21737e-05
6 0.353356 0.575352 0.0563589 0.0669792 3.22078e-05
6 0.508713 0.650703 0.0237301 0.0609511 3.24209e-05
6 0.361884 0.0331547 0.105302 0.0663094 3.24347e-05
6 0.992028 0.0137307 0.0159436 0.0274615 3.26607e-05
6 0.331109 0.103818 0.0259548 0.0281313 3.27387e-05
6 0.0101965 0.483255 0.0129774 0.273945 3.27682e-05
5 0.23007 0.0090422 0.150167 0.0180844 3.28041e-05
6 0.391732 0.971869 0.0863923 0.0562626 3.29022e-05
6 0.317575 0.016075 0.025584 0.0241125 3.2965e-05
6 0.470152 0.966845 0.0200222 0.0408573 3.29766e-05
6 0.774379 0.00770261 0.0181683 0.0154052 3.29795e-05
6 0.194661 0.992297 0.0489433 0.0154052 3.29797e-05
6 0.680015 0.990288 0.0504264 0.019424 3.29823e-05
8 0.494067 0.921634 0.226548 0.0616209 3.30187e-05
6 0.567668 0.022438 0.0207638 0.0395177 3.30689e-05
6 0.494624 0.538513 0.0177976 0.0442063 3.30694e-05
6 0.532258 0.00703282 0.0819429 0.0140656 3.3083e-05
6 0.435298 0.00368386 0.0237301 0.00736772 3.31878e-05
6 0.949203 0.521098 0.0622914 0.125921 3.33241e-05
6 0.96941 0.136303 0.0404153 0.0783657 3.33987e-05
5 0.465703 0.165104 0.215795 0.196249 3.34863e-05
6 0.670375 0.137977 0.0207638 0.0267917 3.35337e-05
5 0.749907 0.309109 0.500185 0.326189 3.35487e-05
7 0.377271 0.440388 0.0418984 0.0890824 3.36176e-05
6 0.538191 0.470529 0.0181683 0.051574 3.36665e-05
6 0.424731 0.538178 0.0292918 0.0381782 3.36729e-05
6 0.711902 0.610851 0.199481 0.152713 3.36819e-05
5 0.254542 0.953784 0.431961 0.0924313 3.38316e-05
6 0.645717 0.0629605 0.0233593 0.0214334 3.38784e-05
5 0.789952 0.943068 0.420096 0.113865 3.39153e-05
6 0.763626 0.923309 0.088617 0.137307 3.39224e-05
3 0.856136 0.728734 0.287727 0.542532 3.39782e-05
6 0.989803 0.106832 0.0174268 0.102478 3.41182e-05
0 0.987764 0.650033 0.0185391 0.378433 3.41407e-05
6 0.476085 0.118218 0.140897 0.0971199 3.41883e-05
6 0.894698 0.0107167 0.0385614 0.0214334 3.42193e-05
7 0.486281 0.391159 0.0181683 0.16075 3.429e-05
6 0.579904 0.589082 0.017056 0.0301407 3.436e-05
6 0.670004 0.0274615 0.0378198 0.054923 3.4379e-05
5 0.284761 0.116544 0.569522 0.233088 3.44223e-05
6 0.504264 0.963161 0.0452354 0.0736772 3.4455e-05
9 0.677419 1 0.0741565 0 3.44797e-05
6 0.69429 0.541862 0.0218762 0.0348292 3.45086e-05
6 0.432888 0.976892 0.209492 0.0462157 3.45596e-05
6 0.891732 0.421299 0.0177976 0.038848 3.45744e-05
6 0.310159 0.1142 0.0322581 0.090422 3.45977e-05
6 0.927512 0.17582 0.0478309 0.035499 3.46106e-05
6 0.961439 0.0254521 0.045977 0.0509042 3.46147e-05
6 0.558027 0.00971199 0.0192807 0.019424 3.47299e-05
6 0.682425 0.0756865 0.0648869 0.0616209 3.48521e-05
6 0.991101 0.33724 0.0177976 0.19357 3.49498e-05
6 0.626437 0.516075 0.0329996 0.0448761 3.50852e-05
6 0.608639 0.502344 0.0381906 0.0375084 3.51246e-05
6 0.580274 0.0110516 0.0148313 0.0221031 3.52182e-05
5 0.785502 0.906899 0.428995 0.186202 3.52657e-05
6 0.506489 0.00401875 0.0652577 0.00803751 3.52801e-05
6 0.354839 0.98426 0.0378198 0.0314802 3.53043e-05
6 0.219689 0.533155 0.0196515 0.03215 3.53622e-05
9 0.934557 1 0.0730441 0 3.53814e-05
5 0.890063 0.90355 0.219874 0.1929 3.53932e-05
6 0.567112 0.0217683 0.0367075 0.0435365 3.54283e-05
6 0.555803 0.0204287 0.0215054 0.0368386 3.54391e-05
6 0.280126 0.989618 0.025584 0.0207636 3.54923e-05
5 0.674268 0.0341594 0.214683 0.0683188 3.55987e-05
6 0.629959 0.980911 0.0437523 0.0381782 3.56742e-05
6 0.390434 0.654052 0.0355951 0.0622907 3.57864e-05
6 0.280126 0.982585 0.0359659 0.0348292 3.59034e-05
6 0.361142 0.520094 0.0177976 0.0368386 3.59221e-05
9 0.7132 1 0.0767519 0 3.59438e-05
5 0.726548 0.0639652 0.233964 0.110516 3.60337e-05
6 0.934742 0.197254 0.0830552 0.0730074 3.60575e-05
6 0.166852 0.16209 0.0177976 0.0361688 3.61819e-05
6 0.292918 0.573007 0.0281795 0.0448761 3.6278e-05
6 0.904153 0.42063 0.025584 0.0509042 3.63117e-05
6 0.723026 0.0083724 0.0200222 0.0167448 3.63374e-05
6 0.41954 0.496316 0.0122358 0.0361688 3.63759e-05
6 0.510382 0.653382 0.0322581 0.105157 3.6387e-05
6 0.710419 0.590757 0.0229885 0.0401875 3.64281e-05
6 0.766593 0.162425 0.0500556 0.0756865 3.64435e-05
6 0.373192 0.0267917 0.0441231 0.0535834 3.65129e-05
6 0.806822 0.561621 0.0304042 0.0462157 3.6571e-05
6 0.88858 0.104488 0.0226177 0.0334896 3.65714e-05
7 0.465146 0.423309 0.0285502 0.0924313 3.67749e-05
6 0.609752 0.00368386 0.0589544 0.00736772 3.67814e-05
6 0.946978 0.196584 0.0504264 0.0408573 3.68114e-05
5 0.952354 0.159745 0.0952911 0.263228 3.6933e-05
6 0.424546 0.959478 0.0415276 0.0421969 3.6948e-05
6 0.537449 0.511721 0.136819 0.0830543 3.70685e-05
6 0.514646 0.567984 0.140156 0.105827 3.71694e-05
6 0.337412 0.592096 0.0378198 0.0656397 3.71931e-05
6 0.910085 0.944742 0.0708194 0.0984595 3.72494e-05
6 0.560438 0.0237776 0.071561 0.0475553 3.73261e-05
5 0.712644 0.121232 0.147571 0.087073 3.734e-05
6 0.294957 0.991628 0.0337412 0.0167448 3.73913e-05
6 0.894327 0.199598 0.0363367 0.0308104 3.74016e-05
6 0.651835 0.615874 0.0207638 0.0408573 3.74185e-05
6 0.994067 0.953115 0.011865 0.0937709 3.74614e-05
6 0.6967 0.163094 0.107527 0.0770261 3.75078e-05
6 0.346682 0.0247823 0.0363367 0.0495646 3.76808e-05
6 0.39822 0.589752 0.0541342 0.0703282 3.77455e-05
6 0.330182 0.112525 0.0404153 0.0401875 3.79816e-05
6 0.266407 0.991962 0.0329996 0.016075 3.80636e-05
6 0.49518 0.923309 0.037449 0.0810449 3.81363e-05
6 0.958102 0.340589 0.0482017 0.176155 3.82011e-05
9 0.750649 1 0.0737857 0 3.82136e-05
6 0.918428 0.446417 0.0407861 0.0555928 3.82337e-05
6 0.766407 0.170127 0.0148313 0.0361688 3.82729e-05
6 0.0680386 0.977897 0.037449 0.0334896 3.83028e-05
7 0.55228 0.387475 0.0671116 0.107837 3.83276e-05
5 0.314423 0.876423 0.446422 0.123912 3.8471e-05
6 0.543382 0.991293 0.0389321 0.0174146 3.86908e-05
5 0.164998 0.838245 0.329996 0.19223 3.87009e-05
6 0.918057 0.400536 0.0444939 0.0669792 3.87354e-05
6 0.99518 0.119893 0.00964034 0.070998 3.88665e-05
6 0.192807 0.912257 0.0571005 0.175486 3.91067e-05
5 0.138302 0.916946 0.276604 0.108506 3.92194e-05
5 0.112162 0.200603 0.224323 0.299397 3.9228e-05
6 0.756952 0.979906 0.0448647 0.0401875 3.92336e-05
6 0.00704486 0.191896 0.0133482 0.123912 3.92566e-05
6 0.604746 0.570663 0.0177976 0.0361688 3.93554e-05
6 0.530775 0.979906 0.0485725 0.0401875 3.94371e-05
6 0.442714 0.00736772 0.0229885 0.0147354 3.94382e-05
6 0.671116 0.087073 0.0304042 0.0308104 3.96746e-05
6 0.774194 0.53282 0.017056 0.0314802 3.98714e-05
6 0.232295 0.993972 0.0463478 0.0120563 4.00323e-05
9 0.300519 1 0.0708194 0 4.01025e-05
6 0.855951 0.40422 0.0285502 0.0341594 4.01041e-05
9 0.753059 0.999665 0.0860215 0.000669792 4.01252e-05
7 0.450501 0.430676 0.0140897 0.0817147 4.02207e-05
9 0.960697 0.00234427 0.0474601 0.00468855 4.0231e-05
6 0.725621 0.613195 0.0229885 0.0542532 4.03204e-05
6 0.279014 0.00703282 0.04264 0.0140656 4.03422e-05
3 0.352058 0.544876 0.571376 0.440054 4.03864e-05
9 0.916574 0.0113865 0.0326288 0.0227729 4.04813e-05
6 0.481646 0.96785 0.0237301 0.0401875 4.05761e-05
6 0.643864 0.987944 0.0359659 0.0241125 4.0606e-05
6 0.689655 0.566644 0.15647 0.0924313 4.06376e-05
6 0.390805 0.562626 0.0229885 0.0375084 4.06636e-05
6 0.532443 0.967515 0.0934372 0.0649699 4.06866e-05
8 0.979051 0.96718 0.0418984 0.0656397 4.076e-05
6 0.231183 0.560616 0.06637 0.101808 4.08623e-05
6 0.99073 0.00736772 0.0126066 0.0147354 4.08673e-05
6 0.234149 0.944072 0.0641453 0.109176 4.0952e-05
9 0.440675 0.993972 0.245829 0.0120563 4.09595e-05
6 0.305154 0.984595 0.0333704 0.0308104 4.10089e-05
6 0.0480163 0.179504 0.0782351 0.0951105 4.11064e-05
6 0.671116 0.0790355 0.0215054 0.0214334 4.11372e-05
6 0.913608 0.180174 0.0363367 0.054923 4.12226e-05
6 0.346125 0.0137307 0.020393 0.0247823 4.12481e-05
6 0.10178 0.576691 0.113089 0.175486 4.13937e-05
6 0.441973 0.0227729 0.0177976 0.0401875 4.14245e-05
6 0.815721 0.53282 0.0155729 0.035499 4.14593e-05
6 0.755654 0.990623 0.0363367 0.0187542 4.15086e-05
6 0.526326 0.454119 0.518725 0.125921 4.15717e-05
5 0.743975 0.212659 0.15165 0.269926 4.17512e-05
5 0.304783 0.314133 0.609566 0.628265 4.19121e-05
7 0.567297 0.427997 0.0148313 0.116544 4.19203e-05
7 0.484613 0.427328 0.00964034 0.070998 4.19317e-05
6 0.327401 0.521433 0.0215054 0.035499 4.20933e-05
4 0.012792 0.70998 0.025584 0.415271 4.21371e-05
9 0.0815721 1 0.057842 0 4.21558e-05
5 0.520949 0.207971 0.0519095 0.149364 4.22779e-05
6 0.714868 0.157401 0.0422692 0.0375084 4.2282e-05
6 0.314053 0.11353 0.0237301 0.0180844 4.24191e-05
6 0.305154 0.990958 0.0244716 0.0180844 4.24285e-05
6 0.695217 0.992297 0.0355951 0.0154052 4.24836e-05
7 0.479607 0.819491 0.0218762 0.0703282 4.25931e-05
6 0.416759 0.652043 0.0355951 0.0596115 4.28109e-05
6 0.717649 0.53282 0.0463478 0.0488948 4.28427e-05
6 0.803671 0.568989 0.0137189 0.035499 4.28804e-05
6 0.155914 0.989618 0.0641453 0.0207636 4.29027e-05
7 0.453467 0.685867 0.0318873 0.119223 4.30707e-05
6 0.731924 0.982251 0.0400445 0.035499 4.31401e-05
6 0.819614 0.994642 0.04264 0.0107167 4.31715e-05
7 0.442343 0.405559 0.0393029 0.115874 4.32229e-05
6 0.856136 0.991962 0.0585836 0.016075 4.32744e-05
6 0.952354 0.426993 0.0789766 0.200268 4.34098e-05
9 0.0873192 0.0103818 0.0567297 0.0207636 4.34169e-05
5 0.846681 0.0847287 0.306637 0.169457 4.34527e-05
6 0.641639 0.0947756 0.0152021 0.019424 4.35559e-05
5 0.709121 0.96785 0.397108 0.0643001 4.37287e-05
6 0.195217 0.556932 0.0367075 0.0542532 4.37556e-05
5 0.669818 0.00937709 0.102707 0.0187542 4.37647e-05
6 0.0190953 0.2572 0.0381906 0.176825 4.38029e-05
6 0.595847 0.501674 0.0229885 0.0629605 4.38062e-05
6 0.730812 0.992297 0.0333704 0.0154052 4.38804e-05
6 0.660178 0.0144005 0.0329996 0.0261219 4.39598e-05
6 0.529106 0.571333 0.0177976 0.054923 4.41032e-05
6 0.116796 0.166109 0.108268 0.125921 4.41159e-05
6 0.685206 0.61219 0.0363367 0.0562626 4.41342e-05
6 0.257508 0.00636303 0.0344828 0.0127261 4.4214e-05
9 0.787542 1 0.0726733 0 4.42718e-05
6 0.354839 0.993302 0.0304042 0.0133958 4.43492e-05
6 0.243233 0.571668 0.0215054 0.035499 4.44092e-05
6 0.517612 0.972873 0.0415276 0.0448761 4.45289e-05
6 0.258065 0.942398 0.057842 0.111186 4.45601e-05
5 0.930293 0.131949 0.139414 0.155392 4.45663e-05
6 0.38376 0.00535834 0.0281795 0.0107167 4.46559e-05
6 0.282536 0.0133958 0.0571005 0.0267917 4.48144e-05
6 0.707824 0.00937709 0.0163144 0.0187542 4.48481e-05
6 0.968298 0.256865 0.0634038 0.174816 4.48651e-05
6 0.991101 0.196584 0.017056 0.0649699 4.48817e-05
6 0.464961 0.98426 0.0652577 0.0314802 4.52366e-05
6 0.00723026 0.0653048 0.0129774 0.13061 4.54643e-05
5 0.190768 0.105157 0.0915832 0.147354 4.54792e-05
6 0.65888 0.0830543 0.0600667 0.0589417 4.54917e-05
6 0.318317 0.990958 0.0241009 0.0180844 4.54928e-05
6 0.840193 0.588413 0.192807 0.32217 4.5571e-05
6 0.084353 0.939719 0.083426 0.0924313 4.56356e-05
6 0.493882 0.645345 0.0207638 0.0542532 4.57416e-05
6 0.575454 0.0120563 0.097145 0.0241125 4.59373e-05
7 0.435113 0.824849 0.0322581 0.0609511 4.61983e-05
6 0.714868 0.569993 0.0444939 0.0428667 4.62729e-05
6 0.885799 0.595445 0.133482 0.221031 4.64373e-05
6 0.161105 0.947421 0.0648869 0.0797053 4.64654e-05
9 0.263441 1 0.0685947 0 4.657e-05
9 0.0398591 0.976222 0.0522803 0.0341594 4.65767e-05
6 0.522432 0.524782 0.0177976 0.0408573 4.66161e-05
6 0.70875 0.566644 0.0218762 0.0401875 4.66779e-05
6 0.2703 0.494642 0.0215054 0.0381782 4.67721e-05
6 0.470708 0.116544 0.0448647 0.0442063 4.68631e-05
6 0.416759 0.552244 0.133482 0.0689886 4.69679e-05
5 0.20634 0.204287 0.412681 0.408573 4.69931e-05
9 0.8604 1 0.0700779 0 4.70395e-05
6 0.2297 0.572003 0.020393 0.0361688 4.71152e-05
6 0.578977 0.523443 0.0174268 0.0314802 4.72432e-05
3 0.685947 0.573677 0.530219 0.48292 4.72768e-05
6 0.60419 0.974883 0.0411568 0.0368386 4.74002e-05
6 0.465517 0.559611 0.13756 0.0797053 4.74783e-05
6 0.469967 0.56564 0.0166852 0.0555928 4.75971e-05
6 0.574342 0.563965 0.0237301 0.054923 4.76334e-05
9 0.824064 1 0.0723026 0 4.77255e-05
9 0.716166 0.99933 0.0863923 0.00133958 4.78187e-05
5 0.735632 0.156062 0.148313 0.111186 4.79318e-05
6 0.402299 0.550234 0.0207638 0.0368386 4.80149e-05
6 0.26993 0.569658 0.0222469 0.0421969 4.80183e-05
5 0.863552 0.976557 0.272896 0.0468855 4.8035e-05
7 0.44809 0.440723 0.00778643 0.0736772 4.80775e-05
6 0.262329 0.0184193 0.0841676 0.0368386 4.81975e-05
6 0.746756 0.534159 0.0185391 0.0314802 4.82008e-05
6 0.103819 0.439384 0.0533927 0.0750167 4.82467e-05
6 0.989062 0.455459 0.0166852 0.310784 4.83104e-05
6 0.316463 0.558607 0.0567297 0.0656397 4.83648e-05
6 0.435113 0.0348292 0.0856507 0.0696584 4.8467e-05
6 0.513534 0.497991 0.0311457 0.0609511 4.85527e-05
6 0.796811 0.534494 0.0163144 0.0308104 4.85593e-05
6 0.994994 0.0823845 0.0100111 0.164769 4.8643e-05
6 0.50482 0.939049 0.0441231 0.070998 4.87163e-05
5 0.848535 0.0087073 0.0893585 0.0174146 4.87286e-05
10 0.989062 0.909243 0.0144605 0.139987 4.87686e-05
6 0.629774 0.534159 0.0389321 0.0435365 4.88484e-05
6 0.364479 0.59645 0.0311457 0.0488948 4.88693e-05
9 0.517798 0.991962 0.0367075 0.016075 4.91162e-05
6 0.406377 0.517749 0.0229885 0.0348292 4.9118e-05
6 0.00964034 0.0301407 0.0192807 0.0602813 4.9418e-05
6 0.384316 0.989953 0.0292918 0.0200938 4.95464e-05
9 0.455877 0.987274 0.0367075 0.0254521 4.96787e-05
5 0.418428 0.00435365 0.16574 0.0087073 4.97636e-05
7 0.540971 0.430007 0.011865 0.0897522 4.99485e-05
5 0.3934 0.0435365 0.213571 0.087073 4.99745e-05
6 0.565072 0.524782 0.0185391 0.0301407 5.01325e-05
6 0.422321 0.848292 0.0444939 0.0797053 5.03502e-05
6 0.396737 0.972204 0.0237301 0.0328198 5.03582e-05
5 0.700964 0.125586 0.598072 0.251172 5.04056e-05
7 0.412866 0.441058 0.0359659 0.0944407 5.05863e-05
6 0.65406 0.0800402 0.0304042 0.0301407 5.05956e-05
7 0.557842 0.408573 0.0152021 0.135298 5.08037e-05
9 0.151465 1 0.0648869 0 5.0977e-05
6 0.396181 0.551239 0.059696 0.0509042 5.10087e-05
6 0.478309 0.536504 0.0177976 0.0455459 5.12197e-05
5 0.498331 0.173141 0.0526511 0.115874 5.13268e-05
7 0.441416 0.656731 0.0522803 0.115874 5.14825e-05
2 0.680015 0.40288 0.263255 0.13061 5.16018e-05
6 0.571561 0.488948 0.181313 0.0776959 5.16335e-05
6 0.367816 0.529806 0.0177976 0.0308104 5.16602e-05
6 0.996107 0.0398526 0.00778643 0.0716678 5.19634e-05
6 0.790693 0.561286 0.0352243 0.0455459 5.2052e-05
5 0.888951 0.254521 0.222099 0.267917 5.2335e-05
6 0.0491287 0.223376 0.0797182 0.0984595 5.24509e-05
9 0.188172 1 0.0678532 0 5.25475e-05
5 0.847979 0.0977897 0.304042 0.195579 5.25874e-05
6 0.647201 0.458808 0.126437 0.0857334 5.26655e-05
6 0.743789 0.562291 0.0415276 0.0488948 5.26678e-05
6 0.995736 0.517415 0.00852799 0.158741 5.27691e-05
5 0.558769 0.0304756 0.22766 0.0609511 5.27822e-05
6 0.0456062 0.212324 0.0912125 0.249163 5.29144e-05
9 0.899889 1 0.0652577 0 5.29372e-05
6 0.436967 0.0103818 0.0181683 0.0207636 5.29822e-05
6 0.505933 0.96651 0.037449 0.0442063 5.33034e-05
6 0.212273 0.558272 0.0448647 0.0569324 5.36767e-05
5 0.716537 0.124246 0.242862 0.165439 5.36884e-05
6 0.101965 0.35633 0.0949203 0.253182 5.37418e-05
6 0.654802 0.0726725 0.0222469 0.0207636 5.37983e-05
6 0.528179 0.592431 0.305895 0.209645 5.3997e-05
6 0.264368 0.0328198 0.0496848 0.0656397 5.41096e-05
6 0.00723026 0.0385131 0.00852799 0.0703282 5.41518e-05
6 0.956989 0.157066 0.0311457 0.035499 5.42235e-05
6 0.304598 0.114534 0.0226177 0.0187542 5.43637e-05
6 0.654616 0.989953 0.0500556 0.0200938 5.45024e-05
5 0.639785 0.92063 0.483129 0.158741 5.46754e-05
5 0.779014 0.255526 0.441973 0.511052 5.4704e-05
6 0.99036 0.982585 0.0148313 0.0348292 5.48609e-05
9 0.225992 1 0.0693363 0 5.48609e-05
9 0.908231 0.0110516 0.0226177 0.0221031 5.49098e-05
6 0.212829 0.558272 0.131999 0.148024 5.50462e-05
6 0.271598 0.166778 0.0448647 0.0308104 5.5047e-05
6 0.426956 0.494307 0.0181683 0.0348292 5.53859e-05
6 0.985725 0.937374 0.0285502 0.125251 5.54551e-05
6 0.553393 0.00569323 0.0226177 0.0113865 5.54655e-05
6 0.466444 0.465841 0.0207638 0.074347 5.56626e-05
6 0.781424 0.534829 0.0411568 0.0408573 5.5686e-05
6 0.99518 0.460817 0.00964034 0.147354 5.59254e-05
6 0.196329 0.944742 0.0582128 0.102478 5.595e-05
9 0.677234 0.998995 0.0863923 0.00200938 5.59882e-05
5 0.54505 0.970194 0.646644 0.0596115 5.61281e-05
7 0.510382 0.355325 0.0804598 0.0971199 5.63854e-05
6 0.0190953 0.00736772 0.0381906 0.0147354 5.66187e-05
6 0.169262 0.160415 0.0367075 0.0730074 5.66228e-05
6 0.619763 0.573342 0.059696 0.0656397 5.66767e-05
6 0.705599 0.0485599 0.0222469 0.019424 5.66962e-05
6 0.809418 0.539183 0.0326288 0.0415271 5.6729e-05
6 0.567297 0.563295 0.14238 0.0723376 5.6885e-05
6 0.381535 0.992967 0.0437523 0.0140656 5.68977e-05
6 0.165369 0.1785 0.0259548 0.174816 5.69592e-05
6 0.49518 0.492967 0.020393 0.0415271 5.70932e-05
6 0.589544 0.572338 0.0177976 0.0368386 5.71959e-05
6 0.375046 0.516745 0.0189099 0.035499 5.72198e-05
6 0.679459 0.0840589 0.0189099 0.0234427 5.72896e-05
6 0.568965 0.661755 0.059696 0.103148 5.73202e-05
6 0.673897 0.596785 0.0226177 0.0415271 5.74195e-05
6 0.307379 0.123577 0.0355951 0.0341594 5.75264e-05
6 0.0083426 0.019424 0.0166852 0.038848 5.78224e-05
5 0.49277 0.0177495 0.16092 0.035499 5.8134e-05
5 0.0806452 0.991628 0.16129 0.0167448 5.82607e-05
5 0.800148 0.896182 0.399703 0.116544 5.82631e-05
6 0.303115 0.569323 0.0470894 0.0616209 5.84164e-05
6 0.252503 0.552579 0.0207638 0.0334896 5.84318e-05
6 0.281053 0.157401 0.0533927 0.0455459 5.87791e-05
6 0.318317 0.994307 0.0389321 0.0113865 5.89048e-05
4 0.263626 0.64434 0.37449 0.298727 5.91483e-05
9 0.332221 0.990958 0.0274379 0.0180844 5.92284e-05
2 0.48109 0.362693 0.100482 0.125251 5.93351e-05
6 0.300334 0.122237 0.114943 0.083724 5.93795e-05
7 0.436225 0.429002 0.0159436 0.0810449 5.94942e-05
6 0.489062 0.0120563 0.0563589 0.0241125 5.95525e-05
6 0.392473 0.517415 0.0144605 0.0328198 5.99133e-05
6 0.293289 0.491962 0.188357 0.123912 6.01438e-05
6 0.798294 0.550569 0.0148313 0.03215 6.01996e-05
6 0.862996 0.41795 0.0129774 0.0281313 6.02435e-05
6 0.29366 0.993972 0.0422692 0.0120563 6.04449e-05
6 0.678346 0.570663 0.0218762 0.0415271 6.05617e-05
6 0.256396 0.993302 0.0478309 0.0133958 6.09591e-05
6 0.218947 0.555258 0.020393 0.0308104 6.09746e-05
6 0.215054 0.521098 0.0355951 0.048225 6.102e-05
6 0.855766 0.413932 0.011865 0.0267917 6.13414e-05
6 0.431034 0.03215 0.0270671 0.0643001 6.13614e-05
6 0.732295 0.567984 0.0207638 0.0415271 6.1541e-05
6 0.437894 0.0207636 0.0533927 0.0415271 6.16099e-05
6 0.380979 0.526457 0.0211346 0.0308104 6.18151e-05
6 0.603634 0.559277 0.0266963 0.038848 6.2702e-05
6 0.409158 0.973208 0.0396737 0.0375084 6.29712e-05
6 0.493511 0.650703 0.0363367 0.0703282 6.30476e-05
6 0.849277 0.0197589 0.0307749 0.0395177 6.31965e-05
6 0.671301 0.117883 0.0789766 0.0562626 6.33645e-05
6 0.918057 0.424983 0.0400445 0.0582719 6.35698e-05
6 0.959585 0.172472 0.0385614 0.035499 6.36733e-05
5 0.0943641 0.1142 0.188728 0.228399 6.38016e-05
6 0.420096 0.503684 0.0659993 0.0495646 6.40028e-05
6 0.691509 0.573342 0.0593252 0.0723376 6.41918e-05
6 0.556915 0.976892 0.0378198 0.0368386 6.43606e-05
6 0.341861 0.993972 0.0407861 0.0120563 6.43782e-05
6 0.302188 0.564635 0.0229885 0.0455459 6.44057e-05
6 0.255098 0.512056 0.0185391 0.0328198 6.45106e-05
9 0.0155729 0.977897 0.0311457 0.0442063 6.45489e-05
6 0.673341 0.0184193 0.0667408 0.0368386 6.46895e-05
6 0.345569 0.488279 0.0571005 0.0562626 6.48408e-05
7 0.523915 0.40355 0.0363367 0.105157 6.48901e-05
5 0.764739 0.0120563 0.159066 0.0241125 6.49484e-05
5 0.070634 0.0157401 0.139043 0.0314802 6.51193e-05
6 0.39099 0.470864 0.0448647 0.048225 6.53575e-05
6 0.643122 0.0740121 0.020393 0.0234427 6.54478e-05
6 0.00741565 0.190221 0.0103819 0.0656397 6.57124e-05
5 0.116426 0.978232 0.232851 0.0435365 6.58472e-05
6 0.279014 0.566979 0.0241009 0.0421969 6.58652e-05
6 0.369485 0.990958 0.0359659 0.0180844 6.62012e-05
9 0.443826 0.980911 0.0430108 0.0381782 6.64153e-05
6 0.618465 0.0123912 0.0949203 0.0247823 6.68131e-05
8 0.0917686 0.974548 0.0604375 0.0509042 6.68664e-05
6 0.236188 0.563965 0.259548 0.273275 6.69286e-05
9 0.95736 0.0120563 0.0467186 0.0241125 6.69517e-05
9 0.421209 0.991628 0.0934372 0.0167448 6.71544e-05
6 0.16574 0.17716 0.0177976 0.0462157 6.75493e-05
6 0.567853 0.0083724 0.0241009 0.0167448 6.76257e-05
6 0.304968 0.51708 0.0174268 0.0361688 6.77848e-05
6 0.306637 0.574347 0.0207638 0.0435365 6.79135e-05
6 0.996107 0.0770261 0.00778643 0.0910918 6.79232e-05
6 0.185391 0.53282 0.0192807 0.0341594 6.82356e-05
10 0.00889878 0.879437 0.011865 0.123242 6.86431e-05
9 0.341305 1 0.0723026 0 6.87579e-05
6 0.794587 0.994307 0.0444939 0.0113865 6.88269e-05
6 0.358361 0.00669792 0.0344828 0.0133958 6.88592e-05
6 0.372822 0.00569323 0.0307749 0.0113865 6.92282e-05
6 0.636263 0.588748 0.0378198 0.0495646 6.92699e-05
9 0.879125 0.00602813 0.0400445 0.0120563 6.93362e-05
6 0.429181 0.54789 0.0166852 0.0415271 6.95524e-05
6 0.375603 0.0117214 0.0430108 0.0234427 6.95619e-05
6 0.667964 0.993637 0.0530219 0.0127261 6.96009e-05
6 0.808306 0.925653 0.0897293 0.133958 6.97674e-05
5 0.283648 0.0381782 0.168335 0.0763563 6.98102e-05
6 0.378383 0.0200938 0.0752688 0.0401875 6.98716e-05
6 0.00704486 0.0144005 0.00889878 0.0288011 7.01782e-05
6 0.478309 0.00602813 0.0756396 0.0120563 7.01807e-05
6 0.935113 0.158741 0.111235 0.115204 7.06509e-05
6 0.29125 0.531145 0.0211346 0.0281313 7.15215e-05
6 0.45495 0.494307 0.0237301 0.0361688 7.15756e-05
6 0.542825 0.56363 0.0192807 0.0555928 7.16076e-05
3 0.150167 0.616544 0.300334 0.766912 7.22984e-05
9 0.46904 0.982251 0.0348535 0.035499 7.24085e-05
6 0.432888 0.974548 0.0478309 0.0361688 7.24664e-05
7 0.423619 0.430676 0.0166852 0.0776959 7.27184e-05
5 0.447349 0.897857 0.705599 0.204287 7.2766e-05
2 0.291991 0.395512 0.467557 0.197589 7.28431e-05
6 0.69429 0.487274 0.0774935 0.074347 7.29729e-05
5 0.938636 0.0167448 0.122729 0.0334896 7.30093e-05
0 0.994994 0.873409 0.0100111 0.155392 7.33375e-05
6 0.737115 0.531815 0.0229885 0.0348292 7.34008e-05
6 0.670745 0.0107167 0.0274379 0.0214334 7.45913e-05
5 0.855395 0.0244474 0.0926956 0.0488948 7.49318e-05
6 0.554876 0.496651 0.0152021 0.0301407 7.52599e-05
6 0.268632 0.00971199 0.0396737 0.019424 7.53441e-05
5 0.896181 0.931011 0.207638 0.137977 7.53977e-05
9 0.465332 0.992632 0.100111 0.0147354 7.5914e-05
6 0.991657 0.0800402 0.0107527 0.105157 7.62535e-05
6 0.348165 0.0107167 0.0370782 0.0214334 7.64212e-05
6 0.661847 0.613865 0.0281795 0.0421969 7.7369e-05
4 0.141824 0.674816 0.230997 0.361018 7.76131e-05
6 0.69188 0.569323 0.0430108 0.038848 7.78382e-05
6 0.291991 0.551239 0.0218762 0.0334896 7.79562e-05
9 0.0552466 0.965841 0.0326288 0.0683188 7.81825e-05
6 0.653319 0.542197 0.257323 0.165439 7.85746e-05
6 0.994624 0.974213 0.0107527 0.051574 7.85984e-05
6 0.624954 0.551574 0.132369 0.0864032 7.92652e-05
7 0.566741 0.427662 0.00852799 0.0890824 8.006e-05
7 0.471079 0.40422 0.0515387 0.117214 8.02411e-05
6 0.76789 0.993637 0.0496848 0.0127261 8.04423e-05
6 0.64238 0.992297 0.0522803 0.0154052 8.06284e-05
5 0.581572 0.973208 0.282907 0.0535834 8.0895e-05
6 0.20875 0.535834 0.0385614 0.038848 8.09261e-05
9 0.383945 0.996316 0.083426 0.00736772 8.16218e-05
6 0.326845 0.503014 0.0804598 0.0643001 8.21286e-05
6 0.357249 0.570998 0.0189099 0.0368386 8.21804e-05
9 0.105117 0.972539 0.210234 0.054923 8.23959e-05
6 0.806081 0.539183 0.0140897 0.03215 8.24192e-05
8 0.954765 0.991628 0.0889878 0.0167448 8.26251e-05
6 0.345198 0.582384 0.0237301 0.0395177 8.26346e-05
6 0.693548 0.993637 0.0500556 0.0127261 8.28561e-05
9 0.468298 0.991962 0.0296626 0.016075 8.29375e-05
6 0.191324 0.523778 0.0163144 0.0334896 8.33003e-05
6 0.280868 0.163094 0.123471 0.118553 8.36099e-05
6 0.430478 0.477562 0.0252132 0.038848 8.47116e-05
6 0.590471 0.972539 0.0329996 0.0334896 8.50406e-05
6 0.36244 0.58004 0.0196515 0.0361688 8.58459e-05
6 0.798109 0.596115 0.135336 0.152713 8.58642e-05
6 0.909715 0.19357 0.0367075 0.0267917 8.70164e-05
6 0.454208 0.463831 0.0148313 0.074347 8.71126e-05
6 0.00797182 0.00569323 0.0114943 0.0113865 8.74097e-05
6 0.604004 0.515405 0.0326288 0.0435365 8.87617e-05
5 0.639785 0.983255 0.295514 0.0334896 8.88567e-05
9 0.302558 1 0.0689655 0 8.88989e-05
6 0.289396 0.557937 0.187245 0.119223 8.97187e-05
6 0.765851 0.542867 0.0189099 0.0314802 8.97519e-05
6 0.435113 0.013061 0.0337412 0.0261219 9.03747e-05
5 0.286059 0.209645 0.162032 0.221031 9.13244e-05
6 0.440675 0.552914 0.0144605 0.0408573 9.14675e-05
6 0.74416 0.993972 0.0482017 0.0120563 9.15777e-05
6 0.587505 0.5 0.0129774 0.0395177 9.21916e-05
5 0.896923 0.150368 0.176492 0.275285 9.22253e-05
6 0.617167 0.979906 0.0485725 0.0401875 9.25535e-05
6 0.588617 0.640321 0.04264 0.0910918 9.2589e-05
7 0.556544 0.429002 0.00815721 0.090422 9.31375e-05
6 0.659993 0.578031 0.0674824 0.0669792 9.31539e-05
6 0.757323 0.543536 0.0174268 0.0328198 9.34781e-05
9 0.0839822 0.991628 0.0849092 0.0167448 9.34806e-05
9 0.844271 0.00435365 0.0318873 0.0087073 9.39581e-05
9 0.961995 0.0120563 0.0730441 0.0241125 9.41465e-05
5 0.813126 0.336571 0.373749 0.539183 9.43058e-05
6 0.5736 0.537508 0.0229885 0.0341594 9.46303e-05
6 0.613459 0.589752 0.0389321 0.0435365 9.47614e-05
6 0.777901 0.115204 0.0415276 0.0696584 9.47712e-05
6 0.804783 0.550904 0.0137189 0.035499 9.54474e-05
6 0.427512 0.0123912 0.0771227 0.0247823 9.59178e-05
6 0.765666 0.513731 0.0192807 0.0267917 9.62865e-05
9 0.646274 1 0.0852799 0 9.756e-05
6 0.00760104 0.070998 0.00852799 0.0924313 9.76382e-05
5 0.207082 0.0776959 0.414164 0.155392 9.77362e-05
6 0.00519095 0.169457 0.0103819 0.0616209 9.82601e-05
9 0.991287 0.971534 0.0174268 0.0569324 9.87809e-05
6 0.50964 0.481916 0.0263255 0.0395177 9.89595e-05
0 0.995365 0.924983 0.00926956 0.141996 0.000100547
6 0.305525 0.590757 0.0222469 0.0455459 0.000101025
9 0.266963 1 0.0645161 0 0.000101371
6 0.970894 0.173811 0.0470894 0.0689886 0.000101651
6 0.675751 0.618218 0.0166852 0.0455459 0.000101951
6 0.443641 0.522103 0.124954 0.0783657 0.000102038
6 0.731554 0.518084 0.0207638 0.0368386 0.000102101
6 0.718762 0.993972 0.0493141 0.0120563 0.000103207
6 0.610308 0.53215 0.0415276 0.0421969 0.000103765
6 0.26789 0.554923 0.0389321 0.0488948 0.00010425
6 0.542455 0.991293 0.0585836 0.0174146 0.000104287
6 0.729329 0.593101 0.0207638 0.0395177 0.000104694
9 0.550241 0.994977 0.315907 0.0100469 0.000104997
6 0.426029 0.00770261 0.0222469 0.0154052 0.0001058
5 0.895996 0.0532485 0.208009 0.106497 0.000105813
6 0.119577 0.359344 0.11383 0.134628 0.000107597
5 0.494253 0.00133958 0.154987 0.00267917 0.000108043
9 0.158509 1 0.0693363 0 0.00010825
8 0.992214 0.938044 0.0155729 0.110516 0.000108747
0 0.00500556 0.945412 0.00926956 0.0917616 0.000109013
6 0.698925 0.157401 0.0363367 0.0656397 0.000109871
5 0.887097 0.0184193 0.184279 0.0368386 0.000110463
2 0.45977 0.401875 0.430108 0.135298 0.00011062
6 0.991657 0.963831 0.0166852 0.0723376 0.000110839
6 0.261216 0.0154052 0.0485725 0.0308104 0.000110857
6 0.273823 0.172472 0.0641453 0.0488948 0.000110982
6 0.574156 0.972873 0.0945495 0.0542532 0.000111102
6 0.677049 0.105157 0.0266963 0.0750167 0.000111707
6 0.616611 0.562291 0.0259548 0.0381782 0.000112164
5 0.685577 0.0117214 0.169818 0.0234427 0.00011239
2 0.675751 0.421299 0.468298 0.207636 0.000112626
6 0.52855 0.986939 0.0515387 0.0261219 0.00011304
6 0.2868 0.536504 0.0396737 0.0348292 0.000113375
6 0.37449 0.578366 0.0200222 0.0368386 0.000113865
6 0.430849 0.0164099 0.017056 0.0328198 0.000115222
9 0.506674 0.978902 0.071561 0.0421969 0.00011527
9 0.192992 1 0.0678532 0 0.000115561
9 0.230256 1 0.0645161 0 0.00011669
6 0.440675 0.655392 0.0322581 0.0756865 0.000117007
6 0.388395 0.600134 0.0322581 0.0455459 0.000117397
6 0.627364 0.554253 0.0541342 0.0475553 0.000118037
9 0.503708 0.993302 0.0893585 0.0133958 0.000118423
6 0.318873 0.521098 0.0215054 0.038848 0.000118641
2 0.26066 0.406564 0.203189 0.158071 0.000118733
6 0.202076 0.550904 0.0229885 0.0368386 0.000120138
9 0.31498 0.98359 0.216166 0.0328198 0.000120807
6 0.28921 0.555258 0.0407861 0.0428667 0.00012109
6 0.301261 0.535499 0.0196515 0.0341594 0.000122003
6 0.00685947 0.123577 0.0129774 0.146685 0.000122609
6 0.649055 0.557602 0.0478309 0.0488948 0.000123672
6 0.662773 0.103483 0.0211346 0.0180844 0.000124469
5 0.751947 0.0763563 0.496107 0.152713 0.000124663
6 0.670745 0.608841 0.0304042 0.0455459 0.000125279
5 0.220986 0.903215 0.441973 0.154722 0.000126432
5 0.574156 0.0150703 0.2703 0.0301407 0.000126763
8 0.0923248 0.991628 0.0593252 0.0167448 0.000128148
6 0.467927 0.534159 0.0192807 0.0462157 0.000128837
5 0.367075 0.0177495 0.193548 0.035499 0.000130306
9 0.358732 0.989618 0.0611791 0.0207636 0.000130322
6 0.701335 0.546551 0.0530219 0.0589417 0.000130391
6 0.662588 0.111186 0.028921 0.0281313 0.000130696
6 0.425102 0.976222 0.0782351 0.0475553 0.000130925
6 0.403226 0.534829 0.025584 0.0341594 0.000132407
6 0.519095 0.489618 0.0259548 0.0348292 0.00013344
6 0.579718 0.976892 0.0418984 0.0368386 0.000134226
6 0.589729 0.571668 0.04264 0.0502344 0.000134291
6 0.465332 0.653048 0.0400445 0.0884126 0.000134401
6 0.99277 0.132619 0.0122358 0.204956 0.000134635
6 0.43122 0.502009 0.0148313 0.035499 0.000135897
6 0.534297 0.474548 0.00815721 0.0636303 0.000136273
6 0.194475 0.548895 0.020393 0.0395177 0.000137518
5 0.449574 0.0478902 0.74861 0.0957803 0.000137709
5 0.186318 0.250837 0.372636 0.430676 0.000137934
6 0.712644 0.53148 0.0229885 0.035499 0.00013796
6 0.248795 0.518754 0.146088 0.109176 0.000138034
6 0.59251 0.53215 0.034112 0.035499 0.000138176
6 0.4099 0.560616 0.0515387 0.0401875 0.000138229
6 0.515202 0.607502 0.0337412 0.0776959 0.00013866
6 0.00482017 0.126591 0.00964034 0.0723376 0.000139192
5 0.484613 0.210985 0.0467186 0.12994 0.000139602
6 0.193363 0.533825 0.0189099 0.0334896 0.000140232
6 0.392659 0.528466 0.0192807 0.0254521 0.000140336
6 0.00482017 0.0770261 0.00964034 0.0857334 0.000140531
9 0.517983 0.991293 0.0571005 0.0174146 0.000141091
9 0.284205 0.988948 0.0530219 0.0221031 0.000141547
5 0.827586 0.8858 0.344828 0.228399 0.000142164
6 0.588802 0.588748 0.0348535 0.0428667 0.000142426
6 0.987023 0.318821 0.0259548 0.159411 0.000142686
9 0.121802 0.99866 0.0767519 0.00267917 0.000142781
6 0.232481 0.54789 0.0244716 0.0334896 0.000142854
6 0.555803 0.640991 0.0355951 0.0776959 0.000143049
6 0.554134 0.537843 0.0263255 0.0375084 0.000144729
6 0.514831 0.510047 0.0218762 0.035499 0.000145693
5 0.505376 0.953449 0.575454 0.0931011 0.000145872
6 0.729514 0.499665 0.225065 0.124581 0.000147253
6 0.571005 0.575352 0.0622914 0.0643001 0.000147283
6 0.53059 0.536169 0.0207638 0.0448761 0.000148605
6 0.849092 0.00770261 0.0177976 0.0154052 0.000150356
9 0.573044 0.988279 0.115313 0.0234427 0.000151145
6 0.306637 0.550569 0.0207638 0.0361688 0.000151449
6 0.00723026 0.144675 0.00926956 0.0763563 0.000151461
6 0.343901 0.522103 0.0241009 0.0381782 0.000152087
6 0.917686 0.182853 0.0304042 0.0267917 0.000153177
0 0.993882 0.885131 0.0122358 0.229739 0.000153658
6 0.452725 0.62927 0.0444939 0.0890824 0.000153768
6 0.992399 0.132284 0.0107527 0.101139 0.00015495
6 0.612718 0.492967 0.0582128 0.0468855 0.000154957
6 0.6637 0.120898 0.0259548 0.0261219 0.000155968
6 0.384316 0.502009 0.0315165 0.0314802 0.000158693
5 0.489433 0.280308 0.467927 0.261889 0.000159064
6 0.416203 0.598125 0.0322581 0.0455459 0.000159595
9 0.441046 0.986604 0.0500556 0.0267917 0.000160276
9 0.419911 0.985934 0.192436 0.0281313 0.000160595
6 0.251947 0.493302 0.0218762 0.0408573 0.000161331
4 0.750278 0.736437 0.499444 0.38781 0.000164883
6 0.563033 0.592766 0.0367075 0.0468855 0.000164974
6 0.308676 0.530141 0.0196515 0.0314802 0.000166705
6 0.57842 0.562961 0.017056 0.035499 0.000167597
9 0.430849 0.990288 0.0519095 0.019424 0.000168149
6 0.305154 0.505023 0.0548758 0.0535834 0.000169298
5 0.261031 0.0207636 0.144605 0.0415271 0.000171566
6 0.52373 0.496651 0.0144605 0.0328198 0.000172611
7 0.521691 0.387475 0.063033 0.119893 0.000173244
6 0.994809 0.175486 0.0103819 0.0643001 0.000174236
9 0.0571005 0.979906 0.0311457 0.0227729 0.000174251
6 0.725806 0.557937 0.3363 0.233088 0.000175103
6 0.228031 0.53081 0.0237301 0.035499 0.000175341
9 0.456062 0.991628 0.0496848 0.0167448 0.000175541
4 0.503152 0.833892 0.941787 0.231748 0.000176356
6 0.343715 0.557937 0.141639 0.0857334 0.000177053
6 0.252132 0.524782 0.0229885 0.0274615 0.000180723
6 0.733593 0.555258 0.0656285 0.0763563 0.00018088
6 0.46459 0.529136 0.281795 0.125921 0.000181025
6 0.54264 0.534159 0.0241009 0.0408573 0.000181783
6 0.539674 0.59779 0.0322581 0.0529136 0.000183346
6 0.241379 0.545211 0.0229885 0.0334896 0.000184266
9 0.0710048 0.991293 0.0485725 0.0174146 0.000185178
6 0.24175 0.503349 0.0571005 0.0756865 0.000185412
6 0.272896 0.557937 0.0215054 0.038848 0.000191201
6 0.347608 0.502344 0.0381906 0.0375084 0.000191736
6 0.723026 0.578366 0.0177976 0.0381782 0.000191847
6 0.649425 0.58205 0.0292918 0.0455459 0.000194826
6 0.44568 0.50067 0.0548758 0.0475553 0.000196227
6 0.267334 0.521768 0.0192807 0.0294709 0.000197726
6 0.390063 0.539183 0.0281795 0.0334896 0.000198447
6 0.316092 0.587408 0.0241009 0.0442063 0.000199966
0 0.989989 0.867381 0.0163144 0.265238 0.000200707
6 0.676122 0.100469 0.020393 0.0227729 0.000200888
6 0.626251 0.989283 0.045977 0.0214334 0.000201143
6 0.636633 0.556597 0.0400445 0.0308104 0.000202116
6 0.591027 0.978232 0.0489433 0.0435365 0.000203896
4 0.5 0.744809 1 0.277294 0.000203966
6 0.374861 0.544876 0.0222469 0.0328198 0.000205429
6 0.585651 0.511052 0.0196515 0.0401875 0.000205498
9 0.975899 0.980911 0.0482017 0.0381782 0.000208301
6 0.258621 0.516075 0.0723026 0.090422 0.000212286
6 0.235261 0.534829 0.0233593 0.0314802 0.000213783
5 0.507045 0.141996 0.824249 0.283992 0.000214049
6 0.569151 0.977562 0.0467186 0.0448761 0.000216889
5 0.697627 0.193905 0.400816 0.334226 0.000218218
6 0.988877 0.1286 0.0222469 0.103148 0.000221164
5 0.474231 0.0475553 0.427141 0.0951105 0.000223182
9 0.395439 0.987944 0.0411568 0.0241125 0.000224846
9 0.058769 0.988948 0.116796 0.0221031 0.000225747
6 0.27512 0.529471 0.0215054 0.0368386 0.000226319
4 0.281053 0.812793 0.562106 0.315472 0.000227103
5 0.825361 0.206296 0.349277 0.35633 0.000233117
9 0.503708 0.987609 0.0433815 0.0247823 0.000233128
0 0.004264 0.895177 0.00852799 0.12927 0.0002359
6 0.660549 0.593436 0.025584 0.0428667 0.000237934
3 0.532814 0.441058 0.874305 0.330208 0.000241443
6 0.987579 0.202277 0.0248424 0.143336 0.000243125
6 0.362069 0.543871 0.0189099 0.03215 0.000246225
6 0.23007 0.518754 0.0463478 0.0716678 0.000249865
9 0.482017 0.987274 0.0385614 0.0254521 0.000251116
6 0.200593 0.53349 0.0215054 0.0288011 0.000256437
6 0.303115 0.539853 0.0574713 0.0442063 0.000258915
3 0.0856507 0.609511 0.171301 0.758205 0.000261643
6 0.359103 0.557602 0.0211346 0.0328198 0.000261645
6 0.491287 0.508372 0.0177976 0.0361688 0.000264814
9 0.0253986 0.979571 0.0507972 0.0408573 0.000270075
6 0.555247 0.985934 0.0470894 0.0281313 0.000270747
6 0.655914 0.570663 0.028921 0.0455459 0.000271172
6 0.272896 0.510717 0.0548758 0.0502344 0.000271257
9 0.492584 0.990958 0.0463478 0.0180844 0.000272849
6 0.327772 0.58205 0.0229885 0.0428667 0.000273792
6 0.581943 0.535834 0.0500556 0.0495646 0.000275428
6 0.531887 0.472873 0.00778643 0.0415271 0.000275555
6 0.326103 0.509712 0.0367075 0.0415271 0.000281622
9 0.418613 0.985934 0.0541342 0.0281313 0.000281785
6 0.761216 0.534494 0.0192807 0.0281313 0.000282869
8 0.0830552 0.883121 0.152021 0.146685 0.000283578
9 0.00593252 0.992632 0.011865 0.0147354 0.00028446
6 0.986466 0.254186 0.0270671 0.134628 0.000287735
9 0.869485 0.0187542 0.0393029 0.0375084 0.000288299
8 0.921209 0.893168 0.149425 0.19491 0.000290958
6 0.424175 0.513061 0.0163144 0.0348292 0.000294628
6 0.250278 0.504019 0.0437523 0.0448761 0.000306538
6 0.604004 0.986939 0.0533927 0.0261219 0.000309838
6 0.420653 0.525452 0.0189099 0.0328198 0.000310063
6 0.5571 0.563965 0.0344828 0.0535834 0.000316948
6 0.593808 0.502344 0.0248424 0.0308104 0.000323288
6 0.72043 0.528466 0.0215054 0.0334896 0.000330297
6 0.00982573 0.960147 0.0100111 0.0756865 0.000339596
6 0.581757 0.542197 0.0296626 0.0395177 0.000350128
9 0.870041 0.0164099 0.0589544 0.0328198 0.000351553
3 0.834631 0.570663 0.330738 0.647019 0.000353667
9 0.40545 0.991293 0.0470894 0.0174146 0.000367744
6 0.365962 0.559946 0.0177976 0.0294709 0.00036924
6 0.53541 0.485599 0.0296626 0.0522438 0.000378808
6 0.478865 0.510047 0.0189099 0.0408573 0.000380815
9 0.965332 0.986604 0.0589544 0.0267917 0.000393262
6 0.579904 0.985265 0.0482017 0.0294709 0.000397828
5 0.2132 0.873409 0.4264 0.253182 0.000399167
6 0.614016 0.552579 0.0400445 0.0334896 0.000399421
6 0.335373 0.550234 0.0656285 0.0622907 0.00040042
6 0.428995 0.527127 0.0378198 0.0361688 0.000400467
7 0.472191 0.648359 0.0960326 0.119223 0.000408052
6 0.569522 0.511721 0.0207638 0.038848 0.000411294
6 0.00908417 0.945412 0.0122358 0.109176 0.000415707
6 0.674639 0.123242 0.0285502 0.0267917 0.000420158
7 0.479607 0.666443 0.0433815 0.148694 0.000427191
6 0.470152 0.495646 0.0311457 0.038848 0.000428569
6 0.439748 0.530476 0.0215054 0.0294709 0.000430245
3 0.216537 0.594441 0.433074 0.624916 0.000436454
9 0.96218 0.977897 0.0281795 0.0375084 0.00044038
6 0.756581 0.536839 0.0841676 0.115874 0.000459438
8 0.114572 0.896852 0.229143 0.206296 0.000477141
6 0.733964 0.508707 0.0441231 0.0622907 0.000477484
6 0.339266 0.563295 0.0259548 0.0401875 0.000478689
6 0.450501 0.526122 0.0215054 0.0381782 0.000486526
0 0.00871339 0.880107 0.0129774 0.239786 0.000487972
6 0.702633 0.161085 0.0318873 0.0314802 0.000489676
5 0.474972 0.00937709 0.304042 0.0187542 0.000502992
6 0.413793 0.549565 0.0333704 0.0368386 0.000503451
6 0.639229 0.572338 0.0385614 0.0475553 0.000505105
5 0.515944 0.979906 0.31776 0.0401875 0.000505261
6 0.441416 0.600804 0.0315165 0.048225 0.000508617
9 0.309603 0.990623 0.0482017 0.0187542 0.000509024
6 0.380052 0.552579 0.0296626 0.03215 0.000509775
6 0.369855 0.562626 0.0307749 0.038848 0.000511155
6 0.536707 0.54789 0.546162 0.320161 0.000520275
6 0.00574713 0.972204 0.0114943 0.0555928 0.000531396
5 0.302744 0.232418 0.383018 0.28935 0.000534979
6 0.419911 0.503684 0.0329996 0.03215 0.000567647
9 0.959214 0.987609 0.0378198 0.0247823 0.000576608
5 0.500742 0.206631 0.0745273 0.180174 0.000584052
9 0.33185 0.990288 0.0437523 0.019424 0.000597552
6 0.590285 0.556263 0.0348535 0.0328198 0.000606514
9 0.0380052 0.987609 0.0559881 0.0247823 0.000642645
6 0.55469 0.509042 0.0237301 0.0375084 0.000654662
6 0.564145 0.504689 0.0248424 0.0301407 0.000664779
6 0.523359 0.514735 0.0278087 0.0381782 0.000667676
6 0.553022 0.523443 0.0278087 0.0381782 0.000678438
6 0.471635 0.606162 0.0415276 0.0857334 0.000700002
6 0.248053 0.533155 0.0207638 0.0348292 0.000708674
6 0.491287 0.561621 0.0370782 0.0435365 0.000722028
9 0.86726 0.00803751 0.0355951 0.016075 0.000748714
6 0.575083 0.497321 0.0333704 0.0395177 0.000751509
6 0.517612 0.555258 0.0348535 0.0428667 0.000761005
9 0.96218 0.958138 0.0430108 0.083724 0.000779403
6 0.538561 0.552244 0.0352243 0.0408573 0.000789398
6 0.669448 0.109846 0.037449 0.0468855 0.000795414
7 0.499073 0.401206 0.0771227 0.0977897 0.000862271
6 0.500742 0.603818 0.0359659 0.0944407 0.000915662
6 0.33908 0.541527 0.0233593 0.0341594 0.000946877
6 0.32221 0.562961 0.0222469 0.0435365 0.00103249
6 0.233593 0.494307 0.0281795 0.0468855 0.00104153
6 0.474416 0.576691 0.0404153 0.0830543 0.0010693
6 0.670189 0.114534 0.020393 0.0174146 0.00110118
4 0.523359 0.648024 0.45495 0.263228 0.0011154
6 0.53096 0.507033 0.0200222 0.0308104 0.00113069
9 0.0676678 0.965506 0.0307749 0.0689886 0.00113959
5 0.504079 0.0234427 0.551353 0.0468855 0.00116275
6 0.466073 0.554588 0.0318873 0.0361688 0.0011958
6 0.538376 0.53349 0.0519095 0.0555928 0.00123467
6 0.567112 0.557602 0.0359659 0.035499 0.00126464
6 0.526511 0.577026 0.0326288 0.0689886 0.00132069
6 0.432147 0.526457 0.0211346 0.0281313 0.00133899
5 0.504079 0.987274 0.561735 0.0254521 0.00139698
5 0.525028 0.940054 0.82462 0.119893 0.00140615
9 0.06637 0.986939 0.034112 0.0261219 0.0014125
6 0.44086 0.546551 0.0296626 0.0361688 0.00145009
6 0.531331 0.587408 0.0585836 0.0803751 0.00148428
6 0.754727 0.530141 0.0559881 0.0649699 0.00155718
6 0.534483 0.523108 0.0270671 0.038848 0.00157562
8 0.0296626 0.989953 0.0571005 0.0200938 0.00160398
6 0.246941 0.517415 0.0229885 0.0381782 0.00162719
8 0.0339266 0.965841 0.0656285 0.0683188 0.00165048
5 0.496663 0.0763563 0.632184 0.152713 0.00167892
6 0.433074 0.514401 0.0207638 0.0334896 0.0016901
6 0.441046 0.514066 0.025584 0.0381782 0.00182653
6 0.499815 0.531145 0.0333704 0.0428667 0.00201469
6 0.500556 0.619558 0.0667408 0.0924313 0.00207919
6 0.526882 0.662425 0.0734149 0.108506 0.00212515
6 0.460697 0.510382 0.020393 0.0401875 0.00233773
6 0.494624 0.652043 0.0875046 0.0810449 0.00236262
6 0.537634 0.504354 0.0177976 0.03215 0.00239115
6 0.327586 0.546551 0.0248424 0.0334896 0.00256288
6 0.260845 0.520094 0.0389321 0.0435365 0.00258612
6 0.237857 0.510047 0.0285502 0.0408573 0.00303192
6 0.324435 0.535164 0.0237301 0.0348292 0.00343398
6 0.333704 0.553583 0.0326288 0.0328198 0.00378317
6 0.271413 0.51641 0.0348535 0.0334896 0.00446335
6 0.46218 0.520094 0.0352243 0.0381782 0.00521604
6 0.446607 0.503014 0.0263255 0.0334896 0.00658448
6 0.53578 0.497656 0.0126066 0.0254521 0.00772272
6 0.757508 0.534494 0.0333704 0.0428667 0.0272886
4 0.501483 0.653382 0.817575 0.332887 0.737627
3 0.508343 0.607167 0.983315 0.628935 0.795723
5 0.499629 0.202612 0.648498 0.326189 0.878209
2 0.497775 0.367381 0.6396 0.206966 0.885993
