6 0.976649 0.0245461 0.028169 0.0490921 1.75289e-05
6 0.831171 0.361802 0.0478132 0.0847344 1.75628e-05
6 0.349703 0.0696032 0.168643 0.139206 1.75907e-05
6 0.329874 0.989576 0.0296516 0.0208473 1.76287e-05
6 0.207191 0.37727 0.185322 0.347007 1.76294e-05
10 0.953484 0.872562 0.0463306 0.209146 1.76341e-05
6 0.492216 0.968056 0.0252039 0.0464022 1.77054e-05
7 0.477205 0.363147 0.0381764 0.149294 1.77073e-05
9 0.2298 1 0.0630096 0 1.77389e-05
6 0.465345 0.00268998 0.0515196 0.00537996 1.77405e-05
6 0.0270571 0.0854069 0.0541142 0.166779 1.77883e-05
4 0.736842 0.742098 0.526316 0.515804 1.77979e-05
6 0.389362 0.930397 0.0359526 0.0585071 1.78021e-05
6 0.923462 0.840955 0.0633803 0.117687 1.78268e-05
6 0.556894 0.00100874 0.0500371 0.00201748 1.78624e-05
9 0.992031 0.977135 0.0159377 0.0457297 1.78679e-05
6 0.341549 0.989913 0.0277984 0.0201748 1.78694e-05
6 0.628428 0.125084 0.156042 0.165434 1.79457e-05
6 0.901964 0.0289173 0.0922906 0.0578346 1.79754e-05
6 0.270941 0.941157 0.0452187 0.0934768 1.79778e-05
6 0.496664 0.989913 0.0481838 0.0201748 1.80181e-05
6 0.582098 0 0.0418829 0 1.80561e-05
6 0.40493 0 0.0300222 0 1.80577e-05
6 0.988695 0.519166 0.0189029 0.0941493 1.81717e-05
6 0.258154 0.0648958 0.0833951 0.109617 1.82e-05
5 0.691253 0.197377 0.139362 0.178211 1.8223e-05
6 0.590623 0.534634 0.0307635 0.0457297 1.82285e-05
6 0.870645 0.0121049 0.0437361 0.0242098 1.8277e-05
6 0.278725 0.98924 0.0266864 0.0215198 1.83056e-05
6 0.523351 0.959314 0.0452187 0.0423672 1.83057e-05
6 0.986286 0.212845 0.0274277 0.218561 1.83558e-05
6 0.831913 0.00806994 0.0611564 0.0161399 1.84208e-05
6 0.532246 0 0.0407709 0 1.84457e-05
6 0.670867 0.00840619 0.0266864 0.0168124 1.84783e-05
9 0.625093 0.979825 0.10934 0.0403497 1.84962e-05
6 0.329689 0.971419 0.0189029 0.0383322 1.85573e-05
6 0.626946 0.490585 0.136768 0.141896 1.85586e-05
6 0.220534 0.44082 0.0667161 0.0907868 1.85847e-05
6 0.717198 0.0258911 0.0681987 0.0517821 1.86216e-05
6 0.600259 0.0154674 0.0174203 0.0215198 1.86364e-05
6 0.775204 0.486214 0.0337287 0.0591796 1.86705e-05
6 0.317087 0.906187 0.0648629 0.187626 1.86751e-05
6 0.308191 0.942502 0.0411416 0.0840619 1.86862e-05
4 0.987769 0.610289 0.0244626 0.475454 1.87279e-05
6 0.146034 0.3154 0.0548554 0.104909 1.87558e-05
6 0.00833951 0.0981843 0.0137139 0.195024 1.87786e-05
6 0.45682 0.0174849 0.0522609 0.0349697 1.88208e-05
6 0.658636 0.0215198 0.0578206 0.0430397 1.8841e-05
6 0.184211 0.357431 0.0607858 0.160726 1.88437e-05
6 0.342476 0.0191661 0.0593032 0.0383322 1.89563e-05
6 0.208117 0.0282448 0.067828 0.0564896 1.89795e-05
6 0.657709 0 0.0359526 0 1.90031e-05
6 0.277057 0.0437122 0.0307635 0.0511096 1.90312e-05
6 0.776316 0.403497 0.039659 0.0645595 1.90411e-05
6 0.00555967 0.514459 0.0111193 0.115669 1.90929e-05
6 0.592476 0 0.0285397 0 1.91509e-05
6 0.121201 0.00168124 0.0481838 0.00336247 1.91608e-05
6 0.277057 0.0423672 0.0151964 0.0282448 1.91727e-05
9 0.0518903 1 0.0681987 0 1.92212e-05
6 0.495738 0.0114324 0.0196442 0.0215198 1.92235e-05
6 0.519088 0.00605245 0.0455893 0.0121049 1.92252e-05
6 0.620645 0.0342972 0.0463306 0.0578346 1.9233e-05
6 0.462936 0.0235373 0.0652335 0.0470746 1.92589e-05
6 0.388621 0 0.0507784 0 1.9308e-05
6 0.464603 0.970074 0.0211268 0.0437122 1.93142e-05
6 0.648629 0 0.0378058 0 1.93336e-05
6 0.464789 0.471419 0.0170497 0.0484196 1.93702e-05
4 0.012046 0.637525 0.0240919 0.299933 1.93731e-05
6 0.542624 0.568258 0.028169 0.0766644 1.93776e-05
0 0.00481838 0.85844 0.00963677 0.125757 1.93787e-05
10 0.905671 0.892737 0.0218681 0.197041 1.94221e-05
6 0.614715 0.452925 0.0381764 0.0517821 1.94287e-05
6 0.291512 0.0615333 0.0337287 0.0840619 1.94512e-05
7 0.385285 0.359785 0.110082 0.160054 1.94617e-05
6 0.396219 0.408204 0.0555967 0.0968393 1.94824e-05
9 0.30467 1 0.0637509 0 1.95022e-05
6 0.993143 0.164425 0.0137139 0.148621 1.95059e-05
6 0.655856 0.00739744 0.0522609 0.0147949 1.95162e-05
5 0.923091 0.851042 0.153818 0.100202 1.95492e-05
6 0.406042 0.032616 0.0189029 0.0396772 1.95804e-05
6 0.315789 0.561197 0.0681987 0.110962 1.96379e-05
6 0.506672 0.106254 0.0437361 0.184264 1.96414e-05
6 0.0570793 0.338265 0.0474426 0.129119 1.96496e-05
6 0.42235 0.586079 0.0300222 0.0934768 1.96565e-05
6 0.32209 0.0622058 0.0570793 0.0867518 1.96604e-05
6 0.758525 0.55918 0.12046 0.254876 1.96926e-05
6 0.987954 0.311365 0.0159377 0.134499 1.97149e-05
5 0.502224 0.1577 0.0392884 0.127102 1.9739e-05
6 0.848777 0.335911 0.116383 0.183591 1.97554e-05
6 0.495552 0.0174849 0.0326168 0.0349697 1.98466e-05
6 0.219607 0.489913 0.0329874 0.0544721 1.98466e-05
6 0.147331 0.910222 0.090808 0.156691 1.98921e-05
6 0.987583 0.207465 0.0248332 0.244116 1.99721e-05
6 0.994255 0.218897 0.01149 0.170141 2.00589e-05
6 0.565789 0.486886 0.0196442 0.0363147 2.00679e-05
6 0.425871 0.412912 0.0400297 0.0901143 2.01051e-05
6 0.145849 0.360794 0.05745 0.102892 2.01352e-05
9 0.98295 1 0.0340993 0 2.01782e-05
9 0.154003 1 0.0604151 0 2.01954e-05
7 0.0828391 0.1846 0.0463306 0.114997 2.0221e-05
4 0.664566 0.635508 0.670867 0.595831 2.02636e-05
6 0.764455 0.432414 0.0233506 0.0484196 2.03707e-05
7 0.511119 0.377942 0.0140845 0.104909 2.04256e-05
5 0.157339 0.036651 0.314678 0.0733019 2.04423e-05
6 0.10897 0.0205111 0.0644922 0.0410222 2.04717e-05
4 0.98536 0.809348 0.0181616 0.197041 2.04847e-05
6 0.432543 0.0948218 0.0133432 0.0712845 2.04852e-05
6 0.987027 0.338601 0.0259451 0.170141 2.04944e-05
6 0.592476 0.982515 0.0381764 0.0349697 2.05014e-05
6 0.856746 0.00840619 0.0633803 0.0168124 2.05474e-05
6 0.437546 0.0995293 0.0144552 0.0672495 2.05672e-05
6 0.0750556 0.28043 0.0537435 0.150639 2.05779e-05
6 0.134173 0.944183 0.0555967 0.0901143 2.06348e-05
6 0.12917 0.493611 0.0811712 0.244788 2.06638e-05
9 0.0100074 0.00302623 0.0140845 0.00605245 2.06937e-05
7 0.523907 0.351379 0.0211268 0.180901 2.0735e-05
6 0.466457 0.029926 0.016679 0.0369872 2.07804e-05
6 0.442735 0.0420309 0.0404003 0.0840619 2.08529e-05
7 0.556709 0.37727 0.0222387 0.115669 2.08742e-05
5 0.753336 0.244788 0.493328 0.489576 2.09289e-05
6 0.729429 0.916611 0.0496664 0.166779 2.09388e-05
6 0.12954 0.0578346 0.0663454 0.0726295 2.09541e-05
6 0.00537435 0.933423 0.0107487 0.103564 2.10387e-05
6 0.390104 0 0.0374351 0 2.10729e-05
6 0.504818 0.00672495 0.0185322 0.0134499 2.11182e-05
6 0.477947 0.969738 0.0196442 0.0430397 2.11828e-05
2 0.442735 0.932414 0.885471 0.135171 2.11975e-05
7 0.524648 0.376933 0.0107487 0.106927 2.12026e-05
6 0.356931 0.0131137 0.0400297 0.0262273 2.12118e-05
6 0.316345 0.524546 0.0277984 0.0443847 2.12622e-05
6 0.521127 0.0188299 0.0533729 0.0376597 2.12915e-05
6 0.499073 0.56456 0.0300222 0.066577 2.12923e-05
6 0.330986 0.51614 0.0340993 0.0504371 2.13034e-05
6 0.376205 0.543712 0.0274277 0.065232 2.13309e-05
6 0.643069 0.929724 0.0340993 0.065232 2.13994e-05
4 0.0127872 0.596839 0.0255745 0.410894 2.14093e-05
4 0.123054 0.61466 0.246108 0.429052 2.14298e-05
6 0.99444 0.0161399 0.0111193 0.0322798 2.15043e-05
6 0.104522 0.070612 0.0674574 0.0632145 2.15321e-05
6 0.553929 0.0329523 0.0174203 0.0659045 2.15701e-05
6 0.87954 0.0198386 0.0607858 0.0396772 2.15823e-05
6 0.478688 0.466375 0.0174203 0.0477471 2.16024e-05
9 0.0544848 0.97041 0.028169 0.0309348 2.16222e-05
6 0.563936 0.0776732 0.0226093 0.0773369 2.16323e-05
6 0.446442 0.934432 0.0359526 0.0558171 2.16438e-05
6 0.531505 0 0.0289103 0 2.16711e-05
6 0.619533 0.568595 0.0611564 0.066577 2.17557e-05
6 0.209785 0.442502 0.0192735 0.0484196 2.17701e-05
4 0.740363 0.715198 0.399185 0.39341 2.18356e-05
6 0.0513343 0.549765 0.0848777 0.327505 2.1858e-05
6 0.482394 0.0174849 0.0248332 0.0349697 2.18841e-05
9 0.191438 1 0.0596738 0 2.19371e-05
6 0.219792 0.477471 0.084507 0.129119 2.20108e-05
6 0.466457 0.387357 0.0441067 0.0820444 2.20629e-05
6 0.577835 0.968393 0.0348406 0.0403497 2.20964e-05
6 0.671053 0.0161399 0.0441067 0.0322798 2.22925e-05
9 0.00759822 0.00537996 0.0151964 0.0107599 2.23975e-05
6 0.49129 0.984869 0.0292809 0.0302623 2.24077e-05
6 0.110823 0.878951 0.0674574 0.133154 2.24666e-05
6 0.00518903 0.582044 0.0103781 0.117687 2.25454e-05
6 0.613603 0.593477 0.0352113 0.0517821 2.2608e-05
6 0.211268 0.46503 0.0214974 0.0504371 2.26116e-05
6 0.479615 0.00874243 0.033358 0.0174849 2.26719e-05
6 0.445701 0.0238736 0.0285397 0.0342972 2.26827e-05
6 0.116568 0.410558 0.0782061 0.254876 2.26845e-05
10 0.0422535 0.902152 0.0674574 0.195696 2.2761e-05
9 0.683284 0.997646 0.0811712 0.00470746 2.28176e-05
6 0.361008 0.447545 0.0266864 0.0450572 2.28753e-05
6 0.534841 0.498655 0.123054 0.0880968 2.29026e-05
6 0.167902 0.0154674 0.0348406 0.0309348 2.29394e-05
6 0.504633 0.0134499 0.0315048 0.0268998 2.29432e-05
6 0.416976 0.0302623 0.0340993 0.0605245 2.29897e-05
6 0.754818 0.974109 0.0329874 0.0517821 2.30027e-05
5 0.742772 0.0413584 0.121572 0.0827169 2.3046e-05
6 0.268903 0.498319 0.0300222 0.0726295 2.32981e-05
6 0.478688 0.000336247 0.0174203 0.000672495 2.33087e-05
6 0.0537435 0.0763282 0.107487 0.0880968 2.33576e-05
6 0.554299 0 0.0181616 0 2.34086e-05
9 0.0213121 0.95696 0.0426242 0.0860794 2.34312e-05
6 0.441994 0.961668 0.0366938 0.0766644 2.34485e-05
9 0.0859896 1 0.0570793 0 2.35534e-05
6 0.369718 0.00504371 0.016679 0.0100874 2.35813e-05
6 0.373981 0 0.0385471 0 2.36517e-05
5 0.213491 0.00941493 0.115641 0.0188299 2.36676e-05
6 0.317828 0.00975118 0.0715345 0.0195024 2.37261e-05
6 0.573388 0.492603 0.0185322 0.0410222 2.38081e-05
6 0.457376 0.0124412 0.0185322 0.0221923 2.38515e-05
6 0.576909 0.963349 0.0389177 0.0733019 2.39391e-05
6 0.765752 0.497646 0.0274277 0.0497646 2.39695e-05
6 0.704411 0.921654 0.0485545 0.156691 2.3981e-05
6 0.51149 0.971755 0.0607858 0.0564896 2.39827e-05
6 0.858414 0.291527 0.0533729 0.0975118 2.39906e-05
6 0.477576 0.431406 0.0433655 0.071957 2.40257e-05
6 0.457191 0.440484 0.0329874 0.0632145 2.41105e-05
6 0.512046 0.324479 0.0433655 0.102892 2.42094e-05
7 0.566345 0.0850706 0.0326168 0.152656 2.42178e-05
6 0.712565 0.444855 0.0307635 0.0544721 2.43224e-05
9 0.993514 0.993275 0.0129726 0.0134499 2.43926e-05
6 0.510193 0.437122 0.0418829 0.0618695 2.44427e-05
5 0.314122 0.875252 0.442179 0.114997 2.44501e-05
5 0.255745 0.12273 0.0896961 0.245461 2.45164e-05
6 0.0150111 0.16308 0.0300222 0.234701 2.45422e-05
6 0.38232 0.453262 0.0819125 0.0954943 2.45678e-05
6 0.482394 0.0124412 0.0129726 0.0235373 2.46716e-05
6 0.182728 0.923672 0.0748703 0.117687 2.47011e-05
6 0.369533 0.0121049 0.0296516 0.0242098 2.47271e-05
6 0.540956 0.0158036 0.0559674 0.0316073 2.48429e-05
6 0.458302 0.0174849 0.0315048 0.0349697 2.48901e-05
6 0.257598 0.922999 0.0637509 0.128447 2.49259e-05
6 0.0357672 0.0571621 0.0715345 0.0618695 2.50583e-05
6 0.607302 0.977471 0.0455893 0.0423672 2.51084e-05
6 0.142513 0.0070612 0.0530022 0.0141224 2.52151e-05
6 0.993328 0.512441 0.0133432 0.279758 2.52285e-05
6 0.358414 0 0.0526316 0 2.5329e-05
6 0.990178 0.104573 0.0174203 0.209146 2.5359e-05
6 0.00537435 0.468393 0.0107487 0.121722 2.53931e-05
9 0.464047 0.984533 0.028169 0.0309348 2.5424e-05
6 0.591549 0.971083 0.0303929 0.0390047 2.55506e-05
6 0.244996 0.425353 0.105263 0.182246 2.55617e-05
6 0.443847 0.00268998 0.0522609 0.00537996 2.55956e-05
6 0.00481838 0.102555 0.00963677 0.0948218 2.56082e-05
6 0.428836 0.530599 0.0363232 0.0524546 2.56632e-05
6 0.887695 0.278413 0.0437361 0.0928043 2.5744e-05
6 0.627131 0.530262 0.201631 0.198386 2.57496e-05
6 0.858784 0.359112 0.0467013 0.0793544 2.57582e-05
6 0.358784 0.931069 0.0585619 0.100202 2.58654e-05
6 0.382691 0.967048 0.0359526 0.0659045 2.58656e-05
5 0.474981 0.113315 0.0641216 0.144586 2.58686e-05
6 0.762973 0.460323 0.183469 0.314055 2.5875e-05
6 0.0100074 0.205783 0.0111193 0.110289 2.60845e-05
6 0.404374 0.0464022 0.0348406 0.0928043 2.61093e-05
2 0.510007 0.298588 0.0719051 0.118359 2.61167e-05
9 0.933469 1 0.0663454 0 2.61254e-05
6 0.290956 0.035306 0.102298 0.070612 2.63037e-05
5 0.112305 0.965366 0.224611 0.069267 2.63456e-05
9 0.0554114 0.992939 0.0366938 0.0141224 2.64336e-05
6 0.936249 0.933759 0.0889548 0.114997 2.64739e-05
6 0.590993 0.965366 0.0322461 0.069267 2.65019e-05
9 0.716827 0.998319 0.0785767 0.00336247 2.65663e-05
2 0.852854 0.178884 0.16679 0.250168 2.66582e-05
6 0.438658 0.0995293 0.0211268 0.141224 2.66623e-05
6 0.737213 0.00739744 0.0696812 0.0147949 2.6739e-05
6 0.436064 0 0.0277984 0 2.67726e-05
6 0.2702 0.416611 0.0429948 0.0504371 2.6856e-05
6 0.464974 0.0070612 0.0352113 0.0141224 2.69018e-05
5 0.26427 0.827169 0.392884 0.173504 2.69168e-05
5 0.406412 0.193006 0.325056 0.247478 2.7031e-05
6 0.0392884 0.332549 0.0785767 0.316745 2.70546e-05
9 0.604151 1 0.0615271 0 2.70786e-05
5 0.462194 0.0336247 0.161601 0.0672495 2.71337e-05
6 0.553558 0.570612 0.0463306 0.106927 2.71381e-05
6 0.608414 0.0063887 0.0426242 0.0127774 2.71775e-05
6 0.934581 0.544721 0.090808 0.340282 2.72857e-05
6 0.0103781 0.211836 0.0140845 0.250168 2.73188e-05
6 0.536879 0.384667 0.0537435 0.117014 2.73371e-05
6 0.762602 0.988231 0.03447 0.0235373 2.741e-05
6 0.543551 0.00504371 0.0352113 0.0100874 2.74372e-05
6 0.608599 0.000336247 0.0266864 0.000672495 2.74476e-05
6 0.00796887 0.0494284 0.0159377 0.0988568 2.75036e-05
6 0.573017 0.509415 0.0266864 0.0450572 2.76149e-05
6 0.639177 0.589778 0.0189029 0.0416947 2.77431e-05
6 0.77891 0.974109 0.0352113 0.0517821 2.78036e-05
6 0.545033 0 0.0226093 0 2.78902e-05
6 0.56616 0.530599 0.0337287 0.0430397 2.78948e-05
6 0.594885 0.565904 0.0237213 0.0437122 2.79007e-05
6 0.0963677 0.944519 0.0667161 0.0827169 2.79099e-05
6 0.949036 0.448554 0.0730171 0.251513 2.79716e-05
6 0.831727 0.31271 0.0652335 0.0914593 2.79971e-05
9 0.58321 0.983188 0.0997035 0.0336247 2.80342e-05
5 0.814122 0.133826 0.135285 0.260928 2.80605e-05
6 0.666049 0.931069 0.0407709 0.137861 2.81567e-05
6 0.855448 0.00773369 0.0467013 0.0154674 2.82586e-05
5 0.732024 0.0756557 0.169014 0.151311 2.83036e-05
6 0.464418 0 0.0192735 0 2.83189e-05
6 0.912157 0.0672495 0.0481838 0.0712845 2.8379e-05
6 0.520015 0.00571621 0.0192735 0.0114324 2.84161e-05
6 0.54318 0.969401 0.0559674 0.0531271 2.84522e-05
6 0.28169 0.032616 0.0593032 0.065232 2.8455e-05
6 0.53447 0.546738 0.151964 0.151984 2.84563e-05
6 0.310786 0.399126 0.209414 0.202421 2.84724e-05
5 0.510193 0.928379 0.428095 0.0746469 2.84786e-05
6 0.438288 0.558507 0.0374351 0.100202 2.84874e-05
6 0.988695 0.0295898 0.0226093 0.0591796 2.85055e-05
6 0.980912 0.0137861 0.0381764 0.0275723 2.85259e-05
6 0.638251 0.487223 0.0252039 0.0369872 2.85829e-05
6 0.158265 0.942502 0.0630096 0.104237 2.86819e-05
6 0.333951 0.573974 0.0266864 0.0450572 2.87387e-05
5 0.563751 0.993611 0.322461 0.0127774 2.8792e-05
6 0.494626 0.596503 0.0389177 0.0968393 2.88232e-05
6 0.555967 0.961668 0.0415122 0.0766644 2.9005e-05
6 0.116012 0.930733 0.084507 0.138534 2.90172e-05
6 0.73573 0.901479 0.0830245 0.163416 2.90436e-05
6 0.93106 0.79119 0.079318 0.0961668 2.92374e-05
7 0.494255 0.329523 0.016679 0.115669 2.92463e-05
6 0.383803 0.00874243 0.0144552 0.0174849 2.92927e-05
6 0.710897 0.00235373 0.0593032 0.00470746 2.94315e-05
6 0.495923 0.545057 0.0444774 0.062542 2.94773e-05
6 0.426056 0.0527909 0.01149 0.0517821 2.95499e-05
6 0.214603 0.99193 0.0340993 0.0161399 2.95617e-05
6 0.214418 0.485205 0.0641216 0.067922 2.96754e-05
6 0.559118 0.422663 0.0263158 0.067922 2.96985e-05
9 0.464974 0.975118 0.0307635 0.0497646 2.97031e-05
6 0.172721 0.314055 0.0667161 0.190989 2.97062e-05
6 0.984062 0.131473 0.0318755 0.182246 2.97464e-05
6 0.654559 0.558843 0.051149 0.0685945 2.97705e-05
6 0.383062 0.0147949 0.0285397 0.0295898 2.97911e-05
6 0.694218 0.525891 0.0289103 0.0443847 2.97922e-05
4 0.148814 0.740753 0.297628 0.498319 2.98349e-05
6 0.116753 0.971419 0.04596 0.0571621 2.99103e-05
5 0.956264 0.00975118 0.0874722 0.0195024 2.99318e-05
6 0.404559 0.962004 0.0426242 0.0759919 2.99683e-05
6 0.52576 0.569603 0.0418829 0.130464 3.01048e-05
6 0.436064 0.00874243 0.0492958 0.0174849 3.02253e-05
6 0.579503 0.984533 0.0559674 0.0309348 3.02864e-05
6 0.419014 0.0255548 0.0174203 0.0376597 3.04289e-05
6 0.637695 0.589106 0.0374351 0.0551446 3.05683e-05
6 0.145478 0.0265636 0.0552261 0.0531271 3.06715e-05
6 0.735174 0.945528 0.0567087 0.103564 3.07854e-05
6 0.930875 0.278077 0.067828 0.30733 3.08416e-05
4 0.0111193 0.759919 0.0222387 0.282448 3.08645e-05
5 0.814122 0.0450572 0.14937 0.0901143 3.09547e-05
6 0.00963677 0.0709482 0.00963677 0.0786819 3.11151e-05
5 0.319311 0.0860794 0.455523 0.172159 3.11199e-05
6 0.259081 0.000672495 0.0570793 0.00134499 3.11232e-05
6 0.739066 0.498319 0.0852483 0.102219 3.11661e-05
6 0.147331 0.417283 0.0744996 0.125757 3.13632e-05
6 0.354337 0.982515 0.0355819 0.0349697 3.13764e-05
6 0.766308 0.386685 0.0255745 0.0685945 3.14189e-05
6 0.61768 0.489576 0.0211268 0.0322798 3.19039e-05
6 0.462009 0.96772 0.0485545 0.0484196 3.19199e-05
8 0.989622 0.874916 0.0207561 0.180229 3.19427e-05
6 0.0181616 0.0568258 0.0363232 0.113652 3.20321e-05
6 0.506116 0.967384 0.0337287 0.0464022 3.2081e-05
9 0.979244 0.964022 0.0415122 0.071957 3.21549e-05
6 0.667717 0.0178211 0.0700519 0.0356422 3.21778e-05
6 0.642328 0.00537996 0.0289103 0.0107599 3.24908e-05
6 0.782061 0.991594 0.0467013 0.0168124 3.25187e-05
2 0.628984 0.33692 0.26464 0.189644 3.2559e-05
6 0.48017 0.531271 0.0315048 0.0430397 3.25676e-05
5 0.348962 0.985205 0.407339 0.0295898 3.27282e-05
6 0.243514 0.38803 0.0266864 0.0672495 3.2791e-05
6 0.856004 0.388366 0.0544848 0.0961668 3.28193e-05
6 0.00593032 0.216543 0.0118606 0.114324 3.28494e-05
6 0.0144552 0.450908 0.0289103 0.162071 3.28537e-05
6 0.421979 0.960659 0.0552261 0.0410222 3.28547e-05
9 0.440697 0.991258 0.203855 0.0174849 3.29234e-05
6 0.306709 0.0601883 0.05745 0.0531271 3.2971e-05
6 0.0769088 0.841627 0.10341 0.26698 3.29872e-05
6 0.898999 0.215198 0.0641216 0.277068 3.30497e-05
6 0.442735 0.0107599 0.0203855 0.0201748 3.31069e-05
5 0.77854 0.187962 0.442921 0.375925 3.31093e-05
6 0.342476 0.0171486 0.0696812 0.0342972 3.31129e-05
6 0.56338 0.549092 0.0400297 0.0598521 3.31383e-05
6 0.520385 0.0121049 0.033358 0.0242098 3.31579e-05
5 0.368236 0.196369 0.566716 0.392737 3.3277e-05
9 0.477576 0.977135 0.0277984 0.0457297 3.33814e-05
6 0.396405 0.0208473 0.0300222 0.0416947 3.3444e-05
6 0.412528 0.568595 0.0429948 0.062542 3.34461e-05
6 0.477205 0.985541 0.0248332 0.0289173 3.34471e-05
6 0.396775 0.0184936 0.016679 0.0221923 3.35373e-05
6 0.176798 0.991594 0.033358 0.0168124 3.36028e-05
6 0.401779 0.481843 0.168273 0.127102 3.36447e-05
6 0.821164 0.45696 0.128614 0.242771 3.38981e-05
6 0.994255 0.326833 0.01149 0.146604 3.39862e-05
6 0.466271 0.556153 0.0348406 0.102219 3.406e-05
6 0.525575 0.568258 0.028169 0.0753194 3.40778e-05
6 0.00963677 0.364492 0.0140845 0.107599 3.41158e-05
6 0.741846 0.975118 0.0352113 0.0497646 3.41531e-05
6 0.371386 0.972091 0.0237213 0.0558171 3.42512e-05
6 0.479615 0.51345 0.0237213 0.0464022 3.4278e-05
6 0.626946 0.488231 0.0189029 0.0390047 3.43047e-05
6 0.983136 0.0726295 0.0337287 0.131809 3.43381e-05
9 0.989437 0.997646 0.0211268 0.00470746 3.43858e-05
6 0.291327 0.525891 0.0259451 0.0484196 3.43958e-05
6 0.42791 0.506052 0.0322461 0.0504371 3.44647e-05
6 0.333395 0.525891 0.0189029 0.0322798 3.45809e-05
6 0.489807 0.495293 0.179021 0.117687 3.47551e-05
6 0.105819 0.00672495 0.0618977 0.0134499 3.48357e-05
5 0.31616 0.921318 0.437361 0.0981843 3.48453e-05
0 0.00778354 0.898453 0.0155671 0.157364 3.48607e-05
6 0.415864 0.98386 0.0370645 0.0322798 3.49136e-05
6 0.826724 0.0154674 0.062639 0.0309348 3.4926e-05
4 0.0148258 0.767989 0.0296516 0.391392 3.50185e-05
6 0.443847 0.445528 0.03447 0.0585071 3.50285e-05
6 0.36768 0.981843 0.0348406 0.0363147 3.51055e-05
6 0.581727 0 0.0315048 0 3.51558e-05
6 0.990363 0.00672495 0.0192735 0.0134499 3.51887e-05
6 0.91642 0.0739744 0.0767235 0.147949 3.54051e-05
6 0.871942 0.358776 0.0581913 0.152656 3.54079e-05
9 0.41642 0.971755 0.0404003 0.0564896 3.54126e-05
5 0.26742 0.20343 0.085619 0.246806 3.5493e-05
6 0.604707 0.990249 0.044848 0.0195024 3.5493e-05
6 0.373981 0.0070612 0.0630096 0.0141224 3.55083e-05
6 0.329503 0.981843 0.0363232 0.0363147 3.55993e-05
6 0.567087 0.992266 0.0415122 0.0154674 3.56015e-05
6 0.219422 0.924008 0.0756116 0.123739 3.56682e-05
7 0.542995 0.38265 0.0103781 0.108944 3.57355e-05
5 0.871572 0.0248823 0.256857 0.0497646 3.57678e-05
6 0.420126 0.549092 0.0411416 0.0558171 3.57872e-05
6 0.853966 0.972764 0.0385471 0.0544721 3.5846e-05
5 0.290771 0.0460659 0.176056 0.0921318 3.5896e-05
6 0.717198 0.52421 0.0340993 0.0464022 3.60936e-05
6 0.994255 0.493275 0.01149 0.144586 3.61104e-05
6 0.672535 0.453598 0.0292809 0.0450572 3.63177e-05
6 0.588955 0.520175 0.117124 0.0840619 3.64192e-05
6 0.366568 0.994284 0.0311342 0.0114324 3.65383e-05
5 0.545404 0.975118 0.616382 0.0497646 3.6554e-05
6 0.44533 0.515131 0.0507784 0.0524546 3.67751e-05
6 0.271683 0.522192 0.0222387 0.0423672 3.68932e-05
6 0.383988 0.97041 0.0311342 0.0390047 3.69215e-05
6 0.0103781 0.577673 0.0163084 0.282448 3.69608e-05
6 0.987769 0.514795 0.0185322 0.33423 3.70161e-05
6 0.117865 0.991258 0.0600445 0.0174849 3.70375e-05
5 0.0728317 0.00941493 0.145663 0.0188299 3.70903e-05
9 0.05745 0.98117 0.02298 0.0242098 3.71463e-05
6 0.242031 0.978816 0.0340993 0.0423672 3.72151e-05
5 0.650667 0.974445 0.348777 0.0511096 3.72909e-05
6 0.60619 0.501681 0.0255745 0.0363147 3.74458e-05
6 0.217754 0.97848 0.0352113 0.0430397 3.74707e-05
6 0.580615 0.00605245 0.0470719 0.0121049 3.75031e-05
6 0.405856 0.969065 0.0385471 0.0457297 3.75386e-05
6 0.0561527 0.0447209 0.112305 0.0894418 3.79281e-05
6 0.409748 0.00336247 0.0641216 0.00672495 3.79295e-05
7 0.564863 0.381305 0.00963677 0.115669 3.80314e-05
6 0.00945145 0.0672495 0.0189029 0.0820444 3.81501e-05
6 0.89381 0.969065 0.0404003 0.0618695 3.81591e-05
6 0.0750556 0.803631 0.118977 0.103564 3.82332e-05
6 0.462009 0.964694 0.0559674 0.070612 3.847e-05
6 0.520756 0.97579 0.0437361 0.0484196 3.85237e-05
6 0.22146 0.506052 0.0255745 0.0544721 3.85636e-05
6 0.691994 0.50807 0.0244626 0.0437122 3.8719e-05
6 0.896775 0.993275 0.0530022 0.0134499 3.88411e-05
6 0.55467 0.0137861 0.00926612 0.0195024 3.89018e-05
0 0.00481838 0.868191 0.00963677 0.263618 3.89636e-05
6 0.398258 0.545057 0.0270571 0.0464022 3.90064e-05
6 0.938288 0.309348 0.0366938 0.147949 3.90078e-05
6 0.80467 0.972428 0.0340993 0.0551446 3.91164e-05
6 0.167161 0.976126 0.0348406 0.0477471 3.91975e-05
5 0.286694 0.0975118 0.21238 0.195024 3.94109e-05
6 0.371757 0.971419 0.0192735 0.0316073 3.94596e-05
6 0.744811 0.99193 0.0470719 0.0161399 3.95618e-05
9 0.691438 0.979489 0.090808 0.0410222 3.95626e-05
6 0.631023 0.0258911 0.0455893 0.0517821 3.95864e-05
0 0.989251 0.920646 0.0111193 0.126429 3.9613e-05
6 0.606375 0.536315 0.0340993 0.0383322 3.9643e-05
6 0.603595 0.569939 0.0255745 0.0423672 3.97146e-05
6 0.682728 0.00168124 0.0652335 0.00336247 3.97234e-05
6 0.985174 0.444183 0.0296516 0.175521 3.97251e-05
5 0.218495 0.179892 0.43699 0.359785 3.97546e-05
6 0.251668 0.0376597 0.0756116 0.0753194 3.99323e-05
6 0.252409 0.993275 0.033358 0.0134499 4.00038e-05
6 0.138436 0.990585 0.03447 0.0188299 4.00252e-05
6 0.167346 0.45696 0.133062 0.186281 4.0206e-05
6 0.217383 0.426698 0.0218681 0.0517821 4.02926e-05
10 0.988139 0.852387 0.0163084 0.148621 4.0314e-05
6 0.749259 0.400807 0.0270571 0.0537996 4.03391e-05
6 0.419941 0 0.0237213 0 4.03716e-05
6 0.950519 0.333894 0.067828 0.245461 4.04245e-05
6 0.677168 0.515131 0.0326168 0.0564896 4.04783e-05
6 0.629726 0.0100874 0.0318755 0.0201748 4.05268e-05
6 0.986842 0.0410222 0.0263158 0.0793544 4.06128e-05
6 0.593588 0.97579 0.0492958 0.0484196 4.06215e-05
6 0.61768 0.0248823 0.118977 0.0497646 4.08056e-05
6 0.869904 0.246806 0.0637509 0.114324 4.08273e-05
6 0.00555967 0.375588 0.0111193 0.109617 4.08642e-05
6 0.840067 0.0494284 0.0752409 0.0988568 4.09038e-05
6 0.526501 0.964022 0.0656042 0.071957 4.09259e-05
6 0.304299 0.981843 0.0355819 0.0363147 4.1012e-05
6 0.157153 0.00975118 0.0415122 0.0195024 4.10389e-05
6 0.543551 0.983188 0.0441067 0.0336247 4.10447e-05
6 0.27891 0.982179 0.0337287 0.0356422 4.12477e-05
6 0.807265 0.99193 0.04596 0.0161399 4.14597e-05
6 0.829318 0.973436 0.0359526 0.0531271 4.15346e-05
6 0.884359 0.267653 0.056338 0.193679 4.16102e-05
6 0.419385 0.00605245 0.0455893 0.0121049 4.16192e-05
6 0.365085 0.45158 0.0140845 0.0342972 4.16236e-05
6 0.514085 0.0158036 0.0652335 0.0316073 4.17571e-05
7 0.511305 0.35306 0.0233506 0.185609 4.19552e-05
5 0.292809 0.00672495 0.121572 0.0134499 4.20048e-05
6 0.427724 0.0749832 0.0140845 0.062542 4.20066e-05
5 0.158636 0.0450572 0.162342 0.0901143 4.2011e-05
6 0.682543 0.946873 0.0507784 0.0901143 4.20786e-05
6 0.899555 0.93544 0.0896961 0.119704 4.21457e-05
6 0.254448 0.98117 0.0352113 0.0376597 4.2147e-05
6 0.166234 0.00504371 0.0359526 0.0100874 4.21772e-05
6 0.50315 0.492603 0.0174203 0.0369872 4.22261e-05
6 0.344329 0 0.0392884 0 4.23509e-05
6 0.133247 0.0457297 0.0789474 0.0914593 4.25056e-05
6 0.39381 0.982515 0.044848 0.0349697 4.25262e-05
0 0.00352113 0.830531 0.00704225 0.138534 4.25391e-05
10 0.0129726 0.87458 0.0163084 0.221251 4.27233e-05
6 0.428466 0.0783457 0.0214974 0.139206 4.27282e-05
5 0.129911 0.099193 0.259822 0.198386 4.27501e-05
9 0.722202 0.980498 0.0782061 0.0390047 4.28566e-05
6 0.983692 0.969738 0.0259451 0.0605245 4.28871e-05
9 0.64344 1 0.0585619 0 4.31079e-05
6 0.0090808 0.410558 0.0151964 0.108272 4.31566e-05
6 0.405671 0.497646 0.0300222 0.0457297 4.31884e-05
6 0.314678 0.507397 0.0200148 0.0383322 4.33164e-05
6 0.0285397 0.0178211 0.0570793 0.0356422 4.35079e-05
6 0.0376205 0.0316073 0.0752409 0.0618695 4.35081e-05
4 0.194218 0.726295 0.388436 0.324143 4.37968e-05
6 0.717013 0.976799 0.0337287 0.0464022 4.39376e-05
6 0.335248 0.560188 0.0218681 0.0336247 4.41632e-05
6 0.642328 0.0117687 0.0452187 0.0235373 4.41661e-05
6 0.24444 0.498655 0.100445 0.178211 4.45254e-05
6 0.00537435 0.0595158 0.0107487 0.0598521 4.45273e-05
6 0.0539288 0.402152 0.0685693 0.215198 4.45632e-05
6 0.409192 0.581708 0.0274277 0.0551446 4.46372e-05
6 0.662713 0.419301 0.0770941 0.135171 4.48064e-05
7 0.496664 0.331876 0.0318755 0.162071 4.49391e-05
6 0.581171 0.00504371 0.0659748 0.0100874 4.50723e-05
6 0.961268 0.0268998 0.0774648 0.0537996 4.51181e-05
3 0.265382 0.5 0.530764 1 4.53088e-05
6 0.505189 0.976126 0.0400297 0.0477471 4.53387e-05
6 0.493514 0.0205111 0.0537435 0.0410222 4.55881e-05
6 0.592847 0.0201748 0.03447 0.0403497 4.5721e-05
6 0.128058 0.32885 0.0826538 0.263618 4.58226e-05
6 0.989807 0.099193 0.0122313 0.117687 4.59961e-05
6 0.990363 0.0131137 0.0192735 0.0262273 4.61518e-05
6 0.420126 0.0147949 0.0211268 0.0295898 4.64579e-05
6 0.532431 0.00504371 0.0656042 0.0100874 4.67523e-05
6 0.193106 0.977471 0.0348406 0.0450572 4.67619e-05
6 0.540586 0.494956 0.0189029 0.0537996 4.68098e-05
6 0.832283 0.992939 0.0478132 0.0141224 4.7128e-05
6 0.866938 0.0396772 0.0644922 0.0793544 4.71445e-05
6 0.857302 0.993275 0.051149 0.0134499 4.72836e-05
6 0.759637 0.500336 0.0744996 0.151984 4.73252e-05
5 0.501297 0.906523 0.663825 0.186954 4.73952e-05
6 0.591549 0.493948 0.0370645 0.0383322 4.74297e-05
6 0.571534 0.0228648 0.121572 0.0457297 4.74879e-05
6 0.542253 0.992603 0.0392884 0.0147949 4.77174e-05
9 0.99166 0.967384 0.016679 0.065232 4.77656e-05
6 0.525019 0.500336 0.0255745 0.0564896 4.7779e-05
5 0.339881 0.0262273 0.15493 0.0524546 4.79594e-05
5 0.624351 0.0104237 0.150852 0.0208473 4.81895e-05
9 0.0526316 0.949563 0.0504077 0.100874 4.82001e-05
6 0.513343 0.0262273 0.15493 0.0524546 4.83905e-05
6 0.506116 0.985205 0.0359526 0.0295898 4.84078e-05
6 0.988139 0.366174 0.0185322 0.129792 4.84203e-05
6 0.355819 0.993948 0.0481838 0.0121049 4.85419e-05
6 0.316531 0.458978 0.0207561 0.0396772 4.86845e-05
5 0.733136 0.0205111 0.18384 0.0410222 4.87336e-05
6 0.39103 0.0141224 0.101557 0.0282448 4.89293e-05
3 0.85341 0.422999 0.29318 0.845999 4.89952e-05
5 0.899926 0.067922 0.143069 0.112979 4.90767e-05
6 0.924574 0.980498 0.0352113 0.0390047 4.934e-05
5 0.085619 0.992603 0.171238 0.0147949 4.94401e-05
6 0.436434 0.958978 0.0707932 0.0820444 4.96943e-05
7 0.518162 0.35844 0.0422535 0.131809 4.99504e-05
2 0.294477 0.315736 0.173832 0.233356 5.0012e-05
0 0.98851 0.814055 0.0207561 0.33423 5.01879e-05
6 0.422165 0.488231 0.0303929 0.0524546 5.01907e-05
6 0.666234 0.0255548 0.124907 0.0511096 5.04007e-05
7 0.66401 0.348016 0.129355 0.163416 5.04562e-05
6 0.471831 0.486214 0.0200148 0.0511096 5.04578e-05
6 0.856375 0.927707 0.0937732 0.144586 5.07214e-05
0 0.00889548 0.733356 0.0140845 0.311365 5.09626e-05
6 0.832654 0.270343 0.0759822 0.110289 5.1047e-05
6 0.556153 0.978816 0.0478132 0.0423672 5.11663e-05
6 0.303002 0.520511 0.0196442 0.0376597 5.13366e-05
6 0.773351 0.43813 0.0633803 0.100202 5.13527e-05
6 0.53762 0.417283 0.0329874 0.066577 5.15032e-05
9 0.392698 0.977808 0.0455893 0.0443847 5.18557e-05
6 0.369904 0.567586 0.0252039 0.0457297 5.1893e-05
6 0.14659 0.33423 0.090808 0.141224 5.21413e-05
6 0.35934 0.00302623 0.0744996 0.00605245 5.22502e-05
6 0.154559 0.975118 0.0340993 0.0497646 5.22517e-05
2 0.323944 0.295898 0.35656 0.294553 5.24219e-05
6 0.626019 0.517485 0.0578206 0.0504371 5.24421e-05
6 0.994626 0.436113 0.0107487 0.151311 5.25695e-05
6 0.989622 0.0070612 0.0126019 0.0141224 5.29381e-05
6 0.617494 0.974109 0.056338 0.0517821 5.30024e-05
6 0.331542 0.929388 0.0618977 0.129119 5.30656e-05
9 0.466086 0.992939 0.0307635 0.0141224 5.32397e-05
6 0.232024 0.507397 0.0237213 0.0490921 5.32863e-05
6 0.506857 0.414257 0.0478132 0.0685945 5.33436e-05
9 0.863232 1 0.0548554 0 5.38695e-05
6 0.829503 0.0292535 0.0859896 0.0585071 5.3907e-05
6 0.386768 0.486886 0.0930319 0.0726295 5.40937e-05
6 0.95997 0.966375 0.0244626 0.0484196 5.41429e-05
9 0.752224 1 0.0567087 0 5.41664e-05
6 0.355448 0.568258 0.0311342 0.0470746 5.42634e-05
6 0.988881 0.37458 0.0192735 0.293208 5.46e-05
5 0.0937732 0.982851 0.187546 0.0342972 5.49789e-05
6 0.299296 0.931069 0.0730171 0.132482 5.50765e-05
6 0.437546 0.0205111 0.0485545 0.0410222 5.54378e-05
4 0.506116 0.749159 0.870645 0.447882 5.55681e-05
6 0.871386 0.201748 0.0637509 0.106254 5.56762e-05
6 0.00963677 0.0369872 0.0103781 0.0551446 5.58078e-05
9 0.79003 1 0.0559674 0 5.61132e-05
6 0.330615 0.509079 0.0214974 0.0336247 5.62383e-05
6 0.396219 0.0363147 0.103781 0.0726295 5.62765e-05
6 0.612861 0.00201748 0.0604151 0.00403497 5.63888e-05
9 0.679763 1 0.0570793 0 5.63942e-05
9 0.827279 1 0.0555967 0 5.64784e-05
6 0.379726 0.568595 0.0196442 0.0423672 5.64923e-05
6 0.269274 0.993611 0.0455893 0.0127774 5.67942e-05
6 0.75556 0.50269 0.0329874 0.0585071 5.70083e-05
9 0.479429 0.984533 0.062639 0.0309348 5.70198e-05
6 0.747405 0.402824 0.0670867 0.129119 5.70229e-05
6 0.490178 0.00470746 0.062639 0.00941493 5.70261e-05
6 0.681431 0.575992 0.0337287 0.0423672 5.72312e-05
6 0.637139 0.00201748 0.0674574 0.00403497 5.72655e-05
6 0.65808 0.943174 0.0507784 0.0867518 5.73901e-05
6 0.256486 0.491258 0.0652335 0.0854069 5.75669e-05
6 0.692735 0.977135 0.0422535 0.0457297 5.76249e-05
6 0.539288 0.513786 0.0244626 0.0537996 5.76988e-05
6 0.64344 0.51076 0.0303929 0.0410222 5.7999e-05
9 0.41642 0.991594 0.0337287 0.0168124 5.80945e-05
7 0.557079 0.382313 0.00889548 0.109617 5.82522e-05
6 0.591179 0.0070612 0.0214974 0.0141224 5.84345e-05
5 0.509451 0.186281 0.0596738 0.145259 5.84598e-05
6 0.533173 0.00571621 0.0181616 0.0114324 5.84729e-05
5 0.688102 0.134499 0.190141 0.243443 5.85336e-05
6 0.383803 0.557498 0.0366938 0.0645595 5.86211e-05
6 0.680133 0.554136 0.0444774 0.0699395 5.86312e-05
6 0.433655 0.0184936 0.0266864 0.0369872 5.91609e-05
6 0.77576 0.398117 0.0192735 0.0591796 5.92041e-05
6 0.245738 0.408541 0.051149 0.0934768 5.93592e-05
6 0.232024 0.992939 0.0474426 0.0141224 5.9451e-05
6 0.293736 0.993948 0.0463306 0.0121049 5.94798e-05
6 0.667346 0.977135 0.044848 0.0457297 5.94863e-05
6 0.19533 0.992266 0.0474426 0.0154674 5.95413e-05
6 0.709785 0.946873 0.0533729 0.0928043 5.97365e-05
6 0.219978 0.445192 0.0240919 0.0551446 5.99382e-05
6 0.46275 0.522529 0.0426242 0.0685945 6.07533e-05
5 0.162157 0.0121049 0.129355 0.0242098 6.10489e-05
6 0.134173 0.27774 0.0815419 0.130464 6.13719e-05
6 0.642513 0.457297 0.0418829 0.0524546 6.14075e-05
6 0.407709 0.450908 0.0370645 0.0477471 6.14207e-05
9 0.71553 1 0.05745 0 6.16404e-05
5 0.441438 0.0070612 0.115641 0.0141224 6.16675e-05
6 0.567087 0.976799 0.0504077 0.0437122 6.21307e-05
6 0.326353 0.445528 0.131579 0.156691 6.21353e-05
6 0.141772 0.0158036 0.0544848 0.0316073 6.23994e-05
9 0.258154 0.988904 0.0589325 0.0221923 6.24548e-05
3 0.713862 0.5 0.572276 1 6.25845e-05
6 0.720163 0.992266 0.0467013 0.0154674 6.2644e-05
6 0.853966 0.0147949 0.051149 0.0268998 6.28594e-05
6 0.415678 0.509751 0.114529 0.111634 6.29615e-05
10 0.909192 0.851715 0.0385471 0.184936 6.29963e-05
6 0.533358 0.0114324 0.0303929 0.0228648 6.33456e-05
4 0.844514 0.738063 0.310971 0.431069 6.35802e-05
6 0.420311 0.00941493 0.00963677 0.0188299 6.38231e-05
9 0.383062 0.992939 0.0500371 0.0141224 6.41466e-05
5 0.91957 0.151311 0.0733877 0.294553 6.4186e-05
9 0.430133 0.99193 0.0329874 0.0161399 6.44943e-05
5 0.284841 0.0208473 0.192365 0.0416947 6.46636e-05
6 0.433284 0.0147949 0.0140845 0.0228648 6.46944e-05
9 0.478688 0.993948 0.0300222 0.0121049 6.47712e-05
5 0.818013 0.0174849 0.131208 0.0349697 6.51311e-05
6 0.667346 0.574647 0.0300222 0.0410222 6.53179e-05
9 0.976093 0.981506 0.0433655 0.0369872 6.56326e-05
6 0.343958 0.00773369 0.0659748 0.0154674 6.58534e-05
6 0.512231 0.525219 0.283914 0.189644 6.59006e-05
6 0.424203 0.978816 0.0752409 0.0423672 6.66054e-05
6 0.935137 0.35575 0.0548554 0.104909 6.696e-05
5 0.0524463 0.0181574 0.104893 0.0363147 6.8078e-05
4 0.289844 0.790518 0.579689 0.38534 6.81335e-05
6 0.157153 0.991594 0.0481838 0.0168124 6.81892e-05
6 0.439214 0.969065 0.0607858 0.0511096 6.8351e-05
5 0.346182 0.96772 0.439585 0.0645595 6.83978e-05
6 0.492402 0.982851 0.0359526 0.0342972 6.84223e-05
6 0.369533 0.505044 0.0237213 0.0403497 6.88044e-05
5 0.775204 0.292872 0.449592 0.447209 6.98066e-05
6 0.556153 0.0134499 0.0189029 0.0268998 6.98496e-05
5 0.502409 0.963349 0.912157 0.0733019 6.98617e-05
6 0.74444 0.50269 0.0329874 0.0504371 6.98658e-05
6 0.443291 0.981843 0.0378058 0.0363147 7.00673e-05
9 0.90252 1 0.0548554 0 7.02178e-05
5 0.504818 0.0669132 0.343217 0.133826 7.02891e-05
6 0.986101 0.934768 0.0270571 0.130464 7.06331e-05
6 0.301149 0.499664 0.294663 0.246133 7.06626e-05
6 0.779652 0.925017 0.0937732 0.141896 7.07678e-05
6 0.502965 0.533288 0.0259451 0.0390047 7.09367e-05
6 0.240363 0.502017 0.0233506 0.0490921 7.10817e-05
10 0.990178 0.894082 0.0181616 0.211836 7.12651e-05
6 0.677539 0.554136 0.028169 0.0416947 7.15777e-05
6 0.944218 0.111298 0.111564 0.180901 7.18475e-05
6 0.749444 0.408877 0.0481838 0.0672495 7.21609e-05
6 0.99407 0.382313 0.0118606 0.141896 7.21758e-05
6 0.0103781 0.419637 0.0140845 0.246133 7.24399e-05
6 0.00537435 0.423672 0.0107487 0.104909 7.32526e-05
5 0.100445 0.029926 0.20089 0.0598521 7.3446e-05
10 0.0074129 0.879623 0.00963677 0.119704 7.44029e-05
6 0.992772 0.069267 0.0144552 0.138534 7.47333e-05
6 0.407524 0.0178211 0.0255745 0.0356422 7.52535e-05
5 0.794292 0.116342 0.411416 0.232683 7.56012e-05
9 0.431801 0.979489 0.0385471 0.0410222 7.56584e-05
9 0.0567087 0.988568 0.0378058 0.0228648 7.57312e-05
6 0.643069 0.99193 0.0600445 0.0161399 7.58403e-05
6 0.689029 0.458305 0.0244626 0.0302623 7.62897e-05
5 0.809118 0.987559 0.381764 0.0248823 7.64617e-05
5 0.880096 0.99731 0.239807 0.00537996 7.64959e-05
6 0.539288 0.542703 0.0378058 0.0645595 7.65516e-05
6 0.558191 0.507397 0.0415122 0.0396772 7.75778e-05
6 0.576724 0.479153 0.0541142 0.0464022 7.77458e-05
6 0.234433 0.489913 0.03447 0.0504371 7.777e-05
6 0.49129 0.993275 0.0322461 0.0134499 7.78095e-05
6 0.992216 0.0322798 0.0155671 0.0645595 7.84957e-05
6 0.343032 0.505044 0.0203855 0.0349697 7.86407e-05
6 0.396775 0.0292535 0.0522609 0.0585071 7.8788e-05
8 0.831542 0.127774 0.107858 0.145259 7.88979e-05
9 0.530393 0.979825 0.0437361 0.0403497 7.92636e-05
6 0.966271 0.0453934 0.056338 0.0598521 7.96863e-05
6 0.286879 0.433423 0.0252039 0.0356422 7.9975e-05
6 0.389548 0.551446 0.0237213 0.0443847 7.99982e-05
2 0.0581913 0.214862 0.116383 0.254876 8.01252e-05
6 0.0135285 0.0887693 0.0270571 0.117014 8.06062e-05
6 0.346553 0.531944 0.0222387 0.0390047 8.08779e-05
6 0.777798 0.420309 0.0315048 0.0484196 8.24939e-05
6 0.407524 0.0161399 0.0137139 0.0201748 8.28305e-05
5 0.868421 0.977808 0.263158 0.0443847 8.37173e-05
6 0.322832 0.45158 0.0630096 0.069267 8.38053e-05
6 0.617494 0.0110962 0.0274277 0.0221923 8.45187e-05
6 0.653818 0.577337 0.028169 0.0423672 8.45325e-05
6 0.995552 0.974445 0.00889548 0.0511096 8.4945e-05
8 0.104893 0.868527 0.209785 0.0746469 8.50909e-05
6 0.593773 0.991258 0.0622683 0.0174849 8.55411e-05
5 0.567643 0.00840619 0.125649 0.0168124 8.60408e-05
6 0.391586 0.498319 0.0211268 0.0403497 8.62826e-05
6 0.555782 0.00773369 0.00852483 0.0154674 8.6289e-05
6 0.628428 0.506052 0.0292809 0.0369872 8.63502e-05
5 0.676983 0.0141224 0.159007 0.0282448 8.6456e-05
6 0.542809 0.979825 0.0663454 0.0403497 8.66019e-05
6 0.706449 0.452925 0.0289103 0.0342972 8.68716e-05
6 0.231282 0.445864 0.0326168 0.0524546 8.80264e-05
4 0.690141 0.813719 0.619718 0.368527 8.82716e-05
5 0.857858 0.954607 0.284285 0.0907868 8.84239e-05
5 0.144366 0.250841 0.288732 0.501681 8.89733e-05
6 0.496108 0.500336 0.0329874 0.0564896 8.92003e-05
9 0.455152 0.980161 0.0392884 0.0396772 8.92548e-05
6 0.514085 0.554472 0.0378058 0.102892 8.94405e-05
6 0.40808 0.552455 0.028169 0.0517821 8.97949e-05
5 0.73851 0.160054 0.104151 0.232683 9.11124e-05
6 0.483136 0.492266 0.0240919 0.0470746 9.14843e-05
6 0.547072 0.0117687 0.0222387 0.0235373 9.21027e-05
6 0.352854 0.511769 0.02298 0.0363147 9.28334e-05
6 0.763529 0.410894 0.0489251 0.0968393 9.30227e-05
6 0.283543 0.521856 0.0222387 0.0363147 9.34273e-05
6 0.854892 0.221923 0.0744996 0.106254 9.3978e-05
6 0.856931 0.0258911 0.074129 0.0517821 9.41484e-05
6 0.555226 0.527572 0.0444774 0.063887 9.47283e-05
6 0.345256 0.553127 0.0240919 0.0369872 9.47566e-05
9 0.92791 0.98117 0.131579 0.0376597 9.54516e-05
9 0.449407 0.980498 0.0656042 0.0390047 9.55275e-05
6 0.59192 0.520847 0.04596 0.0450572 9.55682e-05
5 0.219978 0.868527 0.439956 0.262946 9.56716e-05
6 0.694218 0.99193 0.0526316 0.0161399 9.71761e-05
6 0.77613 0.4462 0.0378058 0.0464022 9.79271e-05
2 0.169199 0.918964 0.338399 0.0827169 9.8024e-05
6 0.0917346 0.982851 0.0567087 0.0342972 9.82364e-05
0 0.986101 0.888702 0.0107487 0.147276 9.84435e-05
5 0.918458 0.0137861 0.154188 0.0275723 9.8525e-05
6 0.5202 0.532952 0.0329874 0.0383322 9.85943e-05
5 0.14066 0.138534 0.216086 0.223268 9.90334e-05
6 0.9394 0.0403497 0.121201 0.0806994 9.95218e-05
6 0.341549 0.568931 0.0240919 0.0390047 9.97169e-05
6 0.617865 0.990585 0.0644922 0.0188299 0.000100819
2 0.775204 0.883658 0.449592 0.232683 0.00010097
6 0.668643 0.992266 0.0548554 0.0154674 0.000101138
6 0.432543 0.506725 0.0622683 0.0894418 0.000101783
9 0.396034 0.98386 0.185693 0.0322798 0.000101955
6 0.593403 0.557498 0.0415122 0.0497646 0.000102124
6 0.438288 0.491258 0.282802 0.225286 0.000102875
8 0.91679 0.970074 0.0478132 0.0598521 0.000102913
6 0.288732 0.445192 0.084507 0.119704 0.000103169
6 0.601557 0.55649 0.0222387 0.0342972 0.000103837
6 0.618792 0.0181574 0.0418829 0.0363147 0.000104375
6 0.546701 0.0070612 0.0111193 0.0141224 0.000104602
5 0.699036 0.119032 0.541883 0.238063 0.000104878
5 0.336916 0.0100874 0.130467 0.0201748 0.000104882
6 0.66679 0.451917 0.0630096 0.0833894 0.000105887
6 0.34507 0.551446 0.0444774 0.0685945 0.000105948
8 0.952372 0.99193 0.0952557 0.0161399 0.000106003
6 0.555597 0.99193 0.0578206 0.0161399 0.000106097
6 0.521127 0.985541 0.0496664 0.0289173 0.000108184
5 0.857302 0.158036 0.28169 0.316073 0.000108643
9 0.360267 0.988231 0.0726464 0.0235373 0.000108762
6 0.937546 0.388366 0.0374351 0.100202 0.000108989
5 0.108784 0.0682582 0.217569 0.136516 0.000109635
6 0.658265 0.48117 0.0200148 0.0356422 0.000109643
6 0.26705 0.462677 0.0730171 0.103564 0.000110853
6 0.581171 0.00470746 0.0252039 0.00941493 0.000112233
4 0.321349 0.596167 0.387695 0.416274 0.000114209
9 0.00833951 0.979489 0.01149 0.0396772 0.00011458
4 0.707191 0.559516 0.306153 0.368527 0.000114674
6 0.93384 0.380296 0.0589325 0.219906 0.000115318
6 0.00426242 0.944855 0.00852483 0.0780094 0.000115764
6 0.414752 0.507061 0.0370645 0.0524546 0.000117195
5 0.515938 0.979489 0.347665 0.0410222 0.000117685
9 0.481097 0.993275 0.0467013 0.0134499 0.000118529
6 0.618421 0.497646 0.0389177 0.0390047 0.000119093
6 0.988881 0.0268998 0.0111193 0.0537996 0.000119331
9 0.314307 0.982179 0.275019 0.0356422 0.000119381
6 0.344144 0.550437 0.179021 0.179556 0.000120092
9 0.0467013 0.978816 0.0934025 0.0423672 0.000121764
6 0.844514 0.192334 0.107116 0.146604 0.00012326
8 0.929763 0.993611 0.0492958 0.0127774 0.000123489
6 0.642884 0.488904 0.085619 0.0833894 0.000124119
6 0.0670867 0.276395 0.0785767 0.295898 0.00012523
3 0.891586 0.536651 0.216827 0.926698 0.000125257
6 0.573017 0.00504371 0.0200148 0.0100874 0.00012597
6 0.664937 0.545393 0.0200148 0.0376597 0.000127686
6 0.236471 0.427034 0.0348406 0.0659045 0.00012783
6 0.676056 0.511769 0.0222387 0.0336247 0.000128457
5 0.88232 0.118695 0.17235 0.188971 0.000130029
6 0.994626 0.0504371 0.0107487 0.0806994 0.00013065
6 0.619533 0.564896 0.0233506 0.0390047 0.000131156
6 0.37639 0.457969 0.0381764 0.0470746 0.00013156
6 0.990734 0.982179 0.0133432 0.0342972 0.000135624
8 0.934025 0.84499 0.104522 0.297915 0.000136424
6 0.990734 0.0598521 0.0185322 0.0820444 0.000138459
6 0.608043 0.00806994 0.0203855 0.0161399 0.000141303
4 0.211268 0.621722 0.422535 0.648958 0.000144794
6 0.581542 0.0107599 0.0385471 0.0215198 0.000145118
6 0.674759 0.529254 0.0240919 0.0376597 0.000145386
7 0.484618 0.568931 0.044848 0.162744 0.000145973
6 0.37954 0.498655 0.0415122 0.0477471 0.000146494
5 0.492216 0.00773369 0.153447 0.0154674 0.000146991
6 0.704225 0.518494 0.0214974 0.0403497 0.000147133
6 0.342291 0.471083 0.0819125 0.100202 0.000147406
9 0.0704225 0.993611 0.0296516 0.0127774 0.000148104
6 0.535767 0.498991 0.0433655 0.0336247 0.000151002
5 0.176983 0.87727 0.353966 0.114997 0.000151237
6 0.50315 0.511432 0.0196442 0.0396772 0.000151984
5 0.133803 0.0228648 0.129726 0.0457297 0.000155053
5 0.864529 0.0205111 0.14344 0.0410222 0.000155371
2 0.135841 0.301614 0.153818 0.362475 0.000155553
6 0.489251 0.522192 0.0348406 0.070612 0.000155736
9 0.405486 0.990921 0.0533729 0.0181574 0.000158245
0 0.995182 0.872898 0.00963677 0.164089 0.000158488
6 0.60897 0.0134499 0.0348406 0.0268998 0.00016193
6 0.505374 0.992266 0.0530022 0.0154674 0.000162235
6 0.402706 0.474781 0.0226093 0.0511096 0.000163532
6 0.643625 0.491258 0.0478132 0.0450572 0.000164032
9 0.0991475 0.979489 0.198295 0.0410222 0.000164623
6 0.556338 0.491258 0.0355819 0.0410222 0.000164954
6 0.259637 0.498319 0.03447 0.0511096 0.000166761
6 0.53762 0.530935 0.0240919 0.0369872 0.000167548
6 0.511675 0.490921 0.0418829 0.0390047 0.000169634
6 0.320793 0.484533 0.0322461 0.0410222 0.000171484
6 0.73536 0.483188 0.0311342 0.0423672 0.000171775
9 0.389918 0.982515 0.0822832 0.0349697 0.000175212
2 0.795775 0.890047 0.408451 0.158036 0.000176347
5 0.246664 0.14425 0.493328 0.2885 0.000176359
6 0.0715345 0.85306 0.117865 0.127102 0.000180154
6 0.378799 0.543376 0.0200148 0.0376597 0.000183328
6 0.703855 0.500673 0.195701 0.254876 0.000183466
5 0.881394 0.0507734 0.237213 0.101547 0.000184316
9 0.444403 0.991258 0.0504077 0.0174849 0.000184463
6 0.378614 0.476463 0.0226093 0.0396772 0.000186839
6 0.732765 0.457633 0.0800593 0.104237 0.000187022
6 0.768347 0.465367 0.051149 0.0618695 0.000189346
8 0.934766 0.870209 0.101557 0.133154 0.000190171
6 0.990178 0.0450572 0.0107487 0.0712845 0.000194407
5 0.485545 0.14963 0.0467013 0.155346 0.000194413
6 0.413825 0.489913 0.0218681 0.0410222 0.00019529
9 0.530022 0.99193 0.0548554 0.0161399 0.00019556
6 0.632506 0.550437 0.144922 0.106927 0.000201474
6 0.515938 0.509079 0.0385471 0.0564896 0.000205386
5 0.720348 0.166106 0.422906 0.281103 0.000207842
6 0.681431 0.448218 0.121942 0.135171 0.000213796
6 0.654559 0.545393 0.02298 0.0390047 0.000221287
6 0.00945145 0.95965 0.0107487 0.0632145 0.00022539
6 0.40215 0.488904 0.0504077 0.0470746 0.000225828
5 0.840437 0.0887693 0.319125 0.177539 0.000230532
6 0.3851 0.515804 0.0422535 0.0578346 0.000233736
9 0.282246 0.991258 0.0552261 0.0174849 0.000234844
6 0.313751 0.503026 0.044848 0.0632145 0.000236811
9 0.332098 0.990921 0.056338 0.0181574 0.000238391
9 0.308006 0.990921 0.0578206 0.0181574 0.000243431
6 0.993699 0.934768 0.0126019 0.130464 0.000245496
6 0.658451 0.519166 0.0218681 0.0363147 0.000257548
6 0.357302 0.546066 0.0266864 0.0430397 0.000258731
6 0.247035 0.406523 0.0300222 0.0558171 0.000259
6 0.479244 0.480161 0.0444774 0.0497646 0.00026598
9 0.992772 0.93544 0.0144552 0.0995293 0.000269301
6 0.994996 0.954607 0.0100074 0.0813719 0.000272757
9 0.00481838 0.987223 0.00963677 0.0255548 0.000273716
7 0.508154 0.562542 0.0726464 0.170141 0.000277652
3 0.0837658 0.531607 0.167532 0.936785 0.000295155
6 0.351927 0.467384 0.0567087 0.0645595 0.000296483
8 0.115641 0.864492 0.231282 0.271015 0.000297774
5 0.539288 0.0746469 0.595256 0.149294 0.000298444
6 0.639918 0.549765 0.0196442 0.0410222 0.000299376
9 0.921423 0.982515 0.0607858 0.0349697 0.000307957
9 0.00593032 0.99462 0.0118606 0.0107599 0.000314207
6 0.746479 0.427707 0.033358 0.0376597 0.000315616
6 0.369718 0.480834 0.0226093 0.0376597 0.00031564
6 0.531134 0.520511 0.02298 0.0416947 0.000318897
6 0.293736 0.502017 0.0233506 0.0396772 0.000321606
0 0.00352113 0.893746 0.00704225 0.121049 0.000321922
6 0.991475 0.965703 0.0148258 0.0659045 0.000326424
6 0.29003 0.493275 0.0789474 0.0894418 0.000330725
9 0.0715345 0.994284 0.04596 0.0114324 0.000333822
9 0.0309489 0.970746 0.0559674 0.0531271 0.000334755
6 0.640104 0.566241 0.0185322 0.0363147 0.000336962
9 0.0698666 0.987223 0.0352113 0.0255548 0.000340705
9 0.0711638 0.964358 0.0311342 0.0712845 0.000345045
0 0.992958 0.862139 0.0140845 0.275723 0.000345609
5 0.495182 0.950235 0.659007 0.0995293 0.000350985
6 0.705893 0.504707 0.0263158 0.0369872 0.000351484
2 0.147887 0.305313 0.295775 0.441157 0.000366807
6 0.636583 0.539341 0.0811712 0.0793544 0.00037559
6 0.00796887 0.94889 0.0129726 0.102219 0.00037605
6 0.282987 0.47848 0.044848 0.0558171 0.000381188
5 0.504633 0.0268998 0.340623 0.0537996 0.000389588
4 0.487954 0.564896 0.439214 0.313383 0.000403128
6 0.326723 0.468729 0.0307635 0.0363147 0.000403336
6 0.00500371 0.972764 0.0100074 0.0490921 0.000405552
6 0.718866 0.456288 0.0485545 0.0746469 0.000410835
5 0.318199 0.171822 0.194589 0.248151 0.000412545
6 0.681987 0.458978 0.0326168 0.0423672 0.000413366
6 0.536323 0.467048 0.0622683 0.0585071 0.00041892
6 0.301334 0.493948 0.0296516 0.0369872 0.000419957
6 0.355448 0.476126 0.0318755 0.0430397 0.000438485
6 0.388807 0.479153 0.0296516 0.0544721 0.000445942
6 0.313936 0.508406 0.125278 0.143914 0.000447738
6 0.462194 0.472428 0.0474426 0.067922 0.00045598
6 0.470348 0.520511 0.0963677 0.145259 0.00046953
6 0.26742 0.434096 0.0196442 0.0302623 0.000474451
6 0.279837 0.499664 0.0214974 0.0390047 0.000479613
6 0.710156 0.49731 0.0867309 0.0854069 0.000480158
6 0.273721 0.444855 0.039659 0.0504371 0.000482538
6 0.664196 0.524546 0.0667161 0.0780094 0.000501052
2 0.692735 0.328514 0.343217 0.287155 0.000506216
6 0.350074 0.464358 0.0322461 0.0396772 0.000521853
6 0.724796 0.489913 0.0285397 0.0369872 0.000530836
9 0.964974 0.991258 0.0700519 0.0174849 0.000533724
3 0.8245 0.502354 0.325056 0.870209 0.000549986
6 0.620645 0.537323 0.0374351 0.0430397 0.000550655
8 0.959044 0.995965 0.0411416 0.00806994 0.000572264
6 0.358599 0.519166 0.085619 0.0847344 0.000586544
6 0.289288 0.491258 0.03447 0.0423672 0.000589994
0 0.00759822 0.881641 0.0129726 0.236718 0.000596695
5 0.303744 0.158036 0.378428 0.303968 0.000606847
5 0.500927 0.98655 0.474796 0.0268998 0.000634432
7 0.503521 0.343645 0.0885841 0.131809 0.000639365
6 0.728873 0.445528 0.03447 0.0423672 0.000640047
3 0.143625 0.503699 0.251668 0.862139 0.000641475
6 0.670311 0.495965 0.0381764 0.0517821 0.000647457
9 0.0326168 0.983188 0.0652335 0.0336247 0.000651122
6 0.503706 0.484196 0.0541142 0.0753194 0.000655548
6 0.525204 0.488904 0.0400297 0.0484196 0.000657377
6 0.659007 0.533625 0.02298 0.0342972 0.000665851
6 0.246664 0.439812 0.0366938 0.0443847 0.000706189
6 0.525019 0.525219 0.0641216 0.121049 0.00071598
6 0.358599 0.520511 0.0359526 0.0537996 0.000749478
6 0.363788 0.539005 0.0240919 0.0383322 0.000767221
6 0.667717 0.522865 0.0196442 0.0316073 0.00078166
6 0.631764 0.554136 0.0248332 0.0416947 0.000798978
6 0.437917 0.490585 0.0411416 0.0531271 0.000804901
3 0.691994 0.457633 0.48258 0.503699 0.000859413
9 0.0266864 0.988231 0.0496664 0.0235373 0.000869978
6 0.720904 0.457633 0.0385471 0.0410222 0.00089166
6 0.296516 0.454607 0.0385471 0.0564896 0.000905315
6 0.279466 0.438467 0.0207561 0.0309348 0.00090808
6 0.747776 0.474781 0.0240919 0.0363147 0.00090875
6 0.701631 0.468056 0.0348406 0.0390047 0.000910261
6 0.637509 0.544048 0.0355819 0.0430397 0.000940437
6 0.762046 0.411903 0.028169 0.0477471 0.000952376
6 0.249629 0.424344 0.0277984 0.0376597 0.000952896
6 0.68662 0.454607 0.0455893 0.0685945 0.000973106
6 0.665864 0.526564 0.0315048 0.0484196 0.0009843
6 0.623054 0.55111 0.0289103 0.0383322 0.00102085
6 0.251668 0.4731 0.0400297 0.0477471 0.00107605
6 0.743514 0.445528 0.0296516 0.0437122 0.00108435
3 0.340808 0.456288 0.512602 0.488904 0.00114889
6 0.714974 0.502017 0.0303929 0.0450572 0.00123891
9 0.960526 0.986886 0.0329874 0.0262273 0.00126351
9 0.962194 0.963685 0.0363232 0.0726295 0.00133546
6 0.763343 0.454943 0.0322461 0.0437122 0.00138613
8 0.0932172 0.971083 0.0693106 0.0578346 0.00144135
8 0.0322461 0.96772 0.0615271 0.0645595 0.00151606
5 0.50556 0.142569 0.0882135 0.204438 0.00154381
8 0.0283543 0.990921 0.0537435 0.0181574 0.00156275
8 0.974425 0.985541 0.0444774 0.0289173 0.00163767
8 0.0921053 0.990585 0.0700519 0.0188299 0.00203524
6 0.74685 0.455279 0.0452187 0.0443847 0.00207251
8 0.972387 0.965703 0.0552261 0.0685945 0.00212822
6 0.342105 0.483188 0.051149 0.0598521 0.00216714
6 0.272609 0.447882 0.0233506 0.0349697 0.00258792
6 0.710897 0.488904 0.0378058 0.0430397 0.00274374
6 0.493328 0.532616 0.0748703 0.103564 0.00280798
6 0.297813 0.459987 0.0226093 0.0349697 0.00435848
6 0.273721 0.489913 0.0300222 0.0410222 0.0118324
6 0.289103 0.453262 0.0266864 0.0336247 0.0226873
6 0.757228 0.465703 0.033358 0.0464022 0.0253838
6 0.27576 0.45965 0.0318755 0.0396772 0.028346
6 0.347109 0.473773 0.0233506 0.0329523 0.0313188
6 0.269459 0.474445 0.0274277 0.0437122 0.0748215
6 0.681616 0.4731 0.0429948 0.0490921 0.118223
6 0.337287 0.472428 0.0326168 0.0356422 0.619952
6 0.680504 0.471755 0.0289103 0.0316073 0.649285
3 0.513899 0.489576 0.883988 0.866174 0.66203
4 0.500185 0.550437 0.708302 0.475454 0.817306
5 0.501853 0.156691 0.556709 0.313383 0.90311
2 0.500556 0.314728 0.575612 0.254203 0.912029
