6 0.00742391 0.361074 0.0148478 0.095302 2.16175e-05
6 0.0436154 0.0288591 0.076095 0.0577181 2.16215e-05
0 0.573125 0.439597 0.0824053 0.120805 2.16941e-05
6 0.306607 0.112416 0.0430586 0.0449664 2.17108e-05
6 0.28118 0.0909396 0.0463994 0.0838926 2.17466e-05
6 0.692094 0.446644 0.0337788 0.0489933 2.17653e-05
6 0.407016 0.960403 0.0367483 0.042953 2.19372e-05
6 0.991834 0.309732 0.0163326 0.290604 2.19395e-05
6 0.510022 0.0057047 0.0682999 0.0114094 2.19747e-05
6 0.427803 0.618121 0.015219 0.0469799 2.2017e-05
6 0.854677 0.0375839 0.0471418 0.0308725 2.20546e-05
10 0.988307 0.85 0.0159614 0.153691 2.20699e-05
3 0.30438 0.5 0.60876 1 2.20727e-05
6 0.919451 0.138591 0.0593912 0.066443 2.20877e-05
6 0.752227 0.496644 0.028582 0.0402685 2.20924e-05
6 0.882146 0.424161 0.076095 0.213423 2.21118e-05
6 0.404232 0.978188 0.0504826 0.0369128 2.21549e-05
6 0.541017 0.60302 0.0256125 0.0557047 2.21672e-05
9 0.369154 1 0.0916852 0 2.21783e-05
7 0.410171 0.669463 0.0363771 0.0986577 2.2185e-05
6 0.365999 0.524161 0.0282108 0.0362416 2.22621e-05
6 0.270787 0.577517 0.0471418 0.0624161 2.23028e-05
6 0.108203 0.115772 0.0367483 0.0355705 2.23276e-05
6 0.799555 0.0315436 0.0200445 0.0281879 2.24927e-05
6 0.125464 0.305034 0.0504826 0.242282 2.25311e-05
5 0.319785 0.0395973 0.420564 0.0791946 2.25472e-05
6 0.94098 0.0791946 0.0215293 0.0469799 2.26442e-05
7 0.452673 0.421812 0.00927988 0.0758389 2.26579e-05
6 0.352264 0.61745 0.0282108 0.0469799 2.26626e-05
6 0.491648 0.974161 0.0241277 0.0342282 2.26629e-05
6 0.0708983 0.473826 0.0749814 0.232215 2.26697e-05
6 0.80735 0.992953 0.0460282 0.014094 2.2678e-05
6 0.311433 0.451342 0.081663 0.14698 2.27265e-05
6 0.211396 0.0305369 0.0300668 0.0275168 2.27905e-05
6 0.797327 0.944631 0.0504826 0.102685 2.28086e-05
7 0.518189 0.361074 0.0207869 0.132886 2.28283e-05
7 0.528953 0.427181 0.0118782 0.0825503 2.28675e-05
9 0.257795 1 0.0961396 0 2.28837e-05
6 0.413697 0.988926 0.0308092 0.0221477 2.29072e-05
9 0.918523 0.992953 0.149592 0.014094 2.29188e-05
6 0.420935 0.961074 0.0371195 0.0402685 2.29558e-05
6 0.466221 0.428523 0.0326652 0.0946309 2.30269e-05
6 0.987008 0.340268 0.0200445 0.131544 2.30379e-05
9 0.0883445 0.963423 0.0586489 0.0731544 2.31383e-05
6 0.603563 0.988591 0.0334076 0.0228188 2.3157e-05
5 0.74072 0.171141 0.51856 0.342282 2.31647e-05
6 0.218448 0.993289 0.0612472 0.0134228 2.31793e-05
5 0.333705 0.136242 0.253155 0.175839 2.3244e-05
6 0.986637 0.377181 0.0230141 0.291275 2.32582e-05
6 0.936711 0.119128 0.126578 0.137584 2.32759e-05
6 0.279139 0.980201 0.0356347 0.0395973 2.33403e-05
6 0.687268 0.578859 0.0441722 0.0516779 2.33687e-05
7 0.410728 0.362752 0.0671863 0.110738 2.34103e-05
6 0.396437 0.660403 0.017075 0.0630872 2.34311e-05
9 0.0842613 1 0.0571641 0 2.3448e-05
9 0.381032 0.969799 0.0308092 0.0604027 2.35312e-05
6 0.768745 0.0758389 0.030438 0.0456376 2.35454e-05
9 0.402561 0.967785 0.0352635 0.0644295 2.36128e-05
5 0.667966 0.0288591 0.154788 0.0577181 2.36726e-05
6 0.769302 0.541611 0.0308092 0.0442953 2.36752e-05
6 0.477728 0.978188 0.0452858 0.0328859 2.36805e-05
9 0.145137 0.0130872 0.0430586 0.0261745 2.36845e-05
6 0.760393 0.558389 0.0560505 0.0979866 2.36946e-05
6 0.718448 0.543624 0.0412027 0.0496644 2.37028e-05
9 0.796585 1 0.301411 0 2.37041e-05
6 0.694506 0.960067 0.0185598 0.0516779 2.3766e-05
5 0.168337 0.0187919 0.336674 0.0375839 2.37795e-05
5 0.312732 0.215101 0.117669 0.195302 2.38515e-05
6 0.127877 0.105705 0.0367483 0.0355705 2.39647e-05
7 0.554566 0.377852 0.013363 0.131544 2.40603e-05
6 0.36804 0.617785 0.0233853 0.0436242 2.41348e-05
9 0.2951 1 0.0935412 0 2.41494e-05
9 0.605419 0.978523 0.0423163 0.042953 2.41948e-05
9 0.593727 1 0.0850037 0 2.421e-05
9 0.497958 0.987584 0.128805 0.0248322 2.43497e-05
9 0.728842 0.990268 0.0397179 0.0194631 2.44295e-05
6 0.467706 0.583221 0.0267261 0.052349 2.44373e-05
6 0.98905 0.00973154 0.0219005 0.0194631 2.4442e-05
6 0.690609 0.986577 0.0219005 0.0268456 2.44671e-05
6 0.971232 0.0137584 0.0575353 0.0275168 2.45918e-05
6 0.463437 0.468121 0.444321 0.14698 2.46276e-05
6 0.46882 0.889597 0.0193022 0.124161 2.46483e-05
6 0.304566 0.980201 0.0389755 0.0395973 2.46549e-05
6 0.0369339 0.0711409 0.0634744 0.0604027 2.46589e-05
6 0.644581 0.57953 0.0233853 0.0583893 2.46797e-05
6 0.951373 0.425168 0.0623608 0.234228 2.48033e-05
6 0.196362 0.0949664 0.0267261 0.0395973 2.4919e-05
8 0.994989 0.0436242 0.0100223 0.0872483 2.49312e-05
6 0.0345212 0.491275 0.0690423 0.308725 2.49317e-05
6 0.951002 0.0778523 0.0178174 0.0550336 2.49434e-05
6 0.602264 0.116443 0.0278396 0.0221477 2.49583e-05
9 0.845212 0.00302013 0.0378619 0.00604027 2.50705e-05
6 0.782294 0.0751678 0.0241277 0.033557 2.51693e-05
6 0.394024 0.536242 0.018931 0.0389262 2.51783e-05
6 0.893467 0.104698 0.0846325 0.0684564 2.52691e-05
6 0.850037 0.112752 0.0274684 0.042953 2.52753e-05
6 0.216036 0.528188 0.0690423 0.0577181 2.53126e-05
9 0.93801 0.98557 0.0363771 0.0288591 2.5334e-05
6 0.243504 0.993289 0.0556793 0.0134228 2.54299e-05
6 0.353192 0.618121 0.0642168 0.0778523 2.54689e-05
6 0.749629 0.92651 0.0723831 0.137584 2.54809e-05
9 0.566073 0.989933 0.0311804 0.0201342 2.54816e-05
6 0.194321 0.419463 0.0805494 0.138255 2.55087e-05
7 0.49833 0.376846 0.0174462 0.0758389 2.5534e-05
7 0.544729 0.362416 0.0159614 0.134228 2.55476e-05
6 0.53879 0.00604027 0.018931 0.0120805 2.55602e-05
6 0.494803 0.460738 0.0178174 0.0731544 2.55638e-05
6 0.894395 0.0734899 0.0894581 0.0758389 2.55639e-05
9 0.881403 1 0.237194 0 2.56243e-05
6 0.366184 0.991275 0.0300668 0.0174497 2.56668e-05
9 0.983296 1 0.0334076 0 2.57341e-05
5 0.418708 0.0298658 0.181143 0.0597315 2.57983e-05
6 0.752042 0.529866 0.0319228 0.0543624 2.5851e-05
3 0.810134 0.412752 0.379733 0.825503 2.58855e-05
6 0.614328 0.260738 0.122494 0.126846 2.59499e-05
7 0.49536 0.872483 0.0204157 0.061745 2.59499e-05
5 0.900148 0.0177852 0.199703 0.0355705 2.59559e-05
5 0.728656 0.0895973 0.427617 0.151007 2.59955e-05
9 0.922606 1 0.0619896 0 2.60522e-05
6 0.495917 0.603691 0.0386043 0.0651007 2.60535e-05
7 0.367483 0.369128 0.095026 0.158389 2.61129e-05
6 0.171121 0.905369 0.0727543 0.136913 2.61634e-05
5 0.317001 0.0312081 0.144766 0.0624161 2.61962e-05
6 0.897921 0.0610738 0.0244989 0.0697987 2.62687e-05
6 0.81199 0.899329 0.0961396 0.165101 2.63375e-05
6 0.454343 0.582215 0.0244989 0.047651 2.63742e-05
7 0.556422 0.385235 0.0081663 0.0899329 2.64827e-05
6 0.239978 0.0684564 0.0256125 0.0483221 2.64848e-05
6 0.988864 0.278859 0.0222717 0.283893 2.64963e-05
7 0.525427 0.405705 0.0174462 0.142953 2.6539e-05
6 0.943764 0.107047 0.0671863 0.038255 2.65702e-05
6 0.994618 0.975839 0.0107647 0.0483221 2.6678e-05
6 0.0109503 0.356711 0.0219005 0.203356 2.67442e-05
5 0.0432442 0.0090604 0.0864885 0.0181208 2.68229e-05
6 0.553823 0.549329 0.0193022 0.0315436 2.68833e-05
6 0.432814 0.102685 0.0230141 0.0818792 2.69489e-05
6 0.257795 0.811074 0.0293244 0.156376 2.69986e-05
6 0.376949 0.575839 0.0241277 0.0563758 2.70474e-05
6 0.142353 0.385235 0.0723831 0.295302 2.71326e-05
6 0.857275 0.0543624 0.0597624 0.0416107 2.71602e-05
6 0.255382 0.902013 0.0861173 0.148993 2.71675e-05
6 0.72216 0.0701342 0.0560505 0.0744966 2.7169e-05
9 0.665182 0.990604 0.179659 0.0187919 2.71949e-05
6 0.67075 0.943624 0.0445434 0.0872483 2.72224e-05
6 0.143838 0.104698 0.0345212 0.0348993 2.72706e-05
6 0.384929 0.637919 0.0163326 0.0557047 2.73363e-05
9 0.954343 0.958725 0.091314 0.0825503 2.73425e-05
6 0.79974 0.524161 0.0835189 0.0832215 2.73869e-05
6 0.353192 0.0583893 0.0434298 0.0362416 2.74237e-05
6 0.0434298 0.694631 0.0690423 0.339597 2.75034e-05
6 0.367483 0.554362 0.0193022 0.0348993 2.75292e-05
6 0.244246 0.561745 0.0682999 0.0845638 2.75508e-05
6 0.534336 0.0100671 0.0701559 0.0201342 2.76009e-05
6 0.278582 0.991946 0.0308092 0.0161074 2.7607e-05
5 0.749443 0.267114 0.315516 0.291275 2.76556e-05
6 0.520787 0.62651 0.0334076 0.0744966 2.77219e-05
7 0.369339 0.352685 0.0222717 0.121477 2.78096e-05
6 0.343912 0.994295 0.049369 0.0114094 2.78262e-05
6 0.753155 0.0714765 0.064588 0.0704698 2.78601e-05
6 0.987936 0.983557 0.0159614 0.0328859 2.79138e-05
7 0.817558 0.900336 0.0345212 0.199329 2.79334e-05
7 0.505011 0.859732 0.0226429 0.052349 2.79513e-05
9 0.33389 1 0.0924276 0 2.7982e-05
6 0.731626 0.547651 0.0371195 0.0469799 2.79893e-05
5 0.293801 0.0966443 0.18003 0.148993 2.79951e-05
9 0.869896 0.00469799 0.0441722 0.00939597 2.82342e-05
5 0.740349 0.0110738 0.114699 0.0221477 2.82493e-05
6 0.555308 0.971141 0.0259837 0.0348993 2.83193e-05
5 0.255939 0.175503 0.511878 0.351007 2.83511e-05
0 0.987565 0.704698 0.0211581 0.390604 2.84299e-05
9 0.729955 0.978523 0.0478842 0.042953 2.85112e-05
6 0.769859 0.0741611 0.0155902 0.0261745 2.85192e-05
6 0.967335 0.285906 0.0653304 0.251007 2.85781e-05
5 0.358575 0.212416 0.110616 0.167114 2.86677e-05
6 0.867112 0.0610738 0.0326652 0.0295302 2.86747e-05
9 0.0681143 0.988926 0.0404603 0.0221477 2.87455e-05
6 0.823125 0.0785235 0.0426875 0.085906 2.87718e-05
6 0.288976 0.110738 0.0115071 0.0201342 2.88021e-05
6 0.154232 0.102349 0.0256125 0.0355705 2.8827e-05
6 0.457127 0.604027 0.0196733 0.0644295 2.88342e-05
6 0.479213 0.603691 0.0252413 0.066443 2.88824e-05
6 0.604677 0.122148 0.043801 0.042953 2.88878e-05
9 0.568114 0.979866 0.0367483 0.0402685 2.89164e-05
9 0.590757 0.989933 0.0315516 0.0201342 2.89402e-05
9 0.428916 0.968121 0.0300668 0.0637584 2.8943e-05
9 0.915367 1 0.153675 0 2.89692e-05
6 0.706756 0.95604 0.0237565 0.0543624 2.9022e-05
9 0.853935 1 0.0939124 0 2.90303e-05
0 0.992205 0.822148 0.0155902 0.221477 2.90496e-05
9 0.236637 1 0.293615 0 2.91368e-05
6 0.874536 0.0208054 0.0579065 0.0416107 2.92849e-05
9 0.52654 1 0.0619896 0 2.9306e-05
6 0.850037 0.474161 0.138827 0.279866 2.93106e-05
6 0.874907 0.986242 0.0831477 0.0275168 2.93381e-05
9 0.684113 1 0.289532 0 2.94052e-05
6 0.478656 0.889933 0.0211581 0.0644295 2.94551e-05
6 0.473831 0.101007 0.0196733 0.0812081 2.94572e-05
6 0.370824 0.0268456 0.0601336 0.0536913 2.94614e-05
7 0.512621 0.380537 0.0155902 0.0818792 2.95649e-05
4 0.98905 0.740604 0.0219005 0.428859 2.95856e-05
7 0.493318 0.362081 0.0185598 0.125503 2.96719e-05
6 0.760208 0.0520134 0.0972532 0.104027 2.98444e-05
5 0.352079 0.083557 0.367112 0.155034 2.99126e-05
9 0.95657 0.995638 0.0868597 0.00872483 2.99215e-05
9 0.347253 1 0.268374 0 2.99662e-05
9 0.704343 0.992617 0.0330364 0.0147651 3.01133e-05
5 0.503712 0.231544 0.0504826 0.110067 3.01253e-05
5 0.547142 0.054698 0.115813 0.109396 3.02046e-05
6 0.289718 0.110403 0.0241277 0.0879195 3.02285e-05
5 0.871381 0.811409 0.257238 0.377181 3.02834e-05
6 0.799926 0.0305369 0.0289532 0.0610738 3.03063e-05
6 0.644952 0.633557 0.0746102 0.107383 3.03621e-05
6 0.84614 0.519127 0.0983667 0.112081 3.04259e-05
6 0.435226 0.117114 0.0196733 0.0355705 3.05688e-05
6 0.703415 0.923154 0.0712695 0.12953 3.06099e-05
5 0.644024 0.122819 0.71121 0.245638 3.06731e-05
0 0.0105791 0.84094 0.0144766 0.318121 3.06842e-05
6 0.0348924 0.332215 0.0697847 0.280537 3.06926e-05
9 0.374907 1 0.0682999 0 3.07029e-05
5 0.463066 0.926846 0.446548 0.0966443 3.07268e-05
9 0.432442 0.991611 0.0467706 0.0167785 3.08303e-05
6 0.741091 0.602349 0.062732 0.0932886 3.09372e-05
7 0.348181 0.449329 0.0141054 0.0557047 3.1109e-05
6 0.556793 0.488255 0.0111359 0.038255 3.12086e-05
6 0.115627 0.052349 0.0649592 0.0389262 3.12356e-05
6 0.4768 0.89094 0.0196733 0.128188 3.13521e-05
9 0.63196 1 0.0887157 0 3.15339e-05
10 0.944692 0.817114 0.0905716 0.35906 3.16727e-05
7 0.538604 0.401678 0.0497402 0.110738 3.17215e-05
9 0.152376 1 0.0612472 0 3.17432e-05
6 0.0987379 0.105034 0.0415739 0.0369128 3.17498e-05
9 0.705642 1 0.0972532 0 3.1821e-05
6 0.479399 0.553691 0.0248701 0.0442953 3.18353e-05
6 0.269673 0.993624 0.0441722 0.0127517 3.18476e-05
9 0.859131 0.00268456 0.0374907 0.00536913 3.19016e-05
6 0.603378 0.109396 0.0315516 0.0805369 3.19114e-05
6 0.909243 0.101678 0.0226429 0.0395973 3.19685e-05
6 0.282108 0.621141 0.0682999 0.0704698 3.19948e-05
5 0.116741 0.011745 0.203786 0.0234899 3.20145e-05
6 0.678359 0.991611 0.0315516 0.0167785 3.21335e-05
6 0.53879 0.974161 0.0894581 0.0516779 3.21635e-05
9 0.126206 0.991275 0.115813 0.0174497 3.21846e-05
9 0.957869 0.0798658 0.049369 0.0657718 3.21974e-05
6 0.991277 0.0114094 0.0174462 0.0228188 3.22722e-05
5 0.803452 0.0161074 0.142168 0.0322148 3.23106e-05
5 0.213252 0.0848993 0.0953972 0.0919463 3.23157e-05
6 0.858389 0.757718 0.0872309 0.248322 3.23407e-05
6 0.412584 0.660403 0.0181886 0.0604027 3.23894e-05
6 0.619896 0.521141 0.0378619 0.0449664 3.24223e-05
6 0.43634 0.0932886 0.0560505 0.0684564 3.24995e-05
4 0.0686711 0.601678 0.110616 0.536242 3.25009e-05
9 0.617298 0.988926 0.0319228 0.0221477 3.25373e-05
9 0.817372 1 0.0957684 0 3.25433e-05
9 0.0460282 0.988255 0.0920564 0.0234899 3.25873e-05
9 0.152376 0.00671141 0.0419451 0.0134228 3.25932e-05
5 0.364885 0.880872 0.420193 0.0852349 3.26063e-05
6 0.436526 0.572483 0.0267261 0.0402685 3.27232e-05
5 0.852636 0.0956376 0.294729 0.191275 3.28573e-05
6 0.589458 0.635235 0.0200445 0.0543624 3.29715e-05
6 0.691908 0.928859 0.0348924 0.142282 3.31466e-05
6 0.75464 0.0785235 0.0311804 0.0469799 3.32306e-05
6 0.309391 0.942953 0.0449146 0.085906 3.32428e-05
6 0.394024 0.570134 0.0204157 0.0395973 3.32502e-05
6 0.235895 0.0526846 0.0389755 0.0436242 3.33304e-05
9 0.0102079 0.0033557 0.0159614 0.00671141 3.33469e-05
6 0.273571 0.114765 0.0616184 0.0818792 3.33608e-05
2 0.508909 0.401678 0.351151 0.151007 3.34988e-05
6 0.259651 0.94396 0.0671863 0.0959732 3.35328e-05
6 0.186154 0.522819 0.105791 0.206711 3.35524e-05
6 0.624722 0.968792 0.0274684 0.0342282 3.37086e-05
6 0.85876 0.402013 0.0642168 0.201342 3.3805e-05
9 0.336303 1 0.0690423 0 3.39053e-05
5 0.616555 0.0416107 0.173719 0.0832215 3.39134e-05
5 0.115442 0.0815436 0.216778 0.0852349 3.3953e-05
6 0.992391 0.359396 0.015219 0.134899 3.41087e-05
6 0.388827 0.979866 0.0345212 0.0402685 3.42728e-05
6 0.672977 0.442617 0.0549369 0.057047 3.43018e-05
6 0.4317 0.102013 0.0111359 0.0228188 3.43509e-05
6 0.472346 0.0959732 0.0137342 0.0268456 3.45907e-05
6 0.981997 0.348993 0.0360059 0.251007 3.47897e-05
6 0.634558 0.52953 0.0508537 0.0389262 3.48681e-05
6 0.32758 0.597315 0.0998515 0.146309 3.48964e-05
6 0.590015 0.625503 0.0553081 0.0778523 3.49437e-05
6 0.96882 0.152349 0.0378619 0.10604 3.50978e-05
6 0.50464 0.0174497 0.110245 0.0348993 3.50995e-05
5 0.813474 0.131208 0.190423 0.171141 3.52203e-05
9 0.263734 1 0.0671863 0 3.5262e-05
9 0.628062 0.99094 0.0289532 0.0181208 3.54074e-05
6 0.5915 0.969799 0.0308092 0.033557 3.54467e-05
6 0.523942 0.466107 0.0115071 0.0503356 3.56277e-05
9 0.441166 0.989262 0.0337788 0.0214765 3.57038e-05
9 0.188567 1 0.0653304 0 3.57992e-05
6 0.0250557 0.142953 0.0501114 0.102013 3.58817e-05
6 0.631403 0.57349 0.0430586 0.047651 3.5899e-05
6 0.1134 0.0791946 0.0419451 0.0281879 3.59685e-05
6 0.433927 0.59094 0.0252413 0.047651 3.60292e-05
6 0.668151 0.981208 0.0393467 0.0375839 3.63715e-05
7 0.398478 0.417114 0.0642168 0.138926 3.64408e-05
6 0.0335932 0.059396 0.0671863 0.118792 3.64769e-05
6 0.991277 0.105705 0.0144766 0.0610738 3.65315e-05
9 0.562361 1 0.0631032 0 3.66152e-05
9 0.300668 1 0.0682999 0 3.66595e-05
6 0.440238 0.628523 0.126206 0.122819 3.66938e-05
9 0.669265 1 0.0927988 0 3.67396e-05
6 0.318486 0.994295 0.0497402 0.0114094 3.68898e-05
10 0.980327 0.788255 0.0259837 0.342953 3.69176e-05
6 0.989607 0.00704698 0.0148478 0.014094 3.69301e-05
6 0.607832 0.968792 0.0412027 0.0369128 3.71019e-05
5 0.165182 0.0395973 0.157387 0.0791946 3.72592e-05
0 0.992019 0.0855705 0.0159614 0.057047 3.72723e-05
9 0.226615 1 0.0686711 0 3.73626e-05
6 0.927988 0.116443 0.0371195 0.090604 3.74315e-05
6 0.315145 0.927852 0.0809206 0.141611 3.75952e-05
7 0.857275 0.87953 0.0434298 0.24094 3.76702e-05
2 0.5 0.947315 1 0.105369 3.76808e-05
6 0.486637 0.507047 0.0705271 0.0718121 3.77425e-05
7 0.52654 0.38255 0.0122494 0.0791946 3.7778e-05
6 0.580364 0.638255 0.0204157 0.0697987 3.78848e-05
6 0.425947 0.980873 0.028582 0.038255 3.79006e-05
6 0.858018 0.0258389 0.0501114 0.0516779 3.80416e-05
6 0.90052 0.121477 0.0289532 0.042953 3.81962e-05
4 0.271529 0.75 0.543059 0.5 3.83546e-05
6 0.694135 0.994631 0.0452858 0.0107383 3.83609e-05
6 0.460653 0.639597 0.0155902 0.0469799 3.8622e-05
6 0.515961 0.578859 0.0252413 0.0489933 3.87098e-05
6 0.752784 0.989597 0.0631032 0.0208054 3.8761e-05
6 0.767075 0.910738 0.0523385 0.178523 3.87823e-05
9 0.383259 0.992617 0.0441722 0.0147651 3.87909e-05
9 0.00705271 0.00637584 0.0141054 0.0127517 3.88319e-05
6 0.187825 0.525503 0.0876021 0.0926175 3.89732e-05
6 0.867669 0.085906 0.0308092 0.0281879 3.90992e-05
9 0.910171 0.958389 0.103935 0.0832215 3.91901e-05
6 0.240349 0.0677852 0.0738679 0.0899329 3.92517e-05
5 0.377691 0.15906 0.755382 0.318121 3.92601e-05
9 0.898664 0.0600671 0.0200445 0.0315436 3.9501e-05
6 0.481997 0.987248 0.0708983 0.0255034 3.97619e-05
6 0.301596 0.454027 0.0204157 0.0463087 3.9874e-05
9 0.392353 0.975503 0.0371195 0.0489933 3.99129e-05
6 0.993133 0.926846 0.0137342 0.146309 3.99346e-05
5 0.341871 0.0761745 0.15516 0.102685 4.00156e-05
6 0.989792 0.0251678 0.0115071 0.0503356 4.01269e-05
5 0.18337 0.304362 0.331849 0.403356 4.01329e-05
9 0.117669 0.991611 0.0623608 0.0167785 4.01541e-05
6 0.181886 0.939933 0.077951 0.108054 4.03054e-05
6 0.288048 0.592953 0.0556793 0.0651007 4.03432e-05
6 0.716221 0.396644 0.0738679 0.14094 4.07807e-05
6 0.719562 0.457383 0.0419451 0.0436242 4.09259e-05
6 0.223645 0.933893 0.062732 0.120134 4.09592e-05
6 0.616184 0.634564 0.0178174 0.0449664 4.10238e-05
6 0.98905 0.96443 0.0181886 0.0711409 4.10705e-05
6 0.527468 0.602685 0.0289532 0.0577181 4.10747e-05
5 0.859503 0.0808725 0.128805 0.066443 4.10995e-05
6 0.652747 0.59094 0.0256125 0.0449664 4.11099e-05
6 0.990349 0.05 0.0103935 0.066443 4.11808e-05
6 0.669451 0.0107383 0.0196733 0.0214765 4.11825e-05
7 0.437825 0.390268 0.0345212 0.106711 4.12642e-05
6 0.294543 0.993624 0.045657 0.0127517 4.12833e-05
6 0.554937 0.526846 0.017075 0.033557 4.13629e-05
6 0.576837 0.535906 0.0259837 0.0436242 4.13702e-05
6 0.511693 0.605369 0.0419451 0.0657718 4.14132e-05
6 0.398107 0.630872 0.0515961 0.0644295 4.15472e-05
5 0.163697 0.0416107 0.327394 0.0832215 4.161e-05
7 0.655531 0.422483 0.03415 0.141611 4.17419e-05
6 0.377134 0.518792 0.0178174 0.0308725 4.18149e-05
6 0.370453 0.00704698 0.043801 0.014094 4.18639e-05
6 0.736637 0.54698 0.0530809 0.0778523 4.18924e-05
6 0.757053 0.0751678 0.0204157 0.0268456 4.19198e-05
7 0.570156 0.378859 0.0155902 0.121477 4.21185e-05
6 0.378248 0.618792 0.030438 0.0563758 4.21187e-05
7 0.427803 0.4 0.0115071 0.128859 4.21835e-05
5 0.416481 0.00302013 0.141797 0.00604027 4.23416e-05
9 0.625093 0.972483 0.0356347 0.0550336 4.2366e-05
6 0.591128 0.981879 0.0367483 0.0362416 4.24995e-05
5 0.682814 0.103356 0.18003 0.143624 4.25098e-05
6 0.432814 0.114094 0.0081663 0.0147651 4.25828e-05
7 0.50631 0.333893 0.0616184 0.0852349 4.26073e-05
6 0.045657 0.100336 0.091314 0.0731544 4.26149e-05
5 0.732925 0.0204698 0.197105 0.0409396 4.26498e-05
6 0.260579 0.790268 0.0408315 0.0812081 4.27551e-05
5 0.664254 0.00738255 0.136971 0.0147651 4.29312e-05
6 0.585375 0.119128 0.0386043 0.0785235 4.29539e-05
6 0.613029 0.599329 0.168151 0.151678 4.30313e-05
6 0.602079 0.104362 0.0230141 0.0221477 4.30397e-05
9 0.584633 0.997987 0.219748 0.00402685 4.32284e-05
9 0.443393 0.97651 0.0374907 0.0469799 4.33776e-05
6 0.601151 0.52047 0.0211581 0.0355705 4.34804e-05
6 0.856347 0.121141 0.0571641 0.155034 4.35528e-05
5 0.791945 0.930537 0.41611 0.138926 4.3634e-05
4 0.518374 0.831879 0.600965 0.145638 4.38262e-05
6 0.771529 0.947651 0.0478842 0.0993289 4.39119e-05
2 0.242762 0.914094 0.485523 0.171812 4.42937e-05
6 0.571826 0.610738 0.0270973 0.0483221 4.47678e-05
6 0.833333 0.0278523 0.0541945 0.0557047 4.49734e-05
9 0.9317 1 0.0749814 0 4.5006e-05
6 0.506496 0.584899 0.0330364 0.0530201 4.52343e-05
5 0.523757 0.21443 0.0400891 0.124161 4.52922e-05
6 0.376578 0.531208 0.0204157 0.0409396 4.53115e-05
6 0.283964 0.944295 0.0512249 0.0899329 4.532e-05
5 0.8183 0.113423 0.3634 0.226846 4.54195e-05
6 0.535264 0.495973 0.161841 0.0966443 4.55315e-05
9 0.555122 0.980537 0.032294 0.0389262 4.56589e-05
6 0.641982 0.988255 0.0449146 0.0234899 4.56943e-05
6 0.0595768 0.40604 0.0768374 0.249664 4.58224e-05
9 0.830364 0.00738255 0.0497402 0.0147651 4.62972e-05
9 0.541203 0.983893 0.0296956 0.0322148 4.6477e-05
9 0.419265 0.988926 0.116184 0.0221477 4.65512e-05
5 0.315887 0.884899 0.576837 0.230201 4.65681e-05
5 0.814588 0.883893 0.370824 0.166443 4.69788e-05
6 0.46288 0.516107 0.081663 0.0563758 4.70515e-05
6 0.811433 0.797651 0.12101 0.153691 4.75453e-05
5 0.530067 0.127517 0.293244 0.128859 4.76342e-05
7 0.639013 0.380872 0.0382331 0.0932886 4.78226e-05
6 0.372123 0.014094 0.0605048 0.0281879 4.78706e-05
5 0.836674 0.0483221 0.326652 0.0966443 4.8021e-05
6 0.436526 0.531208 0.0274684 0.0369128 4.805e-05
5 0.731069 0.204027 0.0664439 0.234899 4.80524e-05
6 0.484967 0.535906 0.0233853 0.0463087 4.81482e-05
9 0.922049 0.974497 0.155902 0.0510067 4.87478e-05
6 0.57925 0.969128 0.0293244 0.0348993 4.89867e-05
6 0.435783 0.0187919 0.0957684 0.0375839 4.90363e-05
6 0.528025 0.583893 0.032294 0.0469799 4.94907e-05
6 0.242947 0.534564 0.0582777 0.057047 4.96069e-05
6 0.853378 0.0607383 0.0393467 0.0275168 4.96694e-05
5 0.20026 0.208389 0.220861 0.226175 4.98178e-05
9 0.160728 0.995302 0.091314 0.00939597 5.02814e-05
6 0.642539 0.625168 0.0430586 0.0785235 5.03619e-05
9 0.59317 0.991275 0.0497402 0.0174497 5.04978e-05
2 0.904603 0.360738 0.105419 0.265101 5.05457e-05
6 0.569413 0.98255 0.03415 0.0348993 5.07169e-05
9 0.0749814 0.984564 0.0623608 0.0308725 5.10981e-05
5 0.682999 0.197651 0.167038 0.238255 5.15418e-05
6 0.251856 0.47651 0.0887157 0.13557 5.15418e-05
7 0.483667 0.378523 0.0348924 0.110067 5.23648e-05
9 0.466964 0.978859 0.0400891 0.0422819 5.24005e-05
9 0.966221 0.975168 0.0408315 0.0483221 5.24459e-05
9 0.600037 1 0.0597624 0 5.28397e-05
6 0.867854 0.0104027 0.030438 0.0208054 5.28811e-05
7 0.541574 0.386577 0.0126206 0.0979866 5.29491e-05
6 0.753898 0.473154 0.0415739 0.0604027 5.3154e-05
5 0.92539 0.0513423 0.14922 0.0583893 5.36781e-05
6 0.49239 0.584899 0.0278396 0.047651 5.37214e-05
9 0.405902 0.991275 0.0486266 0.0174497 5.38001e-05
6 0.95026 0.138591 0.091314 0.0691275 5.3819e-05
6 0.451188 0.470805 0.0129918 0.0409396 5.44537e-05
7 0.639941 0.42047 0.0326652 0.12953 5.48728e-05
6 0.183185 0.336577 0.105048 0.163087 5.49602e-05
6 0.426875 0.597987 0.0148478 0.0456376 5.51483e-05
6 0.467892 0.564094 0.105048 0.0932886 5.54059e-05
6 0.553081 0.512081 0.0163326 0.0375839 5.61026e-05
6 0.174833 0.439597 0.0920564 0.245638 5.61793e-05
6 0.629733 0.197315 0.174833 0.186577 5.64385e-05
6 0.567372 0.55302 0.0226429 0.0402685 5.64585e-05
6 0.230327 0.525839 0.156273 0.281208 5.65892e-05
6 0.698033 0.562081 0.0397179 0.0516779 5.70197e-05
5 0.937082 0.0439597 0.125835 0.0879195 5.71895e-05
6 0.11637 0.10302 0.0315516 0.0624161 5.74984e-05
9 0.314031 0.977181 0.284336 0.0456376 5.75726e-05
9 0.580364 0.971812 0.0389755 0.0563758 5.76632e-05
6 0.984781 0.0577181 0.030438 0.0993289 5.81961e-05
5 0.319228 0.951342 0.403118 0.0973154 5.82151e-05
5 0.67873 0.986913 0.410913 0.0261745 5.8624e-05
6 0.766518 0.512416 0.0311804 0.0409396 5.869e-05
5 0.828879 0.19094 0.199703 0.180537 5.87189e-05
6 0.733111 0.550336 0.106162 0.136913 5.87217e-05
6 0.441908 0.55 0.0181886 0.0355705 5.87893e-05
9 0.637342 1 0.0623608 0 5.97578e-05
6 0.541759 0.578859 0.0233853 0.038255 5.98608e-05
9 0.0894581 0.991946 0.0660728 0.0161074 6.08021e-05
5 0.331663 0.124161 0.143653 0.120805 6.08496e-05
9 0.924647 0.0748322 0.0824053 0.0463087 6.08573e-05
6 0.582962 0.116107 0.0278396 0.0268456 6.0958e-05
9 0.666481 0.981544 0.228285 0.0369128 6.09957e-05
5 0.748144 0.0795302 0.105791 0.0973154 6.10077e-05
5 0.876392 0.116107 0.212324 0.131544 6.14318e-05
6 0.358203 0.568792 0.0282108 0.0449664 6.14773e-05
6 0.539532 0.551678 0.0241277 0.0375839 6.14891e-05
6 0.28415 0.468121 0.0226429 0.0449664 6.15853e-05
6 0.666481 0.984899 0.0300668 0.0302013 6.18189e-05
5 0.290646 0.83557 0.398664 0.162416 6.22433e-05
6 0.352264 0.557383 0.0244989 0.0422819 6.23208e-05
6 0.85412 0.083557 0.0497402 0.0328859 6.24143e-05
6 0.931329 0.118792 0.0905716 0.0630872 6.29776e-05
6 0.899035 0.10604 0.0356347 0.0416107 6.4465e-05
5 0.491277 0.092953 0.252042 0.0973154 6.57158e-05
6 0.454157 0.551678 0.0219005 0.0362416 6.58624e-05
5 0.535264 0.149664 0.0942836 0.169128 6.60294e-05
6 0.354491 0.524497 0.0282108 0.0369128 6.60912e-05
9 0.673534 1 0.0642168 0 6.62742e-05
5 0.698404 0.869128 0.495546 0.146309 6.63644e-05
6 0.290831 0.59396 0.076095 0.130201 6.66925e-05
9 0.283222 0.986242 0.0586489 0.0275168 6.66929e-05
5 0.72977 0.150671 0.195249 0.219463 6.67961e-05
9 0.970861 0.960403 0.0582777 0.0791946 6.73216e-05
2 0.749629 0.359396 0.249072 0.23557 6.74589e-05
6 0.957684 0.097651 0.0259837 0.0959732 6.75473e-05
6 0.831477 0.0167785 0.0527097 0.033557 6.75878e-05
9 0.55605 0.991946 0.0460282 0.0161074 6.75974e-05
9 0.453415 0.982215 0.0382331 0.0355705 6.80741e-05
6 0.368782 0.598322 0.0211581 0.0422819 6.81462e-05
5 0.821641 0.226175 0.356719 0.452349 6.82135e-05
2 0.321641 0.385235 0.186711 0.216107 6.83227e-05
9 0.63029 0.992282 0.047513 0.0154362 6.87626e-05
6 0.465108 0.624832 0.0178174 0.0590604 6.89261e-05
5 0.293615 0.912752 0.412769 0.0966443 6.91209e-05
9 0.479027 0.973826 0.0360059 0.052349 6.92273e-05
5 0.245917 0.0496644 0.139941 0.0993289 6.92935e-05
6 0.370638 0.57953 0.0196733 0.0369128 6.93533e-05
3 0.167038 0.432886 0.334076 0.865772 6.95003e-05
5 0.286748 0.0231544 0.203044 0.0463087 6.99353e-05
6 0.698218 0.94396 0.0408315 0.0785235 7.04576e-05
9 0.0532665 0.994966 0.0857461 0.0100671 7.06229e-05
6 0.746659 0.947987 0.0441722 0.0812081 7.07633e-05
6 0.809391 0.033557 0.028582 0.0671141 7.07793e-05
6 0.812546 0.470134 0.138827 0.187248 7.09744e-05
6 0.722717 0.406711 0.0452858 0.0912752 7.1093e-05
9 0.540646 0.991275 0.0315516 0.0174497 7.13794e-05
6 0.51559 0.471476 0.0163326 0.0583893 7.17697e-05
6 0.415553 0.526846 0.234224 0.147651 7.21031e-05
9 0.747773 1 0.0642168 0 7.22732e-05
4 0.320527 0.635235 0.346325 0.396644 7.23864e-05
5 0.812546 0.0684564 0.192279 0.119463 7.27046e-05
7 0.529324 0.366107 0.0423163 0.0932886 7.30863e-05
6 0.853378 0.107718 0.0571641 0.0583893 7.3232e-05
6 0.555122 0.599329 0.0263549 0.0469799 7.32746e-05
9 0.516147 0.984564 0.0374907 0.0308725 7.33185e-05
6 0.958055 0.104027 0.0274684 0.0375839 7.34139e-05
6 0.984781 0.937584 0.030438 0.124832 7.39749e-05
9 0.710653 1 0.0649592 0 7.42038e-05
6 0.899035 0.085906 0.030438 0.0389262 7.4596e-05
6 0.750186 0.512081 0.0289532 0.0389262 7.4983e-05
9 0.709354 0.980537 0.0631032 0.0389262 7.53727e-05
10 0.626021 0.44396 0.0226429 0.0503356 7.56526e-05
6 0.752227 0.430537 0.05902 0.102685 7.59004e-05
6 0.541017 0.494966 0.0137342 0.0369128 7.60799e-05
10 0.604677 0.345302 0.0111359 0.0557047 7.65803e-05
2 0.719191 0.88255 0.561618 0.234899 7.67155e-05
6 0.2732 0.551342 0.0393467 0.057047 7.67886e-05
6 0.761136 0.48255 0.0998515 0.17047 7.7419e-05
6 0.281552 0.927852 0.0835189 0.12953 7.74934e-05
7 0.41314 0.380872 0.142539 0.125503 7.79464e-05
9 0.975316 0.987248 0.0478842 0.0255034 7.81558e-05
5 0.831292 0.962416 0.337416 0.0751678 7.82701e-05
6 0.677803 0.575839 0.0556793 0.0791946 7.84515e-05
6 0.276355 0.491946 0.0248701 0.0389262 7.8613e-05
6 0.981997 0.263087 0.0360059 0.197315 7.89068e-05
6 0.927988 0.979195 0.0415739 0.0416107 7.90462e-05
2 0.490535 0.880537 0.499258 0.118121 7.93191e-05
6 0.318671 0.472819 0.0174462 0.0328859 7.97542e-05
6 0.940609 0.0993289 0.0289532 0.0765101 7.99364e-05
6 0.675204 0.588591 0.03415 0.0604027 8.00495e-05
6 0.293615 0.464094 0.0467706 0.102685 8.01702e-05
10 0.992947 0.0815436 0.0141054 0.134899 8.06944e-05
6 0.318114 0.458054 0.0393467 0.0691275 8.07202e-05
6 0.285264 0.573825 0.0449146 0.0510067 8.07451e-05
6 0.728471 0.929866 0.0367483 0.140268 8.11086e-05
9 0.542316 0.981879 0.0356347 0.0362416 8.12695e-05
6 0.576837 0.0151007 0.103192 0.0302013 8.17755e-05
6 0.475316 0.51745 0.168894 0.0805369 8.19953e-05
6 0.427803 0.585235 0.018931 0.0348993 8.24434e-05
7 0.499814 0.687584 0.076095 0.187248 8.24917e-05
9 0.991091 0.970134 0.0178174 0.0597315 8.27407e-05
9 0.855048 0.0134228 0.049369 0.0268456 8.30127e-05
9 0.71882 0.99396 0.0501114 0.0120805 8.30565e-05
2 0.179844 0.315101 0.140683 0.28255 8.32846e-05
6 0.57461 0.974832 0.0972532 0.0503356 8.33816e-05
6 0.719562 0.496309 0.0330364 0.038255 8.36393e-05
5 0.772643 0.0308725 0.157016 0.061745 8.3829e-05
5 0.691537 0.917114 0.446177 0.11745 8.42537e-05
9 0.580921 0.98557 0.0467706 0.0288591 8.50319e-05
9 0.383259 0.994295 0.09317 0.0114094 8.51159e-05
9 0.859317 1 0.0638456 0 8.52223e-05
6 0.316258 0.587584 0.0556793 0.0959732 8.5581e-05
6 0.394581 0.520805 0.0178174 0.0295302 8.56386e-05
9 0.785635 1 0.0649592 0 8.68084e-05
9 0.615999 0.971476 0.148107 0.057047 8.73324e-05
6 0.576837 0.496309 0.0668151 0.0785235 8.7443e-05
6 0.755568 0.416443 0.144395 0.243624 8.81806e-05
5 0.13827 0.124161 0.243133 0.185235 8.88644e-05
6 0.716407 0.958389 0.0237565 0.052349 8.91747e-05
6 0.705642 0.601342 0.122494 0.175839 8.96986e-05
6 0.831106 0.0815436 0.0467706 0.0422819 9.0011e-05
5 0.528396 0.894966 0.649963 0.210067 9.03099e-05
6 0.631774 0.621141 0.043801 0.0543624 9.06966e-05
6 0.380475 0.563758 0.0178174 0.0308725 9.0708e-05
9 0.454529 0.970134 0.0419451 0.0597315 9.10189e-05
9 0.195991 0.998658 0.0757238 0.00268456 9.11593e-05
9 0.331292 0.985235 0.0671863 0.0295302 9.139e-05
5 0.877134 0.0506711 0.191537 0.0986577 9.19656e-05
6 0.423905 0.977852 0.0883445 0.0442953 9.24815e-05
5 0.168523 0.911745 0.337045 0.153691 9.25701e-05
9 0.822754 1 0.0634744 0 9.25896e-05
3 0.148107 0.612081 0.296214 0.775839 9.28066e-05
6 0.345026 0.593289 0.049369 0.0845638 9.28139e-05
6 0.25761 0.6 0.0586489 0.0765101 9.30643e-05
6 0.609503 0.630872 0.0282108 0.0630872 9.33137e-05
9 0.461952 0.987919 0.196362 0.0241611 9.3416e-05
6 0.381589 0.598993 0.0222717 0.0436242 9.49398e-05
6 0.592056 0.10906 0.0274684 0.0275168 9.51432e-05
5 0.168708 0.0731544 0.249814 0.132886 9.57592e-05
6 0.461396 0.489597 0.0801782 0.0583893 9.6048e-05
9 0.959725 0.988591 0.0397179 0.0228188 9.63999e-05
6 0.346325 0.92953 0.077951 0.119463 9.64333e-05
9 0.57758 0.987919 0.116555 0.0241611 9.70307e-05
5 0.224573 0.0204698 0.135115 0.0409396 9.73692e-05
5 0.190052 0.119799 0.380104 0.239597 9.79795e-05
9 0.480141 0.987248 0.0449146 0.0255034 9.91186e-05
5 0.839087 0.0369128 0.113215 0.0577181 9.94912e-05
6 0.272086 0.560403 0.0638456 0.112752 0.000100121
5 0.742019 0.0701342 0.2049 0.140268 0.000100318
6 0.59317 0.112752 0.0400891 0.042953 0.000101361
6 0.826281 0.0704698 0.095026 0.0711409 0.00010139
6 0.461396 0.465772 0.0163326 0.0550336 0.000101853
6 0.653489 0.575168 0.0300668 0.0442953 0.000102283
6 0.753155 0.610738 0.0319228 0.0604027 0.000103213
5 0.944506 0.0171141 0.110987 0.0342282 0.000103217
6 0.431886 0.610738 0.0300668 0.0563758 0.000103516
6 0.746474 0.508389 0.0579065 0.0744966 0.000103549
6 0.618782 0.978523 0.043801 0.0322148 0.000104734
9 0.49239 0.984899 0.0315516 0.0302013 0.000105061
9 0.0283964 0.991946 0.0567929 0.0161074 0.000105091
6 0.676875 0.541946 0.0330364 0.0409396 0.000106123
6 0.929844 0.118792 0.0408315 0.0322148 0.000106195
6 0.413883 0.619799 0.0193022 0.0409396 0.000106951
6 0.469005 0.613423 0.0315516 0.0738255 0.000107403
6 0.986266 0.214765 0.0274684 0.186577 0.000107818
2 0.91314 0.301678 0.0601336 0.278524 0.000107833
6 0.404046 0.559396 0.0211581 0.0328859 0.000107898
9 0.924276 0.977852 0.0705271 0.0442953 0.000109193
6 0.273757 0.497987 0.0404603 0.0536913 0.000109195
9 0.555865 0.986913 0.0389755 0.0261745 0.000109847
6 0.405716 0.658725 0.0200445 0.057047 0.000110384
5 0.441537 0.977852 0.359688 0.0442953 0.000110648
5 0.610431 0.0654362 0.555679 0.130872 0.000110906
6 0.507609 0.475503 0.0233853 0.0610738 0.000111061
9 0.0311804 0.97047 0.0460282 0.0442953 0.000111355
9 0.931143 0.0942953 0.0805494 0.0489933 0.00011209
6 0.715108 0.929195 0.0352635 0.141611 0.000112133
0 0.994989 0.87047 0.0100223 0.177181 0.000112758
5 0.645323 0.066443 0.234224 0.107383 0.000113085
9 0.899592 1 0.062732 0 0.000113765
6 0.704714 0.566443 0.0879733 0.116779 0.000114748
5 0.644766 0.142953 0.244989 0.178523 0.000114767
6 0.689866 0.462081 0.0515961 0.0597315 0.000115211
6 0.322197 0.577852 0.0378619 0.052349 0.000116078
5 0.0684855 0.0271812 0.136971 0.0543624 0.000116296
9 0.0386043 0.984899 0.0564217 0.0302013 0.000118069
6 0.733111 0.95 0.0371195 0.0704698 0.000118656
7 0.342799 0.398658 0.0708983 0.159732 0.000119057
5 0.65052 0.0201342 0.208241 0.0402685 0.000119631
6 0.659985 0.6 0.03415 0.0738255 0.000119638
5 0.293244 0.35604 0.586488 0.392617 0.000121321
8 0.927803 0.965101 0.049369 0.0697987 0.000122513
6 0.574981 0.490268 0.0178174 0.0543624 0.000122921
2 0.844655 0.311745 0.173348 0.261074 0.000122963
5 0.538419 0.0399329 0.269859 0.0798658 0.000123388
6 0.702673 0.547987 0.0282108 0.0436242 0.000124583
6 0.764477 0.523154 0.0612472 0.0637584 0.000125629
9 0.682257 0.987584 0.0564217 0.0248322 0.000125956
6 0.920564 0.112081 0.0259837 0.0416107 0.000126485
6 0.115442 0.106376 0.0334076 0.0288591 0.000127156
6 0.561618 0.629195 0.0423163 0.108054 0.000127485
6 0.397921 0.60604 0.160356 0.128859 0.000127757
9 0.306607 0.987584 0.0564217 0.0248322 0.000128522
6 0.414068 0.562081 0.0167038 0.0302013 0.000128639
9 0.866926 0.994631 0.0872309 0.0107383 0.000129551
6 0.342984 0.605705 0.0237565 0.0583893 0.000129615
9 0.912212 0.986242 0.0708983 0.0275168 0.000129779
6 0.34948 0.579195 0.0248701 0.0375839 0.000130444
7 0.41778 0.418792 0.00927988 0.095302 0.000130908
6 0.554751 0.58255 0.0219005 0.0348993 0.000130922
6 0.93931 0.097651 0.0219005 0.0409396 0.000131335
6 0.527097 0.557047 0.030438 0.0442953 0.000132918
5 0.167223 0.948658 0.334447 0.102685 0.000133336
6 0.830735 0.054698 0.0430586 0.0744966 0.000133786
9 0.492762 0.975168 0.0367483 0.0496644 0.000134027
6 0.384929 0.61745 0.017075 0.0375839 0.00013518
9 0.232183 1 0.0753526 0 0.000135487
5 0.446919 0.0127517 0.250186 0.0255034 0.000139102
6 0.612287 0.603691 0.0419451 0.0731544 0.000140669
9 0.331477 0.471812 0.0178174 0.0375839 0.000141108
6 0.569042 0.525839 0.0252413 0.0409396 0.000141598
6 0.58222 0.610738 0.0196733 0.0402685 0.000141598
6 0.810134 0.0315436 0.0211581 0.0322148 0.000142177
6 0.441722 0.475503 0.0118782 0.0302013 0.000142407
5 0.843727 0.992282 0.312546 0.0154362 0.000142709
5 0.111915 0.0536913 0.223831 0.107383 0.000142923
5 0.748144 0.0852349 0.503712 0.17047 0.000143702
5 0.841314 0.0127517 0.142168 0.0255034 0.000147047
6 0.539347 0.531208 0.0230141 0.038255 0.000147264
3 0.889384 0.513758 0.221232 0.883893 0.000147551
6 0.350037 0.601007 0.0222717 0.047651 0.000147569
6 0.527283 0.537248 0.0300668 0.0449664 0.000147929
6 0.807164 0.0154362 0.0204157 0.0308725 0.000148171
6 0.301039 0.581544 0.0348924 0.0543624 0.000149137
7 0.57127 0.424497 0.0126206 0.112081 0.000150465
6 0.420935 0.571812 0.0207869 0.0362416 0.000151376
6 0.585004 0.561745 0.0207869 0.0362416 0.000152389
6 0.412398 0.639597 0.0185598 0.0456376 0.000152669
6 0.264291 0.518456 0.0809206 0.0986577 0.0001529
6 0.845768 0.769127 0.103563 0.116779 0.000153135
9 0.394581 0.97953 0.181886 0.0409396 0.000154542
6 0.515033 0.549664 0.0263549 0.0469799 0.000157637
6 0.39755 0.638926 0.0178174 0.0483221 0.000157727
6 0.651076 0.522483 0.0282108 0.0315436 0.000158743
4 0.493504 0.625168 0.241648 0.263758 0.000159901
6 0.403675 0.518792 0.0196733 0.0281879 0.00016063
7 0.44395 0.425839 0.0118782 0.0691275 0.000162197
9 0.0415739 0.976174 0.0831477 0.047651 0.000163089
7 0.57925 0.404362 0.0233853 0.106711 0.000164721
5 0.285635 0.204027 0.529696 0.346309 0.000164981
6 0.831477 0.0426175 0.0504826 0.0315436 0.00016526
6 0.760208 0.492953 0.0541945 0.0583893 0.000167648
5 0.301039 0.0909396 0.602079 0.181879 0.000168433
9 0.321455 0.50604 0.0274684 0.0402685 0.000168748
4 0.817372 0.778524 0.365256 0.332886 0.000169531
6 0.718263 0.938591 0.0319228 0.0731544 0.00017001
7 0.382517 0.378188 0.045657 0.102685 0.000173553
6 0.494803 0.497651 0.0200445 0.0422819 0.000174916
6 0.362101 0.472483 0.018931 0.0577181 0.000177327
5 0.359131 0.045302 0.189681 0.090604 0.00017742
6 0.294172 0.459732 0.0181886 0.0483221 0.000177463
9 0.270787 1 0.0679287 0 0.000177834
7 0.383074 0.401342 0.0126206 0.100671 0.000178964
6 0.513549 0.561409 0.0894581 0.125503 0.000179149
0 0.619154 0.402349 0.0623608 0.19396 0.000180694
5 0.166852 0.0278523 0.217892 0.0557047 0.000181842
5 0.865442 0.97953 0.269117 0.0409396 0.000183124
6 0.430772 0.628859 0.0412027 0.0711409 0.000183586
6 0.389384 0.565772 0.017075 0.0281879 0.000184069
6 0.410171 0.572148 0.113586 0.090604 0.000185718
9 0.0328508 0.936577 0.0649592 0.126846 0.000185862
6 0.986451 0.143624 0.0270973 0.15302 0.00018618
6 0.389755 0.586577 0.280624 0.139597 0.00018742
9 0.530067 0.991275 0.0541945 0.0174497 0.000187759
9 0.590572 0.981208 0.199703 0.0375839 0.000188597
5 0.0920564 0.987919 0.184113 0.0241611 0.00018987
9 0.342613 0.999664 0.0772086 0.000671141 0.00018997
9 0.962138 0.0912752 0.0311804 0.0536913 0.000191408
5 0.647364 0.96443 0.458797 0.0711409 0.000194566
6 0.279881 0.49698 0.112843 0.199329 0.000194692
6 0.356904 0.590604 0.032294 0.0496644 0.0001947
9 0.455828 0.989933 0.0534521 0.0201342 0.000195256
6 0.563103 0.577517 0.0504826 0.0932886 0.000197651
9 0.30605 1 0.0686711 0 0.000198702
9 0.317186 0.49396 0.0196733 0.0322148 0.000200285
9 0.341685 0.540604 0.0211581 0.0503356 0.000201656
6 0.694692 0.538255 0.0300668 0.0402685 0.000202373
7 0.639198 0.406711 0.0772086 0.127517 0.000206256
9 0.622866 0.984228 0.0705271 0.0315436 0.000208665
9 0.504826 0.990604 0.0378619 0.0187919 0.000209507
7 0.416295 0.406711 0.0293244 0.110067 0.000210161
8 0.928916 0.990268 0.0515961 0.0194631 0.000212221
6 0.694321 0.508725 0.0293244 0.0348993 0.000214797
5 0.733111 0.851342 0.460282 0.297315 0.000215487
6 0.419451 0.527517 0.0222717 0.033557 0.000216456
6 0.483853 0.502685 0.0122494 0.0362416 0.000218178
6 0.541388 0.50906 0.015219 0.0369128 0.000219418
6 0.453044 0.52651 0.0233853 0.0409396 0.000221557
9 0.659985 0.988591 0.0534521 0.0228188 0.000223164
6 0.505197 0.536577 0.302895 0.181879 0.000228235
9 0.827951 1 0.0686711 0 0.000229686
9 0.962695 0.960067 0.0597624 0.0798658 0.000233279
4 0.231997 0.820805 0.463994 0.355705 0.000233674
6 0.510579 0.521812 0.0723831 0.0651007 0.000235713
10 0.588344 0.401342 0.0193022 0.138255 0.000236616
6 0.380846 0.580872 0.0193022 0.0355705 0.000239032
6 0.832034 0.0567114 0.0345212 0.0302013 0.000239403
5 0.513734 0.188926 0.0497402 0.102685 0.00024465
6 0.503341 0.475168 0.0489978 0.0510067 0.000245561
9 0.558463 0.983557 0.0790646 0.0328859 0.000248541
6 0.404603 0.638591 0.0207869 0.0436242 0.000250586
6 0.389013 0.578188 0.0185598 0.0302013 0.00025185
6 0.612843 0.617785 0.017075 0.0543624 0.000252181
6 0.483853 0.513758 0.0196733 0.0395973 0.000254623
5 0.17539 0.197987 0.35078 0.395973 0.000258874
9 0.357461 0.476846 0.0155902 0.0328859 0.000261149
5 0.878434 0.0255034 0.191908 0.0510067 0.000262434
6 0.409985 0.641611 0.0278396 0.0738255 0.000262869
9 0.992019 0.938926 0.0159614 0.0993289 0.00026677
6 0.591871 0.52651 0.0219005 0.0355705 0.000267313
9 0.387342 0.980537 0.0790646 0.0389262 0.000269314
6 0.466407 0.512752 0.0263549 0.0483221 0.000273292
5 0.774499 0.172483 0.451002 0.307383 0.000275162
6 0.353192 0.566107 0.0909428 0.112081 0.00028123
6 0.707313 0.572819 0.239421 0.28255 0.00028459
9 0.50631 0.980537 0.043801 0.0389262 0.000297981
5 0.147365 0.97651 0.294729 0.0469799 0.000298806
5 0.574239 0.0174497 0.213066 0.0348993 0.00029945
10 0.605234 0.371477 0.0181886 0.104027 0.000302098
6 0.307164 0.548658 0.0716407 0.0959732 0.0003043
5 0.357647 0.0258389 0.166667 0.0516779 0.000305486
9 0.921492 0.0842282 0.0419451 0.0583893 0.000305987
3 0.0783222 0.567785 0.156644 0.86443 0.000309891
3 0.834818 0.519799 0.325167 0.701342 0.000313533
9 0.792687 1 0.0657016 0 0.000315847
5 0.514662 0.0496644 0.461396 0.0993289 0.00031589
6 0.413697 0.603691 0.0605048 0.0637584 0.00032287
9 0.332962 0.522483 0.0215293 0.0516779 0.000322915
6 0.978842 0.202685 0.0423163 0.150336 0.00032484
3 0.493504 0.408725 0.791017 0.328859 0.000324927
5 0.653675 0.222483 0.348924 0.232886 0.000330475
6 0.33389 0.552013 0.0263549 0.0597315 0.000330944
7 0.344098 0.439933 0.0252413 0.0973154 0.000339036
5 0.3634 0.202349 0.231626 0.228859 0.000347171
6 0.353007 0.564765 0.0482554 0.066443 0.00034806
6 0.579621 0.610738 0.108018 0.0765101 0.00034902
6 0.411841 0.492953 0.0560505 0.0503356 0.000354718
9 0.756682 1 0.0671863 0 0.000355742
9 0.616184 0.99094 0.0742391 0.0181208 0.00035746
7 0.575538 0.440604 0.0263549 0.108054 0.000359895
9 0.64588 0.998322 0.0749814 0.0033557 0.00036528
0 0.988122 0.844631 0.0222717 0.310738 0.00037474
6 0.391054 0.600336 0.0181886 0.0342282 0.000376112
9 0.45193 0.983221 0.0753526 0.033557 0.000376395
9 0.608389 0.973154 0.0712695 0.0536913 0.000387566
6 0.624907 0.477181 0.0337788 0.0550336 0.000393433
6 0.636043 0.599329 0.0478842 0.0644295 0.000396221
4 0.289532 0.593624 0.138085 0.243624 0.000396499
6 0.434484 0.557718 0.0300668 0.0402685 0.000397127
6 0.46752 0.560738 0.0300668 0.0543624 0.00041275
7 0.506867 0.375503 0.049369 0.105369 0.00041688
7 0.479213 0.644295 0.0764662 0.162416 0.000424146
6 0.595954 0.373154 0.0278396 0.104698 0.000424786
6 0.320156 0.536577 0.0352635 0.0436242 0.000427145
6 0.302524 0.487248 0.0415739 0.0644295 0.000428926
6 0.573682 0.594295 0.0367483 0.0557047 0.00043311
6 0.528396 0.508054 0.0241277 0.042953 0.00044955
6 0.730698 0.442282 0.0463994 0.0671141 0.000457842
6 0.718634 0.524832 0.0371195 0.0442953 0.000461767
6 0.986637 0.0902685 0.0148478 0.0597315 0.000464821
6 0.398293 0.60604 0.0267261 0.0442953 0.000478746
6 0.73144 0.503356 0.0248701 0.0362416 0.00048324
9 0.512992 0.982886 0.198961 0.0342282 0.000484814
7 0.374536 0.414765 0.137342 0.110067 0.000493609
6 0.394952 0.616107 0.017075 0.0322148 0.000502811
6 0.659614 0.486577 0.0593912 0.061745 0.000507979
6 0.431329 0.496309 0.0512249 0.047651 0.000510369
9 0.505939 0.98557 0.0749814 0.0288591 0.000517105
9 0.6817 1 0.0664439 0 0.000523199
6 0.680772 0.446309 0.12101 0.104698 0.000524002
6 0.275612 0.516779 0.0300668 0.0510067 0.000531912
7 0.338344 0.416443 0.0174462 0.110738 0.000533686
9 0.334633 0.486242 0.0946548 0.0583893 0.000534497
6 0.636785 0.552349 0.0619896 0.0724832 0.00053721
6 0.739235 0.511409 0.0219005 0.0402685 0.000543416
6 0.311804 0.557383 0.0363771 0.0557047 0.000547889
6 0.419451 0.516443 0.0200445 0.0275168 0.000550693
3 0.193393 0.558389 0.293244 0.719463 0.000554276
6 0.404788 0.619463 0.0196733 0.0375839 0.000555261
6 0.496102 0.536242 0.0263549 0.0469799 0.000557025
4 0.560876 0.589262 0.444692 0.308725 0.000558772
6 0.386785 0.591946 0.0415739 0.052349 0.000561541
2 0.639569 0.398322 0.151448 0.171141 0.000570818
6 0.409985 0.584228 0.0233853 0.0315436 0.000571619
6 0.657944 0.515101 0.0308092 0.0422819 0.000575269
6 0.507795 0.495302 0.047513 0.042953 0.000575734
10 0.588901 0.471141 0.0115071 0.0348993 0.00057588
7 0.430586 0.427181 0.0111359 0.0852349 0.000582642
3 0.345954 0.486913 0.367483 0.330872 0.000588486
9 0.716964 1 0.0642168 0 0.000609555
6 0.477543 0.594295 0.0523385 0.102685 0.000620878
6 0.536934 0.549664 0.0426875 0.052349 0.000622421
5 0.499814 0.17651 0.0567929 0.147651 0.0006315
6 0.410171 0.57651 0.0348924 0.0375839 0.000644085
6 0.667595 0.547651 0.0278396 0.0563758 0.000651834
2 0.840015 0.334564 0.272457 0.371141 0.000652281
6 0.718077 0.515772 0.0879733 0.102685 0.000653751
6 0.452116 0.510067 0.0222717 0.0375839 0.000655435
6 0.666667 0.577852 0.030438 0.0563758 0.000663966
9 0.961953 0.982886 0.0679287 0.0342282 0.00067198
6 0.470676 0.542617 0.0415739 0.0463087 0.000672686
6 0.478656 0.52953 0.0233853 0.0389262 0.000674181
6 0.514848 0.494295 0.017075 0.038255 0.000686819
6 0.639198 0.477852 0.0311804 0.0483221 0.000692642
5 0.540275 0.0251678 0.376763 0.0503356 0.000723233
6 0.716778 0.51443 0.0631032 0.0543624 0.000743042
7 0.625464 0.41745 0.0348924 0.12349 0.000757972
6 0.64291 0.515772 0.043801 0.0369128 0.000761234
6 0.664811 0.482215 0.017075 0.0342282 0.000785261
6 0.424647 0.580872 0.0408315 0.0436242 0.000798975
6 0.379733 0.468456 0.0853749 0.0899329 0.000819296
6 0.708983 0.522483 0.0259837 0.0342282 0.000872321
5 0.49536 0.944966 0.629918 0.110067 0.000876784
2 0.344469 0.373825 0.383816 0.253691 0.000937617
3 0.367669 0.527852 0.56533 0.521477 0.000956661
6 0.549926 0.498658 0.0538233 0.0550336 0.00096219
6 0.685226 0.557718 0.0326652 0.0483221 0.000962856
6 0.570527 0.523826 0.0386043 0.0677852 0.000991703
7 0.407572 0.416779 0.0215293 0.128859 0.00103752
7 0.529139 0.648993 0.0597624 0.138255 0.00103969
5 0.501856 0.988255 0.447661 0.0234899 0.00106597
6 0.593912 0.57349 0.0259837 0.0409396 0.00109139
6 0.435783 0.468792 0.0155902 0.0516779 0.00109533
5 0.503712 0.192953 0.0920564 0.208725 0.00109886
6 0.575167 0.572483 0.0382331 0.0389262 0.00113951
6 0.492947 0.557047 0.0371195 0.061745 0.00116539
2 0.643838 0.369799 0.26095 0.206711 0.00117044
3 0.731069 0.445973 0.482925 0.44094 0.00117525
6 0.279139 0.536577 0.0334076 0.0516779 0.00119966
6 0.378062 0.465436 0.0204157 0.0503356 0.00120424
6 0.424276 0.466443 0.0141054 0.0630872 0.00120498
6 0.746474 0.434228 0.0296956 0.0348993 0.00121017
6 0.459911 0.51443 0.0252413 0.0315436 0.00122722
6 0.584447 0.49396 0.0293244 0.0416107 0.0012361
6 0.696919 0.472819 0.0233853 0.0409396 0.00127426
9 0.345212 0.487919 0.0244989 0.0402685 0.0012947
5 0.502413 0.0983221 0.488864 0.144295 0.00130709
6 0.411841 0.51745 0.0345212 0.042953 0.00130962
6 0.536192 0.583557 0.0545657 0.0919463 0.00137636
6 0.532108 0.492953 0.0367483 0.0463087 0.00142761
6 0.593541 0.516443 0.129176 0.14698 0.00148597
6 0.474944 0.509732 0.0241277 0.0395973 0.00153025
7 0.505939 0.362081 0.105419 0.11745 0.00158065
9 0.923534 0.101678 0.0371195 0.0436242 0.00167479
6 0.530438 0.522483 0.0452858 0.0369128 0.00173691
6 0.440794 0.52047 0.0174462 0.0342282 0.00175351
6 0.577765 0.52047 0.0352635 0.0395973 0.00176748
2 0.620453 0.361409 0.448775 0.305369 0.00177339
6 0.290646 0.516443 0.0623608 0.0731544 0.00188642
6 0.508909 0.538255 0.0311804 0.0563758 0.00192071
6 0.415924 0.607047 0.0211581 0.0422819 0.0019355
6 0.433185 0.498993 0.0141054 0.0369128 0.00202341
6 0.727728 0.518456 0.0315516 0.0395973 0.00206378
6 0.588716 0.587248 0.0244989 0.033557 0.0020777
7 0.398293 0.424497 0.0155902 0.114765 0.00211374
10 0.595212 0.470805 0.015219 0.0436242 0.00214141
6 0.301967 0.560403 0.0211581 0.0510067 0.0021704
10 0.589087 0.424161 0.013363 0.0724832 0.00217535
6 0.372123 0.499329 0.0293244 0.0375839 0.00219229
6 0.502784 0.612081 0.0701559 0.0912752 0.00221991
6 0.456013 0.489933 0.0159614 0.0322148 0.00228036
6 0.514105 0.510403 0.0230141 0.047651 0.00228867
6 0.401076 0.477181 0.0137342 0.0510067 0.00232155
0 0.605234 0.385906 0.0597624 0.116779 0.00252427
6 0.456941 0.497987 0.030438 0.0322148 0.00263262
6 0.421678 0.511409 0.0326652 0.0362416 0.00264909
6 0.609503 0.597987 0.017075 0.0456376 0.00265607
5 0.500742 0.107718 0.714922 0.215436 0.00300163
6 0.677246 0.505369 0.0404603 0.0630872 0.00301598
6 0.382517 0.487248 0.0449146 0.0496644 0.00302656
10 0.596882 0.425839 0.0118782 0.0691275 0.00303872
6 0.550111 0.533893 0.060876 0.0597315 0.00352538
6 0.510765 0.52047 0.0371195 0.0409396 0.00354222
6 0.587231 0.50906 0.0259837 0.0463087 0.00362107
6 0.497587 0.521812 0.0360059 0.0342282 0.00362848
6 0.297513 0.47651 0.0248701 0.0483221 0.00392454
7 0.37565 0.415772 0.0512249 0.105369 0.00439885
6 0.589829 0.613087 0.0326652 0.0610738 0.00443399
6 0.439495 0.508725 0.0163326 0.0348993 0.00497745
8 0.585375 0.492953 0.374165 0.289262 0.00641754
7 0.422791 0.419799 0.0111359 0.120134 0.00660564
7 0.363957 0.419128 0.0174462 0.113423 0.0072082
6 0.333519 0.567114 0.0360059 0.0496644 0.0075664
6 0.590386 0.587584 0.0679287 0.066443 0.00774858
7 0.352264 0.419463 0.0185598 0.111409 0.00775192
6 0.602079 0.605034 0.0296956 0.0530201 0.00808998
6 0.433556 0.511409 0.0178174 0.0308725 0.00910082
6 0.382331 0.473154 0.0126206 0.0402685 0.0110168
6 0.408129 0.60906 0.0211581 0.0355705 0.0116239
6 0.448775 0.482215 0.013363 0.038255 0.0117788
6 0.439495 0.491275 0.0200445 0.0442953 0.0143732
6 0.337602 0.58255 0.0263549 0.0416107 0.015022
6 0.693578 0.489933 0.0382331 0.0469799 0.015454
6 0.431514 0.491275 0.0263549 0.033557 0.0156691
6 0.417966 0.499664 0.0215293 0.0409396 0.0174939
10 0.607647 0.416107 0.0207869 0.0912752 0.0182458
10 0.602636 0.473826 0.0204157 0.0496644 0.0198319
6 0.657758 0.486242 0.0252413 0.0463087 0.0202902
6 0.594098 0.506376 0.0330364 0.066443 0.0232053
7 0.386971 0.421812 0.018931 0.122819 0.028082
6 0.640869 0.491611 0.0441722 0.0543624 0.0339422
6 0.294729 0.530872 0.0193022 0.0389262 0.0414452
6 0.689866 0.479866 0.0241277 0.0362416 0.0432923
6 0.292316 0.519463 0.0293244 0.0362416 0.0495265
6 0.408872 0.498322 0.0226429 0.0409396 0.0496324
10 0.609874 0.438926 0.0126206 0.0496644 0.0533838
6 0.67242 0.485235 0.032294 0.042953 0.0611663
10 0.600594 0.441275 0.00965108 0.0516779 0.0782019
6 0.301967 0.507718 0.0226429 0.0436242 0.0826624
6 0.303081 0.486242 0.0248701 0.0463087 0.0841384
6 0.380475 0.464094 0.0259837 0.0892617 0.10573
6 0.388456 0.491275 0.0219005 0.0483221 0.13585
9 0.341871 0.506711 0.0423163 0.0442953 0.169917
6 0.654232 0.531879 0.0352635 0.0718121 0.178361
6 0.39922 0.494966 0.0174462 0.047651 0.226813
10 0.605791 0.418456 0.0118782 0.0691275 0.276952
6 0.65386 0.501007 0.0337788 0.0489933 0.404299
3 0.50631 0.534899 0.870082 0.802685 0.465564
6 0.600594 0.587584 0.0334076 0.0355705 0.496151
6 0.381774 0.486913 0.018931 0.0503356 0.63159
6 0.29807 0.540268 0.0289532 0.0577181 0.637099
6 0.735895 0.436577 0.0300668 0.0422819 0.680162
0 0.603935 0.391275 0.0296956 0.144966 0.741371
6 0.671307 0.563758 0.0300668 0.0469799 0.743008
7 0.379733 0.422148 0.013363 0.120805 0.798204
8 0.607647 0.485235 0.0393467 0.0765101 0.801836
9 0.342799 0.501007 0.0233853 0.0355705 0.844073
4 0.528211 0.622819 0.752042 0.409396 0.857424
5 0.502784 0.190268 0.520045 0.290604 0.896949
2 0.499443 0.34094 0.531923 0.190604 0.903173
