6 0.909645 0.0969148 0.056541 0.110664 2.32471e-05
6 0.36881 0.946345 0.0495196 0.0804829 2.32766e-05
6 0.232077 0.947015 0.0657797 0.084507 2.32855e-05
5 0.174242 0.105969 0.123799 0.119383 2.33312e-05
6 0.483001 0.01945 0.0480414 0.0389001 2.33525e-05
6 0.519032 0.642186 0.0225425 0.0449363 2.33704e-05
5 0.301552 0.0707579 0.116778 0.0972502 2.33899e-05
6 0.648744 0.152582 0.026238 0.0878605 2.34151e-05
6 0.869919 0.586519 0.0413895 0.0744467 2.34308e-05
6 0.783075 0.0217975 0.0413895 0.0301811 2.34759e-05
6 0.719697 0.594567 0.0343681 0.036888 2.353e-05
6 0.033629 0.0258216 0.0672579 0.0516432 2.353e-05
6 0.234109 0.900738 0.0853659 0.130114 2.35489e-05
6 0.456024 0.0989269 0.0169993 0.0248156 2.35631e-05
5 0.898374 0.0315225 0.167775 0.0630449 2.35845e-05
6 0.739653 0.561368 0.0979305 0.0898726 2.35961e-05
6 0.706763 0.931254 0.0883222 0.125419 2.3684e-05
6 0.794346 0.0526492 0.0417591 0.0382294 2.36906e-05
6 0.910384 0.237425 0.0328899 0.0469484 2.37166e-05
5 0.226534 0.995976 0.444198 0.00804829 2.37405e-05
6 0.572801 0.56271 0.0258684 0.0321932 2.37572e-05
6 0.632114 0.647217 0.0195861 0.0375587 2.37949e-05
5 0.43034 0.0345406 0.43422 0.0690811 2.38093e-05
6 0.772727 0.0938967 0.0192166 0.0268276 2.38393e-05
3 0.306171 0.5 0.612343 1 2.38458e-05
6 0.965447 0.0858484 0.0254989 0.073776 2.38695e-05
6 0.497413 0.678739 0.0436068 0.073776 2.39003e-05
6 0.599409 0.0392354 0.0266075 0.0301811 2.39213e-05
5 0.88507 0.238095 0.223947 0.1556 2.39315e-05
6 0.463599 0.653588 0.0417591 0.054326 2.39727e-05
6 0.548965 0.0489604 0.127494 0.0979209 2.39829e-05
9 0.690133 0.98558 0.0668884 0.0288397 2.41164e-05
4 0.980783 0.71395 0.0384331 0.342723 2.41224e-05
6 0.585366 0.00167673 0.0258684 0.00335345 2.41434e-05
6 0.283444 0.00167673 0.0273466 0.00335345 2.41439e-05
6 0.518847 0.124078 0.0251293 0.0469484 2.41934e-05
6 0.985588 0.272971 0.0288248 0.182428 2.42419e-05
5 0.920177 0.863179 0.159645 0.273642 2.42544e-05
6 0.560052 0.01945 0.0218034 0.0321932 2.42548e-05
6 0.0515521 0.191482 0.0543237 0.0409121 2.42663e-05
6 0.88507 0.475184 0.147081 0.268947 2.43316e-05
6 0.431818 0.0972502 0.0158906 0.0228035 2.43443e-05
6 0.354582 0.0171026 0.0424982 0.0342052 2.43698e-05
5 0.431633 0.0754527 0.456763 0.150905 2.43795e-05
9 0.831486 1 0.0709534 0 2.43806e-05
6 0.402993 0.665661 0.0173688 0.036888 2.4492e-05
6 0.759608 0.0610329 0.0173688 0.0268276 2.45113e-05
6 0.618441 0.569752 0.0210643 0.0315225 2.45204e-05
6 0.602919 0.128437 0.0181079 0.0274983 2.45237e-05
9 0.197154 1 0.331486 0 2.45342e-05
6 0.437731 0.969148 0.0691057 0.0415828 2.45467e-05
6 0.759054 0.00134138 0.030303 0.00268276 2.4584e-05
6 0.539357 0.0308518 0.0291944 0.0617036 2.46183e-05
9 0.658906 0.00100604 0.0369549 0.00201207 2.46289e-05
5 0.247413 0.868545 0.372136 0.130114 2.46316e-05
6 0.894124 0.921529 0.0476718 0.156942 2.46372e-05
6 0.995011 0.976526 0.00997783 0.0469484 2.46374e-05
6 0.392461 0.664319 0.0140429 0.0409121 2.46471e-05
6 0.169254 0.105298 0.0436068 0.103286 2.46856e-05
7 0.450296 0.435278 0.0284553 0.0751174 2.46978e-05
5 0.441426 0.082495 0.128234 0.073776 2.4713e-05
6 0.912602 0.0637156 0.0957132 0.127431 2.47363e-05
6 0.394309 0.598927 0.0192166 0.0402415 2.47414e-05
6 0.702328 0.568746 0.0210643 0.0295104 2.47506e-05
8 0.933112 0.959423 0.0990392 0.0811536 2.47959e-05
6 0.329453 0.558685 0.026238 0.0308518 2.48629e-05
5 0.771434 0.886989 0.457132 0.226023 2.48703e-05
7 0.43422 0.440979 0.0103474 0.0570087 2.49183e-05
6 0.169069 0.100268 0.0284553 0.0382294 2.49458e-05
9 0.718219 0.974514 0.0927568 0.0509725 2.49769e-05
6 0.011456 0.105969 0.022912 0.0509725 2.51032e-05
6 0.456948 0.0224681 0.0277162 0.0449363 2.51304e-05
0 0.99575 0.872904 0.00849963 0.177733 2.51619e-05
6 0.236881 0.00402414 0.0635625 0.00804829 2.51881e-05
6 0.786401 0.519785 0.0894309 0.111335 2.52881e-05
6 0.764782 0.619383 0.0875831 0.120054 2.53274e-05
6 0.526053 0.397384 0.0587583 0.103957 2.53347e-05
6 0.0648559 0.142186 0.0365854 0.0724346 2.5339e-05
5 0.354952 0.959423 0.279749 0.0811536 2.53744e-05
6 0.436438 0.00536553 0.0591279 0.0107311 2.53931e-05
6 0.518108 0.588196 0.0280857 0.0415828 2.54268e-05
3 0.721914 0.5 0.556171 1 2.54874e-05
6 0.79527 0.153924 0.0243902 0.221999 2.54986e-05
6 0.381005 0.0321932 0.0872136 0.0643863 2.55045e-05
9 0.71323 1 0.0783444 0 2.55448e-05
6 0.00646711 0.268276 0.0129342 0.084507 2.55538e-05
6 0.365854 0.512408 0.0169993 0.045607 2.55596e-05
9 0.542683 0.986586 0.12306 0.0268276 2.56363e-05
6 0.65595 0.133132 0.0192166 0.0811536 2.56693e-05
8 0.966001 0.975184 0.067997 0.0496311 2.57341e-05
6 0.70935 0.0291751 0.0498891 0.0583501 2.58218e-05
6 0.371397 0.0925553 0.0458241 0.028169 2.58657e-05
6 0.942905 0.148893 0.0816704 0.0630449 2.58848e-05
6 0.00535846 0.146211 0.0107169 0.073776 2.58921e-05
6 0.513304 0.485915 0.0103474 0.054326 2.59265e-05
6 0.580746 0.895708 0.0314117 0.0556673 2.59419e-05
9 0.667591 0.00503018 0.0454545 0.0100604 2.59537e-05
6 0.378973 0.682093 0.0498891 0.0630449 2.60973e-05
6 0.115669 0.118042 0.0273466 0.028169 2.6122e-05
6 0.317258 0.526828 0.0195861 0.0382294 2.61305e-05
6 0.0803769 0.146881 0.0447154 0.0308518 2.61352e-05
6 0.355321 0.00469484 0.0691057 0.00938967 2.62128e-05
6 0.609202 0.0207914 0.0277162 0.0335345 2.62536e-05
6 0.54139 0.573776 0.0177384 0.036888 2.63188e-05
9 0.152993 1 0.0635625 0 2.6329e-05
6 0.517923 0.119048 0.0144124 0.0288397 2.6342e-05
6 0.84442 0.0717639 0.0155211 0.0402415 2.6365e-05
6 0.706208 0.974178 0.045085 0.0516432 2.63745e-05
6 0.321323 0.945674 0.0521064 0.0898726 2.6387e-05
9 0.376201 1 0.0716925 0 2.64093e-05
6 0.34867 0.967807 0.0957132 0.0643863 2.64548e-05
6 0.472469 0.535882 0.018847 0.0402415 2.64583e-05
6 0.405395 0 0.0243902 0 2.64932e-05
6 0.783259 0.571764 0.0365854 0.054326 2.65372e-05
6 0.989468 0.0331992 0.0210643 0.0663984 2.65528e-05
5 0.482631 0.135144 0.305987 0.140174 2.65974e-05
6 0.40558 0.0103957 0.0181079 0.0207914 2.66021e-05
6 0.354582 0.974514 0.0299335 0.0509725 2.66173e-05
6 0.786216 0.0328638 0.0447154 0.0362173 2.66382e-05
7 0.515336 0.469148 0.0144124 0.0516432 2.6721e-05
6 0.981707 0.939303 0.0365854 0.121395 2.67312e-05
6 0.0576497 0.125755 0.0295639 0.0382294 2.67544e-05
6 0.932188 0.000670691 0.0306726 0.00134138 2.67753e-05
6 0.41796 0.0754527 0.0613452 0.0690811 2.67946e-05
6 0.0652254 0.173709 0.0543237 0.0375587 2.68951e-05
6 0.0788987 0.0767941 0.0365854 0.0435949 2.69037e-05
6 0.595344 0.0798122 0.0162602 0.0295104 2.70002e-05
6 0.91796 0.0224681 0.0953437 0.0449363 2.70023e-05
6 0.611234 0.117371 0.0546933 0.0657277 2.70206e-05
6 0.294161 0.974514 0.0517369 0.0509725 2.70254e-05
6 0.318182 0.973172 0.0236511 0.0335345 2.70461e-05
6 0.0110865 0.0821596 0.0221729 0.0503018 2.70506e-05
5 0.104767 0.965459 0.209534 0.0690811 2.70847e-05
6 0.539727 0.490275 0.011456 0.0469484 2.72259e-05
6 0.546933 0.48994 0.0125647 0.0529846 2.73132e-05
6 0.241685 0.994634 0.0643016 0.0107311 2.75045e-05
6 0.737435 0.588867 0.0328899 0.0362173 2.7508e-05
6 0.994272 0.245137 0.011456 0.105298 2.7513e-05
6 0.526792 0.598592 0.0195861 0.0382294 2.76205e-05
6 0.900961 0.569752 0.0879527 0.164319 2.76597e-05
6 0.281412 0.989604 0.0550628 0.0207914 2.76822e-05
6 0.443459 0.00469484 0.030303 0.00938967 2.77028e-05
6 0.791574 0.601274 0.0206948 0.0449363 2.77567e-05
6 0.938101 0.32998 0.0986696 0.187793 2.7811e-05
5 0.628788 0.245473 0.226534 0.244131 2.78279e-05
9 0.781966 0.986251 0.0790835 0.0274983 2.78282e-05
6 0.869919 0.448692 0.0576497 0.0871898 2.78861e-05
6 0.563932 0.478873 0.0295639 0.0576794 2.79083e-05
6 0.759793 0.0771294 0.0177384 0.0295104 2.79325e-05
6 0.800628 0.576794 0.101626 0.140845 2.79596e-05
5 0.127125 0.0425889 0.190687 0.0851777 2.79884e-05
6 0.551922 0.571429 0.018847 0.0402415 2.80288e-05
6 0.395972 0.0244802 0.0247598 0.0489604 2.80573e-05
6 0.746859 0.945003 0.0672579 0.109993 2.80709e-05
7 0.447154 0.464789 0.0221729 0.108652 2.81075e-05
6 0.390429 0.645205 0.0166297 0.0415828 2.8142e-05
6 0.516075 0.554997 0.0195861 0.0395708 2.81942e-05
6 0.720067 0.0103957 0.0380636 0.0207914 2.82014e-05
9 0.867147 1 0.0676275 0 2.83065e-05
6 0.920362 0.0160966 0.0365854 0.0321932 2.83984e-05
7 0.437546 0.464453 0.0133038 0.103957 2.84122e-05
6 0.013119 0.200537 0.026238 0.150235 2.84424e-05
6 0.707132 0.0751174 0.0447154 0.0469484 2.84935e-05
6 0.894863 0.0633803 0.0484109 0.047619 2.85263e-05
5 0.347007 0.261905 0.182557 0.192488 2.85437e-05
6 0.521249 0.0274983 0.026238 0.0549966 2.8608e-05
6 0.415004 0.64554 0.287509 0.140174 2.86443e-05
6 0.607908 0.0657277 0.0155211 0.0228035 2.86591e-05
6 0.743348 0.56774 0.0277162 0.0342052 2.88783e-05
6 0.13544 0.00100604 0.0683666 0.00201207 2.89221e-05
6 0.519586 0.66063 0.0214339 0.045607 2.89696e-05
6 0.883592 0.539571 0.0509978 0.0972502 2.89861e-05
6 0.0955285 0.129443 0.0402809 0.0321932 2.90241e-05
6 0.275314 0.0150905 0.0288248 0.0301811 2.91041e-05
6 0.106061 0.0134138 0.0362158 0.0268276 2.91073e-05
6 0.667591 0.543595 0.0572801 0.0583501 2.91769e-05
6 0.301922 0.517103 0.0199557 0.0308518 2.91896e-05
6 0.988359 0.199531 0.0136733 0.105298 2.92118e-05
7 0.499076 0.346747 0.0794531 0.151576 2.92993e-05
6 0.470806 0.54896 0.0199557 0.0409121 2.93003e-05
6 0.214339 0.125419 0.0339985 0.0442656 2.93153e-05
9 0.68034 1 0.0746489 0 2.93202e-05
6 0.412047 0.105298 0.0761271 0.0724346 2.93282e-05
6 0.971545 0.15996 0.045085 0.148223 2.94313e-05
6 0.883962 0.19886 0.0280857 0.0422535 2.94348e-05
6 0.721175 0.520791 0.0291944 0.036888 2.95195e-05
6 0.420362 0.00871898 0.0306726 0.017438 2.95444e-05
6 0.657982 0.642857 0.0314117 0.0409121 2.97432e-05
6 0.932188 0.0965795 0.0550628 0.118042 2.97657e-05
7 0.556541 0.434943 0.00960828 0.0623742 2.97679e-05
6 0.0591279 0.136821 0.0790835 0.0509725 2.98005e-05
6 0.701404 0.607311 0.0288248 0.0301811 2.98055e-05
6 0.553954 0.489604 0.0103474 0.0415828 2.98075e-05
6 0.984109 0.0804829 0.0317812 0.105969 2.98084e-05
6 0.646157 0.146211 0.0225425 0.0335345 2.98305e-05
6 0.0110865 0.956405 0.0125647 0.0764588 2.98866e-05
6 0.391353 0.618712 0.0177384 0.0382294 2.99294e-05
6 0.414819 0.638498 0.0151515 0.0308518 2.99319e-05
7 0.993902 0.0539906 0.0107169 0.0972502 2.99342e-05
6 0.00886918 0.0177733 0.0177384 0.0355466 2.99603e-05
8 0.336844 0.940979 0.590909 0.118042 3.00571e-05
6 0.508684 0.119383 0.0203252 0.0295104 3.01289e-05
6 0.855506 0.426224 0.0820399 0.10664 3.01576e-05
6 0.556171 0.0100604 0.0133038 0.0201207 3.01628e-05
6 0.529379 0.480885 0.0136733 0.0509725 3.02705e-05
6 0.870103 0.519785 0.0373245 0.0831657 3.03049e-05
6 0.92184 0.120389 0.0720621 0.0449363 3.03088e-05
7 0.435514 0.403085 0.0151515 0.0938967 3.03129e-05
6 0.396526 0 0.0251293 0 3.03275e-05
6 0.3034 0.560027 0.0325203 0.0295104 3.04138e-05
6 0.728197 0.333669 0.0195861 0.0395708 3.04438e-05
6 0.772173 0.0791415 0.0240207 0.0308518 3.04754e-05
6 0.0700296 0.14554 0.140059 0.0938967 3.04979e-05
6 0.507945 0.127096 0.026238 0.0892019 3.05265e-05
6 0.305432 0.991952 0.0417591 0.0160966 3.05715e-05
6 0.310237 0.617036 0.0218034 0.0295104 3.06162e-05
6 0.34867 0.671697 0.0484109 0.0663984 3.06658e-05
7 0.237066 0.215292 0.0232816 0.305835 3.07978e-05
5 0.563008 0 0.141537 0 3.08037e-05
6 0.519217 0.139839 0.0177384 0.0409121 3.08217e-05
5 0.727827 0.11167 0.222099 0.150905 3.10138e-05
6 0.513673 0.515091 0.0118256 0.0482897 3.10258e-05
6 0.613267 0.647552 0.0218034 0.036888 3.11141e-05
6 0.0397265 0.0684105 0.0661493 0.0549966 3.11421e-05
6 0.00794531 0.138833 0.0107169 0.0791415 3.11618e-05
6 0.757391 0.539235 0.0351072 0.0295104 3.11797e-05
5 0.736142 0.0258216 0.129342 0.0516432 3.12708e-05
6 0.355137 0.975184 0.0251293 0.0295104 3.12782e-05
10 0.99187 0.909121 0.0125647 0.10664 3.13422e-05
6 0.660015 0.556338 0.115299 0.101274 3.13788e-05
5 0.730599 0.119048 0.538803 0.238095 3.14186e-05
6 0.436253 0.101274 0.0277162 0.0375587 3.15083e-05
7 0.530303 0.469484 0.0133038 0.105969 3.16028e-05
6 0.441981 0.0804829 0.0169993 0.0228035 3.16283e-05
7 0.504619 0.465795 0.0173688 0.0570087 3.1645e-05
6 0.0388027 0.198189 0.0716925 0.0637156 3.175e-05
6 0.194752 0.118712 0.0362158 0.0362173 3.17547e-05
5 0.0716925 0.00938967 0.143385 0.0187793 3.19368e-05
6 0.795085 0.153924 0.018847 0.0731053 3.19995e-05
5 0.818182 0.979209 0.312639 0.0415828 3.20729e-05
6 0.673319 0.00771294 0.0288248 0.0154259 3.21883e-05
6 0.942535 0.172703 0.0875831 0.0623742 3.21945e-05
6 0.433296 0.0389001 0.0291944 0.0778001 3.222e-05
6 0.705839 0.00603622 0.045085 0.0120724 3.22228e-05
6 0.0101626 0.30617 0.0203252 0.160295 3.22495e-05
9 0.98374 1 0.0325203 0 3.22883e-05
6 0.465632 0.00603622 0.0724316 0.0120724 3.22924e-05
6 0.529379 0.558015 0.0210643 0.0402415 3.23674e-05
6 0.527162 0.623742 0.0210643 0.0469484 3.2498e-05
6 0.655026 0.672032 0.0365854 0.0415828 3.25391e-05
6 0.681079 0.974514 0.0473023 0.0509725 3.26273e-05
6 0.317812 0.978203 0.0458241 0.0435949 3.26469e-05
6 0.385255 0.00268276 0.0661493 0.00536553 3.26697e-05
6 0.396526 0.654259 0.0820399 0.082495 3.26861e-05
6 0.742239 0.991281 0.04102 0.017438 3.26929e-05
5 0.266075 0.137827 0.131559 0.164319 3.27587e-05
7 0.441242 0.406103 0.0110865 0.065057 3.28191e-05
9 0.932927 1 0.0728012 0 3.28788e-05
6 0.507021 0.560362 0.0273466 0.0422535 3.29182e-05
6 0.522912 0.00134138 0.0258684 0.00268276 3.29586e-05
6 0.52439 0.101274 0.0243902 0.0321932 3.30225e-05
5 0.745381 0.889336 0.439763 0.221328 3.3039e-05
6 0.468404 0.973172 0.0439763 0.0536553 3.30739e-05
6 0.293052 0.617706 0.0583888 0.0657277 3.30871e-05
6 0.0121951 0.0630449 0.0243902 0.0536553 3.31024e-05
6 0.789172 0.616365 0.026238 0.0523139 3.31548e-05
5 0.255913 0.221999 0.0617147 0.224011 3.31572e-05
5 0.807834 0.0576794 0.199557 0.115359 3.31959e-05
8 0.917221 0.986586 0.0487805 0.0268276 3.32668e-05
6 0.15595 0.994634 0.0628234 0.0107311 3.33552e-05
0 0.00960828 0.783702 0.0177384 0.313213 3.35009e-05
6 0.977088 0.00905433 0.0458241 0.0181087 3.35041e-05
7 0.440872 0.455064 0.0155211 0.0583501 3.36165e-05
6 0.341463 0.973843 0.0214339 0.0321932 3.37146e-05
6 0.911308 0.491281 0.0591279 0.195171 3.3726e-05
6 0.432188 0.14118 0.0158906 0.0288397 3.38556e-05
6 0.692535 0.990275 0.0391722 0.01945 3.39063e-05
6 0.183666 0.104292 0.0332594 0.0409121 3.39162e-05
5 0.773651 0.151911 0.132668 0.173709 3.39212e-05
5 0.162232 0.91784 0.22986 0.124078 3.39224e-05
6 0.511086 0.0150905 0.0325203 0.0301811 3.39565e-05
6 0.906689 0.176727 0.0779749 0.0529846 3.40556e-05
9 0.190687 1 0.0650406 0 3.40846e-05
5 0.616038 0.0315225 0.428677 0.0630449 3.41588e-05
0 0.408167 0.48994 0.0705839 0.0945674 3.41824e-05
6 0.656874 0.0197854 0.0920177 0.0395708 3.42089e-05
6 0.284553 0.522133 0.0184775 0.036888 3.42164e-05
6 0.734664 0.534541 0.0280857 0.0362173 3.42365e-05
9 0.930155 0.00603622 0.0399113 0.0120724 3.4329e-05
9 0.339246 1 0.0694752 0 3.43602e-05
6 0.544715 0.0995976 0.0177384 0.0382294 3.43675e-05
6 0.0794531 0.0999329 0.0347376 0.0375587 3.44003e-05
7 0.72912 0.486251 0.0798226 0.114017 3.44943e-05
6 0.738914 0.661972 0.0720621 0.0979209 3.44946e-05
6 0.307834 0.581824 0.0169993 0.0288397 3.45115e-05
6 0.985218 0.136821 0.0295639 0.1167 3.45451e-05
6 0.523466 0.107981 0.0351072 0.0509725 3.48766e-05
7 0.440687 0.438632 0.0107169 0.056338 3.48878e-05
6 0.61493 0.59725 0.022912 0.0355466 3.49428e-05
5 0.29065 0.00771294 0.0986696 0.0154259 3.49434e-05
6 0.66371 0.131791 0.052476 0.0717639 3.50305e-05
6 0.00905395 0.213615 0.0144124 0.082495 3.50341e-05
6 0.618441 0.970154 0.0432373 0.0596915 3.5044e-05
6 0.432373 0.0804829 0.0177384 0.0228035 3.5087e-05
5 0.645048 0.00536553 0.135625 0.0107311 3.51059e-05
6 0.205285 0.994299 0.0698448 0.0114017 3.51381e-05
5 0.259978 0.241784 0.117886 0.250168 3.51517e-05
6 0.496674 0.0959088 0.0295639 0.0308518 3.51612e-05
6 0.495935 0.0211268 0.0384331 0.0422535 3.51806e-05
6 0.355506 0.594567 0.0369549 0.0395708 3.5196e-05
5 0.152993 0.137492 0.305987 0.244131 3.52265e-05
6 0.0820399 0.193494 0.0399113 0.0449363 3.52594e-05
6 0.666667 0.569752 0.0280857 0.0435949 3.53009e-05
6 0.0790835 0.212944 0.0480414 0.0409121 3.53072e-05
7 0.488174 0.486586 0.0177384 0.0623742 3.53222e-05
6 0.801183 0.569752 0.203252 0.317237 3.53646e-05
6 0.984848 0.196177 0.030303 0.114688 3.5384e-05
6 0.277716 0.00771294 0.0151515 0.0154259 3.5518e-05
6 0.916297 0.926895 0.0351072 0.146211 3.55806e-05
6 0.947894 0.215627 0.0628234 0.0677398 3.57033e-05
6 0.0661493 0.706237 0.0938655 0.384977 3.57363e-05
9 0.663526 0.985915 0.0683666 0.028169 3.57821e-05
6 0.445307 0.000670691 0.0206948 0.00134138 3.57868e-05
6 0.923319 0.401744 0.0572801 0.191818 3.59287e-05
6 0.71711 0.99061 0.0388027 0.0187793 3.5929e-05
6 0.43847 0.655936 0.04102 0.0509725 3.59344e-05
6 0.764967 0.556338 0.0214339 0.0342052 3.59769e-05
6 0.645972 0.122066 0.0561715 0.0751174 3.59849e-05
9 0.0702143 0.979209 0.0214339 0.0308518 3.60288e-05
6 0.5983 0.107981 0.0251293 0.0402415 3.60434e-05
9 0.913341 0.981891 0.173319 0.0362173 3.61785e-05
5 0.55765 0.331657 0.712491 0.181757 3.62755e-05
6 0.647081 0.161301 0.13082 0.105298 3.62837e-05
6 0.593311 0.10161 0.0158906 0.0288397 3.62935e-05
6 0.655026 0.0117371 0.0447154 0.0234742 3.63038e-05
6 0.596637 0.112341 0.033629 0.0892019 3.63058e-05
6 0.641168 0.656606 0.0458241 0.056338 3.64535e-05
6 0.415188 0.648893 0.0388027 0.0435949 3.6485e-05
6 0.54065 0.0134138 0.0206948 0.0268276 3.65004e-05
6 0.65595 0.627431 0.0288248 0.036888 3.65207e-05
6 0.619734 0.974178 0.0384331 0.0315225 3.65366e-05
6 0.410939 0.682428 0.0443459 0.0556673 3.68891e-05
6 0.00813008 0.403756 0.0162602 0.0979209 3.70525e-05
6 0.40595 0.0177733 0.0594974 0.0355466 3.71006e-05
6 0.542868 0.0744467 0.0502587 0.0590208 3.71566e-05
6 0.257761 0.469148 0.0764967 0.101274 3.71572e-05
6 0.35643 0.646881 0.0358463 0.0449363 3.7234e-05
5 0.334072 0.25218 0.668145 0.504359 3.74244e-05
6 0.708241 0.673709 0.267923 0.228706 3.74714e-05
6 0.572062 0.544936 0.022912 0.0409121 3.75285e-05
6 0.668514 0.99061 0.037694 0.0187793 3.75354e-05
6 0.56541 0.0814889 0.0554324 0.0596915 3.75853e-05
6 0.883407 0.493964 0.0498891 0.0838364 3.76302e-05
7 0.781042 0.283702 0.0380636 0.119383 3.76302e-05
6 0.583333 0.135815 0.0195861 0.0288397 3.76441e-05
0 0.374908 0.493964 0.0720621 0.101274 3.78853e-05
6 0.0118256 0.104628 0.0236511 0.104628 3.79574e-05
6 0.0722469 0.193159 0.0572801 0.0979209 3.80686e-05
6 0.130451 0.872569 0.097561 0.254863 3.83003e-05
7 0.436253 0.426559 0.0107169 0.0576794 3.83158e-05
6 0.644124 0.978873 0.0436068 0.0422535 3.83218e-05
6 0.583149 0.0389001 0.0332594 0.0375587 3.83228e-05
6 0.184775 0 0.0561715 0 3.8351e-05
9 0.989468 0.971496 0.0210643 0.0570087 3.84161e-05
6 0.0763119 0.183434 0.136364 0.0985916 3.84292e-05
6 0.439394 0.0804829 0.0569106 0.0630449 3.84879e-05
6 0.907243 0.211268 0.0539542 0.056338 3.85037e-05
5 0.211382 0.142186 0.422764 0.284373 3.85328e-05
6 0.619734 0.978203 0.0495196 0.0435949 3.87812e-05
9 0.266075 1 0.0665189 0 3.88819e-05
5 0.135625 0.0274983 0.199557 0.0549966 3.8941e-05
6 0.00997783 0.280013 0.014782 0.0892019 3.89821e-05
6 0.255174 0.516767 0.206578 0.219316 3.90643e-05
7 0.521988 0.469148 0.0240207 0.130785 3.9097e-05
6 0.391722 0.588196 0.0406504 0.0496311 3.91458e-05
6 0.531412 0.978538 0.0502587 0.0335345 3.92335e-05
6 0.507945 0.0969148 0.0203252 0.0288397 3.92724e-05
5 0.643755 0.12609 0.179601 0.100604 3.93104e-05
9 0.303215 1 0.0691057 0 3.9408e-05
5 0.578714 0.588196 0.47524 0.24279 3.94497e-05
6 0.521249 0.146211 0.0232816 0.0925553 3.94824e-05
6 0.455469 0.0103957 0.0277162 0.0207914 3.95799e-05
7 0.362158 0.467136 0.0162602 0.0556673 3.96616e-05
6 0.0583888 0.5389 0.0709534 0.235412 3.96904e-05
6 0.682003 0.0130785 0.0454545 0.0261569 3.97135e-05
6 0.484848 0.0942321 0.0362158 0.0328638 3.97227e-05
7 0.530118 0.469819 0.0240207 0.0704225 3.97637e-05
5 0.189394 0.169685 0.137103 0.16499 3.99237e-05
6 0.272358 0.565057 0.0443459 0.0503018 3.99341e-05
6 0.792498 0.0633803 0.108278 0.0811536 4.00474e-05
9 0.00905395 0.97552 0.0181079 0.0489604 4.00974e-05
6 0.28289 0.542253 0.018847 0.0301811 4.01087e-05
6 0.309682 0.598256 0.0214339 0.0348759 4.01422e-05
6 0.558574 0.0949027 0.0218034 0.0342052 4.01509e-05
9 0.606984 0.986586 0.135625 0.0268276 4.01519e-05
7 0.469512 0.463783 0.0210643 0.102616 4.01614e-05
6 0.527716 0.580148 0.0184775 0.0348759 4.02028e-05
6 0.108832 0.107981 0.0461936 0.0362173 4.02262e-05
9 0.22912 1 0.0643016 0 4.03053e-05
6 0.622875 0.540241 0.145972 0.101274 4.03165e-05
6 0.988914 0.146546 0.014782 0.109323 4.03539e-05
6 0.653732 0.127767 0.0177384 0.0288397 4.04091e-05
6 0.57354 0.0114017 0.0184775 0.0228035 4.05115e-05
6 0.514412 0.533199 0.014782 0.0429242 4.05809e-05
6 0.225979 0.118712 0.04102 0.136821 4.0634e-05
9 0.341648 0.565392 0.0668884 0.0590208 4.07896e-05
5 0.78714 0.989269 0.425721 0.0214621 4.07959e-05
6 0.616962 0.582495 0.0402809 0.0435949 4.08334e-05
6 0.506098 0.401744 0.0469327 0.0992622 4.08755e-05
6 0.412786 0.58719 0.0406504 0.047619 4.09063e-05
6 0.418884 0.0264923 0.0698448 0.0529846 4.09244e-05
5 0.726164 0.238766 0.263858 0.20389 4.10474e-05
6 0.329268 0.973172 0.0221729 0.0335345 4.10766e-05
5 0.812084 0.301476 0.375831 0.421865 4.13342e-05
6 0.00831486 0.00301811 0.0136733 0.00603622 4.13501e-05
6 0.479305 0.54896 0.0162602 0.0409121 4.13829e-05
9 0.629897 0.99061 0.04915 0.0187793 4.14382e-05
6 0.506467 0.103957 0.0351072 0.0549966 4.1635e-05
6 0.123245 0.112341 0.0801922 0.0503018 4.19788e-05
6 0.6432 0.991952 0.0358463 0.0160966 4.20315e-05
6 0.457502 0.00637156 0.0162602 0.0127431 4.22498e-05
5 0.535107 0.947686 0.444198 0.103286 4.22625e-05
6 0.615669 0.0298457 0.105691 0.0596915 4.24106e-05
5 0.415373 0.00167673 0.120473 0.00335345 4.24712e-05
5 0.748707 0.955399 0.502587 0.0892019 4.2481e-05
5 0.768108 0.895708 0.396526 0.109323 4.25291e-05
6 0.490577 0.652582 0.0454545 0.0791415 4.25445e-05
2 0.285477 0.504024 0.474132 0.441985 4.26076e-05
6 0.869919 0.473172 0.0443459 0.0704225 4.26571e-05
6 0.00517369 0.0167673 0.0103474 0.0335345 4.27156e-05
6 0.409276 0.615023 0.026238 0.045607 4.2904e-05
6 0.9466 0.255869 0.0764967 0.156271 4.29176e-05
6 0.554693 0.00268276 0.0206948 0.00536553 4.30138e-05
5 0.24612 0.0372233 0.141168 0.0744467 4.31335e-05
6 0.651885 0.570423 0.0325203 0.0382294 4.31459e-05
6 0.472284 0.0207914 0.0339985 0.0415828 4.31691e-05
9 0.0692905 0.0446009 0.138581 0.0892019 4.32125e-05
6 0.0801922 0.0603622 0.0443459 0.0429242 4.3246e-05
6 0.565965 0.093226 0.0218034 0.0295104 4.3438e-05
6 0.618256 0.534205 0.257206 0.165661 4.34674e-05
6 0.579268 0.0851777 0.0439763 0.0402415 4.35651e-05
6 0.591833 0.137156 0.018847 0.0288397 4.36697e-05
6 0.510717 0.0117371 0.0199557 0.0234742 4.37338e-05
6 0.573171 0.0241449 0.0347376 0.0482897 4.37398e-05
0 0.00332594 0.89839 0.00665188 0.130785 4.37596e-05
6 0.00591279 0.331321 0.0118256 0.0724346 4.38068e-05
6 0.990207 0.0261569 0.0107169 0.0523139 4.38122e-05
6 0.989468 0.0979209 0.0166297 0.195842 4.39686e-05
6 0.568921 0.127767 0.0314117 0.065057 4.39768e-05
7 0.470806 0.704225 0.0768662 0.13548 4.40506e-05
9 0.0886918 1 0.0569106 0 4.40875e-05
6 0.063932 0.145205 0.037694 0.0261569 4.45826e-05
6 0.992609 0.0110664 0.014782 0.0221328 4.45962e-05
9 0.195307 0.990946 0.106061 0.0181087 4.4637e-05
6 0.0646711 0.133132 0.0310421 0.0315225 4.46545e-05
7 0.492424 0.414152 0.0277162 0.14554 4.47463e-05
5 0.666482 0.589537 0.35218 0.16499 4.47625e-05
6 0.267923 0.994634 0.0591279 0.0107311 4.47981e-05
6 0.41408 0.625755 0.0395418 0.0536553 4.50393e-05
6 0.907058 0.414822 0.0291944 0.082495 4.50787e-05
6 0.499815 0.0258216 0.0831486 0.0516432 4.51969e-05
6 0.564117 0.00704225 0.0764967 0.0140845 4.55004e-05
6 0.343865 0.926559 0.0698448 0.118712 4.55368e-05
6 0.423688 0.114688 0.033629 0.105969 4.5619e-05
6 0.153363 0.579812 0.0990392 0.197854 4.56741e-05
6 0.530673 0.00603622 0.0864745 0.0120724 4.57072e-05
6 0.00628234 0.00503018 0.0125647 0.0100604 4.57148e-05
5 0.63969 0.106975 0.720621 0.21395 4.57483e-05
6 0.108647 0.124413 0.0428677 0.0301811 4.57575e-05
6 0.394124 0.972166 0.0388027 0.0556673 4.57822e-05
6 0.00443459 0.987257 0.00886918 0.0254863 4.58796e-05
6 0.422025 0.0217975 0.0310421 0.0435949 4.59035e-05
6 0.0578344 0.21395 0.0927568 0.199866 4.59691e-05
5 0.365115 0.0519785 0.730229 0.103957 4.60965e-05
6 0.0796378 0.130785 0.0388027 0.0321932 4.61978e-05
6 0.580931 0.10161 0.0177384 0.0274983 4.62206e-05
7 0.470067 0.411469 0.0295639 0.0623742 4.62546e-05
7 0.436068 0.404427 0.00960828 0.0603622 4.62571e-05
6 0.393016 0.980215 0.04102 0.0395708 4.62812e-05
6 0.424982 0.109993 0.0273466 0.0429242 4.636e-05
6 0.766075 0.555667 0.135255 0.140174 4.63753e-05
6 0.797857 0.0315225 0.0354767 0.028169 4.63883e-05
6 0.347561 0.104963 0.0838877 0.0637156 4.64066e-05
6 0.330192 0.993293 0.0358463 0.0134138 4.68786e-05
6 0.132114 0.945674 0.0631929 0.107311 4.69814e-05
6 0.668145 0.589202 0.0243902 0.0301811 4.72223e-05
6 0.496305 0.00402414 0.0258684 0.00804829 4.74121e-05
6 0.00905395 0.321932 0.0121951 0.0724346 4.74596e-05
8 0.995381 0.0425889 0.00923873 0.0851777 4.75264e-05
9 0.595159 0.00167673 0.0254989 0.00335345 4.75291e-05
6 0.615484 0.631455 0.248707 0.14554 4.75692e-05
6 0.342757 0.979209 0.0402809 0.0415828 4.76917e-05
5 0.191611 0.963447 0.273836 0.0731053 4.77039e-05
6 0.437731 0.00838364 0.0136733 0.0167673 4.77232e-05
6 0.604398 0.979879 0.0439763 0.0321932 4.78389e-05
6 0.434405 0.0197854 0.0203252 0.0395708 4.7859e-05
6 0.442166 0.0154259 0.0521064 0.0308518 4.79354e-05
6 0.522173 0.0120724 0.0192166 0.0241449 4.80018e-05
6 0.920547 0.947015 0.0399113 0.073776 4.82269e-05
9 0.00794531 0.991952 0.011456 0.0160966 4.83194e-05
4 0.29527 0.652918 0.356984 0.356137 4.84313e-05
9 0.11881 0.98994 0.129712 0.0201207 4.87932e-05
3 0.179601 0.410798 0.359202 0.821596 4.88173e-05
2 0.679047 0.415493 0.21323 0.161636 4.88334e-05
6 0.357354 0.556003 0.0251293 0.0348759 4.88612e-05
9 0.0546933 0.97116 0.109387 0.0576794 4.92544e-05
6 0.736511 0.619718 0.0672579 0.0778001 4.94237e-05
6 0.780303 0.618712 0.0254989 0.054326 4.95848e-05
6 0.706393 0.992622 0.0513673 0.0147552 4.96402e-05
6 0.179231 0.986586 0.0746489 0.0268276 4.97794e-05
6 0.897635 0.949698 0.0509978 0.0804829 4.9789e-05
5 0.281781 0.329309 0.507391 0.32998 4.98632e-05
6 0.642092 0.580148 0.0521064 0.0509725 4.99463e-05
7 0.780303 0.281355 0.0388027 0.274313 5.00294e-05
6 0.404472 0.544936 0.0691057 0.0731053 5.00297e-05
6 0.00776053 0.0134138 0.00960828 0.0268276 5.0118e-05
7 0.527347 0.464453 0.0140429 0.0529846 5.02464e-05
6 0.700296 0.663984 0.0443459 0.0496311 5.04191e-05
6 0.93422 0.25218 0.0325203 0.0509725 5.04985e-05
6 0.283075 0.906103 0.112343 0.158283 5.05913e-05
6 0.462121 0.613682 0.0351072 0.0442656 5.08488e-05
6 0.510717 0.515761 0.0266075 0.0617036 5.09043e-05
6 0.589431 0.970154 0.0436068 0.0596915 5.09865e-05
7 0.47136 0.437961 0.0269771 0.0657277 5.10007e-05
6 0.92184 0.0804829 0.0498891 0.0576794 5.12022e-05
6 0.543052 0.110329 0.0373245 0.0529846 5.13115e-05
6 0.749076 0.504024 0.0583888 0.0717639 5.13417e-05
6 0.7051 0.0140845 0.0517369 0.028169 5.13584e-05
5 0.589985 0.993628 0.381744 0.0127431 5.1387e-05
6 0.990946 0.00670691 0.0136733 0.0134138 5.17612e-05
6 0.896341 0.190141 0.0535846 0.122736 5.18686e-05
6 0.395233 0.973172 0.033629 0.0295104 5.19967e-05
5 0.647081 0.987592 0.388766 0.0248156 5.21548e-05
5 0.740577 0.00838364 0.133777 0.0167673 5.23694e-05
6 0.00997783 0.377599 0.0199557 0.17438 5.23786e-05
9 0.345713 0.997988 0.0905395 0.00402414 5.24455e-05
6 0.045085 0.170691 0.0665189 0.0610329 5.26979e-05
6 0.733925 0.0647217 0.0591279 0.0449363 5.28809e-05
6 0.567627 0.122401 0.022912 0.0288397 5.31436e-05
5 0.109756 0.10161 0.18034 0.103957 5.3204e-05
9 0.592757 0.991616 0.0406504 0.0167673 5.32598e-05
6 0.00461936 0.967136 0.00923873 0.0657277 5.34294e-05
6 0.544715 0.551643 0.0133038 0.0395708 5.34338e-05
6 0.51201 0.62609 0.267184 0.153588 5.35657e-05
8 0.730229 0.974514 0.0465632 0.0509725 5.36377e-05
6 0.896896 0.467136 0.0458241 0.0838364 5.36533e-05
5 0.321693 0.0321932 0.171101 0.0643863 5.3666e-05
5 0.312639 0.210597 0.134516 0.218645 5.36961e-05
6 0.656134 0.992622 0.0476718 0.0147552 5.37629e-05
6 0.443089 0.0244802 0.0243902 0.0489604 5.38241e-05
6 0.00554324 0.358484 0.0110865 0.0717639 5.38278e-05
7 0.654656 0.434608 0.103104 0.101945 5.38839e-05
6 0.77827 0.113011 0.0480414 0.0717639 5.39694e-05
9 0.594235 0.98055 0.0509978 0.0389001 5.41617e-05
6 0.484664 0.0036888 0.026238 0.0073776 5.4308e-05
6 0.796009 0.0274983 0.0768662 0.0549966 5.43717e-05
6 0.42609 0.555332 0.0576497 0.0617036 5.44142e-05
6 0.169808 0.108652 0.04915 0.0469484 5.44319e-05
7 0.525868 0.439302 0.0214339 0.0804829 5.45184e-05
6 0.223208 0.113011 0.0347376 0.0449363 5.45571e-05
5 0.763304 0.229712 0.111973 0.197854 5.46783e-05
6 0.336844 0.604628 0.0225425 0.0315225 5.48583e-05
6 0.884331 0.177733 0.0362158 0.0536553 5.5e-05
9 0.656319 0.981556 0.103474 0.036888 5.50034e-05
6 0.857724 0.907109 0.112343 0.148223 5.51831e-05
9 0.906134 1 0.0643016 0 5.5324e-05
6 0.493163 0.00972502 0.0373245 0.01945 5.53671e-05
6 0.528455 0.653253 0.0258684 0.0509725 5.53858e-05
5 0.916482 0.0885312 0.157428 0.0657277 5.56302e-05
6 0.396526 0.0103957 0.0169993 0.0207914 5.5799e-05
6 0.430155 0.607311 0.0206948 0.0355466 5.58313e-05
8 0.754989 0.973172 0.0532151 0.0536553 5.60814e-05
5 0.431818 0.246144 0.428307 0.185111 5.62158e-05
5 0.429786 0.0506372 0.27051 0.101274 5.63438e-05
6 0.543052 0.516097 0.0107169 0.0529846 5.6391e-05
6 0.488174 0.0110664 0.075388 0.0221328 5.64487e-05
6 0.734664 0.620054 0.144863 0.161636 5.64813e-05
6 0.593126 0.607646 0.0184775 0.0321932 5.66344e-05
5 0.328714 0.132461 0.21323 0.138833 5.67056e-05
6 0.293237 0.617706 0.136364 0.1556 5.70104e-05
6 0.59017 0.0150905 0.0635625 0.0301811 5.70264e-05
5 0.345898 0.0684105 0.225425 0.136821 5.71404e-05
6 0.0144124 0.054326 0.0288248 0.108652 5.72488e-05
9 0.965262 0.978203 0.030303 0.0422535 5.72761e-05
6 0.437361 0.58216 0.0328899 0.0429242 5.78258e-05
6 0.00923873 0.370892 0.0162602 0.0858484 5.7874e-05
6 0.611973 0.612676 0.0236511 0.0395708 5.78753e-05
6 0.534368 0.65057 0.0347376 0.0804829 5.83434e-05
9 0.334072 0.551308 0.0206948 0.0295104 5.85755e-05
6 0.989653 0.979544 0.0133038 0.0409121 5.88181e-05
6 0.672395 0.599933 0.0240207 0.0315225 5.88332e-05
6 0.0382483 0.118712 0.0543237 0.056338 5.8878e-05
6 0.286031 0.498659 0.059867 0.093226 5.88932e-05
6 0.354582 0.992958 0.0351072 0.0140845 5.89377e-05
6 0.257206 0.52951 0.0731707 0.0677398 5.90385e-05
6 0.507576 0.481891 0.0144124 0.047619 5.93844e-05
6 0.488914 0.536553 0.0347376 0.0429242 5.95817e-05
5 0.762565 0.0214621 0.202143 0.0429242 5.96462e-05
9 0.431449 0.981221 0.04102 0.0375587 5.98009e-05
6 0.0593126 0.211938 0.112712 0.0871898 6.00345e-05
6 0.591094 0.973508 0.0402809 0.0301811 6.01213e-05
6 0.38119 0.974178 0.0343681 0.0516432 6.04837e-05
6 0.350702 0.623742 0.0192166 0.0348759 6.10778e-05
2 0.64782 0.460094 0.186253 0.134138 6.10932e-05
6 0.370658 0.975855 0.0251293 0.028169 6.1117e-05
5 0.269032 0.981556 0.283814 0.036888 6.11598e-05
5 0.398004 0.0127431 0.184775 0.0254863 6.12962e-05
6 0.478936 0.588196 0.0657797 0.056338 6.13159e-05
4 0.489098 0.884641 0.815595 0.230718 6.14382e-05
6 0.44272 0.0187793 0.0192166 0.0375587 6.17777e-05
9 0.417406 0.976526 0.0454545 0.0469484 6.17875e-05
6 0.924058 0.239772 0.0432373 0.0999329 6.21572e-05
6 0.293422 0.992958 0.0554324 0.0140845 6.22089e-05
6 0.42184 0.612341 0.0240207 0.0523139 6.24334e-05
5 0.292683 0.911804 0.378418 0.114688 6.25316e-05
6 0.898928 0.903756 0.1068 0.142857 6.25789e-05
6 0.011456 0.144534 0.022912 0.0985916 6.28458e-05
6 0.33204 0.544601 0.0402809 0.0442656 6.28918e-05
6 0.772358 0.626425 0.0288248 0.0509725 6.29728e-05
5 0.534738 0.217639 0.0783444 0.164319 6.34558e-05
5 0.223392 0.0821596 0.168884 0.13615 6.36779e-05
6 0.417591 0.973843 0.0332594 0.0295104 6.37646e-05
6 0.55728 0.12173 0.0339985 0.0382294 6.41831e-05
6 0.529379 0.673038 0.0218034 0.0462777 6.43301e-05
6 0.612343 0.0130785 0.117517 0.0261569 6.4743e-05
9 0.00591279 0.996311 0.0118256 0.0073776 6.4892e-05
2 0.165004 0.386653 0.264967 0.336016 6.53007e-05
6 0.316519 0.496982 0.0801922 0.105969 6.53694e-05
3 0.845713 0.409121 0.308574 0.818243 6.54203e-05
6 0.601072 0.671362 0.0166297 0.0389001 6.54704e-05
6 0.572616 0.970154 0.063932 0.0409121 6.56018e-05
2 0.34054 0.423206 0.186622 0.139504 6.56785e-05
6 0.570399 0.65996 0.0550628 0.0912139 6.5857e-05
6 0.590724 0.6167 0.0417591 0.047619 6.64669e-05
6 0.472099 0.0036888 0.0210643 0.0073776 6.65773e-05
6 0.382114 0.974849 0.0288248 0.0288397 6.6662e-05
9 0.310052 0.999665 0.0864745 0.000670691 6.70274e-05
6 0.368441 0.981556 0.0413895 0.036888 6.71982e-05
6 0.534183 0.130114 0.0225425 0.0710932 6.73717e-05
9 0.416851 0.992287 0.0339985 0.0154259 6.77674e-05
6 0.354398 0.618377 0.0354767 0.0442656 6.78293e-05
6 0.50813 0.0187793 0.030303 0.0375587 6.79511e-05
7 0.514043 0.458417 0.030303 0.0757881 6.80072e-05
6 0.893016 0.191818 0.0558019 0.0536553 6.82795e-05
6 0.456024 0.979209 0.0495196 0.0308518 6.83323e-05
9 0.417221 0.984909 0.0384331 0.0288397 6.84269e-05
6 0.680894 0.991616 0.0521064 0.0167673 6.84472e-05
6 0.588507 0.575117 0.0417591 0.0355466 6.85988e-05
9 0.0663341 0.988263 0.0351072 0.0234742 6.86082e-05
6 0.315595 0.642857 0.246859 0.220657 6.89116e-05
6 0.556356 0.643192 0.0395418 0.0751174 6.89192e-05
6 0.779564 0.142857 0.0358463 0.166331 6.92512e-05
6 0.510532 0.486922 0.0284553 0.0576794 6.98992e-05
6 0.513673 0.00972502 0.0613452 0.01945 7.00999e-05
6 0.584996 0.127767 0.0406504 0.0985916 7.02841e-05
6 0.181079 0.439302 0.10643 0.127431 7.03949e-05
5 0.806541 0.0295104 0.14745 0.0590208 7.06257e-05
6 0.720621 0.0674044 0.0820399 0.134809 7.0808e-05
6 0.660384 0.591885 0.181079 0.0999329 7.10665e-05
6 0.529564 0.0228035 0.082779 0.045607 7.1109e-05
5 0.734109 0.194165 0.531781 0.38833 7.11861e-05
6 0.596452 0.477867 0.0103474 0.0677398 7.12214e-05
5 0.64745 0.981221 0.277162 0.0375587 7.13454e-05
6 0.469512 0.00838364 0.0328899 0.0167673 7.14703e-05
9 0.0709534 0.957411 0.0354767 0.0851777 7.14717e-05
6 0.367886 0.992958 0.0343681 0.0140845 7.15643e-05
5 0.129712 0.0697518 0.259423 0.12609 7.16192e-05
6 0.537509 0.672703 0.0203252 0.045607 7.16648e-05
7 0.484479 0.413481 0.037694 0.0798122 7.21991e-05
6 0.513673 0.580818 0.175905 0.0912139 7.22194e-05
6 0.909276 0.440309 0.0447154 0.142857 7.22761e-05
6 0.542498 0.00871898 0.0251293 0.017438 7.23522e-05
3 0.254989 0.594232 0.509978 0.771294 7.25507e-05
6 0.53289 0.123072 0.0184775 0.036888 7.26662e-05
6 0.479305 0.979544 0.0391722 0.0315225 7.28008e-05
9 0.468219 0.97552 0.330377 0.0489604 7.32882e-05
9 0.43071 0.992287 0.033629 0.0154259 7.35288e-05
5 0.842387 0.877599 0.315225 0.179074 7.40088e-05
2 0.676829 0.463447 0.449741 0.224011 7.43632e-05
6 0.927384 0.141851 0.130451 0.0892019 7.45604e-05
6 0.789357 0.510396 0.0192166 0.0335345 7.46024e-05
6 0.0219882 0.0036888 0.0439763 0.0073776 7.47199e-05
6 0.765521 0.558015 0.04915 0.0617036 7.52076e-05
6 0.43884 0.669685 0.0735403 0.0878605 7.52475e-05
6 0.374538 0.585178 0.185144 0.103957 7.54804e-05
7 0.538433 0.436284 0.0162602 0.0798122 7.56275e-05
6 0.00572801 0.0392354 0.011456 0.0704225 7.57197e-05
6 0.688101 0.566398 0.0192166 0.0328638 7.5963e-05
9 0.507945 0.988263 0.04102 0.0234742 7.61487e-05
6 0.431449 0.978873 0.0439763 0.0301811 7.64652e-05
5 0.885809 0.996982 0.228381 0.00603622 7.6591e-05
6 0.440872 0.0117371 0.0243902 0.0234742 7.67148e-05
5 0.659091 0.187793 0.496305 0.277666 7.68894e-05
6 0.573725 0.0073776 0.0247598 0.0147552 7.74744e-05
5 0.928123 0.00435949 0.143755 0.00871898 7.75172e-05
6 0.989468 0.0516432 0.0121951 0.0952381 7.8259e-05
6 0.66371 0.152582 0.0236511 0.0717639 7.86439e-05
6 0.276238 0.540241 0.04102 0.0395708 7.90769e-05
6 0.943089 0.240778 0.0687361 0.0751174 7.91741e-05
6 0.640798 0.613682 0.0539542 0.056338 7.94875e-05
7 0.485588 0.409792 0.022912 0.0536553 7.95814e-05
6 0.494087 0.489604 0.0583888 0.0831657 7.98711e-05
5 0.227642 0.120054 0.0916482 0.139504 7.9873e-05
6 0.592202 0.130449 0.0232816 0.0623742 7.99258e-05
4 0.784922 0.776325 0.430155 0.435278 8.00771e-05
6 0.544531 0.00536553 0.0151515 0.0107311 8.02103e-05
6 0.925166 0.239101 0.0321508 0.0503018 8.11379e-05
5 0.389874 0.570423 0.368071 0.168343 8.11522e-05
6 0.583149 0.123407 0.0177384 0.0295104 8.11796e-05
9 0.927938 0.0549966 0.144124 0.0791415 8.12425e-05
6 0.70085 0.595573 0.033629 0.0362173 8.14982e-05
6 0.673503 0.572435 0.0232816 0.0328638 8.1583e-05
0 0.988174 0.842388 0.0199557 0.315225 8.19827e-05
6 0.370288 0.101274 0.143385 0.0925553 8.22678e-05
6 0.298041 0.557344 0.174058 0.167673 8.27993e-05
6 0.509423 0.535211 0.0351072 0.0429242 8.28325e-05
9 0.46286 0.978873 0.0890613 0.0422535 8.36173e-05
7 0.511271 0.443327 0.0306726 0.152918 8.44616e-05
9 0.582779 0.968478 0.0776053 0.0630449 8.46313e-05
6 0.495935 0.0982562 0.0716925 0.0744467 8.47831e-05
6 0.992979 0.148893 0.0140429 0.131455 8.54784e-05
5 0.492609 0.00268276 0.152254 0.00536553 8.60774e-05
6 0.0692905 0.198189 0.0757576 0.0503018 8.6197e-05
6 0.587583 0.547619 0.0317812 0.0462777 8.68615e-05
6 0.43847 0.623407 0.0321508 0.0449363 8.69554e-05
6 0.495935 0.522468 0.0480414 0.0831657 8.72464e-05
6 0.406874 0.978538 0.0406504 0.0295104 8.79555e-05
9 0.274205 0.999665 0.0798226 0.000670691 8.79995e-05
6 0.780118 0.142522 0.0288248 0.0623742 8.88292e-05
6 0.667221 0.658618 0.0225425 0.0335345 9.05619e-05
6 0.591279 0.12609 0.0177384 0.0308518 9.09981e-05
6 0.180525 0.386989 0.118625 0.143528 9.13119e-05
9 0.393385 0.987257 0.0521064 0.0254863 9.30926e-05
6 0.321693 0.647217 0.0328899 0.045607 9.33151e-05
6 0.774945 0.51006 0.0502587 0.0851777 9.36635e-05
6 0.559128 0.537223 0.0332594 0.0375587 9.39183e-05
6 0.5449 0.130449 0.0284553 0.0663984 9.47308e-05
5 0.72912 0.0539906 0.195861 0.107981 9.53397e-05
6 0.374908 0.624413 0.0572801 0.0590208 9.5346e-05
9 0.615484 0.984239 0.0683666 0.0315225 9.55575e-05
0 0.00923873 0.875587 0.0162602 0.248826 9.55964e-05
7 0.594789 0.464453 0.018847 0.0865191 9.58375e-05
9 0.961197 0.988598 0.0354767 0.0228035 9.58836e-05
6 0.918514 0.0734406 0.104582 0.0529846 9.63823e-05
6 0.543607 0.125084 0.0221729 0.0382294 9.64672e-05
9 0.523097 0.986586 0.0439763 0.0268276 9.72308e-05
5 0.693644 0.0177733 0.194383 0.0355466 9.7298e-05
8 0.730599 0.992622 0.052476 0.0147552 9.73762e-05
6 0.431079 0.601274 0.0484109 0.0489604 9.76297e-05
6 0.32779 0.611335 0.0886918 0.0865191 9.76463e-05
6 0.525499 0.104963 0.0657797 0.0731053 9.80576e-05
6 0.662047 0.148893 0.0195861 0.0375587 9.81426e-05
6 0.5449 0.536217 0.0107169 0.0489604 9.84092e-05
6 0.443644 0.00804829 0.0151515 0.0160966 9.8437e-05
9 0.0559867 0.998994 0.0654102 0.00201207 9.8996e-05
6 0.5085 0.00435949 0.0199557 0.00871898 9.93127e-05
5 0.216925 0.93226 0.433851 0.13548 9.95724e-05
9 0.236696 0.998323 0.0824095 0.00335345 0.000100433
4 0.279749 0.785379 0.559497 0.429242 0.000100569
6 0.922025 0.0985916 0.0620843 0.0603622 0.000100985
7 0.697524 0.484909 0.0905395 0.107311 0.0001013
5 0.351811 0.987592 0.386548 0.0248156 0.000101782
8 0.754804 0.992622 0.0550628 0.0147552 0.000102263
6 0.432927 0.622066 0.0594974 0.065057 0.000102957
6 0.61456 0.633467 0.0509978 0.0583501 0.000103185
8 0.0933112 0.970825 0.0676275 0.0583501 0.000103217
8 0.995381 0.931925 0.00923873 0.110664 0.000103303
5 0.494457 0.0127431 0.147081 0.0254863 0.000104255
6 0.4102 0.607311 0.0465632 0.0529846 0.000104909
9 0.380451 0.992622 0.0476718 0.0147552 0.000105121
9 0.49187 0.988598 0.0391722 0.0228035 0.000105187
6 0.656134 0.161972 0.0247598 0.0637156 0.000105762
6 0.684959 0.658954 0.0395418 0.0449363 0.000106639
6 0.595159 0.640845 0.033629 0.0556673 0.000107126
6 0.506282 0.00804829 0.0310421 0.0160966 0.000107168
6 0.514043 0.6556 0.0354767 0.082495 0.000108239
6 0.562269 0.106975 0.135625 0.0811536 0.000108401
9 0.631929 0.98994 0.0687361 0.0201207 0.000108846
6 0.711013 0.575117 0.0783444 0.0663984 0.000108952
5 0.5449 0.979544 0.656689 0.0409121 0.000109698
6 0.463045 0.572435 0.0332594 0.0382294 0.000110876
5 0.708056 0.966465 0.345898 0.0670691 0.000111575
9 0.308389 0.988263 0.0698448 0.0234742 0.000111776
7 0.483001 0.463447 0.0325203 0.0818243 0.000112266
7 0.484848 0.441315 0.0162602 0.119383 0.000113841
5 0.891722 0.0231388 0.185514 0.0462777 0.000115477
6 0.530857 0.017438 0.0269771 0.0348759 0.000116206
5 0.216001 0.210932 0.432003 0.311871 0.00011656
6 0.692535 0.554326 0.0169993 0.0315225 0.000117138
9 0.555063 0.98055 0.0606061 0.0348759 0.000117184
6 0.422579 0.61167 0.0166297 0.0321932 0.000117191
5 0.670362 0.0643863 0.58167 0.128773 0.000119136
5 0.587398 0.0160966 0.125277 0.0321932 0.00011923
6 0.753141 0.906774 0.117517 0.147552 0.000119683
5 0.408537 0.979879 0.391353 0.0402415 0.000119773
6 0.489653 0.613682 0.0413895 0.0523139 0.000120233
5 0.253511 0.0962441 0.507021 0.192488 0.000120667
9 0.481707 0.983903 0.0816704 0.0321932 0.00012193
7 0.656874 0.475184 0.0890613 0.0972502 0.00012257
5 0.659276 0.035882 0.200296 0.0717639 0.000122583
5 0.88969 0.144869 0.220621 0.136821 0.000123728
6 0.383592 0.601945 0.0628234 0.054326 0.000124092
5 0.09017 0.997317 0.18034 0.00536553 0.000125788
6 0.577605 0.0228035 0.0310421 0.0389001 0.000126578
2 0.371397 0.373575 0.381375 0.191818 0.000127019
6 0.456948 0.982562 0.0461936 0.0348759 0.000127755
5 0.494642 0.100939 0.204361 0.0918846 0.000128181
6 0.00886918 0.0546613 0.0110865 0.0784708 0.000128665
6 0.469512 0.544936 0.0417591 0.0570087 0.00012868
7 0.494087 0.465124 0.0295639 0.118712 0.000128788
6 0.60255 0.64554 0.0181079 0.0315225 0.000128982
9 0.58204 0.980885 0.0487805 0.0328638 0.00012935
6 0.316519 0.546278 0.0173688 0.0274983 0.000130085
5 0.868256 0.97552 0.263489 0.0489604 0.000130587
9 0.367517 0.985245 0.224316 0.0295104 0.000132446
6 0.294715 0.535547 0.0772358 0.0851777 0.000132571
9 0.530488 0.992287 0.04102 0.0154259 0.000132608
6 0.321323 0.561368 0.0240207 0.0295104 0.000133462
6 0.990392 0.93729 0.0192166 0.101274 0.000135121
9 0.531966 0.983568 0.04915 0.0328638 0.000135671
6 0.535292 0.00871898 0.0528455 0.017438 0.0001364
9 0.568182 0.991952 0.0388027 0.0160966 0.000137697
6 0.220251 0.113682 0.0539542 0.0690811 0.000140359
2 0.529564 0.448357 0.393939 0.15493 0.000141263
6 0.767184 0.531858 0.0399113 0.0362173 0.00014341
6 0.00776053 0.0972502 0.0155211 0.132797 0.00014375
9 0.60218 0.988934 0.071323 0.0221328 0.0001442
9 0.455654 0.992287 0.0369549 0.0154259 0.000144946
6 0.551183 0.556003 0.0151515 0.0389001 0.000145612
3 0.864745 0.600268 0.27051 0.702884 0.000147026
7 0.509054 0.465795 0.056541 0.101274 0.000149329
6 0.592202 0.0335345 0.0417591 0.0670691 0.000149558
6 0.654102 0.158283 0.0214339 0.0308518 0.000152559
3 0.703622 0.631791 0.416851 0.427901 0.000153408
6 0.547302 0.54829 0.0140429 0.065057 0.000153663
2 0.160569 0.363179 0.146711 0.247485 0.00015388
5 0.781781 0.917505 0.436438 0.16499 0.000155549
7 0.485218 0.43729 0.0192166 0.056338 0.000156451
8 0.989468 0.946009 0.011456 0.107981 0.000157054
9 0.507391 0.985915 0.0436068 0.028169 0.000159899
5 0.793607 0.0952381 0.412786 0.190476 0.000160587
6 0.00886918 0.0925553 0.0118256 0.0751174 0.00016239
6 0.6602 0.593561 0.0609756 0.0496311 0.000163396
8 0.927384 0.96613 0.04915 0.0677398 0.000164086
6 0.595159 0.00871898 0.0254989 0.017438 0.000164555
6 0.734294 0.0556673 0.082779 0.0751174 0.000166176
6 0.564486 0.602951 0.0417591 0.0442656 0.000166882
9 0.506098 0.994299 0.0358463 0.0114017 0.000167368
6 0.318551 0.561033 0.0694752 0.065057 0.000168199
6 0.522727 0.00536553 0.0158906 0.0107311 0.000169697
7 0.615854 0.433937 0.0594974 0.0885312 0.000170328
6 0.561715 0.102616 0.0354767 0.0402415 0.000170942
6 0.504804 0.538229 0.364375 0.150905 0.000172182
5 0.823171 0.94668 0.353659 0.10664 0.000173188
7 0.539911 0.436955 0.082779 0.10664 0.000174592
9 0.360495 0.987592 0.0772358 0.0248156 0.000175438
5 0.527347 0.0285044 0.272727 0.0570087 0.000175695
6 0.378234 0.564722 0.056541 0.0536553 0.000178043
6 0.769217 0.506372 0.0365854 0.0442656 0.000178469
6 0.783629 0.52448 0.0358463 0.0496311 0.000181241
6 0.570953 0.586854 0.0628234 0.0657277 0.000182405
6 0.528825 0.00871898 0.0273466 0.017438 0.000183557
3 0.11031 0.573776 0.220621 0.852448 0.000183911
8 0.0914634 0.993964 0.063932 0.0120724 0.000184736
6 0.680155 0.558685 0.0203252 0.0295104 0.000184738
6 0.593866 0.603286 0.0317812 0.0462777 0.000188462
5 0.167036 0.215962 0.245381 0.238766 0.000189692
9 0.442535 0.992287 0.0476718 0.0154259 0.000193336
6 0.560052 0.106975 0.0417591 0.0985916 0.000193872
9 0.334072 0.988934 0.0672579 0.0221328 0.000194813
6 0.61881 0.595573 0.0535846 0.0523139 0.00019568
6 0.531227 0.00503018 0.0173688 0.0100604 0.00019662
8 0.0362158 0.984574 0.0576497 0.0308518 0.000198788
8 0.934035 0.987928 0.109017 0.0241449 0.00020031
5 0.15946 0.978538 0.318921 0.0429242 0.000200914
9 0.405395 0.991952 0.0487805 0.0160966 0.000201117
6 0.312823 0.595573 0.0417591 0.0469484 0.000203036
6 0.514782 0.617371 0.0369549 0.0556673 0.00021081
6 0.603289 0.609993 0.0181079 0.0395708 0.000211148
5 0.89357 0.0744467 0.21286 0.119383 0.000214617
6 0.00535846 0.10228 0.0107169 0.0690811 0.000214996
5 0.327421 0.204225 0.304509 0.287726 0.000215819
6 0.62269 0.539235 0.0561715 0.0617036 0.000216818
0 0.99187 0.0808182 0.0140429 0.0959088 0.000218396
6 0.154102 0.924547 0.108647 0.128102 0.000218504
6 0.695676 0.631455 0.117886 0.125419 0.00022053
6 0.681818 0.596915 0.0258684 0.0321932 0.000220639
5 0.616223 0.0160966 0.23762 0.0321932 0.000221624
6 0.370843 0.587861 0.056541 0.0583501 0.000221969
5 0.535107 0.137827 0.490761 0.208585 0.000222003
5 0.548226 0.0593561 0.391353 0.11603 0.000222295
7 0.493348 0.438632 0.0473023 0.122066 0.000223212
2 0.381559 0.448692 0.431264 0.228035 0.000223537
5 0.488359 0.0861838 0.706948 0.172368 0.00022425
6 0.58167 0.105634 0.0347376 0.0435949 0.00022876
6 0.536216 0.603286 0.0391722 0.0529846 0.000230868
8 0.993533 0.914152 0.0129342 0.171697 0.000231276
9 0.434959 0.981556 0.0983001 0.036888 0.000231518
6 0.923319 0.185446 0.137842 0.105298 0.000233403
9 0.514782 0.98558 0.0813008 0.0288397 0.000233872
6 0.578899 0.0301811 0.107539 0.0603622 0.000236459
9 0.468404 0.991616 0.0521064 0.0167673 0.000242128
6 0.759608 0.521127 0.0306726 0.0335345 0.000243442
6 0.58629 0.0110664 0.0277162 0.0221328 0.00024973
3 0.168514 0.596244 0.26238 0.702884 0.000251451
9 0.430894 0.986922 0.0539542 0.0261569 0.000252213
7 0.593311 0.468478 0.00776053 0.0784708 0.000252287
6 0.476164 0.61167 0.0513673 0.0764588 0.000252568
9 0.388396 0.984239 0.0835181 0.0315225 0.000259514
6 0.694383 0.565057 0.0436068 0.0489604 0.000263395
6 0.987805 0.0942321 0.0103474 0.0972502 0.000265483
9 0.555802 0.992287 0.0546933 0.0154259 0.000268351
6 0.731892 0.551979 0.0528455 0.0509725 0.000270473
5 0.502772 0.0147552 0.261271 0.0295104 0.000271948
5 0.503695 0.251509 0.0761271 0.191818 0.000281542
6 0.00646711 0.0714286 0.0129342 0.0663984 0.000282592
9 0.47949 0.987592 0.0513673 0.0248156 0.000295391
6 0.488544 0.573776 0.037694 0.0382294 0.00029583
8 0.928492 0.991616 0.0558019 0.0167673 0.000297426
6 0.291205 0.535882 0.0243902 0.0308518 0.000298651
9 0.442166 0.985915 0.195492 0.028169 0.000302327
7 0.576681 0.43226 0.0469327 0.0918846 0.000302464
6 0.304693 0.540577 0.026238 0.0254863 0.000309654
9 0.580377 0.991281 0.0572801 0.017438 0.000310677
5 0.838322 0.169349 0.323355 0.298457 0.000324005
6 0.575018 0.526492 0.0480414 0.056338 0.000325442
0 0.993348 0.0861838 0.0133038 0.172368 0.000325826
9 0.493718 0.992958 0.0502587 0.0140845 0.00032727
9 0.727088 0.575788 0.0476718 0.0462777 0.000334118
8 0.0391722 0.963783 0.0783444 0.0724346 0.000336446
6 0.563562 0.570423 0.037694 0.0342052 0.000339798
6 0.325758 0.590879 0.0602365 0.0643863 0.000339906
6 0.710273 0.562039 0.0206948 0.0321932 0.00034241
9 0.589061 0.98558 0.189948 0.0288397 0.000342602
6 0.331486 0.639839 0.0339985 0.0509725 0.000348611
9 0.542313 0.986251 0.0587583 0.0274983 0.000351294
6 0.298596 0.556003 0.0495196 0.0536553 0.000353043
6 0.712306 0.554661 0.0328899 0.028169 0.000355951
6 0.663526 0.564386 0.0558019 0.0570087 0.00035834
6 0.934775 0.222669 0.126016 0.107311 0.000377666
6 0.346083 0.637492 0.0254989 0.0422535 0.00038732
6 0.689024 0.606975 0.0277162 0.0308518 0.000387326
4 0.511456 0.661972 0.439024 0.258887 0.000393404
6 0.576497 0.105634 0.0532151 0.0663984 0.000395117
6 0.748522 0.54829 0.0328899 0.0288397 0.000403228
6 0.583518 0.0254863 0.0554324 0.0509725 0.000405653
9 0.454545 0.986586 0.0569106 0.0268276 0.000408177
6 0.682557 0.56338 0.0384331 0.0375587 0.000424946
8 0.966925 0.996647 0.0661493 0.00670691 0.000429126
9 0.568367 0.985245 0.0561715 0.0295104 0.000429395
2 0.508869 0.421865 0.0938655 0.104628 0.000437727
6 0.689024 0.575117 0.0284553 0.0382294 0.000447162
6 0.539357 0.568075 0.0343681 0.0348759 0.000457868
9 0.519217 0.992958 0.0532151 0.0140845 0.000459947
8 0.0347376 0.992958 0.0687361 0.0140845 0.000479369
6 0.54952 0.525486 0.00960828 0.054326 0.000480833
6 0.550813 0.542924 0.0121951 0.0395708 0.00049423
9 0.562454 0.98055 0.0938655 0.0389001 0.000494941
6 0.512934 0.576123 0.0347376 0.0362173 0.000499391
6 0.346268 0.564722 0.0332594 0.0389001 0.000515989
6 0.588137 0.01945 0.033629 0.0348759 0.000525292
6 0.695861 0.638498 0.0325203 0.0402415 0.000537502
7 0.101811 0.386318 0.056541 0.237425 0.000554204
5 0.495011 0.945674 0.656689 0.108652 0.000608337
6 0.781412 0.522468 0.018847 0.0335345 0.000612722
8 0.968034 0.991952 0.0476718 0.0160966 0.000616666
5 0.52088 0.986586 0.280488 0.0268276 0.000621525
6 0.506652 0.590879 0.0509978 0.0670691 0.00062442
8 0.975425 0.984574 0.0484109 0.0308518 0.000626082
6 0.673873 0.636821 0.026238 0.0462777 0.000627066
6 0.710273 0.571764 0.0399113 0.036888 0.000643733
5 0.500739 0.987257 0.449372 0.0254863 0.000657175
6 0.537694 0.538565 0.0347376 0.0415828 0.000670468
6 0.696415 0.624748 0.0299335 0.0328638 0.000689524
8 0.971175 0.960094 0.0576497 0.0798122 0.000727909
6 0.776608 0.515426 0.0218034 0.0409121 0.0007802
6 0.538987 0.549631 0.0535846 0.0529846 0.00078169
6 0.34017 0.615694 0.0284553 0.0429242 0.000799077
6 0.50425 0.549296 0.0461936 0.0549966 0.00081695
6 0.504619 0.615694 0.0594974 0.0831657 0.00090252
6 0.705285 0.614017 0.0424982 0.0462777 0.000917951
6 0.684405 0.619383 0.0280857 0.036888 0.00101775
6 0.534738 0.59725 0.0583888 0.082495 0.00118683
6 0.335366 0.614017 0.0528455 0.0556673 0.00152589
6 0.29527 0.543595 0.037694 0.0382294 0.00155559
6 0.320769 0.567404 0.0436068 0.0348759 0.00230791
6 0.681264 0.631791 0.0558019 0.0630449 0.00247058
3 0.508315 0.551643 0.705469 0.408451 0.0028242
9 0.337398 0.569081 0.0288248 0.0355466 0.00319724
6 0.500185 0.662978 0.0853659 0.103957 0.00354686
6 0.529749 0.663984 0.0661493 0.101945 0.00367815
7 0.588507 0.458082 0.0136733 0.0791415 0.00443716
6 0.327051 0.591549 0.0325203 0.0362173 0.00560227
6 0.732816 0.559021 0.0295639 0.0288397 0.00641391
6 0.329823 0.612341 0.0314117 0.0362173 0.0178284
6 0.685883 0.631791 0.037694 0.0402415 0.330971
5 0.50813 0.247485 0.572801 0.321932 0.77468
2 0.51238 0.400067 0.562084 0.196512 0.785028
3 0.51663 0.587525 0.949002 0.686787 0.791739
4 0.503511 0.68008 0.802291 0.346076 0.854813
