6 0.884516 0.132161 0.0254989 0.0390625 1.91554e-05
6 0.887842 0.0869141 0.0521064 0.0384115 1.91737e-05
6 0.730229 0.91862 0.0473023 0.16276 1.91949e-05
6 0.530488 0.539062 0.018847 0.0455729 1.92071e-05
6 0.767923 0.519206 0.0569106 0.0852865 1.92134e-05
6 0.586659 0.438477 0.0136733 0.0384115 1.92206e-05
9 0.92997 0.00651042 0.0543237 0.0130208 1.92334e-05
6 0.988729 0.431315 0.0173688 0.0996094 1.92692e-05
6 0.460089 0.086263 0.0243902 0.0540365 1.92813e-05
6 0.0395418 0.375977 0.0790835 0.328776 1.93261e-05
9 0.45473 0.879232 0.176275 0.0397135 1.93324e-05
9 0.83629 1 0.141168 0 1.93673e-05
6 0.443829 0.450846 0.0384331 0.0514323 1.93777e-05
6 0.525684 0.282878 0.107539 0.0670573 1.93793e-05
5 0.492239 0.826823 0.443459 0.127604 1.94532e-05
6 0.833888 0.0703125 0.0166297 0.0286458 1.94543e-05
0 0.457871 0.910156 0.030303 0.0572917 1.94566e-05
5 0.205469 0.183594 0.165558 0.145833 1.94652e-05
7 0.496859 0.376953 0.0107169 0.0755208 1.94712e-05
6 0.189394 0.138997 0.0358463 0.0371094 1.94891e-05
9 0.145418 0.00260417 0.0343681 0.00520833 1.95369e-05
9 0.071323 0.941406 0.142646 0.117188 1.95501e-05
8 0.988544 0.868164 0.022912 0.198568 1.95879e-05
6 0.383222 0.0719401 0.0569106 0.0449219 1.95915e-05
9 0.456024 0.906576 0.16408 0.0488281 1.95962e-05
6 0.266815 0.837565 0.09017 0.130859 1.96287e-05
9 0.196785 0.0192057 0.0417591 0.0384115 1.96291e-05
6 0.988359 0.379232 0.018847 0.279297 1.96344e-05
7 0.82779 0.857747 0.0798226 0.284505 1.96385e-05
6 0.480599 0.0514323 0.0328899 0.102865 1.96957e-05
9 0.907982 0.00227865 0.0339985 0.00455729 1.97143e-05
5 0.387657 0.838867 0.383592 0.0865885 1.97494e-05
9 0.0533999 0.00716146 0.0646711 0.0143229 1.98302e-05
7 0.117517 0.267904 0.0310421 0.110026 1.98321e-05
6 0.0123799 0.03125 0.0247598 0.0625 1.9846e-05
6 0.992055 0.0621745 0.0158906 0.124349 1.99092e-05
6 0.458056 0.0927734 0.0351072 0.129557 1.99318e-05
6 0.513489 0.468099 0.026238 0.0364583 1.99668e-05
6 0.691796 0.976237 0.0480414 0.047526 1.99881e-05
9 0.296009 0.0094401 0.0325203 0.0188802 2.00137e-05
9 0.0820399 0.0716146 0.022912 0.0338542 2.00158e-05
6 0.701219 0.518229 0.033629 0.0442708 2.00668e-05
6 0.189209 0.523763 0.097561 0.188151 2.0127e-05
6 0.454176 0.00813802 0.0214339 0.016276 2.01519e-05
6 0.30728 0.547201 0.0617147 0.063151 2.01655e-05
9 0.0652254 0.970378 0.033629 0.0358073 2.02011e-05
6 0.545455 0.485352 0.0169993 0.0279948 2.02449e-05
6 0.00498891 0.114258 0.00997783 0.0566406 2.03229e-05
9 0.299889 0.00455729 0.0181079 0.00911458 2.03623e-05
6 0.452143 0.0911458 0.0181079 0.0585938 2.03787e-05
9 0.396157 0.0247396 0.0517369 0.0494792 2.0392e-05
6 0.113082 0.185547 0.124169 0.0859375 2.03959e-05
9 0.091833 0.00748698 0.0580192 0.014974 2.03987e-05
6 0.407058 0.49056 0.0269771 0.0292969 2.04333e-05
6 0.24612 0.805339 0.0872136 0.130208 2.04404e-05
6 0.447709 0.0644531 0.0373245 0.0533854 2.04444e-05
7 0.317073 0.34668 0.0554324 0.119141 2.04556e-05
6 0.36881 0.514648 0.0221729 0.0332031 2.04799e-05
6 0.572986 0.4375 0.0144124 0.0390625 2.05319e-05
9 0.8483 0.0139974 0.0203252 0.0266927 2.05629e-05
6 0.166482 0.115234 0.033629 0.0390625 2.06096e-05
9 0.275684 0.992839 0.144124 0.0143229 2.06342e-05
6 0.483185 0.568685 0.0210643 0.0488281 2.06622e-05
5 0.611789 0.0514323 0.414265 0.102865 2.06804e-05
6 0.0979305 0.187826 0.0436068 0.0488281 2.07233e-05
6 0.783814 0.913737 0.052476 0.111328 2.07329e-05
6 0.22524 0.516602 0.0661493 0.104818 2.07419e-05
6 0.77476 0.468099 0.086105 0.128906 2.07663e-05
6 0.755174 0.969076 0.0602365 0.061849 2.07987e-05
6 0.539911 0.455404 0.0317812 0.0397135 2.08195e-05
6 0.988914 0.541992 0.0169993 0.102214 2.08216e-05
6 0.296933 0.913411 0.0617147 0.101562 2.08483e-05
7 0.557834 0.374023 0.00849963 0.0722656 2.08494e-05
6 0.181264 0.385091 0.0469327 0.103516 2.08558e-05
6 0.564671 0.614909 0.0487805 0.0865885 2.08598e-05
0 0.992979 0.83431 0.0140429 0.322266 2.09328e-05
6 0.432557 0.53125 0.107539 0.121094 2.094e-05
6 0.287694 0.107096 0.0506282 0.11263 2.09646e-05
6 0.482262 0.0332031 0.0192166 0.0338542 2.09664e-05
5 0.530857 0.180339 0.0521064 0.135417 2.09952e-05
6 0.672025 0.0328776 0.0580192 0.0657552 2.10654e-05
9 0.144678 0 0.0572801 0 2.10662e-05
6 0.668884 0.568359 0.0325203 0.0494792 2.10761e-05
9 0.330377 0.00358073 0.0569106 0.00716146 2.11677e-05
6 0.449002 0 0.0288248 0 2.1173e-05
6 0.190687 0.417318 0.0635625 0.209635 2.11811e-05
7 0.500185 0.208984 0.0158906 0.143229 2.12056e-05
6 0.527347 0.486654 0.0162602 0.0292969 2.12268e-05
6 0.739098 0.0491536 0.0613452 0.0644531 2.12673e-05
6 0.486142 0.0693359 0.011456 0.0371094 2.1304e-05
6 0.0461936 0.227865 0.0768662 0.0924479 2.13503e-05
6 0.00794531 0.0214844 0.00923873 0.0429688 2.13606e-05
9 0.648559 1 0.134516 0 2.13608e-05
9 0.0327051 0 0.0535846 0 2.13694e-05
6 0.779749 0.447266 0.0502587 0.0755208 2.14013e-05
6 0.48374 0.441732 0.014782 0.0371094 2.1459e-05
6 0.377494 0.0820312 0.0934959 0.0768229 2.14727e-05
6 0.181449 0.0917969 0.0310421 0.0429688 2.1474e-05
7 0.517923 0.361328 0.0151515 0.128906 2.14868e-05
6 0.425166 0.0214844 0.120843 0.0429688 2.14908e-05
7 0.485772 0.376302 0.00997783 0.0651042 2.14969e-05
5 0.437916 0.854818 0.257206 0.0455729 2.1521e-05
6 0.563932 0.0133464 0.0997783 0.0266927 2.15345e-05
6 0.198633 0.159831 0.0853659 0.185547 2.15391e-05
6 0.063932 0.240234 0.0428677 0.0846354 2.15474e-05
9 0.504804 0.976237 0.0517369 0.047526 2.15485e-05
5 0.924612 0.945638 0.150776 0.108724 2.16053e-05
6 0.561715 0.435547 0.00960828 0.0364583 2.16453e-05
6 0.919808 0.138997 0.0421286 0.0397135 2.16477e-05
6 0.154472 0.11263 0.0317812 0.0403646 2.16667e-05
6 0.408167 0.0113932 0.0314117 0.0175781 2.16761e-05
6 0.308758 0.0123698 0.018847 0.0195312 2.16955e-05
6 0.992794 0.0152995 0.0144124 0.030599 2.17044e-05
5 0.252402 0.106445 0.504804 0.212891 2.1707e-05
6 0.707502 0.523763 0.0779749 0.124349 2.17669e-05
6 0.470806 0.36849 0.0583888 0.0872396 2.18722e-05
5 0.0644863 0.96224 0.128973 0.0755208 2.19505e-05
9 0.190133 0.0296224 0.0240207 0.0292969 2.19528e-05
6 0.414265 0.0172526 0.0657797 0.0345052 2.20647e-05
6 0.685698 0.919271 0.0757576 0.114583 2.20974e-05
6 0.129157 0.978516 0.086105 0.0429688 2.21599e-05
9 0.16408 0.0198568 0.0813008 0.0397135 2.22203e-05
6 0.130636 0.138346 0.0358463 0.0436198 2.22303e-05
8 0.00905395 0.91862 0.0129342 0.151042 2.22391e-05
6 0.317812 0.986979 0.0369549 0.0260417 2.22615e-05
6 0.931264 0.133464 0.0266075 0.078125 2.22754e-05
6 0.615669 0.639323 0.105691 0.0976562 2.22957e-05
6 0.180894 0.114258 0.033629 0.0397135 2.2318e-05
6 0.70085 0.544596 0.0358463 0.047526 2.23381e-05
9 0.220806 0.00390625 0.0291944 0.0078125 2.24097e-05
6 0.104398 0.13444 0.0254989 0.0371094 2.2454e-05
9 0.909276 0.0563151 0.0247598 0.030599 2.2492e-05
6 0.00886918 0.0800781 0.0177384 0.0833333 2.25366e-05
9 0.168884 0.0198568 0.0421286 0.0397135 2.25413e-05
6 0.838692 0.450846 0.0284553 0.128255 2.25857e-05
6 0.380636 0.430339 0.159645 0.136719 2.26427e-05
9 0.392276 0.963867 0.213969 0.0722656 2.26673e-05
9 0.606615 0.00651042 0.0528455 0.0130208 2.26923e-05
5 0.194013 0.0400391 0.153732 0.0800781 2.27291e-05
6 0.381559 0.976562 0.0210643 0.0455729 2.27961e-05
6 0.980414 0.421875 0.0391722 0.209635 2.28214e-05
6 0.38544 0.0126953 0.0325203 0.0227865 2.28336e-05
5 0.106615 0.10612 0.187361 0.0963542 2.2898e-05
6 0.853659 0.495768 0.0539542 0.218099 2.29002e-05
9 0.00905395 0.023763 0.0181079 0.047526 2.29295e-05
6 0.480599 0.016276 0.0380636 0.0325521 2.30354e-05
6 0.320399 0.521159 0.0399113 0.047526 2.309e-05
6 0.260532 0.870117 0.067997 0.094401 2.31143e-05
6 0.157428 0.200195 0.0266075 0.047526 2.31539e-05
9 0.783814 0 0.0443459 0 2.31542e-05
6 0.353843 0.52181 0.0314117 0.0397135 2.31654e-05
9 0.871766 0 0.0495196 0 2.31776e-05
6 0.415373 0.586914 0.101256 0.146484 2.31922e-05
9 0.904102 0.00227865 0.0676275 0.00455729 2.33472e-05
6 0.82003 0.0680339 0.0140429 0.0279948 2.33952e-05
5 0.612713 0.845703 0.345898 0.0898438 2.34186e-05
6 0.496489 0.544922 0.0277162 0.0429688 2.34911e-05
6 0.93071 0.972656 0.0395418 0.0442708 2.35133e-05
5 0.0783444 0.845378 0.156689 0.276693 2.35181e-05
6 0.49612 0.078776 0.0151515 0.0416667 2.35331e-05
6 0.579453 0.429688 0.0458241 0.0833333 2.35419e-05
0 0.989653 0.775065 0.0162602 0.358724 2.35655e-05
9 0.22099 0 0.0473023 0 2.3605e-05
6 0.607539 0.00423177 0.030303 0.00846354 2.36892e-05
6 0.453437 0.464193 0.0199557 0.0455729 2.36958e-05
9 0.832964 0.0188802 0.0480414 0.0377604 2.36963e-05
6 0.373245 0.469076 0.0199557 0.0371094 2.37323e-05
6 0.523466 0.0100911 0.033629 0.0201823 2.37752e-05
7 0.360495 0.614583 0.0720621 0.0638021 2.37753e-05
5 0.262565 0.258789 0.525129 0.517578 2.37753e-05
6 0.41833 0.0582682 0.0702143 0.0605469 2.38795e-05
6 0.895602 0.381185 0.0543237 0.176432 2.39227e-05
6 0.672025 0.845052 0.0742794 0.10026 2.39461e-05
6 0.0886918 0.170573 0.0465632 0.0403646 2.39608e-05
6 0.525314 0.00358073 0.018847 0.00716146 2.40223e-05
6 0.63507 0.486003 0.0240207 0.046224 2.4041e-05
9 0.760532 1 0.137472 0 2.40484e-05
6 0.985218 0.279297 0.0295639 0.182292 2.40805e-05
6 0.859756 0.0729167 0.0173688 0.03125 2.41218e-05
4 0.658167 0.697917 0.572062 0.253906 2.41764e-05
6 0.947894 0.560872 0.0731707 0.219401 2.4178e-05
6 0.488544 0.442708 0.260902 0.139323 2.42088e-05
6 0.0173688 0.0634766 0.0347376 0.116536 2.43273e-05
6 0.908167 0.125 0.0225425 0.0729167 2.4353e-05
6 0.132668 0.388021 0.0421286 0.109375 2.4365e-05
6 0.406689 0.978841 0.0772358 0.0423177 2.44025e-05
6 0.412417 0.611654 0.0347376 0.0527344 2.44395e-05
6 0.301922 0.598307 0.037694 0.0494792 2.4458e-05
6 0.449372 0.00520833 0.0473023 0.0104167 2.44771e-05
6 0.220806 0.931315 0.086844 0.134766 2.44972e-05
6 0.729305 0.985352 0.0402809 0.0292969 2.45108e-05
6 0.493533 0.982747 0.04915 0.0345052 2.45204e-05
6 0.656134 0.453125 0.0195861 0.0273438 2.45298e-05
6 0.381375 0.487956 0.0214339 0.0279948 2.45469e-05
6 0.194383 0.0680339 0.0266075 0.0371094 2.45628e-05
9 0.321508 0.0240885 0.052476 0.0481771 2.45672e-05
9 0.887842 1 0.224316 0 2.45954e-05
6 0.154102 0.0917969 0.0317812 0.0455729 2.46056e-05
6 0.15983 0.532878 0.0772358 0.229818 2.46353e-05
6 0.412971 0.541992 0.0210643 0.030599 2.47325e-05
9 0.989468 0.00423177 0.0210643 0.00846354 2.47603e-05
9 0.071323 0.99056 0.142646 0.0188802 2.47956e-05
9 0.983925 1 0.0321508 0 2.48453e-05
6 0.82816 0.348633 0.0347376 0.107422 2.48546e-05
6 0.993533 0.48763 0.0129342 0.128906 2.49041e-05
2 0.550813 0.348307 0.213969 0.160156 2.49315e-05
6 0.179047 0.140625 0.0380636 0.0638021 2.4939e-05
8 0.439024 0.922201 0.878049 0.155599 2.49527e-05
6 0.968958 0.0891927 0.0206948 0.0520833 2.49645e-05
7 0.498522 0.336914 0.0177384 0.164714 2.50238e-05
6 0.450111 0.0598958 0.0199557 0.0273438 2.5062e-05
6 0.747967 0.849935 0.0643016 0.0996094 2.50924e-05
9 0.543422 0.970703 0.0373245 0.0585938 2.51095e-05
6 0.131559 0.181641 0.0399113 0.0429688 2.51534e-05
6 0.641168 0.472331 0.0221729 0.0279948 2.52748e-05
9 0.5 0.904622 1 0.190755 2.53619e-05
6 0.553954 0.449219 0.0103474 0.0390625 2.54147e-05
6 0.906504 0.0677083 0.0606061 0.0390625 2.54549e-05
6 0.382853 0.0169271 0.0495196 0.0338542 2.54761e-05
6 0.0988544 0.0729167 0.0247598 0.0390625 2.54941e-05
6 0.480599 0.00911458 0.018847 0.0182292 2.55377e-05
4 0.927938 0.74056 0.142646 0.396484 2.55728e-05
6 0.553215 0.537109 0.0199557 0.0338542 2.56939e-05
10 0.52827 0.884115 0.0129342 0.126302 2.57355e-05
9 0.808943 0 0.0436068 0 2.57587e-05
6 0.921286 0.157878 0.0332594 0.0501302 2.58305e-05
6 0.990577 0.0107422 0.0129342 0.0214844 2.58356e-05
6 0.400222 0 0.0561715 0 2.58449e-05
10 0.492239 0.850911 0.030303 0.114583 2.58687e-05
9 0.141907 0.00748698 0.052476 0.014974 2.5876e-05
6 0.995196 0.152995 0.00960828 0.0729167 2.59218e-05
6 0.667406 0.586589 0.0384331 0.0638021 2.60014e-05
9 0.00997783 0.00195312 0.0199557 0.00390625 2.60156e-05
6 0.169069 0.174479 0.0461936 0.0429688 2.60797e-05
6 0.807834 0.363932 0.0480414 0.10026 2.60988e-05
8 0.0334442 1 0.0668884 0 2.6131e-05
9 0.920362 0.0559896 0.0269771 0.0299479 2.61526e-05
6 0.988729 0.49707 0.018847 0.094401 2.61547e-05
6 0.6068 0.566732 0.0310421 0.0358073 2.61556e-05
6 0.458426 0.452799 0.0277162 0.0423177 2.61772e-05
5 0.828899 0.87793 0.342203 0.233724 2.61918e-05
3 0.70935 0.5 0.581301 1 2.61991e-05
3 0.305802 0.5 0.611604 1 2.61992e-05
3 0.839246 0.791992 0.321508 0.416016 2.62357e-05
4 0.985772 0.834635 0.0144124 0.220052 2.6245e-05
6 0.288248 0.0113932 0.0790835 0.0227865 2.63516e-05
5 0.239653 0.938802 0.396526 0.122396 2.63609e-05
6 0.143385 0.109049 0.0295639 0.0410156 2.63865e-05
6 0.604398 0.0110677 0.0484109 0.0221354 2.63987e-05
6 0.921656 0.361654 0.110126 0.220703 2.645e-05
6 0.25813 0.506836 0.0181079 0.0657552 2.64511e-05
6 0.592387 0.445638 0.0421286 0.0540365 2.64566e-05
4 0.242239 0.722005 0.368441 0.311198 2.64809e-05
10 0.429601 0.880859 0.0254989 0.139323 2.65144e-05
6 0.291944 0.578776 0.030303 0.0481771 2.65244e-05
6 0.849594 0.44043 0.097561 0.318359 2.65703e-05
6 0.400591 0.974284 0.0295639 0.046224 2.66232e-05
5 0.890983 0.0309245 0.218034 0.061849 2.67094e-05
6 0.389135 0.494141 0.0221729 0.0286458 2.67153e-05
6 0.00702143 0.0891927 0.00960828 0.0651042 2.67409e-05
6 0.86105 0.0917969 0.0169993 0.0325521 2.67728e-05
9 0.393016 0.984701 0.168145 0.030599 2.67831e-05
9 0.160569 0.985026 0.0927568 0.0299479 2.68082e-05
6 0.280303 0.561198 0.0328899 0.0507812 2.68958e-05
9 0.0593126 0.0693359 0.0203252 0.030599 2.69249e-05
6 0.592572 0.512695 0.0299335 0.046224 2.70408e-05
7 0.525684 0.372396 0.00702143 0.0703125 2.70547e-05
6 0.0142276 0.110677 0.0284553 0.0911458 2.70601e-05
6 0.699557 0.360352 0.0413895 0.117839 2.71241e-05
6 0.79952 0.557292 0.0631929 0.148438 2.71291e-05
6 0.608463 0.0198568 0.0735403 0.0397135 2.71625e-05
9 0.217664 0.00716146 0.0480414 0.0143229 2.71684e-05
6 0.00997783 0.421549 0.0155211 0.216797 2.72145e-05
6 0.243902 0.989258 0.0546933 0.0214844 2.72302e-05
8 0.00831486 0.0810547 0.0166297 0.138672 2.72972e-05
6 0.320953 0.592773 0.0572801 0.0891927 2.73068e-05
6 0.830931 0.933268 0.0631929 0.133464 2.73974e-05
6 0.191426 0.182617 0.0546933 0.0501302 2.74402e-05
9 0.955285 0.00716146 0.0628234 0.0143229 2.74482e-05
6 0.826866 0.44987 0.0284553 0.128906 2.75311e-05
6 0.758684 0.93457 0.0583888 0.0996094 2.76113e-05
9 0.911863 1 0.15558 0 2.76756e-05
6 0.985403 0.0810547 0.0291944 0.111328 2.77009e-05
9 0.183296 0.00390625 0.0310421 0.0078125 2.77079e-05
9 0.517554 0.987305 0.0365854 0.0253906 2.77279e-05
6 0.343126 0.98763 0.0402809 0.0247396 2.77514e-05
6 0.634516 0.594727 0.0517369 0.0540365 2.77787e-05
9 0.327051 0.974609 0.0798226 0.0507812 2.78905e-05
6 0.0587583 0.131836 0.0421286 0.0957031 2.79644e-05
4 0.441426 0.780924 0.765336 0.382161 2.80341e-05
6 0.485033 0.451823 0.0358463 0.046875 2.82036e-05
6 0.0604213 0.654297 0.0580192 0.102865 2.82745e-05
6 0.782705 0.826823 0.0805617 0.114583 2.83673e-05
9 0.900961 0.086263 0.119734 0.063151 2.83906e-05
6 0.254435 0.463867 0.0107169 0.0657552 2.85304e-05
5 0.509054 0.0963542 0.103843 0.132812 2.85371e-05
9 0.138027 0.0110677 0.120843 0.0221354 2.85753e-05
10 0.48374 0.853841 0.0266075 0.0501302 2.8665e-05
6 0.264412 0.522786 0.126755 0.227865 2.87217e-05
6 0.389505 0.514648 0.0310421 0.0410156 2.87516e-05
9 0.0837029 1 0.0587583 0 2.88079e-05
6 0.795639 0.426107 0.0458241 0.078776 2.89886e-05
5 0.743348 0.055013 0.100148 0.0878906 2.90606e-05
9 0.0698448 0.0696615 0.0214339 0.03125 2.90982e-05
6 0.437916 0.974284 0.0258684 0.0423177 2.91107e-05
6 0.591279 0.601888 0.0694752 0.0748698 2.91112e-05
5 0.251109 0.138997 0.183666 0.155599 2.93543e-05
9 0.357908 0.974609 0.078714 0.0507812 2.93821e-05
6 0.451035 0.605794 0.0240207 0.0488281 2.94559e-05
9 0.904472 0.00585938 0.0528455 0.0117188 2.94937e-05
6 0.438285 0.446289 0.0140429 0.0397135 2.96341e-05
7 0.505174 0.362956 0.0162602 0.128255 2.9644e-05
6 0.822801 0.521159 0.0801922 0.167318 2.97032e-05
6 0.701404 0.440104 0.0236511 0.0416667 2.97111e-05
6 0.672395 0.00520833 0.0388027 0.0104167 2.99097e-05
9 0.0870288 0.980794 0.103104 0.0384115 3.00822e-05
6 0.780303 0.409505 0.0602365 0.0950521 3.00938e-05
9 0.955285 0.00195312 0.0709534 0.00390625 3.0265e-05
6 0.985033 0.0481771 0.0299335 0.0898438 3.04333e-05
6 0.932003 0.13151 0.0192166 0.0481771 3.04709e-05
6 0.828899 0.123372 0.0502587 0.0449219 3.04988e-05
6 0.690318 0.986654 0.037694 0.0266927 3.05087e-05
10 0.43884 0.883138 0.0218034 0.0605469 3.06028e-05
6 0.355506 0.488281 0.0384331 0.0364583 3.06076e-05
6 0.513673 0.520182 0.0258684 0.0351562 3.07926e-05
6 0.143755 0.410482 0.0436068 0.103516 3.09593e-05
5 0.413895 0.0296224 0.13969 0.0592448 3.09628e-05
6 0.682373 0.424805 0.0203252 0.0384115 3.10173e-05
10 0.469143 0.856445 0.0240207 0.0488281 3.10897e-05
9 0.046748 0.0166016 0.078714 0.0332031 3.11317e-05
6 0.461382 0.601888 0.0432373 0.119141 3.11476e-05
6 0.264967 0.527018 0.0487805 0.0488281 3.11676e-05
6 0.369549 0.990234 0.0539542 0.0195312 3.11885e-05
6 0.495196 0.0436198 0.0177384 0.0872396 3.12904e-05
9 0.454361 0.910482 0.056541 0.0696615 3.13364e-05
6 0.437177 0.463867 0.014782 0.0423177 3.13534e-05
6 0.68884 0.56901 0.0199557 0.0611979 3.14309e-05
6 0.43847 0.480794 0.0173688 0.031901 3.14319e-05
9 0.152069 1 0.0624538 0 3.14383e-05
6 0.0951589 0.136719 0.0299335 0.0429688 3.14468e-05
9 0.396157 0.00488281 0.0347376 0.00976562 3.15449e-05
6 0.169438 0.206055 0.0365854 0.0488281 3.16878e-05
6 0.307465 0.557617 0.0317812 0.0449219 3.188e-05
5 0.251478 0.077474 0.205839 0.14974 3.18885e-05
9 0.667036 0.977539 0.0458241 0.0449219 3.19015e-05
6 0.0445307 0.294271 0.0654102 0.298177 3.19309e-05
6 0.687361 0.398763 0.0436068 0.103516 3.22218e-05
8 0.00424982 0.116862 0.00849963 0.233724 3.23588e-05
6 0.865115 0.416016 0.0583888 0.235677 3.23703e-05
4 0.075388 0.599284 0.135255 0.491536 3.24007e-05
6 0.990022 0.0136719 0.0199557 0.0273438 3.24128e-05
5 0.718404 0.015625 0.124169 0.03125 3.27135e-05
6 0.38969 0.604818 0.0218034 0.0520833 3.2793e-05
6 0.484109 0.53776 0.0206948 0.0416667 3.2879e-05
6 0.731892 0.988607 0.0558019 0.0227865 3.29693e-05
9 0.206948 0.00390625 0.0266075 0.0078125 3.29833e-05
6 0.990946 0.491536 0.0181079 0.24349 3.30162e-05
6 0.0578344 0.166016 0.0934959 0.0794271 3.30461e-05
6 0.544531 0.51237 0.018847 0.0325521 3.30766e-05
5 0.163341 0.120443 0.326681 0.205729 3.31434e-05
8 0.00683666 0.179688 0.0136733 0.130208 3.32564e-05
6 0.486881 0.496745 0.0343681 0.0638021 3.32664e-05
9 0.190318 0 0.0495196 0 3.33006e-05
6 0.152624 0.14974 0.0798226 0.046875 3.3326e-05
6 0.436807 0.981445 0.0731707 0.0371094 3.33385e-05
6 0.50037 0.472656 0.0236511 0.0507812 3.33738e-05
6 0.681449 0.388021 0.0702143 0.184896 3.34551e-05
7 0.361789 0.580404 0.0243902 0.0423177 3.35557e-05
9 0.425905 0.97168 0.086844 0.0566406 3.35801e-05
6 0.537509 0.0253906 0.0683666 0.0507812 3.35821e-05
6 0.118995 0.15918 0.0465632 0.0449219 3.36709e-05
6 0.0678123 0.114258 0.0299335 0.0410156 3.37421e-05
6 0.56929 0.498047 0.0905395 0.0911458 3.38036e-05
6 0.995935 0.0563151 0.00813008 0.0657552 3.41041e-05
6 0.427384 0.97526 0.0247598 0.0416667 3.42093e-05
6 0.871582 0.0836589 0.0535846 0.0566406 3.42579e-05
5 0.488729 0.989258 0.264967 0.0214844 3.43923e-05
6 0.628788 0.474935 0.0277162 0.030599 3.44038e-05
6 0.584627 0.464844 0.0169993 0.0364583 3.44574e-05
10 0.478936 0.852539 0.0214339 0.0996094 3.45798e-05
5 0.50813 0.848958 0.327421 0.0651042 3.45911e-05
6 0.936438 0.624349 0.0813008 0.143229 3.46559e-05
6 0.255913 0.486654 0.0136733 0.0540365 3.46693e-05
6 0.502033 0.0260417 0.0136733 0.0364583 3.47084e-05
6 0.617332 0.451823 0.0469327 0.0572917 3.47186e-05
5 0.31541 0.992839 0.39357 0.0143229 3.48812e-05
2 0.351256 0.373047 0.130451 0.15625 3.49467e-05
6 0.669069 0.0146484 0.0580192 0.0292969 3.49506e-05
7 0.486511 1 0.0905395 0 3.50872e-05
9 0.158721 0.00325521 0.0284553 0.00651042 3.51315e-05
6 0.495565 0 0.0199557 0 3.51329e-05
6 0.511826 0.49349 0.0273466 0.0338542 3.51519e-05
6 0.98337 0.0986328 0.0332594 0.0826823 3.54305e-05
9 0.830192 0.0016276 0.0624538 0.00325521 3.54546e-05
5 0.242424 0.0302734 0.128603 0.0605469 3.54823e-05
6 0.620288 0.607096 0.0809313 0.0826823 3.55635e-05
6 0.49575 0.00748698 0.0380636 0.014974 3.55668e-05
9 0.859017 0.0192057 0.0476718 0.0384115 3.56315e-05
6 0.0352919 0.132812 0.0513673 0.0742188 3.56338e-05
6 0.429416 0.463542 0.0184775 0.0403646 3.56536e-05
7 0.34405 0.388346 0.082779 0.107422 3.56846e-05
9 0.856245 0.0016276 0.0635625 0.00325521 3.5714e-05
4 0.647635 0.604818 0.347007 0.259115 3.57265e-05
6 0.526423 0.514974 0.0166297 0.0299479 3.5852e-05
7 0.49575 0.337565 0.0129342 0.0996094 3.5959e-05
9 0.111234 1 0.222469 0 3.61081e-05
9 0.31153 0.00455729 0.0236511 0.00911458 3.61379e-05
6 0.56541 0.975586 0.0214339 0.0397135 3.6203e-05
6 0.962306 0.292969 0.0716925 0.252604 3.62533e-05
6 0.98374 0.931641 0.0325203 0.136719 3.63234e-05
6 0.641537 0.569336 0.0266075 0.0436198 3.63824e-05
9 0.810421 0.0182292 0.045085 0.0364583 3.64865e-05
9 0.392276 0.973307 0.0388027 0.0533854 3.65702e-05
6 0.792498 0.100586 0.110495 0.0852865 3.66315e-05
9 0.759608 1 0.230968 0 3.66608e-05
9 0.647081 1 0.222469 0 3.668e-05
6 0.579453 0.612956 0.0169993 0.0397135 3.66909e-05
7 0.530118 0.364583 0.0461936 0.10026 3.686e-05
10 0.518108 0.851237 0.0258684 0.0501302 3.68952e-05
6 0.976349 0.96224 0.0473023 0.0755208 3.69964e-05
6 0.118625 0.106771 0.0288248 0.0442708 3.70731e-05
6 0.735588 0.935872 0.0594974 0.0878906 3.70999e-05
6 0.120473 0.0898438 0.0273466 0.0442708 3.72916e-05
6 0.797302 0.361979 0.063932 0.177083 3.72986e-05
6 0.475425 0.443685 0.0328899 0.0501302 3.74069e-05
6 0.366223 0.58724 0.0635625 0.0794271 3.75105e-05
6 0.881929 0.110352 0.0181079 0.0371094 3.7723e-05
6 0.702143 0.518555 0.135255 0.169922 3.7774e-05
9 0.196046 0.00390625 0.0269771 0.0078125 3.77764e-05
6 0.56153 0.458008 0.026238 0.0371094 3.77906e-05
6 0.501293 0.0289714 0.0277162 0.0579427 3.78028e-05
6 0.990577 0.0322266 0.0121951 0.063151 3.7842e-05
6 0.475979 0.0371094 0.0739098 0.0742188 3.7886e-05
6 0.823355 0.469401 0.0509978 0.200521 3.7929e-05
7 0.449926 1 0.0883222 0 3.7998e-05
6 0.807834 0.448893 0.0591279 0.0970052 3.80536e-05
4 0.0153363 0.812826 0.0306726 0.30013 3.80629e-05
6 0.945491 0.463216 0.0831486 0.341797 3.81117e-05
2 0.816334 0.308268 0.124908 0.211589 3.82577e-05
6 0.547302 0.588542 0.0199557 0.0494792 3.82916e-05
6 0.734479 0.337565 0.078714 0.160807 3.82937e-05
6 0.964154 0.151693 0.0465632 0.0716146 3.83239e-05
6 0.562639 0.514323 0.0210643 0.0338542 3.83299e-05
6 0.503695 0.0872396 0.0118256 0.0429688 3.83734e-05
6 0.928307 0.952148 0.0509978 0.0957031 3.84127e-05
6 0.177384 0.146159 0.0938655 0.124349 3.84939e-05
6 0.507206 0.0296224 0.04915 0.0592448 3.85889e-05
9 0.780488 0.00195312 0.0613452 0.00390625 3.86032e-05
6 0.783814 0.871419 0.0761271 0.100911 3.86244e-05
5 0.772912 0.919596 0.454176 0.160807 3.88173e-05
6 0.501478 0.0166016 0.0110865 0.0253906 3.88693e-05
6 0.601441 0.486003 0.0195861 0.0266927 3.89194e-05
10 0.504804 0.85026 0.0288248 0.111979 3.89662e-05
6 0.496305 0.0263672 0.0110865 0.0410156 3.89782e-05
6 0.303215 0.57487 0.0358463 0.0494792 3.90115e-05
9 0.193459 0.988932 0.0875831 0.0221354 3.90464e-05
6 0.642461 0.977865 0.0498891 0.0442708 3.91351e-05
9 0.105322 0.00520833 0.0813008 0.0104167 3.91633e-05
6 0.617886 0.974284 0.0532151 0.0514323 3.92686e-05
9 0.00739098 0.00976562 0.014782 0.0195312 3.93221e-05
6 0.141907 0.155599 0.0251293 0.0403646 3.93363e-05
6 0.0430525 0.403646 0.056541 0.216146 3.94712e-05
6 0.441057 0.514648 0.0225425 0.0358073 3.94795e-05
3 0.844605 0.572266 0.310791 0.855469 3.95712e-05
6 0.930525 0.0605469 0.0317812 0.0325521 3.96346e-05
6 0.941796 0.111979 0.0166297 0.0429688 3.97389e-05
9 0.412602 1 0.0624538 0 3.97628e-05
6 0.780673 0.895833 0.121582 0.158854 4.00072e-05
6 0.91796 0.130534 0.0221729 0.0696615 4.00351e-05
6 0.632483 0.434245 0.145233 0.154948 4.01095e-05
7 0.510717 0.336589 0.0140429 0.114583 4.04371e-05
6 0.453806 0.976562 0.0325203 0.0377604 4.04541e-05
5 0.756282 0.151042 0.145972 0.201823 4.06e-05
0 0.461382 0.883138 0.0173688 0.0644531 4.07644e-05
0 0.00461936 0.85319 0.00923873 0.29362 4.07924e-05
9 0.945676 0.983073 0.108647 0.0338542 4.08147e-05
9 0.188285 1 0.0661493 0 4.08389e-05
7 0.390613 0.373372 0.107169 0.123047 4.10082e-05
9 0.223577 0.00390625 0.0643016 0.0078125 4.10496e-05
9 0.38544 0.971354 0.082779 0.0572917 4.11798e-05
6 0.338877 0.588542 0.0192166 0.0429688 4.13018e-05
6 0.269401 0.988607 0.0554324 0.0227865 4.13691e-05
6 0.990392 0.0589193 0.0125647 0.0644531 4.15436e-05
9 0.403917 0.0100911 0.0702143 0.0201823 4.15845e-05
6 0.99187 0.137695 0.014782 0.0540365 4.16654e-05
6 0.375831 0.494141 0.0362158 0.0351562 4.16976e-05
6 0.688101 0.550781 0.0266075 0.0455729 4.18876e-05
6 0.74612 0.520833 0.0864745 0.106771 4.20034e-05
9 0.322247 0.00488281 0.0339985 0.00976562 4.2005e-05
9 0.00813008 0.00716146 0.0110865 0.0143229 4.20593e-05
6 0.590909 0.486654 0.0221729 0.030599 4.21057e-05
6 0.115669 0.167318 0.0783444 0.0429688 4.21955e-05
5 0.328344 0.0745443 0.206578 0.149089 4.22193e-05
6 0.144494 0.138997 0.0347376 0.0410156 4.23522e-05
6 0.693459 0.990234 0.0535846 0.0195312 4.23551e-05
6 0.993348 0.116536 0.0133038 0.0533854 4.24025e-05
6 0.424427 0.607747 0.0218034 0.046224 4.26316e-05
6 0.377864 0.438151 0.0816704 0.078125 4.28885e-05
6 0.605137 0.516276 0.0247598 0.0338542 4.29357e-05
9 0.784738 0.0179036 0.0447154 0.0358073 4.29808e-05
6 0.0157058 0.206706 0.0314117 0.14388 4.3203e-05
6 0.773836 0.522786 0.0864745 0.14974 4.33483e-05
5 0.380081 0.0530599 0.213969 0.100911 4.33893e-05
9 0.168145 0.00390625 0.0280857 0.0078125 4.34589e-05
9 0.524945 1 0.0594974 0 4.36764e-05
6 0.0835181 0.360677 0.0746489 0.248698 4.37198e-05
6 0.156504 0.155273 0.04102 0.0371094 4.3904e-05
6 0.872875 0.108398 0.0184775 0.0358073 4.39124e-05
5 0.690503 0.254557 0.243533 0.221354 4.40188e-05
8 0.00720621 0.163411 0.0144124 0.170573 4.40212e-05
6 0.415743 0.985026 0.0339985 0.0299479 4.41294e-05
9 0.6602 0.489909 0.0439763 0.0371094 4.44861e-05
9 0.498337 1 0.222099 0 4.45661e-05
9 0.0556171 0.0390625 0.111234 0.0716146 4.46006e-05
9 0.194198 0.00716146 0.0461936 0.0143229 4.46367e-05
6 0.733186 0.514648 0.126386 0.349609 4.48579e-05
10 0.514228 0.851237 0.0225425 0.0970052 4.48628e-05
9 0.164449 0.00292969 0.075388 0.00585938 4.49979e-05
6 0.946046 0.145508 0.10643 0.0957031 4.50376e-05
9 0.806356 0.00195312 0.0606061 0.00390625 4.50526e-05
6 0.558389 0.581055 0.0243902 0.0358073 4.52895e-05
6 0.497413 0.0719401 0.0192166 0.113932 4.55149e-05
6 0.306356 0.988607 0.0554324 0.0227865 4.5524e-05
9 0.374538 1 0.0905395 0 4.56181e-05
5 0.185514 0.898438 0.371027 0.199219 4.56272e-05
9 0.0458241 0.00878906 0.0805617 0.0175781 4.56378e-05
9 0.935514 1 0.0654102 0 4.56628e-05
2 0.501109 0.402669 0.485588 0.151693 4.58638e-05
9 0.0533999 0.96582 0.0277162 0.0214844 4.587e-05
9 0.0260532 0.0100911 0.0521064 0.0201823 4.58727e-05
6 0.641537 0.98763 0.0369549 0.0247396 4.6114e-05
6 0.70085 0.86849 0.0964523 0.127604 4.61698e-05
6 0.224316 0.84082 0.104213 0.130859 4.63603e-05
5 0.182742 0.162109 0.365484 0.324219 4.66429e-05
9 0.593311 0.97526 0.0498891 0.0494792 4.6873e-05
6 0.961752 0.111654 0.0764967 0.0839844 4.69028e-05
5 0.854582 0.0644531 0.290835 0.128906 4.71653e-05
5 0.125092 0.0361328 0.250185 0.0722656 4.71741e-05
6 0.402993 0.510091 0.0218034 0.0371094 4.72301e-05
6 0.666112 0.98763 0.0365854 0.0247396 4.74732e-05
2 0.631744 0.352865 0.210273 0.186198 4.75718e-05
6 0.755174 0.98763 0.0602365 0.0247396 4.75824e-05
6 0.414634 0.583659 0.0354767 0.0644531 4.76146e-05
9 0.135255 0.00325521 0.0776053 0.00651042 4.7673e-05
6 0.500739 0.0742188 0.0110865 0.0429688 4.77123e-05
9 0.880081 0.00227865 0.0654102 0.00455729 4.78318e-05
9 0.393016 0.0110677 0.0528455 0.0221354 4.78658e-05
5 0.398189 0.231771 0.349963 0.246094 4.79942e-05
6 0.849039 0.381185 0.0535846 0.244141 4.80943e-05
10 0.459904 0.858073 0.0269771 0.0481771 4.81507e-05
6 0.540281 0.540039 0.0236511 0.0436198 4.81733e-05
5 0.466925 0.0403646 0.144494 0.0807292 4.82807e-05
2 0.392276 0.344727 0.227273 0.180339 4.88052e-05
6 0.455469 0.483398 0.0203252 0.031901 4.88757e-05
5 0.647635 0.206706 0.148928 0.19987 4.89869e-05
6 0.628973 0.481771 0.0192166 0.0273438 4.90398e-05
5 0.599039 0.175781 0.149298 0.200521 4.90622e-05
5 0.224501 0.0595703 0.142276 0.0865885 4.90974e-05
6 0.748337 0.811849 0.125647 0.141927 4.97429e-05
6 0.575758 0.468424 0.0155211 0.031901 4.97934e-05
6 0.043422 0.148763 0.0794531 0.0605469 4.98427e-05
9 0.562639 1 0.0609756 0 4.99809e-05
6 0.908537 0.124349 0.0151515 0.0429688 5.00479e-05
5 0.776792 0.27181 0.446415 0.54362 5.04432e-05
5 0.768293 0.0348307 0.110126 0.0696615 5.04487e-05
6 0.0984849 0.0882161 0.0240207 0.0436198 5.04643e-05
9 0.580192 0.986654 0.0339985 0.0266927 5.06e-05
9 0.882668 0.00325521 0.0373245 0.00651042 5.1118e-05
5 0.289357 0.817383 0.36881 0.119141 5.13379e-05
5 0.856984 0.0429688 0.269771 0.0859375 5.1791e-05
6 0.587214 0.593099 0.0214339 0.0325521 5.19019e-05
6 0.616778 0.985677 0.0406504 0.0286458 5.20267e-05
6 0.095898 0.107422 0.0240207 0.0429688 5.20652e-05
5 0.157797 0.205078 0.314117 0.264323 5.21008e-05
9 0.451959 0.884766 0.0576497 0.0559896 5.21874e-05
9 0.166112 0.00748698 0.0454545 0.014974 5.22123e-05
9 0.478936 0.985677 0.045085 0.0286458 5.23279e-05
6 0.994642 0.0927734 0.0107169 0.121745 5.25388e-05
5 0.216556 0.982747 0.428677 0.0345052 5.27052e-05
9 0.794715 0.00358073 0.0291944 0.00716146 5.30306e-05
5 0.466186 0.016276 0.145233 0.0325521 5.3113e-05
6 0.439024 0.48763 0.0339985 0.0429688 5.32446e-05
6 0.686992 0.522786 0.0273466 0.0377604 5.33003e-05
6 0.168145 0.15332 0.0310421 0.031901 5.34305e-05
6 0.503511 0.0240885 0.078714 0.0481771 5.35431e-05
9 0.847376 0.00390625 0.030303 0.0078125 5.35906e-05
5 0.607539 0.105469 0.365854 0.136719 5.3681e-05
6 0.359387 0.450195 0.0698448 0.146484 5.43034e-05
6 0.704915 0.55957 0.100887 0.120443 5.44261e-05
9 0.317812 0.0107422 0.0517369 0.0214844 5.44727e-05
9 0.454361 0.985677 0.0838877 0.0286458 5.45159e-05
9 0.238174 1 0.213969 0 5.47228e-05
8 0.00757576 0.825846 0.0151515 0.348307 5.47263e-05
5 0.292868 0.862305 0.411308 0.093099 5.48529e-05
6 0.941426 0.0865885 0.0151515 0.0429688 5.49912e-05
9 0.226534 1 0.0635625 0 5.56327e-05
6 0.495196 0.508789 0.0214339 0.0345052 5.57429e-05
6 0.642646 0.485677 0.030303 0.0325521 5.60469e-05
6 0.603104 0.490885 0.0325203 0.0325521 5.6209e-05
6 0.711197 0.264648 0.0343681 0.147786 5.65055e-05
6 0.501663 0.015625 0.0299335 0.03125 5.65644e-05
6 0.540096 0.53776 0.118625 0.0950521 5.66273e-05
6 0.54527 0.555013 0.0343681 0.0540365 5.68903e-05
5 0.174612 0.144206 0.216186 0.132161 5.7154e-05
6 0.931264 0.111979 0.0162602 0.0403646 5.7276e-05
9 0.859756 1 0.0609756 0 5.75999e-05
6 0.572247 0.588542 0.0254989 0.0455729 5.76819e-05
6 0.296563 0.451823 0.0469327 0.0494792 5.7909e-05
9 0.599409 1 0.0606061 0 5.80142e-05
6 0.897635 0.113607 0.0495196 0.047526 5.80836e-05
6 0.499261 0.077474 0.0347376 0.0625 5.81093e-05
9 0.567258 0.986654 0.0325203 0.0266927 5.826e-05
6 0.497044 0.0703125 0.00886918 0.046875 5.85021e-05
9 0.829453 0.0061849 0.0521064 0.0123698 5.85412e-05
6 0.0570953 0.131185 0.0328899 0.0527344 5.86888e-05
9 0.818551 0.00390625 0.0288248 0.0078125 5.91949e-05
9 0.56929 0.974935 0.0432373 0.0501302 5.92196e-05
9 0.480229 0.975586 0.0602365 0.0488281 5.97797e-05
6 0.0840724 0.354492 0.0594974 0.113932 5.98206e-05
6 0.564302 0.482096 0.0169993 0.0279948 6.00261e-05
6 0.839246 0.445964 0.0502587 0.199219 6.02633e-05
4 0.454545 0.59668 0.413895 0.210286 6.02956e-05
0 0.0101626 0.851888 0.0136733 0.296224 6.03997e-05
6 0.437731 0.60612 0.0232816 0.0455729 6.04315e-05
9 0.337953 1 0.0646711 0 6.04812e-05
10 0.440503 0.882487 0.0199557 0.133464 6.0525e-05
6 0.463969 0.583333 0.0247598 0.0585938 6.05462e-05
9 0.194383 0.00358073 0.0657797 0.00716146 6.11409e-05
0 0.452143 0.881836 0.0173688 0.063151 6.13012e-05
6 0.391722 0.985352 0.0339985 0.0292969 6.17136e-05
6 0.732631 0.920898 0.0994087 0.133464 6.18571e-05
6 0.294161 0.563477 0.0546933 0.078776 6.18651e-05
5 0.0995935 0.0455729 0.17997 0.078125 6.18748e-05
6 0.918884 0.98112 0.0631929 0.0377604 6.21666e-05
5 0.961936 0.0107422 0.0761271 0.0214844 6.22135e-05
10 0.463784 0.883789 0.0177384 0.129557 6.25908e-05
6 0.849409 0.277344 0.0661493 0.10026 6.25962e-05
6 0.623245 0.435872 0.0838877 0.094401 6.26953e-05
6 0.796194 0.386393 0.0543237 0.0878906 6.29111e-05
9 0.43071 0.973958 0.0365854 0.0520833 6.30141e-05
9 0.880451 0.0777995 0.0144124 0.030599 6.31406e-05
6 0.918699 0.130208 0.0155211 0.0429688 6.3162e-05
6 0.960828 0.0768229 0.0280857 0.0664062 6.31705e-05
6 0.734664 0.464193 0.10643 0.153646 6.32639e-05
5 0.583518 0.925456 0.504804 0.11263 6.33667e-05
6 0.747228 0.867513 0.119734 0.146484 6.34218e-05
6 0.984294 0.220703 0.0314117 0.136719 6.35222e-05
6 0.985403 0.143229 0.0291944 0.114583 6.35804e-05
5 0.85255 0.0859375 0.218773 0.119792 6.35922e-05
6 0.0705839 0.195638 0.09017 0.0670573 6.35958e-05
5 0.347007 0.967448 0.359941 0.0651042 6.369e-05
6 0.936438 0.120768 0.0495196 0.0540365 6.38118e-05
6 0.0728012 0.167318 0.0339985 0.0429688 6.39603e-05
9 0.933666 0.0761719 0.0594974 0.0520833 6.45095e-05
9 0.668699 0.990234 0.0521064 0.0195312 6.48654e-05
8 0.00628234 0.128255 0.0125647 0.117188 6.52217e-05
9 0.301183 1 0.0635625 0 6.57092e-05
6 0.626571 0.610026 0.0151515 0.0364583 6.57131e-05
5 0.380081 0.206055 0.173319 0.201172 6.57713e-05
9 0.263304 1 0.0646711 0 6.5836e-05
6 0.733186 0.189453 0.0436068 0.148438 6.60725e-05
8 0.00221729 0.107747 0.00443459 0.108724 6.61576e-05
5 0.641353 0.134115 0.202882 0.177083 6.63806e-05
9 0.350148 1 0.188101 0 6.64934e-05
6 0.492609 0.491211 0.121951 0.0970052 6.66032e-05
6 0.898189 0.113607 0.018847 0.0358073 6.71233e-05
9 0.637103 1 0.0613452 0 6.76405e-05
5 0.763119 0.982096 0.473762 0.0358073 6.77403e-05
9 0.429047 0.986003 0.0310421 0.0279948 6.78309e-05
6 0.343496 0.989258 0.056541 0.0214844 6.83519e-05
5 0.532336 0.0166016 0.191057 0.0332031 6.8418e-05
5 0.776608 0.0885417 0.446785 0.177083 6.84754e-05
6 0.626201 0.568034 0.0218034 0.0436198 6.85467e-05
6 0.432742 0.592773 0.0251293 0.0644531 6.85584e-05
9 0.492609 0.989909 0.0768662 0.0201823 6.86937e-05
5 0.538987 0.0328776 0.13932 0.0657552 6.88821e-05
9 0.899298 1 0.063932 0 6.92214e-05
6 0.995935 0.0924479 0.00813008 0.0625 6.93124e-05
6 0.781227 0.344727 0.0724316 0.108724 6.9397e-05
6 0.621951 0.489258 0.0310421 0.0345052 6.94317e-05
6 0.547302 0.545573 0.0199557 0.0377604 6.98918e-05
6 0.136179 0.381185 0.0528455 0.19987 7.02526e-05
6 0.292868 0.534505 0.0513673 0.0611979 7.05044e-05
9 0.822616 1 0.0613452 0 7.10449e-05
9 0.599409 0.989909 0.0694752 0.0201823 7.12564e-05
8 0.677938 0.884766 0.644124 0.230469 7.14579e-05
6 0.622136 0.503906 0.185883 0.15625 7.15187e-05
9 0.898744 0.0764974 0.0192166 0.0292969 7.19083e-05
9 0.414634 0.984375 0.09017 0.03125 7.20544e-05
9 0.879527 0.00651042 0.0554324 0.0130208 7.21158e-05
6 0.31116 0.451823 0.0339985 0.0442708 7.2212e-05
5 0.730968 0.0908203 0.123429 0.147786 7.23871e-05
6 0.403548 0.545898 0.0243902 0.0358073 7.23984e-05
9 0.542868 0.986328 0.0369549 0.0273438 7.24828e-05
5 0.320214 0.89681 0.332225 0.117839 7.29301e-05
6 0.989468 0.160482 0.0166297 0.0865885 7.3125e-05
6 0.490022 0.461589 0.0184775 0.0455729 7.32072e-05
9 0.532151 0.988607 0.0746489 0.0227865 7.32264e-05
6 0.410015 0.500651 0.0469327 0.0533854 7.33322e-05
9 0.960828 0.0292969 0.0783444 0.0585938 7.33879e-05
6 0.653548 0.469727 0.0284553 0.0292969 7.34567e-05
9 0.485957 0.972982 0.213599 0.0540365 7.3516e-05
6 0.390059 0.97526 0.026238 0.0442708 7.36928e-05
5 0.253141 0.0152995 0.141168 0.030599 7.38487e-05
9 0.826127 0.988281 0.086105 0.0234375 7.38829e-05
9 0.673873 1 0.0609756 0 7.39789e-05
9 0.887472 0.0224609 0.0816704 0.0449219 7.45411e-05
6 0.0703991 0.135742 0.0343681 0.0449219 7.47484e-05
7 0.52864 0.61849 0.0602365 0.128906 7.48473e-05
6 0.106245 0.107422 0.0277162 0.0403646 7.51591e-05
9 0.562084 0.987305 0.0709534 0.0253906 7.51887e-05
9 0.9915 0.964844 0.0169993 0.0703125 7.69231e-05
6 0.924982 0.0758464 0.150037 0.0957031 7.72521e-05
5 0.811899 0.156576 0.179601 0.146484 7.72963e-05
7 0.680525 0.564779 0.0254989 0.0553385 7.7412e-05
9 0.93071 0.0686849 0.0203252 0.0345052 7.74643e-05
5 0.320953 0.0159505 0.114191 0.031901 7.7861e-05
6 0.579084 0.59375 0.0206948 0.0377604 7.80981e-05
9 0.353659 0.480143 0.0539542 0.0592448 7.82374e-05
6 0.584442 0.531901 0.0232816 0.0325521 7.82655e-05
9 0.0334442 0.969076 0.0550628 0.0384115 7.87339e-05
6 0.574464 0.534505 0.0476718 0.0846354 7.91537e-05
9 0.519586 0.988932 0.0613452 0.0221354 7.93118e-05
2 0.632668 0.36556 0.339985 0.270182 7.93601e-05
6 0.873614 0.0771484 0.0162602 0.030599 8.01314e-05
2 0.795639 0.399089 0.137472 0.325521 8.04233e-05
9 0.747967 1 0.0628234 0 8.0581e-05
5 0.322432 0.877279 0.56578 0.245443 8.07808e-05
5 0.664819 0.137044 0.670362 0.274089 8.11754e-05
2 0.37694 0.364258 0.411678 0.257161 8.12541e-05
9 0.711013 1 0.0620843 0 8.13015e-05
9 0.027901 0.989583 0.0558019 0.0208333 8.16441e-05
7 0.342757 0.582031 0.033629 0.0572917 8.20598e-05
6 0.157058 0.406576 0.0643016 0.185547 8.21713e-05
5 0.772912 0.0130208 0.109017 0.0260417 8.24172e-05
10 0.454915 0.883138 0.0184775 0.126953 8.25306e-05
6 0.989837 0.0865885 0.0173688 0.0729167 8.25687e-05
6 0.460458 0.56543 0.0258684 0.0540365 8.26047e-05
9 0.855506 0.00651042 0.0509978 0.0130208 8.29192e-05
9 0.441242 0.986003 0.0325203 0.0279948 8.311e-05
6 0.939209 0.0712891 0.0181079 0.0345052 8.31458e-05
6 0.611789 0.589193 0.14745 0.130208 8.31831e-05
9 0.783629 0.00390625 0.0306726 0.0078125 8.34071e-05
6 0.961567 0.0755208 0.0214339 0.0364583 8.35448e-05
6 0.155765 0.140299 0.0277162 0.0371094 8.4268e-05
6 0.465078 0.510742 0.0240207 0.0358073 8.47395e-05
9 0.0556171 0.983073 0.0447154 0.0286458 8.47947e-05
6 0.500924 0.0104167 0.0232816 0.0208333 8.53158e-05
9 0.785846 1 0.0609756 0 8.55508e-05
6 0.961936 0.985026 0.045085 0.0299479 8.55937e-05
4 0.249815 0.777344 0.49963 0.4375 8.60347e-05
6 0.879157 0.0914714 0.014782 0.031901 8.70165e-05
5 0.769956 0.0270182 0.168145 0.0540365 8.74377e-05
6 0.0123799 0.147135 0.0247598 0.0872396 8.76075e-05
6 0.0530303 0.64388 0.0838877 0.263021 8.76232e-05
6 0.927938 0.116536 0.144124 0.122396 8.77608e-05
6 0.460458 0.54362 0.022912 0.0494792 8.7849e-05
9 0.806911 0.0061849 0.0498891 0.0123698 8.82059e-05
3 0.877679 0.405599 0.244642 0.721354 8.86211e-05
6 0.468219 0.466797 0.0177384 0.0429688 8.90073e-05
6 0.38969 0.583659 0.0240207 0.0488281 8.90989e-05
6 0.829638 0.394206 0.0362158 0.130859 8.91875e-05
6 0.131005 0.105794 0.0269771 0.0423177 8.95565e-05
6 0.644494 0.551758 0.0369549 0.0449219 9.03984e-05
6 0.618441 0.988281 0.0587583 0.0234375 9.15046e-05
6 0.64357 0.989909 0.056541 0.0201823 9.23459e-05
9 0.0421286 0.985677 0.0643016 0.0286458 9.25603e-05
5 0.83592 0.15625 0.32816 0.27474 9.2877e-05
6 0.411863 0.559896 0.026238 0.0390625 9.29776e-05
6 0.800074 0.125 0.075388 0.0846354 9.32246e-05
6 0.930894 0.0826823 0.0169993 0.0416667 9.34133e-05
9 0.0493348 0.976237 0.0986696 0.047526 9.34316e-05
9 0.990761 0.927409 0.0184775 0.110026 9.46235e-05
9 0.865299 0.985352 0.0920177 0.0292969 9.50265e-05
4 0.0362158 0.801432 0.0724316 0.25651 9.52864e-05
6 0.584627 0.47819 0.0206948 0.030599 9.54123e-05
5 0.681818 0.822917 0.413895 0.152344 9.54603e-05
9 0.532151 0.97819 0.0813008 0.0436198 9.55964e-05
6 0.386733 0.503906 0.0875831 0.117188 9.67283e-05
9 0.389135 0.986979 0.0635625 0.0260417 9.71482e-05
5 0.0576497 0.0175781 0.115299 0.0351562 9.75361e-05
6 0.582225 0.575846 0.0506282 0.0735677 9.75857e-05
6 0.16796 0.142578 0.04102 0.0364583 9.78234e-05
5 0.618995 0.983724 0.38507 0.0325521 9.78329e-05
7 0.377125 0.577799 0.0269771 0.0501302 9.80917e-05
3 0.219697 0.553711 0.348485 0.680339 9.82372e-05
6 0.555248 0.558594 0.0203252 0.0351562 9.82706e-05
9 0.781042 0.0061849 0.04915 0.0123698 9.90325e-05
6 0.911308 0.105469 0.0399113 0.0455729 9.94068e-05
6 0.648374 0.47526 0.0934959 0.0833333 0.000100393
6 0.455654 0.519857 0.0184775 0.0410156 0.000100512
9 0.915373 0.982747 0.0687361 0.0345052 0.00010089
6 0.87306 0.0921224 0.0166297 0.031901 0.000101239
9 0.919993 0.0576172 0.113452 0.0579427 0.000101313
7 0.437546 0.609375 0.0458241 0.0950521 0.000101391
6 0.914634 0.111328 0.0177384 0.0390625 0.0001016
9 0.037694 0.943359 0.075388 0.113281 0.000102757
6 0.195861 0.147135 0.0820399 0.0664062 0.000102839
5 0.394309 0.0159505 0.134516 0.031901 0.000103039
9 0.593866 0.988607 0.0569106 0.0227865 0.000103661
2 0.492424 0.333333 0.0572801 0.113281 0.000103902
6 0.297302 0.529622 0.0957132 0.0970052 0.000104484
6 0.376571 0.522135 0.0251293 0.03125 0.00010451
6 0.932927 0.623047 0.0949741 0.292969 0.000104636
5 0.670547 0.0205078 0.117147 0.0410156 0.000104817
6 0.626386 0.597331 0.0155211 0.031901 0.000106711
6 0.673134 0.552734 0.033629 0.0546875 0.000106794
5 0.486881 0.205404 0.0521064 0.154297 0.000107116
6 0.617701 0.589193 0.0328899 0.0351562 0.000107383
6 0.868071 0.162435 0.169993 0.115234 0.000108162
5 0.164265 0.0563151 0.293792 0.11263 0.000108162
6 0.506098 0.485677 0.0454545 0.0390625 0.000109985
6 0.570769 0.545898 0.0218034 0.0358073 0.000111405
9 0.91371 0.0843099 0.0506282 0.0514323 0.000111638
5 0.65595 0.0341797 0.184035 0.0683594 0.000111993
5 0.711936 0.152669 0.0506282 0.190755 0.000112228
6 0.351811 0.451497 0.0465632 0.0644531 0.00011386
5 0.597191 0.0143229 0.116038 0.0286458 0.000114022
5 0.476164 0.894531 0.548781 0.192708 0.000114649
6 0.809128 0.403971 0.04915 0.0983073 0.000114732
6 0.649667 0.450521 0.0473023 0.0572917 0.000114948
5 0.37694 0.13151 0.181818 0.199219 0.000115798
5 0.849039 0.0257161 0.193274 0.0514323 0.000116267
6 0.431818 0.533203 0.0395418 0.0429688 0.000116283
6 0.407982 0.547852 0.0613452 0.0996094 0.000116578
6 0.824649 0.149414 0.0498891 0.0579427 0.000116927
5 0.865669 0.976562 0.268662 0.046875 0.000117625
6 0.501848 0.00651042 0.0110865 0.0130208 0.000118482
6 0.419993 0.551758 0.0269771 0.0332031 0.000118667
6 0.371212 0.496094 0.0631929 0.0572917 0.000118824
5 0.715262 0.193034 0.113452 0.162109 0.000120006
6 0.908537 0.108724 0.0166297 0.0390625 0.000120867
9 0.919254 0.0696615 0.0232816 0.0338542 0.000121472
6 0.484848 0.505208 0.0221729 0.0338542 0.000128374
9 0.908721 0.0748698 0.0199557 0.0338542 0.000128919
6 0.576312 0.479167 0.0210643 0.0299479 0.000129964
6 0.387287 0.531576 0.0317812 0.0423177 0.000130288
9 0.432373 0.987956 0.0495196 0.0240885 0.000130379
6 0.899113 0.093099 0.0177384 0.0325521 0.000132227
5 0.584996 0.0283203 0.194383 0.0566406 0.000132302
6 0.744826 0.0738932 0.04915 0.046224 0.000132478
9 0.569475 0.988932 0.052476 0.0221354 0.000134204
6 0.388396 0.503581 0.0509978 0.0449219 0.000134357
5 0.190318 0.0133464 0.174427 0.0266927 0.000136093
6 0.577236 0.515951 0.0199557 0.0332031 0.000137155
6 0.97524 0.97526 0.0495196 0.0442708 0.000137235
5 0.168145 0.0286458 0.223208 0.0572917 0.000138754
6 0.616223 0.501302 0.0898004 0.0963542 0.00013889
5 0.348854 0.0325521 0.186253 0.0651042 0.000139687
5 0.654656 0.0725911 0.198448 0.115234 0.000140172
6 0.302291 0.477865 0.0480414 0.046875 0.000140747
6 0.804693 0.123047 0.0402809 0.0507812 0.000142023
4 0.781042 0.725911 0.437916 0.434896 0.00014445
6 0.972099 0.945312 0.0558019 0.109375 0.000144937
5 0.725055 0.183594 0.549889 0.367188 0.000145103
5 0.817443 0.0120443 0.128603 0.0240885 0.000145162
6 0.405211 0.575846 0.0247598 0.0449219 0.000146372
6 0.621027 0.527995 0.0269771 0.0390625 0.000147341
6 0.694752 0.436198 0.045085 0.0625 0.00014748
4 0.301552 0.818685 0.428677 0.275391 0.000149608
6 0.300998 0.47526 0.0898004 0.0872396 0.00015188
5 0.135809 0.988932 0.271619 0.0221354 0.0001524
9 0.325573 0.561523 0.0406504 0.0501302 0.000154113
9 0.544161 0.988281 0.0558019 0.0234375 0.00015425
5 0.103843 0.0159505 0.17221 0.031901 0.000156601
5 0.313008 0.116862 0.626016 0.233724 0.00015684
5 0.289727 0.190104 0.579453 0.333333 0.000156966
6 0.699741 0.528646 0.0580192 0.0481771 0.000158401
6 0.914819 0.0885417 0.0210643 0.0390625 0.000158451
6 0.483185 0.466146 0.0181079 0.0429688 0.000161369
6 0.449002 0.500977 0.045085 0.0449219 0.000161457
6 0.966186 0.10612 0.0395418 0.0559896 0.000161545
6 0.648189 0.520182 0.0251293 0.0286458 0.000164589
6 0.467849 0.482096 0.0199557 0.0384115 0.000164845
9 0.231338 0.992839 0.0628234 0.0143229 0.000165716
5 0.925166 0.0247396 0.149667 0.0494792 0.000166935
9 0.378973 0.989583 0.0735403 0.0208333 0.00016869
5 0.472284 0.0325521 0.250554 0.0651042 0.000169416
9 0.329268 0.578776 0.0325203 0.0598958 0.000170493
5 0.81929 0.947591 0.361419 0.104818 0.00017218
6 0.296009 0.565104 0.145602 0.1875 0.000174832
9 0.718958 0.994141 0.0676275 0.0117188 0.000177021
6 0.584627 0.497396 0.0443459 0.0481771 0.000179207
9 0.681633 0.53418 0.0291944 0.0410156 0.000181724
6 0.337583 0.446615 0.0321508 0.0442708 0.000182527
9 0.678307 0.99349 0.0617147 0.0130208 0.000187861
3 0.163525 0.530599 0.327051 0.852865 0.000188665
5 0.612158 0.118164 0.500739 0.236328 0.000189078
6 0.824095 0.391276 0.0539542 0.22526 0.000189423
5 0.617332 0.957682 0.406874 0.0846354 0.000192214
9 0.480229 0.987305 0.0683666 0.0253906 0.000195729
5 0.870103 0.0117188 0.127494 0.0234375 0.000196115
6 0.536585 0.495443 0.037694 0.0390625 0.000196192
6 0.313562 0.469401 0.0328899 0.0442708 0.000198235
6 0.488729 0.526693 0.176275 0.110677 0.000198794
9 0.266815 0.992513 0.0657797 0.014974 0.000201751
9 0.63895 0.994792 0.0554324 0.0104167 0.000203027
6 0.451959 0.55013 0.0192166 0.0520833 0.000204677
9 0.456763 0.975586 0.0509978 0.0488281 0.000205255
6 0.989468 0.109701 0.0151515 0.0657552 0.000206133
6 0.385625 0.479167 0.0543237 0.0507812 0.000206469
6 0.427568 0.497396 0.0391722 0.0507812 0.000212454
5 0.503511 0.0579427 0.33592 0.115885 0.000212526
7 0.509608 0.358398 0.0436068 0.107422 0.000217599
6 0.907798 0.0917969 0.0181079 0.0364583 0.000218456
5 0.153917 0.95638 0.307834 0.0872396 0.000220518
9 0.755174 0.993815 0.0661493 0.0123698 0.00022094
4 0.319475 0.595052 0.242794 0.266927 0.00022254
6 0.411493 0.549479 0.0395418 0.0481771 0.0002229
9 0.301552 0.993164 0.0650406 0.0136719 0.000225954
3 0.0922025 0.775716 0.184405 0.448568 0.000227256
9 0.361419 0.530273 0.0258684 0.0253906 0.000227581
4 0.947154 0.777669 0.0731707 0.401693 0.000228477
6 0.346637 0.474284 0.0280857 0.0292969 0.000231315
9 0.376571 0.55599 0.0332594 0.0442708 0.000234499
6 0.691796 0.455404 0.0620843 0.102214 0.000240833
6 0.604398 0.535156 0.026238 0.0351562 0.00024245
6 0.670362 0.451823 0.0576497 0.078125 0.00024317
6 0.484848 0.486654 0.0184775 0.0384115 0.000248595
6 0.550628 0.570964 0.0206948 0.0442708 0.000250377
5 0.690133 0.89681 0.399483 0.139974 0.000256884
6 0.472099 0.496419 0.366962 0.190755 0.000263365
9 0.784183 0.993815 0.0569106 0.0123698 0.000264492
9 0.34054 0.992513 0.0676275 0.014974 0.000269808
6 0.965447 0.981445 0.0661493 0.0371094 0.000277569
9 0.656689 0.541667 0.0369549 0.0481771 0.000297566
3 0.815041 0.514648 0.368441 0.719401 0.000300528
6 0.652624 0.479167 0.0509978 0.0494792 0.000323448
5 0.44235 0.985677 0.371766 0.0286458 0.000337049
6 0.512565 0.514323 0.0480414 0.0403646 0.000342776
6 0.339061 0.530599 0.0380636 0.046875 0.000344079
9 0.365854 0.543294 0.0236511 0.0266927 0.000348257
4 0.0665189 0.777018 0.117517 0.339193 0.000348385
6 0.446785 0.584635 0.0221729 0.078125 0.000364348
6 0.629342 0.507161 0.0583888 0.0611979 0.000373493
5 0.494826 0.941732 0.59867 0.116536 0.00038543
6 0.555063 0.488281 0.0554324 0.0494792 0.0003899
5 0.625647 0.189779 0.284553 0.23763 0.000409751
6 0.578714 0.576497 0.0236511 0.0371094 0.000437536
6 0.529564 0.573893 0.0746489 0.115234 0.000440236
6 0.438101 0.579427 0.0240207 0.0598958 0.000456416
6 0.941242 0.222982 0.0805617 0.129557 0.000471068
9 0.669623 0.47168 0.0332594 0.0436198 0.000493895
9 0.456578 0.986979 0.0587583 0.0260417 0.000507177
5 0.411493 0.0966797 0.50813 0.193359 0.000521597
3 0.0899852 0.560872 0.17997 0.686849 0.000524595
5 0.534183 0.15625 0.131929 0.179688 0.000534905
6 0.460643 0.483398 0.0432373 0.0514323 0.00055842
6 0.425536 0.568359 0.0240207 0.0481771 0.000568125
5 0.696415 0.844727 0.46748 0.30013 0.000578517
2 0.509793 0.413086 0.641907 0.335286 0.00068376
5 0.494826 0.971029 0.433112 0.0579427 0.000738748
6 0.690318 0.461263 0.0399113 0.047526 0.00077159
3 0.899113 0.582357 0.201774 0.781901 0.000773845
6 0.629897 0.53125 0.0203252 0.0351562 0.000845816
6 0.471175 0.495768 0.045085 0.0384115 0.000861468
6 0.494087 0.490234 0.0362158 0.0377604 0.000866545
6 0.488729 0.516927 0.0395418 0.0403646 0.000905219
6 0.577421 0.540039 0.0247598 0.0384115 0.000975154
5 0.72099 0.202148 0.0288248 0.190755 0.00100064
6 0.54065 0.53125 0.0458241 0.0429688 0.00101194
6 0.46748 0.544596 0.0539542 0.0957031 0.00106332
9 0.361419 0.558268 0.0384331 0.0436198 0.00106577
5 0.500739 0.173503 0.0716925 0.172526 0.00106764
6 0.577605 0.554688 0.0650406 0.0481771 0.00110265
3 0.335551 0.487305 0.436807 0.453776 0.00111322
6 0.43071 0.569987 0.0558019 0.061849 0.00112233
6 0.437361 0.553385 0.0417591 0.0455729 0.00114597
6 0.327051 0.449219 0.0280857 0.046875 0.00122038
3 0.692905 0.484375 0.495935 0.507812 0.00131192
6 0.68847 0.441732 0.0140429 0.0358073 0.0013199
9 0.595898 0.549479 0.0284553 0.03125 0.00149839
6 0.470436 0.524414 0.045085 0.0514323 0.00166715
6 0.476718 0.575521 0.0509978 0.110677 0.00178515
6 0.646896 0.53418 0.0306726 0.0345052 0.00179312
6 0.46748 0.578776 0.0968219 0.139323 0.0018886
6 0.502033 0.538411 0.0543237 0.0807292 0.00194173
6 0.563193 0.55599 0.0214339 0.0273438 0.00205261
6 0.554693 0.578451 0.0421286 0.0800781 0.00218871
5 0.499815 0.190104 0.137103 0.21224 0.0024551
2 0.501478 0.339193 0.152993 0.106771 0.00279917
6 0.560421 0.547852 0.488174 0.195964 0.0031973
6 0.49575 0.584961 0.0661493 0.117839 0.00568685
9 0.347561 0.541341 0.0269771 0.0292969 0.00702916
9 0.395602 0.561849 0.210273 0.109375 0.0145602
9 0.633222 0.539388 0.0173688 0.0292969 0.0238944
6 0.573355 0.554362 0.0321508 0.0397135 0.0629058
6 0.683296 0.449219 0.0221729 0.0338542 0.132333
9 0.652069 0.535482 0.0809313 0.0371094 0.197144
9 0.62269 0.541341 0.0295639 0.031901 0.626013
6 0.677753 0.458984 0.0339985 0.0390625 0.642443
9 0.580377 0.55957 0.0210643 0.0253906 0.752403
9 0.391907 0.559245 0.0306726 0.0403646 0.787549
9 0.331116 0.467448 0.0347376 0.046875 0.805931
4 0.49187 0.585286 0.657798 0.388021 0.825995
9 0.670916 0.528646 0.04102 0.046875 0.848378
3 0.494642 0.529948 0.793422 0.71875 0.85373
9 0.33629 0.546549 0.0443459 0.0423177 0.866576
2 0.503326 0.324544 0.439763 0.203776 0.886964
5 0.5 0.173828 0.439763 0.276042 0.89022
