10 0.951745 0.10101 0.0311804 0.145455 1.61706e-05
7 0.281552 0.0579125 0.00631032 0.0606061 1.61976e-05
5 0.214922 0.020202 0.330364 0.040404 1.62115e-05
6 0.70657 0.0188552 0.0426875 0.0377104 1.62211e-05
9 0.801782 1 0.156644 0 1.62221e-05
6 0.992762 0.374074 0.0144766 0.182492 1.62345e-05
6 0.666481 0.0026936 0.0352635 0.00538721 1.62522e-05
6 0.995546 0.655219 0.00890869 0.13468 1.62621e-05
6 0.654974 0.0946128 0.0508537 0.152862 1.62715e-05
6 0.115627 0.96936 0.0233853 0.0612795 1.62748e-05
8 0.822012 0.0565657 0.0367483 0.113131 1.62795e-05
4 0.0204157 0.753199 0.0408315 0.27138 1.62925e-05
9 0.257795 1 0.0939124 0 1.62969e-05
6 0.900891 0.108754 0.0831477 0.0612795 1.63085e-05
6 0.246288 0.00808081 0.0478842 0.0161616 1.63089e-05
6 0.933556 0.281818 0.0378619 0.0612795 1.631e-05
6 0.356904 0.498316 0.0204157 0.040404 1.63791e-05
6 0.669079 0.0117845 0.0211581 0.023569 1.63862e-05
9 0.802895 0.013468 0.030438 0.026936 1.64289e-05
6 0.698218 0.020202 0.0296956 0.040404 1.64659e-05
6 0.655902 0.0767677 0.0348924 0.03367 1.64723e-05
6 0.247773 0.902694 0.0374907 0.0882155 1.64891e-05
5 0.247958 0.0707071 0.0935412 0.111785 1.65475e-05
5 0.11637 0.00538721 0.154788 0.0107744 1.65606e-05
6 0.27951 0.10202 0.017075 0.050505 1.65703e-05
6 0.131032 0.933333 0.0727543 0.129293 1.6589e-05
7 0.496474 0.427609 0.0159614 0.137374 1.66218e-05
6 0.217335 0.97037 0.0560505 0.0592593 1.67012e-05
6 0.642353 0.0242424 0.0248701 0.0484848 1.67377e-05
6 0.497402 0.847138 0.0215293 0.0942761 1.67468e-05
6 0.497216 0.616162 0.0233853 0.0457912 1.676e-05
6 0.663512 0.629966 0.0449146 0.0451178 1.67881e-05
6 0.507238 0.89697 0.0300668 0.0659933 1.67897e-05
7 0.56997 0.824579 0.0233853 0.0451178 1.69519e-05
6 0.933556 0.739731 0.077951 0.0841751 1.69554e-05
6 0.787676 0.202357 0.0193022 0.0531987 1.69588e-05
6 0.905716 0.283165 0.0386043 0.0936027 1.69592e-05
6 0.664996 0.655892 0.0449146 0.0484848 1.70347e-05
7 0.525612 0.42862 0.0497402 0.119192 1.7071e-05
6 0.775427 0.0026936 0.0274684 0.00538721 1.70963e-05
6 0.317743 0.979125 0.0445434 0.0417508 1.7108e-05
6 0.0707127 0.96229 0.0486266 0.0727273 1.7116e-05
6 0.280624 0.561953 0.0222717 0.0410774 1.71189e-05
6 0.115999 0.97138 0.0174462 0.037037 1.71235e-05
9 0.79343 0.0222222 0.0204157 0.0363636 1.71549e-05
6 0.658872 0.0127946 0.0207869 0.0255892 1.71758e-05
6 0.0740535 0.219865 0.0657016 0.0626263 1.72907e-05
5 0.17242 0.860606 0.34484 0.278788 1.7305e-05
6 0.013363 0.960943 0.0267261 0.0754209 1.73133e-05
7 0.868411 0.1 0.0174462 0.104377 1.73245e-05
7 0.483111 0.406397 0.00853749 0.0747475 1.73532e-05
6 0.243318 0.991583 0.0404603 0.016835 1.73976e-05
6 0.608946 0.0249158 0.0241277 0.0498317 1.74163e-05
6 0.266889 0.573064 0.0697847 0.102357 1.74269e-05
5 0.117298 0.0299663 0.234595 0.0599327 1.74365e-05
6 0.875093 0.983838 0.0746102 0.0323232 1.74778e-05
7 0.511136 0.432323 0.0103935 0.0902357 1.74797e-05
6 0.721232 0.990236 0.0497402 0.0195286 1.74964e-05
6 0.116741 0.975421 0.0397179 0.0491582 1.75141e-05
6 0.852079 0.348822 0.0582777 0.0606061 1.75268e-05
6 0.917966 0.0171717 0.030438 0.0343434 1.75709e-05
6 0.653489 0.0872054 0.0330364 0.0262626 1.75833e-05
6 0.328322 0.825926 0.0612472 0.0801347 1.76167e-05
6 0.408686 0.514815 0.017075 0.037037 1.77065e-05
9 0.823868 1 0.352264 0 1.77558e-05
6 0.495546 0.542761 0.0230141 0.0363636 1.78306e-05
6 0.0139198 0.062963 0.0278396 0.125926 1.79019e-05
5 0.802895 0.151178 0.394209 0.302357 1.79104e-05
9 0.0278396 0.996296 0.0556793 0.00740741 1.79251e-05
6 0.853749 0.355219 0.0712695 0.119192 1.79837e-05
6 0.272086 0.93569 0.0319228 0.0734007 1.80147e-05
6 0.385301 0.0151515 0.0207869 0.030303 1.80208e-05
6 0.460468 0.483165 0.0293244 0.050505 1.80362e-05
6 0.68634 0.930976 0.0482554 0.0801347 1.81052e-05
6 0.64291 0.0013468 0.0222717 0.0026936 1.81097e-05
6 0.506496 0.00909091 0.00556793 0.0181818 1.81269e-05
6 0.36804 0.619192 0.0270973 0.0383838 1.81279e-05
9 0.93003 0.966667 0.0716407 0.0666667 1.81448e-05
6 0.961025 0.544781 0.0623608 0.105051 1.81468e-05
0 0.603378 0.86734 0.0642168 0.0700337 1.81682e-05
6 0.330735 0.993266 0.0311804 0.013468 1.82091e-05
9 0.0649592 0.985522 0.0965108 0.0289562 1.822e-05
0 0.609503 0.888552 0.0163326 0.0734007 1.83036e-05
4 0.0528953 0.701347 0.105791 0.384512 1.8306e-05
6 0.406273 0.961953 0.0345212 0.0760943 1.83228e-05
9 0.907201 0.977104 0.0356347 0.0350168 1.83309e-05
5 0.35709 0.893266 0.552339 0.213468 1.83358e-05
6 0.513177 0.596633 0.0233853 0.0444444 1.83469e-05
5 0.68634 0.285859 0.173719 0.264646 1.83715e-05
6 0.269117 0.962626 0.0267261 0.0518519 1.83837e-05
6 0.0994803 0.193266 0.0556793 0.0713805 1.84035e-05
6 0.284336 0.0909091 0.0430586 0.150842 1.84152e-05
5 0.705642 0.313131 0.0682999 0.245118 1.84556e-05
6 0.412398 0.653199 0.0497402 0.0740741 1.85034e-05
6 0.992762 0.705724 0.0144766 0.210101 1.85148e-05
6 0.0714551 0.192256 0.0642168 0.0760943 1.85331e-05
6 0.00946548 0.0228956 0.018931 0.0457912 1.85773e-05
7 0.484595 0.411784 0.0100223 0.174411 1.85797e-05
7 0.868597 0.445791 0.0408315 0.161616 1.85849e-05
6 0.443207 0.0255892 0.0631032 0.0511785 1.86024e-05
6 0.154232 0.971044 0.0530809 0.0579125 1.86187e-05
5 0.40386 0.0377104 0.18337 0.0754209 1.86871e-05
9 0.221047 1 0.0953972 0 1.87027e-05
9 0.404046 1 0.0850037 0 1.87461e-05
4 0.171121 0.592929 0.0727543 0.520539 1.88032e-05
6 0.922235 0.76835 0.116927 0.119865 1.88139e-05
6 0.708426 0.946465 0.049369 0.0693603 1.88169e-05
0 0.602636 0.888889 0.0181886 0.0700337 1.88364e-05
6 0.297513 0.56431 0.0664439 0.0902357 1.8863e-05
0 0.988679 0.829293 0.0144766 0.341414 1.89226e-05
6 0.269488 0.955556 0.0326652 0.0888889 1.89836e-05
6 0.0586489 0.934007 0.0623608 0.115825 1.90705e-05
6 0.0283964 0.231987 0.0567929 0.0774411 1.91195e-05
6 0.703229 0.010101 0.0248701 0.020202 1.92531e-05
6 0.93931 0.593939 0.0961396 0.0767677 1.92873e-05
9 0.947847 0.979798 0.0196733 0.0350168 1.93907e-05
6 0.0495546 0.258249 0.0991091 0.108418 1.94353e-05
6 0.381774 0.987205 0.0412027 0.0255892 1.9484e-05
7 0.302895 0.385185 0.0393467 0.199327 1.95064e-05
6 0.144395 0.991583 0.0445434 0.016835 1.95177e-05
5 0.249629 0.143434 0.155531 0.19798 1.95501e-05
10 0.479584 0.861279 0.0185598 0.0592593 1.95787e-05
6 0.991463 0.619865 0.0163326 0.244444 1.95811e-05
9 0.930587 1 0.0734967 0 1.96029e-05
6 0.623422 0.013468 0.0233853 0.026936 1.96463e-05
0 0.49072 0.863973 0.043801 0.0552189 1.96829e-05
9 0.43634 0.984848 0.0850037 0.030303 1.96942e-05
6 0.893838 0.287542 0.0430586 0.0632997 1.97219e-05
8 0.976615 0.139394 0.0467706 0.13064 1.97254e-05
5 0.695991 0.0249158 0.142539 0.0498317 1.97507e-05
6 0.659428 0.0215488 0.0671863 0.0430976 1.97941e-05
6 0.419451 0.979798 0.0497402 0.040404 1.98246e-05
9 0.651076 0.532997 0.115071 0.175758 1.98616e-05
6 0.515219 0.475758 0.0378619 0.0787879 1.98629e-05
5 0.337973 0.973064 0.259465 0.0538721 1.99231e-05
7 0.525984 0.487542 0.0267261 0.0740741 1.99519e-05
9 0.68931 0.0185185 0.0720119 0.037037 2.00189e-05
6 0.344469 0.979461 0.0467706 0.0410774 2.00943e-05
6 0.317743 0.992929 0.0356347 0.0141414 2.01851e-05
6 0.00872309 0.183502 0.0129918 0.10303 2.02333e-05
6 0.599852 0.93165 0.0311804 0.0666667 2.03172e-05
7 0.89291 0.143434 0.0345212 0.13064 2.03252e-05
6 0.0343356 0.0286195 0.0686711 0.0572391 2.03409e-05
6 0.636043 0.0127946 0.0211581 0.0255892 2.03677e-05
6 0.917038 0.0016835 0.0241277 0.003367 2.03771e-05
6 0.629362 0.583838 0.0397179 0.0579125 2.04031e-05
6 0.321084 0.614815 0.030438 0.0484848 2.04295e-05
6 0.994061 0.59798 0.0118782 0.0942761 2.04686e-05
6 0.987751 0.985522 0.0163326 0.0289562 2.0588e-05
6 0.860616 0.112795 0.0694135 0.0707071 2.06436e-05
10 0.0545657 0.841077 0.0883445 0.282828 2.06475e-05
9 0.983296 1 0.0334076 0 2.06855e-05
6 0.872309 0.144444 0.0423163 0.0612795 2.06966e-05
7 0.469562 0.406734 0.00890869 0.0754209 2.07151e-05
10 0.491834 0.915825 0.0163326 0.113131 2.07256e-05
9 0.126763 0.993939 0.11173 0.0121212 2.07287e-05
6 0.626021 0.00505051 0.0887157 0.010101 2.07326e-05
5 0.169265 0.191919 0.242762 0.232997 2.08212e-05
5 0.482368 0.127609 0.435412 0.255219 2.08997e-05
6 0.286934 0.912458 0.0757238 0.175084 2.0955e-05
6 0.0358203 0.276094 0.0508537 0.0888889 2.09668e-05
6 0.470304 0.591919 0.0230141 0.040404 2.09776e-05
6 0.253341 0.92862 0.0426875 0.142761 2.09826e-05
6 0.43931 0.646465 0.0805494 0.118519 2.10164e-05
7 0.682999 0.335017 0.0259837 0.121886 2.10175e-05
9 0.509651 0.987879 0.0363771 0.0242424 2.10629e-05
6 0.24369 0.971044 0.0508537 0.0579125 2.10633e-05
6 0.930958 0.0171717 0.0334076 0.0343434 2.10714e-05
6 0.995174 0.352862 0.00965108 0.0902357 2.10978e-05
8 0.922791 0.174411 0.154417 0.110438 2.11142e-05
6 0.0710839 0.925252 0.0449146 0.149495 2.1126e-05
6 0.60709 0.181145 0.0174462 0.0323232 2.11477e-05
6 0.0278396 0.307744 0.0556793 0.185859 2.11712e-05
7 0.570156 0.439731 0.060876 0.127946 2.12368e-05
2 0.347439 0.885522 0.694878 0.228956 2.12385e-05
6 0.631032 0.987542 0.0274684 0.0249158 2.13693e-05
9 0.47977 0.987879 0.0397179 0.0242424 2.14277e-05
7 0.466221 0.411784 0.0378619 0.108418 2.14692e-05
0 0.586303 0.901684 0.0263549 0.0632997 2.1486e-05
6 0.660542 0.929293 0.0515961 0.0956229 2.15257e-05
6 0.663697 0.9633 0.0244989 0.0397306 2.15944e-05
2 0.263734 0.386532 0.16147 0.23569 2.16151e-05
6 0.582777 0.351515 0.126206 0.13468 2.16238e-05
6 0.29974 0.488889 0.0597624 0.118519 2.16677e-05
6 0.451559 0.989899 0.0426875 0.020202 2.1794e-05
6 0.611915 0.930976 0.0337788 0.0720539 2.17951e-05
7 0.56366 0.668687 0.0523385 0.0848485 2.18249e-05
5 0.418708 0.985185 0.268003 0.0296296 2.18874e-05
6 0.419265 0.993266 0.0367483 0.013468 2.1901e-05
6 0.510765 0.924579 0.0452858 0.0713805 2.19098e-05
5 0.245917 0.865993 0.376763 0.149495 2.19132e-05
6 0.764662 0.0272727 0.0423163 0.0545455 2.19318e-05
7 0.236451 0.900673 0.0334076 0.0707071 2.1959e-05
6 0.389569 0.965657 0.0501114 0.0498317 2.19703e-05
4 0.118411 0.706397 0.179659 0.363636 2.21269e-05
6 0.294543 0.0515152 0.0783222 0.10303 2.21388e-05
5 0.0653304 0.00538721 0.130661 0.0107744 2.21784e-05
6 0.455271 0.559596 0.0352635 0.0498317 2.22251e-05
6 0.603378 0.959596 0.0419451 0.0808081 2.22415e-05
5 0.690609 0.96532 0.202301 0.0693603 2.23789e-05
5 0.79343 0.998317 0.387899 0.003367 2.23806e-05
5 0.862843 0.675084 0.274313 0.259259 2.23841e-05
7 0.452673 0.390909 0.062732 0.107071 2.2391e-05
6 0.495174 0.651852 0.0378619 0.0565657 2.24491e-05
6 0.435041 0.00639731 0.0705271 0.0127946 2.24549e-05
6 0.676503 0.989899 0.045657 0.020202 2.24675e-05
6 0.358946 0.96633 0.0571641 0.0525253 2.24723e-05
6 0.931329 0.0047138 0.0334076 0.00942761 2.24989e-05
8 0.532294 0.991583 0.110616 0.016835 2.25039e-05
8 0.93003 0.205724 0.139941 0.164983 2.25457e-05
6 0.0525241 0.030303 0.105048 0.0606061 2.25647e-05
6 0.42242 0.958586 0.0289532 0.0316498 2.26889e-05
6 0.866741 0.308081 0.0527097 0.0558923 2.26911e-05
5 0.0695991 0.814141 0.139198 0.26532 2.26978e-05
6 0.37899 0.526936 0.0222717 0.0343434 2.2801e-05
6 0.654974 0.551515 0.0486266 0.040404 2.2847e-05
6 0.50464 0.059596 0.0167038 0.119192 2.29557e-05
5 0.880475 0.0777778 0.190052 0.138047 2.29946e-05
7 0.53879 0.70303 0.05902 0.133333 2.2997e-05
6 0.987936 0.016835 0.0241277 0.03367 2.30831e-05
9 0.943207 0.987879 0.0319228 0.0242424 2.30865e-05
5 0.21121 0.256229 0.176689 0.191919 2.30975e-05
5 0.0838901 0.92862 0.16778 0.142761 2.31176e-05
6 0.333333 0.609428 0.0274684 0.0444444 2.31443e-05
5 0.671121 0.0973064 0.198218 0.138047 2.3156e-05
6 0.643467 0.0131313 0.0181886 0.0262626 2.32658e-05
6 0.520416 0.0148148 0.0207869 0.0296296 2.32713e-05
6 0.102079 0.220875 0.0549369 0.0592593 2.33077e-05
6 0.391982 0.980135 0.0415739 0.037037 2.33429e-05
6 0.406273 0.617172 0.0248701 0.0531987 2.33442e-05
6 0.660171 0.608754 0.100594 0.142761 2.34083e-05
8 0.00371195 0.117845 0.00742391 0.144108 2.3413e-05
6 0.342428 0.948148 0.0567929 0.0888889 2.35338e-05
9 0.524313 1 0.0649592 0 2.3672e-05
6 0.497216 0.514141 0.0204157 0.043771 2.37142e-05
6 0.995546 0.954882 0.00890869 0.0673401 2.37573e-05
6 0.00612472 0.0478114 0.0122494 0.0956229 2.38244e-05
5 0.81533 0.020202 0.292131 0.040404 2.3925e-05
6 0.468077 0.512795 0.0274684 0.0343434 2.39913e-05
9 0.487008 1 0.064588 0 2.40261e-05
8 0.00668151 0.114815 0.013363 0.16633 2.4058e-05
6 0.425019 0.497306 0.0163326 0.037037 2.4059e-05
8 0.00965108 0.920539 0.0193022 0.153535 2.40772e-05
6 0.918708 0.285522 0.0334076 0.0592593 2.40906e-05
5 0.238493 0.111785 0.476986 0.223569 2.41138e-05
6 0.460839 0.468013 0.330735 0.145455 2.41488e-05
6 0.193393 0.993266 0.060876 0.013468 2.41492e-05
9 0.778953 0.982155 0.0820341 0.0356902 2.42099e-05
6 0.805122 0.993266 0.0638456 0.013468 2.42439e-05
5 0.288419 0.0989899 0.127691 0.192593 2.42707e-05
6 0.947476 0.279461 0.0642168 0.123906 2.43784e-05
5 0.453601 0.256229 0.0556793 0.134007 2.44097e-05
6 0.464551 0.0296296 0.0605048 0.0592593 2.44386e-05
9 0.23608 1 0.31997 0 2.4576e-05
9 0.368226 1 0.0905716 0 2.45785e-05
6 0.448961 0.961616 0.0575353 0.0767677 2.46331e-05
7 0.854491 0.440067 0.0415739 0.125926 2.47096e-05
6 0.377691 0.0313131 0.0419451 0.0464646 2.47249e-05
6 0.299369 0.529966 0.0211581 0.0377104 2.47387e-05
9 0.345026 1 0.297327 0 2.47434e-05
6 0.491648 0.964983 0.0315516 0.0700337 2.47641e-05
7 0.316815 0.43468 0.0657016 0.171717 2.48104e-05
6 0.990906 0.511111 0.0159614 0.262626 2.48481e-05
5 0.625278 0.0646465 0.297327 0.118519 2.49021e-05
5 0.367298 0.959596 0.384929 0.0808081 2.49088e-05
9 0.559206 0.986195 0.0374907 0.0276094 2.49445e-05
9 0.331106 1 0.095026 0 2.49625e-05
6 0.249814 0.00808081 0.0319228 0.0161616 2.50574e-05
9 0.295657 1 0.0902004 0 2.50592e-05
6 0.83686 0.357912 0.0270973 0.0464646 2.5063e-05
6 0.00482554 0.194276 0.00965108 0.108418 2.52139e-05
6 0.00631032 0.577778 0.0126206 0.0996633 2.52144e-05
9 0.0423163 0.967677 0.0846325 0.0646465 2.52382e-05
6 0.985895 0.751515 0.0282108 0.192593 2.5262e-05
6 0.441722 0.514478 0.0296956 0.0417508 2.53245e-05
6 0.992019 0.347811 0.0107647 0.0909091 2.53375e-05
7 0.324053 0.476431 0.0178174 0.0545455 2.53727e-05
9 0.0764662 0.981818 0.0415739 0.0350168 2.53986e-05
7 0.275612 0.0946128 0.0233853 0.189226 2.54024e-05
0 0.00575353 0.819192 0.0115071 0.135354 2.54134e-05
3 0.273942 0.583165 0.547884 0.83367 2.54243e-05
6 0.693393 0.991583 0.0460282 0.016835 2.549e-05
5 0.55902 0.0434343 0.211581 0.0868687 2.55063e-05
5 0.288976 0.0686869 0.390126 0.137374 2.56893e-05
6 0.793615 0.213805 0.0326652 0.112458 2.57015e-05
6 0.00853749 0.0040404 0.0126206 0.00808081 2.57099e-05
6 0.0077951 0.190236 0.013363 0.236364 2.58337e-05
6 0.521901 0.00707071 0.00890869 0.0141414 2.59564e-05
9 0.449889 1 0.0638456 0 2.59708e-05
9 0.161099 0.99798 0.0920564 0.0040404 2.59858e-05
6 0.377691 0.0279461 0.0211581 0.0249158 2.60132e-05
5 0.612287 0.838384 0.555679 0.227609 2.60604e-05
7 0.581849 0.416162 0.118411 0.154882 2.61312e-05
6 0.658315 0.0047138 0.0657016 0.00942761 2.63523e-05
6 0.395323 0.00875421 0.0200445 0.0175084 2.64188e-05
3 0.306422 0.400673 0.612843 0.801347 2.64826e-05
6 0.0712695 0.184512 0.0727543 0.180471 2.65703e-05
8 0.95193 0.050505 0.0961396 0.0632997 2.65827e-05
9 0.0877877 1 0.049369 0 2.65905e-05
6 0.469005 0.505724 0.0174462 0.03367 2.66093e-05
6 0.36971 0.979461 0.0534521 0.0410774 2.66265e-05
6 0.649592 0.533333 0.047513 0.0848485 2.66402e-05
4 0.0105791 0.706061 0.0211581 0.279461 2.6708e-05
6 0.392353 0.0138047 0.0326652 0.0276094 2.67642e-05
8 0.952673 0.050505 0.0530809 0.10101 2.6771e-05
6 0.390497 0.0131313 0.0668151 0.0262626 2.6801e-05
0 0.512806 0.8633 0.0538233 0.0552189 2.69164e-05
6 0.00872309 0.0417508 0.0077951 0.0835017 2.69889e-05
9 0.425019 1 0.144024 0 2.70547e-05
6 0.934298 0.714141 0.114328 0.0962963 2.71859e-05
5 0.921863 0.722559 0.156273 0.175084 2.7188e-05
5 0.221604 0.924242 0.377134 0.107071 2.72267e-05
6 0.386971 0.562963 0.293615 0.169697 2.73415e-05
6 0.993875 0.93266 0.0122494 0.13468 2.74965e-05
5 0.877506 0.363636 0.244989 0.375758 2.75108e-05
2 0.21752 0.339394 0.166295 0.226263 2.75251e-05
9 0.699332 0.0016835 0.0267261 0.003367 2.76528e-05
6 0.511693 0.00774411 0.0605048 0.0154882 2.76932e-05
6 0.483853 0.564646 0.0256125 0.0410774 2.77114e-05
9 0.534707 0.919192 0.0449146 0.0592593 2.77277e-05
6 0.614143 0.96936 0.0211581 0.0424242 2.797e-05
6 0.0755382 0.243771 0.0649592 0.0632997 2.79988e-05
5 0.0558649 0.976431 0.11173 0.047138 2.80029e-05
6 0.989235 0.0723906 0.0215293 0.123232 2.80549e-05
9 0.606904 0.541751 0.0274684 0.0356902 2.80976e-05
6 0.0207869 0.202357 0.0415739 0.178451 2.81296e-05
6 0.699146 0.00774411 0.0211581 0.0154882 2.82769e-05
6 0.426132 0.592929 0.0163326 0.037037 2.83603e-05
5 0.836674 0.0397306 0.326652 0.0794613 2.85739e-05
6 0.900705 0.216498 0.0731255 0.0572391 2.86203e-05
6 0.465293 0.651178 0.0441722 0.0915825 2.86275e-05
9 0.563846 1 0.060876 0 2.87548e-05
6 0.610245 0.0127946 0.017075 0.0255892 2.88433e-05
6 0.514105 0.521549 0.0215293 0.0478114 2.89362e-05
6 0.368411 0.987879 0.0560505 0.0242424 2.89876e-05
5 0.544543 1 0.235338 0 2.91925e-05
5 0.788233 0.936364 0.423534 0.127273 2.94051e-05
6 0.415182 0.617508 0.015219 0.03367 2.94396e-05
6 0.430586 0.958586 0.0326652 0.0828283 2.94681e-05
9 0.151633 1 0.0575353 0 2.95035e-05
7 0.271158 0.069697 0.00927988 0.0747475 2.95051e-05
9 0.544729 0.987879 0.0382331 0.0242424 2.95157e-05
5 0.912027 0.939731 0.175947 0.120539 2.95448e-05
5 0.254454 0.975084 0.318857 0.0498317 2.95749e-05
5 0.822383 0.0659933 0.125835 0.0821549 2.95899e-05
8 0.987008 0.475758 0.0259837 0.214815 2.9652e-05
6 0.899406 0.182492 0.0794358 0.0552189 2.97324e-05
5 0.9098 0.0222222 0.180401 0.0444444 2.99107e-05
6 0.693764 0.653199 0.103935 0.146801 3.00009e-05
6 0.779324 0.993939 0.0612472 0.0121212 3.00459e-05
8 0.984781 0.753872 0.030438 0.220202 3.00763e-05
6 0.35412 0.619529 0.0244989 0.0390572 3.00799e-05
6 0.0224573 0.949158 0.0449146 0.0747475 3.02584e-05
6 0.35709 0.993266 0.0393467 0.013468 3.02798e-05
2 0.162027 0.421212 0.0961396 0.29697 3.02872e-05
6 0.990906 0.507407 0.0181886 0.121886 3.06464e-05
6 0.494246 0.960606 0.0308092 0.0289562 3.07414e-05
5 0.0131774 0.808754 0.0263549 0.226263 3.07467e-05
9 0.717149 0.987879 0.230141 0.0242424 3.10177e-05
6 0.594098 0.851178 0.0256125 0.0484848 3.11493e-05
5 0.232368 0.0232323 0.191537 0.0464646 3.12109e-05
5 0.468448 0.0377104 0.118782 0.0754209 3.12539e-05
6 0.372123 0.945118 0.0605048 0.0747475 3.13209e-05
5 0.441537 0.140404 0.262435 0.181145 3.13398e-05
9 0.589829 0.995286 0.268003 0.00942761 3.13488e-05
6 0.629918 0.986869 0.043801 0.0262626 3.14097e-05
6 0.438382 0.57138 0.0237565 0.0410774 3.15879e-05
7 0.231811 0.892256 0.0144766 0.0592593 3.16232e-05
6 0.523014 0.551178 0.0282108 0.0585859 3.16291e-05
5 0.571455 0.00572391 0.122123 0.0114478 3.18663e-05
6 0.656459 0.984512 0.0345212 0.0309764 3.19451e-05
6 0.284521 0.0323232 0.049369 0.0646465 3.19599e-05
9 0.600408 1 0.0605048 0 3.21179e-05
6 0.38029 0.599663 0.0939124 0.0936027 3.21334e-05
6 0.99072 0.588552 0.0163326 0.106397 3.21396e-05
6 0.630475 0.993939 0.0308092 0.0121212 3.21659e-05
7 0.855419 0.442088 0.0515961 0.291582 3.21913e-05
6 0.248886 0.0205387 0.0731255 0.0410774 3.22675e-05
9 0.652376 1 0.122866 0 3.24545e-05
9 0.591871 0.546465 0.0397179 0.037037 3.24645e-05
5 0.443578 0.945455 0.887157 0.109091 3.25002e-05
6 0.131774 0.974074 0.0527097 0.0518519 3.25408e-05
8 0.982925 0.935017 0.03415 0.129966 3.25409e-05
7 0.597624 0.826936 0.0259837 0.0457912 3.26707e-05
8 0.85876 0.986195 0.0805494 0.0276094 3.27668e-05
6 0.631218 0.983165 0.0352635 0.03367 3.27704e-05
2 0.870267 0.0632997 0.259465 0.0646465 3.29251e-05
6 0.651819 0.089899 0.0512249 0.0397306 3.29459e-05
5 0.322197 0.0451178 0.216778 0.0902357 3.32072e-05
9 0.675575 0.965657 0.0868597 0.0686869 3.32819e-05
10 0.00408315 0.854882 0.0081663 0.124579 3.33739e-05
6 0.600965 0.961279 0.0348924 0.043771 3.34794e-05
2 0.356533 0.377441 0.200817 0.178451 3.34946e-05
6 0.236266 0.93165 0.0597624 0.123232 3.35975e-05
6 0.989607 0.0323232 0.0207869 0.0646465 3.36229e-05
6 0.00965108 0.574411 0.017075 0.246465 3.36952e-05
8 0.981811 0.268687 0.0363771 0.146801 3.37587e-05
6 0.953972 0.00673401 0.0482554 0.013468 3.37914e-05
9 0.412398 1 0.0616184 0 3.37969e-05
6 0.884744 0.16633 0.079807 0.0498317 3.39221e-05
6 0.394024 0.979125 0.0515961 0.0417508 3.39522e-05
6 0.984781 0.628956 0.030438 0.193939 3.40668e-05
5 0.647179 0.123232 0.705642 0.246465 3.40803e-05
6 0.394209 0.992929 0.0393467 0.0141414 3.41988e-05
2 0.731997 0.870034 0.536006 0.259933 3.42826e-05
6 0.307906 0.543098 0.0367483 0.0356902 3.4329e-05
6 0.439495 0.557239 0.0178174 0.037037 3.45799e-05
6 0.587416 0.960269 0.0389755 0.0794613 3.46557e-05
6 0.456199 0.572391 0.0252413 0.0417508 3.47904e-05
6 0.239792 0.930976 0.0244989 0.138047 3.50892e-05
6 0.883445 0.133333 0.0853749 0.0619529 3.54301e-05
6 0.513734 0.967003 0.0534521 0.0457912 3.55075e-05
6 0.440609 0.524916 0.0185598 0.0316498 3.55576e-05
6 0.830549 0.992256 0.0619896 0.0154882 3.55735e-05
9 0.621566 0.562626 0.0263549 0.0410774 3.55851e-05
6 0.123237 0.491919 0.0668151 0.286195 3.57843e-05
6 0.602636 0.527609 0.0315516 0.037037 3.60786e-05
6 0.0126206 0.142424 0.0252413 0.171717 3.612e-05
6 0.463994 0.963636 0.043801 0.0309764 3.6674e-05
9 0.582405 0.910438 0.126949 0.0498317 3.66853e-05
6 0.331106 0.994276 0.0489978 0.0114478 3.66918e-05
9 0.618411 0.530303 0.0237565 0.0329966 3.67212e-05
9 0.188938 1 0.0601336 0 3.67772e-05
6 0.762806 0.0121212 0.0200445 0.0242424 3.68346e-05
7 0.496102 0.427946 0.00927988 0.0801347 3.68376e-05
5 0.373051 0.156902 0.746102 0.313805 3.68482e-05
6 0.308278 0.497643 0.0426875 0.040404 3.7024e-05
6 0.547699 0.594276 0.0233853 0.0383838 3.70645e-05
9 0.907201 0.963973 0.185598 0.0720539 3.71156e-05
0 0.00612472 0.875758 0.0122494 0.101684 3.72451e-05
6 0.268374 0.990909 0.0408315 0.0181818 3.73135e-05
5 0.545286 0.955892 0.592428 0.0882155 3.73272e-05
5 0.6585 0.164983 0.419451 0.247811 3.741e-05
6 0.546399 0.47037 0.0749814 0.129966 3.75655e-05
6 0.494803 0.970034 0.0497402 0.0599327 3.76086e-05
9 0.540275 0.992593 0.09317 0.0148148 3.78058e-05
4 0.0178174 0.767677 0.0356347 0.309764 3.78795e-05
7 0.68634 0.330976 0.0289532 0.295623 3.79093e-05
5 0.741277 0.213131 0.182628 0.275421 3.79412e-05
5 0.0939124 0.0151515 0.187825 0.030303 3.79808e-05
6 0.396251 0.522896 0.0226429 0.0531987 3.80359e-05
6 0.992576 0.290572 0.0118782 0.17037 3.8153e-05
6 0.496102 0.56431 0.0226429 0.0417508 3.82136e-05
4 0.646251 0.63165 0.232368 0.171044 3.8281e-05
6 0.11804 0.989226 0.0489978 0.0215488 3.82833e-05
6 0.531552 0.961616 0.0348924 0.0767677 3.82861e-05
6 0.49369 0.979798 0.0386043 0.0282828 3.85787e-05
6 0.0324796 0.93569 0.0597624 0.12862 3.85846e-05
9 0.63827 1 0.05902 0 3.87737e-05
6 0.268745 0.973737 0.0504826 0.0525253 3.89224e-05
9 0.374536 1 0.060876 0 3.91614e-05
5 0.646251 0.493266 0.0623608 0.143434 3.92233e-05
6 0.294543 0.560606 0.0233853 0.0410774 3.92391e-05
9 0.781366 0.0265993 0.0423163 0.0531987 3.94186e-05
9 0.336674 1 0.060876 0 3.9425e-05
5 0.831849 0.93064 0.336303 0.138721 3.9453e-05
6 0.457498 0.505724 0.0204157 0.0390572 3.97029e-05
6 0.754083 0.989226 0.0694135 0.0215488 3.98038e-05
5 0.399592 0.0151515 0.173348 0.030303 3.9889e-05
5 0.820713 0.891582 0.358575 0.154882 3.99897e-05
9 0.226058 1 0.0601336 0 4.01201e-05
6 0.47049 0.550168 0.032294 0.0363636 4.01697e-05
6 0.792687 0.214478 0.0233853 0.0639731 4.03205e-05
9 0.196548 1 0.0835189 0 4.04005e-05
6 0.596696 0.641077 0.0397179 0.0390572 4.04202e-05
5 0.480327 0.0686869 0.170007 0.137374 4.04642e-05
6 0.837045 0.36532 0.0497402 0.0545455 4.05378e-05
9 0.0733111 0.970707 0.0575353 0.0585859 4.05988e-05
9 0.105605 0.992593 0.0605048 0.0148148 4.06641e-05
9 0.501114 0.994613 0.0942836 0.0107744 4.07328e-05
6 0.981069 0.00942761 0.0378619 0.0188552 4.07756e-05
6 0.989607 0.969024 0.0155902 0.0619529 4.10416e-05
6 0.363029 0.00875421 0.0764662 0.0175084 4.11904e-05
6 0.030438 0.969697 0.0482554 0.0606061 4.12101e-05
6 0.375835 0.499663 0.119896 0.102357 4.13381e-05
0 0.995174 0.854882 0.00965108 0.290236 4.13576e-05
6 0.293244 0.975758 0.0601336 0.0484848 4.15852e-05
6 0.588344 0.487205 0.0831477 0.10303 4.16181e-05
9 0.262621 1 0.0605048 0 4.16508e-05
6 0.481069 0.993939 0.0408315 0.0121212 4.17743e-05
9 0.860059 1 0.0616184 0 4.18278e-05
5 0.813474 0.726936 0.373051 0.338721 4.19748e-05
6 0.48144 0.510438 0.0193022 0.0363636 4.19832e-05
6 0.705457 0.973064 0.0642168 0.0538721 4.2002e-05
7 0.276169 0.0734007 0.0148478 0.0740741 4.21188e-05
9 0.748886 1 0.0597624 0 4.23882e-05
6 0.585004 0.527609 0.0259837 0.037037 4.24519e-05
8 0.00463994 0.827273 0.00927988 0.144781 4.25271e-05
6 0.154232 0.991919 0.0538233 0.0161616 4.26304e-05
6 0.409614 0.623232 0.0471418 0.0599327 4.27524e-05
8 0.95954 0.0299663 0.0660728 0.0599327 4.28227e-05
8 0.889755 0.956902 0.0883445 0.0861953 4.28752e-05
6 0.7049 0.0016835 0.0311804 0.003367 4.28884e-05
6 0.314217 0.63771 0.0864885 0.111785 4.28904e-05
6 0.420007 0.979125 0.0345212 0.0296296 4.28925e-05
9 0.786006 1 0.0619896 0 4.29168e-05
6 0.916295 0.544781 0.0649592 0.047138 4.31132e-05
6 0.710097 0.00639731 0.0259837 0.0127946 4.32001e-05
5 0.449703 0.214815 0.0738679 0.145455 4.36079e-05
9 0.915367 0.991919 0.0616184 0.0161616 4.38549e-05
9 0.991277 0.968013 0.0174462 0.0639731 4.39675e-05
4 0.308834 0.79899 0.617669 0.380471 4.40738e-05
5 0.468077 0.997643 0.316258 0.0047138 4.41918e-05
6 0.0408315 0.253872 0.0690423 0.0673401 4.45312e-05
6 0.720304 0.821212 0.0857461 0.0868687 4.4685e-05
6 0.98441 0.409428 0.0311804 0.19798 4.47255e-05
6 0.616555 0.512795 0.0564217 0.0949495 4.47384e-05
9 0.63827 0.563636 0.0367483 0.0457912 4.47925e-05
6 0.995174 0.29495 0.00965108 0.0929293 4.48188e-05
8 0.00593912 0.154209 0.0118782 0.308417 4.4834e-05
6 0.299183 0.516835 0.190794 0.302357 4.48736e-05
6 0.763734 0.00505051 0.0278396 0.010101 4.51527e-05
3 0.122494 0.339394 0.244989 0.608754 4.52186e-05
5 0.952673 0.998317 0.0946548 0.003367 4.52344e-05
6 0.598367 0.982492 0.0423163 0.0350168 4.52505e-05
9 0.67539 1 0.05902 0 4.52955e-05
5 0.286748 0.987205 0.38196 0.0255892 4.53421e-05
9 0.823497 1 0.0619896 0 4.54074e-05
8 0.989421 0.677778 0.0211581 0.182492 4.5457e-05
5 0.343541 0.879461 0.399035 0.105051 4.5581e-05
7 0.00946548 0.0713805 0.0107647 0.123906 4.57214e-05
9 0.309762 0.502694 0.0241277 0.0276094 4.57663e-05
9 0.577765 0.993939 0.0872309 0.0121212 4.58669e-05
6 0.530995 0.982155 0.049369 0.0356902 4.59951e-05
6 0.507981 0.994276 0.0382331 0.0114478 4.60504e-05
6 0.585189 0.961953 0.032294 0.037037 4.60664e-05
6 0.505197 0.0390572 0.00593912 0.0538721 4.61077e-05
9 0.580549 0.980135 0.0482554 0.0397306 4.61378e-05
5 0.336303 0.827273 0.37565 0.129966 4.62702e-05
7 0.469748 0.43266 0.0122494 0.142088 4.6288e-05
5 0.29974 0.943098 0.197105 0.0855219 4.63367e-05
6 0.615442 0.624916 0.0445434 0.047138 4.6401e-05
9 0.462138 0.995623 0.0898293 0.00875421 4.65822e-05
8 0.949146 0.187542 0.0556793 0.111111 4.67194e-05
6 0.469376 0.57138 0.0293244 0.043771 4.68439e-05
6 0.958797 0.243098 0.0534521 0.136027 4.6867e-05
5 0.680772 0.910438 0.45954 0.105051 4.7066e-05
5 0.618968 0.0205387 0.234967 0.0410774 4.71114e-05
3 0.180215 0.40202 0.360431 0.80404 4.72352e-05
0 0.00983667 0.827946 0.0129918 0.322559 4.72547e-05
0 0.578879 0.890236 0.0137342 0.0754209 4.73138e-05
9 0.903118 0.985185 0.0623608 0.0296296 4.74924e-05
9 0.300854 1 0.05902 0 4.7913e-05
9 0.712138 1 0.0612472 0 4.79178e-05
5 0.605976 0.262626 0.148849 0.228956 4.7967e-05
9 0.0783222 0.980808 0.138827 0.0383838 4.83444e-05
9 0.584261 0.885859 0.15219 0.0491582 4.84988e-05
9 0.0757238 0.987879 0.0527097 0.0242424 4.84997e-05
6 0.587602 0.846465 0.0244989 0.0929293 4.85938e-05
6 0.479584 0.496633 0.0267261 0.0410774 4.86219e-05
5 0.729399 0.142088 0.124722 0.206061 4.86598e-05
6 0.403489 0.616162 0.017075 0.03367 4.89155e-05
6 0.448961 0.976094 0.0530809 0.0329966 4.89202e-05
6 0.449889 0.630303 0.0534521 0.0781145 4.89597e-05
4 0.268745 0.779461 0.379362 0.291582 4.91538e-05
6 0.483667 0.550505 0.030438 0.0356902 4.91831e-05
2 0.534521 0.357912 0.116555 0.113805 4.92243e-05
6 0.304009 0.622559 0.0393467 0.0545455 4.92705e-05
6 0.292316 0.601347 0.0619896 0.0956229 4.93342e-05
6 0.481255 0.982155 0.0523385 0.0356902 4.94328e-05
9 0.810319 0.0390572 0.0697847 0.0700337 4.9596e-05
8 0.932442 0.0784512 0.107647 0.117845 4.97778e-05
5 0.145137 0.0666667 0.290275 0.133333 4.98105e-05
6 0.986451 0.0892256 0.0270973 0.144781 5.00039e-05
6 0.458241 0.993266 0.0412027 0.013468 5.00729e-05
6 0.287862 0.618182 0.0382331 0.0592593 5.03817e-05
0 0.00649592 0.759259 0.0129918 0.341414 5.05403e-05
6 0.991648 0.290909 0.00927988 0.0929293 5.06103e-05
8 0.991091 0.748485 0.0178174 0.206734 5.0651e-05
6 0.216964 0.991583 0.0619896 0.016835 5.06964e-05
7 0.582962 0.83064 0.0233853 0.0451178 5.10292e-05
6 0.0534521 0.436364 0.0942836 0.36633 5.13279e-05
9 0.767817 0.03367 0.0790646 0.0673401 5.13491e-05
5 0.393838 0.0026936 0.119525 0.00538721 5.1492e-05
8 0.987194 0.883838 0.0256125 0.179798 5.15615e-05
6 0.728099 0.142088 0.0337788 0.115825 5.16303e-05
5 0.639569 0.250168 0.603563 0.500337 5.21501e-05
5 0.254083 0.0447811 0.121381 0.0895623 5.23105e-05
10 0.586117 0.878114 0.0163326 0.113131 5.238e-05
6 0.983296 0.532997 0.0334076 0.210774 5.23859e-05
9 0.544172 0.888889 0.0452858 0.0619529 5.25276e-05
6 0.305865 0.582155 0.0363771 0.043771 5.28172e-05
6 0.431329 0.989562 0.0460282 0.0208754 5.28897e-05
9 0.234039 0.999327 0.0812918 0.0013468 5.30015e-05
5 0.51856 0.0107744 0.121752 0.0215488 5.30613e-05
6 0.508166 0.982492 0.047513 0.0350168 5.32158e-05
6 0.718448 0.00942761 0.0248701 0.0188552 5.39287e-05
6 0.41147 0.010101 0.0634744 0.020202 5.39305e-05
9 0.633259 0.527273 0.0237565 0.0417508 5.44994e-05
6 0.0228285 0.0037037 0.045657 0.00740741 5.46198e-05
6 0.24536 0.947811 0.0400891 0.0814815 5.48126e-05
6 0.728842 0.992256 0.0671863 0.0154882 5.48256e-05
9 0.709168 0.0175084 0.045657 0.0350168 5.50088e-05
9 0.556793 0.992929 0.0371195 0.0141414 5.53699e-05
5 0.877506 0.86229 0.244989 0.275421 5.53975e-05
9 0.60412 0.619192 0.0708983 0.0693603 5.54934e-05
8 0.979027 0.877441 0.0419451 0.172391 5.55902e-05
5 0.532108 0.782828 0.556422 0.123232 5.60586e-05
6 0.453415 0.49697 0.0159614 0.0350168 5.61562e-05
9 0.901076 1 0.0612472 0 5.63021e-05
6 0.353192 0.531987 0.0278396 0.0350168 5.63876e-05
6 0.481997 0.490909 0.0137342 0.040404 5.65263e-05
9 0.933927 0.972727 0.0155902 0.0222222 5.69917e-05
5 0.355976 0.174747 0.386043 0.232323 5.71646e-05
6 0.00445434 0.0824916 0.00890869 0.140741 5.72309e-05
6 0.583705 0.851852 0.0241277 0.0457912 5.76849e-05
6 0.493318 0.989226 0.0504826 0.0215488 5.82931e-05
6 0.443578 0.993603 0.0549369 0.0127946 5.83926e-05
6 0.992391 0.0131313 0.015219 0.0262626 5.85657e-05
5 0.62435 0.156566 0.233111 0.197306 5.8567e-05
9 0.557535 0.981818 0.0452858 0.0363636 5.86627e-05
6 0.0371195 0.242424 0.0742391 0.216835 5.89861e-05
6 0.51392 0.567003 0.0241277 0.0390572 5.89955e-05
6 0.309391 0.513805 0.0412027 0.0309764 5.90774e-05
6 0.439681 0.50101 0.0137342 0.0350168 5.9164e-05
6 0.391425 0.610101 0.0204157 0.0390572 5.94593e-05
6 0.50631 0.0292929 0.03415 0.0585859 5.94821e-05
2 0.223274 0.458923 0.173348 0.326599 5.96842e-05
6 0.636785 0.0794613 0.0567929 0.110438 5.97262e-05
8 0.00408315 0.911785 0.0081663 0.123906 5.98821e-05
5 0.100408 1 0.200817 0 5.9941e-05
9 0.598738 0.914141 0.0430586 0.0558923 6.02488e-05
6 0.516333 0.544108 0.0311804 0.0363636 6.03599e-05
6 0.404788 0.968687 0.0404603 0.0397306 6.05137e-05
6 0.643838 0.527273 0.0248701 0.0444444 6.07999e-05
6 0.288233 0.952189 0.0894581 0.0956229 6.10399e-05
9 0.270416 0.997306 0.0805494 0.00538721 6.11519e-05
6 0.300297 0.517172 0.0987379 0.152189 6.12738e-05
5 0.643281 0.836364 0.325167 0.0888889 6.16177e-05
6 0.541945 0.492593 0.0430586 0.0720539 6.16907e-05
9 0.579621 0.989562 0.0523385 0.0208754 6.18058e-05
7 0.339272 0.445455 0.0794358 0.12862 6.20466e-05
6 0.958055 0.00572391 0.081663 0.0114478 6.20515e-05
5 0.291017 0.0111111 0.166295 0.0222222 6.20767e-05
10 0.612101 0.861279 0.0207869 0.0835017 6.2078e-05
5 0.937825 0.0181818 0.12435 0.0363636 6.2596e-05
5 0.47049 0.0228956 0.214922 0.0457912 6.27844e-05
6 0.570898 0.49899 0.0348924 0.0754209 6.33556e-05
6 0.372309 0.520202 0.0200445 0.0383838 6.36101e-05
10 0.571455 0.863973 0.0196733 0.0606061 6.37892e-05
6 0.616926 0.980471 0.0378619 0.0390572 6.3862e-05
5 0.706199 0.0175084 0.188196 0.0350168 6.40825e-05
9 0.942094 0.969697 0.0311804 0.0363636 6.41718e-05
5 0.191908 0.0525253 0.135115 0.105051 6.45683e-05
6 0.37732 0.611111 0.0196733 0.043771 6.45751e-05
4 0.0781366 0.780471 0.156273 0.352862 6.47974e-05
6 0.527654 0.963636 0.0434298 0.0350168 6.48649e-05
9 0.578322 0.912458 0.0460282 0.0579125 6.49904e-05
5 0.841871 0.0400673 0.213808 0.0747475 6.5629e-05
9 0.52951 0.988889 0.0501114 0.0222222 6.56432e-05
5 0.226986 0.925926 0.453972 0.148148 6.56538e-05
5 0.844655 0.00673401 0.181514 0.013468 6.57098e-05
5 0.800483 0.443434 0.182999 0.245791 6.60274e-05
9 0.313846 0.998653 0.119154 0.0026936 6.60815e-05
8 0.981997 0.200337 0.0360059 0.125926 6.6177e-05
6 0.304566 0.60404 0.0367483 0.0457912 6.69735e-05
9 0.966592 0.976768 0.0527097 0.0464646 6.70688e-05
5 0.705271 0.073064 0.589458 0.146128 6.76053e-05
6 0.733667 0.0380471 0.0471418 0.0760943 6.76503e-05
5 0.509094 0.0969697 0.0872309 0.149495 6.76789e-05
6 0.390312 0.537037 0.0226429 0.037037 6.80347e-05
4 0.171863 0.715151 0.343727 0.441751 6.80639e-05
5 0.681143 0.89899 0.518189 0.20202 6.86722e-05
6 0.480698 0.96734 0.0452858 0.0383838 6.86851e-05
6 0.485895 0.532997 0.0430586 0.0491582 6.87411e-05
6 0.462509 0.532997 0.0371195 0.043771 6.91071e-05
6 0.28415 0.945791 0.0449146 0.0747475 6.91584e-05
6 0.450631 0.508081 0.0163326 0.0343434 6.92368e-05
6 0.606533 0.988552 0.0482554 0.0228956 6.96304e-05
5 0.644209 0.0680135 0.17706 0.0767677 6.96693e-05
3 0.882888 0.594949 0.234224 0.515152 6.97545e-05
6 0.638085 0.0744108 0.0512249 0.0289562 6.98837e-05
6 0.13029 0.991583 0.0556793 0.016835 7.00225e-05
5 0.650148 0.990572 0.349295 0.0188552 7.00265e-05
7 0.529696 0.406397 0.141054 0.164983 7.01117e-05
6 0.656273 0.978114 0.0467706 0.043771 7.05016e-05
5 0.759094 0.319529 0.174462 0.213468 7.07493e-05
4 0.547142 0.748822 0.74833 0.313805 7.14353e-05
6 0.476429 0.979125 0.0397179 0.0296296 7.17054e-05
6 0.780438 0.00505051 0.0248701 0.010101 7.19315e-05
7 0.305865 0.389562 0.0252413 0.0989899 7.25586e-05
6 0.412584 0.503704 0.0345212 0.0430976 7.27064e-05
5 0.468263 0.00942761 0.11173 0.0188552 7.27073e-05
6 0.535449 0.552525 0.0315516 0.0531987 7.28711e-05
9 0.613029 0.980135 0.183742 0.0397306 7.35709e-05
6 0.990349 0.0272727 0.0081663 0.0545455 7.39132e-05
10 0.503526 0.8633 0.0181886 0.0619529 7.40638e-05
6 0.356162 0.993266 0.0567929 0.013468 7.43687e-05
5 0.869525 0.226599 0.26095 0.313131 7.45374e-05
5 0.355976 0.156902 0.214551 0.184512 7.46148e-05
9 0.723831 0.0020202 0.0386043 0.0040404 7.48472e-05
6 0.616741 0.592593 0.0412027 0.0525253 7.48777e-05
5 0.342984 0.00505051 0.144766 0.010101 7.50014e-05
9 0.831292 0.999663 0.0775798 0.000673401 7.55912e-05
6 0.464365 0.968013 0.0623608 0.0639731 7.58742e-05
9 0.93337 0.959259 0.0278396 0.0814815 7.6114e-05
5 0.321084 0.237374 0.642168 0.474747 7.65197e-05
6 0.991091 0.00740741 0.0126206 0.0148148 7.67112e-05
6 0.40516 0.992929 0.0560505 0.0141414 7.68683e-05
7 0.477543 0.453199 0.0219005 0.0848485 7.75424e-05
9 0.793987 1 0.0727543 0 7.78116e-05
6 0.282294 0.92862 0.0441722 0.142761 7.80493e-05
9 0.587973 0.573737 0.0282108 0.03367 7.84302e-05
9 0.944321 0.949832 0.0415739 0.100337 7.86046e-05
6 0.786563 0.016835 0.0230141 0.0323232 7.88648e-05
7 0.468077 0.452525 0.0207869 0.0888889 7.93063e-05
9 0.874907 0.991583 0.103935 0.016835 8.00147e-05
6 0.303823 0.522559 0.0374907 0.0579125 8.07695e-05
5 0.195805 0.960269 0.391611 0.0794613 8.13367e-05
2 0.610802 0.408418 0.357461 0.186532 8.27202e-05
6 0.2951 0.582155 0.0430586 0.0599327 8.27611e-05
7 0.729213 0.150168 0.0174462 0.0740741 8.41745e-05
6 0.552153 0.608418 0.0337788 0.0558923 8.43679e-05
6 0.722717 0.0121212 0.0519673 0.0242424 8.45659e-05
6 0.445063 0.499663 0.0244989 0.0511785 8.48503e-05
6 0.683556 0.637037 0.0345212 0.0579125 8.49407e-05
7 0.481997 0.673737 0.0419451 0.112458 8.5065e-05
9 0.537491 0.868687 0.0423163 0.0484848 8.52247e-05
6 0.257053 0.990572 0.062732 0.0188552 8.54544e-05
6 0.55735 0.958586 0.0478842 0.0828283 8.57784e-05
5 0.123979 0.128283 0.247958 0.194613 8.58219e-05
6 0.405716 0.984175 0.0504826 0.0316498 8.63822e-05
5 0.663883 0.773737 0.406459 0.214141 8.68503e-05
10 0.551596 0.865993 0.0193022 0.0619529 8.70804e-05
6 0.527654 0.969024 0.0671863 0.0619529 8.76643e-05
6 0.680215 0.993603 0.05902 0.0127946 8.77206e-05
6 0.394395 0.525253 0.0167038 0.0282828 8.77876e-05
10 0.603192 0.861953 0.0252413 0.0808081 8.82457e-05
6 0.496845 0.052862 0.0426875 0.105724 8.87972e-05
6 0.358575 0.523569 0.0259837 0.0343434 8.93985e-05
6 0.445805 0.56835 0.060876 0.0511785 8.9554e-05
10 0.518745 0.863973 0.0167038 0.0606061 9.04088e-05
5 0.265219 0.218182 0.255011 0.253199 9.10562e-05
7 0.478842 0.430303 0.0319228 0.109091 9.10926e-05
2 0.561433 0.340741 0.35078 0.228956 9.13261e-05
7 0.506125 0.405051 0.0508537 0.121886 9.14632e-05
5 0.889569 0.020202 0.215664 0.040404 9.1975e-05
6 0.646065 0.994613 0.0449146 0.0107744 9.222e-05
6 0.990163 0.33165 0.0196733 0.138047 9.23681e-05
9 0.388085 0.970707 0.0983667 0.0585859 9.2377e-05
6 0.656459 0.441414 0.0553081 0.0868687 9.24095e-05
6 0.303452 0.991246 0.0605048 0.0175084 9.25261e-05
5 0.673719 0.517845 0.23905 0.16431 9.25982e-05
6 0.988493 0.154209 0.0081663 0.0996633 9.26037e-05
9 0.436897 0.974074 0.158872 0.0518519 9.29007e-05
5 0.874907 0.997643 0.250186 0.0047138 9.31902e-05
9 0.688567 0.983838 0.0809206 0.0323232 9.34188e-05
8 0.00835189 0.93569 0.0107647 0.12862 9.36025e-05
6 0.443393 0.542088 0.0501114 0.0484848 9.43398e-05
6 0.463994 0.56936 0.214551 0.117845 9.43698e-05
6 0.341685 0.603367 0.0308092 0.0511785 9.43792e-05
3 0.134187 0.578451 0.268374 0.843098 9.4482e-05
8 0.0081663 0.851515 0.0111359 0.16633 9.50028e-05
6 0.437825 0.96734 0.0471418 0.0397306 9.58041e-05
9 0.757053 1 0.0679287 0 9.61607e-05
7 0.498144 0.0784512 0.0148478 0.0895623 9.64999e-05
9 0.338901 0.527273 0.0252413 0.0430976 9.68591e-05
6 0.435412 0.594949 0.0764662 0.0922559 9.7034e-05
5 0.24703 0.013468 0.131032 0.026936 9.76e-05
9 0.570527 0.635354 0.0445434 0.0787879 9.78194e-05
6 0.49369 0.994276 0.0579065 0.0114478 9.81975e-05
8 0.932071 0.125253 0.0876021 0.118519 9.8547e-05
9 0.936526 0.987879 0.0274684 0.0188552 9.89552e-05
6 0.687454 0.820202 0.0927988 0.0996633 9.98042e-05
10 0.492762 0.86229 0.0174462 0.0599327 9.98183e-05
9 0.706385 0.0047138 0.0445434 0.00942761 0.000100676
7 0.306236 0.411784 0.0378619 0.0989899 0.000100679
6 0.994989 0.1633 0.0100223 0.123232 0.000101039
6 0.390869 0.530976 0.182628 0.111111 0.000101918
2 0.381218 0.346801 0.356347 0.228956 0.000101933
5 0.912027 0.0973064 0.175947 0.0882155 0.000102714
0 0.00612472 0.867677 0.0122494 0.257912 0.000103546
6 0.656644 0.990572 0.0393467 0.0188552 0.000103717
6 0.737565 0.016835 0.047513 0.03367 0.00010382
6 0.748515 0.0107744 0.045657 0.0215488 0.000104072
6 0.280809 0.990572 0.062732 0.0188552 0.000105297
6 0.637528 0.0801347 0.0634744 0.0511785 0.000106259
6 0.934298 0.553535 0.0868597 0.188552 0.000106927
9 0.932999 0.996633 0.0768374 0.00673401 0.000106986
6 0.616741 0.993603 0.045657 0.0127946 0.000108207
6 0.428545 0.493939 0.179287 0.0801347 0.000108245
9 0.605048 0.622559 0.106162 0.109764 0.00010825
9 0.420564 0.99495 0.0734967 0.010101 0.000108407
6 0.426503 0.523906 0.0163326 0.026936 0.00010867
9 0.951188 0.984848 0.0389755 0.030303 0.000109197
6 0.293987 0.577104 0.105419 0.177778 0.000110175
6 0.432814 0.534007 0.0371195 0.0363636 0.000111
6 0.938567 0.555892 0.0827765 0.0747475 0.000111099
6 0.38029 0.992929 0.0575353 0.0141414 0.000112848
5 0.132517 0.985522 0.265033 0.0289562 0.000113286
6 0.290089 0.582828 0.0233853 0.037037 0.000113755
5 0.773757 0.0131313 0.114699 0.0262626 0.00011403
0 0.00927988 0.105051 0.013363 0.210101 0.000114539
6 0.730883 0.0037037 0.0356347 0.00740741 0.000115
6 0.569042 0.965993 0.0430586 0.0410774 0.00011502
6 0.744432 0.00538721 0.032294 0.0107744 0.000115227
5 0.767261 0.076431 0.325167 0.152862 0.000117802
6 0.404974 0.547475 0.047513 0.0457912 0.000118009
6 0.317743 0.499663 0.0282108 0.0781145 0.000120487
7 0.470304 0.449158 0.00965108 0.0794613 0.000121156
5 0.516518 0.992593 0.34781 0.0148148 0.000121536
9 0.0695991 0.993939 0.0530809 0.0121212 0.000121557
6 0.372866 0.505387 0.045657 0.0518519 0.000122085
6 0.54343 0.96532 0.0534521 0.0451178 0.000122861
5 0.739235 0.0457912 0.169636 0.0915825 0.000123285
6 0.989235 0.209764 0.00890869 0.0895623 0.000123513
5 0.734039 0.0161616 0.113215 0.0323232 0.00012505
6 0.989235 0.0744108 0.0081663 0.10303 0.000125117
6 0.542873 0.53468 0.0219005 0.0323232 0.000125264
7 0.480698 0.430303 0.00890869 0.0915825 0.000125479
5 0.93931 0.451515 0.109503 0.336027 0.000126671
9 0.719933 1 0.0694135 0 0.000126672
9 0.569228 0.973737 0.09317 0.0525253 0.000126991
9 0.615999 0.998653 0.0701559 0.0026936 0.000127285
6 0.733853 0.00875421 0.030438 0.0175084 0.000128311
6 0.469748 0.494949 0.0129918 0.0377104 0.000128638
6 0.994989 0.105387 0.0100223 0.13266 0.000128917
5 0.519302 0.986195 0.283593 0.0276094 0.000129586
6 0.37268 0.600673 0.0452858 0.0498317 0.000130759
8 0.58389 0.864983 0.0831477 0.0464646 0.000130911
6 0.326281 0.577778 0.0267261 0.0498317 0.00013204
6 0.515776 0.981481 0.0605048 0.037037 0.000136352
6 0.986451 0.337374 0.0263549 0.16431 0.000137699
6 0.773757 0.0131313 0.0374907 0.0262626 0.000137826
5 0.54974 0.973401 0.235338 0.0531987 0.000138511
7 0.311804 0.446801 0.0371195 0.129966 0.000142673
5 0.767075 0.848822 0.46585 0.280808 0.000143149
8 0.703972 0.992256 0.0634744 0.0154882 0.000143238
6 0.531552 0.559259 0.0244989 0.030303 0.000144051
9 0.908129 0.970034 0.0961396 0.0599327 0.000144643
9 0.944692 0.988216 0.110616 0.023569 0.000144799
9 0.992391 0.93165 0.015219 0.10303 0.000144874
9 0.54343 0.993603 0.0534521 0.0127946 0.000145448
6 0.467892 0.992593 0.0560505 0.0148148 0.000145832
5 0.928174 0.0023569 0.143653 0.0047138 0.000147376
5 0.20193 0.989899 0.40386 0.020202 0.000148237
5 0.705085 0.948822 0.536377 0.102357 0.000152863
6 0.571826 0.981145 0.0530809 0.0377104 0.00015446
9 0.603935 0.983165 0.0705271 0.03367 0.000156121
6 0.467335 0.982828 0.0601336 0.0343434 0.000157009
9 0.682999 1 0.0682999 0 0.000157807
5 0.497216 0.147475 0.0508537 0.238384 0.000158388
6 0.595768 0.614141 0.0296956 0.0390572 0.000159463
6 0.424833 0.578788 0.015219 0.037037 0.000162692
5 0.779324 0.107744 0.441351 0.215488 0.000163573
8 0.992391 0.87138 0.015219 0.156229 0.000163894
6 0.776355 0.0104377 0.0226429 0.0208754 0.00016391
5 0.829993 0.961279 0.340015 0.0774411 0.000167354
9 0.308463 0.988216 0.0653304 0.023569 0.000169592
9 0.648478 0.972054 0.0727543 0.0558923 0.000170367
5 0.202487 0.0936027 0.404974 0.187205 0.000171067
9 0.518003 0.993266 0.0530809 0.013468 0.000171801
7 0.502413 0.686195 0.0924276 0.145455 0.000172835
6 0.657387 0.46734 0.0430586 0.0632997 0.000173187
6 0.497773 0.0400673 0.0230141 0.0707071 0.000173805
8 0.89291 0.986195 0.0842613 0.0276094 0.000174593
6 0.525427 0.532323 0.0204157 0.0356902 0.000174917
6 0.989607 0.0976431 0.0118782 0.13064 0.000181555
6 0.99536 0.243771 0.00927988 0.0929293 0.000181855
5 0.773757 0.312458 0.314402 0.296296 0.000182633
6 0.415924 0.522559 0.0181886 0.0255892 0.000183383
8 0.0079807 0.83771 0.0159614 0.324579 0.000188568
9 0.654603 0.986532 0.0694135 0.026936 0.000192725
6 0.541759 0.979125 0.0657016 0.0417508 0.000193535
6 0.306978 0.535354 0.0504826 0.115825 0.000195077
6 0.990163 0.237374 0.00927988 0.0828283 0.000195356
6 0.319599 0.951852 0.0705271 0.0612795 0.000196504
9 0.322383 0.535017 0.0308092 0.0451178 0.00019859
9 0.648478 1 0.0616184 0 0.000200559
5 0.482925 0.103704 0.69562 0.207407 0.000202579
6 0.35876 0.52862 0.0575353 0.0511785 0.000204489
9 0.332962 0.50303 0.0586489 0.0659933 0.00020858
5 0.611173 0.250842 0.231997 0.352189 0.000210821
7 0.693207 0.33468 0.0211581 0.0996633 0.000212034
9 0.568671 0.992256 0.0541945 0.0154882 0.000214957
10 0.531737 0.864983 0.0167038 0.0612795 0.000216491
9 0.327765 0.511111 0.106904 0.0808081 0.000222293
6 0.406459 0.559596 0.0222717 0.0323232 0.00022276
6 0.32461 0.560269 0.028582 0.0484848 0.000223422
8 0.99072 0.259933 0.0185598 0.131987 0.000223536
6 0.291388 0.604377 0.0259837 0.050505 0.000224128
6 0.423348 0.56835 0.028582 0.03367 0.000224296
6 0.390312 0.56431 0.0263549 0.03367 0.000224583
9 0.594098 0.888889 0.0463994 0.0606061 0.000225586
8 0.971047 0.985185 0.0579065 0.0296296 0.000227055
6 0.555122 0.608081 0.136971 0.0808081 0.000231794
6 0.682442 0.656229 0.0634744 0.0909091 0.000234057
5 0.388085 0.23266 0.267632 0.230976 0.000236994
5 0.512806 0.853872 0.361915 0.0808081 0.000242923
10 0.541017 0.866667 0.0181886 0.0606061 0.000244678
6 0.324796 0.597306 0.0512249 0.0781145 0.000247578
6 0.404046 0.524579 0.0196733 0.0282828 0.000248309
9 0.384001 1 0.0612472 0 0.000253054
9 0.0308092 0.984848 0.0616184 0.030303 0.000253954
6 0.531552 0.544781 0.0237565 0.0296296 0.000255047
6 0.551411 0.555219 0.0708983 0.0787879 0.000256855
7 0.992391 0.0632997 0.0129918 0.126599 0.000271899
8 0.991463 0.13165 0.017075 0.101684 0.0002724
3 0.243504 0.564983 0.327394 0.63569 0.000272523
9 0.426503 0.976094 0.0757238 0.0478114 0.000277122
8 0.986637 0.262626 0.0230141 0.157576 0.000277398
6 0.398107 0.573401 0.0419451 0.0397306 0.000292391
5 0.53582 0.860943 0.234224 0.0531987 0.0003023
9 0.344284 1 0.0605048 0 0.000305312
6 0.326281 0.595286 0.0348924 0.0498317 0.00030983
5 0.85709 0.981818 0.28582 0.0363636 0.000310881
9 0.583705 0.609091 0.0293244 0.0397306 0.000314724
6 0.368782 0.565657 0.0827765 0.0767677 0.000319888
6 0.402747 0.571717 0.112843 0.0646465 0.000324511
9 0.95657 0.969024 0.0838901 0.0619529 0.000339761
8 0.963808 0.991583 0.05902 0.016835 0.000340916
9 0.639013 0.580471 0.194878 0.140067 0.000341318
8 0.966221 0.956902 0.0675575 0.0861953 0.000342683
7 0.99369 0.0818182 0.0126206 0.163636 0.000353232
6 0.373422 0.548822 0.0222717 0.0350168 0.000354793
5 0.708241 0.979798 0.383816 0.040404 0.000355041
5 0.837973 0.0845118 0.324053 0.143434 0.000361332
4 0.316258 0.638047 0.242019 0.278114 0.000388128
6 0.477171 0.574748 0.0530809 0.0585859 0.000389751
7 0.995917 0.0548822 0.0081663 0.109764 0.000390653
9 0.333519 0.514815 0.0226429 0.0383838 0.00039756
5 0.507238 0.847475 0.566815 0.139394 0.000409881
6 0.465108 0.541077 0.0571641 0.0653199 0.000418416
5 0.285449 0.213131 0.383816 0.383165 0.000439425
5 0.738307 0.448485 0.36971 0.288215 0.000450637
6 0.361173 0.536027 0.0237565 0.0282828 0.00045687
3 0.0972532 0.655892 0.194506 0.614141 0.00047689
9 0.338716 0.503704 0.0270973 0.0282828 0.000483077
9 0.59614 0.565657 0.0415739 0.0363636 0.000495254
9 0.577765 0.619192 0.0441722 0.0451178 0.000496099
6 0.476615 0.550842 0.415739 0.245118 0.000512228
5 0.505382 0.912458 0.563103 0.145455 0.000541219
6 0.393653 0.532323 0.0605048 0.0424242 0.000541246
6 0.591685 0.600673 0.0363771 0.040404 0.000552203
9 0.60078 0.554209 0.0308092 0.0350168 0.000556079
10 0.586117 0.864983 0.0237565 0.0410774 0.000602859
7 0.492576 0.093266 0.013363 0.117845 0.00060608
6 0.328879 0.608418 0.154417 0.189226 0.000617948
6 0.415739 0.577104 0.017075 0.0323232 0.000618879
6 0.499258 0.0922559 0.0267261 0.13064 0.000629897
6 0.506867 0.591919 0.045657 0.0673401 0.000669977
6 0.394024 0.513131 0.0374907 0.0390572 0.000688394
6 0.682814 0.663973 0.0345212 0.0740741 0.000700945
5 0.18931 0.165657 0.378619 0.331313 0.000710114
5 0.507238 0.173064 0.243133 0.320539 0.000713541
3 0.644766 0.570707 0.387528 0.384512 0.000772602
6 0.351893 0.569697 0.0237565 0.0350168 0.000819486
6 0.533779 0.63165 0.0660728 0.103704 0.000862014
6 0.472717 0.608418 0.0634744 0.0895623 0.000882185
7 0.493875 0.107071 0.0219005 0.214141 0.000995709
6 0.407387 0.526936 0.0397179 0.0329966 0.000997826
8 0.991834 0.189562 0.0163326 0.105724 0.00100084
6 0.425204 0.508081 0.028582 0.043771 0.00102933
6 0.354306 0.589562 0.0270973 0.0383838 0.00107164
6 0.474944 0.649158 0.100594 0.114478 0.00111566
2 0.477728 0.4 0.0890869 0.114478 0.00118424
6 0.482183 0.63266 0.0489978 0.0936027 0.00119324
9 0.636971 0.569024 0.0682999 0.0606061 0.00121804
9 0.583148 0.561616 0.0282108 0.0309764 0.00129987
8 0.988493 0.20101 0.0178174 0.1367 0.00141537
5 0.475501 0.221549 0.0690423 0.172391 0.00144205
9 0.567372 0.541414 0.0219005 0.0323232 0.00159007
6 0.405345 0.582828 0.0193022 0.037037 0.00166037
6 0.365813 0.568013 0.0345212 0.0451178 0.00183649
6 0.506867 0.609764 0.0701559 0.0801347 0.00186845
3 0.342799 0.528283 0.376021 0.459933 0.00198049
5 0.857832 0.138721 0.284336 0.196633 0.00201081
9 0.563474 0.57037 0.0378619 0.0417508 0.00206011
6 0.365627 0.578114 0.0267261 0.0316498 0.0021767
6 0.545471 0.653199 0.0538233 0.0821549 0.00225506
5 0.504826 0.222222 0.131403 0.222222 0.0023905
6 0.516889 0.547475 0.05902 0.0646465 0.00241846
9 0.78712 0.0175084 0.0315516 0.0350168 0.00276399
9 0.784336 0.0245791 0.0623608 0.0491582 0.00302894
2 0.474759 0.388215 0.18634 0.139394 0.00345654
5 0.498144 0.973737 0.511507 0.0525253 0.00358017
6 0.507795 0.640404 0.060876 0.0835017 0.00376906
6 0.554566 0.560606 0.0334076 0.0491582 0.00412512
9 0.626949 0.553199 0.0541945 0.0491582 0.00434188
2 0.505568 0.42963 0.626578 0.300337 0.00472684
9 0.628062 0.538721 0.0252413 0.0444444 0.00485263
7 0.315887 0.928283 0.0452858 0.143434 0.00525982
9 0.78712 0.00909091 0.0256125 0.0181818 0.00554884
6 0.386971 0.580135 0.0293244 0.0356902 0.00624183
9 0.556607 0.550842 0.2268 0.125253 0.00742418
7 0.314588 0.938384 0.0330364 0.0882155 0.00808623
6 0.548255 0.552525 0.0296956 0.023569 0.0101153
6 0.376392 0.582155 0.030438 0.0343434 0.118311
9 0.330735 0.535354 0.0334076 0.0754209 0.119028
9 0.572197 0.576431 0.0352635 0.0606061 0.311834
9 0.565702 0.553872 0.0222717 0.0289562 0.407243
9 0.569785 0.608081 0.0363771 0.047138 0.717057
9 0.339272 0.576768 0.0371195 0.0531987 0.762972
9 0.573497 0.558249 0.0311804 0.03367 0.787683
4 0.503341 0.654209 0.601336 0.284848 0.805388
3 0.505197 0.586869 0.819599 0.593266 0.828473
9 0.32461 0.512121 0.0248701 0.0356902 0.835433
5 0.488307 0.2367 0.467335 0.309091 0.861614
9 0.632331 0.552525 0.0256125 0.0343434 0.867562
2 0.48144 0.392256 0.402376 0.205387 0.884028
