6 0.539755 0.574605 0.0299864 0.048419 1.29695e-05
6 0.73353 0.402174 0.0113585 0.0612648 1.30041e-05
6 0.60677 0.0736166 0.0586097 0.0721344 1.30126e-05
6 0.43094 0.0271739 0.029532 0.0326087 1.305e-05
6 0.51522 0.0884387 0.0318037 0.0424901 1.30573e-05
9 0.690822 0.957016 0.123126 0.0859684 1.30993e-05
7 0.633576 0.379941 0.0168105 0.0839921 1.31024e-05
6 0.797138 0.462451 0.100409 0.132411 1.31273e-05
5 0.901181 0.837451 0.167651 0.200593 1.31316e-05
6 0.157656 0.199605 0.0263517 0.0494071 1.31375e-05
6 0.013403 0.173913 0.026806 0.270751 1.31521e-05
6 0.419809 0.621047 0.0227169 0.0583004 1.31596e-05
6 0.91413 1 0.0499773 0 1.31648e-05
6 0.433212 0.0133399 0.0177192 0.0247036 1.31802e-05
6 0.0081781 0.132905 0.0136302 0.26581 1.31928e-05
5 0.609268 0.126482 0.406179 0.16996 1.31953e-05
6 0.658564 0.611166 0.0322581 0.0721344 1.32152e-05
6 0.851204 0.186265 0.0249886 0.0523715 1.32257e-05
7 0.589732 0.527668 0.0227169 0.0494071 1.32404e-05
5 0.244889 0.210474 0.100863 0.195652 1.3262e-05
7 0.653567 0.398221 0.0358928 0.0592885 1.32664e-05
5 0.626533 0.932312 0.229896 0.0879447 1.32737e-05
6 0.555884 0.591897 0.0159019 0.0355731 1.32795e-05
6 0.0779191 0.842885 0.105861 0.156126 1.32835e-05
6 0.117447 1 0.0958655 0 1.33013e-05
6 0.568151 0.0306324 0.0422535 0.0533597 1.33074e-05
6 0.653339 0.991601 0.0672422 0.0167984 1.33972e-05
6 0.494775 0.489625 0.0218083 0.0563241 1.34023e-05
6 0.00840527 0.148221 0.00772376 0.110672 1.34101e-05
6 0.556338 0.612648 0.180373 0.144269 1.34164e-05
5 0.29055 0.126976 0.0604271 0.19664 1.34262e-05
6 0.702408 0.389328 0.0381645 0.0533597 1.34383e-05
7 0.619264 0.329545 0.0381645 0.101779 1.3441e-05
9 0.33144 0.006917 0.057701 0.013834 1.34579e-05
6 0.79373 0.409585 0.0417992 0.0741107 1.34851e-05
6 0.734439 0.425889 0.0113585 0.0711462 1.349e-05
6 0.568605 0.0296443 0.0249886 0.0335968 1.35003e-05
6 0.892094 0.565217 0.0386188 0.158103 1.35124e-05
6 0.731713 0.860178 0.0486143 0.238142 1.35529e-05
5 0.136075 0.948617 0.157656 0.102767 1.35643e-05
6 0.251022 0.0790514 0.052249 0.108696 1.36062e-05
6 0.512721 0.00790514 0.0286234 0.0158103 1.36092e-05
6 0.35711 0.879941 0.050886 0.115613 1.3615e-05
7 0.353703 0.439229 0.0168105 0.0780632 1.36349e-05
6 0.736483 0.839921 0.0963199 0.320158 1.36378e-05
7 0.564062 0.371542 0.0404362 0.0968379 1.36491e-05
5 0.686506 0.248518 0.626988 0.497036 1.36552e-05
6 0.174012 0.0177866 0.101772 0.0355731 1.36597e-05
5 0.502726 0.228261 0.0458882 0.142292 1.3664e-05
7 0.888005 0.968874 0.0640618 0.062253 1.36642e-05
6 0.813948 0.981225 0.0168105 0.0375494 1.36684e-05
6 0.268514 0.973814 0.0490686 0.0523715 1.36738e-05
6 0.421399 0.478755 0.138573 0.157115 1.37125e-05
9 0.20945 0.027668 0.0636075 0.055336 1.3781e-05
6 0.522717 0.460968 0.0213539 0.0563241 1.38468e-05
6 0.523853 0.523715 0.0218083 0.0513834 1.38497e-05
7 0.610404 0.356225 0.0313494 0.133399 1.38522e-05
6 0.628351 0.42836 0.0208996 0.0563241 1.38932e-05
7 0.452976 1 0.0954112 0 1.3906e-05
6 0.0472513 0.95504 0.0945025 0.0899209 1.39319e-05
6 0.343935 0.0232213 0.0672422 0.0464427 1.39603e-05
7 0.451386 0.434289 0.0131758 0.0958498 1.39751e-05
6 0.282372 0.826581 0.0667878 0.0978261 1.40239e-05
6 0.479782 0.0202569 0.0481599 0.0405138 1.40353e-05
6 0.99114 0.261364 0.0131758 0.119565 1.40561e-05
6 0.513857 0.510375 0.0327124 0.0563241 1.41219e-05
6 0.232167 0.992589 0.0436165 0.0148221 1.41285e-05
6 0.854612 0.222332 0.0227169 0.0750988 1.41959e-05
6 0.338937 0.546443 0.0318037 0.0454545 1.42012e-05
6 0.692413 0.813241 0.0454339 0.181818 1.4203e-05
6 0.0329396 0.72085 0.0558837 0.153162 1.42075e-05
6 0.241481 0.998024 0.0249886 0.00395257 1.42345e-05
7 0.484325 0.360178 0.0136302 0.0741107 1.42357e-05
9 0.72876 1 0.0781463 0 1.42369e-05
10 0.694457 0.971838 0.0204453 0.0563241 1.42444e-05
6 0.390731 0.608202 0.0263517 0.0503953 1.42566e-05
7 0.321672 0.659585 0.025443 0.0918972 1.42765e-05
6 0.990459 0.131917 0.0081781 0.139328 1.43159e-05
4 0.46706 0.86166 0.626988 0.195652 1.43219e-05
6 0.206497 0.412549 0.104044 0.186759 1.43267e-05
6 0.987733 0.939229 0.0245343 0.121542 1.43435e-05
6 0.927533 0.523715 0.0958655 0.221344 1.43446e-05
6 0.416174 0.0281621 0.0436165 0.0543478 1.4349e-05
6 0.208769 0.894269 0.0767833 0.134387 1.4351e-05
6 0.00795093 0.107213 0.0159019 0.155138 1.43762e-05
6 0.898455 0.483696 0.0322581 0.168972 1.43912e-05
7 0.572013 0.397727 0.0109041 0.0721344 1.43978e-05
6 0.279418 0.076087 0.0808723 0.134387 1.4534e-05
9 0.778737 1 0.249886 0 1.45366e-05
6 0.764652 0.37253 0.0299864 0.0612648 1.45596e-05
6 0.98796 0.924901 0.0195366 0.108696 1.45783e-05
10 0.602226 0.960474 0.0277147 0.0790514 1.45824e-05
9 0.238528 0 0.0545207 0 1.45985e-05
6 0.992731 0.953063 0.0127215 0.0938735 1.46007e-05
6 0.899137 0.478755 0.0199909 0.0820158 1.46075e-05
5 0.685597 0.214921 0.175375 0.170949 1.46581e-05
6 0.372785 0 0.0467969 0 1.46837e-05
5 0.708314 0.139822 0.39164 0.25 1.47056e-05
4 0.319173 0.797925 0.251249 0.218379 1.47076e-05
6 0.185143 0.226779 0.0667878 0.194664 1.47193e-05
6 0.62517 0.94417 0.081781 0.0701581 1.47287e-05
6 0.439346 0.618577 0.0163562 0.0494071 1.47311e-05
6 0.181736 0.240119 0.0427079 0.0592885 1.4741e-05
6 0.432531 0.644763 0.0172649 0.0464427 1.48224e-05
6 0.463653 0.0034585 0.0558837 0.006917 1.48229e-05
8 0.5 0.926383 1 0.147233 1.48321e-05
9 0.872331 0.0153162 0.0945025 0.0306324 1.48437e-05
6 0.668333 0.493577 0.0572467 0.0583004 1.48693e-05
9 0.374148 0.615119 0.0513403 0.0721344 1.48893e-05
6 0.803726 0.398715 0.0290777 0.0800395 1.48917e-05
6 0.701954 0.403162 0.056338 0.0928854 1.49689e-05
5 0.647887 0.963933 0.224443 0.0721344 1.5005e-05
6 0.753294 0.995553 0.0554294 0.00889328 1.50142e-05
6 0.554748 0.00938735 0.0463426 0.0187747 1.50307e-05
7 0.531122 0.338933 0.050886 0.0948617 1.50373e-05
5 0.804634 0.945158 0.390731 0.109684 1.50438e-05
6 0.492958 0.090415 0.0499773 0.0938735 1.50467e-05
6 0.481826 0.0894269 0.0195366 0.0424901 1.50622e-05
6 0.86915 0.124506 0.0736029 0.0770751 1.50744e-05
6 0.994548 0.142292 0.0109041 0.1917 1.5091e-05
6 0.602908 0.62253 0.0290777 0.0513834 1.51561e-05
6 0.0899591 0.00642292 0.0781463 0.0128458 1.51951e-05
6 0.541345 0.597332 0.0304407 0.0583004 1.52151e-05
6 0.119491 0.00494071 0.0745116 0.00988142 1.52784e-05
6 0.783508 0.966403 0.0658791 0.0671937 1.52786e-05
6 0.482281 0.538043 0.0304407 0.0503953 1.52993e-05
6 0.463426 0.00543478 0.0263517 0.0108696 1.536e-05
6 0.294412 0.0918972 0.028169 0.0494071 1.53694e-05
9 0.614039 0.444664 0.0186279 0.0395257 1.53753e-05
6 0.444116 0.357213 0.0686052 0.0938735 1.53777e-05
6 0.7801 0.821146 0.0408905 0.132411 1.5382e-05
7 0.703544 0.583498 0.0258973 0.0681818 1.54965e-05
9 0.851431 0.951581 0.0208996 0.0494071 1.55227e-05
9 0.167197 0.006917 0.0590641 0.013834 1.5537e-05
6 0.482735 0.0943676 0.0331667 0.062253 1.55479e-05
6 0.209223 1 0.0686052 0 1.55497e-05
6 0.708087 0.84832 0.0713312 0.117589 1.55726e-05
6 0.116538 0.105731 0.0258973 0.0573123 1.56201e-05
6 0.661972 0.983202 0.0181736 0.0335968 1.56318e-05
6 0.468651 0.648715 0.0195366 0.0543478 1.56535e-05
6 0.258065 0.482708 0.125398 0.283597 1.56552e-05
6 0.418219 0.0202569 0.0413448 0.0405138 1.56894e-05
9 0.759655 1 0.0745116 0 1.57056e-05
9 0.208769 0.000494071 0.0440709 0.000988142 1.57082e-05
5 0.583371 0.244071 0.441617 0.1917 1.57562e-05
9 0.842799 0.983696 0.0245343 0.0326087 1.57596e-05
6 0.116765 0.118577 0.0672422 0.114625 1.57617e-05
6 0.122672 0.665514 0.0517946 0.139328 1.59078e-05
6 0.229214 0.949605 0.0395275 0.0909091 1.59177e-05
7 0.554748 0.393281 0.0290777 0.0928854 1.59229e-05
6 0.445025 0.0148221 0.026806 0.0296443 1.59422e-05
6 0.450477 0.0113636 0.0404362 0.0227273 1.59607e-05
6 0.907996 0.512846 0.0286234 0.0988142 1.59719e-05
9 0.845752 0.000494071 0.0458882 0.000988142 1.59893e-05
6 0.677419 0.90415 0.0572467 0.0790514 1.59938e-05
10 0.631531 0.958992 0.030895 0.0820158 1.60059e-05
6 0.472512 0.076087 0.0645161 0.0849802 1.60255e-05
9 0.282372 0.00444664 0.0440709 0.00889328 1.60346e-05
6 0.480918 0 0.0377101 0 1.60395e-05
6 0.0408905 0.907115 0.081781 0.185771 1.60461e-05
6 0.531122 0.00296443 0.0318037 0.00592885 1.60699e-05
6 0.31781 0.853755 0.0413448 0.185771 1.61169e-05
5 0.10677 0.0301383 0.213539 0.0602767 1.61648e-05
6 0.543844 0.00148221 0.0290777 0.00296443 1.62172e-05
6 0.706951 0.981719 0.0190822 0.0365613 1.62211e-05
6 0.00681508 0.0755929 0.0118128 0.151186 1.62394e-05
6 0.414811 0.0256917 0.0272603 0.0335968 1.624e-05
7 0.465925 0.423913 0.0186279 0.13834 1.6321e-05
6 0.0740572 0.9417 0.0908678 0.0849802 1.63432e-05
6 0.344162 0.505435 0.0504316 0.048419 1.63682e-05
6 0.24557 1 0.0495229 0 1.64004e-05
9 0.945706 0.883399 0.0358928 0.0434783 1.64183e-05
6 0.19105 0.0523715 0.077692 0.104743 1.64614e-05
6 0.502726 0.0770751 0.0322581 0.0533597 1.65035e-05
6 0.104498 0.0533597 0.0290777 0.0296443 1.65037e-05
6 0.529759 0.982213 0.0436165 0.0355731 1.65062e-05
6 0.945025 0.505929 0.0626988 0.0652174 1.6559e-05
6 0.00363471 0.162549 0.00726942 0.143281 1.65629e-05
7 0.324625 0.703063 0.112222 0.153162 1.66507e-05
6 0.564516 0.972332 0.0885961 0.055336 1.67104e-05
6 0.846661 0.232213 0.0213539 0.06917 1.67261e-05
6 0.520218 0.0108696 0.0463426 0.0217391 1.67685e-05
6 0.631304 0.981225 0.0258973 0.0375494 1.67731e-05
6 0.512267 0.0938735 0.0486143 0.0731225 1.68034e-05
6 0.505225 0.0182806 0.0290777 0.0365613 1.68181e-05
6 0.120173 0.671443 0.0531577 0.340909 1.68498e-05
6 0.0631531 0.0790514 0.0636075 0.0533597 1.68662e-05
9 0.65652 0.963933 0.105407 0.0721344 1.68917e-05
5 0.985007 0.586462 0.0299864 0.295455 1.69159e-05
9 0.856656 0.970356 0.0331667 0.0395257 1.69518e-05
6 0.324625 0.601779 0.0431622 0.0494071 1.69573e-05
6 0.781009 0.00296443 0.0654248 0.00592885 1.70414e-05
6 0.421399 0.980237 0.0386188 0.0395257 1.7047e-05
6 0.76806 0.856719 0.0231713 0.221344 1.71911e-05
6 0.689686 0 0.0481599 0 1.72216e-05
6 0.486597 0.0177866 0.0118128 0.0256917 1.72283e-05
6 0.610859 0.608696 0.0913221 0.102767 1.72318e-05
6 0.58428 0.980237 0.0245343 0.0395257 1.72437e-05
6 0.112449 0.0815217 0.0349841 0.0405138 1.73158e-05
6 0.431849 0.0261858 0.0422535 0.0523715 1.73194e-05
6 0.440254 0.645751 0.0181736 0.0424901 1.73254e-05
7 0.484098 0.252964 0.0304407 0.06917 1.7379e-05
6 0.754203 0.412055 0.028169 0.055336 1.73896e-05
6 0.435257 0.0360672 0.0990459 0.0721344 1.74144e-05
6 0.190822 0.0281621 0.0636075 0.034585 1.76167e-05
6 0.988642 0.0449605 0.0227169 0.0899209 1.76652e-05
4 0.687188 0.846344 0.192185 0.166996 1.76807e-05
6 0.691504 0.812253 0.0417992 0.083004 1.76997e-05
6 0.315084 0.715415 0.0486143 0.0731225 1.77241e-05
6 0.767378 0.412055 0.0399818 0.0573123 1.78338e-05
6 0.638346 0.464921 0.0145388 0.034585 1.78964e-05
6 0.893458 0.559289 0.0286234 0.083004 1.79081e-05
6 0.298501 0.00197628 0.0663335 0.00395257 1.79778e-05
6 0.270786 0.106225 0.0345298 0.0662055 1.80333e-05
6 0.439573 0.558794 0.0349841 0.0563241 1.80508e-05
6 0.280554 0.105237 0.0140845 0.034585 1.80738e-05
6 0.345298 0.0034585 0.0626988 0.006917 1.81032e-05
6 0.680373 0.994565 0.0622444 0.0108696 1.81207e-05
5 0.586324 0.159585 0.644707 0.31917 1.81348e-05
5 0.0876874 0.414032 0.136302 0.468379 1.8137e-05
6 0.528396 0 0.0427079 0 1.81799e-05
6 0.256701 0.425395 0.0872331 0.149209 1.81917e-05
6 0.76806 0.852273 0.0222626 0.0899209 1.82283e-05
6 0.924353 0.533597 0.0458882 0.0533597 1.82616e-05
6 0.2408 0.121047 0.0581554 0.107708 1.8267e-05
5 0.710586 0.0429842 0.388914 0.0859684 1.82907e-05
6 0.899591 0.937747 0.0826897 0.104743 1.83127e-05
5 0.389596 0.216897 0.779191 0.433794 1.83548e-05
6 0.792367 0.0726285 0.0636075 0.0662055 1.83858e-05
9 0.718537 0.0192688 0.0449796 0.0385376 1.84223e-05
6 0.739209 0.431324 0.0145388 0.0583004 1.84269e-05
7 0.455248 0.395751 0.0136302 0.0899209 1.84617e-05
6 0.231031 0.968379 0.0631531 0.0632411 1.84619e-05
9 0.0885961 0.0568182 0.0954112 0.0662055 1.84845e-05
6 0.359155 0.539032 0.0431622 0.0503953 1.85e-05
6 0.435484 0.588933 0.0195366 0.0494071 1.85077e-05
6 0.909359 0.51334 0.0249886 0.0503953 1.85166e-05
6 0.55861 0.66749 0.0358928 0.0721344 1.85467e-05
6 0.246933 0.0370553 0.101318 0.0741107 1.86092e-05
6 0.492276 0.0736166 0.0213539 0.0978261 1.86948e-05
5 0.943208 0.842391 0.0654248 0.315217 1.87776e-05
6 0.752158 0.00296443 0.0667878 0.00592885 1.88181e-05
6 0.778283 0.0385376 0.0445252 0.0434783 1.88476e-05
6 0.970241 0.960968 0.0386188 0.0464427 1.88786e-05
6 0.493866 0 0.0336211 0 1.88813e-05
6 0.982735 0.0523715 0.0345298 0.104743 1.88872e-05
6 0.902544 0.125988 0.0740572 0.0879447 1.89064e-05
5 0.690822 0.925889 0.618355 0.148221 1.89132e-05
9 0.747615 0.000494071 0.0340754 0.000988142 1.89188e-05
6 0.00636075 0.0108696 0.0127215 0.0217391 1.89286e-05
5 0.740572 0.874012 0.518855 0.251976 1.89298e-05
6 0.3194 0.848814 0.0381645 0.0889328 1.8938e-05
6 0.184007 0.118577 0.0436165 0.0474308 1.89405e-05
7 0.58905 0.368577 0.0985916 0.132411 1.89571e-05
9 0.409132 0.622036 0.127669 0.125494 1.89605e-05
8 0.937074 0.607708 0.0985916 0.201581 1.89667e-05
6 0.761245 0.316206 0.101318 0.118577 1.8985e-05
6 0.616992 0.98913 0.0745116 0.0217391 1.90177e-05
6 0.661972 0.0395257 0.0899591 0.0770751 1.90178e-05
6 0.410268 0.655632 0.0290777 0.0503953 1.90938e-05
7 0.441617 0.386858 0.0081781 0.0780632 1.91232e-05
6 0.168105 0.156126 0.0463426 0.0434783 1.91339e-05
6 0.446388 0.00395257 0.0204453 0.00790514 1.91932e-05
6 0.845525 0.267292 0.0245343 0.0820158 1.9195e-05
5 0.731259 0.886858 0.269423 0.149209 1.91987e-05
6 0.519082 0.949605 0.0595184 0.083004 1.92055e-05
6 0.30418 0.818676 0.0222626 0.0938735 1.92363e-05
6 0.41731 0 0.0449796 0 1.92692e-05
10 0.677419 0.969862 0.0199909 0.0602767 1.93018e-05
7 0.503635 0.353755 0.0186279 0.142292 1.93209e-05
6 0.507497 0.0158103 0.0163562 0.0256917 1.93974e-05
5 0.312131 0.26581 0.624262 0.531621 1.94612e-05
6 0.173103 0.146739 0.152658 0.113636 1.94684e-05
6 0.639255 0.600791 0.0327124 0.0612648 1.94701e-05
9 0.583598 0.450593 0.0140845 0.0434783 1.95019e-05
6 0.529305 0.0755929 0.0272603 0.034585 1.95374e-05
5 0.339846 0.0864625 0.139936 0.139328 1.9543e-05
6 0.677874 0.519763 0.0608814 0.0711462 1.95607e-05
6 0.88687 0.0948617 0.0690595 0.134387 1.95924e-05
5 0.719673 0.971838 0.401636 0.0563241 1.96159e-05
5 0.123353 0.865613 0.246706 0.268775 1.9621e-05
9 0.246479 0.0256917 0.0604271 0.0513834 1.9662e-05
6 0.00499773 0.0306324 0.00999546 0.0612648 1.97526e-05
6 0.459109 0.673419 0.029532 0.0662055 1.98074e-05
6 0.80577 0.378953 0.0477056 0.133399 1.98172e-05
7 0.694457 0.587451 0.0513403 0.0800395 1.98488e-05
6 0.492958 0.599308 0.0318037 0.0583004 1.98584e-05
9 0.83303 0.0242095 0.0631531 0.048419 1.9897e-05
6 0.20309 0.508399 0.0763289 0.25 1.99063e-05
6 0.21831 0.972332 0.0704225 0.055336 1.99383e-05
6 0.225125 0.0034585 0.0695139 0.006917 1.9973e-05
6 0.586097 0.568182 0.195366 0.162055 1.99887e-05
9 0.356883 0.0251976 0.0595184 0.0503953 2.00172e-05
8 0.445934 1 0.27851 0 2.00181e-05
6 0.764198 0.499012 0.100863 0.164032 2.0034e-05
6 0.272149 0.0998024 0.0218083 0.0395257 2.00399e-05
5 0.363017 0.0301383 0.134484 0.0602767 2.01148e-05
6 0.358019 0.467391 0.138119 0.189723 2.01365e-05
7 0.995229 0.835474 0.00954112 0.317194 2.01598e-05
6 0.542935 0.954545 0.0490686 0.0909091 2.02191e-05
6 0.32985 0.894269 0.0826897 0.134387 2.02418e-05
6 0.433212 0 0.0422535 0 2.0297e-05
9 0.119037 0.034585 0.138119 0.06917 2.03489e-05
5 0.330759 0.290514 0.396184 0.355731 2.03661e-05
7 0.529305 0.371542 0.0408905 0.110672 2.03844e-05
5 0.910722 0.913538 0.174012 0.125494 2.04027e-05
6 0.601545 0.981225 0.0227169 0.0375494 2.04157e-05
6 0.108587 0.097332 0.0327124 0.105731 2.04813e-05
6 0.449568 0 0.0422535 0 2.04822e-05
9 0.233985 0.000988142 0.0399818 0.00197628 2.05201e-05
6 0.71672 0.993577 0.0713312 0.0128458 2.05498e-05
6 0.794639 0.573617 0.0772376 0.159091 2.05966e-05
6 0.7592 0.418972 0.103589 0.175889 2.07017e-05
6 0.251022 0.0153162 0.0676965 0.0306324 2.07454e-05
6 0.600182 0.41996 0.0445252 0.112648 2.07724e-05
5 0.615175 0.954051 0.407088 0.0918972 2.07879e-05
6 0.566561 0.961957 0.0581554 0.0583004 2.08744e-05
8 0.916856 0.794466 0.101772 0.150198 2.09202e-05
7 0.99114 0.874506 0.0122672 0.144269 2.09234e-05
6 0.00976829 0.0454545 0.0195366 0.0909091 2.09373e-05
6 0.368242 0.954051 0.0813267 0.0918972 2.09408e-05
5 0.980009 0.698617 0.0399818 0.389328 2.10465e-05
9 0.902999 0.00938735 0.0640618 0.0187747 2.11347e-05
6 0.780554 0.995553 0.053612 0.00889328 2.11387e-05
6 0.732849 0.850791 0.0572467 0.114625 2.11614e-05
9 0.305543 0.0212451 0.0467969 0.0424901 2.11993e-05
6 0.172649 0.132411 0.0445252 0.041502 2.12633e-05
6 0.330986 0.994071 0.0558837 0.0118577 2.12774e-05
6 0.0502045 1 0.0976829 0 2.13459e-05
6 0.992731 0.0429842 0.0145388 0.0859684 2.14024e-05
6 0.116084 0.91502 0.0695139 0.16996 2.14188e-05
6 0.800772 0.929348 0.0586097 0.141304 2.15028e-05
6 0.00795093 0.00642292 0.0131758 0.0128458 2.15034e-05
5 0.169923 0.212451 0.135393 0.120553 2.15364e-05
6 0.382099 0.0133399 0.0981372 0.0266798 2.15503e-05
7 0.99682 0.918972 0.00636075 0.120553 2.16021e-05
6 0.296229 0.850296 0.0636075 0.0938735 2.16312e-05
7 0.638573 1 0.0876874 0 2.16462e-05
5 0.856202 0.0662055 0.287597 0.132411 2.16512e-05
6 0.447297 0.0123518 0.0159019 0.0247036 2.16699e-05
5 0.440482 0.175889 0.173103 0.241107 2.16818e-05
6 0.944571 0.0652174 0.110859 0.130435 2.16854e-05
7 0.644707 0.352767 0.0227169 0.0988142 2.17205e-05
9 0.356429 0.00247036 0.0422535 0.00494071 2.17232e-05
4 0.817129 0.756917 0.365743 0.486166 2.17246e-05
5 0.736256 0.218874 0.527488 0.437747 2.17426e-05
5 0.0658791 1 0.131758 0 2.17639e-05
4 0.294639 0.678854 0.240345 0.343874 2.17871e-05
9 0.377783 0.00741107 0.0431622 0.0148221 2.18904e-05
6 0.77851 0.550889 0.146751 0.437747 2.19431e-05
6 0.0956383 0.0587945 0.0477056 0.034585 2.19463e-05
7 0.466379 0.397727 0.0358928 0.113636 2.19504e-05
5 0.391413 0.0474308 0.395729 0.0948617 2.19855e-05
5 0.315766 0.0326087 0.336211 0.0652174 2.20615e-05
6 0.0736029 0.076087 0.0545207 0.13834 2.20975e-05
6 0.660836 0.912055 0.0640618 0.175889 2.2124e-05
6 0.513403 0.0390316 0.0463426 0.062253 2.2162e-05
6 0.76488 0.137352 0.077692 0.0770751 2.21997e-05
6 0.52726 0.0158103 0.0477056 0.0316206 2.2216e-05
5 0.470014 0.198617 0.054975 0.187747 2.22449e-05
6 0.723308 0.503458 0.0636075 0.143281 2.23495e-05
6 0.381418 0.928854 0.0713312 0.0948617 2.23601e-05
6 0.554066 0.027668 0.0358928 0.055336 2.24063e-05
5 0.699682 0.996542 0.436165 0.006917 2.24462e-05
6 0.409814 0.98419 0.028169 0.0316206 2.26799e-05
6 0.0467969 0.102767 0.0935938 0.13834 2.27391e-05
6 0.990459 0.097332 0.0136302 0.194664 2.27656e-05
7 0.541572 0.397233 0.0408905 0.112648 2.27667e-05
6 0.381872 0.672431 0.0713312 0.0681818 2.27955e-05
6 0.570423 0.574111 0.0159019 0.0454545 2.28225e-05
6 0.474557 0.144269 0.0713312 0.167984 2.2825e-05
6 0.991822 0.0167984 0.0163562 0.0335968 2.28804e-05
9 0.564743 1 0.256247 0 2.28936e-05
7 0.498183 0.361166 0.0140845 0.076087 2.29203e-05
6 0.633121 0.447628 0.0368015 0.083004 2.29779e-05
6 0.907088 0.478261 0.0222626 0.0612648 2.30063e-05
6 0.581781 0.237648 0.142208 0.133399 2.30123e-05
7 0.573376 1 0.0945025 0 2.30478e-05
7 0.995457 0.811759 0.00908678 0.149209 2.30633e-05
6 0.485688 0.557312 0.0390731 0.0592885 2.31485e-05
5 0.884371 0.23419 0.205816 0.306324 2.31802e-05
6 0.305997 0.993577 0.0558837 0.0128458 2.3264e-05
6 0.345979 0.931818 0.0922308 0.130435 2.32703e-05
6 0.657201 0.84585 0.0467969 0.0988142 2.33133e-05
7 0.326443 0.460474 0.0513403 0.126482 2.33178e-05
5 0.708087 0.0533597 0.17492 0.106719 2.33398e-05
6 0.705588 0.00296443 0.0599727 0.00592885 2.33504e-05
9 0.618582 0.0242095 0.0513403 0.048419 2.33739e-05
6 0.657883 0.952569 0.0799637 0.0849802 2.33785e-05
7 0.882553 0.944664 0.057701 0.0671937 2.34263e-05
5 0.418219 0.0256917 0.150386 0.0513834 2.3563e-05
5 0.0874602 0.246047 0.17492 0.492095 2.36393e-05
9 0.103589 0.006917 0.0608814 0.013834 2.36557e-05
6 0.374602 0.00247036 0.0604271 0.00494071 2.36774e-05
6 0.0545207 0.0499012 0.109041 0.0998024 2.3702e-05
5 0.437074 0.227273 0.328033 0.205534 2.37874e-05
6 0.711268 0.898715 0.0686052 0.107708 2.38116e-05
6 0.622899 0.581028 0.0236256 0.0533597 2.39084e-05
7 0.488414 0.24753 0.0136302 0.0365613 2.39471e-05
5 0.888914 0.99753 0.222172 0.00494071 2.40174e-05
9 0.257383 0.000988142 0.0368015 0.00197628 2.40329e-05
6 0.845298 0.0746047 0.0867787 0.149209 2.40965e-05
6 0.0102226 0.00889328 0.0204453 0.0177866 2.41427e-05
6 0.0520218 0.442194 0.0749659 0.159091 2.41472e-05
6 0.248523 0.0825099 0.0572467 0.048419 2.4172e-05
6 0.629259 0.00148221 0.0572467 0.00296443 2.41798e-05
6 0.248296 0.898715 0.0813267 0.202569 2.41811e-05
4 0.992731 0.645257 0.0145388 0.527668 2.42213e-05
7 0.416174 0.443182 0.0417992 0.119565 2.42452e-05
6 0.433212 0.615613 0.0168105 0.0533597 2.42577e-05
5 0.2199 0.987648 0.323489 0.0247036 2.42595e-05
5 0.381645 0.139328 0.217174 0.185771 2.44025e-05
6 0.248069 0.0993083 0.0427079 0.0543478 2.44405e-05
6 0.57065 0 0.0417992 0 2.44727e-05
6 0.00431622 0.0592885 0.00863244 0.0948617 2.44728e-05
6 0.493866 0.00247036 0.0481599 0.00494071 2.44864e-05
7 0.421399 0.463933 0.0113585 0.076087 2.45146e-05
7 0.631985 0.354743 0.028169 0.126482 2.4637e-05
9 0.370286 0.00197628 0.0354384 0.00395257 2.46563e-05
5 0.797592 0.963933 0.287597 0.0721344 2.46666e-05
6 0.468651 0.048419 0.0304407 0.0968379 2.47176e-05
9 0.948433 0.902668 0.054975 0.0444664 2.47496e-05
6 0.254657 0.00296443 0.0667878 0.00592885 2.47774e-05
6 0.0143117 0.0795455 0.0286234 0.159091 2.49213e-05
6 0.405952 0.00296443 0.0631531 0.00592885 2.50295e-05
9 0.128124 0.00741107 0.0581554 0.0148221 2.50792e-05
5 0.153112 0.993577 0.306224 0.0128458 2.51278e-05
6 0.51363 0.0390316 0.0313494 0.0385376 2.51517e-05
6 0.887551 0.844862 0.0749659 0.162055 2.51561e-05
6 0.946161 1 0.0613358 0 2.52959e-05
6 0.556111 0 0.0417992 0 2.53661e-05
6 0.574739 0.501976 0.0218083 0.0395257 2.54166e-05
5 0.295775 0.0454545 0.116311 0.0909091 2.56013e-05
6 0.799182 0.519763 0.0835984 0.114625 2.5613e-05
6 0.727851 0.432806 0.0545207 0.136364 2.56217e-05
5 0.392776 0.988636 0.393003 0.0227273 2.57265e-05
6 0.528169 0.0879447 0.0222626 0.0296443 2.58204e-05
7 0.560427 0.395257 0.00954112 0.083004 2.58768e-05
6 0.946842 0.0528656 0.050886 0.062253 2.59433e-05
6 0.161517 0.20504 0.0613358 0.192688 2.59454e-05
6 0.485688 0.255929 0.0154475 0.0928854 2.60721e-05
6 0.417083 0.0143281 0.025443 0.0286561 2.61175e-05
7 0.547024 0.397233 0.0127215 0.0928854 2.61241e-05
6 0.510904 0.471344 0.0249886 0.0711462 2.6155e-05
6 0.758519 0.0948617 0.0531577 0.179842 2.62818e-05
6 0.482281 0.027668 0.0286234 0.055336 2.63211e-05
6 0.669923 0.831522 0.0486143 0.204545 2.63287e-05
6 0.555429 0.0256917 0.0213539 0.0316206 2.64111e-05
6 0.522035 0.0182806 0.0399818 0.0365613 2.65478e-05
6 0.677419 0.00296443 0.0581554 0.00592885 2.67452e-05
6 0.535211 0.0943676 0.0390731 0.0800395 2.67559e-05
8 0.94866 0.469368 0.0881418 0.215415 2.67974e-05
5 0.196956 0.927866 0.337574 0.144269 2.68323e-05
6 0.5393 0.0918972 0.025443 0.0494071 2.68483e-05
6 0.417537 0.00296443 0.028169 0.00592885 2.68525e-05
6 0.734666 0.908103 0.0681508 0.183794 2.69263e-05
6 0.745797 0.862648 0.102226 0.162055 2.70788e-05
9 0.409814 0.507411 0.0163562 0.0405138 2.7119e-05
5 0.336438 0.212945 0.1204 0.269763 2.71851e-05
9 0.854384 0.00839921 0.0640618 0.0167984 2.73539e-05
6 0.768969 0.0503953 0.0558837 0.0592885 2.73605e-05
6 0.163335 0.221344 0.0404362 0.0513834 2.73608e-05
6 0.950477 0.0217391 0.0990459 0.0434783 2.73847e-05
9 0.697637 1 0.0858701 0 2.74079e-05
9 0.744662 0.00592885 0.050886 0.0118577 2.7452e-05
6 0.574057 0.518281 0.0995002 0.11166 2.74568e-05
6 0.994094 0.0790514 0.0118128 0.132411 2.7486e-05
5 0.729214 0.161561 0.189005 0.200593 2.75e-05
6 0.539527 0.00543478 0.0567924 0.0108696 2.75207e-05
6 0.485007 0.475791 0.0449796 0.0998024 2.76062e-05
6 0.217401 0.991107 0.0640618 0.0177866 2.76101e-05
9 0.305089 0.00197628 0.029532 0.00395257 2.76384e-05
7 0.664244 0.340415 0.0835984 0.121542 2.77793e-05
6 0.516583 0.0251976 0.0708769 0.0503953 2.77929e-05
6 0.41572 0.00741107 0.0427079 0.0148221 2.78673e-05
6 0.554748 0.623024 0.0517946 0.107708 2.7872e-05
9 0.0515675 0.00592885 0.077692 0.0118577 2.80449e-05
6 0.195593 0.0365613 0.0795093 0.06917 2.80653e-05
6 0.00454339 0.114625 0.00908678 0.12253 2.81198e-05
9 0.821218 0.000494071 0.0431622 0.000988142 2.83105e-05
6 0.470014 0.034585 0.0204453 0.0395257 2.84202e-05
7 0.665152 0.592885 0.0318037 0.0869565 2.85466e-05
9 0.793049 0.0296443 0.123126 0.0592885 2.85646e-05
6 0.32985 0.61166 0.131758 0.130435 2.87822e-05
4 0.688096 0.560277 0.348478 0.365613 2.88383e-05
7 0.506134 0.648715 0.0199909 0.0839921 2.89115e-05
5 0.746252 0.0370553 0.157656 0.0741107 2.89143e-05
7 0.621309 0.337945 0.0758746 0.112648 2.92167e-05
6 0.49114 0.069664 0.0154475 0.048419 2.92353e-05
9 0.66856 0.00988142 0.0567924 0.0197628 2.92565e-05
6 0.2592 0.848814 0.0904135 0.124506 2.93096e-05
6 0.928442 0.408103 0.100409 0.134387 2.93374e-05
5 0.970922 0.841403 0.0581554 0.277668 2.93634e-05
9 0.191504 0.00790514 0.0586097 0.0158103 2.94153e-05
6 0.578601 0.57164 0.0168105 0.0444664 2.94627e-05
7 0.511131 0.342885 0.0218083 0.0988142 2.9484e-05
6 0.491595 0.0123518 0.0290777 0.0247036 2.94868e-05
7 0.469105 0.395751 0.0131758 0.0859684 2.95511e-05
6 0.162881 0.199605 0.0540663 0.06917 2.96395e-05
5 0.591549 0.989625 0.390731 0.020751 2.96961e-05
6 0.321218 0.571146 0.0318037 0.0632411 2.97378e-05
7 0.596547 0.383399 0.0408905 0.106719 2.97836e-05
5 0.53294 0.855731 0.902317 0.288538 2.99117e-05
6 0.708996 0.551877 0.0322581 0.0701581 2.99412e-05
6 0.0883689 0.924901 0.0595184 0.150198 2.99558e-05
6 0.894593 0.826581 0.100863 0.346838 2.99944e-05
3 0.742617 0.5 0.514766 1 3.00246e-05
6 0.992731 0.367095 0.0145388 0.153162 3.01197e-05
6 0.00885961 0.104743 0.00772376 0.0968379 3.0181e-05
7 0.436847 0.66996 0.0477056 0.12253 3.02581e-05
6 0.348251 0.710968 0.0186279 0.0444664 3.02722e-05
6 0.407542 0.0153162 0.0554294 0.0306324 3.02748e-05
6 0.34507 0.735178 0.0249886 0.0573123 3.02864e-05
5 0.912085 0.0113636 0.175829 0.0227273 3.03931e-05
6 0.544071 0.0118577 0.0213539 0.0237154 3.04355e-05
7 0.299864 0.363636 0.0454339 0.146245 3.04517e-05
6 0.13244 0.9417 0.0695139 0.116601 3.06305e-05
6 0.456838 0.652174 0.0222626 0.0513834 3.06505e-05
7 0.519309 0.393775 0.0399818 0.103755 3.07971e-05
7 0.678782 0.572134 0.0863244 0.130435 3.08424e-05
2 0.790777 0.347826 0.154021 0.3083 3.08951e-05
5 0.726942 0.331522 0.464334 0.396245 3.09001e-05
7 0.502272 0.622036 0.029532 0.0938735 3.10161e-05
6 0.920036 0.151186 0.0463426 0.144269 3.10558e-05
6 0.0127215 0.925889 0.025443 0.148221 3.10743e-05
6 0.693548 0.984684 0.0159019 0.0306324 3.13865e-05
7 0.430259 0.424901 0.0626988 0.148221 3.20219e-05
5 0.848932 0.150198 0.302135 0.300395 3.20357e-05
6 0.797819 0.00988142 0.0908678 0.0197628 3.20672e-05
6 0.26806 0.996047 0.056338 0.00790514 3.20988e-05
6 0.522717 0.0785573 0.0404362 0.0563241 3.21145e-05
6 0.470014 0.525692 0.0249886 0.0434783 3.21342e-05
6 0.697865 0.4417 0.10995 0.173913 3.22432e-05
6 0.257383 0.5 0.0858701 0.146245 3.22577e-05
6 0.819627 0.897727 0.0345298 0.163043 3.24049e-05
6 0.668787 0.0859684 0.0490686 0.0494071 3.27018e-05
6 0.897092 0.0879447 0.0540663 0.0434783 3.27943e-05
7 0.685825 0.152668 0.0177192 0.0741107 3.28262e-05
6 0.539755 0.977767 0.0454339 0.0444664 3.28374e-05
6 0.569514 0.00197628 0.0513403 0.00395257 3.28812e-05
7 0.506588 0.664032 0.0354384 0.160079 3.29786e-05
6 0.194003 0.137352 0.0636075 0.0790514 3.30286e-05
6 0.433894 0.00642292 0.0290777 0.0128458 3.30662e-05
6 0.00795093 0.0251976 0.00772376 0.0503953 3.3074e-05
6 0.0640618 0.575099 0.0945025 0.152174 3.30903e-05
5 0.733985 0.0933794 0.20309 0.163043 3.31302e-05
6 0.623353 0.564229 0.0218083 0.0434783 3.3195e-05
6 0.438891 0.00988142 0.0890504 0.0197628 3.32168e-05
6 0.758292 0.897233 0.0572467 0.205534 3.33019e-05
9 0.588142 0.504941 0.0349841 0.0533597 3.33437e-05
5 0.587687 0.171937 0.175829 0.183794 3.33911e-05
6 0.0586097 0.626976 0.0872331 0.360672 3.34004e-05
6 0.43503 0 0.057701 0 3.3403e-05
9 0.71831 0.00148221 0.0299864 0.00296443 3.34338e-05
4 0.961381 0.744071 0.0772376 0.355731 3.36984e-05
6 0.169696 0.9417 0.029532 0.06917 3.3803e-05
9 0.606088 0.527174 0.028169 0.0424901 3.38639e-05
6 0.676738 0.985672 0.0168105 0.0286561 3.39951e-05
6 0.612676 0 0.0440709 0 3.39971e-05
5 0.471149 0.0918972 0.187188 0.120553 3.40213e-05
6 0.434802 0.0123518 0.0436165 0.0247036 3.41148e-05
6 0.990913 0.0721344 0.00908678 0.0928854 3.41622e-05
6 0.523626 0.590415 0.026806 0.048419 3.42084e-05
6 0.523853 0.574111 0.0190822 0.0375494 3.43007e-05
9 0.617674 0.00197628 0.0368015 0.00395257 3.43607e-05
6 0.334621 0.730731 0.0286234 0.0543478 3.44751e-05
5 0.390277 0.959486 0.358928 0.0810277 3.47103e-05
6 0.439346 0.608696 0.0454339 0.0889328 3.47398e-05
9 0.21672 0.006917 0.056338 0.013834 3.49066e-05
6 0.307133 0.826087 0.0481599 0.106719 3.49857e-05
6 0.990459 0.0335968 0.00999546 0.0671937 3.50098e-05
6 0.484098 0.0731225 0.0149932 0.0513834 3.50189e-05
6 0.0626988 0.48666 0.0890504 0.145257 3.50392e-05
6 0.263517 0.576581 0.13085 0.216403 3.51141e-05
9 0.0461154 0.0266798 0.0849614 0.0533597 3.53381e-05
6 0.0974557 0.731225 0.0849614 0.306324 3.56531e-05
6 0.900954 0.894269 0.0908678 0.136364 3.56733e-05
6 0.153112 0.474802 0.030895 0.123518 3.57138e-05
6 0.351658 0.481719 0.0899591 0.125494 3.58523e-05
6 0.844162 0.308794 0.0290777 0.115613 3.59562e-05
6 0.288505 0.281621 0.0363471 0.164032 3.61354e-05
6 0.67015 0.832016 0.0427079 0.102767 3.62443e-05
6 0.00749659 0.0538538 0.00681508 0.0741107 3.6331e-05
7 0.524761 0.393775 0.0127215 0.0859684 3.63713e-05
5 0.897774 1 0.204453 0 3.64208e-05
6 0.771013 0.863636 0.0390731 0.120553 3.65421e-05
6 0.701499 0.537055 0.0654248 0.101779 3.67972e-05
6 0.68537 0.00988142 0.0922308 0.0197628 3.69237e-05
6 0.720127 0.546937 0.177192 0.307312 3.69695e-05
6 0.522944 0.0459486 0.0490686 0.0918972 3.72234e-05
6 0.09791 0.076581 0.0331667 0.0820158 3.7337e-05
5 0.194684 0.820158 0.389368 0.359684 3.74479e-05
6 0.176511 0.211462 0.0449796 0.0494071 3.74506e-05
5 0.107224 0.914032 0.159927 0.140316 3.7582e-05
5 0.198319 0.062747 0.396638 0.125494 3.76078e-05
9 0.332349 0.502964 0.0404362 0.0948617 3.76677e-05
6 0.277374 0.863636 0.172194 0.197628 3.77779e-05
6 0.314403 0.949111 0.112676 0.101779 3.79956e-05
6 0.52885 0.0103755 0.0336211 0.020751 3.81311e-05
7 0.485234 0.66502 0.0372558 0.148221 3.82065e-05
6 0.641072 0.478261 0.0372558 0.0513834 3.82343e-05
9 0.353021 0.00889328 0.0572467 0.0177866 3.82349e-05
6 0.30418 0.475791 0.123126 0.289526 3.84818e-05
5 0.848932 0.034585 0.189459 0.06917 3.85232e-05
5 0.21104 0.233202 0.218537 0.179842 3.85912e-05
6 0.57542 0.58498 0.0168105 0.0355731 3.8687e-05
4 0.334621 0.778656 0.499318 0.341897 3.87235e-05
6 0.698092 0.450099 0.0604271 0.0859684 3.8758e-05
9 0.344162 0.523715 0.0277147 0.041502 3.88785e-05
9 0.30259 0.00543478 0.0463426 0.0108696 3.88911e-05
6 0.450931 0.506423 0.0195366 0.0405138 3.89398e-05
6 0.653794 0.496542 0.0327124 0.0405138 3.90701e-05
6 0.488187 0.475791 0.29214 0.192688 3.90703e-05
6 0.525443 0.034585 0.0377101 0.0375494 3.90883e-05
5 0.0368015 0.312747 0.0626988 0.350791 3.92469e-05
5 0.543162 1 0.545661 0 3.92839e-05
6 0.0229441 0.0232213 0.0458882 0.0464427 3.95011e-05
6 0.975239 0.0192688 0.0495229 0.0385376 3.95014e-05
6 0.552249 0.0217391 0.0358928 0.0434783 3.96243e-05
5 0.186279 0.306818 0.372558 0.613636 3.96252e-05
7 0.996138 0.868083 0.00772376 0.121542 3.974e-05
6 0.498183 0.474802 0.0331667 0.0780632 3.98649e-05
3 0.570877 0.577569 0.783735 0.844862 3.99771e-05
6 0.990686 0.0153162 0.0140845 0.0306324 3.99818e-05
6 0.815993 0.873518 0.0454339 0.252964 4.00634e-05
5 0.777828 0.971344 0.444343 0.0573123 4.02296e-05
7 0.482508 0.42836 0.0227169 0.137352 4.0359e-05
5 0.13244 1 0.26488 0 4.06028e-05
5 0.957747 0.315711 0.084507 0.417984 4.08961e-05
7 0.481826 0.399209 0.0377101 0.118577 4.09061e-05
5 0.617901 0.0469368 0.210813 0.0938735 4.09292e-05
5 0.534303 0.0331028 0.168105 0.0662055 4.10329e-05
6 0.614493 0.613636 0.0467969 0.0573123 4.11265e-05
6 0.843935 0.062747 0.124943 0.0820158 4.12681e-05
6 0.155611 0.471344 0.0467969 0.221344 4.14131e-05
6 0.177874 0.22085 0.0613358 0.0899209 4.14976e-05
6 0.594503 0.0133399 0.0895048 0.0266798 4.15826e-05
5 0.841209 0.027668 0.317583 0.055336 4.1795e-05
6 0.302135 0.440217 0.056338 0.133399 4.1828e-05
6 0.561336 0.576581 0.0486143 0.115613 4.18342e-05
6 0.635847 0.472332 0.131304 0.179842 4.19248e-05
6 0.208314 0.952075 0.0722399 0.0938735 4.20621e-05
6 0.569514 0.955534 0.0513403 0.0889328 4.21006e-05
7 0.615629 0.381423 0.0554294 0.126482 4.21777e-05
9 0.241481 0.006917 0.054975 0.013834 4.22505e-05
6 0.990005 0.329545 0.0163562 0.11166 4.23988e-05
6 0.386642 0.234684 0.161745 0.176877 4.24011e-05
6 0.983871 0.937747 0.0322581 0.124506 4.2515e-05
6 0.737392 0.411561 0.0127215 0.062253 4.25639e-05
5 0.362562 0.0518775 0.189914 0.103755 4.26122e-05
9 0.68378 0.00148221 0.0390731 0.00296443 4.26191e-05
6 0.619718 0.553854 0.0926851 0.105731 4.29449e-05
6 0.300772 0.490119 0.0463426 0.144269 4.30413e-05
6 0.0676965 0.485178 0.0890504 0.296443 4.30708e-05
7 0.508632 0.424901 0.0159019 0.134387 4.33511e-05
9 0.715357 0.00543478 0.0449796 0.0108696 4.34033e-05
6 0.587006 0.586957 0.0163562 0.0513834 4.34081e-05
3 0.297592 0.562747 0.595184 0.874506 4.35094e-05
5 0.313721 0.129447 0.136756 0.183794 4.35451e-05
6 0.519537 0.608202 0.0249886 0.0701581 4.35537e-05
6 0.241481 0.995059 0.0586097 0.00988142 4.36036e-05
6 0.586779 0 0.0422535 0 4.38506e-05
6 0.29214 0.0800395 0.0499773 0.0889328 4.3882e-05
6 0.0913221 0.743577 0.084507 0.113636 4.40384e-05
6 0.690595 0.955534 0.0781463 0.0889328 4.41148e-05
6 0.0997274 0.11413 0.0313494 0.062253 4.41938e-05
6 0.480009 0.0439723 0.0631531 0.0820158 4.42182e-05
6 0.768287 0.383399 0.050886 0.0671937 4.43698e-05
6 0.492049 0.00642292 0.0163562 0.0128458 4.44977e-05
6 0.291004 0.0716403 0.0340754 0.0543478 4.45326e-05
7 0.317583 0.221344 0.0445252 0.148221 4.46691e-05
6 0.567697 0.0232213 0.0368015 0.0464427 4.4826e-05
9 0.697183 0.020751 0.0513403 0.041502 4.49905e-05
6 0.500682 0.561265 0.0363471 0.0592885 4.51598e-05
6 0.56497 0.591403 0.0149932 0.0405138 4.5249e-05
6 0.298955 0.567194 0.0881418 0.175889 4.52927e-05
9 0.760563 0.000988142 0.0399818 0.00197628 4.58748e-05
6 0.488414 0.0592885 0.0145388 0.0434783 4.63683e-05
6 0.107905 0.097332 0.0249886 0.0543478 4.70511e-05
5 0.345525 0.968874 0.401181 0.062253 4.7108e-05
8 0.937983 0.985178 0.100409 0.0296443 4.74604e-05
6 0.382781 0.651186 0.057701 0.055336 4.75974e-05
6 0.733985 0.909585 0.054975 0.0958498 4.77773e-05
6 0.987733 0.335968 0.0218083 0.274704 4.80594e-05
9 0.641527 0.504941 0.0227169 0.0671937 4.81809e-05
6 0.470468 0.0192688 0.115856 0.0385376 4.82585e-05
5 0.912994 0.962451 0.174012 0.0750988 4.8741e-05
5 0.0704225 0.20998 0.106315 0.368577 4.89731e-05
6 0.802363 0.076581 0.110859 0.0859684 4.91228e-05
9 0.687188 1 0.234893 0 4.9249e-05
6 0.521127 0.490613 0.0245343 0.0563241 4.92522e-05
6 0.455929 0.492589 0.0331667 0.0464427 4.99547e-05
5 0.815993 0.136858 0.368015 0.273715 5.03677e-05
6 0.591776 0.0256917 0.0449796 0.0513834 5.06294e-05
6 0.402317 0.622036 0.0458882 0.0583004 5.06542e-05
6 0.718991 0.562253 0.0958655 0.140316 5.10293e-05
6 0.67015 0.0869565 0.0517946 0.150198 5.10685e-05
9 0.30259 0.514822 0.0227169 0.0355731 5.18014e-05
6 0.872785 0.0963439 0.084507 0.0602767 5.20362e-05
5 0.0661063 0.0103755 0.132213 0.020751 5.20681e-05
5 0.307587 0.083498 0.492503 0.166996 5.21949e-05
7 0.349159 0.409091 0.102226 0.15415 5.2431e-05
9 0.605407 0.449111 0.0686052 0.115613 5.24722e-05
5 0.338028 0.931818 0.358019 0.136364 5.29188e-05
6 0.160609 0.93083 0.0377101 0.13834 5.31945e-05
7 0.4398 0.428854 0.0181736 0.114625 5.35326e-05
5 0.297365 0.0113636 0.114948 0.0227273 5.36547e-05
6 0.566333 0.977767 0.0458882 0.0444664 5.39611e-05
9 0.828033 0.006917 0.0586097 0.013834 5.43033e-05
6 0.484325 0.00790514 0.0199909 0.0158103 5.44747e-05
6 0.486143 0.258399 0.0145388 0.0424901 5.46457e-05
6 0.191958 0.118577 0.125852 0.0869565 5.48104e-05
6 0.646297 0.445158 0.0867787 0.113636 5.48878e-05
5 0.212858 0.978755 0.425716 0.0424901 5.50993e-05
5 0.214448 0.159585 0.428896 0.31917 5.51318e-05
5 0.258746 0.062253 0.158564 0.124506 5.52993e-05
5 0.131758 0.0167984 0.128124 0.0335968 5.55296e-05
5 0.900045 0.790514 0.199909 0.332016 5.56406e-05
7 0.431395 0.458498 0.0122672 0.083004 5.56607e-05
6 0.86756 0.0533597 0.0931395 0.106719 5.63742e-05
5 0.713085 0.938241 0.269423 0.123518 5.64622e-05
5 0.95025 0.853261 0.0713312 0.143281 5.68872e-05
6 0.557701 0.634881 0.0204453 0.0424901 5.71676e-05
6 0.576783 0.614625 0.0586097 0.0671937 5.73104e-05
9 0.616311 0.0103755 0.052249 0.020751 5.75693e-05
6 0.575647 0.469368 0.0181736 0.0335968 5.78844e-05
9 0.629032 0.462451 0.0168105 0.0237154 5.80885e-05
6 0.663108 0.528656 0.0377101 0.0632411 5.84086e-05
6 0.794184 0.378458 0.0517946 0.0849802 5.84111e-05
6 0.537256 0.0296443 0.0404362 0.0513834 5.86175e-05
6 0.582008 0.635375 0.0199909 0.041502 5.88055e-05
6 0.95184 0.0390316 0.081781 0.0780632 5.89471e-05
7 0.485007 0.398221 0.0149932 0.0948617 5.98181e-05
6 0.779646 0.355731 0.0763289 0.102767 6.00171e-05
6 0.539527 0.00839921 0.0340754 0.0167984 6.08522e-05
6 0.560654 0.0108696 0.0926851 0.0217391 6.15557e-05
6 0.449796 0.527668 0.0227169 0.041502 6.15648e-05
6 0.538392 0.013834 0.0472513 0.027668 6.17814e-05
7 0.347569 0.64081 0.0354384 0.0938735 6.20017e-05
2 0.519309 0.336462 0.084507 0.151186 6.22718e-05
9 0.771695 0.0217391 0.0622444 0.0434783 6.2437e-05
6 0.150386 0.946146 0.0608814 0.0563241 6.25899e-05
9 0.98796 0.984684 0.02408 0.0306324 6.26286e-05
6 0.554066 0.006917 0.0277147 0.013834 6.31565e-05
6 0.539073 0.0266798 0.0277147 0.0316206 6.31977e-05
7 0.644934 0.366601 0.0940482 0.116601 6.41267e-05
5 0.0974557 0.0894269 0.127669 0.0978261 6.46805e-05
9 0.977283 0.972826 0.0454339 0.0444664 6.47421e-05
6 0.218537 0.581522 0.107224 0.218379 6.50934e-05
5 0.871195 0.366107 0.25761 0.708498 6.51374e-05
6 0.502953 0.589921 0.0290777 0.0671937 6.52423e-05
5 0.285325 0.882411 0.370741 0.235178 6.54525e-05
6 0.261245 0.568676 0.17174 0.384387 6.60064e-05
6 0.539982 0.490613 0.0477056 0.048419 6.6019e-05
6 0.493412 0.260375 0.0190822 0.0543478 6.63646e-05
5 0.739891 0.0118577 0.152204 0.0237154 6.66985e-05
7 0.695139 0.165514 0.0372558 0.113636 6.70002e-05
6 0.530441 0.620553 0.0368015 0.0909091 6.73179e-05
2 0.636983 0.310277 0.370741 0.193676 6.78172e-05
9 0.607451 0.00395257 0.0390731 0.00790514 6.79801e-05
6 0.0899591 0.945652 0.0590641 0.0513834 6.84555e-05
6 0.612903 0.0316206 0.0699682 0.0632411 6.87613e-05
7 0.477056 0.38587 0.0690595 0.133399 6.88738e-05
9 0.782372 0.000988142 0.0472513 0.00197628 6.90493e-05
5 0.11881 0.969862 0.237619 0.0602767 6.95628e-05
4 0.712631 0.846344 0.445706 0.273715 6.99945e-05
6 0.240572 0.914032 0.0495229 0.108696 7.01301e-05
6 0.918446 0.146739 0.0368015 0.0741107 7.04234e-05
5 0.166288 0.162055 0.230804 0.179842 7.05877e-05
6 0.590413 0.640316 0.0204453 0.0434783 7.24088e-05
6 0.600182 0.00395257 0.0545207 0.00790514 7.27393e-05
6 0.0833712 0.0780632 0.0395275 0.0375494 7.28448e-05
6 0.509768 0.0251976 0.113585 0.0503953 7.36614e-05
6 0.330759 0.617589 0.0427079 0.0592885 7.37509e-05
7 0.496138 0.398221 0.0354384 0.12253 7.3805e-05
5 0.808042 0.144269 0.201272 0.181818 7.4169e-05
6 0.837574 0.109684 0.0758746 0.06917 7.42007e-05
6 0.592912 0.0108696 0.0372558 0.0217391 7.43412e-05
5 0.886642 0.947134 0.226715 0.105731 7.47626e-05
5 0.686052 0.164526 0.0726942 0.192688 7.51641e-05
6 0.543162 0.398715 0.102226 0.141304 7.56976e-05
6 0.533394 0.44417 0.0408905 0.0662055 7.57333e-05
5 0.853476 0.907609 0.293049 0.184783 7.60034e-05
9 0.696956 0.00197628 0.0363471 0.00395257 7.6563e-05
6 0.568378 0.0128458 0.0408905 0.0256917 7.67802e-05
9 0.791004 0.00592885 0.0626988 0.0118577 7.74029e-05
5 0.0895048 0.249506 0.0772376 0.230237 7.74392e-05
6 0.0967742 0.097332 0.0717856 0.0642292 7.86605e-05
6 0.0892776 0.0948617 0.0431622 0.152174 7.93222e-05
5 0.254657 0.0958498 0.214902 0.156126 8.02911e-05
9 0.619491 0.534585 0.0322581 0.0494071 8.0557e-05
6 0.569059 0.579545 0.0331667 0.0583004 8.07498e-05
5 0.35234 0.197628 0.284871 0.335968 8.07603e-05
5 0.938664 0.618577 0.122672 0.393281 8.11769e-05
5 0.480918 0.972826 0.668333 0.0543478 8.19967e-05
6 0.504771 0.436759 0.0417992 0.0731225 8.20066e-05
5 0.52408 0.236166 0.124035 0.185771 8.26568e-05
5 0.509995 0.0963439 0.363017 0.143281 8.40645e-05
6 0.475239 0.450099 0.0554294 0.0800395 8.43122e-05
6 0.159473 0.94417 0.028169 0.0583004 8.46511e-05
6 0.932076 0.517292 0.0504316 0.0503953 8.55732e-05
5 0.634939 0.204545 0.141299 0.219368 8.56176e-05
6 0.970695 0.945158 0.0586097 0.103755 8.72161e-05
6 0.765561 0.929842 0.0527033 0.120553 8.74188e-05
6 0.398228 0.509387 0.026806 0.0543478 8.74858e-05
6 0.0974557 0.076087 0.0277147 0.0355731 8.75753e-05
5 0.263744 0.163043 0.153112 0.189723 8.78936e-05
7 0.496365 0.428854 0.0231713 0.136364 8.79991e-05
6 0.58905 0.62253 0.0186279 0.0454545 8.83059e-05
6 0.872104 0.0676877 0.0995002 0.0563241 8.83496e-05
9 0.969332 0.971344 0.0613358 0.0573123 8.92314e-05
2 0.384598 0.379941 0.452976 0.226285 8.99499e-05
2 0.631758 0.329545 0.154021 0.147233 9.16243e-05
5 0.230577 0.12253 0.461154 0.245059 9.2031e-05
6 0.305543 0.563241 0.0449796 0.06917 9.24753e-05
6 0.415266 0.490119 0.0363471 0.083004 9.3945e-05
7 0.675829 0.605237 0.0667878 0.103755 9.45382e-05
3 0.131304 0.569664 0.262608 0.860672 9.52305e-05
6 0.872331 0.0375494 0.103589 0.055336 9.60683e-05
9 0.400045 0.523221 0.0177192 0.0405138 9.6544e-05
6 0.859155 0.0820158 0.18537 0.128458 9.6642e-05
6 0.306452 0.972332 0.0695139 0.055336 9.67014e-05
6 0.578146 0.620553 0.0195366 0.041502 9.82774e-05
6 0.590868 0.565217 0.0313494 0.0533597 9.89024e-05
9 0.694003 0.00741107 0.0504316 0.0148221 9.96811e-05
9 0.324398 0.532115 0.028169 0.0326087 0.000101052
6 0.668333 0.505435 0.127215 0.206522 0.000102884
6 0.48478 0.0587945 0.0245343 0.117589 0.000103417
5 0.706497 0.91749 0.480691 0.16502 0.000103975
5 0.517492 0.929348 0.546115 0.141304 0.000104123
6 0.923217 0.37747 0.0399818 0.156126 0.000104312
5 0.200363 0.199111 0.400727 0.398221 0.000104942
6 0.930259 0.517787 0.0604271 0.148221 0.000105834
5 0.849387 0.0222332 0.164925 0.0444664 0.000105875
6 0.984098 0.962451 0.025443 0.0632411 0.000109161
6 0.485688 0.483202 0.0318037 0.0533597 0.00011093
6 0.578601 0.442688 0.0258973 0.06917 0.000111165
7 0.439573 0.433794 0.00863244 0.108696 0.000113715
5 0.520672 0.0148221 0.20627 0.0296443 0.000114857
5 0.639255 0.0889328 0.177192 0.142292 0.000115287
2 0.39005 0.394763 0.210359 0.19664 0.000115603
9 0.355975 0.539526 0.212176 0.227273 0.000116597
6 0.120173 0.944664 0.0631531 0.0592885 0.000118076
5 0.869832 0.990613 0.260336 0.0187747 0.000118244
7 0.499546 0.398715 0.0168105 0.101779 0.000118267
4 0.761472 0.766304 0.477056 0.467391 0.000118968
6 0.67333 0.919466 0.106315 0.109684 0.000119352
5 0.692185 0.0153162 0.148569 0.0306324 0.000120873
6 0.485461 0.0464427 0.0168105 0.0612648 0.000120906
6 0.576102 0.483202 0.0218083 0.0395257 0.000121006
6 0.507951 0.494071 0.0318037 0.0652174 0.000121112
7 0.51204 0.397233 0.0136302 0.0968379 0.000121327
7 0.651295 0.381917 0.0149932 0.0800395 0.000121336
6 0.56497 0.639822 0.0231713 0.0444664 0.000123593
6 0.600636 0.0177866 0.056338 0.0355731 0.000123609
9 0.588596 0.469368 0.157656 0.0810277 0.00012558
7 0.651749 0.355731 0.0222626 0.12253 0.000126017
6 0.628124 0.591897 0.0431622 0.055336 0.000127687
9 0.359155 0.574111 0.0286234 0.0434783 0.000127712
7 0.27851 0.198617 0.0199909 0.148221 0.000129695
9 0.632213 0.471344 0.0313494 0.0316206 0.000131172
5 0.774194 0.209486 0.451613 0.36166 0.000132756
5 0.228305 0.88834 0.456611 0.22332 0.00013297
5 0.282372 0.201087 0.0704225 0.240119 0.000133051
6 0.497501 0.501482 0.0363471 0.0662055 0.000133725
6 0.430259 0.480731 0.0417992 0.0780632 0.000133965
6 0.923898 0.375988 0.0386188 0.0662055 0.000136505
7 0.694457 0.166008 0.0377101 0.27668 0.000136757
9 0.413221 0.579051 0.0358928 0.0533597 0.000137428
5 0.723762 0.0983202 0.552476 0.19664 0.000138326
5 0.79055 0.0148221 0.142662 0.0296443 0.000138494
6 0.250114 0.0953557 0.0940482 0.0918972 0.000140167
5 0.250795 0.0212451 0.12358 0.0424901 0.000140505
6 0.469559 0.508399 0.0186279 0.0424901 0.000140729
2 0.492731 0.343379 0.0604271 0.113636 0.000143172
9 0.767378 0.00642292 0.0599727 0.0128458 0.000144382
5 0.649477 0.020751 0.181281 0.041502 0.00014594
6 0.816447 0.103755 0.0581554 0.130435 0.000149466
5 0.183099 0.0701581 0.234439 0.140316 0.00015427
3 0.904589 0.58498 0.190822 0.76087 0.000154589
4 0.263062 0.768281 0.526124 0.463439 0.000154966
3 0.788505 0.569664 0.31304 0.825099 0.000155788
9 0.664698 0.558794 0.0517946 0.0859684 0.000162176
6 0.772149 0.0849802 0.100409 0.120553 0.000162274
5 0.325534 0.0212451 0.186733 0.0424901 0.000162317
9 0.371649 0.559289 0.0172649 0.0355731 0.000164125
6 0.0899591 0.0914032 0.0345298 0.0563241 0.000169272
6 0.239437 0.936265 0.0899591 0.123518 0.000170941
7 0.388005 0.450099 0.0899591 0.139328 0.000171002
5 0.525216 0.0513834 0.275329 0.0988142 0.000178552
6 0.665607 0.516798 0.0681508 0.116601 0.000184468
9 0.638119 0.492589 0.0249886 0.0326087 0.00018814
6 0.577238 0.512846 0.0322581 0.0513834 0.000188983
6 0.193094 0.140316 0.0445252 0.0474308 0.000190162
3 0.0913221 0.572134 0.182644 0.743083 0.000194242
6 0.633121 0.476779 0.0722399 0.0958498 0.000196131
6 0.42617 0.625 0.0581554 0.0899209 0.000200628
7 0.330986 0.650692 0.0322581 0.0780632 0.000200863
5 0.518855 0.973814 0.458882 0.0523715 0.000201649
6 0.305543 0.503458 0.0313494 0.0681818 0.000205243
7 0.490232 0.623024 0.0345298 0.147233 0.000210151
5 0.395502 0.0177866 0.193094 0.0355731 0.000213913
7 0.679691 0.161561 0.025443 0.101779 0.000216892
6 0.733985 0.923419 0.102226 0.129447 0.000222146
9 0.608587 0.451581 0.0331667 0.0632411 0.000243766
7 0.511131 0.368577 0.0436165 0.112648 0.000245643
9 0.411177 0.520751 0.025443 0.0395257 0.000258882
9 0.641527 0.574111 0.0345298 0.0790514 0.000261316
6 0.510223 0.541996 0.235348 0.188735 0.000261668
5 0.185143 0.0271739 0.15493 0.0543478 0.000269114
3 0.263062 0.56917 0.342572 0.818182 0.000277424
6 0.563835 0.618083 0.0172649 0.0424901 0.000279259
9 0.652431 0.583004 0.0345298 0.0790514 0.000288089
6 0.29532 0.919466 0.10995 0.161067 0.000293931
5 0.943662 0.464921 0.100863 0.429842 0.000295637
6 0.625852 0.55336 0.0331667 0.055336 0.000298164
6 0.766015 0.0849802 0.0581554 0.0928854 0.000311103
9 0.62517 0.485178 0.0345298 0.0335968 0.000321518
7 0.343935 0.463933 0.0408905 0.0820158 0.000332959
6 0.472058 0.525198 0.0581554 0.0563241 0.000343372
5 0.589278 0.0217391 0.168105 0.0434783 0.000354556
2 0.482962 0.423913 0.403453 0.189723 0.000359671
9 0.342117 0.54002 0.0445252 0.0820158 0.000376987
5 0.897547 0.974802 0.204907 0.0503953 0.000378423
9 0.380282 0.585474 0.056338 0.0839921 0.000396637
6 0.52726 0.524704 0.0413448 0.0750988 0.000398456
6 0.517265 0.578063 0.0231713 0.055336 0.000416398
6 0.553839 0.5 0.0608814 0.055336 0.000418838
7 0.278964 0.196146 0.028169 0.37253 0.000436198
9 0.591776 0.45751 0.02408 0.0513834 0.000454989
5 0.508178 0.0321146 0.284871 0.0642292 0.000462504
7 0.679691 0.166008 0.0272603 0.227273 0.000464638
5 0.504771 0.18083 0.0663335 0.197628 0.000475262
6 0.490686 0.520751 0.0327124 0.0632411 0.000480084
9 0.323262 0.518281 0.114948 0.147233 0.000484022
7 0.318264 0.225791 0.052249 0.285573 0.000537253
9 0.434575 0.525692 0.0222626 0.0355731 0.000545358
6 0.524307 0.643775 0.0672422 0.121542 0.000565661
5 0.608814 0.187747 0.318946 0.225296 0.000567035
6 0.442753 0.517292 0.029532 0.0583004 0.000607495
9 0.611767 0.500988 0.054975 0.0513834 0.000612991
7 0.283962 0.203557 0.0318037 0.211462 0.000637269
5 0.538619 0.076087 0.496592 0.152174 0.000643302
9 0.653112 0.528162 0.02408 0.0424901 0.000702171
6 0.511131 0.606719 0.028169 0.124506 0.00077412
6 0.707633 0.893281 0.128578 0.150198 0.000787344
7 0.502953 0.668478 0.0945025 0.184783 0.000897446
9 0.389141 0.551383 0.0286234 0.0474308 0.000903366
9 0.590186 0.491601 0.0917765 0.0899209 0.00093286
6 0.583826 0.476285 0.0172649 0.0335968 0.000946513
4 0.504089 0.59585 0.37483 0.320158 0.000958697
6 0.467969 0.569664 0.0454339 0.113636 0.000986426
9 0.585416 0.477273 0.0349841 0.0434783 0.00107924
3 0.4005 0.551877 0.396638 0.463439 0.00108771
6 0.512949 0.530138 0.0417992 0.0543478 0.00109252
5 0.423671 0.112648 0.52567 0.225296 0.00111804
6 0.529986 0.56917 0.0586097 0.0770751 0.00118223
3 0.507497 0.416502 0.594275 0.402174 0.00122884
9 0.307815 0.535573 0.0477056 0.0632411 0.00131629
3 0.592912 0.533103 0.40527 0.516798 0.00144215
6 0.512494 0.593379 0.0290777 0.0503953 0.0015482
6 0.462971 0.628953 0.0708769 0.121542 0.00205809
2 0.503635 0.368577 0.139482 0.134387 0.00212011
9 0.380055 0.560771 0.0168105 0.0424901 0.00227159
5 0.503862 0.171937 0.132667 0.225296 0.00232125
9 0.623126 0.500988 0.0222626 0.0316206 0.00254297
6 0.503635 0.580534 0.0513403 0.0958498 0.00272617
9 0.421399 0.511364 0.0258973 0.048419 0.00304521
9 0.325534 0.547925 0.0286234 0.0523715 0.00430455
9 0.377328 0.588439 0.0340754 0.048419 0.00460843
9 0.608814 0.482213 0.028169 0.0395257 0.0051127
9 0.409587 0.564723 0.0231713 0.048419 0.0051808
6 0.50159 0.632411 0.0672422 0.106719 0.00545898
9 0.341663 0.591403 0.025443 0.0464427 0.00619591
9 0.639936 0.57164 0.0213539 0.0405138 0.00898672
9 0.417765 0.545455 0.0676965 0.0671937 0.00959328
9 0.323035 0.519763 0.0363471 0.0770751 0.0127317
9 0.312131 0.512352 0.0136302 0.020751 0.0158252
9 0.315084 0.513834 0.0340754 0.0375494 0.016162
9 0.350522 0.603755 0.0876874 0.0671937 0.0164134
9 0.401181 0.564229 0.122672 0.0632411 0.0444113
9 0.382326 0.573123 0.0322581 0.0474308 0.0805167
9 0.403907 0.555336 0.0299864 0.0395257 0.0815067
9 0.335075 0.586462 0.0277147 0.0662055 0.0817582
9 0.425716 0.527174 0.0172649 0.0306324 0.147081
9 0.400273 0.559289 0.0781463 0.0434783 0.171003
9 0.36279 0.593874 0.057701 0.041502 0.220063
9 0.420491 0.534091 0.0258973 0.0405138 0.462306
9 0.638346 0.535079 0.028169 0.0563241 0.4765
9 0.60109 0.48666 0.0463426 0.0543478 0.628868
4 0.488187 0.633893 0.671059 0.467391 0.74008
9 0.413448 0.549407 0.030895 0.0592885 0.765115
9 0.613585 0.493577 0.0331667 0.0405138 0.789203
2 0.502726 0.333992 0.439346 0.229249 0.790581
9 0.315311 0.517292 0.0172649 0.0326087 0.79872
9 0.590186 0.48419 0.0199909 0.041502 0.808933
5 0.502499 0.184783 0.445252 0.332016 0.826079
9 0.378464 0.574605 0.0181736 0.0365613 0.832859
9 0.643798 0.553854 0.0245343 0.048419 0.847924
9 0.343935 0.609684 0.0290777 0.0474308 0.862091
