6 0.533075 0.00639731 0.0144124 0.010101 2.5622e-05
6 0.183296 0.0686869 0.0325203 0.0794613 2.57886e-05
9 0.384146 0.996633 0.208056 0.00673401 2.58484e-05
6 0.641353 0.0333333 0.0572801 0.0666667 2.58746e-05
6 0.511641 0.999327 0.0454545 0.0013468 2.58778e-05
6 0.187361 0.0552189 0.0554324 0.0552189 2.59385e-05
9 0.766075 0.963636 0.0606061 0.0727273 2.59656e-05
10 0.798226 0.957912 0.0251293 0.0841751 2.60137e-05
6 0.482262 0.0350168 0.0177384 0.0188552 2.60849e-05
6 0.505543 0.974747 0.0362158 0.050505 2.61173e-05
6 0.752772 0.483838 0.0295639 0.0424242 2.62342e-05
6 0.569475 0.0047138 0.0177384 0.00942761 2.6253e-05
6 0.211013 0.50101 0.175166 0.350168 2.63092e-05
6 0.446231 0.0127946 0.0299335 0.0255892 2.63382e-05
6 0.661863 0.403704 0.0849963 0.104377 2.63408e-05
6 0.7585 0.942761 0.0247598 0.114478 2.63713e-05
7 0.390613 0.364646 0.0746489 0.111111 2.64069e-05
6 0.841094 0.0700337 0.133038 0.114478 2.64362e-05
6 0.0674427 0.69798 0.0838877 0.384512 2.64446e-05
6 0.781781 0.427609 0.0432373 0.0579125 2.65247e-05
6 0.602735 0.63367 0.0192166 0.0579125 2.65457e-05
6 0.619919 0.0585859 0.0580192 0.0686869 2.66132e-05
5 0.208241 0.0393939 0.130451 0.0787879 2.66291e-05
6 0.209534 0.948485 0.0776053 0.0828283 2.66891e-05
6 0.427568 0.573401 0.0199557 0.037037 2.67468e-05
6 0.779379 0.93569 0.0325203 0.12862 2.68467e-05
6 0.0755728 0.453535 0.0388027 0.0680135 2.68877e-05
6 0.449741 0.0367003 0.0184775 0.023569 2.69853e-05
6 0.103474 0.492929 0.0295639 0.114478 2.70368e-05
6 0.111419 0.0158249 0.0764967 0.0316498 2.70637e-05
6 0.315965 0.906397 0.0354767 0.187205 2.70926e-05
6 0.780303 0.429293 0.0225425 0.050505 2.71646e-05
6 0.293052 0.448485 0.0243902 0.0350168 2.72241e-05
5 0.809128 0.0407407 0.179231 0.0814815 2.72478e-05
6 0.575203 0.587205 0.0218034 0.0457912 2.72704e-05
6 0.874353 0.520202 0.0665189 0.143434 2.72737e-05
6 0.342387 0.502357 0.0218034 0.0323232 2.73917e-05
6 0.77014 0.424579 0.0273466 0.0464646 2.73932e-05
6 0.445307 0.534343 0.209904 0.109764 2.74127e-05
6 0.694198 0.438721 0.018847 0.0356902 2.74167e-05
6 0.818367 0.474747 0.0380636 0.0713805 2.74188e-05
6 0.413156 0.488215 0.014782 0.0242424 2.74645e-05
6 0.0110865 0.555892 0.0169993 0.27138 2.74648e-05
6 0.674982 0.00875421 0.04915 0.0161616 2.74823e-05
6 0.316519 0.432323 0.0218034 0.0377104 2.75374e-05
6 0.519217 0.0515152 0.0554324 0.0693603 2.76327e-05
6 0.342757 0.00505051 0.0424982 0.010101 2.77014e-05
6 0.958426 0.445118 0.0831486 0.278788 2.77512e-05
6 0.389135 0.621549 0.0849963 0.102357 2.77822e-05
6 0.481338 0.944781 0.0454545 0.0525253 2.77972e-05
6 0.534738 0.0289562 0.00960828 0.013468 2.7809e-05
9 0.690503 0.987542 0.336659 0.0249158 2.78107e-05
6 0.052476 0.317845 0.0672579 0.277441 2.7811e-05
6 0.558943 0.558923 0.018847 0.0444444 2.78377e-05
6 0.68071 0.46835 0.0155211 0.0276094 2.78477e-05
5 0.465632 0.0582492 0.126386 0.0882155 2.78908e-05
7 0.68422 0.396296 0.0158906 0.0545455 2.79876e-05
6 0.0388027 0.139731 0.0776053 0.0747475 2.79946e-05
9 0.81929 0.99495 0.0842572 0.010101 2.80412e-05
6 0.135809 0.178788 0.0417591 0.0545455 2.80446e-05
6 0.975425 0.0111111 0.0351072 0.0222222 2.81278e-05
6 0.786401 0.563636 0.0406504 0.0565657 2.81441e-05
5 0.0502587 0.979461 0.100517 0.0410774 2.81602e-05
6 0.477642 0.0316498 0.0373245 0.0632997 2.82055e-05
6 0.819845 0.0387205 0.0306726 0.0356902 2.83124e-05
7 0.550259 0.37138 0.0280857 0.101684 2.83433e-05
6 0.734479 0.579461 0.026238 0.0343434 2.84487e-05
6 0.318736 0.00740741 0.0365854 0.013468 2.84532e-05
6 0.61068 0.637374 0.0269771 0.0585859 2.84754e-05
6 0.645418 0.06633 0.0373245 0.0356902 2.8492e-05
6 0.453991 0.535017 0.0218034 0.037037 2.85603e-05
6 0.734664 0.539731 0.0288248 0.0424242 2.85619e-05
6 0.791759 0.46431 0.0232816 0.0518519 2.86139e-05
6 0.540281 0.0457912 0.0133038 0.0161616 2.86343e-05
6 0.325018 0.439057 0.0158906 0.0296296 2.86532e-05
6 0.484479 0.0525253 0.0221729 0.0255892 2.87828e-05
6 0.316888 0.907407 0.0299335 0.0949495 2.87968e-05
6 0.280673 0.988552 0.0291944 0.0175084 2.88343e-05
6 0.633038 0.456229 0.0206948 0.037037 2.88557e-05
5 0.845528 0.875084 0.308943 0.185185 2.8875e-05
6 0.754065 0.949158 0.0343681 0.0639731 2.89141e-05
6 0.986511 0.093266 0.0269771 0.143434 2.89421e-05
6 0.534553 0.0282828 0.0254989 0.0363636 2.89467e-05
6 0.0533999 0.36431 0.0447154 0.0929293 2.9025e-05
6 0.500185 0.415488 0.0513673 0.0727273 2.90488e-05
6 0.495565 0.589562 0.0280857 0.0626263 2.90668e-05
6 0.558204 0.525926 0.0203252 0.0323232 2.91636e-05
6 0.395233 0.0148148 0.0380636 0.0296296 2.91969e-05
6 0.424058 0.955219 0.0321508 0.0356902 2.92307e-05
6 0.11881 0.92862 0.0898004 0.117172 2.92422e-05
6 0.995565 0.959259 0.00886918 0.0707071 2.92803e-05
6 0.494272 0.0498317 0.0587583 0.0713805 2.93144e-05
6 0.414449 0.599663 0.293052 0.198653 2.93397e-05
6 0.376201 0.481818 0.0288248 0.0329966 2.94332e-05
6 0.75425 0.594276 0.0206948 0.0410774 2.94425e-05
6 0.267369 0.988216 0.0306726 0.0222222 2.9458e-05
6 0.769586 0.50505 0.123799 0.181818 2.95213e-05
6 0.414819 0.592929 0.018847 0.0424242 2.95271e-05
6 0.772358 0.0252525 0.0872136 0.050505 2.95331e-05
6 0.72912 0.447138 0.0199557 0.0417508 2.96272e-05
6 0.502772 0.554209 0.0210643 0.0444444 2.96661e-05
6 0.805063 0.535354 0.026238 0.0673401 2.97154e-05
6 0.908537 0.108418 0.0757576 0.0363636 2.97188e-05
6 0.56929 0.0542088 0.0506282 0.0599327 2.99376e-05
6 0.199002 0.448485 0.0439763 0.102357 2.99438e-05
9 0.303585 1 0.071323 0 2.99647e-05
6 0.392646 0.0511785 0.063932 0.0740741 2.99691e-05
6 0.990207 0.96734 0.0195861 0.0653199 3.00122e-05
6 0.375092 0.0158249 0.0458241 0.0316498 3.01419e-05
10 0.782336 0.958923 0.0206948 0.0821549 3.01885e-05
6 0.305063 0.978788 0.0173688 0.0424242 3.02752e-05
6 0.257021 0.0491582 0.0181079 0.0282828 3.03142e-05
6 0.70048 0.405051 0.0683666 0.105724 3.03639e-05
6 0.426829 0.915152 0.0266075 0.0659933 3.05643e-05
6 0.437546 0.950168 0.0391722 0.0377104 3.05742e-05
6 0.458241 0.0508418 0.0295639 0.043771 3.06208e-05
7 0.320214 0.398653 0.0979305 0.137374 3.06611e-05
5 0.122321 0.936027 0.244642 0.127946 3.06667e-05
6 0.39357 0.591582 0.0177384 0.037037 3.07107e-05
6 0.554139 0.922896 0.0284553 0.0531987 3.0788e-05
6 0.719143 0.987542 0.0288248 0.0181818 3.08103e-05
6 0.895602 0.0441077 0.0875831 0.0882155 3.08839e-05
6 0.70898 0.590909 0.0912786 0.0868687 3.09048e-05
3 0.837953 0.641751 0.324095 0.716498 3.10577e-05
6 0.248337 0.92862 0.0354767 0.142761 3.1118e-05
6 0.00960828 0.0461279 0.0192166 0.0922559 3.12651e-05
6 0.441057 0.505724 0.0151515 0.0282828 3.12818e-05
6 0.422949 0.638047 0.0247598 0.0707071 3.13111e-05
7 0.496859 0.616498 0.0269771 0.0626263 3.13443e-05
6 0.456208 0.0474747 0.0158906 0.023569 3.14288e-05
6 0.759978 0.569697 0.118625 0.131987 3.14672e-05
6 0.306171 0.988552 0.0277162 0.0175084 3.15673e-05
6 0.169438 0.320539 0.109017 0.158923 3.16118e-05
6 0.466186 0.030303 0.0203252 0.0215488 3.16747e-05
6 0.259239 0.052862 0.0461936 0.105724 3.16824e-05
6 0.34017 0.422896 0.011456 0.0323232 3.16894e-05
6 0.939394 0.016835 0.0776053 0.03367 3.17402e-05
10 0.726534 0.969024 0.0214339 0.0619529 3.18079e-05
0 0.99575 0.86835 0.00849963 0.181145 3.18084e-05
7 0.417406 0.394949 0.00554324 0.0666667 3.18408e-05
6 0.479675 0.407071 0.0317812 0.101684 3.18721e-05
6 0.252772 0.977104 0.0177384 0.0457912 3.19864e-05
2 0.508869 0.399327 0.404287 0.149495 3.20155e-05
6 0.98374 0.181481 0.0325203 0.198653 3.20281e-05
9 0.275868 1 0.071323 0 3.21214e-05
6 0.734479 0.555556 0.0225425 0.0363636 3.21469e-05
7 0.555432 0.377441 0.0103474 0.135354 3.215e-05
6 0.269586 0.594276 0.0232816 0.043771 3.21694e-05
6 0.510347 0.919865 0.0443459 0.136027 3.21889e-05
6 0.578714 0.00538721 0.0162602 0.00942761 3.2213e-05
6 0.677199 0.983838 0.0173688 0.0323232 3.22429e-05
6 0.366223 0.507744 0.0206948 0.0296296 3.22824e-05
6 0.347007 0.436027 0.0443459 0.0693603 3.22905e-05
6 0.242794 0.989899 0.0561715 0.020202 3.22915e-05
6 0.555802 0.0131313 0.0339985 0.0262626 3.23051e-05
6 0.464523 0.0346801 0.0384331 0.0464646 3.23601e-05
6 0.392831 0.487205 0.0177384 0.0249158 3.2475e-05
6 0.486511 0.448148 0.00997783 0.043771 3.24905e-05
6 0.519032 0.974411 0.0365854 0.0511785 3.24922e-05
6 0.145972 0.449495 0.052476 0.175758 3.25074e-05
6 0.643016 0.00740741 0.0391722 0.0121212 3.25289e-05
6 0.992239 0.0659933 0.0155211 0.110438 3.25561e-05
6 0.867886 0.0181818 0.071323 0.0363636 3.25852e-05
6 0.11881 0.991246 0.0580192 0.0175084 3.2631e-05
9 0.332225 1 0.067997 0 3.26624e-05
6 0.427753 0.507407 0.0173688 0.0316498 3.27065e-05
6 0.402254 0.487205 0.0166297 0.023569 3.27218e-05
6 0.581486 0.495623 0.0151515 0.0309764 3.27724e-05
6 0.30303 0.59798 0.0280857 0.0390572 3.28134e-05
9 0.632299 1 0.0650406 0 3.28508e-05
6 0.729305 0.501347 0.0314117 0.037037 3.28975e-05
6 0.493533 0.554545 0.018847 0.0410774 3.29357e-05
6 0.893016 0.147138 0.0617147 0.0464646 3.29703e-05
6 0.477827 0.467003 0.0110865 0.037037 3.30965e-05
6 0.11456 0.147138 0.0546933 0.150168 3.31262e-05
6 0.607724 0.0117845 0.0388027 0.023569 3.31597e-05
6 0.28289 0.00740741 0.0277162 0.0148148 3.31897e-05
9 0.265336 1 0.221729 0 3.32373e-05
7 0.182927 0.260269 0.0739098 0.123232 3.32809e-05
7 0.521064 0.643434 0.0317812 0.124579 3.32885e-05
6 0.792868 0.518182 0.0402809 0.0478114 3.33402e-05
6 0.386179 0.490909 0.127864 0.0861953 3.338e-05
6 0.0720621 0.0158249 0.0672579 0.0316498 3.33937e-05
9 0.760532 0.994613 0.0716925 0.0107744 3.34731e-05
6 0.252217 0.597306 0.0232816 0.0457912 3.35248e-05
9 0.388211 0.989226 0.0705839 0.0215488 3.36822e-05
6 0.676645 0.6 0.0546933 0.0861953 3.36889e-05
6 0.172579 0.0616162 0.0280857 0.0424242 3.37092e-05
6 0.39357 0.425253 0.00665188 0.0356902 3.3798e-05
6 0.0190318 0.0986532 0.0380636 0.119192 3.39386e-05
6 0.214523 0.569697 0.0661493 0.0552189 3.39547e-05
6 0.392092 0.43367 0.00739098 0.0363636 3.40169e-05
6 0.725795 0.977778 0.0162602 0.0444444 3.40375e-05
6 0.339985 0.0127946 0.0428677 0.0255892 3.40454e-05
5 0.203806 0.0848485 0.17184 0.169697 3.40517e-05
6 0.29527 0.988552 0.0295639 0.0175084 3.40844e-05
6 0.710458 0.620875 0.0240207 0.0457912 3.4117e-05
6 0.691057 0.418519 0.014782 0.0356902 3.41176e-05
6 0.820214 0.385522 0.0461936 0.0841751 3.42102e-05
6 0.440318 0.539057 0.0173688 0.0329966 3.42336e-05
6 0.1068 0.105724 0.0665189 0.040404 3.42851e-05
6 0.804509 0.491246 0.0295639 0.0734007 3.42931e-05
6 0.330377 0.428283 0.0162602 0.0323232 3.43868e-05
0 0.925536 0.999327 0.0846268 0.0013468 3.44529e-05
9 0.870288 0.991246 0.0628234 0.0175084 3.44584e-05
5 0.365854 0.832997 0.440503 0.115825 3.45149e-05
6 0.40558 0.591246 0.0218034 0.0417508 3.46783e-05
6 0.454545 0.507744 0.0192166 0.0323232 3.46981e-05
6 0.640059 0.614815 0.0199557 0.0363636 3.47141e-05
9 0.789172 0.993939 0.0764967 0.0121212 3.47837e-05
6 0.464339 0.00841751 0.0269771 0.0141414 3.48731e-05
5 0.263673 0.167003 0.176275 0.270707 3.49262e-05
6 0.706948 0.987879 0.0295639 0.0188552 3.49789e-05
6 0.866408 0.0929293 0.0949741 0.0740741 3.49919e-05
6 0.406319 0.49697 0.0203252 0.0309764 3.49947e-05
9 0.994087 0.991919 0.0118256 0.0161616 3.49948e-05
9 0.313378 0.987542 0.0879527 0.0249158 3.50002e-05
5 0.319845 0.0734007 0.185883 0.117172 3.50413e-05
6 0.532336 0.0127946 0.0306726 0.0255892 3.51457e-05
6 0.0835181 0.429966 0.0546933 0.210774 3.51662e-05
7 0.309128 0.20505 0.0609756 0.30101 3.51823e-05
6 0.29915 0.434007 0.230968 0.160943 3.52069e-05
6 0.572432 0.965657 0.0517369 0.0686869 3.52113e-05
6 0.805802 0.0225589 0.0757576 0.0451178 3.54126e-05
6 0.192905 0.0383838 0.0295639 0.0606061 3.54212e-05
7 0.538987 0.387879 0.0321508 0.109091 3.54327e-05
6 0.580377 0.572727 0.018847 0.0383838 3.56289e-05
6 0.80728 0.449832 0.0388027 0.0619529 3.5724e-05
6 0.964893 0.0154882 0.0576497 0.0309764 3.57701e-05
5 0.103659 0.137037 0.146711 0.115152 3.58615e-05
5 0.653363 0.0498317 0.208426 0.0996633 3.58652e-05
5 0.0389874 1 0.0779749 0 3.59155e-05
9 0.510347 0.980135 0.0886918 0.0276094 3.59217e-05
6 0.510902 0.00639731 0.011456 0.00875421 3.59355e-05
6 0.927199 0.140404 0.144124 0.142088 3.59606e-05
6 0.333518 0.972391 0.0277162 0.0552189 3.5961e-05
6 0.453991 0.00774411 0.0254989 0.0127946 3.59961e-05
6 0.43847 0.921549 0.0447154 0.0828283 3.6078e-05
6 0.932557 0.0720539 0.117886 0.0740741 3.60922e-05
6 0.613636 0.491246 0.0144124 0.023569 3.61313e-05
6 0.929601 0.486195 0.078714 0.250505 3.61435e-05
5 0.617332 0.0225589 0.120103 0.0451178 3.62248e-05
6 0.371951 0.636027 0.0299335 0.0747475 3.63157e-05
3 0.713045 0.514478 0.57391 0.971044 3.63752e-05
6 0.467664 0.485185 0.0181079 0.030303 3.64906e-05
6 0.731523 0.924579 0.0602365 0.114478 3.65555e-05
6 0.481153 0.484512 0.239468 0.113805 3.6734e-05
6 0.500554 0.0276094 0.0691057 0.0552189 3.6811e-05
7 0.511826 0.412795 0.0118256 0.0781145 3.6886e-05
6 0.563562 0.523232 0.133777 0.0579125 3.68991e-05
6 0.466925 0.0468013 0.0617147 0.0653199 3.70943e-05
6 0.743163 0.599663 0.0310421 0.0451178 3.72116e-05
9 0.968034 0.985522 0.0417591 0.0289562 3.7213e-05
7 0.469697 0.382828 0.014782 0.135354 3.73193e-05
6 0.310052 0.635017 0.0443459 0.0686869 3.73683e-05
6 0.858093 0.425589 0.0502587 0.0969697 3.74265e-05
6 0.410754 0.638384 0.0269771 0.0686869 3.75585e-05
6 0.333518 0.452862 0.04915 0.050505 3.75621e-05
6 0.392092 0.598653 0.0473023 0.0740741 3.76902e-05
6 0.847746 0.56532 0.0716925 0.125926 3.77094e-05
10 0.695307 0.975421 0.0218034 0.0491582 3.77967e-05
9 0.960828 0.975084 0.0783444 0.0498317 3.78415e-05
6 0.65595 0.615488 0.0199557 0.040404 3.78699e-05
6 0.240946 0.938047 0.0325203 0.0794613 3.79748e-05
6 0.93071 0.386195 0.114191 0.319865 3.83392e-05
6 0.537324 0.0484848 0.052476 0.0552189 3.83735e-05
6 0.682373 0.988552 0.0328899 0.0188552 3.84096e-05
7 0.486881 0.419192 0.0218034 0.0680135 3.84455e-05
6 0.269032 0.0515152 0.0310421 0.0356902 3.85544e-05
6 0.480783 0.0589226 0.0362158 0.0531987 3.86273e-05
6 0.269217 0.485859 0.0291944 0.043771 3.86996e-05
5 0.265891 0.249832 0.413525 0.285522 3.88532e-05
6 0.320214 0.973064 0.0247598 0.0538721 3.8957e-05
6 0.182557 0.0673401 0.0243902 0.0457912 3.90657e-05
6 0.648928 0.975758 0.0266075 0.0484848 3.9086e-05
6 0.429231 0.0329966 0.0890613 0.0659933 3.91165e-05
6 0.24575 0.581481 0.0243902 0.0585859 3.913e-05
6 0.510532 0.586532 0.0254989 0.0592593 3.92566e-05
6 0.23337 0.0218855 0.106061 0.043771 3.92918e-05
6 0.280673 0.596633 0.0218034 0.0390572 3.92996e-05
7 0.103104 0.841077 0.0879527 0.317845 3.93238e-05
6 0.704176 0.40101 0.0166297 0.0545455 3.94326e-05
6 0.65595 0.978114 0.0347376 0.0289562 3.94925e-05
5 0.864375 0.0262626 0.150776 0.0525253 3.94962e-05
6 0.436438 0.630976 0.0768662 0.106397 3.95177e-05
5 0.191057 0.196296 0.382114 0.392593 3.9531e-05
6 0.685698 0.417172 0.0144124 0.0343434 3.95518e-05
6 0.131005 0.160606 0.0351072 0.0518519 3.96401e-05
6 0.577975 0.0127946 0.0325203 0.0255892 3.96649e-05
6 0.167775 0.00740741 0.0310421 0.0148148 3.97128e-05
7 0.518847 0.362963 0.0169993 0.160269 3.97211e-05
6 0.319845 0.989226 0.0254989 0.0188552 4.04762e-05
6 0.634885 0.450168 0.0110865 0.0316498 4.05526e-05
9 0.948263 0.972391 0.0221729 0.0552189 4.05667e-05
6 0.50813 0.944444 0.0561715 0.0612795 4.06011e-05
6 0.661308 0.00505051 0.0321508 0.00875421 4.0615e-05
6 0.182557 0.00673401 0.0295639 0.013468 4.06326e-05
6 0.762195 0.0626263 0.111234 0.125253 4.06373e-05
6 0.295639 0.552525 0.0221729 0.0289562 4.06824e-05
6 0.30728 0.0292929 0.0469327 0.0585859 4.07615e-05
6 0.289911 0.596633 0.0218034 0.0390572 4.07763e-05
6 0.534368 0.0262626 0.0628234 0.0525253 4.0859e-05
5 0.497967 0.127946 0.242055 0.232997 4.09313e-05
5 0.659091 0.0754209 0.143755 0.106397 4.0934e-05
5 0.351811 0.0390572 0.184035 0.0781145 4.09731e-05
5 0.523651 0.882828 0.952698 0.234343 4.09785e-05
5 0.36881 0.0666667 0.133038 0.0929293 4.09958e-05
6 0.894678 0.123906 0.0473023 0.0377104 4.11847e-05
6 0.642461 0.502694 0.0203252 0.030303 4.12743e-05
6 0.373429 0.052862 0.018847 0.0249158 4.12962e-05
6 0.295639 0.607407 0.059867 0.0902357 4.13563e-05
6 0.587953 0.606061 0.0221729 0.0498317 4.14237e-05
6 0.568736 0.979798 0.045085 0.0350168 4.20534e-05
6 0.268293 0.46734 0.0266075 0.0444444 4.22173e-05
6 0.443274 0.0464646 0.0299335 0.0511785 4.22324e-05
5 0.667221 0.979125 0.41796 0.0417508 4.22812e-05
6 0.480599 0.00942761 0.026238 0.013468 4.22896e-05
6 0.676829 0.593603 0.308574 0.2633 4.23334e-05
6 0.0373245 0.369697 0.0687361 0.216835 4.23643e-05
6 0.257945 0.0390572 0.0199557 0.0255892 4.242e-05
6 0.509608 0.013468 0.0273466 0.026936 4.25718e-05
6 0.566149 0.532997 0.0295639 0.0356902 4.26128e-05
9 0.688101 1 0.192166 0 4.29227e-05
6 0.54139 0.538047 0.0258684 0.0363636 4.2939e-05
6 0.0400961 0.424242 0.0587583 0.0888889 4.29707e-05
7 0.600148 0.373737 0.00739098 0.0942761 4.30775e-05
6 0.755543 0.579125 0.0195861 0.040404 4.31076e-05
6 0.669808 0.977441 0.0254989 0.030303 4.31083e-05
6 0.642276 0.0707071 0.0620843 0.0700337 4.32208e-05
6 0.394124 0.0360269 0.0927568 0.0720539 4.33093e-05
6 0.728936 0.992929 0.0424982 0.0141414 4.34129e-05
5 0.13119 0.884848 0.26238 0.19798 4.3496e-05
6 0.258315 0.0393939 0.037694 0.0329966 4.37248e-05
9 0.658352 0.979798 0.0646711 0.040404 4.3774e-05
6 0.46323 0.016835 0.0439763 0.03367 4.38671e-05
6 0.762565 0.521886 0.0402809 0.0484848 4.43243e-05
7 0.495381 0.410438 0.0121951 0.0774411 4.43623e-05
6 0.0757576 0.0215488 0.0946046 0.0430976 4.4485e-05
6 0.740946 0.620202 0.0347376 0.0592593 4.4582e-05
6 0.374723 0.056229 0.0347376 0.0464646 4.46361e-05
6 0.567073 0.509764 0.0232816 0.0309764 4.49745e-05
6 0.166112 0.0212121 0.0824095 0.0424242 4.49782e-05
6 0.628603 0.612795 0.0199557 0.0363636 4.49804e-05
6 0.41408 0.0239057 0.0550628 0.0478114 4.50205e-05
6 0.873429 0.447138 0.0668884 0.173737 4.50392e-05
6 0.441981 0.0441077 0.0155211 0.0262626 4.50972e-05
6 0.6966 0.464983 0.0177384 0.0329966 4.51276e-05
2 0.657798 0.346465 0.237251 0.151515 4.51413e-05
6 0.693644 0.982828 0.0162602 0.0343434 4.52935e-05
5 0.845528 0.0740741 0.308943 0.148148 4.56433e-05
6 0.229305 0.539057 0.0225425 0.0545455 4.5779e-05
6 0.667221 0.501347 0.0218034 0.0329966 4.58215e-05
6 0.62731 0.504714 0.0173688 0.0289562 4.59343e-05
6 0.723577 0.554545 0.0177384 0.043771 4.62058e-05
9 0.47949 0.986532 0.0402809 0.026936 4.63199e-05
7 0.224132 0.223906 0.0218034 0.100337 4.63319e-05
6 0.532336 0.0454545 0.0129342 0.016835 4.64187e-05
9 0.464154 0.972727 0.0487805 0.0545455 4.6785e-05
6 0.545085 0.560606 0.0206948 0.0464646 4.68076e-05
6 0.554693 0.972054 0.0384331 0.0558923 4.70984e-05
6 0.364745 0.456229 0.0140429 0.0276094 4.72698e-05
6 0.719327 0.425589 0.0173688 0.0350168 4.73461e-05
9 0.808758 1 0.241316 0 4.73772e-05
7 0.52864 0.357239 0.0203252 0.124579 4.7579e-05
6 0.498707 0.922222 0.0424982 0.0707071 4.76146e-05
6 0.363636 0.592929 0.0206948 0.0329966 4.76558e-05
6 0.419623 0.541751 0.0277162 0.0518519 4.77255e-05
6 0.378049 0.509764 0.0258684 0.0363636 4.77635e-05
6 0.305987 0.424916 0.0140429 0.0296296 4.77706e-05
6 0.604398 0.481481 0.0158906 0.0363636 4.7838e-05
6 0.316519 0.0164983 0.0550628 0.0329966 4.78861e-05
6 0.657058 0.988552 0.0339985 0.0175084 4.83673e-05
6 0.693274 0.592256 0.022912 0.0397306 4.85793e-05
6 0.771249 0.510438 0.0746489 0.0659933 4.86818e-05
6 0.837953 0.92963 0.100887 0.119192 4.86885e-05
9 0.721545 0.993266 0.0934959 0.013468 4.88553e-05
6 0.744087 0.583838 0.0291944 0.0417508 4.88566e-05
6 0.519401 0.926599 0.026238 0.0538721 4.88804e-05
6 0.256467 0.980471 0.0362158 0.0296296 4.90119e-05
6 0.817997 0.427273 0.04102 0.0760943 4.91231e-05
6 0.616223 0.0205387 0.0594974 0.0410774 4.92446e-05
6 0.419253 0.0488215 0.0661493 0.0680135 4.93447e-05
6 0.346268 0.470707 0.0295639 0.0350168 4.93817e-05
9 0.697709 1 0.0672579 0 4.94227e-05
6 0.390983 0.0521886 0.0177384 0.023569 4.95621e-05
6 0.558389 0.625589 0.0517369 0.0754209 4.96495e-05
6 0.743348 0.446465 0.018847 0.0377104 4.99228e-05
6 0.42184 0.606734 0.0254989 0.0430976 5.01124e-05
6 0.592202 0.600673 0.119364 0.0727273 5.04463e-05
6 0.854952 0.331313 0.078714 0.131987 5.05058e-05
6 0.415558 0.507071 0.0181079 0.0323232 5.05282e-05
6 0.138396 0.0131313 0.0654102 0.0262626 5.06014e-05
6 0.201404 0.511448 0.123429 0.220202 5.07001e-05
6 0.931633 0.107071 0.111604 0.0808081 5.0741e-05
6 0.496489 0.450505 0.0151515 0.047138 5.08332e-05
6 0.72912 0.609428 0.0561715 0.0848485 5.08491e-05
6 0.713599 0.442424 0.0162602 0.0444444 5.10959e-05
6 0.634146 0.478788 0.014782 0.0350168 5.12117e-05
6 0.00831486 0.0548822 0.0121951 0.0895623 5.13251e-05
6 0.754989 0.448485 0.0258684 0.0350168 5.13615e-05
6 0.353104 0.50303 0.0195861 0.0323232 5.13644e-05
9 0.66796 1 0.0602365 0 5.13792e-05
7 0.535477 0.357239 0.0110865 0.0814815 5.13969e-05
7 0.56929 0.376094 0.0121951 0.13266 5.1624e-05
6 0.267738 0.0316498 0.0447154 0.03367 5.16605e-05
6 0.354582 0.989226 0.0306726 0.020202 5.17421e-05
6 0.472284 0.557912 0.0221729 0.0464646 5.18719e-05
6 0.1068 0.127946 0.0635625 0.0484848 5.18932e-05
5 0.32003 0.127946 0.213599 0.216835 5.20527e-05
6 0.248522 0.919192 0.0306726 0.0754209 5.21274e-05
6 0.58592 0.980471 0.0572801 0.0390572 5.23649e-05
6 0.541944 0.975758 0.0328899 0.0484848 5.24648e-05
9 0.349224 0.979461 0.115299 0.0410774 5.25692e-05
6 0.586105 0.0191919 0.0532151 0.0383838 5.26631e-05
6 0.191611 0.00841751 0.0247598 0.016835 5.27443e-05
6 0.446231 0.628283 0.0469327 0.0686869 5.28253e-05
6 0.703991 0.920875 0.0650406 0.138047 5.30113e-05
6 0.0545085 0.397306 0.0594974 0.0969697 5.30355e-05
5 0.0341833 0.264646 0.056541 0.29495 5.30543e-05
5 0.841094 0.172054 0.317812 0.344108 5.30724e-05
6 0.675905 0.0218855 0.0716925 0.043771 5.31625e-05
9 0.574649 0.976768 0.130081 0.0464646 5.32878e-05
5 0.439209 0.99798 0.427568 0.0040404 5.36703e-05
9 0.445122 0.977441 0.0306726 0.0316498 5.37534e-05
6 0.329268 0.507071 0.0310421 0.0390572 5.38265e-05
6 0.988359 0.246801 0.0181079 0.1367 5.38283e-05
6 0.560791 0.0279461 0.0654102 0.0558923 5.39035e-05
6 0.00905395 0.0326599 0.0181079 0.0653199 5.39764e-05
6 0.537324 0.457912 0.0413895 0.0632997 5.42274e-05
6 0.479675 0.016835 0.0428677 0.03367 5.42655e-05
6 0.393016 0.0545455 0.033629 0.047138 5.43464e-05
6 0.392646 0.507071 0.0203252 0.0323232 5.43476e-05
6 0.719512 0.623569 0.0295639 0.0632997 5.44036e-05
9 0.643939 0.983838 0.111234 0.0323232 5.44125e-05
6 0.0371397 0.0148148 0.0498891 0.0296296 5.44181e-05
6 0.63082 0.627609 0.0206948 0.0552189 5.44894e-05
6 0.458611 0.977104 0.0273466 0.0282828 5.45568e-05
6 0.177753 0.430303 0.0909091 0.137374 5.46198e-05
6 0.380451 0.0222222 0.0735403 0.0444444 5.47436e-05
6 0.507391 0.977778 0.0310421 0.0255892 5.51191e-05
6 0.888027 0.376094 0.0591279 0.245791 5.51352e-05
6 0.86881 0.135354 0.0687361 0.0565657 5.52946e-05
6 0.237805 0.556229 0.0506282 0.0781145 5.53661e-05
6 0.662232 0.984512 0.0199557 0.0309764 5.54635e-05
7 0.54102 0.390572 0.0125647 0.125253 5.55157e-05
4 0.500185 0.816162 0.754989 0.257239 5.55426e-05
6 0.6432 0.496633 0.112712 0.0787879 5.56078e-05
9 0.400591 0.980135 0.322986 0.0397306 5.56152e-05
6 0.370288 0.987205 0.0273466 0.0215488 5.56582e-05
6 0.438285 0.608754 0.037694 0.0673401 5.56903e-05
5 0.49963 0.0333333 0.192166 0.0666667 5.57394e-05
6 0.581855 0.556902 0.0203252 0.0323232 5.58116e-05
5 0.283444 0.980135 0.460458 0.0397306 5.60137e-05
6 0.647081 0.984175 0.0221729 0.0316498 5.62692e-05
2 0.89782 1 0.204361 0 5.62849e-05
6 0.510532 0.572391 0.228012 0.199327 5.68173e-05
6 0.026238 0.158586 0.052476 0.139394 5.72176e-05
6 0.533999 0.0484848 0.0266075 0.0417508 5.75548e-05
9 0.904287 0.990572 0.0672579 0.0188552 5.75681e-05
6 0.527901 0.536027 0.0254989 0.040404 5.77596e-05
6 0.762195 0.57138 0.0476718 0.0558923 5.7798e-05
6 0.566149 0.606734 0.0362158 0.0511785 5.78901e-05
5 0.515152 0.069697 0.153732 0.111111 5.79142e-05
6 0.534553 0.46936 0.0151515 0.0377104 5.79543e-05
6 0.696785 0.449832 0.0181079 0.040404 5.80293e-05
6 0.991685 0.260269 0.0166297 0.146128 5.8095e-05
6 0.375647 0.481481 0.0166297 0.0255892 5.81623e-05
6 0.390798 0.49596 0.018847 0.0329966 5.85429e-05
6 0.407058 0.492929 0.0476718 0.0417508 5.85925e-05
9 0.0413895 0.952862 0.067997 0.0942761 5.88507e-05
9 0.0689209 0.952862 0.0365854 0.0942761 5.8941e-05
2 0.165373 0.338047 0.254619 0.470034 5.89946e-05
6 0.736142 0.484512 0.105691 0.159596 5.91343e-05
3 0.847007 0.37138 0.305987 0.742761 5.91526e-05
6 0.900222 0.0212121 0.0909091 0.0424242 5.93201e-05
6 0.606245 0.506734 0.0247598 0.030303 5.94513e-05
6 0.990207 0.0420875 0.0195861 0.0841751 5.98669e-05
5 0.106984 0.100337 0.17997 0.0942761 5.98782e-05
6 0.60255 0.964646 0.0535846 0.0707071 6.03078e-05
6 0.77088 0.912795 0.037694 0.174411 6.03195e-05
6 0.818367 0.49798 0.123799 0.181145 6.11709e-05
5 0.644494 0.272391 0.371027 0.302357 6.1439e-05
6 0.433851 0.976094 0.0295639 0.0316498 6.1693e-05
9 0.679786 0.989562 0.0912786 0.0208754 6.20367e-05
6 0.572986 0.523232 0.0195861 0.0323232 6.20538e-05
9 0.949187 0.991246 0.0232816 0.0175084 6.20624e-05
6 0.764782 0.576094 0.0210643 0.0397306 6.21276e-05
5 0.857169 0.122896 0.162232 0.13266 6.21453e-05
6 0.293237 0.991919 0.0417591 0.0161616 6.22908e-05
6 0.276423 0.504714 0.0221729 0.0424242 6.24935e-05
6 0.307095 0.00875421 0.0325203 0.0161616 6.28623e-05
9 0.541205 0.973737 0.0461936 0.0525253 6.28939e-05
7 0.718588 0.208081 0.0232816 0.16835 6.29304e-05
6 0.464339 0.939731 0.0358463 0.0841751 6.29562e-05
6 0.442905 0.493603 0.04102 0.0350168 6.29755e-05
6 0.575203 0.561616 0.0210643 0.0444444 6.30687e-05
6 0.26626 0.991583 0.0469327 0.016835 6.36493e-05
6 0.347561 0.0222222 0.0772358 0.0444444 6.392e-05
6 0.769956 0.459259 0.0254989 0.0390572 6.3996e-05
9 0.0702143 0.972727 0.0192166 0.0276094 6.4743e-05
5 0.639505 0.944781 0.454915 0.105051 6.482e-05
6 0.00702143 0.0289562 0.0103474 0.0579125 6.48347e-05
6 0.987435 0.222896 0.0251293 0.156229 6.48936e-05
6 0.659645 0.013468 0.0509978 0.026936 6.49933e-05
6 0.604028 0.548148 0.129712 0.0794613 6.52381e-05
7 0.226534 0.225589 0.0295639 0.216835 6.54175e-05
6 0.313193 0.426936 0.0121951 0.0282828 6.55413e-05
5 0.652809 0.10404 0.240576 0.164983 6.57423e-05
7 0.499815 0.666667 0.0764967 0.154882 6.58214e-05
6 0.915188 0.129293 0.0964523 0.0767677 6.58517e-05
6 0.628234 0.986195 0.0399113 0.0208754 6.58806e-05
8 0.351072 1 0.208426 0 6.59261e-05
6 0.594974 0.978788 0.0339985 0.0276094 6.59726e-05
6 0.650222 0.497306 0.018847 0.0329966 6.63105e-05
9 0.0678123 0.980808 0.0358463 0.023569 6.69213e-05
6 0.309867 0.921212 0.0558019 0.114478 6.70986e-05
6 0.703806 0.992929 0.0402809 0.0141414 6.71018e-05
6 0.297302 0.00740741 0.0291944 0.0148148 6.71353e-05
7 0.507391 0.643771 0.0436068 0.0983165 6.72175e-05
6 0.347191 0.973737 0.0291944 0.0525253 6.73103e-05
5 0.26238 0.194613 0.0849963 0.300337 6.74122e-05
6 0.695676 0.452189 0.0314117 0.0545455 6.78181e-05
7 0.469882 0.390236 0.0247598 0.0814815 6.81074e-05
6 0.466556 0.607744 0.0328899 0.0666667 6.84845e-05
7 0.553769 0.375758 0.00923873 0.0821549 6.86011e-05
6 0.935144 0.0306397 0.129712 0.0612795 6.89458e-05
6 0.60255 0.528283 0.0210643 0.0329966 6.96009e-05
6 0.582225 0.525589 0.0195861 0.0316498 6.98202e-05
6 0.698448 0.426263 0.0369549 0.0727273 7.01384e-05
6 0.334257 0.592593 0.018847 0.0296296 7.02599e-05
6 0.589616 0.486532 0.0158906 0.0356902 7.03285e-05
6 0.240576 0.535354 0.0384331 0.0484848 7.0625e-05
6 0.185883 0.0410774 0.0199557 0.0282828 7.0872e-05
2 0.790466 0.445455 0.402809 0.489562 7.09569e-05
6 0.859387 0.379798 0.0580192 0.188552 7.10045e-05
6 0.0988544 0.486532 0.056541 0.20404 7.11027e-05
5 0.13507 0.050505 0.199926 0.0969697 7.13391e-05
5 0.683112 0.197306 0.14745 0.242424 7.1597e-05
8 0.0179231 0.991919 0.0358463 0.0161616 7.16168e-05
3 0.159276 0.443098 0.318551 0.886195 7.19935e-05
6 0.0109017 0.967003 0.0121951 0.0619529 7.20596e-05
6 0.727273 0.598653 0.0258684 0.0457912 7.20843e-05
6 0.335735 0.484512 0.116408 0.0882155 7.21469e-05
6 0.373799 0.974074 0.0225425 0.0262626 7.23387e-05
6 0.353289 0.481481 0.0169993 0.0282828 7.27956e-05
6 0.648559 0.485522 0.0169993 0.0309764 7.29376e-05
6 0.444937 0.0218855 0.0635625 0.043771 7.31941e-05
6 0.292129 0.444781 0.0395418 0.0774411 7.36699e-05
6 0.677938 0.592929 0.0240207 0.043771 7.36837e-05
5 0.374169 0.240741 0.153363 0.206734 7.3774e-05
6 0.590909 0.522559 0.0199557 0.03367 7.38123e-05
6 0.495381 0.536364 0.0277162 0.037037 7.38262e-05
6 0.471175 0.0232323 0.0694752 0.0464646 7.40241e-05
3 0.90558 0.577104 0.18884 0.712458 7.41681e-05
6 0.114375 0.155556 0.0594974 0.0579125 7.4294e-05
6 0.748707 0.927273 0.052476 0.0888889 7.43279e-05
5 0.524945 0.202694 0.0454545 0.136027 7.4338e-05
6 0.317812 0.992256 0.0354767 0.0154882 7.50223e-05
6 0.47136 0.508754 0.0166297 0.0329966 7.52109e-05
7 0.48799 0.417172 0.00997783 0.0653199 7.55499e-05
5 0.654287 0.887542 0.496305 0.224916 7.55733e-05
9 0.512565 0.987205 0.0532151 0.0255892 7.62501e-05
5 0.583703 0.983165 0.426829 0.03367 7.62603e-05
6 0.115299 0.844444 0.0983001 0.152189 7.64566e-05
6 0.402993 0.505724 0.0195861 0.03367 7.68674e-05
6 0.574095 0.479461 0.0151515 0.03367 7.72857e-05
6 0.00960828 0.945791 0.014782 0.108418 7.7428e-05
6 0.790466 0.444108 0.0295639 0.0491582 7.74803e-05
9 0.331855 0.977441 0.0561715 0.0451178 7.79897e-05
6 0.629712 0.973401 0.0362158 0.0531987 7.7993e-05
6 0.61493 0.502357 0.0162602 0.026936 7.8337e-05
6 0.728936 0.410101 0.0447154 0.102357 7.83689e-05
6 0.483001 0.977778 0.0288248 0.0255892 7.85122e-05
5 0.714893 0.20505 0.570214 0.410101 7.90806e-05
4 0.27439 0.694276 0.514043 0.476768 7.90963e-05
6 0.376571 0.471717 0.0672579 0.0666667 7.92367e-05
6 0.42646 0.555556 0.0192166 0.040404 7.92482e-05
6 0.384331 0.492593 0.0421286 0.0383838 7.94709e-05
6 0.291574 0.473064 0.075388 0.1367 8.03965e-05
6 0.529564 0.949832 0.0347376 0.0424242 8.04557e-05
6 0.631375 0.49697 0.0203252 0.0350168 8.04876e-05
2 0.329638 0.397306 0.485588 0.23165 8.07611e-05
6 0.452513 0.978451 0.0402809 0.0430976 8.13402e-05
6 0.325203 0.471044 0.0206948 0.0329966 8.18323e-05
6 0.193459 0.489226 0.0484109 0.112458 8.20431e-05
6 0.709534 0.593603 0.0221729 0.0397306 8.20581e-05
6 0.317073 0.439057 0.0421286 0.0700337 8.20812e-05
6 0.00683666 0.973737 0.0136733 0.0525253 8.21141e-05
6 0.288064 0.551178 0.0218034 0.0383838 8.23857e-05
7 0.726534 0.210101 0.0347376 0.277441 8.25313e-05
6 0.852735 0.499663 0.109756 0.242424 8.26412e-05
6 0.435514 0.043771 0.0173688 0.0282828 8.35014e-05
6 0.287879 0.605051 0.224686 0.236364 8.36194e-05
5 0.860495 0.97037 0.27901 0.0592593 8.37959e-05
6 0.583333 0.476094 0.0476718 0.047138 8.38993e-05
6 0.264228 0.533333 0.133038 0.152189 8.39173e-05
6 0.0199557 0.0387205 0.0399113 0.0774411 8.41169e-05
6 0.0896157 0.151178 0.071323 0.159596 8.42034e-05
6 0.918884 0.096633 0.162232 0.115152 8.45598e-05
6 0.332964 0.980471 0.022912 0.0390572 8.57355e-05
6 0.296378 0.0154882 0.045085 0.0309764 8.59926e-05
6 0.453991 0.919865 0.0284553 0.0713805 8.60563e-05
6 0.640798 0.977778 0.0369549 0.0296296 8.66899e-05
6 0.436992 0.0457912 0.0306726 0.0861953 8.69034e-05
6 0.407982 0.979798 0.0391722 0.0282828 8.72024e-05
5 0.365854 0.929966 0.446415 0.107744 8.816e-05
6 0.472099 0.540067 0.0225425 0.0363636 8.86742e-05
6 0.705469 0.419865 0.0177384 0.0464646 8.86806e-05
7 0.470621 0.386195 0.00997783 0.0720539 8.90703e-05
9 0.623984 0.980471 0.0764967 0.0390572 9.0347e-05
6 0.710273 0.453535 0.0177384 0.0329966 9.08086e-05
7 0.719882 0.208081 0.0140429 0.276094 9.08573e-05
6 0.342018 0.991246 0.0395418 0.0175084 9.22421e-05
9 0.874908 0.123906 0.0484109 0.0309764 9.26932e-05
5 0.318736 0.240404 0.637472 0.480808 9.31341e-05
6 0.735218 0.468687 0.0550628 0.113131 9.3232e-05
6 0.668145 0.480471 0.0923873 0.0787879 9.39883e-05
5 0.202698 0.193939 0.205839 0.241077 9.4513e-05
6 0.77439 0.941751 0.0277162 0.0814815 9.46759e-05
6 0.725979 0.575758 0.0277162 0.0484848 9.5274e-05
4 0.761086 0.658586 0.477827 0.583165 9.55517e-05
6 0.59405 0.616162 0.0232816 0.0417508 9.55871e-05
6 0.589985 0.503367 0.0166297 0.0356902 9.64588e-05
6 0.580562 0.613468 0.0192166 0.0430976 9.65383e-05
6 0.582964 0.508754 0.0166297 0.0276094 9.65663e-05
6 0.875831 0.116498 0.0768662 0.0579125 9.67597e-05
6 0.359202 0.60202 0.0916482 0.110438 9.68567e-05
9 0.0380636 0.981481 0.0613452 0.0289562 9.68609e-05
7 0.565965 0.377441 0.00849963 0.0895623 9.72279e-05
2 0.134701 0.415488 0.117147 0.262626 9.75912e-05
6 0.626571 0.535354 0.0195861 0.0282828 9.78018e-05
6 0.542129 0.927609 0.0251293 0.0531987 9.80541e-05
6 0.705654 0.464983 0.0121951 0.037037 9.84165e-05
6 0.581116 0.978788 0.0388027 0.0249158 9.86401e-05
6 0.83167 0.308417 0.0979305 0.141414 9.86812e-05
6 0.68847 0.584175 0.0546933 0.0599327 9.89922e-05
6 0.543237 0.978114 0.0288248 0.0249158 9.98296e-05
6 0.330562 0.450505 0.018847 0.0350168 0.000100395
6 0.706024 0.447811 0.0129342 0.040404 0.000100829
6 0.334627 0.612121 0.0351072 0.0525253 0.000101071
6 0.515152 0.496633 0.0184775 0.0329966 0.000101195
6 0.309128 0.440404 0.0181079 0.0363636 0.000101216
6 0.32003 0.980135 0.0199557 0.0397306 0.000101367
5 0.369734 0.964646 0.410569 0.0707071 0.000101554
9 0.383407 0.977104 0.194752 0.0457912 0.000102144
6 0.452698 0.943771 0.037694 0.0451178 0.000102624
6 0.758315 0.977441 0.0118256 0.0451178 0.000102838
6 0.9915 0.0350168 0.0103474 0.0700337 0.000103525
6 0.727827 0.558249 0.128973 0.200673 0.000104353
6 0.374169 0.494613 0.0210643 0.0343434 0.000105271
6 0.355876 0.47138 0.0155211 0.0282828 0.000105469
6 0.341279 0.454545 0.0166297 0.0309764 0.000106204
8 0.0295639 0.994613 0.0509978 0.0107744 0.000106353
6 0.470067 0.978114 0.0347376 0.0289562 0.000106403
6 0.00739098 0.987542 0.014782 0.0249158 0.000106642
6 0.542313 0.469024 0.0129342 0.030303 0.00010677
6 0.421656 0.545791 0.0546933 0.0545455 0.000107223
2 0.849594 0.431987 0.157428 0.29697 0.000108139
0 0.987435 0.836364 0.0221729 0.327273 0.000108321
6 0.718404 0.59899 0.0258684 0.0531987 0.00010857
6 0.831855 0.403367 0.0761271 0.0956229 0.000109266
6 0.426645 0.538721 0.0181079 0.0323232 0.000109654
6 0.420732 0.577104 0.0173688 0.0350168 0.000110388
5 0.141537 0.971717 0.283075 0.0565657 0.000110667
6 0.265152 0.0494949 0.078714 0.0680135 0.000110908
6 0.437546 0.963636 0.0509978 0.0727273 0.000110997
10 0.756837 0.964983 0.014782 0.0700337 0.000111675
6 0.679601 0.543771 0.022912 0.0316498 0.000111848
5 0.736327 0.893266 0.462306 0.112458 0.000112548
6 0.478936 0.533333 0.0184775 0.0350168 0.000113492
6 0.534368 0.609091 0.0421286 0.0828283 0.00011352
6 0.767369 0.932997 0.0528455 0.0774411 0.000113576
9 0.382483 0.989899 0.0428677 0.020202 0.000113635
6 0.00720621 0.0131313 0.0144124 0.0262626 0.000114032
6 0.491316 0.979798 0.0424982 0.040404 0.000114294
6 0.126386 0.484512 0.0731707 0.26734 0.000114366
6 0.421286 0.974747 0.0428677 0.0356902 0.000115059
6 0.346268 0.981481 0.0236511 0.037037 0.000115284
6 0.345344 0.594276 0.0203252 0.0343434 0.000116171
6 0.917406 0.123232 0.0720621 0.0417508 0.000116626
6 0.396157 0.976094 0.0332594 0.030303 0.000116679
5 0.220806 0.967677 0.398744 0.0646465 0.000117308
7 0.52864 0.365993 0.0484109 0.0922559 0.000117915
6 0.64357 0.5 0.0402809 0.0356902 0.000118229
6 0.411123 0.614815 0.0424982 0.0498317 0.000118501
6 0.383962 0.978114 0.0369549 0.0262626 0.000118932
6 0.310976 0.609091 0.0321508 0.0545455 0.000119137
6 0.658167 0.583838 0.0798226 0.125253 0.000120912
6 0.495196 0.980135 0.0362158 0.0262626 0.000121027
6 0.528086 0.979125 0.0443459 0.0417508 0.000121459
6 0.278271 0.0380471 0.0665189 0.0760943 0.00012275
6 0.733001 0.450168 0.0402809 0.0585859 0.000122778
6 0.291759 0.581145 0.0218034 0.040404 0.000125019
6 0.544346 0.525926 0.0184775 0.0309764 0.000125207
6 0.846452 0.380135 0.0676275 0.0922559 0.000125758
6 0.752217 0.460943 0.0277162 0.0383838 0.000126785
6 0.666482 0.991246 0.0424982 0.0175084 0.000127315
6 0.0133038 0.0181818 0.0266075 0.0363636 0.000127783
9 0.466741 0.987205 0.0502587 0.0255892 0.000128288
6 0.706024 0.440741 0.0314117 0.0639731 0.000128649
6 0.186992 0.0148148 0.0458241 0.0296296 0.000129008
5 0.194752 0.867677 0.389505 0.264646 0.00012946
6 0.156135 0.506734 0.102365 0.173064 0.000129499
7 0.525868 0.385859 0.0790835 0.107744 0.000130349
9 0.46748 0.987879 0.0325203 0.0228956 0.000130833
6 0.555987 0.980135 0.0395418 0.0249158 0.00013089
6 0.591833 0.556229 0.0210643 0.0282828 0.000132
7 0.509978 0.359596 0.0162602 0.126599 0.000132446
6 0.578344 0.988552 0.0487805 0.0228956 0.000132625
5 0.507576 0.949832 0.96711 0.100337 0.000132838
5 0.196046 0.921549 0.392092 0.138047 0.000133023
6 0.521249 0.566667 0.0195861 0.0478114 0.000133652
6 0.618995 0.978788 0.0436068 0.0262626 0.000134088
6 0.511826 0.522222 0.113082 0.0693603 0.000135541
6 0.361234 0.493603 0.0210643 0.0350168 0.000135982
6 0.591833 0.581818 0.0232816 0.0444444 0.000136528
6 0.604398 0.987205 0.0558019 0.0255892 0.000136654
9 0.359941 0.980808 0.0643016 0.0383838 0.000136669
6 0.353474 0.594276 0.0218034 0.0356902 0.000136805
6 0.16371 0.0117845 0.0532151 0.023569 0.000137191
6 0.365854 0.973737 0.0317812 0.0525253 0.000137406
6 0.363636 0.479125 0.0162602 0.0276094 0.000137471
6 0.332409 0.59596 0.171101 0.154882 0.000137478
6 0.178677 0.372391 0.115669 0.149495 0.000137573
6 0.713969 0.459933 0.0295639 0.0498317 0.000138364
6 0.270325 0.550168 0.0291944 0.0498317 0.000138847
9 0.0288248 0.988216 0.0576497 0.023569 0.00014062
6 0.640429 0.988889 0.0502587 0.0222222 0.00014151
6 0.619734 0.491919 0.014782 0.0289562 0.000141723
6 0.464523 0.923906 0.0236511 0.0606061 0.000145325
6 0.991131 0.0178451 0.0133038 0.0356902 0.000146754
6 0.0923873 0.158586 0.0665189 0.0599327 0.000147417
7 0.109017 0.286195 0.0458241 0.153535 0.000148031
6 0.768847 0.974411 0.0151515 0.0511785 0.000149012
6 0.50037 0.569024 0.0258684 0.0484848 0.000149048
6 0.521619 0.527273 0.0225425 0.0390572 0.000149368
6 0.313008 0.460606 0.0266075 0.040404 0.000151278
6 0.534183 0.487879 0.0166297 0.037037 0.000151296
5 0.279933 0.0360269 0.143016 0.0720539 0.000151706
6 0.559867 0.575084 0.0428677 0.0538721 0.000151916
6 0.315595 0.46633 0.0133038 0.0343434 0.000152055
5 0.31541 0.897306 0.453437 0.0949495 0.000152953
6 0.465078 0.493939 0.0269771 0.0343434 0.000153533
6 0.419438 0.562963 0.0192166 0.0350168 0.000153601
5 0.489098 0.192593 0.0476718 0.193939 0.000153673
6 0.771249 0.445791 0.022912 0.03367 0.000154201
6 0.382299 0.96835 0.04102 0.0632997 0.000154924
8 0.0291944 0.961616 0.0583888 0.0767677 0.000155834
7 0.49612 0.360269 0.0107169 0.0821549 0.000156962
6 0.554324 0.50404 0.0192166 0.0343434 0.000157126
6 0.267554 0.0117845 0.0539542 0.023569 0.00015773
6 0.24187 0.0148148 0.0454545 0.0296296 0.000158126
5 0.738174 0.0461279 0.223577 0.0922559 0.000158704
6 0.406689 0.964983 0.0587583 0.0700337 0.000159175
5 0.223392 0.151178 0.446785 0.302357 0.00015999
6 0.980783 0.0222222 0.0384331 0.0444444 0.000160673
6 0.409276 0.558249 0.0232816 0.03367 0.000161989
5 0.489468 0.880471 0.550259 0.17037 0.00016243
9 0.543422 0.987879 0.0469327 0.0242424 0.000164796
6 0.573725 0.50404 0.018847 0.037037 0.000165275
6 0.209165 0.0111111 0.0443459 0.0222222 0.00016776
2 0.849963 0.321212 0.147081 0.253199 0.000168195
6 0.485033 0.527609 0.018847 0.0343434 0.000168915
2 0.352735 0.339731 0.372875 0.16229 0.000169041
6 0.567443 0.552525 0.0439763 0.0424242 0.000169391
9 0.417406 0.986532 0.033629 0.0255892 0.000171099
6 0.779194 0.445791 0.0232816 0.0417508 0.000171599
6 0.365669 0.979461 0.0254989 0.0343434 0.000173171
6 0.277901 0.574411 0.0206948 0.0323232 0.000174153
6 0.505174 0.53165 0.0273466 0.0383838 0.000178245
2 0.701959 0.411448 0.378788 0.286869 0.000179568
7 0.494087 0.640404 0.0310421 0.125253 0.000179716
6 0.509978 0.566667 0.022912 0.0464646 0.000179964
6 0.478566 0.492256 0.0125647 0.03367 0.000180272
6 0.694937 0.493266 0.0875831 0.0895623 0.000181154
4 0.798411 0.823232 0.403178 0.345455 0.000182189
2 0.0983001 0.336364 0.059867 0.344108 0.000182425
6 0.696785 0.415825 0.0158906 0.043771 0.00018263
6 0.552661 0.482828 0.0144124 0.0323232 0.000182978
6 0.427384 0.574074 0.0631929 0.0680135 0.000183933
5 0.804509 0.134007 0.390983 0.268013 0.000184971
5 0.72949 0.0882155 0.232077 0.156229 0.000185638
2 0.857724 0.318855 0.243163 0.403367 0.000186615
7 0.488544 0.390909 0.0221729 0.0976431 0.000187692
6 0.0578344 0.439731 0.0513673 0.0902357 0.000189118
6 0.666297 0.484175 0.0206948 0.0309764 0.000189172
5 0.315225 0.893939 0.474501 0.210774 0.000190454
6 0.530857 0.979125 0.0365854 0.0255892 0.000192891
6 0.437177 0.980135 0.0517369 0.0397306 0.000193457
6 0.530857 0.928283 0.0254989 0.0518519 0.000194149
6 0.696785 0.50101 0.0240207 0.0350168 0.000195722
6 0.519956 0.465657 0.0140429 0.0356902 0.000198602
6 0.41371 0.540741 0.0203252 0.0309764 0.000199481
6 0.53677 0.495286 0.0365854 0.0343434 0.000199791
6 0.627125 0.477778 0.0532151 0.050505 0.000202409
6 0.30765 0.477778 0.0328899 0.0410774 0.000203026
7 0.522358 0.377104 0.0151515 0.0956229 0.000203913
6 0.538248 0.544108 0.0424982 0.0498317 0.000205658
6 0.696415 0.485859 0.0513673 0.0558923 0.000206535
6 0.280488 0.0208754 0.0687361 0.0417508 0.000208377
3 0.0914634 0.563973 0.182927 0.86532 0.00021067
6 0.327421 0.595623 0.0657797 0.0693603 0.00021102
5 0.512195 0.175084 0.0443459 0.165657 0.000218186
6 0.188285 0.0575758 0.0225425 0.0451178 0.00021861
6 0.261641 0.526599 0.0495196 0.0808081 0.000221767
9 0.874908 0.113468 0.0314117 0.0410774 0.000222299
6 0.379897 0.553535 0.117517 0.0888889 0.000224107
6 0.489098 0.608754 0.0373245 0.102357 0.000225191
6 0.600148 0.500673 0.0177384 0.0356902 0.00022522
6 0.657428 0.587205 0.0391722 0.0700337 0.000228458
5 0.133407 0.113131 0.224686 0.183165 0.000228887
6 0.67646 0.576768 0.0218034 0.0410774 0.000229583
6 0.690687 0.578451 0.0258684 0.0390572 0.00022995
6 0.315041 0.452189 0.0107169 0.0316498 0.000235186
5 0.898004 0.0393939 0.178123 0.0653199 0.000236785
6 0.555802 0.491582 0.0243902 0.0309764 0.000238736
6 0.513304 0.481481 0.0162602 0.0444444 0.00024404
7 0.488174 0.387542 0.0103474 0.0774411 0.000244205
2 0.166112 0.354209 0.154841 0.277441 0.000245004
7 0.537694 0.376094 0.0103474 0.0841751 0.000245189
6 0.832409 0.356229 0.0838877 0.103704 0.000246222
6 0.377125 0.540404 0.0240207 0.0262626 0.000251255
6 0.617886 0.544444 0.0192166 0.0289562 0.000254308
6 0.480783 0.509428 0.0155211 0.0343434 0.000259295
6 0.621027 0.583502 0.056541 0.0585859 0.000264771
5 0.470067 0.982155 0.424242 0.0356902 0.000264945
6 0.356615 0.604714 0.0413895 0.0673401 0.000265558
6 0.657058 0.589562 0.0214339 0.037037 0.000266942
6 0.305987 0.481818 0.0857354 0.0707071 0.000267735
6 0.26626 0.568687 0.0247598 0.037037 0.000270928
6 0.511826 0.611111 0.0391722 0.111111 0.000273429
6 0.412232 0.577104 0.0195861 0.040404 0.00027369
9 0.432742 0.989562 0.0413895 0.0208754 0.0002742
6 0.392092 0.980471 0.0561715 0.0390572 0.000275076
6 0.275499 0.538721 0.0210643 0.0323232 0.000275221
8 0.188285 0.269024 0.0905395 0.272727 0.000277066
6 0.619549 0.495286 0.033629 0.037037 0.000278395
6 0.616038 0.572727 0.109387 0.0666667 0.000279056
6 0.343496 0.571044 0.0210643 0.0309764 0.000279521
6 0.514597 0.515825 0.0240207 0.03367 0.000285131
6 0.716556 0.556229 0.0532151 0.0808081 0.000286602
6 0.36881 0.495286 0.0443459 0.0424242 0.000288024
6 0.686807 0.49899 0.0521064 0.0498317 0.000295757
6 0.542868 0.483165 0.014782 0.0343434 0.000297051
6 0.434405 0.561616 0.0314117 0.040404 0.000300374
5 0.814486 0.916498 0.371027 0.167003 0.000306254
6 0.728197 0.479461 0.0432373 0.0498317 0.000306686
6 0.434035 0.534007 0.0284553 0.0296296 0.000307412
2 0.120288 0.314815 0.0890613 0.218855 0.000309266
6 0.332964 0.482155 0.0214339 0.0309764 0.000310153
6 0.655211 0.494276 0.0443459 0.0363636 0.000311325
10 0.76663 0.959259 0.0195861 0.0814815 0.000312652
6 0.626386 0.550505 0.0288248 0.0424242 0.000328746
6 0.386733 0.541751 0.078714 0.0531987 0.000337672
6 0.560606 0.518855 0.0339985 0.0356902 0.000342704
5 0.841094 0.939057 0.317812 0.108418 0.000345121
6 0.596637 0.60404 0.0314117 0.0363636 0.000345393
6 0.274945 0.550168 0.0192166 0.0323232 0.000351752
6 0.308574 0.470034 0.0206948 0.0350168 0.000356626
6 0.613821 0.613468 0.0199557 0.0390572 0.000360086
6 0.343496 0.488215 0.0195861 0.0296296 0.000364593
6 0.594605 0.561616 0.0583888 0.0606061 0.000366101
9 0.528086 0.989562 0.0428677 0.0208754 0.000367468
6 0.713045 0.521549 0.0521064 0.0707071 0.000375692
9 0.454361 0.989226 0.04102 0.0215488 0.000378845
6 0.293792 0.616835 0.0266075 0.0659933 0.000379961
6 0.463045 0.554545 0.0288248 0.0424242 0.000384007
6 0.593311 0.53468 0.0314117 0.0282828 0.000394745
6 0.0528455 0.430303 0.0776053 0.220875 0.000398138
9 0.492424 0.989562 0.04102 0.0208754 0.000401816
6 0.400776 0.56936 0.0402809 0.0356902 0.000405742
5 0.505358 0.0515152 0.402439 0.10303 0.000406652
9 0.404287 0.989562 0.045085 0.0208754 0.000412074
6 0.594605 0.56734 0.0192166 0.0383838 0.000413178
6 0.373984 0.59596 0.0362158 0.0538721 0.000415683
6 0.288618 0.559259 0.116038 0.0841751 0.000416252
6 0.315041 0.479461 0.018847 0.0323232 0.000420997
6 0.538987 0.519192 0.0624538 0.0579125 0.000433806
6 0.716925 0.473064 0.0199557 0.0424242 0.000457033
6 0.284738 0.478114 0.0365854 0.0592593 0.000459484
7 0.528086 0.63064 0.0657797 0.134007 0.000463314
6 0.514412 0.550842 0.0362158 0.0713805 0.000469162
6 0.402069 0.546801 0.0406504 0.0377104 0.000482449
7 0.476349 0.621212 0.0886918 0.125926 0.000486128
6 0.644309 0.542761 0.0838877 0.0767677 0.000491984
6 0.48762 0.494276 0.0277162 0.0363636 0.000492565
6 0.278825 0.46936 0.0203252 0.0363636 0.000494457
6 0.737435 0.472391 0.0247598 0.0410774 0.000494683
6 0.486696 0.487879 0.0118256 0.0316498 0.000510628
5 0.345344 0.16835 0.445307 0.3367 0.000518774
3 0.855876 0.554545 0.288248 0.862626 0.000521269
6 0.30765 0.570034 0.0225425 0.030303 0.000534053
6 0.527347 0.489899 0.0221729 0.0316498 0.000535489
6 0.594235 0.536364 0.0554324 0.0464646 0.000539896
6 0.395972 0.550168 0.0203252 0.0350168 0.000547772
7 0.50388 0.387879 0.0203252 0.122559 0.000548471
6 0.66371 0.546465 0.0258684 0.0289562 0.000586934
6 0.716556 0.554545 0.0369549 0.0518519 0.000587444
6 0.707502 0.505724 0.0299335 0.0390572 0.000588922
6 0.329084 0.491582 0.0247598 0.0350168 0.000595247
6 0.60643 0.599327 0.0199557 0.0350168 0.000598415
6 0.53252 0.570707 0.0591279 0.0976431 0.00060136
6 0.474686 0.584175 0.0609756 0.0936027 0.000616745
6 0.543237 0.504714 0.0177384 0.0356902 0.000622776
6 0.29102 0.556229 0.0469327 0.0390572 0.000630602
6 0.341279 0.491246 0.0351072 0.0383838 0.000658162
5 0.508869 0.981481 0.641537 0.037037 0.000675014
6 0.710458 0.482492 0.018847 0.0316498 0.000686641
5 0.4915 0.92862 0.637103 0.142761 0.000693179
3 0.167775 0.560606 0.323725 0.83569 0.000720889
6 0.605691 0.612121 0.0177384 0.0350168 0.000726071
6 0.319845 0.484848 0.0402809 0.047138 0.000726329
6 0.25425 0.56532 0.0258684 0.043771 0.000726529
6 0.490577 0.558586 0.0306726 0.0666667 0.000736983
4 0.507945 0.620539 0.372875 0.275421 0.000743687
6 0.495196 0.487879 0.0199557 0.0316498 0.000746894
5 0.696046 0.187542 0.327051 0.317172 0.000753752
6 0.668514 0.573401 0.0332594 0.0531987 0.000753977
5 0.532336 0.1 0.628603 0.2 0.000759808
3 0.322432 0.535017 0.564302 0.457239 0.000771585
6 0.713969 0.573401 0.0288248 0.0424242 0.000777903
6 0.682927 0.491246 0.022912 0.0316498 0.000812527
6 0.505543 0.523569 0.45085 0.220202 0.000819484
6 0.66371 0.599327 0.0243902 0.0457912 0.000825725
6 0.378788 0.552189 0.0192166 0.03367 0.000834128
6 0.72986 0.462963 0.0266075 0.0383838 0.000835999
6 0.305063 0.583165 0.0299335 0.0444444 0.000859324
6 0.514043 0.467003 0.0103474 0.0356902 0.000859508
6 0.48762 0.500673 0.0158906 0.0329966 0.000867091
6 0.52014 0.481145 0.0173688 0.0329966 0.000867365
6 0.250554 0.544781 0.022912 0.0525253 0.000962835
6 0.351441 0.623232 0.0258684 0.0491582 0.000966508
3 0.687546 0.542761 0.45935 0.444444 0.000977886
6 0.669438 0.485522 0.0543237 0.0484848 0.000978106
6 0.61456 0.596633 0.0206948 0.0363636 0.000985773
6 0.296933 0.469697 0.0232816 0.0410774 0.00101732
6 0.315595 0.519529 0.030303 0.0383838 0.00101826
6 0.495565 0.506397 0.0251293 0.0282828 0.00103752
6 0.708241 0.52862 0.0269771 0.0363636 0.00105063
2 0.512934 0.403367 0.746489 0.321886 0.00106696
6 0.603474 0.550168 0.0332594 0.0363636 0.00106906
7 0.5 0.376431 0.0473023 0.119865 0.00110021
6 0.504989 0.490909 0.0351072 0.0309764 0.00113628
2 0.497413 0.357912 0.101996 0.112458 0.0011385
6 0.386364 0.565993 0.0195861 0.0356902 0.00120489
6 0.478197 0.521212 0.0509978 0.03367 0.00122635
5 0.539172 0.96835 0.455285 0.0632997 0.00124509
6 0.644494 0.543771 0.0362158 0.0397306 0.00124855
6 0.328529 0.550168 0.0199557 0.03367 0.00126333
6 0.654656 0.549832 0.0328899 0.0356902 0.00128133
6 0.291574 0.541077 0.0384331 0.0356902 0.00128889
6 0.290466 0.487542 0.0214339 0.0377104 0.00138178
5 0.5085 0.187205 0.0923873 0.220875 0.00138914
6 0.618625 0.553535 0.0280857 0.0296296 0.00140304
6 0.323355 0.542088 0.0236511 0.0282828 0.00145724
6 0.379712 0.556902 0.0432373 0.047138 0.00156473
5 0.365299 0.206734 0.259793 0.300337 0.00157743
6 0.640613 0.601683 0.0240207 0.0424242 0.00160449
6 0.674242 0.551515 0.0291944 0.0350168 0.00161106
6 0.519217 0.508081 0.022912 0.0316498 0.00165216
6 0.386548 0.546128 0.037694 0.0309764 0.00167799
6 0.349409 0.546128 0.0225425 0.0309764 0.00178314
6 0.316704 0.574411 0.0288248 0.0444444 0.00179322
6 0.502217 0.618519 0.082779 0.0895623 0.0017982
6 0.605506 0.569697 0.0195861 0.0350168 0.00195788
6 0.299335 0.486869 0.0251293 0.0350168 0.00199732
6 0.695307 0.545791 0.0624538 0.0424242 0.00212657
6 0.263858 0.541414 0.0266075 0.0377104 0.00230362
6 0.4017 0.544444 0.0192166 0.0289562 0.00245364
6 0.502772 0.589899 0.0720621 0.0794613 0.00257883
6 0.306911 0.532323 0.056541 0.0693603 0.00259278
6 0.618625 0.574074 0.022912 0.030303 0.00285406
6 0.624353 0.566667 0.0388027 0.0491582 0.00291571
6 0.32779 0.573401 0.0258684 0.0383838 0.00291919
7 0.502587 0.380135 0.0103474 0.101684 0.00319139
6 0.525684 0.514478 0.0314117 0.040404 0.00338716
6 0.688101 0.502357 0.030303 0.0282828 0.00414741
6 0.72561 0.487205 0.026238 0.0356902 0.00528331
6 0.351441 0.552862 0.0413895 0.0309764 0.00539319
6 0.359756 0.549158 0.0225425 0.0316498 0.0055824
6 0.628973 0.600337 0.0236511 0.0397306 0.00622928
6 0.502033 0.515825 0.0439763 0.0390572 0.0078595
7 0.497967 0.383502 0.00997783 0.104377 0.00804694
6 0.696415 0.487879 0.0306726 0.0356902 0.00946305
6 0.71323 0.518182 0.0295639 0.0451178 0.0102928
6 0.350517 0.56229 0.0269771 0.0430976 0.0110354
6 0.257206 0.550842 0.0288248 0.03367 0.0153545
6 0.286955 0.477441 0.0225425 0.03367 0.0172529
6 0.306171 0.537374 0.0351072 0.0430976 0.0261888
6 0.625277 0.578451 0.0258684 0.0417508 0.027654
6 0.621582 0.563973 0.0236511 0.0343434 0.132831
6 0.733001 0.482828 0.0254989 0.0309764 0.142563
6 0.31541 0.544781 0.0306726 0.0390572 0.50599
6 0.364375 0.557912 0.0273466 0.043771 0.604036
6 0.707502 0.542424 0.0291944 0.0383838 0.653688
6 0.65946 0.56229 0.0365854 0.0430976 0.69399
3 0.500554 0.554882 0.868071 0.693603 0.86354
4 0.507391 0.617172 0.741316 0.358923 0.864017
2 0.511826 0.353872 0.531412 0.178451 0.882458
5 0.505358 0.191919 0.520695 0.342088 0.924227
