6 0.370872 0.363087 0.0575139 0.118121 3.14156e-05
6 0.4282 0.726846 0.433395 0.214765 3.14189e-05
6 0.543414 0.31443 0.0233766 0.038255 3.14268e-05
6 0.574397 0.167114 0.0408163 0.0899329 3.14643e-05
5 0.617996 0.951342 0.764007 0.0973154 3.1523e-05
6 0.521336 0 0.0200371 0 3.15648e-05
6 0.405009 0.199329 0.025603 0.042953 3.15688e-05
6 0.39295 0.662752 0.0155844 0.038255 3.16618e-05
6 0.359555 0.514765 0.0163265 0.0416107 3.16828e-05
10 0.573098 0.891275 0.0241187 0.131544 3.16931e-05
6 0.814471 0.101678 0.0215213 0.0288591 3.18833e-05
6 0.492764 0.0691275 0.0460111 0.0832215 3.19168e-05
6 0.345826 0.51443 0.019295 0.0395973 3.19183e-05
9 0.915584 0.00268456 0.0434137 0.00536913 3.20142e-05
7 0.419295 0.413758 0.0200371 0.118792 3.20598e-05
6 0.657699 0.477517 0.0753247 0.110738 3.20842e-05
5 0.337291 0.0174497 0.285714 0.0348993 3.21369e-05
9 0.804453 0.989933 0.0526902 0.0201342 3.21475e-05
6 0.471985 0.0151007 0.0705009 0.0302013 3.21745e-05
6 0.525788 0.960067 0.0356215 0.0422819 3.22197e-05
9 0.588683 0.976846 0.217811 0.0463087 3.22619e-05
7 0.442672 0.444966 0.0326531 0.138255 3.23716e-05
6 0.00612245 0.0385906 0.00779221 0.066443 3.24278e-05
6 0.637106 0.00838926 0.0779221 0.0167785 3.24727e-05
9 0.301855 1 0.0634508 0 3.24881e-05
9 0.685158 0.0057047 0.0463822 0.0114094 3.27306e-05
5 0.653989 0.0865772 0.448609 0.173154 3.28952e-05
9 0.569202 0.992953 0.0526902 0.014094 3.29291e-05
6 0.356957 0.00872483 0.0489796 0.0174497 3.29688e-05
6 0.350278 0.342953 0.0608534 0.0778523 3.30047e-05
6 0.53859 0.747315 0.058256 0.0879195 3.30328e-05
6 0.180519 0.992953 0.0545455 0.014094 3.30707e-05
9 0.942301 0.0302013 0.115399 0.0604027 3.30919e-05
2 0.623006 0.367785 0.192208 0.224161 3.30961e-05
6 0.433581 0.372483 0.0805195 0.205369 3.31191e-05
5 0.293135 0.970805 0.586271 0.0583893 3.31919e-05
6 0.506122 0.0231544 0.025974 0.0463087 3.32195e-05
6 0.614286 0.703356 0.0404453 0.0590604 3.32439e-05
9 0.0124304 0.103356 0.0248609 0.0832215 3.3246e-05
6 0.478664 0.274161 0.0697588 0.134899 3.32673e-05
5 0.525603 0.208725 0.300186 0.198658 3.32958e-05
6 0.106122 0.321477 0.0742115 0.210738 3.33257e-05
5 0.421707 0.822483 0.553247 0.273154 3.33287e-05
9 0.518738 0.994295 0.045269 0.0114094 3.33965e-05
5 0.172913 0.995973 0.177365 0.00805369 3.34169e-05
6 0.779777 0.0973154 0.0315399 0.0402685 3.3448e-05
9 0.406122 0.995638 0.0493506 0.00872483 3.34964e-05
5 0.616141 0.173826 0.151763 0.112752 3.35215e-05
6 0.803525 0.517114 0.0293135 0.0463087 3.35331e-05
5 0.172913 0.269799 0.345826 0.539597 3.35469e-05
6 0.632282 0.675839 0.0282004 0.042953 3.35743e-05
6 0.407978 0.185906 0.0166976 0.0268456 3.35893e-05
0 0.99462 0.820134 0.0107607 0.167785 3.36487e-05
6 0.286827 0.271141 0.0252319 0.150336 3.37584e-05
6 0.495176 0.971812 0.0426716 0.0563758 3.37798e-05
6 0.394434 0.00671141 0.0363636 0.0134228 3.38441e-05
8 0.00723562 0.226846 0.0144712 0.124832 3.38821e-05
6 0.0988868 0.132886 0.0508349 0.0469799 3.39065e-05
7 0.710761 0.257047 0.0204082 0.118121 3.396e-05
6 0.920779 0.928188 0.0871985 0.119463 3.3976e-05
5 0.738775 0.91745 0.409647 0.165101 3.39876e-05
6 0.100742 0.548322 0.0500928 0.185235 3.40074e-05
6 0.527087 0.0228188 0.0278293 0.042953 3.4019e-05
6 0.268831 0.566107 0.0226345 0.0463087 3.40672e-05
6 0.856401 0.00838926 0.0571429 0.0167785 3.41735e-05
6 0.00909091 0.0187919 0.0181818 0.0375839 3.42059e-05
6 0.650649 0.0261745 0.0278293 0.052349 3.42079e-05
6 0.532282 0.620134 0.0545455 0.0912752 3.42092e-05
6 0.41577 0.662416 0.0152134 0.0402685 3.42504e-05
5 0.470686 0.260738 0.193321 0.165772 3.42666e-05
6 0.483859 0.304698 0.0267161 0.0577181 3.42832e-05
6 0.761967 0.0244966 0.0307978 0.0489933 3.43073e-05
6 0.523191 0.811745 0.0549165 0.0744966 3.43254e-05
6 0.253989 0.538926 0.137662 0.118121 3.43311e-05
6 0.291466 0.330201 0.0456401 0.112752 3.43357e-05
5 0.25807 0.0385906 0.14731 0.0771812 3.43802e-05
6 0.118367 0.153691 0.0363636 0.0402685 3.442e-05
6 0.502041 0.0328859 0.0200371 0.0657718 3.44941e-05
4 0.0534323 0.738255 0.106865 0.425503 3.45143e-05
6 0.816512 0.0889262 0.0359926 0.0328859 3.45245e-05
5 0.534323 0.119128 0.159555 0.128188 3.45276e-05
6 0.623933 0.262081 0.149536 0.134899 3.45613e-05
9 0.844898 0.0151007 0.0230056 0.0302013 3.45706e-05
9 0.389054 0.980873 0.0790353 0.038255 3.48057e-05
9 0.928015 0.959732 0.0423006 0.0805369 3.48791e-05
5 0.349907 0.925839 0.399258 0.106711 3.49145e-05
6 0.241002 0.506376 0.0152134 0.0355705 3.49465e-05
6 0.104082 0.556711 0.0330241 0.1 3.49902e-05
9 0.832653 0.0157718 0.0274583 0.0315436 3.50004e-05
6 0.370686 0.113087 0.0423006 0.0355705 3.5009e-05
4 0.983488 0.669799 0.0330241 0.34094 3.51305e-05
9 0.264935 1 0.0638219 0 3.51725e-05
6 0.628015 0.677517 0.0530612 0.0758389 3.52473e-05
6 0.00630798 0.0154362 0.00890538 0.0308725 3.53042e-05
6 0.814842 0.52047 0.0178108 0.0369128 3.53256e-05
6 0.223933 0.146309 0.0701299 0.0791946 3.5341e-05
6 0.468646 0.695638 0.0237477 0.0758389 3.54579e-05
6 0.524119 0.00973154 0.0285714 0.0194631 3.54638e-05
5 0.745826 0.0288591 0.115028 0.0577181 3.55412e-05
6 0.0756957 0.137919 0.0808905 0.0597315 3.56003e-05
6 0.29295 0.665436 0.0189239 0.0503356 3.56099e-05
6 0.44564 0.572819 0.0170686 0.0449664 3.57467e-05
10 0.408349 0.496309 0.0315399 0.0771812 3.58842e-05
7 0.372171 0.415101 0.00890538 0.0973154 3.59813e-05
5 0.92616 0.0506711 0.147681 0.0489933 3.60084e-05
6 0.770501 0.112416 0.0946197 0.0785235 3.62272e-05
5 0.314842 0.0483221 0.310575 0.0966443 3.62304e-05
8 0.861596 0.0436242 0.0927644 0.0778523 3.62434e-05
5 0.337662 0.95906 0.520965 0.0818792 3.62561e-05
9 0.229128 1 0.0619666 0 3.62848e-05
3 0.833024 0.412081 0.333952 0.806711 3.62896e-05
6 0.525788 0.88557 0.0756957 0.0812081 3.62996e-05
6 0.271429 0.126846 0.0805195 0.104698 3.6314e-05
6 0.389796 0.382886 0.0152134 0.0597315 3.63616e-05
6 0.320037 0.487919 0.0523191 0.085906 3.63891e-05
6 0.40334 0.663423 0.0170686 0.038255 3.64047e-05
6 0.393321 0.356711 0.0348794 0.0489933 3.65861e-05
7 0.428757 0.412081 0.012987 0.0630872 3.66274e-05
5 0.489054 0.374497 0.483859 0.275168 3.66941e-05
6 0.88052 0.447987 0.0638219 0.0932886 3.6707e-05
6 0.782375 0.927517 0.0419295 0.144966 3.67369e-05
6 0.565121 0.644966 0.125417 0.115436 3.67675e-05
6 0.993878 0.158725 0.0122449 0.0865772 3.68193e-05
6 0.538033 0.00637584 0.019295 0.0127517 3.68228e-05
6 0.691466 0.99094 0.064193 0.0181208 3.68509e-05
6 0.293321 0.988255 0.0352505 0.0234899 3.6876e-05
6 0.693692 0.658054 0.106494 0.175168 3.713e-05
6 0.29295 0.725839 0.0538033 0.0919463 3.71854e-05
6 0.459926 0.881208 0.101299 0.0778523 3.72433e-05
6 0.115213 0.914094 0.0627087 0.085906 3.73157e-05
6 0.75603 0.553691 0.0753247 0.0791946 3.73373e-05
9 0.594434 0.993289 0.0512059 0.0134228 3.74781e-05
6 0.791837 0.519127 0.0244898 0.0449664 3.75058e-05
6 0.614657 0.0996644 0.0656772 0.0677852 3.75843e-05
5 0.394991 0.948993 0.43525 0.102013 3.76201e-05
6 0.243043 0.885235 0.281262 0.191946 3.76442e-05
6 0.827458 0.0845638 0.0371058 0.0295302 3.77236e-05
8 0.333581 0.572483 0.29833 0.122148 3.78098e-05
6 0.0165121 0.0516779 0.0330241 0.103356 3.79724e-05
6 0.0471243 0.143289 0.0638219 0.0624161 3.80353e-05
6 0.409276 0.156711 0.0675325 0.0704698 3.8075e-05
9 0.823562 0.0174497 0.0263451 0.0348993 3.81389e-05
9 0.515955 0.988255 0.0359926 0.0234899 3.81513e-05
9 0.883673 0.999664 0.194805 0.000671141 3.81939e-05
6 0.571985 0.895973 0.070872 0.0778523 3.82822e-05
6 0.801299 0.580872 0.0567718 0.0530201 3.83494e-05
6 0.341744 0.991611 0.0460111 0.0167785 3.83623e-05
6 0.206494 0.150671 0.0241187 0.047651 3.83839e-05
6 0.207236 0.122819 0.0723562 0.0697987 3.84152e-05
6 0.410761 0.00503356 0.0675325 0.0100671 3.84188e-05
3 0.186271 0.608054 0.34731 0.665772 3.84408e-05
6 0.948237 0.40604 0.103525 0.371812 3.8475e-05
9 0.81243 0.0395973 0.0189239 0.0348993 3.85078e-05
6 0.227829 0.945638 0.0244898 0.0644295 3.8526e-05
6 0.225603 0.0057047 0.0237477 0.0114094 3.86943e-05
6 0.39128 0.378859 0.0241187 0.0932886 3.87132e-05
6 0.436364 0.657383 0.0408163 0.0785235 3.8723e-05
9 0.619295 0.99396 0.0512059 0.0120805 3.88489e-05
6 0.64731 0.966443 0.109462 0.0671141 3.89164e-05
5 0.645826 0.457718 0.223006 0.213423 3.89327e-05
6 0.824861 0.406376 0.0423006 0.0489933 3.90455e-05
6 0.555844 0.980873 0.0348794 0.038255 3.9071e-05
6 0.391466 0.339933 0.0333952 0.0422819 3.91353e-05
6 0.18757 0.912081 0.0367347 0.0590604 3.91687e-05
6 0.342486 0.358389 0.0408163 0.0375839 3.92217e-05
6 0.750278 0.924161 0.0660482 0.151678 3.92656e-05
7 0.280148 0.266107 0.00816326 0.0959732 3.92708e-05
6 0.495362 0.218121 0.019295 0.131544 3.92865e-05
6 0.958256 0.00738255 0.0827458 0.0147651 3.94402e-05
6 0.828015 0.102349 0.0456401 0.0328859 3.951e-05
6 0.497774 0.983557 0.0397032 0.0328859 3.95445e-05
6 0.802041 0.55302 0.0241187 0.0483221 3.95538e-05
6 0.403896 0.0057047 0.0278293 0.0114094 3.95652e-05
5 0.106679 0.130201 0.197032 0.0845638 3.96614e-05
6 0.767161 0.988591 0.0508349 0.0228188 3.96963e-05
6 0.2718 0.662752 0.0174397 0.0409396 3.97206e-05
6 0.240631 0.593624 0.125046 0.130872 3.99166e-05
8 0.980334 0.94396 0.0393321 0.112081 3.99268e-05
6 0.349165 0.661745 0.0200371 0.0469799 3.99625e-05
9 0.817069 0.0342282 0.0734694 0.0644295 4.00399e-05
6 0.65603 0.992953 0.0549165 0.014094 4.01214e-05
6 0.756957 0.549329 0.187013 0.20604 4.02836e-05
6 0.50705 0.00536913 0.0159555 0.0107383 4.02948e-05
6 0.0447124 0.183893 0.0723562 0.0671141 4.03225e-05
6 0.890167 0.407047 0.149907 0.248993 4.0389e-05
9 0.532839 0.982886 0.0244898 0.0342282 4.04062e-05
9 0.600557 1 0.058256 0 4.04108e-05
5 0.69462 0.824161 0.4141 0.224161 4.04614e-05
6 0.114657 0.95906 0.0883117 0.0818792 4.04854e-05
5 0.146568 0.0416107 0.293135 0.0832215 4.06148e-05
9 0.843043 0.992282 0.0549165 0.0154362 4.06851e-05
8 0.989054 0.881879 0.0218924 0.220134 4.07024e-05
6 0.376438 0.698322 0.0478664 0.0919463 4.07682e-05
6 0.391651 0.362081 0.0753247 0.0758389 4.08087e-05
6 0.464007 0.0151007 0.0404453 0.0302013 4.08226e-05
6 0.227829 0.0120805 0.0378479 0.0241611 4.097e-05
6 0.280891 0.588591 0.0282004 0.0496644 4.10698e-05
6 0.374768 0.660067 0.0155844 0.0409396 4.11604e-05
6 0.0356215 0.266443 0.0705009 0.122148 4.13653e-05
6 0.219852 0.353356 0.0560297 0.0973154 4.14276e-05
9 0.845826 0.0895973 0.038961 0.0704698 4.14831e-05
6 0.269202 0.946644 0.0634508 0.0865772 4.19006e-05
9 0.500557 0.990268 0.096475 0.0194631 4.19189e-05
8 0.426531 0.550671 0.0159555 0.0946309 4.19286e-05
6 0.882375 0.107383 0.0823748 0.042953 4.19925e-05
6 0.181447 0.387248 0.0823748 0.0872483 4.19995e-05
6 0.242672 0.488591 0.0304267 0.0469799 4.20427e-05
6 0.987384 0.0167785 0.0252319 0.033557 4.21434e-05
6 0.114842 0.0926175 0.0218924 0.0389262 4.23565e-05
9 0.655659 0.983893 0.0816327 0.0322148 4.23767e-05
6 0.639147 0.702685 0.0337662 0.0563758 4.2377e-05
0 0.989054 0.924161 0.0107607 0.142282 4.26569e-05
9 0.637477 1 0.0615955 0 4.26758e-05
6 0.494063 0.208389 0.0189239 0.0583893 4.26797e-05
6 0.434508 0.137919 0.0801484 0.0825503 4.27535e-05
6 0.391466 0.365436 0.0957328 0.232886 4.28456e-05
6 0.614657 0.34698 0.119852 0.0845638 4.28882e-05
6 0.405937 0.338926 0.0274583 0.0362416 4.29338e-05
6 0.0339518 0.0248322 0.0679035 0.0496644 4.29747e-05
5 0.468646 0.0808725 0.147681 0.0865772 4.30343e-05
6 0.424119 0.743624 0.0556586 0.0899329 4.31043e-05
7 0.364193 0.482886 0.012987 0.0798658 4.32706e-05
6 0.776994 0.110403 0.03859 0.0919463 4.32902e-05
6 0.00927644 0.800671 0.0111317 0.299329 4.32944e-05
6 0.63321 0.00872483 0.0404453 0.0174497 4.33302e-05
9 0.0894249 0.00973154 0.0586271 0.0194631 4.33548e-05
6 0.00500928 0.0573826 0.0100186 0.0718121 4.36838e-05
5 0.276067 0.3 0.552134 0.6 4.36921e-05
6 0.46141 0.00872483 0.0248609 0.0174497 4.37752e-05
6 0.746753 0.953356 0.070872 0.0651007 4.40925e-05
6 0.274211 0.35604 0.0400742 0.0825503 4.41077e-05
6 0.875139 0.950336 0.0634508 0.095302 4.4188e-05
6 0.534508 0.948322 0.0204082 0.0563758 4.42253e-05
6 0.815584 0.536242 0.0333952 0.0469799 4.4242e-05
9 0.983673 1 0.0326531 0 4.42826e-05
6 0.495362 0.0144295 0.025974 0.0288591 4.43835e-05
6 0.425603 0.97047 0.109091 0.0590604 4.44218e-05
6 0.629128 0.687584 0.0152134 0.0328859 4.4449e-05
5 0.238219 0.887919 0.476438 0.224161 4.45741e-05
6 0.3718 0.0161074 0.0586271 0.0322148 4.46492e-05
5 0.164564 0.00872483 0.169573 0.0174497 4.4694e-05
6 0.035436 0.301678 0.0508349 0.226175 4.47413e-05
6 0.284787 0.615772 0.0241187 0.0436242 4.47427e-05
9 0.942115 0.991611 0.11577 0.0167785 4.484e-05
6 0.793135 0.0191275 0.0166976 0.038255 4.48845e-05
5 0.382004 0.251007 0.242301 0.189262 4.48882e-05
5 0.12616 0.102685 0.17885 0.0805369 4.49597e-05
6 0.484416 0.210738 0.0144712 0.0375839 4.49738e-05
6 0.574397 0.201007 0.025974 0.0798658 4.51229e-05
6 0.261967 0.618456 0.204824 0.173826 4.51424e-05
6 0.719295 0.170805 0.0315399 0.153691 4.51656e-05
6 0.511503 0.644631 0.203711 0.216779 4.51818e-05
6 0.483117 0.242282 0.0170686 0.0630872 4.53778e-05
6 0.503154 0.869128 0.0630798 0.0805369 4.53975e-05
6 0.43692 0.60604 0.0894249 0.13557 4.54938e-05
6 0.578664 0.754027 0.051577 0.0758389 4.56199e-05
9 0.706679 0.00503356 0.032282 0.0100671 4.56705e-05
6 0.53692 0.0295302 0.0601113 0.0590604 4.56716e-05
5 0.131911 0.14698 0.263822 0.163758 4.57642e-05
6 0.524675 0.937584 0.0289425 0.0644295 4.57788e-05
9 0.443599 0.988591 0.044898 0.0228188 4.58253e-05
6 0.942115 0.14094 0.0341373 0.0966443 4.58365e-05
6 0.323006 0.678523 0.0589981 0.0926175 4.58567e-05
9 0.711874 1 0.064193 0 4.60437e-05
8 0.986271 0.279866 0.0274583 0.233557 4.6269e-05
6 0.608534 0.426846 0.0890538 0.115436 4.62725e-05
6 0.628386 0.665772 0.0166976 0.0322148 4.63438e-05
6 0.533952 0.00469799 0.0638219 0.00939597 4.63835e-05
6 0.656772 0.733893 0.0764378 0.090604 4.6432e-05
6 0.513915 0.644295 0.0311688 0.095302 4.64408e-05
5 0.932096 0.887919 0.135807 0.224161 4.64811e-05
6 0.462338 0.0385906 0.0348794 0.0771812 4.66464e-05
6 0.291466 0.992953 0.0538033 0.014094 4.68059e-05
6 0.244898 0.636242 0.03859 0.0630872 4.68407e-05
9 0.0820037 0.0251678 0.0979592 0.0503356 4.70928e-05
6 0.0745826 0.113087 0.0348794 0.0449664 4.72304e-05
9 0.674954 1 0.0623377 0 4.72417e-05
6 0.753989 0.992953 0.0660482 0.014094 4.75297e-05
5 0.690352 0.957047 0.21039 0.085906 4.75421e-05
4 0.0118738 0.70604 0.0237477 0.41745 4.75547e-05
6 0.252505 0.485235 0.0486085 0.0738255 4.79243e-05
9 0.663636 0.0221477 0.0478664 0.0442953 4.80137e-05
9 0.958071 0.979195 0.083859 0.0416107 4.81044e-05
6 0.989425 0.169128 0.0166976 0.0765101 4.81593e-05
6 0.478293 0.00939597 0.0200371 0.0187919 4.81821e-05
6 0.389796 0.637584 0.0159555 0.033557 4.82333e-05
5 0.811132 0.326174 0.377737 0.452349 4.83648e-05
6 0.496104 0.0295302 0.00890538 0.0322148 4.84011e-05
7 0.725232 0.260067 0.0107607 0.105369 4.84067e-05
6 0.544341 0.0167785 0.0994434 0.033557 4.85375e-05
6 0.184601 0.919799 0.0500928 0.160403 4.85962e-05
9 0.811688 0.0543624 0.0159555 0.0281879 4.86907e-05
6 0.568831 0.934564 0.025974 0.057047 4.87246e-05
6 0.984972 0.419463 0.0300557 0.310067 4.88071e-05
6 0.718367 0.64698 0.0341373 0.0416107 4.90067e-05
6 0.369388 0.37349 0.0315399 0.0892617 4.91564e-05
6 0.382189 0.991275 0.0445269 0.0174497 4.92067e-05
6 0.544712 0.0479866 0.0808905 0.0959732 4.92892e-05
6 0.539147 0.961745 0.0237477 0.0563758 4.93162e-05
7 0.725232 0.273154 0.019666 0.146309 4.94053e-05
9 0.929128 0.988255 0.0460111 0.0234899 4.96066e-05
6 0.422263 0.887248 0.0920223 0.0724832 4.98921e-05
6 0.373284 0.536242 0.0274583 0.0456376 4.9935e-05
6 0.469388 0.59698 0.0178108 0.0489933 5.02815e-05
6 0.332839 0.00838926 0.0274583 0.0167785 5.03578e-05
6 0.931169 0.139597 0.0248609 0.0926175 5.05032e-05
6 0.994249 0.0802013 0.0115028 0.0624161 5.07341e-05
6 0.304082 0.61443 0.025603 0.057047 5.0795e-05
9 0.495362 0.981544 0.257514 0.0369128 5.07969e-05
6 0.341744 0.0956376 0.0912801 0.0731544 5.08522e-05
6 0.406494 0.197315 0.0152134 0.0268456 5.09112e-05
6 0.522263 0.00536913 0.0174397 0.0107383 5.1332e-05
10 0.98757 0.854027 0.0144712 0.151007 5.13776e-05
6 0.64898 0.0147651 0.0319109 0.0295302 5.1571e-05
6 0.186456 0.945638 0.0589981 0.0738255 5.16984e-05
6 0.802226 0.603691 0.0222635 0.0489933 5.17433e-05
6 0.158627 0.582215 0.0716141 0.113423 5.17882e-05
6 0.620408 0.671476 0.0170686 0.0409396 5.1792e-05
9 0.90334 0.00704698 0.0597403 0.014094 5.18551e-05
8 0.00222635 0.178188 0.00445269 0.114765 5.22646e-05
6 0.526345 0.0177852 0.0159555 0.0342282 5.22699e-05
6 0.504267 0.0191275 0.0118738 0.0288591 5.2301e-05
6 0.405751 0.387248 0.0159555 0.0510067 5.23027e-05
10 0.982746 0.0986577 0.0241187 0.130201 5.24102e-05
9 0.0506494 0.969799 0.101299 0.0604027 5.2429e-05
0 0.98757 0.728523 0.0174397 0.369799 5.24458e-05
9 0.458256 0.985906 0.0348794 0.0281879 5.25774e-05
9 0.687013 0.011745 0.0612245 0.0234899 5.25924e-05
5 0.0539889 0.0127517 0.107978 0.0255034 5.27177e-05
5 0.487755 0.0852349 0.389239 0.148993 5.28011e-05
6 0.50167 0.0308725 0.0445269 0.061745 5.29893e-05
7 0.613915 0.474832 0.0226345 0.0986577 5.31368e-05
6 0.453247 0.00771812 0.025603 0.0154362 5.31609e-05
6 0.729499 0.168121 0.0222635 0.0516779 5.32186e-05
6 0.127829 0.0912752 0.0211503 0.0402685 5.33025e-05
6 0.375881 0.636577 0.0200371 0.0422819 5.33586e-05
9 0.787013 1 0.0660482 0 5.35212e-05
7 0.491837 0.240268 0.0189239 0.0738255 5.36129e-05
6 0.499443 0.0184564 0.0853432 0.0369128 5.36881e-05
6 0.351577 0.969463 0.0931354 0.0610738 5.37741e-05
6 0.332282 0.989933 0.0619666 0.0201342 5.41026e-05
6 0.390167 0.0238255 0.0404453 0.047651 5.4185e-05
9 0.749351 1 0.064193 0 5.43967e-05
6 0.585529 0.0033557 0.0326531 0.00671141 5.45508e-05
6 0.280334 0.664094 0.0166976 0.0463087 5.45755e-05
6 0.282931 0.974832 0.0560297 0.0503356 5.45786e-05
7 0.465492 0.476175 0.0115028 0.0986577 5.46537e-05
6 0.52616 0.510738 0.0207792 0.0818792 5.46693e-05
6 0.993321 0.0506711 0.0096475 0.0718121 5.46759e-05
6 0.317069 0.365772 0.019666 0.033557 5.48672e-05
6 0.168089 0.912752 0.155102 0.107383 5.49258e-05
6 0.783302 0.533557 0.019295 0.0536913 5.4929e-05
6 0.444527 0.524161 0.0222635 0.0416107 5.49657e-05
6 0.00816326 0.00536913 0.0133581 0.0107383 5.50815e-05
6 0.360668 0.11745 0.0319109 0.0214765 5.52429e-05
5 0.135622 0.0708054 0.237106 0.101342 5.52715e-05
6 0.856957 0.104027 0.0701299 0.0375839 5.54755e-05
6 0.780334 0.935906 0.0378479 0.0785235 5.56141e-05
9 0.420037 0.996309 0.0846011 0.00738255 5.56454e-05
5 0.067718 0.0412752 0.135436 0.0825503 5.57068e-05
9 0.44898 0.982886 0.0920223 0.0342282 5.5852e-05
6 0.33692 0.360403 0.0593692 0.0711409 5.58585e-05
5 0.637291 0.014094 0.312059 0.0281879 5.59216e-05
9 0.456586 0.994966 0.0486085 0.0100671 5.63241e-05
6 0.67718 0.525168 0.0141002 0.0409396 5.63341e-05
6 0.723748 0.988926 0.0664193 0.0221477 5.65134e-05
6 0.377922 0.0238255 0.0975881 0.047651 5.65969e-05
6 0.324304 0.344966 0.0534323 0.052349 5.69728e-05
6 0.569944 0.208054 0.0556586 0.0832215 5.75111e-05
6 0.0734694 0.153356 0.0319109 0.0395973 5.76248e-05
6 0.843785 0.0909396 0.0571429 0.0355705 5.77552e-05
6 0.336549 0.353691 0.096475 0.12349 5.77726e-05
6 0.921336 0.144966 0.03859 0.0550336 5.79161e-05
5 0.262523 0.00771812 0.118367 0.0154362 5.80311e-05
6 0.480334 0.686577 0.0115028 0.0657718 5.8077e-05
6 0.725974 0.540604 0.0204082 0.0463087 5.82123e-05
7 0.391651 0.488926 0.0293135 0.0932886 5.83467e-05
6 0.574954 0.00469799 0.025603 0.00939597 5.86878e-05
6 0.488312 0.033557 0.0215213 0.0671141 5.91069e-05
6 0.350649 0.136913 0.128386 0.0872483 5.9357e-05
7 0.41243 0.424497 0.0152134 0.0879195 5.94187e-05
6 0.278664 0.310738 0.0326531 0.0966443 5.9533e-05
6 0.757699 0.572819 0.0311688 0.0463087 5.97612e-05
6 0.723377 0.182886 0.0270872 0.0704698 5.98744e-05
6 0.104082 0.0959732 0.0560297 0.052349 6.00498e-05
6 0.409647 0.656711 0.171429 0.130872 6.00671e-05
6 0.955844 0.147651 0.03859 0.0563758 6.0335e-05
6 0.0727273 0.87349 0.0608534 0.090604 6.04062e-05
6 0.978108 0.0090604 0.0437848 0.0181208 6.05343e-05
6 0.00705009 0.816443 0.012616 0.118792 6.05407e-05
6 0.311132 0.671141 0.0263451 0.0563758 6.07841e-05
6 0.650835 0.0114094 0.0185529 0.0228188 6.08712e-05
5 0.615955 0.0369128 0.175881 0.0738255 6.11789e-05
7 0.559926 0.448658 0.0163265 0.0865772 6.12249e-05
6 0.359926 0.121812 0.0460111 0.0395973 6.14791e-05
9 0.823933 1 0.064193 0 6.15841e-05
6 0.344527 0.100336 0.0500928 0.0234899 6.17174e-05
6 0.351206 0.16443 0.0530612 0.0469799 6.17967e-05
6 0.203525 0.90604 0.0486085 0.0563758 6.18336e-05
6 0.25603 0.989933 0.0556586 0.0201342 6.21902e-05
6 0.541002 0.594295 0.0274583 0.057047 6.22495e-05
6 0.492579 0.0090604 0.0137291 0.0181208 6.22655e-05
9 0.708349 0.00973154 0.0467532 0.0194631 6.24878e-05
8 0.908163 0.993624 0.0567718 0.0127517 6.26168e-05
6 0.65436 0.721141 0.32616 0.177852 6.28338e-05
9 0.933766 0.00604027 0.0760668 0.0120805 6.2916e-05
6 0.473098 0.233893 0.0163265 0.0543624 6.29881e-05
9 0.481262 0.994295 0.0497217 0.0114094 6.31035e-05
6 0.993692 0.97651 0.012616 0.0469799 6.3104e-05
6 0.50538 0.829195 0.466048 0.165772 6.31877e-05
6 0.321336 0.991946 0.0423006 0.0161074 6.33486e-05
6 0.789796 0.107047 0.0263451 0.0315436 6.34164e-05
6 0.386456 0.606711 0.0248609 0.0456376 6.34607e-05
6 0.362894 0.986242 0.0571429 0.0275168 6.35049e-05
6 0.220779 0.533557 0.0178108 0.0402685 6.35482e-05
7 0.427829 0.411074 0.0185529 0.0973154 6.35961e-05
6 0.555844 0.00637584 0.019295 0.0127517 6.37504e-05
6 0.315955 0.636242 0.0204082 0.0442953 6.37784e-05
6 0.223562 0.568456 0.0716141 0.0805369 6.39216e-05
5 0.69128 0.167785 0.210019 0.124832 6.39451e-05
6 0.607978 0.0147651 0.0218924 0.0295302 6.39837e-05
7 0.392764 0.42651 0.0226345 0.120134 6.40316e-05
9 0.0892393 0.973826 0.140631 0.052349 6.41437e-05
4 0.824861 0.719463 0.350278 0.406711 6.43123e-05
6 0.128571 0.57953 0.0567718 0.137584 6.44022e-05
5 0.484601 0.174497 0.639703 0.186577 6.4449e-05
6 0.571614 0.00872483 0.0805195 0.0174497 6.46031e-05
6 0.223006 0.619799 0.0170686 0.0369128 6.52828e-05
6 0.327644 0.518792 0.0178108 0.0322148 6.53438e-05
5 0.43859 0.05 0.204824 0.1 6.53603e-05
5 0.716512 0.120134 0.336178 0.146309 6.54035e-05
9 0.468275 0.97651 0.0348794 0.0469799 6.5517e-05
6 0.607607 0.971812 0.100557 0.0563758 6.5631e-05
6 0.346753 0.0124161 0.0434137 0.0248322 6.56715e-05
6 0.586642 0.00771812 0.0296846 0.0154362 6.56895e-05
5 0.742301 0.923154 0.312801 0.0919463 6.61399e-05
6 0.256215 0.575168 0.0218924 0.0483221 6.61795e-05
6 0.583673 0.00805369 0.045269 0.0161074 6.6274e-05
6 0.768831 0.547651 0.0356215 0.0442953 6.67075e-05
6 0.367347 0.587584 0.0200371 0.0543624 6.68219e-05
6 0.285529 0.293289 0.00927644 0.0832215 6.69253e-05
6 0.765492 0.576174 0.112059 0.112081 6.69328e-05
6 0.293507 0.364094 0.0252319 0.0369128 6.73015e-05
6 0.324675 0.715101 0.227829 0.153691 6.73333e-05
6 0.0358071 0.383893 0.0716141 0.351678 6.74629e-05
6 0.0172542 0.269463 0.0345083 0.140268 6.75756e-05
7 0.434694 0.383893 0.0463822 0.132886 6.78526e-05
6 0.149165 0.947651 0.0816327 0.0979866 6.78961e-05
6 0.768646 0.954698 0.0508349 0.0718121 6.7996e-05
9 0.860853 1 0.0638219 0 6.85096e-05
6 0.476623 0.0265101 0.064193 0.0530201 6.86012e-05
6 0.41744 0.633221 0.0534323 0.0744966 6.86355e-05
9 0.420223 0.989262 0.0471243 0.0214765 6.86514e-05
6 0.306865 0.366443 0.0207792 0.0322148 6.89148e-05
9 0.485714 0.98557 0.0727273 0.0288591 6.91372e-05
6 0.0714286 0.861074 0.0589981 0.198658 6.9367e-05
6 0.574211 0.211409 0.019666 0.042953 6.93964e-05
6 0.901855 0.548658 0.125788 0.309396 6.94498e-05
6 0.0402597 0.992282 0.0805195 0.0154362 6.98937e-05
6 0.40872 0.661074 0.0382189 0.0604027 7.03518e-05
6 0.469388 0.528188 0.0289425 0.061745 7.07675e-05
6 0.699443 0.511745 0.019295 0.0436242 7.10603e-05
6 0.956586 0.142953 0.0430427 0.122148 7.11236e-05
6 0.335622 0.521141 0.0241187 0.0543624 7.11391e-05
5 0.350464 0.222819 0.700928 0.445638 7.12826e-05
6 0.096475 0.119128 0.0356215 0.038255 7.13345e-05
6 0.291651 0.640604 0.0200371 0.0436242 7.14609e-05
6 0.4859 0.658389 0.0293135 0.103356 7.14815e-05
6 0.0745826 0.131544 0.0289425 0.042953 7.15183e-05
5 0.371058 0.97651 0.335436 0.0469799 7.17235e-05
5 0.844156 0.045302 0.311688 0.090604 7.18651e-05
7 0.333952 0.447315 0.064564 0.136242 7.21346e-05
9 0.933581 1 0.0719852 0 7.2236e-05
6 0.304267 0.991275 0.045269 0.0174497 7.27252e-05
6 0.545269 0.655705 0.0649351 0.095302 7.29974e-05
6 0.782746 0.556711 0.0226345 0.0503356 7.3132e-05
6 0.554545 0.139597 0.025603 0.0885906 7.32525e-05
6 0.728015 0.545973 0.0415584 0.0543624 7.33078e-05
5 0.213358 0.848993 0.426716 0.283221 7.33437e-05
7 0.483117 0.440604 0.0200371 0.116107 7.38165e-05
8 0.896846 0.145973 0.064564 0.0731544 7.39104e-05
9 0.928571 0.0879195 0.0352505 0.0550336 7.41046e-05
2 0.781818 0.908725 0.436364 0.18255 7.41123e-05
6 0.464007 0.873154 0.358813 0.126174 7.41682e-05
6 0.835436 0.949664 0.0820037 0.0899329 7.41781e-05
8 0.985158 0.200336 0.0296846 0.175168 7.45212e-05
9 0.119852 0.00973154 0.0430427 0.0194631 7.46927e-05
6 0.244156 0.638255 0.0163265 0.0375839 7.52714e-05
5 0.534137 0.294966 0.258627 0.152349 7.54724e-05
6 0.598516 0.0275168 0.0400742 0.0550336 7.54997e-05
6 0.991837 0.0228188 0.0103896 0.0456376 7.5781e-05
5 0.870501 0.830872 0.258998 0.338255 7.59641e-05
6 0.740074 0.604698 0.0337662 0.0469799 7.62301e-05
2 0.839889 0.289933 0.272727 0.255034 7.62505e-05
6 0.325232 0.497651 0.1859 0.145638 7.62778e-05
6 0.272356 0.535235 0.057885 0.0651007 7.6439e-05
6 0.221707 0.553356 0.019666 0.0409396 7.64492e-05
6 0.927829 0.245973 0.113173 0.136242 7.65416e-05
5 0.19833 0.108054 0.39666 0.216107 7.67196e-05
6 0.288868 0.35302 0.0248609 0.0738255 7.69977e-05
6 0.650464 0.00637584 0.0230056 0.0127517 7.75382e-05
9 0.537291 0.982886 0.0705009 0.0342282 7.77505e-05
6 0.0230056 0.00369128 0.0460111 0.00738255 7.77641e-05
9 0.382931 1 0.071243 0 7.83095e-05
5 0.180334 0.951342 0.360668 0.0973154 7.85284e-05
6 0.617625 0.72349 0.0552876 0.0765101 7.8542e-05
6 0.802597 0.532215 0.0215213 0.0469799 7.85424e-05
6 0.369202 0.10906 0.0808905 0.0718121 7.87805e-05
9 0.102041 0.990268 0.0942486 0.0194631 7.92012e-05
6 0.734137 0.548993 0.0204082 0.0375839 7.93827e-05
9 0.543785 0.972148 0.0293135 0.0557047 7.96156e-05
6 0.222449 0.538926 0.0330241 0.0375839 8.00001e-05
5 0.923377 0.0536913 0.153247 0.107383 8.00573e-05
5 0.574026 0.0281879 0.136549 0.0563758 8.01467e-05
6 0.223006 0.598658 0.0178108 0.0362416 8.08395e-05
6 0.251948 0.54698 0.0541744 0.0604027 8.11845e-05
6 0.491466 0.283893 0.0293135 0.095302 8.14079e-05
6 0.087384 0.0956376 0.0226345 0.038255 8.17407e-05
5 0.889981 0.975503 0.220037 0.0489933 8.17675e-05
6 0.543785 0.584228 0.019666 0.0355705 8.18477e-05
5 0.174768 0.229866 0.349536 0.310738 8.1923e-05
6 0.520223 0.519127 0.0333952 0.133557 8.23845e-05
6 0.790724 0.618792 0.0267161 0.0402685 8.27886e-05
9 0.344527 1 0.0745826 0 8.3083e-05
6 0.61948 0.638926 0.0189239 0.042953 8.32592e-05
6 0.475139 0.664765 0.0137291 0.0624161 8.3283e-05
6 0.462338 0.0181208 0.0230056 0.0362416 8.35587e-05
6 0.273284 0.965772 0.119852 0.0684564 8.38386e-05
6 0.672727 0.518456 0.019295 0.0449664 8.38658e-05
9 0.830983 0.0422819 0.025603 0.0765101 8.38848e-05
6 0.988312 0.0671141 0.0233766 0.10604 8.38963e-05
5 0.254917 0.0734899 0.127644 0.122819 8.40367e-05
9 0.544341 0.99396 0.0430427 0.0120805 8.41565e-05
5 0.096846 0.0191275 0.193692 0.038255 8.43474e-05
6 0.269017 0.628523 0.120965 0.116107 8.48568e-05
6 0.579777 0.638255 0.044898 0.0751678 8.52892e-05
6 0.572356 0.89094 0.025603 0.0503356 8.5489e-05
6 0.504267 0.837919 0.0482375 0.0677852 8.56393e-05
6 0.989796 0.0258389 0.0204082 0.0516779 8.64176e-05
6 0.345826 0.109732 0.0623377 0.0463087 8.66106e-05
6 0.222449 0.611074 0.0359926 0.0516779 8.67297e-05
6 0.288126 0.329866 0.0211503 0.0489933 8.69169e-05
6 0.495918 0.61745 0.0174397 0.0630872 8.70386e-05
6 0.402968 0.592617 0.0638219 0.0979866 8.76557e-05
6 0.433395 0.357383 0.045269 0.057047 8.79476e-05
6 0.488497 0.0187919 0.0122449 0.033557 8.79655e-05
6 0.483673 0.0221477 0.0285714 0.0442953 8.82624e-05
6 0.717811 0.170805 0.0211503 0.0516779 8.85143e-05
6 0.00333952 0.855705 0.00667904 0.122148 8.9829e-05
6 0.45436 0.0157718 0.025603 0.0315436 9.01477e-05
6 0.792022 0.598993 0.0241187 0.0449664 9.02763e-05
6 0.130612 0.0983221 0.0378479 0.0449664 9.04934e-05
9 0.830612 0.991946 0.107236 0.0161074 9.0619e-05
6 0.311132 0.362081 0.0552876 0.0583893 9.10076e-05
7 0.43859 0.481208 0.0155844 0.0899329 9.18633e-05
6 0.792393 0.532215 0.019666 0.0442953 9.20766e-05
5 0.31577 0.00771812 0.155844 0.0154362 9.20978e-05
6 0.741744 0.646644 0.0252319 0.0422819 9.21021e-05
6 0.776252 0.112081 0.0289425 0.0322148 9.21945e-05
5 0.470872 0.102685 0.801484 0.205369 9.2719e-05
6 0.470315 0.658725 0.0248609 0.0865772 9.31568e-05
6 0.992393 0.100671 0.0107607 0.0818792 9.38718e-05
9 0.307792 1 0.0693878 0 9.39236e-05
9 0.569388 0.994295 0.0790353 0.0114094 9.39731e-05
6 0.574026 0.593624 0.0163265 0.0422819 9.47171e-05
6 0.473098 0.268456 0.0178108 0.0657718 9.48479e-05
5 0.533581 0.0238255 0.401484 0.047651 9.58516e-05
8 0.872913 0.0875839 0.0575139 0.0651007 9.59037e-05
6 0.86679 0.934228 0.112801 0.107383 9.65971e-05
9 0.96308 0.975168 0.0463822 0.0496644 9.72907e-05
6 0.360111 0.760738 0.0337662 0.0677852 9.77893e-05
9 0.8718 0.989262 0.111688 0.0214765 9.79596e-05
6 0.777922 0.610067 0.0337662 0.0510067 9.83176e-05
8 0.00166976 0.0771812 0.00333952 0.0979866 9.83215e-05
6 0.981262 0.151678 0.025603 0.0751678 9.83887e-05
6 0.282931 0.522483 0.0166976 0.0422819 9.8677e-05
6 0.938776 0.138926 0.0356215 0.0483221 9.93931e-05
6 0.571429 0.621141 0.0185529 0.0409396 9.98669e-05
6 0.57013 0.64396 0.0293135 0.0557047 0.000100309
6 0.742301 0.666443 0.0204082 0.0416107 0.000100395
5 0.242115 0.948993 0.380334 0.102013 0.000100548
9 0.822635 0.0392617 0.025974 0.0342282 0.000100661
5 0.281818 0.0724832 0.563636 0.144966 0.000100817
9 0.899814 1 0.0623377 0 0.000100906
9 0.273098 1 0.0697588 0 0.000101693
6 0.366419 0.510403 0.0745826 0.124161 0.000101735
5 0.765492 0.0926175 0.20705 0.095302 0.000101784
6 0.390909 0.0127517 0.0426716 0.0255034 0.000101831
5 0.737291 0.0600671 0.181818 0.116107 0.000102038
6 0.319295 0.358389 0.0352505 0.0308725 0.000102631
6 0.453061 0.0221477 0.0393321 0.0442953 0.000102954
9 0.161039 0.988926 0.090538 0.0221477 0.000103037
7 0.38757 0.388591 0.0456401 0.150336 0.000103194
5 0.447681 0.0315436 0.120594 0.0630872 0.000103731
5 0.84026 0.00738255 0.190352 0.0147651 0.000103816
6 0.357143 0.662081 0.0248609 0.0651007 0.000103936
6 0.303154 0.650336 0.0244898 0.0550336 0.000104051
6 0.769388 0.580201 0.0374768 0.0503356 0.000104283
6 0.915399 0.192953 0.148423 0.121477 0.000105785
5 0.329314 0.0805369 0.166605 0.112752 0.000107088
6 0.347681 0.63255 0.0319109 0.0449664 0.000107272
6 0.73859 0.610738 0.0627087 0.0577181 0.000107838
6 0.557143 0.434564 0.0545455 0.108054 0.000108015
6 0.101113 0.318121 0.0597403 0.10604 0.000109618
6 0.993135 0.144631 0.0137291 0.185906 0.000110865
6 0.764935 0.653691 0.0263451 0.0510067 0.000111326
6 0.646753 0.535906 0.0207792 0.0409396 0.000111403
9 0.923562 0.980873 0.0705009 0.038255 0.000111517
5 0.34397 0.0355705 0.192208 0.0711409 0.00011162
9 0.954731 0.088255 0.0274583 0.0583893 0.000112183
6 0.366605 0.16745 0.0304267 0.0758389 0.000112716
6 0.25603 0.636242 0.0178108 0.0375839 0.000114475
9 0.991837 0.975503 0.0163265 0.0489933 0.000114551
6 0.597032 0.630872 0.0356215 0.0644295 0.000114885
6 0.286085 0.642617 0.0378479 0.0637584 0.000115137
6 0.742672 0.619799 0.0293135 0.0436242 0.000115811
6 0.369573 0.155034 0.0667903 0.0671141 0.000115892
0 0.994249 0.888926 0.0115028 0.222148 0.00011609
6 0.213729 0.94698 0.0571429 0.0832215 0.000116317
6 0.303896 0.52047 0.0304267 0.0543624 0.000117068
9 0.792579 0.998658 0.0883117 0.00268456 0.000117376
6 0.316883 0.520805 0.0178108 0.0402685 0.000117496
6 0.499258 0.289262 0.0189239 0.0590604 0.000117949
5 0.82282 0.967114 0.296475 0.0657718 0.00011828
5 0.822078 0.853356 0.355844 0.293289 0.000119018
9 0.839332 0.0590604 0.0244898 0.061745 0.000119339
6 0.43525 0.607383 0.0311688 0.0738255 0.000120825
6 0.732839 0.56443 0.0289425 0.0402685 0.000120859
9 0.546753 0.988591 0.0345083 0.0228188 0.000120925
5 0.514286 0.0815436 0.199629 0.11745 0.000120998
5 0.716327 0.0332215 0.270501 0.066443 0.000121493
6 0.791095 0.553356 0.0230056 0.047651 0.000121519
6 0.275139 0.487248 0.0270872 0.0442953 0.000122363
5 0.634879 0.260738 0.325046 0.227517 0.000124238
2 0.467161 0.429195 0.250093 0.191275 0.000124678
6 0.690724 0.579195 0.0486085 0.0590604 0.000124777
6 0.28757 0.311409 0.0163265 0.118121 0.000125168
6 0.27718 0.478523 0.0141002 0.0308725 0.000125631
8 0.209647 0.986242 0.12987 0.0275168 0.000126113
6 0.989796 0.054698 0.0159555 0.109396 0.000126115
6 0.279963 0.990604 0.0530612 0.0187919 0.000126158
6 0.506122 0.51745 0.0333952 0.110067 0.000127301
9 0.60705 1 0.071243 0 0.000128222
6 0.732468 0.171812 0.0423006 0.0791946 0.000128697
6 0.779592 0.116443 0.0586271 0.0516779 0.00012959
9 0.968831 0.986242 0.0489796 0.0275168 0.000129792
6 0.491837 0.264094 0.0159555 0.0704698 0.000130353
0 0.994063 0.875168 0.0118738 0.162416 0.000130374
5 0.237477 0.143289 0.474954 0.25302 0.000130721
6 0.544341 0.649329 0.474954 0.22349 0.000131322
6 0.721892 0.913423 0.077551 0.173154 0.000133376
9 0.908349 0.088255 0.0378479 0.0503356 0.000133575
6 0.719481 0.623154 0.0252319 0.0489933 0.000135213
6 0.0961039 0.0875839 0.0274583 0.0704698 0.000135636
9 0.839332 0.057047 0.0185529 0.0362416 0.00013604
7 0.416512 0.391611 0.0434137 0.149664 0.000136085
6 0.306122 0.357383 0.0311688 0.0302013 0.000136094
6 0.48256 0.0194631 0.0159555 0.0375839 0.000137439
5 0.887755 0.100671 0.199258 0.0845638 0.000138019
5 0.145826 0.960403 0.269388 0.0791946 0.000139447
6 0.616698 0.0181208 0.0749536 0.0362416 0.000140451
7 0.33692 0.478188 0.0460111 0.116107 0.000140859
5 0.0985158 0.983893 0.197032 0.0322148 0.000140966
6 0.992022 0.129866 0.0159555 0.0610738 0.000141096
6 0.251948 0.559396 0.0207792 0.038255 0.000141158
9 0.961596 0.977852 0.0270872 0.033557 0.000141315
6 0.369202 0.547651 0.0163265 0.0630872 0.000141455
9 0.645826 1 0.0679035 0 0.000142398
6 0.325232 0.727181 0.0560297 0.0865772 0.000143038
6 0.730241 0.93557 0.0794063 0.100671 0.000144149
6 0.00500928 0.964765 0.0100186 0.0704698 0.000145578
5 0.501113 0.902349 0.593321 0.195302 0.000145929
6 0.939703 0.339262 0.0805195 0.220805 0.000147701
6 0.464378 0.521477 0.0137291 0.0550336 0.000148257
6 0.97013 0.146644 0.0315399 0.0731544 0.000148805
9 0.822263 0.0536913 0.019295 0.0295302 0.000149434
8 0.0333952 0.962416 0.0667903 0.0751678 0.000150666
9 0.469573 0.989933 0.038961 0.0201342 0.000151766
6 0.454545 0.565436 0.0185529 0.0369128 0.000153639
6 0.781447 0.57651 0.0222635 0.0456376 0.000154071
6 0.571057 0.975839 0.096475 0.0483221 0.000154239
5 0.437848 0.0127517 0.175881 0.0255034 0.000154741
5 0.151577 0.923826 0.303154 0.1 0.000155723
6 0.564378 0.198322 0.0237477 0.0838926 0.00015594
6 0.755102 0.637584 0.0230056 0.042953 0.000156395
5 0.535065 0.052349 0.435622 0.104698 0.000157039
5 0.701484 0.0748322 0.597032 0.149664 0.000157751
6 0.582375 0.632215 0.0189239 0.0456376 0.000158349
4 0.526716 0.731544 0.72987 0.319463 0.000158933
6 0.594991 0.528524 0.0248609 0.0637584 0.000159849
6 0.00816326 0.195638 0.0163265 0.101342 0.000160444
10 0.436549 0.51745 0.0122449 0.0362416 0.000160475
6 0.246382 0.580872 0.0541744 0.066443 0.000160918
9 0.915584 0.990604 0.070872 0.0187919 0.000161071
6 0.632653 0.635906 0.0230056 0.0436242 0.000161258
6 0.00742115 0.983557 0.0111317 0.0328859 0.000161819
9 0.665306 0.0104027 0.0482375 0.0208054 0.000162306
9 0.718553 1 0.0723562 0 0.00016258
6 0.47384 0.610403 0.0808905 0.11745 0.000163994
5 0.243228 0.971812 0.278664 0.0563758 0.000164061
6 0.614471 0.633557 0.0408163 0.0510067 0.000164455
9 0.681262 1 0.0727273 0 0.000164553
9 0.832468 0.0432886 0.0211503 0.0369128 0.00016459
6 0.721892 0.561074 0.118367 0.116779 0.000165234
9 0.607236 0.00671141 0.0263451 0.0134228 0.000166886
3 0.351577 0.661745 0.650464 0.502013 0.000168063
8 0.433952 0.549664 0.195547 0.0791946 0.000170326
5 0.841929 0.0372483 0.233024 0.0677852 0.000170707
6 0.292022 0.675168 0.0512059 0.0818792 0.000171311
6 0.724675 0.55906 0.025974 0.0375839 0.000171367
6 0.720223 0.241275 0.0282004 0.152349 0.000171371
8 0.0038961 0.11745 0.00779221 0.234899 0.000171737
5 0.510575 0.965436 0.192208 0.0691275 0.0001725
6 0.767904 0.603691 0.0226345 0.0422819 0.000173109
6 0.250278 0.609396 0.0619666 0.0724832 0.000173583
6 0.331169 0.574497 0.0300557 0.0483221 0.000173802
6 0.763636 0.593624 0.0378479 0.0489933 0.000174145
9 0.234137 0.996309 0.0697588 0.00738255 0.000175277
5 0.675696 0.0218121 0.122449 0.0436242 0.00017543
6 0.737106 0.609396 0.165121 0.148993 0.000176164
6 0.508905 0.52651 0.0760668 0.14698 0.000177928
6 0.991651 0.0100671 0.0137291 0.0201342 0.000177971
9 0.201113 0.977852 0.0719852 0.0442953 0.000178661
6 0.946568 0.200671 0.0690167 0.0966443 0.000179488
8 0.987755 0.936913 0.0244898 0.126174 0.000180318
8 0.00538033 0.119799 0.0107607 0.0973154 0.000180351
5 0.376067 0.014094 0.159184 0.0281879 0.000180888
6 0.762523 0.639597 0.03859 0.0644295 0.000181101
6 0.379592 0.639933 0.0497217 0.057047 0.00018156
6 0.292393 0.358054 0.0163265 0.0275168 0.000183472
9 0.960668 0.955369 0.0437848 0.0892617 0.000183845
6 0.77885 0.596309 0.0222635 0.0422819 0.000184253
5 0.733581 0.0147651 0.160297 0.0295302 0.000184291
9 0.956215 0.996309 0.0489796 0.00738255 0.000185022
9 0.956401 0.989933 0.0337662 0.0201342 0.000185142
6 0.287384 0.313087 0.0107607 0.0718121 0.000185791
6 0.69462 0.653691 0.0512059 0.0751678 0.000187234
6 0.277922 0.638926 0.0200371 0.0416107 0.000187383
6 0.23321 0.617785 0.0181818 0.0328859 0.000190535
5 0.853432 0.0832215 0.293135 0.166443 0.000191009
6 0.717811 0.605034 0.032282 0.038255 0.000191832
6 0.269017 0.626846 0.0282004 0.052349 0.000192444
8 0.981633 0.967785 0.0367347 0.0644295 0.00019499
8 0.995362 0.0449664 0.00927644 0.0899329 0.000195096
5 0.515584 0.0110738 0.231911 0.0221477 0.000198794
6 0.950649 0.280872 0.0638219 0.165772 0.000199263
6 0.295547 0.627517 0.0471243 0.0684564 0.000201217
7 0.33525 0.460738 0.0152134 0.0986577 0.000203853
6 0.231354 0.541611 0.0174397 0.0362416 0.000204606
6 0.338219 0.650336 0.211874 0.138255 0.000204893
6 0.736735 0.630872 0.0523191 0.061745 0.000204971
6 0.23154 0.601007 0.019295 0.0315436 0.000205221
6 0.379406 0.640604 0.0938776 0.0838926 0.000205543
5 0.489425 0.0590604 0.639703 0.118121 0.000207179
5 0.902226 0.0090604 0.195547 0.0181208 0.000207364
7 0.374583 0.410067 0.0211503 0.127517 0.000207859
6 0.495547 0.0244966 0.0181818 0.0489933 0.000208043
9 0.755844 1 0.0719852 0 0.000208108
6 0.69295 0.634899 0.0820037 0.0818792 0.000208298
9 0.95603 0.985906 0.064193 0.0281879 0.000209268
3 0.103154 0.568792 0.206308 0.862416 0.000209817
5 0.535436 0.0402685 0.21744 0.0805369 0.000210238
6 0.368275 0.161745 0.0226345 0.0241611 0.000210387
6 0.285714 0.541611 0.0200371 0.0416107 0.00021276
6 0.224675 0.57349 0.032282 0.0409396 0.000216085
6 0.357885 0.733557 0.0337662 0.0818792 0.000217716
6 0.513915 0.615436 0.0178108 0.0657718 0.000219989
6 0.378664 0.548322 0.0233766 0.0604027 0.000223994
5 0.49833 0.973154 0.414842 0.0536913 0.000224135
6 0.303896 0.569128 0.0230056 0.0375839 0.000224151
6 0.317625 0.635906 0.0378479 0.0731544 0.000227762
6 0.457514 0.52651 0.0170686 0.0463087 0.000230883
6 0.617625 0.524161 0.0174397 0.0510067 0.000232127
6 0.70334 0.56745 0.0337662 0.0503356 0.000235786
8 0.989425 0.136577 0.0211503 0.109396 0.000238511
6 0.296475 0.50604 0.0467532 0.0751678 0.000238728
3 0.877737 0.598993 0.244527 0.697315 0.000239314
6 0.239147 0.541946 0.0174397 0.0355705 0.000239835
6 0.617254 0.623154 0.0211503 0.0369128 0.000245142
0 0.993692 0.0795302 0.012616 0.140268 0.000252315
9 0.831725 0.0513423 0.0137291 0.0302013 0.00025293
7 0.469573 0.445638 0.0538033 0.127517 0.000253336
6 0.37551 0.608389 0.0252319 0.0369128 0.000260441
6 0.494434 0.0208054 0.00779221 0.0322148 0.000261763
7 0.602597 0.483557 0.0163265 0.128188 0.000262094
6 0.67384 0.610738 0.0415584 0.0389262 0.000262123
5 0.141002 0.910403 0.282004 0.179195 0.000265653
6 0.602783 0.625503 0.0211503 0.0375839 0.000268071
8 0.39666 0.521141 0.0615955 0.0731544 0.000273288
6 0.483302 0.282886 0.0189239 0.066443 0.000278701
6 0.756215 0.623154 0.0207792 0.0395973 0.000281038
6 0.485158 0.526174 0.0218924 0.0550336 0.000285712
6 0.655659 0.610738 0.0296846 0.0348993 0.000286058
5 0.868646 0.104698 0.262709 0.138255 0.000294295
6 0.273098 0.539262 0.0333952 0.0409396 0.000295562
10 0.00686456 0.871141 0.012987 0.122148 0.000298333
6 0.0274583 0.980201 0.0549165 0.0395973 0.000300209
6 0.317625 0.637919 0.10167 0.116107 0.000301609
5 0.677737 0.0124161 0.142857 0.0248322 0.000302449
5 0.501855 0.253691 0.486456 0.260403 0.000305497
6 0.691095 0.546309 0.0278293 0.0496644 0.000306293
6 0.00723562 0.930537 0.0122449 0.105369 0.000307527
5 0.733581 0.132215 0.532839 0.240268 0.000317728
6 0.676067 0.626175 0.0333952 0.0510067 0.00031829
6 0.307607 0.6 0.0252319 0.0442953 0.000318432
6 0.594063 0.625503 0.0207792 0.0389262 0.000322451
7 0.562709 0.476175 0.0189239 0.0892617 0.000323145
6 0.233766 0.573825 0.0200371 0.0375839 0.00033754
6 0.561224 0.160067 0.019666 0.0919463 0.000340141
6 0.206494 0.914765 0.0723562 0.17047 0.00034122
6 0.270501 0.635235 0.0178108 0.0409396 0.000343851
6 0.298887 0.57047 0.107236 0.0966443 0.000344949
6 0.440445 0.538591 0.0163265 0.047651 0.000344951
6 0.986827 0.277852 0.0263451 0.198658 0.000351997
6 0.550649 0.515101 0.0178108 0.0798658 0.0003573
6 0.75269 0.652685 0.0248609 0.0516779 0.000362004
6 0.617625 0.545973 0.0382189 0.0530201 0.000362911
5 0.880334 0.0221477 0.218553 0.0442953 0.000369837
6 0.474397 0.607718 0.025603 0.0758389 0.0003762
10 0.430612 0.516779 0.012987 0.0416107 0.000385492
7 0.528386 0.492617 0.0897959 0.126174 0.000387228
6 0.62449 0.645638 0.227087 0.13557 0.000387519
8 0.00241187 0.125503 0.00482375 0.102013 0.000391304
6 0.582375 0.0218121 0.0782931 0.0436242 0.000394094
6 0.3141 0.581879 0.0241187 0.0375839 0.000396178
6 0.643785 0.62349 0.103154 0.0778523 0.000397396
0 0.987199 0.854362 0.0189239 0.291275 0.000398246
8 0.00612245 0.151007 0.0122449 0.132886 0.000405818
6 0.364193 0.63255 0.0374768 0.057047 0.000411914
6 0.244341 0.617785 0.019666 0.0355705 0.000428934
6 0.618182 0.576846 0.0244898 0.0409396 0.00044471
7 0.457143 0.463758 0.0222635 0.139597 0.000446689
6 0.986271 0.0969799 0.0118738 0.0744966 0.000450438
6 0.631354 0.532215 0.0226345 0.0402685 0.000451044
6 0.756215 0.605705 0.0304267 0.0489933 0.000456872
6 0.492208 0.285906 0.012987 0.0671141 0.000458258
6 0.733952 0.594295 0.108349 0.0838926 0.000478299
6 0.0972171 0.0996644 0.0326531 0.0315436 0.000483463
6 0.659369 0.538926 0.0296846 0.0469799 0.000483468
6 0.687013 0.536913 0.0166976 0.042953 0.000488384
2 0.506494 0.468456 0.166976 0.17047 0.000491905
2 0.59462 0.462416 0.443414 0.245638 0.000495204
7 0.489054 0.465436 0.0571429 0.157718 0.000506417
7 0.47718 0.46745 0.0215213 0.156376 0.000513512
7 0.561967 0.160403 0.0115028 0.0630872 0.000525102
9 0.596475 0.00637584 0.0315399 0.0127517 0.000527392
6 0.471058 0.569463 0.0189239 0.0342282 0.000528323
6 0.776067 0.625168 0.0218924 0.038255 0.000535001
6 0.269573 0.612416 0.0508349 0.0624161 0.000554493
6 0.363265 0.169128 0.0341373 0.0362416 0.000558098
6 0.618553 0.591275 0.0326531 0.0416107 0.000564827
6 0.482189 0.594966 0.019666 0.0557047 0.000572718
5 0.598145 0.0134228 0.138033 0.0268456 0.000585366
6 0.391095 0.618456 0.0972171 0.0583893 0.000586319
6 0.603711 0.552013 0.0341373 0.0503356 0.000617213
6 0.578664 0.605705 0.0181818 0.0395973 0.000618205
6 0.245269 0.600336 0.019295 0.0369128 0.000620471
6 0.242301 0.573825 0.0207792 0.0402685 0.00062538
10 0.420223 0.50906 0.025603 0.0516779 0.000637695
8 0.871058 0.0755034 0.103525 0.0744966 0.000647221
6 0.316883 0.537919 0.0207792 0.0395973 0.000647273
6 0.598887 0.0124161 0.057885 0.0248322 0.000653395
6 0.468831 0.539597 0.0946197 0.0818792 0.000656221
6 0.293321 0.601007 0.0233766 0.0503356 0.00067141
6 0.527087 0.577181 0.0597403 0.0536913 0.000676282
6 0.329685 0.602685 0.0382189 0.0469799 0.000685076
6 0.766976 0.624161 0.0252319 0.0389262 0.000685437
6 0.258442 0.61745 0.0233766 0.0416107 0.000703485
6 0.585343 0.544295 0.0152134 0.0456376 0.000706149
6 0.98757 0.140604 0.0152134 0.0771812 0.00070828
6 0.630241 0.646309 0.0456401 0.0657718 0.00072424
6 0.567904 0.204698 0.0241187 0.0469799 0.000743334
7 0.390167 0.471812 0.221521 0.171812 0.000745893
7 0.424861 0.461074 0.0593692 0.126174 0.000756282
6 0.642857 0.55302 0.0233766 0.0389262 0.00075695
6 0.240074 0.558389 0.019295 0.0375839 0.000783261
6 0.641373 0.621141 0.0478664 0.047651 0.00078936
6 0.633766 0.601007 0.0274583 0.038255 0.000801371
6 0.32987 0.505369 0.0341373 0.085906 0.000823474
6 0.497403 0.581879 0.0434137 0.0872483 0.000831159
6 0.337291 0.561409 0.03859 0.0449664 0.000833082
2 0.884787 0.151342 0.230427 0.105369 0.000855332
6 0.298701 0.538591 0.0445269 0.0610738 0.000895867
7 0.611503 0.497651 0.0363636 0.113423 0.000913529
6 0.352505 0.541611 0.0185529 0.0469799 0.000918929
6 0.283859 0.608389 0.0415584 0.0449664 0.000922095
4 0.411503 0.448658 0.460111 0.297315 0.000939594
7 0.374026 0.446309 0.0504638 0.126174 0.000969663
6 0.572171 0.571477 0.0519481 0.0422819 0.000980472
6 0.275881 0.618121 0.0270872 0.042953 0.000990283
6 0.340631 0.652349 0.0356215 0.0630872 0.000991765
6 0.648237 0.586242 0.0267161 0.0409396 0.0010102
6 0.247124 0.583557 0.0252319 0.0395973 0.00101798
8 0.99295 0.939933 0.0141002 0.101342 0.00102951
6 0.732468 0.592282 0.0437848 0.0436242 0.00104109
7 0.573655 0.466443 0.090538 0.12349 0.00105438
6 0.250464 0.610067 0.0252319 0.042953 0.00105739
6 0.659926 0.581879 0.0330241 0.0402685 0.00105761
10 0.372171 0.514765 0.0178108 0.052349 0.00107326
6 0.528942 0.587919 0.0211503 0.0402685 0.00109038
6 0.641373 0.612752 0.0278293 0.0348993 0.00110062
0 0.00463822 0.898322 0.00927644 0.12953 0.00114753
5 0.857699 0.924832 0.284601 0.0912752 0.00117299
7 0.719109 0.264765 0.0170686 0.243624 0.00124047
6 0.988126 0.19396 0.0237477 0.136913 0.00130325
6 0.467347 0.550336 0.0419295 0.0832215 0.0013408
7 0.466048 0.466443 0.019295 0.142282 0.00135295
7 0.379777 0.443624 0.0879406 0.166443 0.00137505
6 0.595733 0.586577 0.0241187 0.042953 0.0014046
7 0.3718 0.477517 0.0148423 0.0825503 0.00143088
5 0.849536 0.912081 0.300928 0.175839 0.00156016
6 0.316141 0.608054 0.0371058 0.0483221 0.00158464
6 0.335622 0.547651 0.0530612 0.052349 0.00158716
2 0.871429 0.183221 0.257143 0.202685 0.00159087
6 0.541373 0.547987 0.0497217 0.0624161 0.00162402
6 0.581076 0.574161 0.0200371 0.0436242 0.00163543
6 0.29833 0.568456 0.0356215 0.0563758 0.00166083
0 0.00871985 0.886577 0.0115028 0.226846 0.00170382
8 0.439518 0.533221 0.0493506 0.0798658 0.00171792
6 0.258442 0.595302 0.0293135 0.0416107 0.0017781
3 0.72282 0.658725 0.549165 0.577852 0.00178592
6 0.567904 0.551342 0.0716141 0.0516779 0.00181604
3 0.512059 0.548993 0.549907 0.500671 0.001826
6 0.642115 0.628859 0.0211503 0.0389262 0.00183041
8 0.874026 0.0711409 0.218553 0.0644295 0.00184904
6 0.705566 0.554698 0.058256 0.0677852 0.00200953
6 0.490167 0.550671 0.0445269 0.0731544 0.00215201
6 0.20538 0.936577 0.110204 0.0785235 0.00216783
6 0.512059 0.547987 0.162523 0.0744966 0.00217183
7 0.719295 0.266443 0.0144712 0.128859 0.00221602
8 0.446382 0.550671 0.0311688 0.0610738 0.00224947
7 0.568646 0.468456 0.0300557 0.134228 0.00235229
6 0.495733 0.593289 0.0244898 0.0630872 0.00236435
7 0.378293 0.49094 0.019666 0.0691275 0.002385
6 0.267347 0.609396 0.025603 0.0496644 0.00242212
6 0.312987 0.584899 0.0367347 0.0557047 0.00247053
7 0.353618 0.455034 0.0230056 0.126174 0.00294682
8 0.433024 0.536913 0.0252319 0.0536913 0.00298531
8 0.383859 0.590268 0.525788 0.275839 0.00354598
7 0.432839 0.452013 0.0233766 0.133557 0.00398834
6 0.655288 0.624161 0.0311688 0.0389262 0.00400707
6 0.475325 0.548658 0.0311688 0.0557047 0.0041248
6 0.635993 0.623154 0.0244898 0.0342282 0.00415076
7 0.578479 0.486577 0.0348794 0.12349 0.0041854
7 0.374954 0.49698 0.0107607 0.0516779 0.0044213
8 0.707236 0.629866 0.328757 0.258389 0.00471377
7 0.425232 0.474497 0.0096475 0.100671 0.00579066
6 0.605009 0.584564 0.0248609 0.0402685 0.00619877
6 0.570501 0.570805 0.0233766 0.0422819 0.00624119
6 0.461039 0.545973 0.0233766 0.047651 0.00732503
6 0.369573 0.618121 0.0341373 0.0469799 0.00733793
6 0.293692 0.539597 0.025603 0.0469799 0.00770001
6 0.701484 0.594295 0.0397032 0.0610738 0.00836806
7 0.367161 0.457047 0.0181818 0.136913 0.00842017
6 0.34731 0.577517 0.0371058 0.0583893 0.00889664
6 0.365121 0.534228 0.0185529 0.0416107 0.00944772
8 0.41243 0.560738 0.245269 0.169799 0.00971194
6 0.615213 0.563758 0.0868275 0.0469799 0.00993667
6 0.639147 0.580537 0.0307978 0.0389262 0.0117297
6 0.391095 0.619128 0.0319109 0.0422819 0.012198
6 0.563451 0.564094 0.0270872 0.0422819 0.0135775
6 0.301484 0.548322 0.0278293 0.0402685 0.0137427
6 0.486085 0.567785 0.0252319 0.0389262 0.0138176
6 0.711132 0.55906 0.0330241 0.0389262 0.0150859
7 0.429314 0.465772 0.0118738 0.130201 0.0160802
6 0.202597 0.929195 0.064564 0.057047 0.0189264
7 0.555288 0.486242 0.0226345 0.120134 0.0201192
6 0.515028 0.589262 0.0222635 0.0536913 0.0230277
7 0.587755 0.480872 0.0178108 0.104027 0.0247805
7 0.412987 0.44396 0.0282004 0.133557 0.0398948
6 0.37718 0.545973 0.0545455 0.0543624 0.0419671
7 0.376994 0.475839 0.0103896 0.0926175 0.0444092
7 0.392764 0.452349 0.0374768 0.143624 0.0453501
6 0.526902 0.565101 0.0237477 0.0402685 0.0606047
6 0.623562 0.560403 0.0352505 0.0402685 0.0736288
6 0.553061 0.548322 0.0204082 0.0469799 0.0825158
6 0.611317 0.562081 0.0337662 0.0422819 0.085446
6 0.347124 0.550336 0.0248609 0.042953 0.08764
6 0.505751 0.553356 0.0230056 0.0436242 0.0896905
6 0.546753 0.560067 0.0270872 0.0449664 0.107277
6 0.58256 0.533221 0.0230056 0.0852349 0.139319
6 0.337106 0.548658 0.025603 0.0395973 0.149282
9 0.575325 0.569128 0.0204082 0.0281879 0.169548
6 0.637662 0.564094 0.032282 0.038255 0.258427
8 0.424861 0.544295 0.0437848 0.0697987 0.273107
6 0.603154 0.57047 0.0293135 0.0322148 0.274694
6 0.350835 0.595638 0.0307978 0.0463087 0.275745
6 0.581447 0.563087 0.0282004 0.042953 0.282656
6 0.489981 0.555369 0.0293135 0.0436242 0.395052
6 0.657699 0.561745 0.0315399 0.0389262 0.467724
6 0.517069 0.561074 0.038961 0.0456376 0.497804
6 0.574768 0.554698 0.0207792 0.047651 0.544917
6 0.679221 0.550336 0.0211503 0.052349 0.593004
6 0.66846 0.557047 0.0397032 0.0483221 0.651748
7 0.375696 0.450336 0.0166976 0.13557 0.764112
7 0.578479 0.482215 0.0155844 0.124161 0.769027
6 0.353618 0.619799 0.0296846 0.0516779 0.785917
7 0.42449 0.447987 0.0215213 0.138926 0.800884
6 0.692022 0.622819 0.0556586 0.0536913 0.827105
8 0.402597 0.54396 0.0860853 0.090604 0.872326
