6 0.0118256 0.181315 0.0206948 0.120443 2.32719e-05
9 0.368625 0.991536 0.0528455 0.0169271 2.33244e-05
6 0.445122 0.0784505 0.0513673 0.0709635 2.33409e-05
9 0.052476 0.966797 0.0332594 0.0234375 2.33563e-05
9 0.946231 0 0.0543237 0 2.34137e-05
6 0.0306726 0.217122 0.0502587 0.078776 2.34233e-05
6 0.597746 0.157552 0.0469327 0.0390625 2.34739e-05
6 0.654656 0.363932 0.0668884 0.0807292 2.34993e-05
6 0.981892 0.934245 0.0362158 0.13151 2.35287e-05
6 0.221175 0.0683594 0.0654102 0.119792 2.35655e-05
6 0.495011 0.0120443 0.0218034 0.0214844 2.35733e-05
6 0.703622 0.992513 0.0731707 0.014974 2.35923e-05
6 0.318736 0.0904948 0.026238 0.0234375 2.35963e-05
6 0.322432 0.129883 0.0254989 0.0279948 2.3615e-05
5 0.465262 0.0843099 0.191426 0.0826823 2.36389e-05
6 0.630636 0.13737 0.0343681 0.0390625 2.36634e-05
6 0.380081 0.152018 0.0203252 0.0266927 2.36637e-05
6 0.871027 0.541341 0.0480414 0.0878906 2.36723e-05
6 0.583703 0.0250651 0.0284553 0.0501302 2.36797e-05
9 0.461013 1 0.245011 0 2.3702e-05
6 0.318182 0.0813802 0.0347376 0.0299479 2.3804e-05
6 0.00554324 0.33724 0.0110865 0.0807292 2.38161e-05
6 0.344974 0.015625 0.0380636 0.03125 2.38338e-05
6 0.264782 0.0221354 0.0535846 0.0442708 2.3836e-05
6 0.0121951 0.177734 0.014782 0.0625 2.38553e-05
6 0.0809313 0.112956 0.0288248 0.047526 2.39229e-05
6 0.383592 0.664714 0.0369549 0.0611979 2.39855e-05
6 0.25813 0.544271 0.0195861 0.03125 2.40791e-05
6 0.633962 0.0263672 0.0328899 0.0527344 2.40904e-05
6 0.611789 0.965169 0.086844 0.0644531 2.41446e-05
6 0.359571 0.0283203 0.0325203 0.0566406 2.42514e-05
5 0.667406 0.0211589 0.142646 0.0423177 2.43234e-05
6 0.0912786 0.204102 0.0436068 0.0332031 2.43946e-05
8 0.668884 0.522461 0.0221729 0.0345052 2.4438e-05
6 0.261086 0.0094401 0.0306726 0.0188802 2.45144e-05
6 0.818921 0.872721 0.0909091 0.0957031 2.45294e-05
6 0.101441 0.130534 0.0144124 0.0358073 2.45644e-05
9 0.509054 0 0.0306726 0 2.46828e-05
9 0.158721 0 0.0351072 0 2.48269e-05
6 0.310421 0.0771484 0.0206948 0.0214844 2.48337e-05
6 0.347376 0.0113932 0.0273466 0.0214844 2.48417e-05
6 0.988914 0.592448 0.0221729 0.259115 2.4855e-05
6 0.986696 0.0911458 0.0177384 0.0585938 2.48863e-05
6 0.407797 0.610352 0.0971914 0.0735677 2.49493e-05
10 0.444937 0.381836 0.00813008 0.0266927 2.50164e-05
9 0.341648 0.99056 0.0594974 0.0188802 2.50237e-05
6 0.354213 0.134766 0.0181079 0.0273438 2.50592e-05
9 0.582409 0.995768 0.172949 0.00846354 2.50595e-05
9 0.795639 1 0.283814 0 2.51284e-05
6 0.564302 0.645182 0.0391722 0.0546875 2.52107e-05
6 0.0931264 0.112956 0.0295639 0.0449219 2.52487e-05
6 0.128418 0.128581 0.0136733 0.0345052 2.52982e-05
9 0.531781 0.00325521 0.0243902 0.00651042 2.53548e-05
9 0.0833333 0.00292969 0.0277162 0.00585938 2.54078e-05
9 0.442905 0.0218099 0.0395418 0.0436198 2.56067e-05
6 0.89745 0.0253906 0.0594974 0.0416667 2.56349e-05
6 0.747413 0.54362 0.0328899 0.0507812 2.56381e-05
5 0.524945 0.263346 0.0373245 0.10612 2.56768e-05
6 0.616038 0.13737 0.0251293 0.0299479 2.57315e-05
9 0.0683666 0.990885 0.0502587 0.0182292 2.5771e-05
6 0.604028 0.639974 0.0314117 0.046875 2.58176e-05
6 0.445122 0.125326 0.0521064 0.0748698 2.58269e-05
9 0.481892 0.00423177 0.0236511 0.00846354 2.58308e-05
9 0.874353 0.981445 0.115299 0.0371094 2.59251e-05
6 0.407797 0.0120443 0.0232816 0.0188802 2.59917e-05
9 0.572062 1 0.253511 0 2.60373e-05
2 0.847746 0.427083 0.169254 0.236979 2.60722e-05
6 0.641168 0.99056 0.0687361 0.0188802 2.6078e-05
6 0.777531 0 0.045085 0 2.61185e-05
5 0.297118 0.0849609 0.141168 0.093099 2.61267e-05
6 0.218219 0.00325521 0.0535846 0.00651042 2.61279e-05
6 0.604952 0.0771484 0.0162602 0.0332031 2.61377e-05
6 0.595344 0.0885417 0.0495196 0.0638021 2.61843e-05
6 0.202513 0.0104167 0.082779 0.0208333 2.62586e-05
6 0.641907 0.131185 0.128603 0.0696615 2.62857e-05
6 0.784738 0.91569 0.0772358 0.107422 2.63645e-05
8 0.580377 0.554036 0.071323 0.0546875 2.64042e-05
6 0.331855 0.131185 0.0317812 0.0371094 2.64376e-05
6 0.519956 0.983724 0.0502587 0.0325521 2.64426e-05
6 0.357169 0.0638021 0.0181079 0.0260417 2.6453e-05
6 0.49575 0.13444 0.0136733 0.030599 2.64696e-05
5 0.255358 0.989583 0.407243 0.0208333 2.64954e-05
2 0.318921 0.414062 0.208426 0.164062 2.65088e-05
6 0.466556 0.986979 0.0461936 0.0260417 2.65228e-05
6 0.960273 0.983724 0.0521064 0.0325521 2.65659e-05
6 0.592572 0.129557 0.125277 0.0846354 2.65952e-05
6 0.944013 0.178385 0.0720621 0.0325521 2.66151e-05
6 0.422025 0.0126953 0.0199557 0.0201823 2.66193e-05
9 0.0824095 0.984701 0.0436068 0.0292969 2.66199e-05
9 0.445491 0 0.0343681 0 2.66553e-05
6 0.984109 0.139648 0.0206948 0.0527344 2.68551e-05
9 0.855691 0.00683594 0.0587583 0.0136719 2.69231e-05
9 0.681079 0.000976562 0.0495196 0.00195312 2.69281e-05
9 0.740946 0.992513 0.0716925 0.014974 2.69297e-05
6 0.804509 0.164714 0.0310421 0.134115 2.69343e-05
6 0.535107 0.642904 0.0399113 0.0696615 2.70006e-05
6 0.532705 0.986654 0.0432373 0.0214844 2.70029e-05
6 0.666297 0.636719 0.0480414 0.0677083 2.70161e-05
6 0.612897 0.132487 0.0587583 0.0592448 2.71098e-05
6 0.368995 0.0888672 0.0173688 0.0553385 2.71139e-05
6 0.644863 0.135417 0.0295639 0.0664062 2.71371e-05
6 0.341094 0.132812 0.0295639 0.0716146 2.71479e-05
6 0.731523 0.487956 0.171101 0.179036 2.71678e-05
6 0.991685 0.488607 0.0166297 0.263672 2.7174e-05
6 0.616038 0.990885 0.0672579 0.0182292 2.7221e-05
5 0.66408 0.278646 0.153732 0.1875 2.72214e-05
7 0.697339 0.423177 0.124908 0.154948 2.73239e-05
5 0.785477 0.220378 0.120843 0.322266 2.74013e-05
6 0.268108 0.0136719 0.0151515 0.0273438 2.74117e-05
9 0.0703991 0.00227865 0.0277162 0.00455729 2.74642e-05
5 0.830562 0.22168 0.338877 0.388672 2.74801e-05
9 0.895787 1 0.208426 0 2.75078e-05
7 0.488359 0.598958 0.0173688 0.0625 2.75225e-05
9 0.0807465 0.00227865 0.0535846 0.00455729 2.76919e-05
9 0.919623 0.00292969 0.0328899 0.00585938 2.77145e-05
6 0.988174 0.582357 0.0155211 0.108724 2.80344e-05
5 0.701589 0.252604 0.596822 0.505208 2.81157e-05
4 0.912232 0.725586 0.175536 0.548828 2.8159e-05
6 0.128418 0.111328 0.0151515 0.0325521 2.82169e-05
9 0.410569 1 0.0628234 0 2.82673e-05
5 0.20935 0.283203 0.172579 0.328125 2.82956e-05
5 0.830007 0.921875 0.339985 0.15625 2.83987e-05
6 0.515336 0.180013 0.0439763 0.0852865 2.84598e-05
6 0.888027 0.0136719 0.0694752 0.0273438 2.84636e-05
6 0.608832 0.00716146 0.0875831 0.0143229 2.84966e-05
5 0.215817 0.814128 0.298596 0.220703 2.85057e-05
6 0.238359 0.559245 0.0162602 0.0455729 2.85175e-05
9 0.933481 1 0.0672579 0 2.85443e-05
6 0.712491 0.365885 0.0968219 0.0989583 2.85491e-05
9 0.915004 0 0.0554324 0 2.85809e-05
9 0.470806 0.00390625 0.0236511 0.0078125 2.86094e-05
4 0.491131 0.867188 0.546194 0.154948 2.86228e-05
6 0.917406 0.176432 0.0764967 0.0325521 2.86618e-05
6 0.06966 0.188802 0.0558019 0.0351562 2.86769e-05
9 0.621027 0 0.04102 0 2.87437e-05
6 0.453806 0.574544 0.0266075 0.047526 2.87742e-05
6 0.960643 0.55957 0.0654102 0.205078 2.88012e-05
6 0.801922 0.599284 0.176644 0.35612 2.8911e-05
6 0.375647 0.364258 0.0498891 0.078776 2.89347e-05
6 0.627679 0.0302734 0.109756 0.0605469 2.8942e-05
6 0.472469 0.0325521 0.0816704 0.0611979 2.89558e-05
6 0.272727 0.678385 0.0694752 0.0885417 2.89737e-05
6 0.994087 0.547852 0.0118256 0.129557 2.90581e-05
6 0.982077 0.479818 0.0358463 0.207031 2.91055e-05
5 0.142092 0.11556 0.284183 0.222005 2.91183e-05
9 0.542683 0.00846354 0.0461936 0.0169271 2.91222e-05
6 0.10218 0.981445 0.0735403 0.0371094 2.91411e-05
6 0.642461 0.118164 0.0321508 0.0332031 2.91762e-05
9 0.0532151 0.952148 0.0502587 0.0957031 2.91824e-05
6 0.345159 0.623047 0.030303 0.0273438 2.92007e-05
6 0.0105322 0.460612 0.018847 0.094401 2.92141e-05
6 0.496859 0.114583 0.0136733 0.0299479 2.92694e-05
9 0.990022 0.00488281 0.0199557 0.00976562 2.94987e-05
5 0.476718 0.264323 0.0746489 0.171875 2.95146e-05
6 0.650037 0.0110677 0.101996 0.0221354 2.9556e-05
8 0.389505 0.953451 0.77901 0.093099 2.95789e-05
6 0.511086 0.571615 0.0155211 0.0559896 2.96435e-05
3 0.135809 0.508789 0.271619 0.853516 2.96964e-05
6 0.710089 0.915039 0.0195861 0.138672 2.97293e-05
9 0.656319 0.00130208 0.0532151 0.00260417 2.97517e-05
9 0.521619 0.00292969 0.0240207 0.00585938 2.98882e-05
9 0.00923873 0.00358073 0.0184775 0.00716146 2.99882e-05
9 0.843126 0.00130208 0.0580192 0.00260417 3.00248e-05
7 0.321693 0.707357 0.100887 0.117839 3.0112e-05
9 0.0944198 0.00358073 0.0269771 0.00716146 3.01762e-05
6 0.558943 0.0266927 0.0321508 0.0533854 3.01823e-05
6 0.380081 0.133138 0.0144124 0.0253906 3.02046e-05
7 0.724501 0.694661 0.0240207 0.0716146 3.02298e-05
6 0.367517 0.0657552 0.0181079 0.0572917 3.03126e-05
9 0.318551 0.0214844 0.0362158 0.0429688 3.03435e-05
5 0.347191 0.233073 0.192535 0.25651 3.03682e-05
9 0.163156 0.00520833 0.0661493 0.0104167 3.05138e-05
5 0.135809 0.273763 0.160015 0.210286 3.05288e-05
3 0.0859202 0.708333 0.17184 0.583333 3.05666e-05
6 0.00979305 0.113932 0.0144124 0.0572917 3.07099e-05
9 0.147081 0.0253906 0.111604 0.0507812 3.07866e-05
6 0.637287 0.628906 0.123799 0.0976562 3.07888e-05
5 0.740022 0.0136719 0.159276 0.0273438 3.07924e-05
6 0.956208 0.103516 0.0203252 0.0520833 3.08102e-05
6 0.305248 0.660482 0.0842572 0.0983073 3.09344e-05
9 0.133407 0 0.0384331 0 3.09969e-05
9 0.0447154 0.00683594 0.0694752 0.0136719 3.1012e-05
6 0.676645 0.63151 0.0214339 0.0377604 3.10143e-05
8 0.00314117 0.132161 0.00628234 0.121094 3.10236e-05
9 0.919623 0.977214 0.0816704 0.0455729 3.10327e-05
9 0.122321 0.023763 0.0421286 0.047526 3.10458e-05
5 0.541574 0.156576 0.0801922 0.152995 3.10476e-05
6 0.993533 0.304688 0.0129342 0.0872396 3.10907e-05
5 0.868071 0.888346 0.263858 0.223307 3.11255e-05
6 0.373614 0.692708 0.0295639 0.0520833 3.11277e-05
9 0.634516 0.00260417 0.030303 0.00520833 3.11633e-05
5 0.344789 0.0507812 0.199557 0.0820312 3.13059e-05
6 0.26238 0.00390625 0.0169993 0.0078125 3.14546e-05
6 0.779564 0.0094401 0.0587583 0.0188802 3.14878e-05
6 0.0120103 0.0768229 0.0240207 0.145833 3.15982e-05
6 0.455469 0.982096 0.0484109 0.0358073 3.17629e-05
6 0.5534 0.989909 0.0698448 0.0201823 3.18059e-05
5 0.227642 0.303711 0.455285 0.607422 3.18236e-05
7 0.354028 0.410807 0.0886918 0.0820312 3.1839e-05
5 0.290835 0.00846354 0.14782 0.0169271 3.18477e-05
9 0.525684 1 0.0609756 0 3.186e-05
3 0.736696 0.5 0.526608 1 3.18895e-05
9 0.348115 1 0.226903 0 3.19524e-05
9 0.68422 1 0.236881 0 3.19832e-05
6 0.103474 0.152018 0.0288248 0.031901 3.20271e-05
9 0.87269 0.00455729 0.0343681 0.00911458 3.20598e-05
9 0.496305 0.00455729 0.0258684 0.00911458 3.20944e-05
9 0.941611 0.0061849 0.0539542 0.0123698 3.21583e-05
10 0.582964 0.388021 0.0151515 0.0638021 3.22444e-05
9 0.680525 0.00260417 0.0232816 0.00520833 3.22731e-05
6 0.593866 0.124674 0.0583888 0.0683594 3.2335e-05
6 0.504619 0.989583 0.0624538 0.0208333 3.23935e-05
9 0.344974 0.00390625 0.0535846 0.0078125 3.24702e-05
5 0.221545 0.0397135 0.110495 0.0755208 3.2588e-05
9 0.33167 0.00358073 0.0284553 0.00716146 3.25893e-05
6 0.991685 0.0364583 0.0166297 0.0729167 3.26179e-05
6 0.540466 0.130859 0.0498891 0.0572917 3.264e-05
6 0.948817 0.0354818 0.102365 0.0709635 3.27641e-05
9 0.907798 0.0224609 0.0513673 0.0449219 3.27696e-05
9 0.584072 0 0.0365854 0 3.28029e-05
9 0.108463 0.00423177 0.0277162 0.00846354 3.29048e-05
6 0.379157 0.120768 0.0140429 0.0253906 3.29545e-05
5 0.543237 0.256836 0.397635 0.210286 3.32653e-05
6 0.283814 0.707682 0.0339985 0.0598958 3.32673e-05
5 0.231523 0.275065 0.0801922 0.283203 3.34156e-05
9 0.309867 0.0172526 0.0683666 0.0345052 3.34795e-05
6 0.974132 0.978841 0.0517369 0.0423177 3.35945e-05
9 0.0846268 1 0.0546933 0 3.36306e-05
6 0.988729 0.47819 0.0158906 0.120443 3.37186e-05
6 0.990577 0.324219 0.0136733 0.115885 3.37208e-05
6 0.993902 0.600586 0.0121951 0.111328 3.39355e-05
9 0.886179 0 0.0539542 0 3.41556e-05
6 0.521434 0.601237 0.0162602 0.0592448 3.42121e-05
9 0.671286 0.00260417 0.0240207 0.00520833 3.43055e-05
6 0.964338 0.949544 0.0646711 0.100911 3.43089e-05
5 0.250185 0.17513 0.50037 0.298177 3.43133e-05
6 0.592387 0.985026 0.0569106 0.0299479 3.43138e-05
9 0.468773 0.00292969 0.0447154 0.00585938 3.43382e-05
5 0.296009 0.030599 0.15595 0.0611979 3.44493e-05
9 0.505358 0.994466 0.27088 0.0110677 3.45098e-05
6 0.371582 0.133464 0.0158906 0.0286458 3.45339e-05
0 0.603289 0.369466 0.086105 0.126953 3.45562e-05
9 0.306726 0.00292969 0.0473023 0.00585938 3.46115e-05
6 0.103104 0.135417 0.0280857 0.0338542 3.46392e-05
6 0.91796 0.151042 0.110126 0.0625 3.46493e-05
7 0.797302 0.309245 0.0424982 0.152344 3.46719e-05
5 0.823171 0.00846354 0.1068 0.0169271 3.48067e-05
9 0.300443 0.00325521 0.022912 0.00651042 3.48719e-05
6 0.589985 0.658854 0.0299335 0.0455729 3.48952e-05
6 0.0691057 0.22168 0.0650406 0.0332031 3.49002e-05
6 0.481892 0.667643 0.0443459 0.123047 3.49327e-05
5 0.887842 0.0263672 0.224316 0.0527344 3.49521e-05
5 0.226718 0.361328 0.453437 0.417969 3.49769e-05
9 0.506652 0.00358073 0.0221729 0.00716146 3.49946e-05
6 0.344235 0.676432 0.0498891 0.0690104 3.49998e-05
5 0.718958 0.993164 0.296748 0.0136719 3.50367e-05
6 0.751109 0.509766 0.0476718 0.0716146 3.51005e-05
7 0.313008 0.457357 0.0155211 0.0644531 3.54109e-05
6 0.637657 0.633789 0.0447154 0.0527344 3.55383e-05
6 0.678862 0.991211 0.0709534 0.0175781 3.56004e-05
8 0.00591279 0.148438 0.0118256 0.296875 3.56503e-05
6 0.988729 0.43457 0.0225425 0.228516 3.56859e-05
5 0.592387 0.97526 0.299335 0.0494792 3.56963e-05
9 0.236696 1 0.250924 0 3.5745e-05
6 0.0722469 0.412435 0.078714 0.236328 3.5773e-05
6 0.332964 0.120117 0.0332594 0.0839844 3.61566e-05
6 0.244087 0.552083 0.0144124 0.0273438 3.62348e-05
7 0.363082 0.424479 0.0388027 0.078125 3.62677e-05
6 0.0110865 0.466797 0.0221729 0.207031 3.62815e-05
6 0.320769 0.0110677 0.022912 0.0208333 3.6309e-05
9 0.555617 0 0.0439763 0 3.65302e-05
6 0.462121 0.596354 0.0173688 0.0585938 3.6621e-05
6 0.371397 0.117839 0.014782 0.0260417 3.66652e-05
6 0.6068 0.146484 0.0339985 0.0364583 3.68208e-05
6 0.310606 0.0940755 0.033629 0.0332031 3.68549e-05
6 0.48799 0.0185547 0.063932 0.0371094 3.69641e-05
6 0.395418 0.0266927 0.0325203 0.0533854 3.70276e-05
6 0.609202 0.0976562 0.0232816 0.0690104 3.70371e-05
4 0.836844 0.811523 0.326312 0.376953 3.70566e-05
9 0.0672579 0.00683594 0.0443459 0.0136719 3.7145e-05
9 0.531412 0.00227865 0.0473023 0.00455729 3.71531e-05
9 0.911493 1 0.141537 0 3.72155e-05
6 0.269586 0.930664 0.0853659 0.108724 3.72688e-05
6 0.384516 0.0266927 0.0254989 0.0533854 3.73911e-05
6 0.0332594 0.160807 0.0399113 0.0820312 3.74649e-05
9 0.357169 0.00358073 0.0291944 0.00716146 3.74739e-05
5 0.691796 0.00716146 0.135255 0.0143229 3.75206e-05
6 0.580562 0.989909 0.0709534 0.0201823 3.75308e-05
5 0.174612 0.370117 0.126755 0.190755 3.75511e-05
6 0.318551 0.0143229 0.0339985 0.0286458 3.75586e-05
6 0.600148 0.0957031 0.0221729 0.0755208 3.78345e-05
4 0.288248 0.684896 0.140429 0.195312 3.78806e-05
6 0.184959 0.935221 0.0927568 0.123047 3.7995e-05
6 0.773836 0.291992 0.045085 0.182943 3.80762e-05
8 0.468034 0.486328 0.026238 0.0429688 3.81462e-05
9 0.92609 0.988281 0.0561715 0.0234375 3.82809e-05
6 0.220621 0.990885 0.0591279 0.0182292 3.84894e-05
6 0.280303 0.990234 0.0572801 0.0195312 3.85378e-05
6 0.0153363 0.262695 0.0306726 0.147786 3.8606e-05
9 0.468773 0.00911458 0.0395418 0.0182292 3.86475e-05
9 0.0912786 0.0078125 0.0428677 0.015625 3.86817e-05
6 0.805063 0.163086 0.0247598 0.047526 3.87257e-05
9 0.873429 0.00455729 0.0668884 0.00911458 3.87883e-05
9 0.00923873 0.0289714 0.0184775 0.0579427 3.88291e-05
6 0.431449 0.0152995 0.0321508 0.030599 3.88967e-05
6 0.349593 0.697591 0.0539542 0.0670573 3.89156e-05
7 0.375647 0.409831 0.0181079 0.10612 3.89338e-05
6 0.773097 0.117188 0.09017 0.164062 3.90586e-05
6 0.469697 0.0094401 0.0953437 0.0188802 3.9069e-05
6 0.868256 0.405924 0.0594974 0.0983073 3.91591e-05
6 0.318551 0.989583 0.0606061 0.0208333 3.92792e-05
5 0.51626 0.991862 0.345159 0.016276 3.931e-05
9 0.571323 0 0.0362158 0 3.93645e-05
6 0.512565 0.602539 0.0184775 0.0683594 3.94468e-05
6 0.993533 0.492513 0.0129342 0.130859 3.94524e-05
6 0.529749 0.0253906 0.0853659 0.0507812 3.94906e-05
9 0.506652 0.00260417 0.0436068 0.00520833 3.96403e-05
9 0.562454 1 0.0613452 0 3.97043e-05
6 0.767554 0.606771 0.067997 0.0963542 3.98023e-05
6 0.390613 0.645508 0.0184775 0.031901 3.99286e-05
6 0.77051 0.0602214 0.0509978 0.0800781 3.99569e-05
9 0.386179 0.00390625 0.0243902 0.0078125 4.01301e-05
6 0.992794 0.219076 0.0121951 0.158203 4.02087e-05
6 0.510717 0.130534 0.0421286 0.0605469 4.02632e-05
10 0.661123 0.41569 0.0184775 0.061849 4.03703e-05
5 0.747598 0.35319 0.504804 0.410807 4.05014e-05
2 0.0907243 0.523112 0.101626 0.33138 4.0511e-05
6 0.596452 0.585612 0.0258684 0.0292969 4.06051e-05
6 0.340909 0.672201 0.123799 0.124349 4.08707e-05
7 0.0711382 0.401042 0.0417591 0.128906 4.08923e-05
0 0.592387 0.400391 0.0317812 0.106771 4.09286e-05
6 0.104582 0.110677 0.0258684 0.0377604 4.09616e-05
6 0.993348 0.386719 0.0133038 0.127604 4.11003e-05
6 0.40133 0.667969 0.0532151 0.0481771 4.11354e-05
5 0.493348 0.259115 0.0384331 0.117188 4.11699e-05
5 0.734294 0.985677 0.471545 0.0286458 4.13021e-05
9 0.329453 0.00878906 0.0432373 0.0175781 4.13418e-05
6 0.643939 0.131836 0.0218034 0.030599 4.14625e-05
6 0.433112 0.0117188 0.0184775 0.0182292 4.1505e-05
9 0.374908 1 0.0646711 0 4.15233e-05
6 0.339985 0.130859 0.0251293 0.0286458 4.16091e-05
6 0.706024 0.635091 0.0343681 0.0436198 4.16149e-05
5 0.822616 0.225586 0.13969 0.218099 4.16553e-05
8 0.584442 0.00716146 0.0624538 0.0143229 4.1757e-05
7 0.279933 0.682617 0.0240207 0.0683594 4.18474e-05
6 0.00572801 0.0283203 0.011456 0.0566406 4.19364e-05
9 0.0709534 0.958008 0.0310421 0.0839844 4.22606e-05
6 0.00886918 0.0253906 0.00886918 0.0507812 4.22955e-05
9 0.990761 0.961914 0.0184775 0.0761719 4.22977e-05
6 0.910754 0.391276 0.0380636 0.113281 4.25222e-05
6 0.709534 0.911784 0.0206948 0.0501302 4.2601e-05
9 0.420362 0.00423177 0.0277162 0.00846354 4.27155e-05
9 0.151885 1 0.0643016 0 4.29808e-05
6 0.902439 0.125326 0.116038 0.0826823 4.30295e-05
5 0.383038 0.0341797 0.244272 0.0683594 4.31329e-05
9 0.519401 0.00846354 0.04102 0.0169271 4.34054e-05
6 0.360495 0.0169271 0.0691057 0.0338542 4.35558e-05
9 0.917221 0.00553385 0.0546933 0.0110677 4.35794e-05
6 0.63969 0.578451 0.0354767 0.0384115 4.38794e-05
5 0.438101 0.925781 0.423873 0.0989583 4.39999e-05
9 0.669254 0.0061849 0.0421286 0.0123698 4.42486e-05
7 0.507206 0.335612 0.0609756 0.0566406 4.42812e-05
5 0.231523 0.910482 0.463045 0.179036 4.44485e-05
9 0.119364 0.00227865 0.0487805 0.00455729 4.4473e-05
5 0.802661 0.0240885 0.178862 0.0481771 4.4488e-05
6 0.633777 0.0120443 0.0243902 0.0240885 4.45009e-05
5 0.379897 0.98112 0.400591 0.0377604 4.4541e-05
2 0.43422 0.358724 0.329638 0.158854 4.46368e-05
7 0.453067 0.652995 0.014782 0.0677083 4.46489e-05
6 0.430894 0.0166016 0.120473 0.0332031 4.46673e-05
5 0.390244 0.976237 0.248337 0.047526 4.46823e-05
9 0.00831486 0.00683594 0.0107169 0.0136719 4.48917e-05
6 0.641722 0.530273 0.0838877 0.0527344 4.49249e-05
9 0.0687361 0.985677 0.0354767 0.0234375 4.50886e-05
9 0.859941 1 0.0613452 0 4.52479e-05
6 0.615669 0.0983073 0.0206948 0.0351562 4.53194e-05
6 0.542683 0.323893 0.0158906 0.0592448 4.54444e-05
6 0.388581 0.0094401 0.0994087 0.0188802 4.54591e-05
6 0.437361 0.0172526 0.0617147 0.0345052 4.5563e-05
7 0.785662 0.303711 0.0325203 0.124349 4.55916e-05
9 0.132114 0.00488281 0.033629 0.00976562 4.56255e-05
4 0.292498 0.68457 0.405395 0.301432 4.56506e-05
6 0.36918 0.086263 0.0125647 0.0266927 4.56507e-05
5 0.178862 0.135417 0.357724 0.270833 4.58438e-05
6 0.163525 0.0136719 0.0986696 0.0273438 4.59298e-05
6 0.0825942 0.14974 0.0417591 0.0364583 4.60603e-05
6 0.966925 0.165365 0.0521064 0.0768229 4.61334e-05
5 0.441242 0.0517578 0.63119 0.103516 4.64488e-05
6 0.988729 0.429036 0.0144124 0.106771 4.67503e-05
6 0.776608 0.845052 0.131929 0.121094 4.67532e-05
6 0.850517 0.0175781 0.125277 0.0351562 4.67782e-05
6 0.558943 0.625977 0.0484109 0.0996094 4.69361e-05
5 0.301367 0.254232 0.584996 0.508464 4.69497e-05
6 0.949926 0.792643 0.0779749 0.284505 4.71899e-05
6 0.994457 0.22168 0.0110865 0.0839844 4.72348e-05
6 0.255728 0.99056 0.0606061 0.0188802 4.73186e-05
5 0.123429 0.0556641 0.246859 0.111328 4.73635e-05
9 0.631559 0.00195312 0.0517369 0.00390625 4.7401e-05
6 0.0691057 0.205729 0.059867 0.0325521 4.75871e-05
8 0.405211 0.0061849 0.0624538 0.0123698 4.76822e-05
7 0.332779 0.463542 0.0210643 0.0677083 4.77308e-05
6 0.986881 0.343099 0.026238 0.166667 4.82128e-05
5 0.217295 0.0266927 0.150776 0.0533854 4.82434e-05
9 0.504435 0.00846354 0.0391722 0.0169271 4.82456e-05
6 0.990392 0.930664 0.0192166 0.117839 4.8293e-05
0 0.632668 0.380534 0.0783444 0.103516 4.8382e-05
9 0.354952 0.00976562 0.0447154 0.0195312 4.84026e-05
8 0.556171 0.523438 0.0628234 0.0598958 4.8904e-05
9 0.44235 0.00325521 0.0243902 0.00651042 4.89471e-05
7 0.497967 0.613281 0.0232816 0.0703125 4.9108e-05
9 0.188655 1 0.0661493 0 4.92767e-05
6 0.992979 0.440755 0.0140429 0.113281 4.95884e-05
5 0.257206 0.157878 0.170732 0.192057 4.96469e-05
6 0.424982 0.636068 0.0790835 0.0911458 4.96948e-05
9 0.599409 1 0.0606061 0 4.97161e-05
9 0.142461 0.00878906 0.04915 0.0175781 4.98989e-05
6 0.101072 0.312174 0.0380636 0.0501302 4.99411e-05
9 0.384516 0.00911458 0.0402809 0.0182292 5.0189e-05
9 0.787324 1 0.063932 0 5.02107e-05
8 0.432373 0.563477 0.134516 0.110026 5.0241e-05
7 0.521434 0.354818 0.0258684 0.0507812 5.03533e-05
9 0.748891 1 0.0661493 0 5.04145e-05
6 0.608463 0.094401 0.018847 0.0377604 5.04177e-05
6 0.987066 0.0738932 0.0258684 0.094401 5.0434e-05
6 0.59867 0.0904948 0.0177384 0.0390625 5.04671e-05
6 0.578529 0.645182 0.0521064 0.0703125 5.06246e-05
9 0.632299 0.00748698 0.0465632 0.014974 5.08681e-05
9 0.711197 1 0.063932 0 5.08998e-05
9 0.143755 0.00195312 0.0487805 0.00390625 5.09368e-05
8 0.490761 0.541016 0.037694 0.0546875 5.10244e-05
6 0.58167 0.0146484 0.0317812 0.0292969 5.10574e-05
5 0.157613 0.0276693 0.167406 0.0553385 5.12299e-05
6 0.360126 0.0113932 0.0254989 0.0201823 5.12367e-05
7 0.751848 0.674805 0.106061 0.16862 5.12879e-05
9 0.121212 0.00455729 0.0295639 0.00911458 5.16997e-05
5 0.238544 0.00976562 0.124538 0.0195312 5.17371e-05
5 0.166297 0.978516 0.332594 0.0429688 5.17765e-05
9 0.337029 1 0.0657797 0 5.19011e-05
7 0.750554 0.694336 0.0162602 0.0657552 5.20099e-05
6 0.990392 0.163737 0.0169993 0.11263 5.21058e-05
5 0.317812 0.0826823 0.263858 0.119792 5.23454e-05
7 0.468404 0.366862 0.04102 0.093099 5.23995e-05
7 0.457502 0.621419 0.0199557 0.102214 5.24064e-05
9 0.616962 0.00325521 0.0306726 0.00651042 5.24549e-05
6 0.678123 0.575195 0.0332594 0.0358073 5.24662e-05
6 0.0432373 0.778646 0.0731707 0.330729 5.25348e-05
5 0.288618 0.94401 0.388766 0.111979 5.32155e-05
5 0.508684 0.258464 0.0373245 0.110677 5.42204e-05
10 0.383407 0.397135 0.0158906 0.0520833 5.43843e-05
6 0.331855 0.117839 0.0273466 0.0299479 5.45e-05
9 0.0545085 0.983073 0.0484109 0.03125 5.47129e-05
9 0.395972 0.00455729 0.0269771 0.00911458 5.47996e-05
6 0.583703 0.0110677 0.0195861 0.0221354 5.48278e-05
10 0.614745 0.366211 0.00997783 0.0240885 5.49426e-05
6 0.786955 0.873047 0.0779749 0.110677 5.57419e-05
7 0.995565 0.0677083 0.00886918 0.0963542 5.58241e-05
5 0.808019 0.165365 0.0750185 0.166667 5.59627e-05
6 0.557095 0.0152995 0.0351072 0.030599 5.63784e-05
9 0.0593126 0.989583 0.118625 0.0208333 5.67251e-05
5 0.592572 0.0553385 0.398744 0.110677 5.682e-05
9 0.405765 0.00423177 0.0295639 0.00846354 5.69901e-05
6 0.632853 0.588216 0.0277162 0.0332031 5.70803e-05
9 0.0685514 0.96224 0.130451 0.0755208 5.73228e-05
9 0.300813 1 0.0657797 0 5.76417e-05
6 0.9551 0.254883 0.0898004 0.145182 5.76564e-05
9 0.226164 1 0.0672579 0 5.78499e-05
9 0.496305 0.989258 0.0938655 0.0214844 5.80332e-05
6 0.458426 0.610677 0.0314117 0.0611979 5.82577e-05
4 0.243533 0.751953 0.487066 0.496094 5.84679e-05
9 0.635994 1 0.0628234 0 5.85084e-05
0 0.556541 0.40918 0.022912 0.0865885 5.86369e-05
6 0.0109017 0.204753 0.0218034 0.129557 5.92932e-05
6 0.275314 0.58138 0.0347376 0.0390625 5.93037e-05
6 0.88507 0.419922 0.0384331 0.0768229 5.93956e-05
8 0.284922 0.544596 0.0214339 0.0397135 5.95398e-05
6 0.559497 0.0120443 0.022912 0.0214844 5.96535e-05
6 0.445122 0.646159 0.0225425 0.0644531 5.98899e-05
10 0.589616 0.366211 0.0129342 0.0540365 5.99348e-05
6 0.367517 0.0644531 0.0129342 0.0247396 6.01926e-05
0 0.457687 0.396484 0.0151515 0.0651042 6.02814e-05
5 0.716556 0.271159 0.169254 0.249349 6.02814e-05
9 0.122506 0.985352 0.106061 0.0292969 6.04511e-05
7 0.273097 0.656576 0.0391722 0.108724 6.04623e-05
9 0.263304 1 0.0668884 0 6.06929e-05
9 0.824834 1 0.0620843 0 6.10116e-05
6 0.493902 0.127604 0.0388027 0.0625 6.10848e-05
9 0.11881 0.00878906 0.0439763 0.0175781 6.11788e-05
9 0.454915 0.978516 0.0790835 0.0429688 6.1183e-05
7 0.714338 0.489583 0.030303 0.0416667 6.13264e-05
9 0.00683666 0.0123698 0.0136733 0.0247396 6.15148e-05
6 0.892092 0.181315 0.0694752 0.0345052 6.16353e-05
6 0.543052 0.014974 0.125277 0.0299479 6.22347e-05
6 0.00813008 0.310547 0.0155211 0.151042 6.23002e-05
9 0.440687 0.00813802 0.04102 0.016276 6.23348e-05
5 0.313008 0.922852 0.511456 0.154297 6.26204e-05
6 0.704176 0.575521 0.0314117 0.0364583 6.26565e-05
6 0.705285 0.921224 0.0439763 0.0768229 6.27097e-05
6 0.921656 0.359375 0.0591279 0.101562 6.28101e-05
9 0.570214 0.0221354 0.0399113 0.0442708 6.33637e-05
9 0.901885 0.00292969 0.0683666 0.00585938 6.3827e-05
10 0.617517 0.489909 0.0591279 0.0592448 6.40867e-05
6 0.768293 0.0797526 0.0591279 0.159505 6.42563e-05
8 0.72949 0.909505 0.54102 0.18099 6.44657e-05
9 0.965447 0.00358073 0.0617147 0.00716146 6.44673e-05
3 0.842572 0.51237 0.314856 0.792969 6.45193e-05
6 0.466371 0.57194 0.0214339 0.0423177 6.45529e-05
5 0.345159 0.0257161 0.148559 0.0514323 6.47615e-05
9 0.383592 0.982096 0.0783444 0.0358073 6.51861e-05
9 0.755913 0.969401 0.128973 0.0611979 6.52515e-05
7 0.453806 0.599284 0.0169993 0.0501302 6.61714e-05
6 0.382853 0.014974 0.0273466 0.0299479 6.61849e-05
4 0.489098 0.848307 0.809682 0.289062 6.63202e-05
5 0.809128 0.123372 0.381744 0.246745 6.68244e-05
9 0.317812 0.00390625 0.0243902 0.0078125 6.71025e-05
9 0.894494 0.00455729 0.0380636 0.00911458 6.74462e-05
6 0.7585 0.552409 0.0439763 0.0735677 6.76338e-05
6 0.395787 0.0113932 0.0214339 0.0188802 6.76403e-05
5 0.488359 0.190104 0.355876 0.200521 6.76698e-05
6 0.636548 0.0146484 0.0728012 0.0292969 6.77424e-05
10 0.591833 0.365234 0.0121951 0.0286458 6.77923e-05
9 0.538064 0.98763 0.0909091 0.0247396 6.78987e-05
6 0.731707 0.515625 0.0369549 0.046875 6.79367e-05
9 0.674427 1 0.0628234 0 6.82337e-05
6 0.935329 0.173828 0.110126 0.0651042 6.82943e-05
5 0.626016 0.0367839 0.207687 0.0735677 6.82989e-05
9 0.580931 0.00325521 0.0273466 0.00651042 6.86824e-05
5 0.0960828 0.0380859 0.192166 0.0761719 6.93482e-05
0 0.523466 0.36849 0.0166297 0.0481771 6.94059e-05
6 0.306541 0.0253906 0.0314117 0.0507812 6.94062e-05
9 0.568551 0.00292969 0.0484109 0.00585938 6.96824e-05
5 0.0567258 0.0152995 0.113452 0.030599 7.05351e-05
9 0.403732 0.00878906 0.0454545 0.0175781 7.18561e-05
8 0.518108 0.53418 0.0214339 0.0540365 7.20106e-05
6 0.027901 0.015625 0.0558019 0.03125 7.26428e-05
5 0.282336 0.273763 0.167775 0.298828 7.27834e-05
7 0.535846 0.302409 0.0155211 0.0748698 7.29144e-05
9 0.933112 0.00195312 0.067997 0.00390625 7.32413e-05
8 0.435698 0.0061849 0.0620843 0.0123698 7.34458e-05
6 0.62731 0.577474 0.182188 0.0911458 7.35746e-05
5 0.794531 0.900391 0.273466 0.09375 7.36188e-05
5 0.764228 0.0843099 0.187731 0.160807 7.39808e-05
6 0.884885 0.398763 0.0247598 0.0839844 7.41695e-05
9 0.885625 0.023112 0.0543237 0.046224 7.48054e-05
6 0.222469 0.930339 0.0909091 0.109375 7.5226e-05
5 0.93847 0.055013 0.12306 0.077474 7.54611e-05
7 0.122506 0.427083 0.0166297 0.105469 7.56978e-05
6 0.595159 0.0146484 0.033629 0.0292969 7.577e-05
9 0.900406 1 0.0624538 0 7.62068e-05
6 0.444198 0.603841 0.0347376 0.063151 7.65035e-05
8 0.957502 0.0690104 0.0546933 0.078125 7.65196e-05
6 0.679416 0.533203 0.033629 0.0429688 7.6647e-05
6 0.249261 0.540039 0.033629 0.0423177 7.73592e-05
9 0.576127 0.988607 0.0872136 0.0227865 7.7709e-05
5 0.357354 0.0214844 0.239468 0.0429688 7.85621e-05
8 0.461382 0.557617 0.0321508 0.0657552 7.86786e-05
6 0.660015 0.632161 0.0177384 0.0338542 8.12045e-05
6 0.530303 0.989258 0.0628234 0.0214844 8.14003e-05
6 0.384701 0.0123698 0.0162602 0.0195312 8.17411e-05
5 0.964338 0.0117188 0.071323 0.0234375 8.20314e-05
6 0.758684 0.930664 0.0864745 0.100911 8.24073e-05
6 0.690503 0.379557 0.0683666 0.0768229 8.25138e-05
5 0.487251 0.969401 0.327051 0.0611979 8.32364e-05
5 0.774945 0.0602214 0.117517 0.117839 8.33208e-05
6 0.589616 0.651367 0.0181079 0.0384115 8.39757e-05
5 0.716925 0.967448 0.293422 0.0651042 8.43894e-05
6 0.597561 0.0110677 0.0214339 0.0221354 8.50569e-05
6 0.994826 0.106445 0.0103474 0.152995 8.53677e-05
6 0.992239 0.0159505 0.0110865 0.031901 8.58254e-05
6 0.768293 0.589193 0.0288248 0.0664062 8.59971e-05
5 0.144309 0.0634766 0.176275 0.121745 8.66492e-05
6 0.00813008 0.307292 0.0118256 0.0794271 8.70673e-05
5 0.794715 0.290039 0.0683666 0.225911 8.75624e-05
6 0.00572801 0.291016 0.011456 0.0690104 8.76837e-05
7 0.276977 0.640299 0.0373245 0.0488281 8.89552e-05
5 0.863636 0.977214 0.272727 0.0455729 8.92518e-05
6 0.479305 0.988281 0.0687361 0.0234375 8.92559e-05
5 0.909645 0.0634766 0.18071 0.115234 8.96464e-05
6 0.992424 0.189779 0.00997783 0.0852865 8.98343e-05
6 0.00498891 0.245117 0.00997783 0.063151 9.01322e-05
6 0.890059 0.201823 0.0594974 0.0377604 9.0245e-05
7 0.711197 0.447591 0.0299335 0.078776 9.03617e-05
5 0.646341 0.0143229 0.189948 0.0286458 9.16065e-05
9 0.309128 0.00423177 0.0247598 0.00846354 9.17638e-05
5 0.045085 0.0608724 0.09017 0.0683594 9.21305e-05
9 0.64357 0.994141 0.0668884 0.0117188 9.32386e-05
6 0.817443 0.913737 0.102735 0.123047 9.39222e-05
5 0.864191 0.0328776 0.205839 0.0657552 9.43479e-05
9 0.608463 0 0.0365854 0 9.43543e-05
6 0.00813008 0.0911458 0.014782 0.0833333 9.44741e-05
9 0.824649 0.989583 0.0831486 0.0208333 9.52534e-05
6 0.659091 0.123372 0.0225425 0.0501302 9.60078e-05
6 0.753511 0.58724 0.0273466 0.0651042 9.67826e-05
6 0.276792 0.539062 0.0192166 0.0416667 9.6821e-05
9 0.306911 0.00846354 0.0388027 0.0169271 9.69668e-05
6 0.487066 0.562174 0.0288248 0.0826823 9.71542e-05
6 0.968404 0.397135 0.0631929 0.204427 9.76198e-05
9 0.60643 0.991536 0.0739098 0.0169271 9.79888e-05
6 0.291759 0.582357 0.026238 0.0345052 9.82912e-05
5 0.219143 0.0651042 0.157428 0.130208 9.86221e-05
6 0.734294 0.546875 0.0835181 0.143229 9.88184e-05
6 0.389874 0.0159505 0.0620843 0.031901 9.90375e-05
6 0.992239 0.275716 0.0133038 0.0970052 9.92179e-05
6 0.953991 0.094401 0.033629 0.0611979 0.000100201
5 0.860865 0.0895182 0.278271 0.179036 0.000100549
5 0.11881 0.0123698 0.154102 0.0247396 0.000100567
9 0.454545 0.990885 0.0768662 0.0182292 0.000100731
2 0.100333 0.436198 0.0661493 0.294271 0.000100961
9 0.0317812 0.977865 0.059867 0.0416667 0.000102433
9 0.417591 0.992839 0.0761271 0.0143229 0.000102524
6 0.570584 0.0100911 0.0199557 0.0201823 0.000104524
5 0.656134 0.0865885 0.309313 0.119792 0.000104598
6 0.977088 0.0094401 0.0458241 0.0188802 0.000106551
7 0.295455 0.658529 0.04102 0.061849 0.000107362
0 0.595528 0.372396 0.0447154 0.0677083 0.000107817
6 0.663526 0.129232 0.0158906 0.0266927 0.000107967
6 0.894494 0.402669 0.033629 0.171224 0.000109214
9 0.679416 0.99349 0.0654102 0.0130208 0.000110096
0 0.593681 0.391276 0.0144124 0.078125 0.000110273
6 0.332779 0.884115 0.0624538 0.125 0.000110881
5 0.525499 0.262044 0.0613452 0.179036 0.000112079
6 0.349963 0.650716 0.0266075 0.0449219 0.000112829
6 0.987435 0.220703 0.0251293 0.11849 0.000113931
5 0.523466 0.932617 0.669993 0.134766 0.000114274
9 0.606615 0.0208333 0.0395418 0.0416667 0.000114497
9 0.569475 0.00390625 0.0251293 0.0078125 0.000114683
6 0.908537 0.38151 0.0691057 0.179688 0.000114883
5 0.872136 0.0126953 0.124169 0.0253906 0.000116218
9 0.713415 0.990885 0.0683666 0.0182292 0.000117089
8 0.468588 0.540039 0.0214339 0.0670573 0.0001178
6 0.725979 0.493164 0.0395418 0.094401 0.000118307
9 0.033629 0.957682 0.0672579 0.0846354 0.000118909
6 0.987251 0.138021 0.0254989 0.0950521 0.000119828
5 0.215078 0.900391 0.305987 0.0885417 0.000120023
9 0.29952 0.592773 0.0343681 0.0423177 0.000120993
6 0.993718 0.0400391 0.0125647 0.0761719 0.000121799
6 0.00757576 0.263346 0.00997783 0.0761719 0.000122024
9 0.959904 0.976888 0.0801922 0.046224 0.000122167
6 0.00979305 0.0559896 0.00997783 0.0729167 0.000123061
6 0.738729 0.534831 0.0332594 0.0488281 0.000123429
6 0.606615 0.0107422 0.0225425 0.0214844 0.00012463
9 0.0399113 0.983073 0.0798226 0.0338542 0.000125491
9 0.881375 0.0078125 0.0576497 0.015625 0.000126246
5 0.227642 0.878581 0.392461 0.242839 0.000126723
6 0.610865 0.603516 0.0576497 0.0572917 0.000126947
6 0.382483 0.645833 0.0288248 0.0403646 0.000128076
5 0.900776 0.149089 0.194752 0.151042 0.00012818
6 0.986696 0.273438 0.0266075 0.125 0.000128883
5 0.128418 0.991211 0.256837 0.0175781 0.000129965
6 0.403363 0.616536 0.04915 0.046875 0.000130095
8 0.674427 0.508138 0.0206948 0.0358073 0.000133412
10 0.61031 0.373372 0.0107169 0.0449219 0.000133847
5 0.568182 0.0169271 0.120103 0.0338542 0.000133992
5 0.726534 0.0885417 0.504804 0.177083 0.000134347
7 0.304509 0.46224 0.0133038 0.0507812 0.000135479
6 0.893939 0.397135 0.0251293 0.0976562 0.000135939
9 0.794715 0.984701 0.0816704 0.030599 0.000136022
7 0.293976 0.453776 0.0484109 0.110677 0.000136987
8 0.44272 0.522786 0.0613452 0.0716146 0.000138035
5 0.688655 0.137044 0.253141 0.159505 0.000138559
6 0.271434 0.608724 0.0705839 0.104167 0.000139733
4 0.485772 0.650065 0.374353 0.266276 0.000141513
6 0.307095 0.0113932 0.0243902 0.0214844 0.000142534
6 0.658906 0.578451 0.0273466 0.0371094 0.000143201
7 0.378788 0.422201 0.0347376 0.116536 0.000146342
6 0.563193 0.0130208 0.0591279 0.0260417 0.000146856
5 0.169808 0.928385 0.339616 0.143229 0.000147439
9 0.567627 0.00813802 0.0413895 0.016276 0.000147806
5 0.240576 0.078125 0.481153 0.15625 0.000151057
9 0.194383 0.982096 0.0990392 0.0358073 0.000151522
5 0.395048 0.0195312 0.128603 0.0390625 0.000152091
10 0.387472 0.392578 0.00997783 0.0442708 0.00015487
5 0.488174 0.214193 0.0473023 0.152344 0.000155157
0 0.681079 0.427409 0.0214339 0.093099 0.000157269
9 0.605506 0.00227865 0.0469327 0.00455729 0.000157289
5 0.469143 0.0234375 0.203622 0.046875 0.000158942
9 0.0726164 0.980143 0.102365 0.0397135 0.000160666
5 0.560606 0.0276693 0.252033 0.0553385 0.000163707
6 0.990761 0.0638021 0.0103474 0.0963542 0.000165179
5 0.403917 0.288086 0.33629 0.208984 0.000165611
5 0.899113 0.234375 0.175905 0.195312 0.000166352
5 0.526792 0.979818 0.477827 0.0403646 0.000167174
6 0.658906 0.122721 0.0162602 0.0227865 0.000170214
10 0.571693 0.460938 0.0495196 0.0403646 0.000171264
9 0.228751 0.988607 0.0813008 0.0227865 0.00017212
5 0.752217 0.157227 0.495565 0.314453 0.000177866
5 0.464523 0.0455729 0.357724 0.0911458 0.000178746
6 0.993718 0.0908203 0.0125647 0.0748698 0.000179381
6 0.904102 0.198568 0.133407 0.0898438 0.000180251
5 0.928677 0.0159505 0.142646 0.031901 0.000180299
9 0.345713 0.994792 0.0801922 0.0104167 0.000180804
9 0.383777 0.994466 0.0772358 0.0110677 0.000182212
8 0.377125 0.564128 0.0484109 0.0566406 0.000182717
6 0.272727 0.607747 0.0391722 0.061849 0.000183925
9 0.265152 0.993164 0.0779749 0.0136719 0.000184137
6 0.33167 0.885091 0.0572801 0.0605469 0.00018455
5 0.344974 0.0113932 0.145972 0.0227865 0.000185265
6 0.433112 0.565104 0.0561715 0.0703125 0.000188734
9 0.0286401 0.991536 0.0572801 0.0169271 0.000189325
7 0.760347 0.661784 0.04102 0.0644531 0.000192282
8 0.533075 0.553711 0.144494 0.126953 0.000194066
6 0.608278 0.0130208 0.0591279 0.0260417 0.000194091
6 0.321323 0.633789 0.0365854 0.0488281 0.000197177
7 0.288064 0.457682 0.0232816 0.0898438 0.000200862
6 0.371027 0.583984 0.0243902 0.0390625 0.000206732
6 0.00498891 0.222656 0.00997783 0.0572917 0.000207254
9 0.605322 0.00325521 0.0258684 0.00651042 0.000208172
5 0.67646 0.250326 0.354398 0.249349 0.00021002
3 0.704361 0.612956 0.591279 0.406901 0.000211861
5 0.82816 0.942057 0.343681 0.115885 0.000213219
0 0.63932 0.382812 0.0532151 0.0585938 0.000213606
6 0.00831486 0.146159 0.00997783 0.0878906 0.000214319
9 0.305063 0.995117 0.0750185 0.00976562 0.000214327
6 0.366593 0.672852 0.0399113 0.0527344 0.000217306
6 0.00572801 0.0585938 0.011456 0.0716146 0.000218858
5 0.147635 0.234375 0.29527 0.46875 0.000219845
7 0.27864 0.46875 0.0103474 0.0455729 0.000220869
7 0.453991 0.622721 0.0136733 0.0696615 0.000221995
3 0.858093 0.603516 0.283814 0.670573 0.000225333
6 0.691981 0.627279 0.0232816 0.0423177 0.000226353
5 0.122136 0.970052 0.244272 0.0598958 0.000226863
0 0.407613 0.413086 0.0576497 0.0970052 0.000233095
8 0.526792 0.523112 0.0572801 0.0657552 0.000233579
4 0.788987 0.832682 0.316334 0.252604 0.000236019
5 0.774021 0.904297 0.282705 0.191406 0.000236538
8 0.381929 0.603516 0.0535846 0.0833333 0.000239674
6 0.00794531 0.194661 0.0107169 0.0716146 0.000240894
6 0.973577 0.337891 0.0528455 0.184896 0.000241075
8 0.393939 0.562826 0.0509978 0.0488281 0.000241995
6 0.564302 0.584635 0.0458241 0.0703125 0.000242653
0 0.64357 0.415365 0.0181079 0.0859375 0.000246906
8 0.683481 0.516276 0.0328899 0.0481771 0.000247222
7 0.275868 0.659505 0.0291944 0.0625 0.000248105
6 0.00831486 0.149414 0.0129342 0.164714 0.000251862
6 0.749815 0.590495 0.0561715 0.0755208 0.000255267
9 0.894678 0.0211589 0.117517 0.0423177 0.000258874
6 0.993902 0.119792 0.0121951 0.0664062 0.000261849
5 0.592942 0.00976562 0.162232 0.0195312 0.000264171
5 0.507945 0.211589 0.0528455 0.145833 0.000264886
6 0.632483 0.605794 0.0173688 0.0345052 0.000267526
8 0.657613 0.505534 0.0343681 0.047526 0.000268221
9 0.603659 0.00716146 0.0417591 0.0143229 0.000268727
5 0.111234 0.196289 0.189948 0.352214 0.000271027
7 0.752402 0.677083 0.0561715 0.115885 0.000271636
6 0.477827 0.573893 0.0554324 0.0865885 0.000277762
7 0.723577 0.670247 0.0672579 0.103516 0.00028224
6 0.478197 0.614258 0.0458241 0.117839 0.000284859
8 0.71323 0.518229 0.0266075 0.0455729 0.000288498
10 0.542868 0.49707 0.0243902 0.0566406 0.000291603
6 0.994272 0.163086 0.011456 0.0605469 0.000293852
3 0.144309 0.615234 0.288618 0.769531 0.0002999
6 0.267184 0.542318 0.082779 0.102865 0.000305369
7 0.288064 0.461589 0.00997783 0.0390625 0.000310128
6 0.671656 0.602539 0.0321508 0.0397135 0.00031227
7 0.290835 0.507487 0.0169993 0.0371094 0.000318936
5 0.862158 0.246419 0.275684 0.26237 0.000333892
9 0.0476718 0.973307 0.0953437 0.0533854 0.000341644
9 0.347191 0.636068 0.0321508 0.03125 0.00034393
8 0.67184 0.513997 0.0339985 0.0553385 0.00034423
5 0.853659 0.148438 0.292683 0.236979 0.000351912
10 0.682188 0.479492 0.0280857 0.0566406 0.000364144
2 0.505913 0.364909 0.0761271 0.0800781 0.000377297
6 0.9915 0.138672 0.0110865 0.0729167 0.000380463
7 0.295455 0.458659 0.0218034 0.0735677 0.000388733
6 0.259239 0.563802 0.018847 0.03125 0.000397977
8 0.529194 0.552734 0.0436068 0.0651042 0.0004006
5 0.41371 0.0123698 0.228012 0.0247396 0.000409273
0 0.612343 0.375977 0.0332594 0.0813802 0.000411103
6 0.654472 0.592448 0.0532151 0.0442708 0.000413759
6 0.809867 0.14681 0.0580192 0.0891927 0.000420211
2 0.346822 0.479167 0.304878 0.178385 0.000420521
6 0.333703 0.592773 0.0251293 0.031901 0.000421119
6 0.00498891 0.165365 0.00997783 0.0833333 0.000447804
4 0.690687 0.448242 0.597931 0.294922 0.000449967
6 0.647635 0.585938 0.0291944 0.0364583 0.000460913
8 0.335181 0.561849 0.0236511 0.0546875 0.000477506
9 0.361419 0.637695 0.0288248 0.0397135 0.000492366
6 0.27051 0.568034 0.0236511 0.0345052 0.000503052
8 0.379712 0.608398 0.121582 0.145182 0.000506355
7 0.740392 0.696289 0.0225425 0.0813802 0.000506929
6 0.990761 0.104167 0.0103474 0.0742188 0.000518097
6 0.707687 0.558268 0.0317812 0.0371094 0.00053679
7 0.329268 0.447917 0.0687361 0.109375 0.000549084
7 0.0907243 0.421875 0.063932 0.166667 0.000558311
0 0.535292 0.364909 0.0210643 0.0592448 0.000581743
6 0.311715 0.649414 0.0351072 0.0644531 0.00058414
8 0.351626 0.586589 0.0402809 0.0533854 0.000596241
10 0.630451 0.464518 0.0332594 0.063151 0.000609333
3 0.286031 0.603841 0.572062 0.491536 0.000620653
7 0.307095 0.466471 0.0295639 0.077474 0.000624882
6 0.776608 0.891602 0.146711 0.14388 0.000646692
6 0.63544 0.585938 0.0920177 0.078125 0.000656003
8 0.68884 0.534505 0.0369549 0.0638021 0.00065929
0 0.472653 0.455404 0.0273466 0.0670573 0.000661855
5 0.529564 0.0143229 0.31929 0.0286458 0.000676256
4 0.737805 0.638021 0.431264 0.263021 0.000701362
6 0.693089 0.583008 0.0284553 0.0371094 0.000762201
6 0.333518 0.578125 0.0232816 0.0403646 0.000770076
7 0.279933 0.485352 0.0136733 0.0644531 0.000811112
8 0.715632 0.536133 0.0321508 0.047526 0.000817487
7 0.696785 0.430013 0.0291944 0.0865885 0.000820736
8 0.542498 0.508464 0.0672579 0.0690104 0.000853618
8 0.472653 0.502604 0.0280857 0.0911458 0.000861081
2 0.326866 0.451497 0.579823 0.285807 0.000867713
6 0.727088 0.616536 0.0321508 0.0455729 0.000880082
8 0.492055 0.54362 0.0698448 0.167969 0.000887935
0 0.629157 0.416016 0.018847 0.105469 0.000909252
2 0.657982 0.41276 0.309313 0.294271 0.00092794
5 0.506467 0.216471 0.0905395 0.190755 0.000967401
6 0.527347 0.590169 0.0369549 0.0865885 0.00102144
7 0.751663 0.632487 0.0576497 0.0852865 0.00108822
6 0.52827 0.650716 0.0617147 0.11263 0.00112531
6 0.00498891 0.108073 0.00997783 0.0664062 0.00116777
7 0.72949 0.662435 0.0221729 0.0657552 0.00119923
8 0.383222 0.52474 0.0273466 0.0716146 0.00129502
7 0.295639 0.464518 0.0140429 0.0501302 0.00136654
10 0.388027 0.414714 0.0214339 0.0885417 0.00137493
7 0.748152 0.674479 0.0225425 0.0846354 0.00140801
6 0.641537 0.597005 0.0258684 0.0364583 0.00142944
6 0.700665 0.604492 0.037694 0.0566406 0.00143757
8 0.512934 0.536784 0.0532151 0.107422 0.00146269
5 0.498891 0.0895182 0.544715 0.147786 0.00149834
10 0.527162 0.494792 0.026238 0.046875 0.00154379
6 0.497044 0.637695 0.0842572 0.0904948 0.00157349
6 0.502217 0.610352 0.0650406 0.0983073 0.00157932
5 0.50388 0.0263672 0.471175 0.0527344 0.00159833
5 0.321693 0.253581 0.356615 0.307943 0.00160685
7 0.694937 0.442383 0.0144124 0.0970052 0.0017153
6 0.665928 0.573242 0.0495196 0.0527344 0.00183079
6 0.655395 0.60612 0.0388027 0.03125 0.0018731
7 0.361419 0.453125 0.022912 0.0833333 0.0018787
9 0.305063 0.605143 0.0365854 0.0410156 0.00197098
8 0.607724 0.586914 0.0757576 0.0605469 0.00197556
6 0.757761 0.605469 0.0321508 0.0651042 0.00201213
8 0.587583 0.541016 0.104213 0.105469 0.00220034
8 0.70898 0.536458 0.384701 0.238281 0.0022472
0 0.609571 0.372721 0.0195861 0.0566406 0.00231281
6 0.27901 0.5625 0.0280857 0.0390625 0.00231434
7 0.567997 0.408203 0.0487805 0.111979 0.00233336
0 0.424058 0.422526 0.0358463 0.113281 0.00244543
8 0.360495 0.574544 0.0728012 0.0644531 0.0024981
5 0.495935 0.104818 0.790096 0.209635 0.00273387
0 0.483555 0.402344 0.0181079 0.0859375 0.00276815
8 0.313008 0.531576 0.0192166 0.0449219 0.00276913
6 0.269032 0.553711 0.037694 0.0449219 0.00288443
10 0.667221 0.485352 0.0195861 0.0345052 0.00296608
8 0.443089 0.49707 0.0399113 0.077474 0.00296713
6 0.612897 0.605143 0.0277162 0.0292969 0.00300598
10 0.407243 0.496094 0.0258684 0.0520833 0.00301376
7 0.323355 0.482096 0.0280857 0.0540365 0.0032196
7 0.708795 0.460286 0.0177384 0.0716146 0.00333725
7 0.342757 0.462565 0.033629 0.108724 0.00335112
8 0.403363 0.543294 0.0654102 0.061849 0.003431
0 0.612897 0.426432 0.0617147 0.126302 0.00344345
7 0.698448 0.472982 0.0465632 0.121745 0.00355622
10 0.591279 0.453776 0.0317812 0.0325521 0.00360288
0 0.600517 0.414388 0.13969 0.134766 0.00367694
6 0.652069 0.599284 0.0225425 0.0384115 0.00373757
7 0.35255 0.46224 0.00960828 0.0768229 0.00377116
7 0.373799 0.503255 0.0269771 0.0898438 0.00387476
10 0.570953 0.436849 0.0362158 0.0703125 0.0040483
6 0.725425 0.55013 0.0369549 0.0533854 0.00443348
8 0.506467 0.533529 0.0306726 0.0800781 0.00444601
7 0.513673 0.43457 0.0325203 0.100911 0.00457231
8 0.456393 0.489909 0.0325203 0.0657552 0.00472404
2 0.386918 0.412435 0.306726 0.280599 0.00554233
7 0.293976 0.494792 0.0166297 0.0559896 0.00635748
6 0.625647 0.590495 0.0746489 0.0377604 0.00638413
10 0.466925 0.454102 0.00776053 0.0345052 0.00663686
7 0.686807 0.444987 0.0269771 0.0957031 0.00669431
8 0.283259 0.569336 0.38544 0.257161 0.00670423
8 0.618625 0.484375 0.0872136 0.106771 0.00672481
7 0.698448 0.473958 0.0155211 0.0442708 0.00679218
10 0.583333 0.421549 0.04915 0.093099 0.00708755
7 0.735957 0.676758 0.0218034 0.077474 0.00741768
10 0.652809 0.464193 0.0136733 0.0559896 0.00757432
7 0.353474 0.489909 0.126016 0.134766 0.00761756
10 0.547672 0.466146 0.0110865 0.0390625 0.00762578
10 0.593126 0.440104 0.014782 0.0546875 0.00785892
8 0.388027 0.555664 0.25425 0.160807 0.00810461
10 0.545824 0.460286 0.0266075 0.0703125 0.00861958
7 0.37306 0.450195 0.172579 0.158203 0.00961966
8 0.70085 0.492188 0.0195861 0.0442708 0.00983517
8 0.505174 0.49056 0.15595 0.119141 0.0103533
0 0.452328 0.424154 0.251293 0.152995 0.0119464
10 0.414449 0.443034 0.0291944 0.0683594 0.0120176
10 0.380081 0.482096 0.00923873 0.0488281 0.0120345
7 0.303585 0.483398 0.0728012 0.103516 0.0129895
2 0.538987 0.392578 0.276053 0.117188 0.0134057
10 0.612158 0.467122 0.0107169 0.0397135 0.0147119
8 0.429786 0.50651 0.242424 0.197917 0.0153765
6 0.609387 0.593424 0.0332594 0.046224 0.0156693
10 0.584627 0.445638 0.0399113 0.0514323 0.0157535
0 0.634701 0.416016 0.04102 0.127604 0.0164172
8 0.608278 0.535482 0.265336 0.166016 0.0170459
8 0.578899 0.472656 0.071323 0.0598958 0.0173628
10 0.455285 0.454753 0.00960828 0.0332031 0.0177535
8 0.429601 0.473633 0.0535846 0.063151 0.0180311
7 0.314302 0.503255 0.0195861 0.0585938 0.0182718
8 0.581116 0.52832 0.372875 0.313151 0.0184996
8 0.647635 0.483724 0.0558019 0.0742188 0.0193729
6 0.606615 0.594727 0.0181079 0.0279948 0.0201139
10 0.424242 0.471029 0.0280857 0.0371094 0.0203264
7 0.51663 0.453125 0.0118256 0.0807292 0.0207184
7 0.344974 0.500977 0.0432373 0.0800781 0.0214385
6 0.676275 0.599284 0.0687361 0.0423177 0.0226199
10 0.457871 0.444661 0.0118256 0.0716146 0.0227629
8 0.51201 0.507487 0.0809313 0.190755 0.0229979
7 0.750554 0.638346 0.0273466 0.0735677 0.0241106
0 0.543422 0.412435 0.0912786 0.130859 0.0247518
10 0.433666 0.458984 0.0232816 0.0572917 0.0248165
10 0.546563 0.451497 0.00960828 0.0332031 0.0249395
10 0.662047 0.476562 0.0144124 0.0416667 0.0253409
8 0.422025 0.540365 0.368071 0.294271 0.0260829
10 0.415743 0.460612 0.0613452 0.0722656 0.0277761
7 0.734479 0.639974 0.0218034 0.0429688 0.0296912
10 0.519586 0.449219 0.00813008 0.0442708 0.0313054
10 0.434775 0.442057 0.0402809 0.0794271 0.0313585
0 0.474686 0.408529 0.0328899 0.0996094 0.0330001
7 0.490392 0.443034 0.0155211 0.0826823 0.0334049
7 0.50813 0.447591 0.0110865 0.093099 0.0384672
7 0.740946 0.629557 0.0295639 0.0559896 0.0389787
7 0.303215 0.496745 0.018847 0.0546875 0.0396552
8 0.507576 0.521159 0.18884 0.246745 0.043504
8 0.636364 0.507812 0.0842572 0.0690104 0.0436712
10 0.662786 0.476562 0.00849963 0.03125 0.0438317
10 0.533075 0.458008 0.00997783 0.0384115 0.045723
8 0.388211 0.547201 0.0314117 0.0566406 0.0462129
10 0.600887 0.464193 0.0133038 0.0390625 0.0485345
2 0.511826 0.398763 0.695491 0.276693 0.0501335
8 0.371212 0.539714 0.0498891 0.0664062 0.0513163
10 0.467849 0.440755 0.0125647 0.0507812 0.0523824
6 0.320953 0.613607 0.0380636 0.0514323 0.0525882
2 0.465632 0.414062 0.151515 0.106771 0.0565584
7 0.291389 0.477214 0.0144124 0.0494792 0.0579712
10 0.659091 0.453776 0.0173688 0.0403646 0.0688551
8 0.503695 0.504557 0.0465632 0.0989583 0.0692532
7 0.378234 0.488932 0.0173688 0.0625 0.0707461
7 0.37269 0.457031 0.0232816 0.115885 0.0750346
10 0.604398 0.428711 0.0136733 0.116536 0.0750875
10 0.609202 0.443685 0.00923873 0.047526 0.0762604
0 0.498337 0.424805 0.04102 0.115234 0.0795567
7 0.699187 0.460612 0.0221729 0.100911 0.0864658
2 0.568182 0.434896 0.375831 0.182292 0.0870783
0 0.546009 0.421875 0.033629 0.110677 0.0887217
0 0.518477 0.47168 0.0236511 0.078776 0.0900393
8 0.452513 0.509115 0.151146 0.140625 0.095864
7 0.35218 0.475911 0.0169993 0.0807292 0.106085
10 0.604582 0.458333 0.00739098 0.0390625 0.116114
10 0.384331 0.498372 0.00813008 0.0553385 0.116445
7 0.663526 0.458008 0.0203252 0.0670573 0.122869
10 0.542868 0.453776 0.00886918 0.0403646 0.124577
8 0.69272 0.560547 0.0373245 0.106771 0.127732
7 0.362897 0.469727 0.0502587 0.108724 0.13115
10 0.601626 0.450195 0.0192166 0.0527344 0.14748
10 0.402809 0.464518 0.0118256 0.0410156 0.162619
10 0.393385 0.457357 0.0144124 0.0501302 0.165045
0 0.525499 0.420573 0.0317812 0.108073 0.173822
10 0.54139 0.427734 0.014782 0.0729167 0.185271
10 0.398559 0.449544 0.0247598 0.0722656 0.195458
8 0.400776 0.540039 0.114191 0.0878906 0.214097
8 0.578529 0.498372 0.0905395 0.0800781 0.219313
2 0.509978 0.326497 0.543976 0.154297 0.229382
7 0.349409 0.489583 0.00923873 0.0729167 0.295282
10 0.661493 0.464844 0.0110865 0.0338542 0.30786
10 0.604028 0.444661 0.00923873 0.0507812 0.320744
4 0.517554 0.653971 0.70473 0.367839 0.330022
7 0.485403 0.438802 0.0121951 0.0898438 0.334975
7 0.481153 0.432943 0.0133038 0.0768229 0.336369
10 0.539542 0.445638 0.0118256 0.0397135 0.352186
7 0.378788 0.45638 0.0184775 0.0794271 0.355965
7 0.675536 0.448893 0.037694 0.107422 0.357448
10 0.454545 0.432292 0.014782 0.0533854 0.358196
7 0.697339 0.495443 0.030303 0.10026 0.366607
7 0.313008 0.490885 0.0317812 0.0716146 0.403994
6 0.686438 0.605469 0.0343681 0.0481771 0.512175
7 0.735033 0.608398 0.030303 0.0761719 0.544054
7 0.514043 0.429036 0.0125647 0.114583 0.545741
6 0.309313 0.631185 0.0369549 0.0397135 0.546214
6 0.730968 0.581055 0.0487805 0.0865885 0.57085
6 0.362713 0.650391 0.0380636 0.0481771 0.579852
8 0.514782 0.514974 0.0273466 0.0820312 0.664308
7 0.698448 0.455404 0.0110865 0.0839844 0.67002
0 0.456948 0.416016 0.026238 0.10026 0.670775
7 0.344605 0.487956 0.018847 0.077474 0.671759
7 0.741685 0.652344 0.0266075 0.0703125 0.684981
0 0.393385 0.429362 0.0365854 0.10612 0.690168
7 0.297487 0.483073 0.0280857 0.0625 0.713374
0 0.657428 0.433919 0.030303 0.108724 0.722477
0 0.606984 0.40918 0.0240207 0.111328 0.736498
8 0.349963 0.558268 0.0458241 0.0761719 0.759816
0 0.536585 0.407227 0.0236511 0.102214 0.766656
2 0.513304 0.383464 0.586105 0.145833 0.783614
3 0.502587 0.59668 0.828529 0.705078 0.815484
8 0.699926 0.526042 0.0362158 0.0716146 0.828376
7 0.332594 0.491211 0.0354767 0.0813802 0.830717
8 0.484294 0.511393 0.0269771 0.0826823 0.8536
8 0.606245 0.504557 0.169623 0.106771 0.873659
5 0.506837 0.230469 0.592387 0.320312 0.877428
8 0.304139 0.556641 0.0413895 0.0768229 0.879562
8 0.424427 0.517578 0.086844 0.101562 0.886228
