6 0.591389 0.0425388 0.0814913 0.0796759 1.56406e-05
8 0.00313428 0.116813 0.00626856 0.116138 1.57028e-05
7 0.687727 0.412559 0.0155064 0.0567184 1.57209e-05
6 0.395249 0.991897 0.0547674 0.0162053 1.5732e-05
6 0.0899043 0.656313 0.0966678 0.187711 1.57526e-05
6 0.931211 0.905469 0.112504 0.144497 1.57759e-05
9 0.933685 0.0175557 0.0442098 0.0283592 1.57814e-05
6 0.273342 0.596219 0.0537776 0.0742741 1.57833e-05
6 0.558562 0.0313977 0.0382712 0.0627954 1.58193e-05
6 0.540911 0.0297097 0.0405807 0.0594193 1.5834e-05
6 0.209502 0.972654 0.0560871 0.0479406 1.58512e-05
6 0.632794 0.00742741 0.0415704 0.0148548 1.58612e-05
3 0.19416 0.703241 0.388321 0.593518 1.58854e-05
6 0.968162 0.454423 0.0636754 0.349764 1.59034e-05
6 0.0410756 0.130655 0.0630155 0.0762998 1.5904e-05
7 0.443418 0.0935179 0.0191356 0.0722485 1.59051e-05
6 0.012867 0.102633 0.0257341 0.0972316 1.59267e-05
6 0.436655 0.262323 0.0419004 0.0641458 1.59577e-05
6 0.00560871 0.0928427 0.0112174 0.0735989 1.59984e-05
9 0.856813 0.0131668 0.0666447 0.0263336 1.60432e-05
6 0.419169 0.00135044 0.0214451 0.00270088 1.60532e-05
8 0.948532 0.994936 0.0600462 0.0101283 1.60755e-05
9 0.0554273 0.983457 0.0488288 0.0330858 1.60995e-05
6 0.319037 0.608035 0.0191356 0.0519919 1.61205e-05
9 0.0875949 0.95476 0.0649951 0.0904794 1.6129e-05
5 0.596173 1 0.26262 0 1.61601e-05
6 0.924777 0.123903 0.073903 0.0803511 1.62297e-05
6 0.609535 0.0533423 0.0451996 0.0594193 1.62419e-05
6 0.820191 0.451047 0.0415704 0.118839 1.62565e-05
6 0.28093 0.00270088 0.0201254 0.00540176 1.6361e-05
6 0.615968 0.0688724 0.0382712 0.0540176 1.63796e-05
6 0.454141 0.00202566 0.017486 0.00405132 1.64117e-05
0 0.994226 0.86158 0.0115473 0.27684 1.64245e-05
6 0.634609 0.0668467 0.047839 0.0607698 1.64371e-05
9 0.641373 0.601958 0.0963378 0.106009 1.64634e-05
9 0.0879248 0.0111411 0.0689541 0.0222822 1.6464e-05
6 0.617948 0.029372 0.0508083 0.0411884 1.65128e-05
7 0.439624 0.385213 0.012867 0.124916 1.65952e-05
6 0.426592 0.507427 0.0184758 0.0344362 1.66077e-05
7 0.36935 0.347738 0.0861102 0.133693 1.66983e-05
6 0.947542 0.350776 0.0844606 0.3842 1.67011e-05
6 0.835863 0.494261 0.0544375 0.195814 1.67259e-05
5 0.276641 0.839298 0.239195 0.144497 1.67396e-05
7 0.592709 0.383187 0.012867 0.0938555 1.68021e-05
6 0.948862 0.172181 0.0323326 0.0472654 1.68086e-05
6 0.00907291 0.336259 0.0155064 0.295746 1.68227e-05
6 0.3903 0.0388251 0.0230947 0.0195814 1.68707e-05
8 0.603926 0.967589 0.0465193 0.0648211 1.69932e-05
6 0.359287 0.0411884 0.0224348 0.0202566 1.7005e-05
6 0.582646 0.972654 0.0534477 0.0479406 1.70285e-05
6 0.401353 0.678596 0.0379413 0.0918298 1.71127e-05
6 0.941933 0.148548 0.0494886 0.0999325 1.71375e-05
6 0.988948 0.457461 0.0221049 0.151924 1.71396e-05
6 0.537776 0.427076 0.0369515 0.083052 1.71548e-05
5 0.563675 0.0536799 0.109865 0.10736 1.71669e-05
7 0.677829 0.661377 0.224678 0.211344 1.71973e-05
6 0.775652 0.912221 0.110195 0.145847 1.7199e-05
7 0.34906 0.386563 0.0415704 0.0911546 1.72132e-05
6 0.0372814 0.104997 0.0593863 0.0560432 1.72573e-05
6 0.851699 0.910533 0.0979875 0.135719 1.72658e-05
6 0.00676344 0.12154 0.0108875 0.0702228 1.73065e-05
5 0.34741 0.999325 0.25932 0.00135044 1.7309e-05
7 0.577037 0.403781 0.0105576 0.0796759 1.73532e-05
6 0.972451 0.127954 0.0451996 0.118163 1.7354e-05
7 0.15061 0.338285 0.061036 0.27684 1.73562e-05
6 0.187067 0.513504 0.114154 0.268062 1.73938e-05
6 0.181953 0.140783 0.0484988 0.0560432 1.7399e-05
5 0.459584 0.15395 0.277136 0.3079 1.74745e-05
6 0.536951 0.0469278 0.0676344 0.0587441 1.75158e-05
6 0.112339 0.0584065 0.0379413 0.027684 1.75431e-05
9 0.482019 0.994598 0.0547674 0.0108035 1.76081e-05
6 0.222369 0.578663 0.0943583 0.21472 1.76626e-05
6 0.635599 0.0263336 0.0359617 0.0189061 1.77372e-05
6 0.722699 0.940918 0.047839 0.118163 1.77448e-05
6 0.765094 0.452397 0.0158364 0.0540176 1.77565e-05
6 0.911745 0.148886 0.0821511 0.114112 1.77813e-05
9 0.492577 0.992235 0.0560871 0.01553 1.77874e-05
6 0.560541 0.00101283 0.0184758 0.00202566 1.78382e-05
6 0.526724 0.586428 0.0287034 0.0790007 1.78536e-05
9 0.610195 0.972991 0.114484 0.0540176 1.78638e-05
6 0.357308 0.628629 0.0204553 0.0459149 1.78799e-05
6 0.766084 0.0124916 0.0415704 0.0249831 1.79028e-05
9 0.954965 0.964213 0.0900693 0.0715733 1.79225e-05
6 0.105081 0.144159 0.0333223 0.0695476 1.79271e-05
6 0.706697 0.103646 0.0778621 0.0938555 1.79429e-05
9 0.0809964 0.0776502 0.150775 0.0810263 1.79762e-05
6 0.619927 0.0033761 0.0369515 0.00675219 1.79893e-05
6 0.993402 0.515192 0.013197 0.30655 1.80208e-05
6 0.207027 0.111749 0.0280435 0.049291 1.80748e-05
9 0.986803 0.977718 0.0184758 0.0445645 1.80792e-05
5 0.198119 0.379811 0.396239 0.530047 1.81186e-05
6 0.988948 0.270088 0.0221049 0.202566 1.82258e-05
6 0.915869 0.971641 0.0580666 0.0445645 1.82266e-05
6 0.823656 0.938893 0.102606 0.122215 1.82414e-05
6 0.712801 0.103646 0.0221049 0.0263336 1.82796e-05
6 0.704553 0.407157 0.0656549 0.118839 1.83222e-05
5 0.553283 0.109048 0.290993 0.218096 1.83295e-05
6 0.407291 0.983795 0.0511382 0.0324105 1.83442e-05
9 0.956615 0.126604 0.0808314 0.0587441 1.8346e-05
6 0.279281 0.0111411 0.0320026 0.0222822 1.83638e-05
6 0.988783 0.951722 0.0138568 0.0965564 1.84502e-05
6 0.513362 0.00641458 0.0270538 0.0128292 1.84607e-05
6 0.00725833 0.158677 0.0145167 0.260635 1.84694e-05
6 0.159683 0.494261 0.0395909 0.0999325 1.84793e-05
4 0.0120422 0.696489 0.0240845 0.351789 1.84927e-05
6 0.581986 0.0330858 0.0329924 0.0661715 1.85182e-05
6 0.0877598 0.6553 0.104916 0.435517 1.85251e-05
6 0.743319 0.99291 0.0593863 0.0141796 1.85337e-05
6 0.160838 0.911209 0.08677 0.133018 1.8552e-05
6 0.720389 0.43788 0.017486 0.0384875 1.86297e-05
6 0.626196 0.0658339 0.0640053 0.131668 1.86446e-05
7 0.755691 0.256583 0.0293632 0.101283 1.86571e-05
6 0.582481 0.180621 0.154734 0.187036 1.87237e-05
6 0.338832 0.0449021 0.0844606 0.0790007 1.87402e-05
9 0.958595 0.985483 0.0405807 0.0290344 1.87705e-05
6 0.763774 0.459824 0.0376114 0.0594193 1.8782e-05
9 0.503134 0.97603 0.103596 0.0479406 1.88199e-05
6 0.101452 0.0408508 0.0715935 0.0371371 1.88915e-05
9 0.465853 0.979406 0.0969977 0.0411884 1.88977e-05
6 0.358957 0.0209318 0.0296932 0.0256583 1.89991e-05
6 0.405312 0.000675219 0.0221049 0.00135044 1.9072e-05
6 0.361102 0.611074 0.0247443 0.0405132 1.9083e-05
6 0.470472 0.00168805 0.0164962 0.0033761 1.91397e-05
6 0.13164 0.180284 0.0442098 0.0405132 1.915e-05
4 0.920653 0.696826 0.158694 0.448346 1.92381e-05
6 0.426262 0.579001 0.0237545 0.0411884 1.92543e-05
5 0.677169 0.219446 0.645661 0.438893 1.92889e-05
6 0.732102 0.561783 0.0983174 0.130993 1.9317e-05
6 0.415869 0.204254 0.0814913 0.161377 1.93251e-05
6 0.465688 0.00438893 0.0214451 0.00877785 1.93817e-05
6 0.416364 0.0573937 0.113494 0.0918298 1.93968e-05
6 0.463378 0.5763 0.0273837 0.0587441 1.94261e-05
6 0.995876 0.0229575 0.0082481 0.0459149 1.94274e-05
5 0.655064 0.990885 0.490597 0.0182309 1.95297e-05
9 0.929891 0.0712356 0.082811 0.0911546 1.95661e-05
6 0.648136 0.952735 0.0326625 0.0945307 1.9667e-05
2 0.170736 0.369007 0.123062 0.3842 1.96739e-05
6 0.991752 0.220122 0.0164962 0.098582 1.97229e-05
6 0.898878 0.883862 0.0808314 0.125591 1.97444e-05
6 0.158364 0.00405132 0.0336523 0.00810263 1.97535e-05
7 0.498845 0.403106 0.0151765 0.0783255 1.97674e-05
6 0.114979 0.912897 0.116463 0.167454 1.99177e-05
6 0.698284 0.547265 0.0359617 0.0506415 1.99298e-05
6 0.49901 0.586766 0.0287034 0.0702228 1.99823e-05
6 0.0450346 0.118163 0.047839 0.0418636 2.00329e-05
6 0.763115 0.0303849 0.0395909 0.033761 2.00449e-05
9 0.200594 1 0.204553 0 2.01164e-05
6 0.179644 0.0168805 0.0649951 0.033761 2.01232e-05
6 0.721214 0.882174 0.0554273 0.0871033 2.01853e-05
5 0.876443 0.913572 0.247113 0.172856 2.03249e-05
6 0.82811 0.0151924 0.0646651 0.0303849 2.03275e-05
6 0.145002 0.102971 0.0755526 0.0519919 2.0344e-05
7 0.551468 0.351452 0.0762125 0.124916 2.0373e-05
6 0.490597 0.557056 0.0158364 0.0459149 2.04309e-05
6 0.837347 0.966577 0.0712636 0.0668467 2.04317e-05
6 0.330419 0.962525 0.0306829 0.0587441 2.04491e-05
6 0.679314 0.448346 0.0151765 0.0391627 2.04606e-05
6 0.246948 0.933828 0.082811 0.112086 2.04784e-05
9 0.0890795 0.990209 0.0692841 0.0195814 2.05551e-05
6 0.731937 0.041526 0.0537776 0.083052 2.05629e-05
9 0.949027 0.0259959 0.0544375 0.0519919 2.05675e-05
4 0.977895 0.745442 0.0442098 0.384875 2.05948e-05
6 0.0188057 0.0972316 0.0376114 0.163403 2.06096e-05
5 0.164302 0.100608 0.170901 0.106685 2.06314e-05
6 0.0829759 0.129642 0.0240845 0.0351114 2.06865e-05
6 0.284725 0.613774 0.0514682 0.0594193 2.0696e-05
6 0.254207 0.0178933 0.0273837 0.0344362 2.06974e-05
6 0.971462 0.104659 0.0320026 0.0378123 2.07467e-05
6 0.668921 0.0449021 0.0623557 0.0898042 2.08548e-05
0 0.995216 0.778528 0.0095678 0.191762 2.0878e-05
5 0.419828 0.978393 0.440449 0.043214 2.09002e-05
6 0.359782 0.0472654 0.039261 0.0445645 2.09063e-05
3 0.275157 0.5 0.550313 1 2.09281e-05
6 0.00692841 0.0965564 0.0105576 0.0661715 2.10108e-05
6 0.658364 0.574949 0.0432201 0.049291 2.10549e-05
6 0.0676344 0.127954 0.0270538 0.0398379 2.10905e-05
7 0.238535 0.176907 0.0105576 0.108035 2.1143e-05
7 0.515506 0.395679 0.0108875 0.076975 2.11771e-05
6 0.994556 0.960837 0.0108875 0.0783255 2.1253e-05
6 0.505114 0.0428764 0.0224348 0.0222822 2.12876e-05
6 0.304355 0.62998 0.0254042 0.0364618 2.13086e-05
6 0.241339 0.00776502 0.0306829 0.01553 2.1329e-05
6 0.763774 0.0347738 0.0567469 0.0533423 2.13412e-05
6 0.342791 0.628629 0.0184758 0.0445645 2.14189e-05
7 0.522105 0.397029 0.012867 0.076975 2.14716e-05
6 0.451501 0.206617 0.0623557 0.133693 2.14851e-05
0 0.989442 0.87002 0.0158364 0.259959 2.15059e-05
6 0.813758 0.316003 0.0735731 0.145847 2.15647e-05
6 0.724018 0.960837 0.026064 0.0661715 2.16311e-05
6 0.859122 0.0938555 0.0983174 0.0580689 2.16749e-05
6 0.542395 0.00472654 0.0290333 0.00945307 2.16808e-05
6 0.71874 0.00844024 0.0399208 0.0168805 2.16861e-05
6 0.490927 0.0334234 0.0184758 0.0236327 2.16909e-05
6 0.814088 0.476367 0.0854503 0.101958 2.16948e-05
9 0.89195 0.147535 0.0544375 0.027684 2.16971e-05
5 0.406467 0.027684 0.128011 0.055368 2.17258e-05
6 0.870175 0.939905 0.0894094 0.120189 2.17428e-05
9 0.0640053 0.969278 0.128011 0.061445 2.17648e-05
6 0.0526229 0.0800135 0.0524579 0.0330858 2.19021e-05
6 0.0722534 0.148211 0.0211151 0.049291 2.19032e-05
6 0.761465 0.971641 0.0646651 0.055368 2.19701e-05
6 0.975091 0.200878 0.0498185 0.13707 2.20102e-05
9 0.021775 0.00236327 0.0310129 0.00472654 2.20635e-05
6 0.388156 0.848076 0.0399208 0.0783255 2.2192e-05
5 0.203893 0.035449 0.179479 0.070898 2.22697e-05
6 0.493731 0.404794 0.0359617 0.0938555 2.22777e-05
6 0.526559 0.578663 0.0191356 0.0526671 2.23438e-05
5 0.125206 0.989534 0.250412 0.0209318 2.23489e-05
6 0.34642 0.883525 0.0890795 0.114112 2.23799e-05
9 0.529528 0.993585 0.0547674 0.0128292 2.23985e-05
7 0.463213 0.376435 0.0310129 0.0803511 2.24129e-05
6 0.0110525 0.0324105 0.0221049 0.0648211 2.24201e-05
6 0.922633 0.167792 0.0273837 0.0411884 2.25462e-05
9 0.887331 0.0108035 0.0643352 0.021607 2.26299e-05
5 0.161663 0.16104 0.151105 0.150574 2.2727e-05
7 0.431541 0.372721 0.0112174 0.101283 2.27292e-05
7 0.387331 0.708305 0.0237545 0.0796759 2.27505e-05
6 0.858133 0.0688724 0.0943583 0.0459149 2.27762e-05
6 0.552953 0.175557 0.0329924 0.0918298 2.28409e-05
6 0.959254 0.154625 0.0471791 0.0405132 2.28666e-05
6 0.731277 0.445982 0.0841307 0.160027 2.29111e-05
6 0.951831 0.160027 0.0963378 0.156651 2.29366e-05
6 0.833718 0.0827144 0.0666447 0.0398379 2.30027e-05
6 0.130485 0.00236327 0.0293632 0.00472654 2.30773e-05
7 0.604916 0.361918 0.0148466 0.101283 2.31905e-05
6 0.502474 0.472316 0.0145167 0.0425388 2.31915e-05
7 0.329594 0.332883 0.0329924 0.0702228 2.32209e-05
6 0.558726 0.00945307 0.0353019 0.0189061 2.32661e-05
5 0.242824 0.111074 0.208512 0.222147 2.32748e-05
6 0.180468 0.476367 0.0686242 0.153275 2.33534e-05
6 0.708842 0.109048 0.0471791 0.0587441 2.34812e-05
6 0.989937 0.413572 0.0135269 0.145172 2.35601e-05
6 0.309469 0.00168805 0.021775 0.0033761 2.35679e-05
5 0.290828 0.822755 0.423293 0.278866 2.35984e-05
6 0.994721 0.400743 0.0105576 0.131668 2.36084e-05
6 0.507753 0.049291 0.0356318 0.0931803 2.37562e-05
7 0.338667 0.446995 0.0207852 0.0756246 2.37926e-05
6 0.983999 0.130993 0.0320026 0.130993 2.38765e-05
9 0.418014 0.99291 0.0534477 0.0141796 2.38779e-05
6 0.993731 0.482107 0.0125371 0.108035 2.38968e-05
7 0.440119 0.389602 0.00725833 0.0945307 2.39068e-05
6 0.218575 0.111749 0.0201254 0.0384875 2.39127e-05
6 0.635434 0.0422012 0.0369515 0.0249831 2.39215e-05
6 0.00659848 0.063133 0.013197 0.126266 2.39394e-05
5 0.71907 0.411209 0.561861 0.822417 2.4018e-05
6 0.989442 0.935517 0.0211151 0.128967 2.40557e-05
6 0.559221 0.00371371 0.0270538 0.00742741 2.41158e-05
9 0.0341471 0.00101283 0.0386011 0.00202566 2.41473e-05
6 0.453481 0.0101283 0.0326625 0.0202566 2.41741e-05
6 0.965358 0.199527 0.0666447 0.083052 2.41768e-05
6 0.00989772 0.0367995 0.0197954 0.0735989 2.42413e-05
6 0.708842 0.963538 0.0240845 0.0634706 2.43595e-05
6 0.200429 0.0232951 0.0821511 0.0465901 2.43754e-05
6 0.0061036 0.149561 0.0122072 0.104659 2.44547e-05
9 0.264599 1 0.0844606 0 2.45402e-05
6 0.710162 0.116138 0.034642 0.12424 2.4562e-05
7 0.395249 0.325793 0.0323326 0.0911546 2.46446e-05
9 0.0270538 0.983457 0.0541076 0.0330858 2.46619e-05
9 0.151765 1 0.073903 0 2.47054e-05
7 0.338667 0.36023 0.0273837 0.0911546 2.47187e-05
6 0.692346 0.019919 0.0748928 0.0398379 2.4735e-05
6 0.4355 0.00405132 0.0277136 0.00810263 2.48093e-05
6 0.732597 0.00877785 0.039261 0.0175557 2.49149e-05
6 0.119762 0.1526 0.0402507 0.0364618 2.49865e-05
7 0.41488 0.328832 0.0168261 0.0810263 2.50658e-05
9 0.882712 0.00202566 0.0320026 0.00405132 2.51232e-05
6 0.378423 0.947333 0.0488288 0.105334 2.52232e-05
9 0.917849 0.00979068 0.0686242 0.0195814 2.52847e-05
6 0.649126 0.0496286 0.0498185 0.0992573 2.5323e-05
6 0.254371 0.0128292 0.0191356 0.0202566 2.53233e-05
6 0.87067 0.437542 0.0732432 0.345712 2.5351e-05
5 0.464863 0.0222822 0.118113 0.0445645 2.5433e-05
6 0.250082 0.0678596 0.0732432 0.103309 2.55324e-05
6 0.437809 0.601958 0.0376114 0.0749494 2.55485e-05
6 0.957275 0.125591 0.0544375 0.0364618 2.57355e-05
9 0.992742 0.986158 0.0145167 0.027684 2.57795e-05
6 0.991092 0.0313977 0.0178159 0.0627954 2.58244e-05
6 0.988948 0.188386 0.0221049 0.167454 2.59081e-05
5 0.297757 0.17792 0.152095 0.232951 2.59181e-05
9 0.86836 0.00641458 0.04355 0.0128292 2.60475e-05
6 0.237215 0.859554 0.0798416 0.116138 2.60738e-05
6 0.568294 0.0405132 0.0630155 0.0661715 2.60823e-05
6 0.106565 0.107022 0.0626856 0.0384875 2.61341e-05
6 0.988948 0.0391627 0.0221049 0.0783255 2.61462e-05
6 0.732432 0.452059 0.0402507 0.0681972 2.62159e-05
6 0.570109 0.00438893 0.0296932 0.00877785 2.62794e-05
0 0.995711 0.901418 0.00857803 0.175557 2.62945e-05
6 0.881227 0.209318 0.137248 0.12154 2.63314e-05
6 0.247443 0.0178933 0.0158364 0.0222822 2.641e-05
6 0.520455 0.474004 0.0221049 0.043214 2.65566e-05
6 0.323326 0.434841 0.0475091 0.0810263 2.65666e-05
5 0.173375 0.876435 0.34675 0.159352 2.65778e-05
7 0.531013 0.351452 0.0570769 0.103309 2.66032e-05
5 0.207687 0.263336 0.164632 0.267387 2.66073e-05
6 0.310459 0.0945307 0.034972 0.0270088 2.66237e-05
6 0.865226 0.0266712 0.115803 0.0533423 2.66408e-05
6 0.302375 0.532748 0.047839 0.0607698 2.66533e-05
6 0.155229 0.505739 0.0656549 0.21607 2.6665e-05
6 0.639888 0.61445 0.0432201 0.055368 2.66755e-05
7 0.678489 0.672856 0.109865 0.150574 2.66766e-05
6 0.511052 0.0236327 0.0620257 0.0472654 2.6684e-05
6 0.34642 0.608035 0.0382712 0.0519919 2.66921e-05
4 0.0866051 0.684335 0.17321 0.478731 2.67164e-05
6 0.581161 0.0175557 0.0201254 0.021607 2.67208e-05
5 0.487463 0.20628 0.0419004 0.147873 2.67466e-05
6 0.319202 0.433829 0.0135269 0.061445 2.68116e-05
9 0.9581 0.00168805 0.0442098 0.0033761 2.69885e-05
6 0.988948 0.497299 0.0168261 0.118163 2.70476e-05
6 0.137248 0.0239703 0.0996371 0.0479406 2.7079e-05
6 0.292148 0.559082 0.0214451 0.0499662 2.71876e-05
6 0.561696 0.189399 0.0247443 0.124916 2.72102e-05
9 0.895579 0.0918298 0.0702738 0.033761 2.73324e-05
4 0.791323 0.702903 0.325635 0.378123 2.73702e-05
6 0.7161 0.525321 0.0451996 0.0513167 2.74679e-05
6 0.466183 0.0131668 0.0369515 0.0263336 2.75086e-05
6 0.164632 0.180284 0.0382712 0.0459149 2.75403e-05
6 0.962719 0.282917 0.065325 0.232275 2.75517e-05
6 0.418179 0.0472654 0.0630155 0.0729237 2.75757e-05
6 0.926922 0.149561 0.0504784 0.0776502 2.7598e-05
6 0.747278 0.478731 0.0785219 0.105334 2.76046e-05
5 0.34774 0.938217 0.65193 0.123565 2.76585e-05
6 0.304355 0.548278 0.0247443 0.043214 2.76827e-05
6 0.426262 0.469278 0.021775 0.0351114 2.77459e-05
6 0.690531 0.252532 0.107555 0.171506 2.77754e-05
6 0.325965 0.636057 0.0237545 0.0459149 2.79865e-05
7 0.508248 0.313639 0.0603761 0.133018 2.80038e-05
6 0.315902 0.0725861 0.0775322 0.0844024 2.80774e-05
2 0.289508 0.414585 0.204883 0.24713 2.81502e-05
6 0.657869 0.0425388 0.0448697 0.0243079 2.82282e-05
5 0.0900693 0.42235 0.110855 0.44767 2.82455e-05
6 0.69416 0.954423 0.0343121 0.0911546 2.85381e-05
9 0.636424 0.99865 0.0805015 0.00270088 2.86151e-05
7 0.439624 0.127954 0.0201254 0.224848 2.87072e-05
9 0.0818212 0.0222822 0.0402507 0.0445645 2.8725e-05
6 0.552623 0.528359 0.0164962 0.0344362 2.88777e-05
6 0.995876 0.0506415 0.0082481 0.0607698 2.89563e-05
9 0.923623 0.0979068 0.0616958 0.0256583 2.89567e-05
6 0.0320026 0.133018 0.0640053 0.139095 2.8959e-05
6 0.605081 0.538487 0.0257341 0.0641458 2.89656e-05
6 0.272022 0.953072 0.08677 0.0938555 2.897e-05
9 0.9548 0.0806887 0.0903992 0.0722485 2.89701e-05
5 0.335203 0.124578 0.153085 0.188386 2.90998e-05
9 0.455955 0.993248 0.0508083 0.0135044 2.92044e-05
6 0.372484 0.442606 0.0171561 0.0546928 2.92222e-05
6 0.833553 0.0195814 0.0894094 0.0391627 2.92262e-05
7 0.453151 0.400405 0.0148466 0.0715733 2.929e-05
6 0.0357968 0.439568 0.0715935 0.388926 2.9328e-05
6 0.605906 0.00303849 0.0333223 0.00607697 2.93587e-05
6 0.307984 0.471303 0.026064 0.0364618 2.93766e-05
6 0.601947 0.949696 0.0623557 0.100608 2.93942e-05
6 0.986308 0.0776502 0.0273837 0.12424 2.94996e-05
6 0.466513 0.0462525 0.0626856 0.0722485 2.95012e-05
6 0.549654 0.583052 0.0158364 0.0317353 2.95738e-05
6 0.886836 0.124578 0.0620257 0.0290344 2.95824e-05
9 0.0334873 0.974679 0.0353019 0.0384875 2.95914e-05
6 0.43451 0.00202566 0.0197954 0.00405132 2.96353e-05
6 0.807654 0.968265 0.0745628 0.0634706 2.99298e-05
6 0.701749 0.883525 0.0950181 0.141121 2.99581e-05
6 0.991917 0.0719109 0.0141867 0.143822 3.00155e-05
6 0.149951 0.170155 0.0768723 0.0540176 3.02034e-05
6 0.670406 0.0658339 0.082481 0.083052 3.02159e-05
6 0.993237 0.0952059 0.0135269 0.0823768 3.02208e-05
6 0.666447 0.0158677 0.0620257 0.0317353 3.02221e-05
9 0.119762 0.00202566 0.0296932 0.00405132 3.02251e-05
7 0.466348 0.372721 0.0135269 0.055368 3.0331e-05
6 0.441603 0.00168805 0.0181458 0.0033761 3.03568e-05
6 0.742659 0.471978 0.0158364 0.0378123 3.04201e-05
6 0.130815 0.127616 0.0630155 0.0445645 3.04547e-05
6 0.559221 0.515868 0.0237545 0.0324105 3.04671e-05
0 0.0095678 0.767725 0.013197 0.360567 3.06325e-05
6 0.658034 0.0290344 0.0458595 0.021607 3.06611e-05
6 0.373804 0.0489534 0.0501485 0.0979068 3.06817e-05
9 0.460244 0.455773 0.00989772 0.033761 3.08739e-05
9 0.034807 0.939905 0.056417 0.120189 3.08775e-05
5 0.822666 0.0790007 0.135599 0.089129 3.10068e-05
7 0.706532 0.199865 0.0451996 0.182309 3.10137e-05
6 0.708842 0.111074 0.0273837 0.0317353 3.1149e-05
6 0.572418 0.0158677 0.0197954 0.0195814 3.13992e-05
9 0.0590564 0.0239703 0.0409106 0.0479406 3.15376e-05
6 0.332564 0.00270088 0.034972 0.00540176 3.15868e-05
6 0.960244 0.197839 0.0590564 0.18501 3.16157e-05
6 0.506598 0.0465901 0.0663147 0.0621202 3.16582e-05
6 0.513692 0.426739 0.0151765 0.055368 3.16957e-05
6 0.71874 0.971978 0.056417 0.0546928 3.17774e-05
6 0.0112174 0.0573937 0.0224348 0.0958812 3.18445e-05
5 0.650775 0.955436 0.356648 0.089129 3.21249e-05
6 0.445563 0.0543552 0.0445398 0.0790007 3.21316e-05
6 0.572088 0.0209318 0.0362917 0.0418636 3.21698e-05
6 0.645661 0.969278 0.0270538 0.0546928 3.22814e-05
6 0.704388 0.58339 0.0329924 0.0594193 3.23294e-05
9 0.0405807 0.987508 0.0475091 0.0249831 3.25131e-05
6 0.942593 0.08474 0.0712636 0.0303849 3.25195e-05
6 0.185087 0.413234 0.0969977 0.162053 3.25378e-05
6 0.38964 0.0232951 0.0329924 0.0465901 3.26063e-05
5 0.792148 0.280216 0.415704 0.560432 3.26476e-05
6 0.594358 0.0273464 0.0432201 0.0546928 3.26712e-05
6 0.0813263 0.154288 0.017486 0.0398379 3.27806e-05
6 0.142362 0.00742741 0.0425602 0.0148548 3.3017e-05
7 0.482019 0.37576 0.0250742 0.0817016 3.30702e-05
6 0.995876 0.0793383 0.0082481 0.0722485 3.30791e-05
6 0.917024 0.545577 0.0689541 0.143147 3.33077e-05
6 0.268228 0.00405132 0.0250742 0.00810263 3.33203e-05
6 0.722369 0.370358 0.0524579 0.130317 3.33398e-05
9 0.964863 0.0111411 0.0590564 0.0222822 3.35051e-05
6 0.341142 0.0131668 0.0494886 0.0263336 3.36061e-05
4 0.0145167 0.6553 0.0290333 0.454423 3.36443e-05
6 0.3484 0.951047 0.0422303 0.0979068 3.36504e-05
6 0.0082481 0.0178933 0.00923788 0.0357866 3.37307e-05
6 0.995381 0.351114 0.00923788 0.125591 3.3755e-05
6 0.445233 0.536462 0.0188057 0.0330858 3.38035e-05
6 0.121742 0.508778 0.0706038 0.268062 3.38415e-05
6 0.00544375 0.0546928 0.0108875 0.0729237 3.39175e-05
7 0.239195 0.178258 0.0145167 0.27819 3.39822e-05
9 0.0917189 0.99291 0.0541076 0.0141796 3.41773e-05
6 0.831739 0.420999 0.065325 0.13707 3.41898e-05
7 0.559881 0.383525 0.0475091 0.101283 3.42161e-05
6 0.624546 0.0202566 0.0857803 0.0405132 3.42469e-05
9 0.919499 0.0881161 0.0706038 0.0303849 3.42828e-05
6 0.552293 0.565496 0.0171561 0.0317353 3.43725e-05
5 0.778291 0.341323 0.443418 0.427414 3.44945e-05
9 0.908611 0.00202566 0.0336523 0.00405132 3.46631e-05
6 0.941603 0.147873 0.0409106 0.033761 3.4884e-05
5 0.834213 0.967589 0.331574 0.0648211 3.49612e-05
7 0.467338 0.404119 0.012867 0.0627954 3.50405e-05
6 0.987628 0.184335 0.0247443 0.1526 3.51617e-05
7 0.52029 0.37576 0.0164962 0.145172 3.51863e-05
2 0.815242 0.932478 0.369515 0.135044 3.52352e-05
6 0.677829 0.955098 0.0306829 0.0898042 3.5298e-05
6 0.993896 0.356178 0.0122072 0.280216 3.5388e-05
9 0.183438 1 0.0699439 0 3.54295e-05
5 0.341636 0.230925 0.683273 0.46185 3.55661e-05
6 0.542065 0.58339 0.0230947 0.0526671 3.55729e-05
7 0.622072 0.636394 0.026064 0.0533423 3.56896e-05
5 0.0537776 0.120527 0.107555 0.135719 3.56896e-05
6 0.427912 0.541864 0.0277136 0.0384875 3.57053e-05
6 0.3484 0.637407 0.0257341 0.0526671 3.57116e-05
6 0.764434 0.538487 0.145167 0.41526 3.57395e-05
6 0.80386 0.0175557 0.0808314 0.0351114 3.5784e-05
6 0.992577 0.0320729 0.0148466 0.0641458 3.58169e-05
6 0.398878 0.639433 0.0244144 0.0783255 3.60713e-05
6 0.419663 0.603309 0.0237545 0.0560432 3.63655e-05
5 0.176344 0.187711 0.352689 0.375422 3.64241e-05
5 0.859947 0.0597569 0.280106 0.119514 3.66867e-05
9 0.777301 1 0.236226 0 3.67121e-05
6 0.0984823 0.0665091 0.0709337 0.0357866 3.6745e-05
6 0.935005 0.16239 0.0244144 0.0411884 3.67497e-05
9 0.934015 0.0685348 0.0917189 0.0384875 3.69746e-05
6 0.662323 0.955098 0.0306829 0.0898042 3.69809e-05
6 0.492907 0.0445645 0.0224348 0.0229575 3.70114e-05
6 0.437974 0.428764 0.012867 0.0486158 3.72632e-05
6 0.298911 0.434166 0.0640053 0.12154 3.73107e-05
2 0.833553 0.373734 0.140878 0.268062 3.7398e-05
0 0.00973276 0.860905 0.0141867 0.27819 3.75253e-05
5 0.640218 0.232275 0.466843 0.197164 3.75433e-05
9 0.0473441 0 0.0353019 0 3.76845e-05
6 0.562521 0.186023 0.0197954 0.0546928 3.76993e-05
6 0.857473 0.145172 0.154404 0.147198 3.772e-05
6 0.74134 0.456786 0.0191356 0.0398379 3.77571e-05
9 0.894919 0.00540176 0.0432201 0.0108035 3.77634e-05
9 0.0288684 0.00911546 0.0471791 0.0182309 3.77665e-05
6 0.105246 0.126941 0.0527879 0.0351114 3.77913e-05
7 0.485483 0.355841 0.012867 0.145847 3.78372e-05
6 0.726658 0.475017 0.0188057 0.0303849 3.79643e-05
6 0.735071 0.0185685 0.0567469 0.0371371 3.81193e-05
6 0.434345 0.0111411 0.0366216 0.0222822 3.8368e-05
6 0.256681 0.0273464 0.034972 0.0546928 3.88121e-05
6 0.368855 0.0388251 0.0250742 0.0249831 3.88788e-05
6 0.693171 0.969615 0.0237545 0.0567184 3.89191e-05
6 0.340812 0.606009 0.0178159 0.0384875 3.90967e-05
6 0.308149 0.477043 0.143187 0.222147 3.91977e-05
9 0.693006 0.999325 0.08677 0.00135044 3.93747e-05
9 0.815572 1 0.0877598 0 3.94083e-05
6 0.989772 0.182984 0.0164962 0.105334 3.94932e-05
5 0.3677 0.263336 0.403497 0.199865 3.96066e-05
6 0.507423 0.614112 0.0395909 0.10736 3.9726e-05
6 0.312768 0.101958 0.0541076 0.0526671 3.98339e-05
6 0.317387 0.0371371 0.113494 0.0742741 4.00048e-05
6 0.656384 0.00270088 0.0458595 0.00540176 4.00834e-05
6 0.482019 0.00438893 0.0184758 0.00877785 4.02175e-05
6 0.729957 0.910871 0.115144 0.147198 4.0289e-05
6 0.220719 0.0715733 0.0725833 0.0783255 4.03397e-05
9 0.753877 1 0.0943583 0 4.05033e-05
5 0.660838 0.0310601 0.124051 0.0621202 4.05458e-05
6 0.320191 0.0114787 0.0412405 0.0229575 4.06418e-05
6 0.509733 0.434841 0.0283735 0.0594193 4.10696e-05
9 0.935335 0.00236327 0.0382712 0.00472654 4.12094e-05
7 0.450346 0.381161 0.0171561 0.119514 4.12311e-05
7 0.679314 0.412221 0.0224348 0.126266 4.12748e-05
5 0.245464 0.965226 0.428901 0.0695476 4.13602e-05
5 0.469317 0.178596 0.0517981 0.16948 4.14457e-05
5 0.292973 0.257596 0.185417 0.2316 4.15217e-05
6 0.491587 0.00405132 0.0178159 0.00810263 4.1676e-05
7 0.312108 0.403781 0.0593863 0.116138 4.18322e-05
6 0.288354 0.587103 0.0376114 0.0735989 4.19489e-05
6 0.538931 0.53106 0.0188057 0.0438893 4.2118e-05
5 0.492742 0.061445 0.135599 0.0864281 4.23337e-05
6 0.635269 0.0462525 0.0544375 0.0560432 4.23576e-05
6 0.419663 0.562795 0.166282 0.130317 4.24299e-05
9 0.973441 0.953072 0.0471791 0.0938555 4.25001e-05
6 0.41323 0.544227 0.0201254 0.0364618 4.26466e-05
6 0.435335 0.0408508 0.0841307 0.0817016 4.27287e-05
6 0.530353 0.531398 0.0188057 0.0405132 4.27572e-05
5 0.877763 1 0.244474 0 4.2921e-05
6 0.848895 0.438893 0.060706 0.24713 4.29523e-05
6 0.104751 0.144497 0.0273837 0.0378123 4.29805e-05
6 0.991257 0.12154 0.012867 0.101283 4.30054e-05
7 0.482844 0.404794 0.0122072 0.0627954 4.30902e-05
6 0.990432 0.36293 0.0118773 0.13977 4.31134e-05
3 0.755691 0.568535 0.488618 0.86293 4.31286e-05
6 0.393435 0.972316 0.0544375 0.055368 4.31697e-05
6 0.933355 0.126941 0.0679644 0.0364618 4.32332e-05
5 0.744144 0.978055 0.397559 0.0438893 4.32955e-05
6 0.501485 0.0388251 0.103596 0.0776502 4.37227e-05
9 0.874134 0.134369 0.0669746 0.0405132 4.37995e-05
5 0.694655 0.919986 0.387661 0.10871 4.39426e-05
6 0.577697 0.033761 0.107555 0.0675219 4.41968e-05
6 0.572088 0.530047 0.0191356 0.0391627 4.46896e-05
6 0.141537 0.198177 0.0448697 0.10871 4.50733e-05
6 0.451996 0.570223 0.0171561 0.0425388 4.50766e-05
9 0.540416 0.978731 0.102936 0.0425388 4.51652e-05
6 0.535632 0.019919 0.0735731 0.0398379 4.52215e-05
6 0.329594 0.608373 0.0461894 0.0715733 4.5483e-05
6 0.360442 0.963538 0.0280435 0.0567184 4.55792e-05
6 0.593863 0.00303849 0.0290333 0.00607697 4.57423e-05
5 0.765094 0.855503 0.429561 0.207968 4.60323e-05
9 0.0940284 0.00202566 0.030353 0.00405132 4.60649e-05
6 0.185252 0.345037 0.110525 0.186361 4.63442e-05
6 0.746948 0.453747 0.0508083 0.102633 4.64433e-05
6 0.355328 0.580351 0.0250742 0.0411884 4.65222e-05
5 0.472781 0.963538 0.847905 0.0729237 4.67298e-05
5 0.363411 0.984808 0.542725 0.0303849 4.67907e-05
6 0.00989772 0.00607697 0.0145167 0.0121539 4.70241e-05
5 0.809139 0.220122 0.154075 0.233626 4.7031e-05
6 0.844936 0.126941 0.0686242 0.116138 4.71193e-05
7 0.410756 0.371033 0.00989772 0.103309 4.72239e-05
6 0.41389 0.497974 0.0148466 0.0344362 4.74569e-05
5 0.893764 0.0205942 0.121412 0.0411884 4.75124e-05
9 0.210327 1 0.0742329 0 4.79133e-05
6 0.494721 0.0472654 0.0372814 0.0486158 4.86105e-05
6 0.00791818 0.049291 0.00989772 0.0688724 4.88063e-05
6 0.629495 0.955436 0.0382712 0.089129 4.90744e-05
9 0.919169 0.00540176 0.0468492 0.0108035 4.91935e-05
7 0.485318 0.371708 0.00989772 0.061445 4.9407e-05
8 0.686407 1 0.230617 0 4.95346e-05
9 0.00775322 0.0131668 0.0155064 0.0263336 4.95831e-05
6 0.973441 0.126266 0.0372814 0.0472654 4.97883e-05
6 0.36935 0.632343 0.0240845 0.0560432 4.98345e-05
6 0.754372 0.452397 0.017486 0.0405132 4.98835e-05
7 0.483009 0.355165 0.0125371 0.0864281 4.99062e-05
9 0.0430551 0.0523295 0.0861102 0.104659 4.99207e-05
6 0.994721 0.12424 0.0105576 0.0756246 4.99234e-05
6 0.646816 0.0259959 0.0471791 0.0519919 5.02433e-05
4 0.315572 0.604321 0.213461 0.280891 5.04558e-05
6 0.155064 0.181296 0.0376114 0.0803511 5.04935e-05
9 0.598317 0.595881 0.0372814 0.0465901 5.05509e-05
5 0.359782 0.945645 0.421313 0.10871 5.05996e-05
6 0.482844 0.550641 0.0188057 0.0438893 5.08238e-05
6 0.959089 0.169142 0.0758825 0.083052 5.08597e-05
7 0.365061 0.649561 0.0313428 0.0634706 5.15063e-05
6 0.213956 0.0114787 0.0531178 0.0229575 5.20263e-05
6 0.491257 0.0104659 0.0323326 0.0209318 5.21348e-05
5 0.289673 0.0823768 0.159683 0.12424 5.22764e-05
6 0.339987 0.56921 0.0386011 0.0486158 5.26226e-05
6 0.374959 0.969953 0.0517981 0.0573937 5.26312e-05
6 0.486968 0.0232951 0.052128 0.0465901 5.26688e-05
6 0.604256 0.0128292 0.0498185 0.0256583 5.27308e-05
7 0.764269 0.219446 0.0181458 0.132343 5.31781e-05
6 0.916694 0.147535 0.0874299 0.0438893 5.32554e-05
5 0.685582 0.0715733 0.161663 0.118839 5.3368e-05
9 0.106071 0.00540176 0.0379413 0.0108035 5.38777e-05
6 0.34609 0.0219446 0.0765424 0.0438893 5.42305e-05
6 0.162488 0.0128292 0.0636754 0.0256583 5.49619e-05
6 0.559056 0.580689 0.0188057 0.0391627 5.51132e-05
6 0.380897 0.0202566 0.0287034 0.0270088 5.51736e-05
6 0.731442 0.466914 0.0277136 0.0317353 5.55747e-05
5 0.102441 0.0300473 0.1323 0.0600945 5.60614e-05
6 0.731112 0.242741 0.0659848 0.203241 5.66526e-05
6 0.135929 0.0101283 0.0633454 0.0202566 5.67785e-05
6 0.323656 0.532748 0.0270538 0.0270088 5.67791e-05
6 0.378918 0.0367995 0.0313428 0.0249831 5.70475e-05
6 0.515671 0.533086 0.0290333 0.0384875 5.70882e-05
6 0.37133 0.0232951 0.0412405 0.0452397 5.711e-05
9 0.0399208 0.00506415 0.0732432 0.0101283 5.71964e-05
6 0.944243 0.104659 0.0745628 0.0850777 5.72409e-05
6 0.649786 0.558406 0.0293632 0.0391627 5.72425e-05
6 0.571099 0.610398 0.0362917 0.0526671 5.7466e-05
6 0.570439 0.472654 0.0158364 0.033761 5.7582e-05
6 0.496371 0.435179 0.0148466 0.0533423 5.77063e-05
6 0.853844 0.154288 0.0567469 0.0438893 5.78546e-05
6 0.37133 0.0192438 0.026064 0.0263336 5.79239e-05
5 0.799241 0.962863 0.401518 0.0742741 5.80346e-05
6 0.0516331 0.102633 0.0432201 0.0823768 5.80977e-05
6 0.274002 0.908845 0.0966678 0.133693 5.81192e-05
6 0.113329 0.00945307 0.0590564 0.0189061 5.82095e-05
5 0.532498 0.192438 0.0560871 0.198515 5.8459e-05
9 0.0646651 0.0135044 0.0686242 0.0270088 5.85763e-05
6 0.887001 0.101621 0.0775322 0.103309 5.91467e-05
7 0.37166 0.678933 0.0234246 0.103309 5.92488e-05
6 0.311283 0.484808 0.0359617 0.0405132 5.9688e-05
6 0.363906 0.0344362 0.0732432 0.0688724 5.99319e-05
6 0.471297 0.383862 0.0425602 0.122215 6.01475e-05
6 0.991917 0.0290344 0.0095678 0.0580689 6.03106e-05
5 0.501815 0.0313977 0.21775 0.0627954 6.0519e-05
6 0.481359 0.43079 0.0290333 0.0688724 6.06073e-05
6 0.657869 0.0347738 0.0666447 0.0533423 6.06782e-05
9 0.853679 0.0881161 0.0689541 0.0330858 6.07255e-05
5 0.292643 0.112424 0.585285 0.224848 6.08207e-05
6 0.306829 0.562795 0.0329924 0.0452397 6.12634e-05
6 0.676015 0.971641 0.0224348 0.0567184 6.13184e-05
6 0.990762 0.0121539 0.0151765 0.0243079 6.15365e-05
6 0.38931 0.00236327 0.021775 0.00472654 6.17846e-05
6 0.361267 0.00168805 0.0356318 0.0033761 6.20177e-05
0 0.988783 0.775152 0.0191356 0.421337 6.23048e-05
6 0.645826 0.00405132 0.0326625 0.00810263 6.23224e-05
6 0.54553 0.481431 0.0168261 0.0364618 6.25372e-05
7 0.508908 0.373734 0.0300231 0.118163 6.25379e-05
6 0.938469 0.0340986 0.123062 0.0681972 6.29238e-05
6 0.300396 0.603984 0.0550973 0.10736 6.36948e-05
7 0.324975 0.356516 0.0270538 0.0715733 6.39478e-05
6 0.332893 0.604997 0.0178159 0.0445645 6.4042e-05
5 0.744639 0.0688724 0.139228 0.108035 6.40639e-05
6 0.545859 0.410196 0.0583966 0.10871 6.41935e-05
6 0.425602 0.489534 0.0230947 0.0364618 6.42615e-05
5 0.73936 0.951047 0.415704 0.0979068 6.45149e-05
6 0.0221049 0.202566 0.0442098 0.158001 6.50093e-05
6 0.659683 0.972316 0.0254042 0.0540176 6.52717e-05
6 0.286209 0.013842 0.0531178 0.027684 6.53579e-05
6 0.41158 0.612424 0.0491587 0.0850777 6.5537e-05
5 0.726328 0.201215 0.163312 0.237677 6.57315e-05
7 0.668426 0.384537 0.0415704 0.104659 6.5925e-05
6 0.435335 0.416273 0.121742 0.122215 6.63988e-05
6 0.439789 0.518569 0.021775 0.0378123 6.66173e-05
7 0.763939 0.220122 0.0227648 0.318704 6.66664e-05
5 0.54157 0.966577 0.412735 0.0668467 6.69951e-05
6 0.315902 0.0151924 0.0603761 0.0303849 6.70118e-05
9 0.942593 0.0151924 0.0772022 0.0303849 6.71507e-05
6 0.610195 0.973666 0.0419004 0.0459149 6.73585e-05
5 0.450346 0.10871 0.69416 0.217421 6.80929e-05
6 0.0295282 0.0999325 0.0590564 0.0837272 6.84028e-05
6 0.470472 0.0168805 0.0659848 0.033761 6.84923e-05
5 0.369185 0.183997 0.115473 0.216745 6.87506e-05
6 0.438139 0.0175557 0.0475091 0.0351114 6.89693e-05
6 0.0196305 0.0175557 0.039261 0.0351114 6.90184e-05
5 0.208677 0.960837 0.417354 0.0783255 6.94609e-05
6 0.871165 0.167792 0.047839 0.0398379 6.98406e-05
6 0.574398 0.437205 0.0296932 0.0817016 6.99464e-05
6 0.380403 0.0425388 0.0461894 0.0472654 7.07994e-05
6 0.343451 0.969953 0.0468492 0.0506415 7.09838e-05
7 0.714616 0.201891 0.0587265 0.341661 7.17434e-05
5 0.648301 0.10736 0.223689 0.174207 7.20718e-05
5 0.494556 0.276165 0.0923788 0.189061 7.26105e-05
7 0.367535 0.669818 0.0541076 0.0958812 7.33313e-05
6 0.322501 0.904794 0.101947 0.12424 7.3392e-05
6 0.247938 0.00371371 0.0227648 0.00742741 7.34947e-05
5 0.529693 0.907495 0.727483 0.18501 7.39976e-05
5 0.0536127 0.0378123 0.107225 0.0756246 7.42098e-05
6 0.625536 0.973329 0.0362917 0.0479406 7.45583e-05
6 0.324315 0.495949 0.0244144 0.0357866 7.48293e-05
5 0.631145 0.197164 0.149126 0.222822 7.51732e-05
6 0.144672 0.190074 0.0623557 0.049291 7.53756e-05
5 0.187232 0.173194 0.212801 0.243754 7.55434e-05
6 0.552293 0.467927 0.013197 0.0310601 7.64829e-05
7 0.496041 0.37846 0.0141867 0.128967 7.67948e-05
9 0.945068 0.0070898 0.0531178 0.0141796 7.77952e-05
6 0.991422 0.063133 0.00989772 0.0884537 7.79237e-05
9 0.0707687 0.00135044 0.0333223 0.00270088 7.86694e-05
6 0.43649 0.572248 0.0211151 0.0452397 7.93619e-05
6 0.298416 0.528022 0.105246 0.164754 8.00853e-05
6 0.692511 0.54659 0.0560871 0.0911546 8.04416e-05
6 0.387991 0.0101283 0.0362917 0.0202566 8.0667e-05
6 0.15325 0.188049 0.0227648 0.0330858 8.11632e-05
6 0.527054 0.559082 0.0181458 0.0459149 8.11746e-05
5 0.815242 0.033761 0.168261 0.0675219 8.18187e-05
9 0.974431 0.985145 0.0425602 0.0297097 8.21182e-05
6 0.767074 0.021607 0.0752227 0.043214 8.29093e-05
3 0.813923 0.549629 0.270538 0.781904 8.31155e-05
6 0.0265589 0.139095 0.0531178 0.0904794 8.35078e-05
7 0.378588 0.650574 0.0254042 0.0654963 8.36789e-05
6 0.256186 0.00405132 0.0240845 0.00810263 8.4012e-05
7 0.333883 0.373396 0.0560871 0.113437 8.40353e-05
5 0.724348 0.0931803 0.190366 0.186361 8.5108e-05
6 0.569449 0.0185685 0.0574068 0.0371371 8.53742e-05
6 0.254866 0.0114787 0.0353019 0.0229575 8.58113e-05
5 0.732761 0.0411884 0.1742 0.0823768 8.60722e-05
6 0.829594 0.36158 0.0907291 0.153275 8.68611e-05
6 0.299736 0.581702 0.034642 0.0600945 8.71312e-05
6 0.579512 0.00270088 0.0254042 0.00540176 8.75246e-05
6 0.924117 0.150574 0.0534477 0.0310601 8.75658e-05
6 0.723359 0.481094 0.034642 0.0398379 8.80922e-05
6 0.571099 0.582714 0.0230947 0.0364618 8.92607e-05
5 0.649621 0.0459149 0.193995 0.0918298 9.05662e-05
2 0.317222 0.383187 0.120422 0.143822 9.22357e-05
6 0.0501485 0.103646 0.0475091 0.0330858 9.24601e-05
9 0.0587265 0.00101283 0.0310129 0.00202566 9.26781e-05
7 0.598482 0.39264 0.0356318 0.13977 9.46917e-05
3 0.0677994 0.469278 0.135599 0.806212 9.48398e-05
7 0.380567 0.442606 0.0181458 0.0573937 9.60924e-05
6 0.36869 0.543889 0.026064 0.0438893 9.63088e-05
6 0.551963 0.506415 0.0197954 0.0297097 9.69611e-05
5 0.709502 0.211344 0.445068 0.348413 9.79461e-05
6 0.885351 0.15395 0.0649951 0.0715733 9.81839e-05
6 0.97905 0.0226199 0.0419004 0.0452397 9.9002e-05
6 0.645497 0.0131668 0.0498185 0.0263336 9.91548e-05
5 0.0460244 0.337272 0.0729132 0.3842 9.93795e-05
7 0.620257 0.609048 0.0343121 0.0864281 9.95609e-05
5 0.575223 0.0425388 0.202903 0.0850777 9.97848e-05
6 0.355823 0.5 0.0386011 0.0344362 0.000100412
9 0.850544 0.129642 0.0706038 0.0445645 0.000100746
9 0.0785219 0.00540176 0.0402507 0.0108035 0.00010118
9 0.933025 0.0979068 0.103596 0.0405132 0.000101569
6 0.559551 0.467927 0.0171561 0.033761 0.000101758
6 0.359122 0.619851 0.117123 0.132343 0.000101904
6 0.542725 0.565159 0.0178159 0.043214 0.000102049
5 0.360277 0.0422012 0.171561 0.0844024 0.000103192
6 0.450841 0.466239 0.0155064 0.0303849 0.00010451
5 0.28225 0.237002 0.503794 0.375422 0.000104845
6 0.531343 0.474679 0.0148466 0.0459149 0.000105068
6 0.699274 0.461175 0.0577367 0.135044 0.000106237
7 0.622402 0.649224 0.0484988 0.0735989 0.000106301
6 0.465523 0.556043 0.0197954 0.0452397 0.000107695
6 0.359122 0.617488 0.0550973 0.0681972 0.000108336
6 0.939624 0.107022 0.0752227 0.0330858 0.000110436
6 0.300231 0.497299 0.0547674 0.10736 0.000110618
5 0.228637 0.893315 0.457275 0.213369 0.000111681
6 0.492082 0.536462 0.0247443 0.0344362 0.000111789
6 0.578357 0.0104659 0.0409106 0.0209318 0.00011442
6 0.254536 0.0300473 0.0795117 0.0600945 0.000114835
9 0.0550973 0.00540176 0.0395909 0.0108035 0.000115206
7 0.405642 0.332883 0.0194655 0.0783255 0.000115281
6 0.658199 0.460837 0.0369515 0.070898 0.000116267
7 0.483999 0.35449 0.052128 0.103984 0.000117642
6 0.37067 0.614112 0.0287034 0.0546928 0.0001214
6 0.3032 0.618501 0.034972 0.0540176 0.000121695
7 0.510063 0.351114 0.0501485 0.103984 0.000122023
6 0.141372 0.198852 0.0386011 0.0452397 0.000123039
7 0.510393 0.376435 0.0125371 0.143822 0.00012379
6 0.315242 0.635719 0.0320026 0.0465901 0.00012477
6 0.417519 0.513167 0.0214451 0.0405132 0.000125892
6 0.499835 0.556718 0.0230947 0.0519919 0.000126258
6 0.511547 0.471641 0.0168261 0.0357866 0.000127845
2 0.65391 0.466239 0.335203 0.265361 0.000129407
6 0.918344 0.134031 0.163312 0.115463 0.000129521
6 0.368195 0.0162053 0.0587265 0.0324105 0.000130137
6 0.245299 0.013842 0.0471791 0.027684 0.000130708
6 0.372979 0.00236327 0.0306829 0.00472654 0.000131155
6 0.437149 0.490547 0.030353 0.0398379 0.000131289
6 0.41455 0.013842 0.0524579 0.027684 0.000132348
4 0.740185 0.756246 0.51963 0.43079 0.000133458
9 0.882217 0.100608 0.0818212 0.0378123 0.000134267
6 0.712471 0.498312 0.0399208 0.0418636 0.000134333
6 0.479875 0.531398 0.0194655 0.0324105 0.000134823
7 0.595513 0.409858 0.0112174 0.0837272 0.000134984
6 0.559881 0.56212 0.0171561 0.0357866 0.000134986
5 0.814913 0.924038 0.370175 0.134369 0.000138138
3 0.877268 0.501013 0.245464 0.775152 0.000138581
7 0.641208 0.640108 0.0287034 0.0756246 0.000138944
6 0.584296 0.485145 0.0145167 0.0344362 0.000139444
5 0.815737 0.210668 0.368525 0.387576 0.000140155
6 0.351864 0.47603 0.0188057 0.0256583 0.000141636
6 0.691026 0.576975 0.0379413 0.0654963 0.000142668
5 0.787529 0.900068 0.424942 0.199865 0.000143866
9 0.0471791 0.019919 0.0818212 0.0398379 0.000144183
6 0.460409 0.484132 0.082811 0.0729237 0.000145067
6 0.399703 0.617151 0.0155064 0.0499662 0.000145402
6 0.451171 0.451384 0.0214451 0.0425388 0.000147276
6 0.403992 0.547941 0.0207852 0.0357866 0.000149246
7 0.43517 0.395679 0.0455295 0.113437 0.000151517
5 0.133784 0.0624578 0.248433 0.118163 0.000151658
6 0.493237 0.511141 0.107555 0.0904794 0.00015245
6 0.576377 0.620864 0.021775 0.0519919 0.000153526
6 0.901848 0.123903 0.119103 0.049291 0.000154331
3 0.191191 0.55368 0.266249 0.791357 0.000154768
7 0.325305 0.404119 0.0211151 0.0790007 0.000155779
6 0.671726 0.445982 0.0237545 0.0533423 0.000155795
7 0.616133 0.426739 0.0115473 0.0864281 0.000156906
6 0.321511 0.542876 0.0419004 0.0459149 0.000158742
6 0.540416 0.51418 0.0178159 0.0384875 0.000159311
7 0.594853 0.376097 0.0692841 0.133693 0.000160177
5 0.160178 0.970966 0.320356 0.0580689 0.000161412
5 0.244804 0.913572 0.411745 0.148548 0.000163068
9 0.611019 0.604997 0.0369515 0.0445645 0.000163313
7 0.381227 0.36293 0.0194655 0.0871033 0.000163722
6 0.37133 0.0101283 0.0432201 0.0202566 0.000167072
6 0.494061 0.466914 0.0181458 0.0398379 0.000167139
6 0.656384 0.541188 0.0221049 0.0317353 0.000168192
6 0.661003 0.549629 0.0379413 0.0391627 0.000170144
7 0.427417 0.389264 0.0082481 0.103309 0.000173348
6 0.357143 0.537137 0.0267239 0.0263336 0.000175479
6 0.466018 0.527009 0.0141867 0.0317353 0.000176222
6 0.511052 0.551992 0.0191356 0.0465901 0.000176515
5 0.140713 0.9237 0.281425 0.1526 0.000176529
5 0.511547 0.977718 0.531508 0.0445645 0.000176766
6 0.456615 0.527346 0.0158364 0.0324105 0.000178084
5 0.506598 0.173531 0.0405807 0.15395 0.000182319
6 0.684098 0.447333 0.034642 0.0844024 0.000183077
5 0.726658 0.117826 0.546684 0.235652 0.000189251
6 0.394754 0.604321 0.0221049 0.0445645 0.000192922
6 0.438634 0.558069 0.0207852 0.0371371 0.000197903
6 0.453811 0.556381 0.0181458 0.0391627 0.000203747
6 0.58809 0.534774 0.0214451 0.0648211 0.000207381
6 0.299241 0.559757 0.0541076 0.0837272 0.000208335
6 0.367041 0.579338 0.0326625 0.033761 0.000211205
6 0.52227 0.517556 0.0191356 0.0398379 0.000212918
2 0.461894 0.443957 0.475751 0.0844024 0.000214665
6 0.317717 0.617151 0.0323326 0.0567184 0.000217541
9 0.640548 0.546253 0.0247443 0.0378123 0.000218111
6 0.578027 0.490547 0.221709 0.0857529 0.000223053
6 0.539426 0.478731 0.0316727 0.043214 0.000225974
6 0.424942 0.56786 0.0171561 0.0324105 0.000229205
7 0.649291 0.435517 0.0263939 0.0742741 0.000229239
6 0.725503 0.516543 0.0692841 0.0864281 0.000235115
7 0.365391 0.685348 0.0188057 0.0661715 0.000237034
7 0.344936 0.432816 0.0155064 0.0729237 0.000247109
4 0.273177 0.774477 0.546354 0.451047 0.000249182
6 0.351864 0.465901 0.12966 0.110736 0.000249446
6 0.550808 0.482444 0.0161663 0.0303849 0.000249672
7 0.618113 0.366982 0.0168261 0.119514 0.000260434
6 0.714121 0.468602 0.0557572 0.0702228 0.000261519
7 0.406631 0.353815 0.0102276 0.0931803 0.000263879
6 0.450016 0.505402 0.0171561 0.0357866 0.000264354
6 0.458265 0.46894 0.0475091 0.0425388 0.000270194
6 0.497691 0.448683 0.499835 0.216745 0.000278439
6 0.442263 0.432478 0.0399208 0.0735989 0.000281052
9 0.333058 0.463538 0.0287034 0.0533423 0.000282266
5 0.1968 0.149899 0.393599 0.299797 0.000283222
3 0.135929 0.555706 0.271857 0.888589 0.00028606
7 0.669746 0.410196 0.021775 0.083052 0.000290742
6 0.440284 0.512829 0.163972 0.135719 0.000291849
7 0.686572 0.392303 0.0481689 0.0958812 0.000307257
5 0.499505 0.0550304 0.316727 0.110061 0.00030817
6 0.538766 0.501013 0.0191356 0.0378123 0.000308808
7 0.47674 0.60871 0.0798416 0.158677 0.000312472
9 0.325305 0.477718 0.0290333 0.027684 0.000318859
6 0.727153 0.510466 0.126031 0.190412 0.00032303
6 0.490267 0.574949 0.0369515 0.0844024 0.00032621
9 0.881062 0.1553 0.0669746 0.033761 0.000327886
6 0.440284 0.470966 0.0207852 0.0317353 0.000330211
7 0.594853 0.438217 0.0138568 0.0756246 0.000330527
6 0.433355 0.554693 0.0451996 0.049291 0.00033756
7 0.407786 0.434504 0.0178159 0.0803511 0.000338235
6 0.45744 0.513167 0.0188057 0.0351114 0.000340899
5 0.885186 0.0499662 0.21577 0.0918298 0.000344224
6 0.482844 0.455436 0.0102276 0.0371371 0.000354003
6 0.526559 0.501013 0.0178159 0.0364618 0.000357132
6 0.533982 0.558406 0.0405807 0.0621202 0.000363744
6 0.533487 0.494261 0.0197954 0.0364618 0.000375698
9 0.67321 0.55368 0.0484988 0.0580689 0.000386285
6 0.359947 0.486158 0.0263939 0.0310601 0.000401794
6 0.466843 0.478055 0.159023 0.0904794 0.00040656
9 0.598812 0.582039 0.0283735 0.033761 0.00042039
6 0.609865 0.477718 0.0188057 0.0357866 0.000422621
6 0.69416 0.462188 0.0230947 0.0371371 0.000422705
5 0.135269 0.113774 0.269218 0.177583 0.000433536
2 0.642197 0.369007 0.193665 0.173531 0.00047066
6 0.509733 0.573599 0.0362917 0.083052 0.000472175
6 0.320521 0.572924 0.0293632 0.0425388 0.000483682
7 0.397888 0.362255 0.0158364 0.0776502 0.000484161
6 0.372154 0.438555 0.0343121 0.0992573 0.000484752
6 0.492907 0.494261 0.0184758 0.033761 0.000485955
7 0.629165 0.622552 0.0277136 0.076975 0.000499661
7 0.383372 0.667454 0.0211151 0.0790007 0.000503525
5 0.602277 0.178258 0.298581 0.259284 0.00051145
7 0.390795 0.358204 0.0300231 0.111411 0.000521548
6 0.451336 0.487508 0.0164962 0.033761 0.000524372
6 0.515836 0.515192 0.2161 0.120189 0.000526725
9 0.381722 0.595206 0.0455295 0.0600945 0.000529974
6 0.39294 0.530047 0.0263939 0.0445645 0.000534354
6 0.554602 0.493248 0.0204553 0.0303849 0.000578952
4 0.508413 0.589467 0.366216 0.255233 0.000582277
6 0.539096 0.486496 0.0184758 0.0384875 0.000586366
2 0.637413 0.373734 0.431541 0.300473 0.000592111
6 0.531343 0.566509 0.061036 0.109386 0.000605044
5 0.888156 0.0918298 0.194655 0.0742741 0.000606023
7 0.498845 0.350776 0.101617 0.123565 0.000620796
5 0.845431 0.112424 0.309139 0.220797 0.000623852
6 0.34939 0.549291 0.0224348 0.0303849 0.000629812
7 0.621247 0.465226 0.0600462 0.120189 0.000633957
6 0.508083 0.525658 0.0211151 0.0317353 0.000641258
6 0.408446 0.554693 0.0310129 0.0600945 0.000642293
6 0.375454 0.526334 0.0277136 0.0465901 0.000650872
2 0.381227 0.374072 0.496536 0.222822 0.000662516
9 0.330419 0.478055 0.0636754 0.0729237 0.000683261
7 0.418014 0.37002 0.0554273 0.126941 0.000685764
9 0.60805 0.575962 0.0270538 0.0297097 0.000721114
6 0.494721 0.522957 0.0227648 0.0344362 0.000726897
7 0.366216 0.420662 0.0138568 0.098582 0.000747453
6 0.503959 0.498987 0.0168261 0.0364618 0.000771927
6 0.581986 0.580689 0.0224348 0.0297097 0.000792512
7 0.662653 0.634031 0.0663147 0.089129 0.000809886
6 0.416694 0.565159 0.0197954 0.0364618 0.000813305
6 0.512042 0.495273 0.0316727 0.0330858 0.000817448
6 0.399373 0.568872 0.0306829 0.0357866 0.000870657
7 0.660013 0.398042 0.0874299 0.151924 0.000901717
8 0.103761 0.519244 0.0399208 0.236327 0.000907235
6 0.491752 0.476367 0.0359617 0.0425388 0.000912448
9 0.622732 0.549966 0.0287034 0.0384875 0.000954194
6 0.575883 0.565496 0.0234246 0.0263336 0.000965901
6 0.537611 0.617488 0.0577367 0.126266 0.000972675
6 0.47872 0.488521 0.0197954 0.0425388 0.000974748
9 0.465523 0.460837 0.0105576 0.0263336 0.00112799
6 0.506434 0.513504 0.021775 0.0344362 0.00113683
7 0.611349 0.407157 0.013197 0.0918298 0.00115728
6 0.106071 0.521269 0.0366216 0.117488 0.00115864
6 0.444408 0.508103 0.0296932 0.0506415 0.00121183
6 0.531838 0.523295 0.0376114 0.0567184 0.00121937
6 0.482514 0.511816 0.0201254 0.0391627 0.00124314
6 0.576542 0.489196 0.0155064 0.0209318 0.00124315
6 0.578027 0.495949 0.0224348 0.0330858 0.00125236
6 0.502309 0.608035 0.0861102 0.122215 0.00125585
6 0.600792 0.447333 0.034972 0.0938555 0.00125857
9 0.65226 0.51553 0.0211151 0.0344362 0.00127627
5 0.50033 0.179608 0.082811 0.232275 0.00131923
6 0.471791 0.53815 0.0547674 0.0904794 0.00133566
6 0.603101 0.486158 0.0270538 0.0472654 0.0013534
3 0.341307 0.480081 0.368525 0.426739 0.00140115
6 0.913065 0.535787 0.0372814 0.237002 0.00146075
6 0.470967 0.466914 0.0108875 0.0249831 0.00146528
6 0.466678 0.505402 0.0181458 0.0425388 0.00146863
7 0.604751 0.419649 0.0151765 0.0844024 0.00149206
6 0.605081 0.502026 0.0224348 0.0398379 0.00152083
7 0.378258 0.376435 0.181788 0.176232 0.00152911
6 0.364566 0.56212 0.0263939 0.0330858 0.0016436
6 0.403662 0.507427 0.0207852 0.0425388 0.00174111
6 0.538106 0.505402 0.0415704 0.0411884 0.0017435
6 0.398548 0.471641 0.107555 0.0803511 0.00184147
7 0.431871 0.396691 0.0191356 0.130317 0.00187386
5 0.365391 0.193113 0.272187 0.313302 0.00190582
6 0.577367 0.505739 0.0171561 0.033761 0.00202983
3 0.714616 0.533086 0.528538 0.597569 0.00231307
6 0.39261 0.623565 0.021775 0.061445 0.00235374
6 0.356483 0.572586 0.0471791 0.0378123 0.00240283
6 0.5 0.529372 0.039261 0.0675219 0.00242683
6 0.502804 0.564146 0.0778621 0.0857529 0.00251537
6 0.913725 0.536462 0.0320026 0.115463 0.00257202
7 0.335203 0.40108 0.0250742 0.106685 0.00258126
6 0.489772 0.504727 0.0280435 0.0384875 0.00280773
6 0.546189 0.545577 0.0603761 0.0877785 0.00281691
7 0.34972 0.401418 0.065325 0.142471 0.00285863
6 0.56384 0.494261 0.0527879 0.0445645 0.00293925
7 0.653085 0.410533 0.0287034 0.101283 0.00309342
6 0.642362 0.495949 0.0237545 0.0465901 0.00321318
6 0.514847 0.50709 0.0359617 0.0364618 0.00327232
9 0.584131 0.579338 0.0676344 0.0648211 0.00356105
3 0.355988 0.576975 0.648631 0.706955 0.00361025
7 0.657374 0.648886 0.034642 0.0715733 0.00374658
7 0.627351 0.397029 0.047839 0.135044 0.0038712
6 0.584461 0.502701 0.0306829 0.0438893 0.0039891
6 0.611019 0.491222 0.0237545 0.0533423 0.00430637
6 0.461069 0.478393 0.0148466 0.0371371 0.00446219
6 0.409601 0.57056 0.0214451 0.0270088 0.00451302
7 0.347575 0.405132 0.0221049 0.109386 0.00475744
6 0.4774 0.479068 0.0402507 0.0438893 0.00495513
7 0.397394 0.417286 0.0122072 0.0675219 0.00519105
6 0.677499 0.484132 0.0188057 0.0364618 0.00552715
6 0.71544 0.472991 0.034642 0.0411884 0.00566296
6 0.682943 0.47603 0.0171561 0.0256583 0.00569921
6 0.354668 0.469953 0.0409106 0.0702228 0.00707645
6 0.408116 0.473329 0.0237545 0.0499662 0.0089554
7 0.424612 0.379136 0.0158364 0.10871 0.00907082
6 0.462224 0.495949 0.0125371 0.0371371 0.00909602
7 0.41389 0.384537 0.0247443 0.131668 0.0092958
7 0.401353 0.425051 0.0108875 0.106009 0.00932988
9 0.593204 0.494598 0.0395909 0.0452397 0.00983327
9 0.648796 0.595206 0.0524579 0.0600945 0.0123758
7 0.328934 0.381161 0.0277136 0.0952059 0.0128618
7 0.364071 0.400068 0.0234246 0.101958 0.0149476
9 0.660838 0.503038 0.038931 0.043214 0.0151911
7 0.407621 0.396691 0.0148466 0.13707 0.0161636
6 0.385351 0.520594 0.0442098 0.101283 0.0226516
7 0.643022 0.40108 0.0296932 0.113437 0.0249073
7 0.388651 0.393991 0.0250742 0.106009 0.025117
7 0.374464 0.405132 0.0171561 0.113437 0.0485377
7 0.619597 0.415598 0.0105576 0.100608 0.0707703
9 0.34906 0.48582 0.0910591 0.0425388 0.0771751
9 0.337017 0.505739 0.0339822 0.0594193 0.0789456
3 0.51996 0.418636 0.700099 0.425388 0.0824922
7 0.615803 0.398379 0.0247443 0.103984 0.0927352
6 0.626856 0.507765 0.0362917 0.105334 0.115109
6 0.464698 0.468265 0.0214451 0.0330858 0.130386
7 0.397064 0.399055 0.0214451 0.0796759 0.151652
6 0.385186 0.479406 0.0412405 0.0513167 0.263495
6 0.690366 0.516543 0.0458595 0.0648211 0.597072
9 0.464698 0.47029 0.0115473 0.0263336 0.601221
7 0.624051 0.40108 0.0207852 0.128292 0.64427
9 0.585615 0.497299 0.0197954 0.0290344 0.672767
6 0.372979 0.485483 0.0247443 0.0364618 0.675272
7 0.400858 0.395341 0.0184758 0.135719 0.707062
9 0.334213 0.55368 0.0428901 0.0513167 0.71752
6 0.621577 0.488521 0.0316727 0.0600945 0.719167
6 0.702573 0.48312 0.0306829 0.0398379 0.748853
6 0.685747 0.540513 0.0419004 0.0479406 0.758432
6 0.398383 0.480756 0.0293632 0.0688724 0.766208
9 0.658529 0.48447 0.0422303 0.0533423 0.766493
9 0.589409 0.583727 0.0326625 0.0411884 0.77929
4 0.505939 0.604321 0.667436 0.433491 0.792751
9 0.332564 0.483795 0.0244144 0.0344362 0.802537
9 0.383207 0.576975 0.0412405 0.0438893 0.81227
9 0.63164 0.56786 0.039261 0.0459149 0.833132
2 0.507258 0.334909 0.52095 0.21472 0.875217
5 0.512207 0.181296 0.534807 0.35314 0.886469
