6 0.98817 0.0882161 0.0236599 0.147786 1.84964e-05
6 0.0410351 0.376302 0.0798521 0.14974 1.85391e-05
6 0.0415896 0.602214 0.0528651 0.09375 1.8559e-05
6 0.763956 0.086263 0.0417745 0.0527344 1.8577e-05
6 0.383179 0.244466 0.0195933 0.0332031 1.85799e-05
6 0.923105 0.178711 0.0399261 0.061849 1.85901e-05
6 0.855823 0.0146484 0.0465804 0.0292969 1.86885e-05
9 0.683549 0.00358073 0.0332717 0.00716146 1.86963e-05
9 0.381331 1 0.285767 0 1.87362e-05
6 0.817006 0.078125 0.11756 0.0924479 1.87381e-05
6 0.407209 0.966146 0.076525 0.0677083 1.87634e-05
5 0.0334566 0.910482 0.0639556 0.16862 1.87771e-05
6 0.991497 0.527995 0.0170055 0.24349 1.88085e-05
7 0.553604 0.516276 0.0247689 0.0638021 1.88692e-05
6 0.574677 0.704427 0.496488 0.134115 1.88721e-05
5 0.714787 0.49349 0.412939 0.273438 1.8875e-05
6 0.405915 0.680339 0.201109 0.203125 1.88822e-05
9 0.458041 0.0266927 0.0524954 0.0533854 1.89915e-05
5 0.942884 0.929362 0.114233 0.141276 1.90152e-05
9 0.710536 0 0.0391867 0 1.90167e-05
6 0.785397 0.0755208 0.0365989 0.0273438 1.90412e-05
9 0.804251 1 0.173383 0 1.90414e-05
9 0.834935 0 0.0439926 0 1.90664e-05
6 0.664325 0.140625 0.0214418 0.0416667 1.9081e-05
6 0.100555 0.301758 0.180407 0.146484 1.91108e-05
6 0.0323475 0.215169 0.0432532 0.093099 1.9129e-05
6 0.766359 0.0764974 0.0288355 0.0253906 1.91345e-05
9 0.508503 0.00553385 0.032902 0.0110677 1.92121e-05
9 0.258965 0 0.0373383 0 1.92575e-05
6 0.320518 0.576497 0.0177449 0.0292969 1.92602e-05
6 0.646211 0.249349 0.0162662 0.0273438 1.92626e-05
6 0.561738 0.684896 0.220702 0.115885 1.9265e-05
6 0.819224 0.0332031 0.0850277 0.0598958 1.92801e-05
6 0.685582 0.39974 0.0425139 0.0546875 1.92886e-05
6 0.392052 0.980469 0.0728281 0.0364583 1.92992e-05
6 0.957486 0.327799 0.0754159 0.130859 1.93004e-05
6 0.46488 0.126302 0.0469501 0.0598958 1.93287e-05
4 0.0170055 0.763021 0.0340111 0.321615 1.93599e-05
6 0.269131 0.618164 0.0443623 0.0540365 1.9371e-05
6 0.671349 0.155599 0.0665434 0.104167 1.93846e-05
6 0.420887 0.113932 0.0136784 0.0338542 1.93984e-05
6 0.664695 0.0592448 0.0695009 0.0546875 1.94772e-05
5 0.316266 0.134115 0.200739 0.14974 1.9503e-05
6 0.453235 0.614258 0.0177449 0.0384115 1.9507e-05
6 0.524214 0.111328 0.0473198 0.0885417 1.95135e-05
9 0.859335 0.0234375 0.0528651 0.046875 1.95285e-05
9 0.885213 0.0234375 0.0506469 0.046875 1.95724e-05
5 0.122551 0.976562 0.245102 0.046875 1.96112e-05
6 0.591682 0.160156 0.0166359 0.0247396 1.96192e-05
9 0.284473 0.0205078 0.0543438 0.0410156 1.96414e-05
6 0.760074 0.0605469 0.0280961 0.0325521 1.96532e-05
8 0.00425139 0.816081 0.00850277 0.14388 1.96569e-05
6 0.434196 0.191406 0.018854 0.0273438 1.9689e-05
5 0.721996 0.272135 0.214418 0.1875 1.969e-05
6 0.745287 0.0569661 0.0288355 0.030599 1.96979e-05
9 0.410166 0.0260417 0.0528651 0.0520833 1.97332e-05
9 0.848983 0.994466 0.231793 0.0110677 1.98052e-05
6 0.0944547 0.667318 0.0558226 0.227865 1.98234e-05
6 0.256562 0.0628255 0.0340111 0.0800781 1.98399e-05
6 0.365989 0.269857 0.0998152 0.11263 1.98552e-05
5 0.654898 0.125 0.2 0.117188 1.98752e-05
6 0.602957 0.134115 0.0184843 0.03125 1.99082e-05
6 0.963401 0.261393 0.0554529 0.108724 1.99357e-05
6 0.296858 0.659831 0.0421442 0.0384115 1.9945e-05
6 0.779482 0.0078125 0.0292052 0.015625 1.99775e-05
9 0.384288 0.0253906 0.0558226 0.0507812 2.00113e-05
6 0.777634 0.640951 0.0173752 0.0345052 2.00959e-05
6 0.935675 0.308268 0.0909427 0.0553385 2.01171e-05
9 0.781885 0.00227865 0.0532348 0.00455729 2.01524e-05
9 0.526802 1 0.0650647 0 2.01578e-05
5 0.530869 0.137695 0.485767 0.193359 2.0207e-05
6 0.298891 0.72168 0.0269871 0.046224 2.02828e-05
6 0.649168 0.138021 0.0192237 0.0403646 2.02864e-05
9 0.37671 1 0.0643253 0 2.03173e-05
6 0.0550832 0.197266 0.0561922 0.0859375 2.03429e-05
6 0.358041 0.680664 0.0299445 0.0436198 2.03448e-05
9 0.483179 0.0234375 0.0480592 0.046875 2.03635e-05
5 0.692052 0.396159 0.462107 0.210286 2.0391e-05
5 0.236229 0.204102 0.148614 0.205078 2.03931e-05
9 0.909612 0 0.0484288 0 2.04032e-05
9 0.338632 1 0.0658041 0 2.04157e-05
6 0.762477 0.624349 0.0343808 0.0481771 2.04332e-05
6 0.515527 0.202148 0.0136784 0.031901 2.04507e-05
9 0.321996 0 0.0443623 0 2.04882e-05
6 0.840296 0.114258 0.100555 0.185547 2.04926e-05
6 0.18207 0.101237 0.0240296 0.030599 2.04962e-05
6 0.883549 0.29362 0.0295749 0.0403646 2.05812e-05
6 0.0970425 0.19043 0.0521257 0.0748698 2.06301e-05
6 0.316081 0.0973307 0.0170055 0.0279948 2.06402e-05
6 0.749908 0.86849 0.090573 0.0989583 2.06941e-05
6 0.130499 0.0960286 0.0207024 0.0488281 2.07877e-05
6 0.321996 0.243164 0.0451017 0.0371094 2.08109e-05
9 0.756007 0.00292969 0.0569316 0.00585938 2.09538e-05
6 0.469686 0.637695 0.0136784 0.0332031 2.09567e-05
6 0.719778 0.665365 0.0177449 0.0286458 2.09582e-05
6 0.387061 0.184245 0.0672828 0.0664062 2.10152e-05
6 0.987985 0.53418 0.0181146 0.0891927 2.10351e-05
6 0.777819 0.626302 0.0133087 0.0299479 2.10394e-05
6 0.442699 0.619466 0.0269871 0.047526 2.11098e-05
6 0.990943 0.0234375 0.0181146 0.046875 2.11826e-05
9 0.231054 0.000651042 0.0428835 0.00130208 2.11853e-05
6 0.568577 0.178711 0.057671 0.0579427 2.11892e-05
6 0.325508 0.713216 0.0417745 0.0553385 2.11962e-05
6 0.321442 0.436849 0.0247689 0.03125 2.12053e-05
9 0.183549 0.00423177 0.0321627 0.00846354 2.13071e-05
9 0.745656 0.00390625 0.0369686 0.0078125 2.13526e-05
6 0.956932 0.217448 0.0439926 0.0924479 2.13858e-05
6 0.769316 0.0830078 0.0133087 0.0345052 2.14188e-05
6 0.542144 0.0192057 0.044732 0.0384115 2.14465e-05
6 0.109057 0.146484 0.0495379 0.0598958 2.14582e-05
5 0.71719 0.913411 0.410351 0.173177 2.14879e-05
6 0.784473 0.650065 0.0451017 0.0566406 2.15207e-05
9 0.192052 0.00716146 0.0499076 0.0143229 2.1532e-05
9 0.421811 0 0.0399261 0 2.15528e-05
6 0.723475 0.656901 0.0421442 0.0429688 2.16543e-05
9 0.264695 1 0.0658041 0 2.16777e-05
6 0.837708 0.623698 0.0140481 0.0390625 2.16785e-05
6 0.303512 0.441406 0.083549 0.078125 2.17289e-05
5 0.714787 0.0960286 0.205176 0.128255 2.17864e-05
6 0.98817 0.805664 0.0236599 0.228516 2.17999e-05
5 0.465804 0.167318 0.193715 0.0950521 2.18449e-05
6 0.417375 0.131836 0.0480592 0.063151 2.18883e-05
5 0.370055 0.186849 0.126433 0.09375 2.18949e-05
6 0.585952 0.117188 0.0170055 0.0390625 2.18998e-05
6 0.989464 0.00585938 0.0210721 0.0117188 2.19264e-05
6 0.452311 0.181966 0.0210721 0.0292969 2.19808e-05
6 0.00720887 0.327799 0.00924214 0.0813802 2.20175e-05
8 0.00665434 0.278971 0.0133087 0.322266 2.20891e-05
9 0.243993 0.00846354 0.0443623 0.0169271 2.21228e-05
6 0.630499 0.0192057 0.0476895 0.0358073 2.21878e-05
2 0.345287 0.49707 0.195194 0.146484 2.22184e-05
6 0.0112754 0.580078 0.0225508 0.195312 2.22357e-05
6 0.245841 0.0846354 0.0288355 0.0377604 2.22905e-05
4 0.0637708 0.750977 0.127542 0.370443 2.2328e-05
9 0.55878 0.0224609 0.0476895 0.0449219 2.23341e-05
6 0.546026 0.971354 0.0621072 0.0572917 2.25894e-05
5 0.763771 0.0263672 0.219593 0.0527344 2.25914e-05
9 0.228466 1 0.0658041 0 2.26127e-05
9 0.283179 0.00325521 0.0332717 0.00651042 2.26146e-05
6 0.229945 0.0182292 0.0192237 0.0364583 2.26326e-05
6 0.589649 0.136393 0.0465804 0.0540365 2.26764e-05
6 0.524214 0.699219 0.0177449 0.0507812 2.27327e-05
6 0.726617 0.598307 0.0136784 0.0234375 2.27535e-05
5 0.340481 0.918945 0.37634 0.0865885 2.27648e-05
5 0.71183 0.951823 0.492052 0.0963542 2.28102e-05
5 0.859335 0.987956 0.281331 0.0240885 2.29002e-05
6 0.255083 0.0800781 0.0155268 0.0260417 2.29415e-05
6 0.681885 0.242188 0.0410351 0.0364583 2.29423e-05
6 0.614972 0.0348307 0.143808 0.0696615 2.2943e-05
6 0.443623 0.191081 0.019963 0.0279948 2.29687e-05
6 0.783919 0.0846354 0.0513863 0.0572917 2.29722e-05
6 0.285952 0.916016 0.0883549 0.105469 2.30163e-05
9 0.302403 1 0.0672828 0 2.3035e-05
2 0.51719 0.93457 0.965619 0.130859 2.31101e-05
6 0.43586 0.133789 0.0443623 0.0553385 2.31178e-05
6 0.348799 0.54362 0.0595194 0.0924479 2.3141e-05
9 0.231608 0.00651042 0.0203327 0.0130208 2.31861e-05
6 0.293346 0.208008 0.0743068 0.0696615 2.32271e-05
9 0.198336 0 0.0425139 0 2.3265e-05
6 0.0532348 0.576497 0.051756 0.0970052 2.32734e-05
9 0.0913124 0.00878906 0.0502773 0.0175781 2.33143e-05
6 0.984658 0.407878 0.0306839 0.250651 2.34814e-05
6 0.694824 0.467122 0.103142 0.159505 2.35167e-05
6 0.996303 0.0286458 0.00739372 0.0572917 2.35983e-05
6 0.298152 0.20931 0.0402957 0.0384115 2.36207e-05
3 0.244177 0.627279 0.488355 0.714193 2.37289e-05
9 0.495933 0.00488281 0.0314233 0.00976562 2.37418e-05
6 0.982994 0.611979 0.0340111 0.21875 2.37909e-05
6 0.432163 0.152018 0.10647 0.0891927 2.38331e-05
5 0.771904 0.0693359 0.267652 0.138672 2.39872e-05
9 0.64732 0.0240885 0.0487985 0.0481771 2.39885e-05
6 0.0739372 0.25 0.057671 0.0598958 2.40096e-05
5 0.474861 0.230794 0.397412 0.240234 2.4015e-05
6 0.656377 0.0208333 0.0550832 0.0377604 2.40399e-05
9 0.0883549 0.00390625 0.0643253 0.0078125 2.40825e-05
6 0.431054 0.96875 0.0628466 0.0299479 2.41118e-05
6 0.843068 0.650716 0.178558 0.228516 2.41341e-05
6 0.765989 0.642253 0.0192237 0.0332031 2.41367e-05
9 0.833641 0.00325521 0.0377079 0.00651042 2.41513e-05
6 0.616451 0.985677 0.0595194 0.0286458 2.42514e-05
9 0.169871 0.00455729 0.0321627 0.00911458 2.4485e-05
6 0.590388 0.543294 0.0532348 0.063151 2.45137e-05
6 0.324954 0.634115 0.0192237 0.0260417 2.45602e-05
6 0.988909 0 0.0192237 0 2.45738e-05
0 0.00554529 0.804036 0.0110906 0.31901 2.46067e-05
9 0.668577 0.00423177 0.0321627 0.00846354 2.46186e-05
6 0.678189 0.558594 0.0144177 0.0247396 2.46768e-05
7 0.556562 0.513997 0.00998152 0.063151 2.47727e-05
9 0.88281 0 0.0502773 0 2.48353e-05
6 0.744547 0.645833 0.0177449 0.0325521 2.48956e-05
6 0.692052 0.226237 0.119039 0.0865885 2.49185e-05
6 0.501294 0.0263672 0.0968577 0.0527344 2.50296e-05
9 0.685213 0 0.0365989 0 2.50578e-05
9 0.807024 0.00260417 0.0539741 0.00520833 2.50828e-05
9 0.157116 0.00390625 0.0310536 0.0078125 2.51581e-05
6 0.545841 0.0390625 0.126802 0.078125 2.52881e-05
6 0.517006 0.0921224 0.0107209 0.0345052 2.53071e-05
9 0.908872 0.962565 0.0898336 0.0748698 2.53412e-05
6 0.99464 0.435221 0.0107209 0.107422 2.53626e-05
9 0.118854 0.00878906 0.0499076 0.0175781 2.53956e-05
6 0.304806 0.989909 0.0639556 0.0201823 2.54053e-05
6 0.989094 0.14388 0.0173752 0.0729167 2.54213e-05
6 0.515712 0.210286 0.0310536 0.0729167 2.55501e-05
2 0.848059 0.518555 0.197412 0.23763 2.55711e-05
6 0.0449168 0.317383 0.0898336 0.130859 2.56946e-05
6 0.42329 0.166667 0.0184843 0.0234375 2.56958e-05
9 0.358595 0.00455729 0.0347505 0.00911458 2.57235e-05
6 0.993346 0.499023 0.0133087 0.100911 2.57775e-05
6 0.0853974 0.146484 0.0251386 0.09375 2.59164e-05
6 0.251017 0.607747 0.101294 0.156901 2.59534e-05
7 0.835675 0.156901 0.0181146 0.0820312 2.59783e-05
6 0.8 0.085612 0.0428835 0.103516 2.59831e-05
6 0.368392 0.261719 0.0528651 0.0755208 2.60129e-05
6 0.430129 0.168945 0.0210721 0.0253906 2.60327e-05
6 0.368577 0.989583 0.0687615 0.0208333 2.60468e-05
5 0.639187 0.927083 0.333457 0.114583 2.60735e-05
7 0.53586 0.487305 0.0306839 0.0813802 2.60838e-05
6 0.666913 0.989258 0.0621072 0.0214844 2.61041e-05
8 0.00425139 0.210286 0.00850277 0.135417 2.61057e-05
6 0.894085 0.308919 0.0292052 0.046224 2.6112e-05
6 0.0051756 0.686849 0.0103512 0.0963542 2.62859e-05
0 0.00924214 0.115234 0.0110906 0.0664062 2.63341e-05
6 0.53586 0.18099 0.0432532 0.0638021 2.63422e-05
6 0.587616 0.0094401 0.0942699 0.0188802 2.64145e-05
0 0.0112754 0.843424 0.0225508 0.193359 2.64577e-05
6 0.530869 0.654622 0.0125693 0.0384115 2.64697e-05
9 0.50573 0 0.051756 0 2.65049e-05
6 0.431054 0.722982 0.0761553 0.0826823 2.65635e-05
6 0.516636 0.518555 0.0158965 0.0527344 2.68743e-05
6 0.654529 0.25 0.018854 0.0260417 2.69701e-05
6 0.00924214 0.135417 0.0133087 0.0455729 2.69701e-05
6 0.0550832 0.896484 0.0695009 0.130208 2.7021e-05
5 0.14085 0.0286458 0.156007 0.0572917 2.70355e-05
6 0.726433 0.60319 0.0251386 0.0253906 2.70952e-05
6 0.480037 0.732422 0.0476895 0.0911458 2.71169e-05
6 0.444917 0.97526 0.0439926 0.0325521 2.71198e-05
9 0.118484 0.00260417 0.0573013 0.00520833 2.72117e-05
3 0.158041 0.404297 0.316081 0.803385 2.72554e-05
5 0.671349 0.156576 0.140481 0.126953 2.73101e-05
5 0.892052 0.213867 0.168577 0.198568 2.73815e-05
6 0.968577 0.423177 0.0451017 0.14974 2.74667e-05
9 0.0902033 0.953776 0.0879852 0.0924479 2.74903e-05
6 0.107579 0.110677 0.0162662 0.0416667 2.7646e-05
6 0.549723 0.535482 0.0147874 0.0423177 2.76513e-05
6 0.0735675 0.304362 0.0828096 0.124349 2.76694e-05
6 0.971349 0.20638 0.0402957 0.109375 2.77281e-05
6 0.0865065 0.327474 0.0746765 0.0481771 2.77896e-05
6 0.982255 0.536784 0.0354898 0.195964 2.79047e-05
6 0.758595 0.648438 0.019963 0.0390625 2.80001e-05
6 0.733826 0.0517578 0.0621072 0.0501302 2.80591e-05
6 0.680961 0.518555 0.139741 0.117839 2.80734e-05
9 0.672089 0 0.0369686 0 2.81e-05
6 0.115896 0.149089 0.0158965 0.0338542 2.81169e-05
6 0.424214 0.177409 0.0203327 0.0253906 2.8126e-05
5 0.858965 0.285482 0.28207 0.432943 2.81602e-05
6 0.926248 0.973633 0.032902 0.046224 2.8227e-05
6 0.268762 0.0572917 0.0266174 0.0260417 2.82649e-05
6 0.0090573 0.00813802 0.0107209 0.016276 2.82861e-05
6 0.310721 0.962565 0.115712 0.0748698 2.83255e-05
9 0.907209 0.0152995 0.0421442 0.030599 2.83316e-05
7 0.524214 0.470052 0.0118299 0.0872396 2.8465e-05
5 0.107024 0.094401 0.214048 0.0924479 2.84686e-05
7 0.489649 0.514648 0.0121996 0.0488281 2.8483e-05
5 0.0560074 0.0380859 0.112015 0.0761719 2.8543e-05
6 0.975046 0.971354 0.0499076 0.0455729 2.85631e-05
6 0.0349353 0.459961 0.0513863 0.13737 2.8674e-05
6 0.992976 0.0185547 0.0140481 0.0371094 2.86904e-05
6 0.268577 0.0592448 0.044732 0.0416667 2.8691e-05
9 0.55878 0 0.038817 0 2.87667e-05
9 0.384473 0 0.0451017 0 2.88249e-05
9 0.319039 0.0100911 0.0591497 0.0201823 2.88922e-05
6 0.4939 0.128255 0.0391867 0.0598958 2.89165e-05
6 0.638632 0.541667 0.0269871 0.0625 2.89488e-05
5 0.768946 0.063151 0.177449 0.0885417 2.89701e-05
9 0.945287 0.0244141 0.0524954 0.0488281 2.89713e-05
6 0.854713 0.078125 0.0695009 0.0598958 2.89836e-05
6 0.429945 0.863281 0.0295749 0.0416667 2.90815e-05
6 0.666543 0.689453 0.0273567 0.0377604 2.90995e-05
9 0.966359 0.00292969 0.063586 0.00585938 2.91735e-05
6 0.291867 0.642253 0.0299445 0.031901 2.92565e-05
6 0.754529 0.988607 0.0643253 0.0227865 2.9378e-05
6 0.26525 0.590169 0.0484288 0.0579427 2.93936e-05
9 0.446211 0 0.0547135 0 2.94171e-05
6 0.585952 0.135417 0.0162662 0.0351562 2.94452e-05
3 0.843438 0.494466 0.313124 0.729818 2.95364e-05
9 0.532532 0.00520833 0.0299445 0.0104167 2.95466e-05
6 0.0508318 0.708984 0.0735675 0.123698 2.9579e-05
6 0.00739372 0.702799 0.0125693 0.219401 2.95933e-05
9 0.14658 0 0.0417745 0 2.9687e-05
6 0.556192 0.547852 0.0365989 0.0514323 2.97841e-05
6 0.0336414 0.467448 0.0672828 0.317708 2.97864e-05
9 0.56525 1 0.0628466 0 2.98033e-05
5 0.312754 0.19043 0.114603 0.102214 2.98685e-05
6 0.947689 0.219401 0.0942699 0.139323 2.99332e-05
5 0.337893 0.912109 0.41183 0.175781 2.99843e-05
6 0.962107 0.705404 0.0565619 0.210286 2.99925e-05
0 0.00554529 0.10319 0.0110906 0.20638 3.00348e-05
6 0.244917 0.0804036 0.0181146 0.0227865 3.01221e-05
5 0.883734 0.886393 0.232532 0.227214 3.01537e-05
5 0.209057 0.940104 0.418115 0.119792 3.01692e-05
6 0.832348 0.627279 0.012939 0.0384115 3.02223e-05
6 0.466174 0.16862 0.0680222 0.0664062 3.02412e-05
6 0.409612 0.549805 0.0310536 0.0410156 3.02814e-05
6 0.419039 0.989583 0.0654344 0.0208333 3.05817e-05
9 0.73549 0 0.0432532 0 3.05967e-05
9 0.458041 0.00488281 0.0362292 0.00976562 3.06526e-05
6 0.244362 0.0638021 0.0288355 0.0247396 3.06561e-05
6 0.565065 0.016276 0.0809612 0.0325521 3.06915e-05
9 0.742514 0.00976562 0.0528651 0.0195312 3.07805e-05
6 0.593161 0.120768 0.0158965 0.0371094 3.08124e-05
9 0.0380776 0.12207 0.0480592 0.063151 3.08277e-05
6 0.160998 0.641602 0.112015 0.186849 3.08995e-05
9 0.0683919 0.972331 0.0369686 0.0332031 3.09126e-05
6 0.607394 0.629883 0.0184843 0.0279948 3.09201e-05
6 0.620887 0.538086 0.0536044 0.0722656 3.09511e-05
6 0.0495379 0.542318 0.0510166 0.0794271 3.09993e-05
7 0.736044 0.369141 0.0820702 0.264323 3.10369e-05
6 0.0720887 0.186198 0.0487985 0.0755208 3.11432e-05
8 0.00369686 0.895508 0.00739372 0.136068 3.11665e-05
6 0.285582 0.564779 0.0573013 0.0996094 3.13214e-05
6 0.918115 0.13444 0.0255083 0.0996094 3.13303e-05
9 0.831054 0.00716146 0.0561922 0.0143229 3.13384e-05
6 0.77024 0.00748698 0.0853974 0.014974 3.137e-05
9 0.961368 0.991862 0.0772643 0.016276 3.1449e-05
9 0.256377 0.0016276 0.0506469 0.00325521 3.1508e-05
6 0.519224 0.622721 0.0292052 0.0553385 3.15344e-05
6 0.0436229 0.266276 0.0724584 0.127604 3.17294e-05
6 0.571349 0.0188802 0.0454713 0.0377604 3.17689e-05
6 0.870795 0.103841 0.0410351 0.0397135 3.17882e-05
6 0.292606 0.624674 0.0151571 0.0266927 3.18516e-05
6 0.0131238 0.210286 0.0262477 0.174479 3.19859e-05
6 0.473567 0.0100911 0.115342 0.0201823 3.19878e-05
9 0.858041 0.00358073 0.0377079 0.00716146 3.20405e-05
6 0.250462 0.597005 0.226617 0.3125 3.23483e-05
6 0.983919 0.930013 0.0321627 0.139974 3.23612e-05
8 0.00351201 0.0797526 0.00702403 0.125651 3.24445e-05
6 0.949723 0.478516 0.0739372 0.184896 3.25335e-05
6 0.917375 0.982096 0.0476895 0.0358073 3.25585e-05
5 0.105176 0.196289 0.200739 0.14388 3.27162e-05
6 0.34122 0.445964 0.0680222 0.0677083 3.29868e-05
6 0.00665434 0.0136719 0.0133087 0.0273438 3.31099e-05
9 0.160628 0.0208333 0.0780037 0.0416667 3.31612e-05
5 0.161183 0.386719 0.296488 0.269531 3.32074e-05
6 0.00702403 0.661458 0.0140481 0.10026 3.32324e-05
9 0.144547 0.0240885 0.0443623 0.0481771 3.32402e-05
6 0.51719 0.126628 0.0243993 0.0644531 3.3258e-05
9 0.852495 0 0.0524954 0 3.34476e-05
9 0.912754 1 0.16488 0 3.34898e-05
7 0.503142 0.754232 0.0761553 0.116536 3.35032e-05
9 0.281146 0.0078125 0.0528651 0.015625 3.3543e-05
6 0.438447 0.193685 0.0946396 0.0657552 3.35637e-05
9 0.545287 0.00488281 0.0295749 0.00976562 3.35958e-05
9 0.0321627 0.964193 0.0643253 0.0716146 3.37366e-05
9 0.883734 0.00358073 0.0351201 0.00716146 3.37791e-05
3 0.878558 0.720052 0.242884 0.559896 3.37838e-05
9 0.831608 0.00195312 0.05878 0.00390625 3.39368e-05
9 0.357301 0.00260417 0.0580407 0.00520833 3.39857e-05
9 0.50573 0.0113932 0.0487985 0.0227865 3.39859e-05
6 0.591867 0.652344 0.0347505 0.0416667 3.40209e-05
7 0.495933 0.472005 0.0255083 0.16276 3.4063e-05
6 0.484473 0.633789 0.0144177 0.0384115 3.41238e-05
9 0.383734 0.00358073 0.0369686 0.00716146 3.41987e-05
6 0.543808 0.652995 0.0133087 0.0429688 3.42062e-05
6 0.915712 0.115885 0.0354898 0.0442708 3.43374e-05
6 0.0868762 0.143229 0.0192237 0.0546875 3.43897e-05
6 0.67597 0.435872 0.0306839 0.0345052 3.44005e-05
6 0.490573 0.176758 0.0451017 0.0592448 3.46774e-05
9 0.329575 0.989909 0.0617375 0.0201823 3.47523e-05
6 0.455823 0.970703 0.0591497 0.0585938 3.47821e-05
6 0.439372 0.671224 0.0462107 0.0625 3.48111e-05
9 0.48281 0.00455729 0.0325323 0.00911458 3.49709e-05
6 0.739372 0.657878 0.0369686 0.0397135 3.50791e-05
9 0.907763 0.988281 0.0573013 0.0234375 3.51177e-05
6 0.993346 0.442383 0.0133087 0.264974 3.52576e-05
9 0.0593346 0.00585938 0.0698706 0.0117188 3.52951e-05
6 0.331423 0.986328 0.0432532 0.0273438 3.54229e-05
6 0.468577 0.621419 0.0181146 0.031901 3.55246e-05
5 0.468577 0.990885 0.311645 0.0182292 3.55893e-05
6 0.798891 0.0823568 0.0310536 0.0371094 3.55928e-05
9 0.933457 1 0.0665434 0 3.56327e-05
7 0.524769 0.486979 0.0240296 0.0872396 3.56549e-05
6 0.254714 0.0634766 0.0391867 0.0384115 3.56732e-05
6 0.509797 0.641927 0.283179 0.147135 3.57021e-05
9 0.168207 0.0016276 0.0532348 0.00325521 3.58905e-05
6 0.559519 0.980469 0.0691312 0.0364583 3.59104e-05
6 0.517375 0.138672 0.0151571 0.0455729 3.60431e-05
6 0.986322 0.478841 0.0273567 0.208984 3.61399e-05
5 0.498336 0.281901 0.0561922 0.144531 3.62354e-05
8 0.341405 0.94987 0.562292 0.10026 3.6306e-05
9 0.477819 0 0.0573013 0 3.63563e-05
6 0.750092 0.916667 0.0850277 0.10026 3.63839e-05
9 0.647505 0 0.0380776 0 3.64175e-05
9 0.363586 0.016276 0.0920518 0.0325521 3.66149e-05
9 0.409982 0.00390625 0.0354898 0.0078125 3.66268e-05
5 0.215527 0.150716 0.431054 0.301432 3.66327e-05
6 0.734935 0.685221 0.150832 0.160807 3.68846e-05
9 0.166728 0.00748698 0.0480592 0.014974 3.69435e-05
6 0.00739372 0.618815 0.0147874 0.0709635 3.70515e-05
5 0.818484 0.165365 0.130869 0.167969 3.71077e-05
9 0.666359 0.00846354 0.0491682 0.0169271 3.72084e-05
9 0.284658 0 0.0406654 0 3.73435e-05
9 0.950277 0.978516 0.0994455 0.0429688 3.7449e-05
6 0.98817 0.141927 0.0236599 0.14974 3.75306e-05
5 0.938262 0.0445964 0.123475 0.063151 3.75451e-05
6 0.989834 0.448242 0.0136784 0.113932 3.75533e-05
6 0.551941 0.60026 0.0251386 0.0390625 3.75656e-05
6 0.266359 0.633789 0.177079 0.16862 3.78097e-05
6 0.702218 0.666016 0.0321627 0.0390625 3.78251e-05
6 0.102403 0.150716 0.0170055 0.0345052 3.7852e-05
5 0.64732 0.303711 0.523475 0.399089 3.79647e-05
6 0.901109 0.101237 0.0299445 0.0397135 3.80036e-05
6 0.834566 0.0670573 0.0536044 0.134115 3.80701e-05
6 0.823475 0.914714 0.0898336 0.141927 3.81101e-05
5 0.728651 0.20931 0.246211 0.182943 3.81388e-05
6 0.945656 0.752604 0.0813309 0.38151 3.81695e-05
6 0.995749 0.0540365 0.00850277 0.0950521 3.82516e-05
8 0.00794824 0.839518 0.012939 0.164714 3.83813e-05
6 0.887431 0.112956 0.0373383 0.0410156 3.85376e-05
5 0.251571 0.0279948 0.183734 0.0559896 3.89424e-05
6 0.513124 0.196289 0.0554529 0.10612 3.89524e-05
6 0.738262 0.682292 0.0443623 0.0611979 3.89714e-05
6 0.255638 0.0608724 0.0225508 0.0240885 3.8978e-05
6 0.268392 0.636068 0.0643253 0.0559896 3.89782e-05
6 0.718115 0.989258 0.0602588 0.0214844 3.90016e-05
9 0.797597 0.986003 0.112754 0.0279948 3.90373e-05
9 0.991682 0.959961 0.0166359 0.0800781 3.90616e-05
9 0.194085 0.00195312 0.0524954 0.00390625 3.92365e-05
6 0.00868762 0.0481771 0.012939 0.0963542 3.96877e-05
6 0.316266 0.230794 0.0609982 0.0579427 3.97545e-05
6 0.859704 0.0198568 0.0935305 0.0397135 3.9782e-05
9 0.632902 0.00553385 0.0347505 0.0110677 3.9806e-05
9 0.544177 0.00325521 0.0502773 0.00651042 3.98427e-05
9 0.602588 1 0.0621072 0 3.99525e-05
9 0.434196 0.0257161 0.0491682 0.0514323 4.02611e-05
6 0.37024 0.589193 0.0269871 0.0273438 4.06588e-05
6 0.320518 0.558268 0.0591497 0.0826823 4.08778e-05
9 0.943623 0.00358073 0.0365989 0.00716146 4.09009e-05
6 0.991867 0.0133464 0.0110906 0.0266927 4.10214e-05
5 0.742329 0.0403646 0.160444 0.0716146 4.10646e-05
6 0.72366 0.686523 0.0195933 0.0371094 4.11573e-05
9 0.938078 0.0354818 0.0691312 0.0709635 4.12156e-05
6 0.990573 0.0358073 0.00998152 0.0716146 4.1426e-05
9 0.558041 0.00520833 0.0314233 0.0104167 4.19521e-05
9 0.693715 0.00130208 0.0506469 0.00260417 4.20024e-05
4 0.684473 0.70638 0.351571 0.25651 4.20169e-05
6 0.443253 0.987956 0.0665434 0.0240885 4.20212e-05
7 0.537708 0.489258 0.0114603 0.0735677 4.20861e-05
9 0.943068 0.0016276 0.0672828 0.00325521 4.21666e-05
5 0.127726 0.0260417 0.255453 0.0520833 4.21759e-05
6 0.0151571 0.261393 0.0303142 0.172526 4.22972e-05
6 0.383364 0.6875 0.0332717 0.0585938 4.24042e-05
6 0.478558 0.636719 0.0166359 0.0364583 4.25151e-05
5 0.364695 0.219076 0.701294 0.406901 4.26588e-05
6 0.317745 0.708333 0.0277264 0.0299479 4.269e-05
9 0.128651 0.101562 0.0406654 0.0585938 4.27123e-05
6 0.390943 0.578125 0.0210721 0.0338542 4.29722e-05
8 0.00813309 0.897135 0.0103512 0.161458 4.30291e-05
9 0.319039 0.00390625 0.0569316 0.0078125 4.32722e-05
5 0.694824 0.930013 0.610351 0.139974 4.34913e-05
6 0.598706 0.671549 0.0269871 0.0449219 4.35689e-05
6 0.338632 0.437826 0.0288355 0.0358073 4.35758e-05
8 0.00850277 0.0751953 0.0170055 0.121745 4.36134e-05
5 0.310536 0.379232 0.156007 0.248047 4.37453e-05
5 0.708318 0.124349 0.583364 0.248698 4.3881e-05
6 0.313124 0.233724 0.107948 0.104167 4.39356e-05
5 0.911275 0.0634766 0.177449 0.0865885 4.40489e-05
5 0.868762 0.119792 0.262477 0.182292 4.4502e-05
5 0.0510166 0.955078 0.102033 0.0898438 4.46822e-05
6 0.442884 0.18099 0.0251386 0.0286458 4.4728e-05
5 0.643068 0.0221354 0.143808 0.0442708 4.49138e-05
9 0.886876 0.00292969 0.0628466 0.00585938 4.49349e-05
6 0.592791 0.987956 0.0772643 0.0240885 4.50287e-05
6 0.532348 0.638672 0.0155268 0.0442708 4.50423e-05
5 0.473567 0.136393 0.302403 0.126953 4.53047e-05
6 0.731238 0.598307 0.0591497 0.0742188 4.53136e-05
6 0.422551 0.178711 0.0584104 0.0566406 4.57175e-05
6 0.832902 0.0078125 0.0902033 0.015625 4.58521e-05
9 0.608688 0 0.0410351 0 4.59359e-05
9 0.927172 0.98763 0.145656 0.0247396 4.59387e-05
9 0.508688 0.00651042 0.0628466 0.0130208 4.60037e-05
6 0.842514 0.0605469 0.121996 0.0664062 4.60526e-05
9 0.638078 1 0.0650647 0 4.61904e-05
5 0.215342 0.00976562 0.128281 0.0195312 4.6201e-05
6 0.46414 0.642578 0.0343808 0.0611979 4.63699e-05
4 0.29427 0.776367 0.58854 0.447266 4.64472e-05
6 0.637338 0.680013 0.0406654 0.0397135 4.67275e-05
6 0.51146 0.643229 0.0351201 0.0585938 4.68063e-05
6 0.437338 0.189453 0.0532348 0.0507812 4.68194e-05
9 0.583179 0.0234375 0.0528651 0.046875 4.68513e-05
6 0.69963 0.644206 0.0173752 0.0266927 4.68978e-05
9 0.855083 0.00716146 0.0569316 0.0143229 4.70455e-05
6 0.42976 0.636068 0.0173752 0.0520833 4.718e-05
6 0.076525 0.307617 0.0739372 0.0566406 4.71966e-05
6 0.663586 0.547852 0.0569316 0.0683594 4.73763e-05
9 0.909981 0.023112 0.0521257 0.046224 4.75208e-05
9 0.632717 0.982747 0.0920518 0.0345052 4.76045e-05
6 0.941959 0.381836 0.0939002 0.116536 4.76346e-05
9 0.955823 0.109701 0.0491682 0.061849 4.77367e-05
9 0.583734 0 0.0421442 0 4.77596e-05
6 0.328096 0.572266 0.0247689 0.0338542 4.78328e-05
5 0.556007 0.968424 0.515342 0.063151 4.78431e-05
6 0.599261 0.666667 0.122736 0.0768229 4.80241e-05
9 0.64658 0.00455729 0.0347505 0.00911458 4.80566e-05
6 0.00739372 0.288411 0.0118299 0.173177 4.80745e-05
6 0.351941 0.966146 0.0953789 0.0677083 4.83056e-05
9 0.917745 0.00227865 0.064695 0.00455729 4.84652e-05
6 0.714418 0.610352 0.0306839 0.0227865 4.85858e-05
9 0.925139 0.967448 0.0484288 0.0651042 4.89737e-05
6 0.509427 0.14388 0.0473198 0.101562 4.90214e-05
5 0.793161 0.0110677 0.137153 0.0221354 4.90512e-05
5 0.147505 0.101562 0.295009 0.173177 4.9087e-05
5 0.318669 0.0826823 0.405915 0.148438 4.91616e-05
6 0.0402957 0.152669 0.0443623 0.061849 4.91994e-05
9 0.668946 0.0016276 0.0484288 0.00325521 4.93235e-05
6 0.00499076 0.311849 0.00998152 0.0820312 4.93985e-05
6 0.307948 0.694336 0.0510166 0.0436198 4.95782e-05
5 0.88854 0.023112 0.222921 0.046224 4.95851e-05
5 0.380037 0.588542 0.377079 0.160156 4.96266e-05
9 0.675416 1 0.0658041 0 4.96491e-05
6 0.730499 0.694987 0.019963 0.0345052 4.97853e-05
6 0.180776 0.0934245 0.0428835 0.0540365 4.9802e-05
6 0.139187 0.124674 0.0306839 0.0292969 4.98261e-05
6 0.713124 0.566081 0.146396 0.154297 4.99276e-05
6 0.7061 0.679036 0.10573 0.106771 4.99598e-05
6 0.684473 0.384766 0.0299445 0.0559896 5.00104e-05
6 0.369316 0.9375 0.0606285 0.078125 5.0046e-05
9 0.405545 0.00325521 0.0554529 0.00651042 5.02316e-05
8 0.00369686 0.130208 0.00739372 0.13151 5.03544e-05
6 0.717006 0.680339 0.0402957 0.0611979 5.06688e-05
3 0.750647 0.5 0.498706 1 5.13768e-05
9 0.607763 0.966797 0.10647 0.0664062 5.14573e-05
6 0.52329 0.154297 0.038817 0.0872396 5.15081e-05
9 0.530684 0.0107422 0.0462107 0.0214844 5.15751e-05
9 0.880776 0.00716146 0.0543438 0.0143229 5.17076e-05
6 0.513678 0.176432 0.0292052 0.0703125 5.17911e-05
6 0.62329 0.636393 0.0310536 0.0358073 5.18025e-05
6 0.480592 0.983398 0.0598891 0.0332031 5.20744e-05
9 0.0539741 0.957357 0.0510166 0.0852865 5.2274e-05
6 0.526248 0.61849 0.018854 0.0416667 5.23582e-05
6 0.622551 0.558268 0.0236599 0.030599 5.24132e-05
6 0.97061 0.949544 0.0536044 0.100911 5.29236e-05
9 0.751201 1 0.0658041 0 5.29305e-05
9 0.356747 0.00976562 0.0554529 0.0195312 5.29547e-05
6 0.0722736 0.192383 0.0624769 0.163411 5.31247e-05
6 0.480037 0.626302 0.0269871 0.0377604 5.33152e-05
9 0.0530499 0.967773 0.0358595 0.0253906 5.33356e-05
6 0.987985 0.483724 0.0195933 0.18099 5.35851e-05
6 0.0077634 0.286133 0.00961183 0.0878906 5.36432e-05
5 0.141959 0.203125 0.283919 0.231771 5.36986e-05
6 0.572643 0.0198568 0.144177 0.0397135 5.38179e-05
6 0.0101664 0.595703 0.0203327 0.0924479 5.38802e-05
6 0.550277 0.581706 0.228096 0.128255 5.39421e-05
9 0.968207 0.144206 0.0369686 0.0683594 5.40766e-05
9 0.861738 1 0.063586 0 5.42537e-05
6 0.326063 0.576823 0.110166 0.130208 5.44197e-05
6 0.0465804 0.598958 0.0613678 0.201823 5.4641e-05
9 0.142884 0.00292969 0.0536044 0.00585938 5.4757e-05
9 0.731978 0.00325521 0.0554529 0.00651042 5.4977e-05
6 0.00480592 0.266602 0.00961183 0.0917969 5.51175e-05
6 0.0253235 0.0195312 0.0506469 0.0390625 5.51859e-05
9 0.965989 0.982422 0.0399261 0.0351562 5.54411e-05
0 0.00554529 0.916667 0.0110906 0.113281 5.55823e-05
9 0.836414 0.987956 0.104621 0.0240885 5.57331e-05
6 0.901664 0.123698 0.0724584 0.0638021 5.59244e-05
6 0.0090573 0.148438 0.0077634 0.0911458 5.61636e-05
6 0.756562 0.66569 0.0343808 0.046224 5.61704e-05
6 0.400924 0.657552 0.0824399 0.0768229 5.6371e-05
6 0.62403 0.693685 0.0399261 0.0410156 5.66242e-05
5 0.103327 0.0553385 0.206654 0.0742188 5.69753e-05
6 0.5939 0.0172526 0.0469501 0.0345052 5.77957e-05
9 0.0548983 0.976562 0.0292052 0.0260417 5.8013e-05
6 0.552865 0.630534 0.0158965 0.0384115 5.80993e-05
9 0.714048 1 0.0661738 0 5.81255e-05
6 0.509057 0.524089 0.0192237 0.0507812 5.84823e-05
6 0.986322 0.209635 0.0273567 0.171875 5.85309e-05
5 0.132348 0.0553385 0.264695 0.110677 5.85947e-05
9 0.856562 0.00358073 0.0628466 0.00716146 5.8715e-05
5 0.731423 0.958984 0.178558 0.0820312 5.8772e-05
9 0.571719 0.00553385 0.0343808 0.0110677 5.8858e-05
5 0.685582 0.332682 0.256932 0.252604 5.88677e-05
7 0.526617 0.480143 0.090573 0.125651 5.90341e-05
4 0.498891 0.820312 0.699815 0.213542 5.91173e-05
6 0.432532 0.178385 0.0243993 0.0273438 5.91506e-05
6 0.834381 0.0611979 0.0421442 0.0677083 5.97849e-05
9 0.682994 0.981445 0.0787431 0.0371094 5.98647e-05
6 0.916081 0.127279 0.0229205 0.0501302 6.0274e-05
6 0.483919 0.640951 0.0362292 0.0579427 6.0282e-05
5 0.76525 0.986003 0.469501 0.0279948 6.08385e-05
6 0.307209 0.597005 0.0170055 0.0247396 6.08649e-05
9 0.480407 0.0094401 0.0491682 0.0188802 6.09384e-05
6 0.382255 0.544922 0.0768946 0.0859375 6.12908e-05
6 0.672089 0.580078 0.0414048 0.03125 6.15874e-05
6 0.978004 0.0117188 0.0439926 0.0234375 6.19752e-05
9 0.826433 1 0.0632163 0 6.20153e-05
9 0.940481 0.00748698 0.0539741 0.014974 6.20321e-05
9 0.454898 0.0110677 0.0521257 0.0221354 6.21157e-05
6 0.550832 0.654622 0.0110906 0.0397135 6.22484e-05
6 0.00998152 0.0273438 0.00813309 0.0546875 6.22811e-05
9 0.567468 0.988281 0.0702403 0.0234375 6.24212e-05
7 0.510351 0.468424 0.018854 0.113932 6.25095e-05
6 0.367468 0.685872 0.025878 0.0358073 6.35619e-05
9 0.619039 0.00227865 0.0491682 0.00455729 6.37667e-05
9 0.0750462 0.985026 0.057671 0.0299479 6.37771e-05
7 0.493346 0.491536 0.018854 0.0963542 6.38236e-05
8 0.00739372 0.151042 0.0125693 0.138021 6.39041e-05
5 0.0935305 0.015625 0.180407 0.03125 6.4133e-05
9 0.962662 0.971029 0.0746765 0.0579427 6.42142e-05
6 0.589834 0.715495 0.0580407 0.0638021 6.45708e-05
5 0.245102 0.0644531 0.2122 0.114583 6.53498e-05
9 0.644732 0.00195312 0.0480592 0.00390625 6.53786e-05
9 0.789649 1 0.0643253 0 6.55483e-05
4 0.752865 0.833333 0.49427 0.30599 6.5745e-05
9 0.281701 0.00260417 0.0532348 0.00520833 6.63319e-05
8 0.0569316 0.875 0.0828096 0.25 6.63376e-05
6 0.933087 0.279948 0.119778 0.0872396 6.65787e-05
6 0.35268 0.670247 0.0280961 0.0358073 6.68287e-05
9 0.143993 0.00390625 0.0299445 0.0078125 6.72549e-05
5 0.809427 0.944661 0.381146 0.110677 6.84352e-05
9 0.380776 0.0094401 0.0561922 0.0188802 6.87546e-05
9 0.556747 0.00976562 0.0495379 0.0195312 6.89429e-05
6 0.68207 0.41569 0.0695009 0.133464 6.93893e-05
6 0.364695 0.676432 0.0580407 0.0742188 6.94239e-05
5 0.770425 0.375 0.45915 0.34375 6.95533e-05
9 0.648244 0.967122 0.096488 0.0657552 6.97675e-05
9 0.450092 0.00651042 0.0676525 0.0130208 7.00973e-05
5 0.743253 0.0113932 0.137153 0.0227865 7.05261e-05
9 0.909057 0.00390625 0.0377079 0.0078125 7.14428e-05
6 0.985767 0.418294 0.0284658 0.194661 7.17665e-05
6 0.0539741 0.70638 0.0820702 0.251302 7.18494e-05
9 0.380961 0.00358073 0.0580407 0.00716146 7.19866e-05
6 0.454529 0.983073 0.0609982 0.0338542 7.21243e-05
9 0.526987 0.985352 0.101664 0.0292969 7.2136e-05
9 0.879667 0.981445 0.11793 0.0371094 7.22623e-05
6 0.498891 0.96875 0.110536 0.0625 7.25151e-05
9 0.569686 0.00325521 0.0532348 0.00651042 7.28812e-05
6 0.324584 0.672201 0.063586 0.0605469 7.29317e-05
9 0.644177 0.00911458 0.0491682 0.0182292 7.29709e-05
6 0.182994 0.0748698 0.0924214 0.0924479 7.30613e-05
6 0.591867 0.583984 0.0480592 0.046875 7.31994e-05
9 0.27634 0.983724 0.11719 0.0325521 7.42492e-05
6 0.551017 0.554688 0.0158965 0.0455729 7.49563e-05
6 0.830129 0.163086 0.0462107 0.169922 7.53953e-05
6 0.189094 0.069987 0.0410351 0.108724 7.56227e-05
5 0.957116 0.0113932 0.0857671 0.0227865 7.61444e-05
9 0.722921 0.984049 0.111275 0.031901 7.67523e-05
6 0.190758 0.0885417 0.0221811 0.0429688 7.71079e-05
7 0.478004 0.472005 0.0243993 0.0963542 7.75112e-05
6 0.514787 0.127604 0.0181146 0.136719 7.77551e-05
6 0.513678 0.61263 0.0232902 0.0403646 7.81366e-05
9 0.900555 1 0.063586 0 7.81873e-05
6 0.308872 0.25651 0.0713494 0.0664062 7.8396e-05
5 0.86525 0.0634766 0.269501 0.126953 7.87002e-05
6 0.309797 0.654948 0.0369686 0.0299479 7.94454e-05
6 0.37671 0.682292 0.0266174 0.0377604 7.9856e-05
6 0.53475 0.590495 0.140111 0.0768229 7.99596e-05
7 0.526063 0.491862 0.0103512 0.0826823 8.02104e-05
9 0.434196 0.00488281 0.032902 0.00976562 8.02572e-05
6 0.64159 0.565104 0.0158965 0.0390625 8.13109e-05
5 0.666174 0.966471 0.56414 0.0670573 8.14308e-05
6 0.391682 0.672852 0.0210721 0.0397135 8.17918e-05
8 0.00868762 0.165365 0.0173752 0.179688 8.18486e-05
6 0.902773 0.12793 0.0414048 0.100911 8.23792e-05
5 0.512015 0.921549 0.394085 0.128255 8.26534e-05
5 0.214418 0.358398 0.428835 0.378255 8.28371e-05
6 0.115157 0.123047 0.0136784 0.0403646 8.28923e-05
6 0.316266 0.644531 0.0817006 0.0898438 8.32877e-05
6 0.654529 0.560221 0.0195933 0.0266927 8.33388e-05
6 0.495194 0.616862 0.0306839 0.046224 8.35358e-05
6 0.543623 0.625977 0.0166359 0.0410156 8.364e-05
6 0.370425 0.672201 0.0325323 0.047526 8.3659e-05
9 0.140481 0.00813802 0.0443623 0.016276 8.37096e-05
5 0.420148 0.0166016 0.151201 0.0332031 8.4522e-05
2 0.657486 0.484701 0.245841 0.186849 8.46155e-05
9 0.480592 0.00585938 0.0709797 0.0117188 8.48535e-05
6 0.893715 0.10026 0.0632163 0.0546875 8.54215e-05
6 0.492976 0.988607 0.076525 0.0227865 8.62101e-05
6 0.300555 0.644531 0.0362292 0.0429688 8.64109e-05
6 0.585397 0.560547 0.0757856 0.0768229 8.79697e-05
9 0.618854 0.0061849 0.0369686 0.0123698 8.80038e-05
6 0.986506 0.345703 0.0269871 0.165365 8.89262e-05
8 0.991312 0.930013 0.0173752 0.124349 8.90383e-05
5 0.122181 0.302083 0.244362 0.264323 8.9494e-05
5 0.847135 0.0113932 0.12976 0.0227865 8.95617e-05
6 0.297967 0.636719 0.0177449 0.03125 8.99305e-05
6 0.515342 0.125 0.0125693 0.0533854 9.0309e-05
6 0.196858 0.0598958 0.0314233 0.0598958 9.10306e-05
9 0.608133 0.0234375 0.0480592 0.046875 9.11512e-05
6 0.930314 0.348958 0.109057 0.0963542 9.18415e-05
6 0.678743 0.691081 0.0414048 0.047526 9.20787e-05
6 0.566359 0.685221 0.0473198 0.0579427 9.21715e-05
5 0.265434 0.981771 0.327542 0.0364583 9.23461e-05
5 0.57671 0.969076 0.224769 0.061849 9.29531e-05
6 0.300924 0.710286 0.0613678 0.0690104 9.2959e-05
8 0.00665434 0.874349 0.0133087 0.251302 9.30822e-05
7 0.511091 0.471029 0.0292052 0.163411 9.44674e-05
8 0.00628466 0.14974 0.0125693 0.299479 9.71012e-05
5 0.178558 0.0934245 0.175231 0.141276 9.80412e-05
5 0.87634 0.0885417 0.185952 0.119792 9.84048e-05
5 0.502773 0.123372 0.950832 0.246745 9.84065e-05
5 0.358595 0.0488281 0.27061 0.0976562 9.86107e-05
5 0.469316 0.0286458 0.244362 0.0572917 9.88045e-05
6 0.161553 0.0960286 0.0939002 0.0709635 9.9474e-05
0 0.00499076 0.893229 0.00998152 0.213542 9.99958e-05
6 0.871534 0.0976562 0.064695 0.11849 9.99984e-05
6 0.986876 0.283203 0.0262477 0.16276 0.000100479
5 0.706469 0.375326 0.16488 0.186849 0.000100701
9 0.960813 0.988607 0.0451017 0.0227865 0.000101403
6 0.989279 0.181315 0.0155268 0.123047 0.000102182
6 0.738447 0.664714 0.0890943 0.104167 0.000102192
6 0.0972274 0.145182 0.0354898 0.109375 0.000102367
6 0.9939 0.382812 0.0121996 0.113281 0.000104869
5 0.319778 0.0266927 0.193715 0.0533854 0.000106662
6 0.667652 0.588542 0.0325323 0.0247396 0.000107417
6 0.739926 0.684245 0.0247689 0.0390625 0.000108683
6 0.327172 0.671224 0.219593 0.151042 0.000108858
9 0.05878 0.988607 0.0428835 0.0227865 0.000109315
6 0.421627 0.626628 0.07061 0.0983073 0.000109376
9 0.905545 0.0078125 0.0543438 0.015625 0.000109386
6 0.990388 0.350911 0.0170055 0.192708 0.000109395
9 0.418484 0.00976562 0.0480592 0.0195312 0.000109733
9 0.593715 0.00292969 0.0524954 0.00585938 0.000112173
9 0.608503 0.986328 0.109427 0.0273438 0.000112285
5 0.166728 0.989258 0.333457 0.0214844 0.000113357
6 0.00850277 0.214193 0.00813309 0.0872396 0.000114662
6 0.597597 0.616862 0.111275 0.0983073 0.000114747
6 0.483179 0.685221 0.051756 0.0813802 0.000115588
5 0.747135 0.330404 0.50573 0.486328 0.000115794
5 0.164695 0.0110677 0.156377 0.0221354 0.000116036
7 0.534196 0.518555 0.0125693 0.0579427 0.000116112
6 0.295564 0.622721 0.0839187 0.0917969 0.000117497
6 0.680407 0.53776 0.0868762 0.101562 0.00011765
6 0.990018 0.319987 0.0133087 0.10612 0.000119052
5 0.201109 0.931966 0.402218 0.136068 0.00011924
6 0.00536044 0.054362 0.0107209 0.0813802 0.000119721
9 0.437893 0.0146484 0.0676525 0.0292969 0.000124487
5 0.29353 0.0117188 0.166359 0.0234375 0.000127159
6 0.990203 0.242188 0.0181146 0.207031 0.000127492
6 0.475046 0.713542 0.083549 0.0872396 0.000128166
5 0.665065 0.0458984 0.267652 0.0917969 0.000129483
9 0.571719 0.970703 0.100924 0.0585938 0.000131112
6 0.188909 0.069987 0.0288355 0.0501302 0.000131213
6 0.00850277 0.217122 0.0110906 0.160807 0.000132355
6 0.698152 0.662109 0.0158965 0.03125 0.000133219
6 0.324769 0.601888 0.0173752 0.031901 0.000133228
6 0.413309 0.65332 0.0147874 0.0579427 0.00013473
9 0.120518 0.111979 0.0340111 0.0416667 0.000136643
7 0.42366 0.527344 0.0118299 0.0559896 0.000138369
9 0.597043 0.00585938 0.0369686 0.0117188 0.000139549
9 0.612015 0.014974 0.0743068 0.0299479 0.000139757
7 0.00961183 0.0820312 0.00813309 0.110677 0.000140131
6 0.698521 0.646159 0.0654344 0.0644531 0.000140201
4 0.48817 0.894531 0.759704 0.210938 0.000140473
9 0.0950092 0.984049 0.0791128 0.031901 0.000140802
6 0.328466 0.640951 0.0365989 0.0358073 0.000141081
6 0.731423 0.667643 0.018854 0.0345052 0.000141198
6 0.474122 0.607747 0.0181146 0.0423177 0.000141662
6 0.377264 0.581055 0.0181146 0.0332031 0.000142041
6 0.989279 0.236979 0.0147874 0.110677 0.000142227
6 0.0961183 0.142904 0.0295749 0.046224 0.00014265
5 0.842884 0.973307 0.314233 0.0533854 0.000143503
2 0.41793 0.480469 0.266543 0.199219 0.000144535
7 0.410536 0.507161 0.0780037 0.0963542 0.000145199
5 0.285952 0.0826823 0.571904 0.165365 0.000146105
6 0.323475 0.445638 0.045841 0.0332031 0.000146878
6 0.542884 0.640299 0.0247689 0.0449219 0.000147893
9 0.653604 0.989258 0.089464 0.0214844 0.000148895
6 0.994085 0.329102 0.0118299 0.102214 0.000149392
5 0.742514 0.0830078 0.514972 0.166016 0.000149536
9 0.580776 0.0107422 0.0524954 0.0214844 0.000149956
3 0.130684 0.675456 0.261368 0.649089 0.000150447
5 0.733272 0.169271 0.533457 0.279948 0.000151514
9 0.913494 0.0195312 0.083549 0.0390625 0.000151912
5 0.341959 0.970378 0.306839 0.0592448 0.000151937
6 0.715527 0.576497 0.0602588 0.0800781 0.000154927
9 0.423475 0.981771 0.1061 0.0364583 0.000155482
9 0.035305 0.944336 0.07061 0.111328 0.000156019
6 0.514972 0.589518 0.0288355 0.0488281 0.000156895
6 0.869501 0.0973307 0.0709797 0.0514323 0.000159298
6 0.902773 0.117188 0.0303142 0.0429688 0.000159801
5 0.27061 0.946615 0.35268 0.106771 0.000159829
9 0.925323 0.986979 0.0480592 0.0260417 0.00016183
5 0.642144 0.0107422 0.166359 0.0214844 0.000163752
6 0.402588 0.571289 0.172274 0.0957031 0.000171087
6 0.4122 0.566081 0.0229205 0.0423177 0.000171748
9 0.500185 0.982096 0.121257 0.0358073 0.000172469
9 0.0491682 0.989258 0.0983364 0.0214844 0.000173397
5 0.160259 0.970052 0.320518 0.0598958 0.000173559
6 0.62366 0.587891 0.0340111 0.0429688 0.000177265
6 0.537708 0.594076 0.0314233 0.0488281 0.000178239
6 0.438632 0.554036 0.113494 0.0572917 0.000180578
5 0.412384 0.983724 0.359704 0.0325521 0.000185318
5 0.654344 0.0253906 0.241035 0.0507812 0.000188283
6 0.56451 0.651367 0.0280961 0.0436198 0.00018924
2 0.501848 0.442057 0.102403 0.126302 0.000192091
9 0.341959 0.988607 0.0953789 0.0227865 0.000193133
6 0.628466 0.578125 0.0791128 0.110677 0.000193201
9 0.390573 0.986003 0.103882 0.0279948 0.000193441
5 0.918484 0.0133464 0.15342 0.0266927 0.000198004
6 0.0502773 0.513021 0.0539741 0.236979 0.000201244
9 0.0312384 0.977214 0.0609982 0.0416667 0.000207997
7 0.476525 0.494792 0.0133087 0.0872396 0.000210176
6 0.637708 0.655599 0.0340111 0.0299479 0.000212472
0 0.99427 0.0872396 0.0114603 0.174479 0.000214426
3 0.17061 0.642904 0.248059 0.559245 0.000215312
5 0.501848 0.329427 0.0935305 0.164062 0.000215469
6 0.532902 0.720703 0.0624769 0.0794271 0.000215617
4 0.0628466 0.668294 0.110906 0.478516 0.000215944
7 0.444362 0.495443 0.0125693 0.0833333 0.000218812
6 0.992976 0.263021 0.0140481 0.117188 0.000223985
9 0.425693 0.972982 0.0950092 0.0540365 0.000230949
6 0.0397412 0.50944 0.0536044 0.139974 0.000236199
7 0.499261 0.474609 0.0669131 0.106771 0.000236916
6 0.453604 0.584961 0.0214418 0.0384115 0.000240066
6 0.989649 0.109049 0.0177449 0.188151 0.000241199
9 0.542514 0.982422 0.1061 0.0351562 0.000241232
6 0.550647 0.638346 0.00924214 0.0397135 0.000242873
6 0.654898 0.672852 0.127542 0.0852865 0.000248488
6 0.740481 0.641276 0.281701 0.259115 0.000250304
7 0.454713 0.478516 0.0133087 0.0807292 0.000252991
9 0.605545 0.0104167 0.0465804 0.0208333 0.000253865
6 0.631238 0.629883 0.0218115 0.030599 0.000254824
6 0.603512 0.652669 0.0395564 0.0514323 0.000256529
6 0.704991 0.619792 0.0377079 0.046875 0.00025795
5 0.557301 0.988607 0.421811 0.0227865 0.000258585
6 0.15915 0.0976562 0.0469501 0.105469 0.000261473
6 0.331608 0.592773 0.0162662 0.0253906 0.00026151
2 0.457486 0.490234 0.189649 0.113281 0.000266445
5 0.393346 0.0257161 0.289094 0.0514323 0.000266814
6 0.565065 0.633138 0.0402957 0.0540365 0.000268538
6 0.302218 0.612305 0.0484288 0.0449219 0.000269186
9 0.0382625 0.984701 0.0632163 0.030599 0.000272575
6 0.402403 0.649089 0.0358595 0.0481771 0.000286543
6 0.608872 0.669596 0.0303142 0.0488281 0.000286898
6 0.634381 0.564453 0.0184843 0.0429688 0.000293558
6 0.991867 0.0797526 0.0162662 0.0917969 0.000297173
6 0.698152 0.647786 0.0343808 0.0364583 0.000299044
6 0.00480592 0.214193 0.00961183 0.0898438 0.00029973
6 0.31183 0.630208 0.0484288 0.0598958 0.000305997
5 0.238632 0.180339 0.477264 0.360677 0.000308409
5 0.648059 0.973633 0.330499 0.0527344 0.000314907
6 0.98854 0.109375 0.00961183 0.09375 0.00032338
6 0.420518 0.613281 0.248799 0.109375 0.000324346
6 0.747689 0.667643 0.0210721 0.0384115 0.000329879
6 0.6 0.619466 0.0399261 0.0501302 0.000333091
5 0.370795 0.0130208 0.215896 0.0260417 0.000342437
5 0.470795 0.0143229 0.233272 0.0286458 0.00034568
3 0.856932 0.64681 0.286137 0.585286 0.000347078
0 0.00979667 0.0914714 0.012939 0.182943 0.000350353
6 0.159519 0.0992839 0.0395564 0.0514323 0.000364246
5 0.504436 0.0777995 0.500924 0.126953 0.000367776
6 0.685397 0.426107 0.0428835 0.0553385 0.000369958
6 0.534011 0.687826 0.0476895 0.0670573 0.000371505
5 0.341405 0.355143 0.332348 0.277995 0.000379595
6 0.426433 0.611654 0.0203327 0.0488281 0.000381297
6 0.4939 0.524089 0.0155268 0.0494792 0.000384824
6 0.307394 0.639974 0.0299445 0.0273438 0.000388628
6 0.993531 0.210938 0.012939 0.117188 0.000409968
6 0.328096 0.61849 0.0957486 0.0638021 0.000421794
6 0.309057 0.713867 0.0428835 0.0397135 0.000423053
5 0.51756 0.976888 0.268392 0.046224 0.000426163
6 0.351386 0.656901 0.0173752 0.0351562 0.000430464
7 0.426248 0.534831 0.0251386 0.0917969 0.000430923
6 0.14085 0.108724 0.0325323 0.0794271 0.000436278
6 0.00480592 0.169922 0.00961183 0.0859375 0.000437874
6 0.481701 0.609049 0.019963 0.0397135 0.000447712
7 0.528835 0.530599 0.00924214 0.0429688 0.000456674
6 0.469686 0.654622 0.0543438 0.063151 0.000461712
6 0.133272 0.115234 0.032902 0.0377604 0.000465014
6 0.531978 0.553385 0.0613678 0.0520833 0.000471225
6 0.484658 0.582682 0.0332717 0.0429688 0.000480141
7 0.432163 0.517904 0.0147874 0.0670573 0.000486309
6 0.668577 0.617188 0.0336414 0.03125 0.000487365
5 0.570055 0.0120443 0.2122 0.0240885 0.000487658
6 0.656007 0.673503 0.0617375 0.046224 0.000495429
6 0.360074 0.59082 0.019963 0.0292969 0.000498059
6 0.635675 0.576172 0.0454713 0.0481771 0.000504484
5 0.541959 0.183594 0.807394 0.223958 0.000507087
5 0.515527 0.0452474 0.460259 0.0904948 0.00052506
6 0.462107 0.573893 0.0665434 0.0566406 0.000525273
6 0.68207 0.590169 0.0207024 0.0240885 0.000530374
6 0.440481 0.583659 0.0210721 0.0384115 0.000532655
6 0.546396 0.567708 0.019963 0.0364583 0.000540342
6 0.320518 0.607096 0.0155268 0.0292969 0.000557042
6 0.503327 0.714844 0.0787431 0.0742188 0.000563362
6 0.679482 0.610026 0.031793 0.0286458 0.000568187
6 0.47634 0.607422 0.0410351 0.046875 0.000588113
6 0.54658 0.587891 0.0262477 0.0390625 0.000593899
6 0.326248 0.687826 0.126802 0.100911 0.00060029
6 0.14085 0.108398 0.0251386 0.0410156 0.000620064
5 0.482255 0.0794271 0.775231 0.158854 0.000648556
6 0.00480592 0.117839 0.00961183 0.0846354 0.000654547
6 0.506469 0.633138 0.455453 0.253255 0.000701619
6 0.993715 0.154622 0.0125693 0.103516 0.000734121
5 0.548429 0.0296224 0.291682 0.0592448 0.00074505
3 0.343808 0.580404 0.43475 0.363932 0.000746678
6 0.538447 0.643229 0.0491682 0.0716146 0.000781869
6 0.3939 0.633789 0.0883549 0.0579427 0.00079983
6 0.428651 0.555013 0.0232902 0.0345052 0.000887968
7 0.449908 0.500651 0.0133087 0.0846354 0.000906189
6 0.414048 0.606771 0.0243993 0.0494792 0.000915687
6 0.503327 0.670247 0.0617375 0.0683594 0.000942686
6 0.521257 0.579102 0.0347505 0.0371094 0.000996922
6 0.591497 0.61263 0.0731978 0.0664062 0.00100088
7 0.442514 0.549805 0.0140481 0.0371094 0.00101978
6 0.993346 0.111979 0.0133087 0.0820312 0.00104229
6 0.332717 0.583008 0.0332717 0.0527344 0.00104369
5 0.537338 0.0214844 0.476525 0.0429688 0.00108593
7 0.432902 0.539714 0.0118299 0.0429688 0.00109273
6 0.532717 0.623047 0.0377079 0.0559896 0.00114438
6 0.52329 0.598633 0.0469501 0.047526 0.00114454
6 0.707948 0.600586 0.0170055 0.0253906 0.00116778
6 0.675601 0.664062 0.0676525 0.0598958 0.00119806
6 0.50573 0.619466 0.0451017 0.061849 0.00121211
6 0.402403 0.607747 0.0772643 0.0553385 0.00127349
6 0.627911 0.578451 0.0225508 0.0358073 0.00143039
6 0.392976 0.657552 0.025878 0.0546875 0.00146792
6 0.632163 0.619141 0.0288355 0.0429688 0.00180678
5 0.495009 0.937826 0.573013 0.124349 0.00183759
6 0.460628 0.573242 0.0266174 0.0371094 0.00193526
6 0.29963 0.629557 0.0306839 0.0377604 0.00221048
6 0.423105 0.604818 0.0343808 0.0625 0.00226916
9 0.634566 0.653971 0.0173752 0.0240885 0.00232071
3 0.655453 0.670898 0.465065 0.45638 0.00236837
6 0.692606 0.592122 0.0528651 0.0748698 0.00247275
7 0.467283 0.492839 0.0214418 0.105469 0.00252369
6 0.369316 0.606771 0.0399261 0.0325521 0.00306937
6 0.451756 0.571615 0.0236599 0.0364583 0.00314703
5 0.498706 0.96875 0.425878 0.0625 0.00315426
6 0.672089 0.639974 0.0384473 0.0325521 0.00325275
6 0.410351 0.652018 0.0384473 0.0748698 0.00338897
6 0.498152 0.576172 0.0284658 0.0325521 0.00340397
9 0.342884 0.601888 0.0417745 0.0358073 0.00341085
6 0.31756 0.616862 0.0295749 0.0358073 0.00354225
6 0.473198 0.554688 0.0731978 0.046875 0.0036553
6 0.384104 0.605143 0.0236599 0.047526 0.00366724
6 0.37597 0.623372 0.0340111 0.0358073 0.00417586
6 0.310351 0.631185 0.0210721 0.030599 0.00417788
6 0.677264 0.599609 0.0414048 0.0273438 0.00449501
6 0.410536 0.579102 0.0395564 0.0514323 0.00477794
6 0.371904 0.601888 0.025878 0.0214844 0.00479938
7 0.477819 0.483724 0.0661738 0.111979 0.00501777
6 0.495009 0.565755 0.139002 0.0664062 0.00533639
6 0.334935 0.60612 0.0184843 0.0286458 0.00553023
6 0.604436 0.660482 0.0221811 0.0292969 0.00556471
6 0.485582 0.567057 0.0402957 0.0364583 0.00650459
6 0.380776 0.603841 0.0192237 0.0279948 0.00652489
6 0.493531 0.552083 0.347505 0.0742188 0.00661782
6 0.684473 0.66276 0.0306839 0.0364583 0.00663628
7 0.442514 0.507487 0.0214418 0.078776 0.00781786
6 0.393346 0.633464 0.0354898 0.0429688 0.00788423
6 0.524954 0.55306 0.0362292 0.0345052 0.00890289
6 0.528096 0.554362 0.0173752 0.030599 0.00922757
6 0.417375 0.629557 0.0170055 0.0651042 0.00930073
2 0.489464 0.518555 0.627726 0.229818 0.00939842
6 0.471349 0.575195 0.0229205 0.0332031 0.0115117
7 0.455453 0.509115 0.0162662 0.0716146 0.0117988
7 0.471534 0.52181 0.0121996 0.0579427 0.0123823
6 0.355453 0.600911 0.0240296 0.0234375 0.0138768
6 0.354713 0.640299 0.0225508 0.031901 0.0141358
6 0.380222 0.657552 0.0336414 0.0377604 0.0176229
6 0.513678 0.549154 0.0277264 0.0345052 0.0177105
6 0.426063 0.594727 0.0225508 0.0423177 0.0203293
6 0.509057 0.575195 0.0273567 0.0332031 0.0213985
6 0.537338 0.556966 0.0232902 0.0384115 0.022349
6 0.460813 0.552083 0.0203327 0.03125 0.0233757
6 0.476525 0.545573 0.0288355 0.0520833 0.0234022
6 0.368946 0.655924 0.0524954 0.0501302 0.0293966
6 0.474677 0.552083 0.0170055 0.0325521 0.0367259
6 0.460444 0.558268 0.044732 0.0332031 0.0393932
6 0.404436 0.611003 0.0347505 0.0345052 0.0415666
6 0.512754 0.563151 0.0280961 0.0325521 0.0419337
6 0.42902 0.575195 0.0210721 0.0410156 0.0477086
6 0.420702 0.613932 0.0177449 0.0364583 0.0624669
6 0.659704 0.615234 0.0469501 0.0651042 0.0695956
6 0.500185 0.562174 0.0273567 0.031901 0.0826461
7 0.468022 0.508138 0.0140481 0.0670573 0.0838707
6 0.634566 0.602865 0.0439926 0.0703125 0.102858
6 0.647505 0.654948 0.1061 0.0351562 0.106459
6 0.342514 0.592773 0.0284658 0.0332031 0.119619
6 0.357116 0.608724 0.0465804 0.0429688 0.124999
6 0.434566 0.567383 0.0195933 0.0501302 0.131264
6 0.484843 0.55599 0.0262477 0.0286458 0.147318
6 0.493346 0.55599 0.0195933 0.0273438 0.153716
6 0.456747 0.559245 0.0232902 0.0286458 0.185322
6 0.369131 0.653646 0.0351201 0.0299479 0.229551
4 0.501848 0.715495 0.703512 0.28776 0.247388
6 0.506839 0.555013 0.0251386 0.030599 0.262456
6 0.447874 0.559896 0.0218115 0.0364583 0.274491
3 0.527726 0.638021 0.815897 0.583333 0.342196
6 0.65268 0.597656 0.0299445 0.0351562 0.432195
5 0.502957 0.316732 0.551201 0.276693 0.43432
2 0.501479 0.454102 0.520148 0.184245 0.540233
6 0.644362 0.588542 0.0362292 0.0507812 0.590212
9 0.697227 0.599284 0.0310536 0.0279948 0.61926
6 0.345102 0.602539 0.0255083 0.0253906 0.629115
6 0.468207 0.554688 0.0218115 0.0338542 0.667795
6 0.439926 0.562174 0.0184843 0.031901 0.681618
6 0.63586 0.578451 0.0214418 0.0410156 0.737604
6 0.673937 0.655599 0.0414048 0.0325521 0.780968
9 0.620518 0.656576 0.0469501 0.0371094 0.78374
