6 0.255372 0.0492297 0.0208264 0.0274615 1.23973e-05
6 0.938347 0.688212 0.0624793 0.106497 1.24078e-05
6 0.355868 0.273945 0.0571901 0.0776959 1.242e-05
6 0.494711 0.890154 0.0300826 0.0495646 1.24333e-05
5 0.0763636 0.967515 0.152727 0.0649699 1.24364e-05
6 0.142645 0.00669792 0.0214876 0.0133958 1.2463e-05
6 0.581653 0.988614 0.0366942 0.0200938 1.24795e-05
6 0.42876 0.608506 0.0132231 0.035499 1.24905e-05
6 0.942975 0.38848 0.073719 0.0468855 1.25106e-05
6 0.866942 0.11152 0.0552066 0.114534 1.25111e-05
6 0.258017 0.00401875 0.0228099 0.00803751 1.25266e-05
7 0.539669 0.735432 0.0208264 0.0750167 1.25482e-05
7 0.77124 0.350636 0.0119008 0.123912 1.25727e-05
6 0.864463 0.272605 0.126942 0.199598 1.25777e-05
6 0.585455 0.0616209 0.088595 0.0951105 1.2578e-05
6 0.0352066 0.972539 0.0585124 0.054923 1.26027e-05
0 0.987603 0.80777 0.0208264 0.384461 1.26108e-05
6 0.900661 0.132619 0.0479339 0.0455459 1.26192e-05
5 0.288264 0.941728 0.576529 0.116544 1.26331e-05
6 0.466942 0.588748 0.0386777 0.048225 1.26351e-05
6 0.529917 0.0288011 0.0204959 0.0308104 1.26744e-05
6 0.717355 0.947756 0.071405 0.104488 1.26917e-05
6 0.0110744 0.380442 0.0221488 0.0924313 1.27148e-05
6 0.88562 0.385131 0.067438 0.104488 1.27355e-05
6 0.955868 0.19424 0.0829752 0.251842 1.28117e-05
6 0.630909 0.67649 0.031405 0.0495646 1.28225e-05
6 0.75719 0.683858 0.0763636 0.140656 1.28452e-05
6 0.308099 0.00334896 0.0257851 0.00669792 1.28515e-05
6 0.467107 0.929672 0.046281 0.0495646 1.28664e-05
6 0.540826 0.0589417 0.0191736 0.0214334 1.28702e-05
6 0.260992 0.0304756 0.0201653 0.0261219 1.28768e-05
6 0.285785 0.966175 0.0631405 0.0649699 1.28935e-05
6 0.375702 0.0535834 0.0247934 0.0267917 1.28987e-05
6 0.989752 0.575352 0.0204959 0.251842 1.29327e-05
6 0.762149 0.0689886 0.0591736 0.137977 1.29334e-05
9 0.529422 1 0.0307438 0 1.29354e-05
6 0.917686 0.0555928 0.0442975 0.0522438 1.29459e-05
5 0.0671074 0.989953 0.134215 0.0200938 1.2974e-05
6 0.482314 0.0917616 0.0390083 0.0602813 1.3014e-05
6 0.993884 0.456463 0.0122314 0.0971199 1.30464e-05
6 0.495702 0.931346 0.0558678 0.0529136 1.30786e-05
9 0.817025 0.993637 0.052562 0.0127261 1.31014e-05
5 0.385124 0.1142 0.409256 0.182853 1.31037e-05
6 0.747107 0.978232 0.0323967 0.0301407 1.31096e-05
6 0.0818182 0.328198 0.163636 0.180844 1.31515e-05
9 0.560496 1 0.0300826 0 1.31613e-05
7 0.519669 0.46852 0.0138843 0.0730074 1.31751e-05
4 0.134876 0.753851 0.269752 0.383791 1.31924e-05
6 0.617355 0.676825 0.0168595 0.0448761 1.32038e-05
2 0.79686 0.933356 0.406281 0.133289 1.32049e-05
6 0.582975 0.957803 0.0499174 0.0843938 1.32208e-05
6 0.13719 0.133624 0.0661157 0.0730074 1.32348e-05
7 0.551736 0.710985 0.0191736 0.0689886 1.32381e-05
7 0.45719 0.46919 0.0257851 0.0931011 1.3245e-05
6 0.11719 0.400536 0.0895868 0.1929 1.32517e-05
6 0.868595 0.309109 0.0472727 0.0542532 1.32561e-05
5 0.931736 0.95211 0.136529 0.0957803 1.32865e-05
6 0.237355 0.687877 0.0978512 0.176825 1.32875e-05
2 0.685289 0.436705 0.13686 0.154052 1.3306e-05
6 0.0732231 0.0465506 0.0360331 0.0931011 1.33351e-05
6 0.98281 0.53148 0.0343802 0.35566 1.34075e-05
6 0.455868 0.0154052 0.0476033 0.0308104 1.34458e-05
6 0.329091 0.913597 0.0770248 0.172806 1.34529e-05
6 0.679669 0.595445 0.0145455 0.0308104 1.34858e-05
6 0.0864463 0.164769 0.0419835 0.070998 1.35059e-05
6 0.0530578 0.388814 0.0618182 0.0488948 1.35176e-05
6 0.568595 0.0589417 0.0185124 0.0241125 1.35365e-05
6 0.580165 0.0378433 0.0535537 0.0756865 1.35375e-05
6 0.89686 0.00770261 0.0218182 0.0154052 1.35768e-05
6 0.567603 0.061286 0.0376859 0.0569324 1.35895e-05
6 0.634876 0.566979 0.0122314 0.035499 1.359e-05
7 0.566612 0.508707 0.0132231 0.0609511 1.36044e-05
6 0.964959 0.394173 0.0687603 0.106497 1.36104e-05
6 0.968926 0.949096 0.0449587 0.0776959 1.36116e-05
6 0.68595 0.279973 0.0813223 0.215673 1.36153e-05
6 0.492397 0.0616209 0.0353719 0.119223 1.36213e-05
9 0.545785 1 0.0304132 0 1.36259e-05
6 0.468926 0.619223 0.018843 0.0488948 1.36603e-05
6 0.0476033 0.330543 0.0952066 0.244474 1.36991e-05
6 0.597686 0.965506 0.0396694 0.0421969 1.37281e-05
6 0.129752 0.00803751 0.027438 0.016075 1.3733e-05
6 0.313884 0.730074 0.04 0.0562626 1.37336e-05
6 0.292066 0.00669792 0.0201653 0.0133958 1.37444e-05
5 0.515372 0.941393 0.969256 0.117214 1.37446e-05
6 0.315372 0.962492 0.0628099 0.070998 1.3754e-05
6 0.959835 0.786671 0.0690909 0.365037 1.37735e-05
6 0.539669 0.657736 0.0175207 0.0643001 1.37844e-05
6 0.984298 0.519759 0.0294215 0.147354 1.38595e-05
6 0.0302479 0.961822 0.0604959 0.0763563 1.38651e-05
6 0.956198 0.862023 0.0452893 0.2572 1.38767e-05
6 0.521653 0.965506 0.0502479 0.0408573 1.39114e-05
5 0.436694 0.994977 0.286281 0.0100469 1.39237e-05
7 0.524628 0.521768 0.0092562 0.0696584 1.39352e-05
6 0.941488 0.270931 0.115041 0.202947 1.39746e-05
9 0.118843 0.00602813 0.0241322 0.0120563 1.39961e-05
6 0.985455 0.152043 0.0171901 0.104488 1.40368e-05
0 0.995207 0.894843 0.00958678 0.183523 1.41341e-05
6 0.468099 0.0328198 0.0310744 0.0254521 1.41661e-05
6 0.710909 0.67783 0.0380165 0.0442063 1.41737e-05
6 0.557851 0.989618 0.0366942 0.019424 1.41934e-05
6 0.363636 0.952445 0.0449587 0.0951105 1.42269e-05
6 0.62843 0.568654 0.0112397 0.0294709 1.42539e-05
6 0.526942 0.581045 0.0158678 0.0368386 1.43368e-05
6 0.451074 0.0271266 0.0280992 0.0247823 1.43474e-05
6 0.073719 0.35432 0.0680992 0.0683188 1.43714e-05
6 0.408264 0.960817 0.0416529 0.0783657 1.43769e-05
6 0.493719 0.0341594 0.0267769 0.0227729 1.44066e-05
6 0.275041 0.0428667 0.0409917 0.0857334 1.44208e-05
6 0.317025 0.596785 0.0204959 0.054923 1.44567e-05
6 0.923306 0.686202 0.0482645 0.185532 1.44845e-05
6 0.355041 0.0311453 0.0509091 0.0475553 1.44917e-05
6 0.98876 0.367046 0.0191736 0.104488 1.44964e-05
6 0.292562 0.723041 0.16595 0.168118 1.45106e-05
6 0.372893 0.0609511 0.0396694 0.054923 1.45225e-05
6 0.0872727 0.00770261 0.025124 0.0154052 1.45291e-05
6 0.604628 0.607502 0.0191736 0.0375084 1.4573e-05
7 0.56281 0.745479 0.0545455 0.0924313 1.45833e-05
6 0.26876 0.637307 0.0178512 0.0448761 1.45857e-05
6 0.529917 0.0301407 0.0396694 0.0535834 1.46076e-05
6 0.676033 0.0271266 0.0323967 0.0234427 1.46892e-05
6 0.480496 0.889819 0.0214876 0.0488948 1.47001e-05
6 0.630579 0.572672 0.0261157 0.0348292 1.47272e-05
5 0.19438 0.992967 0.294876 0.0140656 1.47662e-05
6 0.572727 0.671132 0.0234711 0.0576021 1.48016e-05
9 0.477851 0.986604 0.109421 0.0267917 1.48577e-05
5 0.411901 0.162425 0.21157 0.177495 1.4879e-05
6 0.0985124 0.0344943 0.0264463 0.0462157 1.49206e-05
6 0.508595 0.977562 0.0267769 0.0288011 1.49283e-05
5 0.47438 0.324514 0.0839669 0.232418 1.49473e-05
6 0.182149 0.0827194 0.054876 0.0730074 1.49722e-05
6 0.482975 0.0334896 0.0284298 0.0241125 1.49739e-05
6 0.466446 0.652043 0.0204959 0.0636303 1.49747e-05
6 0.132231 0.0147354 0.0436364 0.0294709 1.50115e-05
6 0.568595 0.0264568 0.0290909 0.0234427 1.50399e-05
6 0.0695868 0.19424 0.0393388 0.0830543 1.50886e-05
7 0.642645 0.50134 0.0522314 0.0971199 1.50924e-05
6 0.255702 0.0529136 0.0386777 0.0535834 1.50953e-05
7 0.55719 0.485934 0.0770248 0.118553 1.51495e-05
6 0.174876 0.0284662 0.107107 0.0569324 1.51811e-05
6 0.379339 0.974548 0.0459504 0.0509042 1.52381e-05
5 0.247107 0.0853985 0.142479 0.142666 1.52861e-05
9 0.70876 0.993972 0.042314 0.0120563 1.52863e-05
6 0.693388 0.0277964 0.0373554 0.0274615 1.53094e-05
7 0.499339 0.83992 0.0175207 0.0509042 1.53235e-05
6 0.317355 0.521098 0.0852893 0.136638 1.53486e-05
2 0.190579 0.622237 0.130579 0.350971 1.54166e-05
6 0.520826 0.0361688 0.0181818 0.0227729 1.55079e-05
6 0.451736 0.0509042 0.0221488 0.0227729 1.55363e-05
6 0.160661 0.119558 0.0595041 0.0435365 1.55564e-05
9 0.576364 1 0.0300826 0 1.56202e-05
7 0.468099 0.771601 0.0264463 0.147354 1.56392e-05
6 0.989091 0.469524 0.0178512 0.0910918 1.56493e-05
6 0.338347 0.705626 0.0208264 0.0381782 1.56527e-05
6 0.981488 0.0626256 0.0370248 0.125251 1.56545e-05
6 0.50876 0.961487 0.0561983 0.0770261 1.56626e-05
6 0.508099 0.0770261 0.12562 0.121902 1.56651e-05
6 0.49438 0.054923 0.0208264 0.0214334 1.5678e-05
6 0.501818 0.230409 0.0575207 0.150033 1.57219e-05
6 0.0092562 0.359009 0.0171901 0.229069 1.57636e-05
9 0.766116 0.993302 0.052562 0.0133958 1.57869e-05
7 0.307438 0.345613 0.0727273 0.286671 1.58654e-05
5 0.260826 0.173141 0.215537 0.330208 1.58788e-05
6 0.256033 0.0117214 0.0380165 0.0234427 1.58832e-05
6 0.447438 0.959812 0.0598347 0.0803751 1.59164e-05
7 0.587273 0.476557 0.0195041 0.106497 1.59223e-05
6 0.00958678 0.338915 0.0191736 0.212994 1.59272e-05
6 0.380826 0.00100469 0.0264463 0.00200938 1.59294e-05
7 0.457521 0.732753 0.261157 0.136638 1.59841e-05
6 0.661653 0.00301407 0.0320661 0.00602813 1.59921e-05
5 0.846281 0.961152 0.307438 0.0776959 1.60088e-05
6 0.153719 0.00703282 0.0178512 0.0140656 1.6039e-05
6 0.0755372 0.0977897 0.0347107 0.0683188 1.60486e-05
6 0.652231 0.638647 0.0191736 0.035499 1.60581e-05
6 0.709091 0.650368 0.0218182 0.0401875 1.60866e-05
6 0.73719 0.581715 0.0429752 0.0864032 1.6165e-05
7 0.601983 0.477562 0.0231405 0.113865 1.61658e-05
6 0.396364 0.978232 0.0277686 0.035499 1.62446e-05
6 0.895207 0.362358 0.13157 0.140656 1.62492e-05
9 0.916364 0.991293 0.0628099 0.0174146 1.62514e-05
6 0.429256 0.978232 0.102149 0.0435365 1.62678e-05
6 0.786942 0.281648 0.0439669 0.157401 1.62939e-05
9 0.0928926 0.987609 0.0661157 0.0247823 1.63063e-05
6 0.353058 0.976557 0.0542149 0.0468855 1.63407e-05
3 0.746777 0.5 0.506446 1 1.63439e-05
6 0.247273 0.975553 0.0297521 0.0381782 1.63711e-05
5 0.442975 0.971199 0.246612 0.0495646 1.64004e-05
7 0.615372 0.5 0.0413223 0.0984595 1.64911e-05
6 0.185785 0.0616209 0.0330578 0.0669792 1.64945e-05
6 0.488926 0.552244 0.0138843 0.051574 1.65807e-05
6 0.407273 0.0231078 0.0218182 0.0221031 1.65846e-05
8 0.00561983 0.77562 0.0112397 0.425988 1.66004e-05
6 0.604463 0.657736 0.0175207 0.0442063 1.66173e-05
6 0.60876 0.969859 0.133884 0.0602813 1.66242e-05
6 0.970578 0.336906 0.0535537 0.135298 1.66368e-05
6 0.0771901 0.0766912 0.0895868 0.0890824 1.66523e-05
7 0.542314 0.524113 0.0267769 0.0649699 1.6664e-05
6 0.270248 0.987274 0.0373554 0.0254521 1.66646e-05
6 0.179174 0.663094 0.0575207 0.144675 1.67064e-05
6 0.906612 0.00937709 0.04 0.0187542 1.67583e-05
6 0.00760331 0.272605 0.0112397 0.112525 1.68125e-05
6 0.568926 0.0304756 0.0522314 0.0542532 1.68473e-05
7 0.517686 0.503349 0.0119008 0.0716678 1.69431e-05
6 0.152562 0.0100469 0.0307438 0.0200938 1.69468e-05
6 0.544463 0.982251 0.0456198 0.0328198 1.6957e-05
5 0.19157 0.416611 0.230413 0.237107 1.6993e-05
6 0.242975 0.00435365 0.0204959 0.0087073 1.70193e-05
7 0.627603 0.436705 0.0995041 0.107167 1.70681e-05
7 0.569256 0.497991 0.0317355 0.0823845 1.70761e-05
6 0.703967 0.0083724 0.0393388 0.0167448 1.71525e-05
6 0.804628 0.27428 0.0271074 0.0475553 1.72295e-05
6 0.449421 0.0555928 0.0386777 0.0495646 1.72423e-05
5 0.357025 0.0331547 0.177851 0.0663094 1.7264e-05
6 0.55124 0.892163 0.0241322 0.048225 1.72764e-05
5 0.908099 0.853315 0.183802 0.293369 1.73053e-05
6 0.466446 0.548895 0.0191736 0.0529136 1.73069e-05
6 0.552562 0.679839 0.0181818 0.0643001 1.73211e-05
6 0.242975 0.0592766 0.0271074 0.035499 1.73452e-05
6 0.581653 0.974883 0.0347107 0.0301407 1.7454e-05
6 0.384463 0.0509042 0.0409917 0.0629605 1.74545e-05
6 0.466942 0.0525787 0.0214876 0.0207636 1.75065e-05
6 0.00859504 0.317816 0.0171901 0.105157 1.75574e-05
6 0.350413 0.975553 0.124959 0.0488948 1.76099e-05
6 0.463967 0.557267 0.0347107 0.0535834 1.7633e-05
5 0.147273 0.110851 0.294545 0.221701 1.77518e-05
6 0.483471 0.0509042 0.0214876 0.0200938 1.77824e-05
6 0.173719 0.656731 0.0697521 0.281983 1.78532e-05
6 0.918843 0.029136 0.103471 0.0582719 1.788e-05
6 0.188926 0.263898 0.018843 0.0750167 1.79302e-05
5 0.832562 0.214334 0.244959 0.401875 1.79522e-05
7 0.391405 0.527461 0.0429752 0.074347 1.79523e-05
9 0.790744 0.993637 0.0522314 0.0127261 1.79947e-05
7 0.51124 0.427328 0.0624793 0.121902 1.80506e-05
6 0.265124 0.0405224 0.0700826 0.0649699 1.81216e-05
6 0.293884 0.592766 0.0145455 0.0334896 1.81694e-05
6 0.0705785 0.0083724 0.0307438 0.0167448 1.81817e-05
6 0.719339 0.989618 0.0304132 0.019424 1.82561e-05
7 0.612066 0.542532 0.04 0.0803751 1.83157e-05
6 0.450909 0.614534 0.0152066 0.0448761 1.83357e-05
6 0.086281 0.0679839 0.0317355 0.0529136 1.84046e-05
7 0.573223 0.495981 0.00991736 0.0689886 1.8461e-05
6 0.733388 0.635298 0.0809917 0.22572 1.84637e-05
9 0.39124 0.987274 0.0347107 0.0254521 1.85343e-05
7 0.422975 0.739786 0.0234711 0.0931011 1.85553e-05
6 0.27124 0.975553 0.027438 0.0341594 1.8605e-05
6 0.435702 0.562291 0.0152066 0.0502344 1.86709e-05
6 0.974215 0.21065 0.0409917 0.150703 1.86793e-05
7 0.497851 0.524113 0.0343802 0.0770261 1.87002e-05
6 0.432727 0.0334896 0.0482645 0.0669792 1.87649e-05
6 0.653058 0.605492 0.0155372 0.0334896 1.8771e-05
6 0.679504 0.667783 0.0267769 0.0348292 1.88594e-05
5 0.592727 0.326189 0.341818 0.245144 1.88913e-05
6 0.290413 0.016075 0.0393388 0.03215 1.89533e-05
6 0.324793 0.0247823 0.0816529 0.0495646 1.89937e-05
5 0.191901 0.139317 0.118678 0.214334 1.90444e-05
6 0.270248 0.0401875 0.0175207 0.0267917 1.90734e-05
6 0.34281 0.00267917 0.0357025 0.00535834 1.90921e-05
6 0.482479 0.0378433 0.052562 0.051574 1.91364e-05
6 0.415868 0.609176 0.0152066 0.0314802 1.91389e-05
6 0.118017 0.345613 0.0667769 0.0669792 1.91435e-05
6 0.294545 0.583389 0.0852893 0.166109 1.92501e-05
6 0.713223 0.605492 0.014876 0.0348292 1.92593e-05
6 0.361157 0.958473 0.0353719 0.0522438 1.94164e-05
6 0.0704132 0.188212 0.0482645 0.168788 1.94348e-05
6 0.331736 0.0304756 0.0565289 0.0475553 1.94913e-05
9 0.0419835 0.00803751 0.0416529 0.016075 1.95162e-05
6 0.273884 0.00803751 0.0294215 0.016075 1.95732e-05
6 0.686446 0.591762 0.116694 0.146685 1.95743e-05
6 0.352231 0.523108 0.112066 0.119223 1.95933e-05
6 0.544463 0.991293 0.0363636 0.0174146 1.96392e-05
6 0.430909 0.57937 0.014876 0.0361688 1.96461e-05
6 0.362975 0.715338 0.0641322 0.0991293 1.96572e-05
6 0.282975 0.975887 0.0317355 0.0361688 1.97473e-05
6 0.66595 0.666108 0.0195041 0.0381782 1.98257e-05
5 0.70595 0.282987 0.588099 0.565975 1.98346e-05
6 0.616033 0.609176 0.0181818 0.035499 1.98386e-05
5 0.391736 0.0197589 0.149421 0.0395177 1.98662e-05
9 0.678843 0.993637 0.0439669 0.0127261 1.98671e-05
6 0.918347 0.366042 0.0806612 0.0448761 1.99232e-05
0 0.00495868 0.138312 0.00991736 0.276624 1.99559e-05
6 0.519835 0.981581 0.0439669 0.0328198 1.99573e-05
6 0.420331 0.0227729 0.0214876 0.0214334 2.0025e-05
6 0.996198 0.0391829 0.00760331 0.0783657 2.00527e-05
6 0.305289 0.974548 0.027438 0.0348292 2.00673e-05
6 0.995207 0.0596115 0.00958678 0.119223 2.00948e-05
7 0.507603 0.839585 0.014876 0.0488948 2.0122e-05
6 0.578678 0.557602 0.0115702 0.0448761 2.01262e-05
6 0.51438 0.0241125 0.0654545 0.048225 2.01311e-05
6 0.322314 0.00301407 0.033719 0.00602813 2.02218e-05
4 0.693058 0.75653 0.467769 0.275285 2.02316e-05
6 0.98595 0.938714 0.0221488 0.117214 2.0291e-05
6 0.41405 0.731078 0.0538843 0.0944407 2.03034e-05
5 0.851074 0.921634 0.297851 0.156731 2.03245e-05
6 0.596364 0.00502344 0.0257851 0.0100469 2.03359e-05
6 0.541322 0.890824 0.0280992 0.0509042 2.03643e-05
3 0.288595 0.43436 0.57719 0.868721 2.03911e-05
6 0.989256 0.494642 0.0214876 0.213664 2.04337e-05
4 0.720165 0.849632 0.288595 0.221701 2.04666e-05
6 0.737521 0.728734 0.0383471 0.0763563 2.05144e-05
5 0.351405 0.277964 0.208926 0.292029 2.05513e-05
6 0.28281 0.0103818 0.0280992 0.0207636 2.06017e-05
6 0.69438 0.0341594 0.0591736 0.0629605 2.06107e-05
7 0.592727 0.489618 0.0753719 0.119223 2.06382e-05
6 0.272893 0.0328198 0.04 0.0495646 2.06651e-05
6 0.357355 0.00167448 0.0317355 0.00334896 2.07414e-05
6 0.302314 0.656397 0.031405 0.038848 2.07581e-05
6 0.242645 0.0602813 0.042314 0.054923 2.08049e-05
5 0.65686 0.989618 0.405289 0.0207636 2.08346e-05
7 0.405785 0.495646 0.0604959 0.0964501 2.0844e-05
6 0.508264 0.0552579 0.014876 0.0234427 2.08684e-05
6 0.193058 0.0686537 0.11438 0.137307 2.08973e-05
6 0.319339 0.975218 0.0257851 0.0375084 2.09071e-05
6 0.580661 0.00669792 0.0340496 0.0133958 2.10101e-05
6 0.724132 0.544876 0.0585124 0.144005 2.10226e-05
7 0.545455 0.509712 0.0145455 0.107167 2.10438e-05
6 0.486281 0.616544 0.0171901 0.0502344 2.11026e-05
5 0.778678 0.356999 0.0935537 0.342934 2.1103e-05
5 0.809752 0.395177 0.147107 0.184863 2.12258e-05
6 0.393223 0.0117214 0.0439669 0.0234427 2.13179e-05
6 0.35686 0.979906 0.0307438 0.0334896 2.1347e-05
6 0.437521 0.0247823 0.0254545 0.0241125 2.13596e-05
7 0.48876 0.520429 0.0128926 0.0589417 2.14895e-05
6 0.0894215 0.0127261 0.04 0.0254521 2.15242e-05
6 0.465124 0.0565975 0.0403306 0.0502344 2.16149e-05
6 0.478182 0.0264568 0.0902479 0.0529136 2.16642e-05
6 0.552231 0.0619558 0.0895868 0.0864032 2.16858e-05
6 0.551736 0.057937 0.0191736 0.0234427 2.17077e-05
6 0.450248 0.652713 0.0178512 0.0582719 2.17096e-05
2 0.638678 0.452445 0.457521 0.281983 2.17163e-05
6 0.937025 0.0619558 0.0816529 0.0703282 2.17334e-05
5 0.351405 0.993972 0.270413 0.0120563 2.17719e-05
6 0.530083 0.449096 0.0631405 0.0971199 2.18276e-05
6 0.520165 0.0964501 0.0333884 0.0656397 2.18481e-05
6 0.443967 0.990958 0.0343802 0.0180844 2.18557e-05
6 0.68281 0.946082 0.065124 0.101139 2.18931e-05
6 0.68876 0.671132 0.027438 0.038848 2.19004e-05
6 0.70595 0.978902 0.0287603 0.0314802 2.19392e-05
6 0.541983 0.969524 0.0618182 0.0421969 2.19402e-05
6 0.370909 0.980241 0.0257851 0.0341594 2.19616e-05
6 0.241488 0.0103818 0.0366942 0.0207636 2.19624e-05
5 0.739008 0.357669 0.0677686 0.215673 2.19663e-05
5 0.373058 0.351306 0.164298 0.19223 2.20384e-05
6 0.860331 0.640991 0.0598347 0.19424 2.223e-05
6 0.271901 0.637307 0.0459504 0.0810449 2.22668e-05
6 0.990909 0.0592766 0.0181818 0.118553 2.22784e-05
6 0.346116 0.928667 0.0780165 0.0971199 2.22853e-05
6 0.419669 0.0281313 0.0406612 0.0455459 2.22983e-05
6 0.304298 0.640321 0.0241322 0.0415271 2.23364e-05
6 0.495702 0.980911 0.0433058 0.0341594 2.23552e-05
6 0.333719 0.0502344 0.0565289 0.0589417 2.23813e-05
6 0.460496 0.512391 0.0224793 0.0643001 2.2427e-05
5 0.732727 0.0358339 0.158347 0.0716678 2.25516e-05
6 0.673223 0.0324849 0.0492562 0.0649699 2.25807e-05
6 0.348264 0.962157 0.0532231 0.0663094 2.25856e-05
6 0.0709091 0.163764 0.0406612 0.0770261 2.25867e-05
7 0.48562 0.653048 0.0204959 0.0723376 2.25921e-05
6 0.517686 0.717013 0.0376859 0.0730074 2.25963e-05
6 0.507273 0.0596115 0.0333884 0.0629605 2.26134e-05
6 0.214215 0.0328198 0.0297521 0.0629605 2.26689e-05
6 0.344628 0.981246 0.0433058 0.0375084 2.28515e-05
7 0.537851 0.680844 0.0231405 0.0716678 2.28902e-05
5 0.320331 0.0666443 0.147438 0.102478 2.30044e-05
7 0.251074 0.380107 0.031405 0.366376 2.30958e-05
6 0.074876 0.0398526 0.0380165 0.0462157 2.31198e-05
5 0.226942 0.132954 0.453884 0.265908 2.31622e-05
7 0.570579 0.477227 0.0191736 0.106497 2.3222e-05
6 0.703636 0.717348 0.0161983 0.0361688 2.32402e-05
8 0.990579 0.86939 0.018843 0.210315 2.32545e-05
6 0.389091 0.0311453 0.0495868 0.0622907 2.32636e-05
5 0.796198 0.836906 0.407603 0.326189 2.34027e-05
6 0.470083 0.991293 0.0323967 0.0174146 2.34209e-05
7 0.509587 0.527461 0.0142149 0.0850636 2.34221e-05
6 0.733388 0.98493 0.04 0.0301407 2.34352e-05
6 0.796364 0.279973 0.0277686 0.0442063 2.35173e-05
6 0.437355 0.0294709 0.046281 0.048225 2.36145e-05
6 0.521653 0.0917616 0.0152066 0.0334896 2.36434e-05
9 0.0309091 0.972204 0.0419835 0.0408573 2.36795e-05
6 0.00628099 0.315472 0.012562 0.275954 2.36893e-05
5 0.744793 0.276289 0.150083 0.410583 2.37265e-05
9 0.106612 0.0087073 0.0380165 0.0174146 2.37465e-05
7 0.55438 0.478232 0.0185124 0.101808 2.37588e-05
6 0.735868 0.651038 0.0628099 0.124581 2.37848e-05
6 0.692893 0.970864 0.0403306 0.0582719 2.38284e-05
6 0.980661 0.96852 0.0386777 0.0629605 2.39919e-05
8 0.00330579 0.17716 0.00661157 0.145345 2.39945e-05
6 0.971405 0.909913 0.0512397 0.180174 2.40019e-05
6 0.853554 0.0927662 0.0515702 0.0663094 2.40061e-05
5 0.655207 0.206631 0.193719 0.205626 2.40078e-05
6 0.369256 0.00167448 0.0277686 0.00334896 2.40878e-05
6 0.641322 0.604488 0.0178512 0.035499 2.41102e-05
6 0.849587 0.623577 0.137521 0.326859 2.42156e-05
5 0.618347 0.980911 0.391736 0.0381782 2.43374e-05
6 0.631405 0.979906 0.0297521 0.0281313 2.43509e-05
4 0.288926 0.787341 0.577851 0.425318 2.43893e-05
7 0.476529 0.489618 0.0161983 0.1286 2.44252e-05
5 0.35686 0.231748 0.713719 0.463496 2.45091e-05
6 0.481818 0.054923 0.0413223 0.0535834 2.45143e-05
5 0.610909 0.108171 0.25719 0.16276 2.45491e-05
6 0.682479 0.72706 0.223802 0.22706 2.46462e-05
6 0.332727 0.975887 0.0287603 0.0375084 2.46984e-05
6 0.61719 0.970194 0.042314 0.0596115 2.47373e-05
6 0.333554 0.5643 0.0112397 0.035499 2.47494e-05
6 0.704793 0.990288 0.0357025 0.019424 2.48543e-05
5 0.800826 0.0649699 0.10876 0.12994 2.49358e-05
6 0.0742149 0.0140656 0.0419835 0.0281313 2.49623e-05
6 0.330579 0.976222 0.0528926 0.0475553 2.49661e-05
6 0.205455 0.0341594 0.0730579 0.0683188 2.49959e-05
6 0.363636 0.691895 0.0204959 0.0442063 2.49996e-05
6 0.146777 0.104153 0.148099 0.119893 2.50375e-05
6 0.513223 0.736772 0.0433058 0.154052 2.50428e-05
6 0.895537 0.691895 0.0773554 0.265238 2.50578e-05
6 0.892727 0.0147354 0.116694 0.0294709 2.51272e-05
6 0.984628 0.0174146 0.0307438 0.0348292 2.51382e-05
6 0.550248 0.0619558 0.0386777 0.0569324 2.51522e-05
7 0.657025 0.508038 0.123306 0.13061 2.51877e-05
6 0.00710744 0.0498995 0.0135537 0.0997991 2.5201e-05
6 0.225785 0.0244474 0.0363636 0.0488948 2.53756e-05
5 0.664959 0.256196 0.521983 0.394508 2.54659e-05
6 0.610909 0.0174146 0.0595041 0.0348292 2.54663e-05
6 0.904793 0.288011 0.117686 0.0977897 2.55703e-05
7 0.538017 0.708975 0.0234711 0.0730074 2.55834e-05
4 0.0322314 0.640656 0.0644628 0.304756 2.55879e-05
6 0.264959 0.0522438 0.115372 0.0897522 2.57667e-05
5 0.207273 0.355325 0.141488 0.299397 2.57763e-05
6 0.280331 0.0271266 0.0238017 0.0261219 2.59147e-05
6 0.741653 0.991628 0.0512397 0.0167448 2.59266e-05
6 0.589256 0.974883 0.0730579 0.0475553 2.61041e-05
6 0.66281 0.59779 0.0191736 0.0288011 2.6232e-05
5 0.381653 0.083724 0.200661 0.123242 2.62811e-05
6 0.374545 0.96785 0.0436364 0.0562626 2.63536e-05
4 0.288926 0.781648 0.374215 0.255861 2.64968e-05
6 0.868595 0.37073 0.0578512 0.208305 2.66048e-05
7 0.554215 0.529806 0.00892562 0.0495646 2.66617e-05
6 0.49719 0.563295 0.0317355 0.0643001 2.68565e-05
6 0.452231 0.681849 0.0218182 0.0535834 2.68589e-05
6 0.346281 0.231748 0.0869422 0.103148 2.68777e-05
6 0.988099 0.181849 0.0238017 0.215003 2.69027e-05
6 0.463471 0.969524 0.0621488 0.0395177 2.69875e-05
7 0.442149 0.490288 0.0142149 0.0736772 2.70045e-05
6 0.324793 0.600134 0.0981818 0.113865 2.71026e-05
6 0.568264 0.00803751 0.0409917 0.016075 2.71968e-05
6 0.244628 0.992632 0.054876 0.0147354 2.72033e-05
6 0.653058 0.658406 0.0175207 0.0361688 2.72367e-05
6 0.560165 0.61353 0.0142149 0.038848 2.72763e-05
6 0.933554 0.333891 0.109091 0.106497 2.73866e-05
7 0.447934 0.766577 0.0264463 0.103818 2.73872e-05
6 0.149917 0.110516 0.0750413 0.202277 2.74162e-05
6 0.292562 0.961822 0.0370248 0.0763563 2.74359e-05
6 0.637521 0.0164099 0.0558678 0.0328198 2.74522e-05
6 0.645455 0.662425 0.0214876 0.038848 2.7471e-05
5 0.735702 0.105492 0.248926 0.181514 2.75144e-05
6 0.0305785 0.392163 0.061157 0.180174 2.75186e-05
6 0.557851 0.961822 0.061157 0.0763563 2.75456e-05
6 0.87438 0.0371735 0.0826446 0.074347 2.75497e-05
6 0.992231 0.981581 0.0155372 0.0368386 2.76129e-05
6 0.960992 0.959143 0.0740496 0.0817147 2.77376e-05
6 0.0110744 0.0941058 0.0221488 0.145345 2.78214e-05
5 0.249752 0.98292 0.492893 0.0341594 2.7828e-05
6 0.00842975 0.221031 0.0115702 0.115204 2.78789e-05
7 0.458347 0.473878 0.0122314 0.0797053 2.81282e-05
6 0.689587 0.00602813 0.0383471 0.0120563 2.81536e-05
9 0.403306 0.968185 0.0555372 0.0636303 2.83373e-05
9 0.37719 0.991293 0.0456198 0.0174146 2.84247e-05
6 0.631074 0.989953 0.0390083 0.0200938 2.84772e-05
6 0.00743802 0.252512 0.0135537 0.234427 2.85772e-05
4 0.0477686 0.754521 0.0955372 0.432016 2.87979e-05
6 0.384628 0.979236 0.0247934 0.0361688 2.89418e-05
7 0.535702 0.759545 0.0598347 0.143336 2.90125e-05
6 0.280331 0.0398526 0.0178512 0.0207636 2.9026e-05
6 0.390909 0.96852 0.0419835 0.0495646 2.90445e-05
6 0.24 0.0301407 0.0846281 0.0602813 2.90785e-05
9 0.600165 0.98493 0.0406612 0.0301407 2.9234e-05
7 0.347934 0.48426 0.0915703 0.109846 2.93167e-05
6 0.747934 0.0227729 0.0697521 0.0455459 2.94792e-05
6 0.287107 0.511052 0.0300826 0.0736772 2.94914e-05
6 0.66281 0.666778 0.0528926 0.0730074 2.94964e-05
6 0.878512 0.114534 0.0552066 0.0562626 2.96228e-05
6 0.628926 0.605157 0.0181818 0.035499 2.96785e-05
6 0.439174 0.699598 0.0750413 0.122572 2.97053e-05
5 0.74562 0.977227 0.373884 0.0455459 2.97084e-05
6 0.448264 0.58071 0.025124 0.0375084 2.9723e-05
6 0.146777 0.640656 0.0628099 0.310114 2.976e-05
5 0.707934 0.0683188 0.166942 0.136638 2.98155e-05
6 0.281157 0.0421969 0.031405 0.0468855 2.99254e-05
6 0.691405 0.657066 0.0241322 0.0509042 2.99516e-05
6 0.831074 0.0462157 0.0919008 0.0924313 3.00415e-05
6 0.260826 0.98292 0.0409917 0.0341594 3.0214e-05
6 0.500992 0.0602813 0.0796694 0.0776959 3.02648e-05
6 0.405455 0.967515 0.0380165 0.0435365 3.03986e-05
7 0.296529 0.763563 0.0489256 0.0669792 3.04174e-05
6 0.0755372 0.0636303 0.0228099 0.0656397 3.04532e-05
6 0.204132 0.0853985 0.0558678 0.170797 3.05047e-05
5 0.828264 0.985265 0.343471 0.0294709 3.05158e-05
6 0.520331 0.555593 0.0132231 0.0555928 3.09096e-05
6 0.962314 0.0572672 0.0595041 0.083724 3.09422e-05
6 0.407107 0.990288 0.0386777 0.019424 3.10301e-05
6 0.554215 0.574347 0.0128926 0.0328198 3.11092e-05
6 0.0857851 0.0411922 0.0201653 0.051574 3.12321e-05
6 0.356364 0.641996 0.0277686 0.0395177 3.12321e-05
6 0.405455 0.0288011 0.0446281 0.0576021 3.12402e-05
6 0.290083 0.640991 0.0214876 0.0428667 3.1461e-05
5 0.278017 0.447756 0.071405 0.243135 3.14761e-05
6 0.692066 0.712659 0.112066 0.146015 3.1669e-05
6 0.382479 0.990623 0.0317355 0.0187542 3.17058e-05
7 0.438512 0.703282 0.0208264 0.0602813 3.17427e-05
5 0.492066 0.179169 0.36 0.25653 3.18491e-05
6 0.27405 0.663429 0.0231405 0.0502344 3.20811e-05
6 0.773554 0.0311453 0.0872727 0.0622907 3.23899e-05
6 0.946446 0.690556 0.0733884 0.261219 3.24432e-05
6 0.83719 0.0110516 0.0492562 0.0221031 3.25153e-05
7 0.374876 0.486269 0.058843 0.0924313 3.26118e-05
6 0.290744 0.0254521 0.0723967 0.0509042 3.27601e-05
6 0.320826 0.0137307 0.052562 0.0274615 3.27877e-05
6 0.506446 0.991293 0.0277686 0.0174146 3.28244e-05
6 0.679669 0.656731 0.021157 0.0314802 3.28397e-05
6 0.592562 0.991628 0.048595 0.0167448 3.28438e-05
6 0.962314 0.0294709 0.0720661 0.0589417 3.28529e-05
6 0.0109091 0.151708 0.0218182 0.169457 3.29864e-05
6 0.733554 0.6929 0.0271074 0.0555928 3.36193e-05
6 0.121157 0.382117 0.086281 0.0877428 3.3647e-05
6 0.450083 0.573342 0.0161983 0.0348292 3.36719e-05
7 0.480165 0.493637 0.0122314 0.0937709 3.37627e-05
7 0.496364 0.491293 0.0102479 0.0890824 3.3763e-05
6 0.439504 0.527796 0.0195041 0.0643001 3.38468e-05
7 0.544959 0.525452 0.0102479 0.0596115 3.39219e-05
6 0.68876 0.588413 0.073719 0.0984595 3.39602e-05
6 0.789917 0.673811 0.188099 0.309444 3.41172e-05
6 0.795702 0.041862 0.0476033 0.083724 3.41869e-05
6 0.340992 0.013061 0.0545455 0.0261219 3.43313e-05
6 0.0166942 0.264903 0.0333884 0.19357 3.45307e-05
6 0.681157 0.979236 0.0300826 0.0294709 3.47163e-05
6 0.493058 0.990958 0.031405 0.0180844 3.47198e-05
6 0.869091 0.368721 0.0476033 0.0997991 3.47731e-05
6 0.353554 0.250167 0.0294215 0.0381782 3.4807e-05
9 0.974876 0.98292 0.0456198 0.0341594 3.48697e-05
6 0.0046281 0.257535 0.0092562 0.111855 3.49586e-05
6 0.433223 0.0304756 0.104793 0.0609511 3.49798e-05
6 0.538843 0.0200938 0.0700826 0.0401875 3.50002e-05
6 0.99405 0.953115 0.0119008 0.0937709 3.50222e-05
6 0.690248 0.672472 0.058843 0.0857334 3.50527e-05
7 0.452893 0.491628 0.0204959 0.0910918 3.50738e-05
6 0.521818 0.0545881 0.0155372 0.0234427 3.52801e-05
6 0.314215 0.601474 0.0155372 0.03215 3.52874e-05
6 0.354711 0.598459 0.0191736 0.0341594 3.5301e-05
6 0.456694 0.991628 0.0294215 0.0167448 3.53048e-05
6 0.519504 0.991293 0.031405 0.0174146 3.53892e-05
6 0.352066 0.0217683 0.0786777 0.0435365 3.57553e-05
5 0.803802 0.287676 0.107438 0.335566 3.58209e-05
6 0.718843 0.609846 0.0201653 0.0435365 3.61221e-05
5 0.121818 0.200268 0.243636 0.334896 3.62039e-05
7 0.500496 0.524447 0.0132231 0.0696584 3.62248e-05
6 0.345124 0.990623 0.0370248 0.0187542 3.62429e-05
6 0.443306 0.587743 0.218843 0.157401 3.62553e-05
7 0.282645 0.486269 0.046281 0.163429 3.63506e-05
6 0.660661 0.609511 0.0201653 0.03215 3.64149e-05
7 0.553388 0.507368 0.0092562 0.0609511 3.64631e-05
7 0.625289 0.517749 0.0690909 0.123242 3.65774e-05
6 0.454215 0.537508 0.0112397 0.0636303 3.66653e-05
6 0.440992 0.561286 0.0158678 0.0361688 3.67165e-05
5 0.377851 0.296718 0.587107 0.593436 3.6797e-05
6 0.319504 0.989953 0.031405 0.0200938 3.68421e-05
6 0.613884 0.0264568 0.0892562 0.0529136 3.6889e-05
6 0.685455 0.636638 0.166281 0.16276 3.69784e-05
6 0.0077686 0.0113865 0.00958678 0.0227729 3.70556e-05
9 0.026281 0.987274 0.052562 0.0254521 3.70887e-05
6 0.210248 0.019424 0.0376859 0.038848 3.70995e-05
6 0.43405 0.00703282 0.0323967 0.0140656 3.71262e-05
6 0.330744 0.697254 0.0247934 0.0415271 3.73184e-05
6 0.643967 0.975553 0.0522314 0.0488948 3.73723e-05
9 0.0482645 0.0167448 0.0509091 0.0334896 3.74277e-05
6 0.573223 0.0304756 0.0998347 0.0609511 3.80275e-05
6 0.0142149 0.203282 0.0284298 0.174816 3.83214e-05
6 0.705289 0.908573 0.0981818 0.123912 3.84307e-05
6 0.521322 0.057937 0.033719 0.0596115 3.84727e-05
6 0.339835 0.638982 0.0257851 0.0401875 3.85842e-05
6 0.59686 0.569658 0.0181818 0.0381782 3.86855e-05
5 0.225455 0.408573 0.450909 0.572003 3.88431e-05
6 0.390909 0.00100469 0.0327273 0.00200938 3.90548e-05
6 0.018843 0.0458808 0.0376859 0.0917616 3.91137e-05
6 0.641653 0.593436 0.0244628 0.0495646 3.91225e-05
6 0.444793 0.51641 0.0320661 0.0964501 3.9284e-05
7 0.30876 0.770931 0.13157 0.155392 3.93918e-05
7 0.705455 0.503684 0.0740496 0.12994 3.9478e-05
6 0.437851 0.583054 0.014876 0.0328198 3.95535e-05
6 0.295537 0.605827 0.0271074 0.0408573 3.97577e-05
8 0.00561983 0.19357 0.0112397 0.363027 3.98604e-05
6 0.367769 0.0110516 0.0472727 0.0221031 3.99945e-05
6 0.396529 0.67649 0.0697521 0.0937709 4.00537e-05
6 0.393058 0.991293 0.0476033 0.0174146 4.00874e-05
6 0.588099 0.016075 0.0581818 0.03215 4.01564e-05
6 0.153884 0.114534 0.0770248 0.0817147 4.03459e-05
6 0.988926 0.41862 0.0221488 0.1929 4.03998e-05
7 0.453388 0.704622 0.0228099 0.0629605 4.04292e-05
6 0.342479 0.24079 0.0416529 0.0488948 4.0467e-05
5 0.765785 0.187877 0.46843 0.375754 4.0493e-05
6 0.988264 0.897187 0.0181818 0.205626 4.05481e-05
6 0.239835 0.672472 0.176859 0.320161 4.06616e-05
5 0.69438 0.954789 0.341488 0.090422 4.06809e-05
6 0.931736 0.386135 0.110744 0.083724 4.07563e-05
6 0.27438 0.733088 0.0442975 0.083724 4.08091e-05
6 0.420165 0.00468855 0.0290909 0.00937709 4.09591e-05
6 0.709917 0.0244474 0.0763636 0.0488948 4.09732e-05
5 0.725785 0.404555 0.108099 0.221031 4.10343e-05
6 0.497851 0.96919 0.0621488 0.0428667 4.11198e-05
9 0.0319008 0.939384 0.0638017 0.121232 4.11771e-05
9 0.435372 0.982251 0.0528926 0.0301407 4.12808e-05
6 0.00545455 0.0358339 0.0109091 0.0716678 4.1448e-05
5 0.16 0.422639 0.32 0.38714 4.15439e-05
7 0.00842975 0.0797053 0.00958678 0.125921 4.18503e-05
7 0.770413 0.365707 0.0228099 0.139317 4.21093e-05
5 0.885289 0.14367 0.200331 0.279303 4.21881e-05
6 0.558182 0.664769 0.0446281 0.0689886 4.2613e-05
6 0.576694 0.642331 0.0221488 0.048225 4.28869e-05
6 0.604132 0.640321 0.0208264 0.0415271 4.28914e-05
2 0.620165 0.46919 0.267769 0.150703 4.28988e-05
6 0.665455 0.976557 0.0555372 0.0468855 4.3019e-05
7 0.441818 0.48359 0.0195041 0.150033 4.31386e-05
5 0.72843 0.129605 0.497521 0.25921 4.33159e-05
6 0.39438 0.982585 0.10314 0.0348292 4.356e-05
2 0.698512 0.487274 0.140165 0.148024 4.36436e-05
6 0.30562 0.923979 0.0790083 0.115874 4.37799e-05
7 0.588595 0.525452 0.0413223 0.0931011 4.40478e-05
5 0.144463 0.358674 0.12562 0.260549 4.41259e-05
7 0.516198 0.492967 0.0195041 0.148694 4.41959e-05
6 0.189917 0.0231078 0.0466116 0.0462157 4.4212e-05
3 0.189587 0.662425 0.231736 0.555928 4.42416e-05
6 0.307603 0.604153 0.0353719 0.0509042 4.42679e-05
3 0.176859 0.469859 0.353719 0.939719 4.434e-05
6 0.328595 0.594441 0.0112397 0.0341594 4.46255e-05
7 0.466116 0.70931 0.0231405 0.0736772 4.46934e-05
6 0.0261157 0.332217 0.0522314 0.164769 4.51574e-05
6 0.674711 0.00435365 0.0323967 0.0087073 4.52318e-05
6 0.863306 0.00971199 0.0499174 0.019424 4.52323e-05
6 0.69405 0.98426 0.0406612 0.0314802 4.52956e-05
4 0.321653 0.862023 0.386777 0.242465 4.53645e-05
6 0.543636 0.58138 0.027438 0.0415271 4.55124e-05
6 0.615868 0.66075 0.0284298 0.0488948 4.55398e-05
3 0.856529 0.601139 0.286942 0.797723 4.56075e-05
6 0.520992 0.615204 0.0145455 0.051574 4.57227e-05
6 0.990413 0.270931 0.012562 0.121232 4.57801e-05
6 0.296198 0.595111 0.0403306 0.0971199 4.61485e-05
3 0.0940496 0.659411 0.188099 0.681179 4.63125e-05
6 0.112231 0.013061 0.0571901 0.0261219 4.64224e-05
4 0.0452893 0.633289 0.0760331 0.559277 4.64494e-05
3 0.741488 0.70797 0.517025 0.584059 4.67991e-05
7 0.437521 0.772605 0.0221488 0.165439 4.69191e-05
6 0.618512 0.589752 0.0185124 0.0328198 4.74429e-05
7 0.527934 0.489283 0.012562 0.0877428 4.75852e-05
6 0.440661 0.732418 0.0409917 0.0971199 4.76256e-05
7 0.44281 0.498326 0.0638017 0.132619 4.77113e-05
7 0.506446 0.491628 0.0112397 0.0964501 4.79167e-05
6 0.00760331 0.029136 0.00661157 0.0582719 4.79192e-05
6 0.562975 0.0164099 0.0581818 0.0328198 4.80465e-05
6 0.435537 0.0164099 0.0532231 0.0328198 4.80743e-05
6 0.578182 0.700938 0.0766942 0.118553 4.82827e-05
6 0.651901 0.703952 0.0912397 0.111186 4.88673e-05
6 0.434711 0.615874 0.0152066 0.0408573 4.89636e-05
6 0.37719 0.691561 0.0218182 0.0462157 4.90428e-05
7 0.761983 0.372405 0.0191736 0.152713 4.95654e-05
5 0.321818 0.161085 0.250909 0.212324 4.97017e-05
6 0.919339 0.386805 0.0747107 0.0381782 4.9707e-05
7 0.469091 0.491962 0.0396694 0.0984595 4.97451e-05
6 0.39157 0.605492 0.0261157 0.038848 4.98767e-05
9 0.631074 0.988279 0.0535537 0.0234427 4.98859e-05
6 0.0752066 0.0190891 0.0809917 0.0381782 4.99308e-05
9 0.600331 0.975218 0.0515702 0.0495646 5.02387e-05
6 0.565124 0.590422 0.0307438 0.0421969 5.0246e-05
6 0.680826 0.989953 0.0386777 0.0200938 5.0322e-05
6 0.66281 0.638982 0.0436364 0.054923 5.04727e-05
6 0.278347 0.644675 0.0204959 0.0448761 5.09006e-05
5 0.469091 0.977562 0.455537 0.0448761 5.09198e-05
9 0.431405 0.990958 0.046281 0.0180844 5.10957e-05
6 0.635702 0.589417 0.0158678 0.0308104 5.12442e-05
6 0.465124 0.730743 0.0370248 0.0951105 5.13898e-05
6 0.652893 0.0261219 0.0833058 0.0522438 5.14418e-05
7 0.48562 0.490958 0.0310744 0.103148 5.16107e-05
3 0.210083 0.697254 0.420165 0.605492 5.16136e-05
6 0.717355 0.993302 0.046281 0.0133958 5.17282e-05
5 0.899669 0.258875 0.181488 0.292699 5.17491e-05
5 0.436529 0.03215 0.222479 0.0643001 5.18303e-05
6 0.507438 0.561621 0.0165289 0.0703282 5.219e-05
6 0.280826 0.670797 0.0261157 0.0542532 5.22965e-05
6 0.419669 0.699263 0.018843 0.0616209 5.26001e-05
6 0.295702 0.648694 0.151736 0.209645 5.26475e-05
7 0.541818 0.491962 0.00991736 0.090422 5.27151e-05
6 0.994545 0.281648 0.0109091 0.118553 5.28082e-05
6 0.443636 0.574012 0.0138843 0.0415271 5.29897e-05
9 0.0319008 0.997991 0.0545455 0.00401875 5.32154e-05
6 0.990579 0.33925 0.0161983 0.253851 5.3342e-05
6 0.368926 0.992297 0.046281 0.0154052 5.36069e-05
6 0.617025 0.693905 0.0757025 0.104488 5.37921e-05
6 0.555207 0.562626 0.0102479 0.0361688 5.41888e-05
9 0.480165 0.986269 0.0499174 0.0274615 5.46461e-05
6 0.990083 0.332887 0.0138843 0.124581 5.46762e-05
6 0.70876 0.640321 0.0436364 0.0803751 5.50028e-05
9 0.649422 0.994642 0.0413223 0.0107167 5.50462e-05
9 0.583967 0.984595 0.061157 0.0308104 5.5559e-05
6 0.62281 0.592096 0.132893 0.100469 5.55723e-05
6 0.0077686 0.144675 0.0102479 0.121902 5.63902e-05
6 0.38595 0.594106 0.0413223 0.0468855 5.66037e-05
9 0.630083 0.973208 0.0495868 0.0535834 5.66269e-05
6 0.915537 0.0144005 0.0604959 0.0288011 5.7239e-05
9 0.408595 0.988614 0.0535537 0.0227729 5.76654e-05
6 0.799174 0.0264568 0.0373554 0.0529136 5.81241e-05
6 0.99405 0.342934 0.0119008 0.123242 5.81731e-05
6 0.519669 0.586403 0.0145455 0.0421969 5.8263e-05
6 0.988926 0.334561 0.0221488 0.176155 5.83844e-05
6 0.941653 0.0150703 0.0598347 0.0301407 5.84617e-05
6 0.644793 0.983925 0.0373554 0.03215 5.85222e-05
6 0.338182 0.601139 0.0363636 0.0502344 5.85361e-05
6 0.383141 0.0197589 0.071405 0.0395177 5.86696e-05
6 0.662645 0.656062 0.0327273 0.0328198 5.91927e-05
7 0.25405 0.362693 0.018843 0.264568 5.9359e-05
6 0.692893 0.655727 0.0178512 0.0294709 5.95459e-05
6 0.543636 0.554588 0.0261157 0.0442063 5.95552e-05
6 0.572893 0.58004 0.350413 0.195579 5.97646e-05
6 0.657025 0.980576 0.0287603 0.0308104 5.9973e-05
5 0.713884 0.907904 0.446612 0.184193 6.01466e-05
6 0.0464463 0.0214334 0.0829752 0.0428667 6.0263e-05
6 0.294545 0.982585 0.042314 0.0348292 6.07321e-05
7 0.454711 0.495981 0.0102479 0.119893 6.09609e-05
6 0.406942 0.00334896 0.0290909 0.00669792 6.10353e-05
7 0.528099 0.475218 0.0254545 0.165439 6.10427e-05
6 0.617851 0.984595 0.0396694 0.0308104 6.1463e-05
5 0.866116 0.101474 0.134876 0.156062 6.1481e-05
9 0.447603 0.973208 0.0581818 0.0535834 6.16944e-05
7 0.499504 0.704622 0.0271074 0.0951105 6.18501e-05
6 0.98562 0.278299 0.0287603 0.19491 6.21679e-05
6 0.687107 0.646685 0.048595 0.0609511 6.23932e-05
9 0.613719 0.992297 0.04 0.0154052 6.24425e-05
6 0.54595 0.548895 0.0128926 0.0448761 6.25852e-05
6 0.30562 0.710315 0.0347107 0.0448761 6.26012e-05
9 0.521488 0.973543 0.0631405 0.0529136 6.34477e-05
6 0.344959 0.695244 0.0208264 0.0442063 6.41959e-05
7 0.44595 0.507703 0.0105785 0.0857334 6.42512e-05
6 0.282314 0.989953 0.0561983 0.0200938 6.43726e-05
5 0.714215 0.341594 0.57157 0.683188 6.47056e-05
5 0.348099 0.230074 0.171901 0.154722 6.47183e-05
6 0.676364 0.016075 0.0528926 0.03215 6.49065e-05
6 0.440496 0.967515 0.0591736 0.0448761 6.49425e-05
6 0.667934 0.983925 0.0406612 0.03215 6.5047e-05
6 0.480992 0.586738 0.046281 0.0790355 6.57002e-05
5 0.249917 0.894508 0.499835 0.210985 6.6069e-05
5 0.290248 0.155727 0.580496 0.311453 6.64002e-05
6 0.414545 0.644675 0.0191736 0.0368386 6.68163e-05
6 0.358512 0.67783 0.0208264 0.0361688 6.72554e-05
6 0.225289 0.00569323 0.0247934 0.0113865 6.76956e-05
6 0.00446281 0.203617 0.00892562 0.125921 6.84111e-05
6 0.89438 0.0127261 0.0545455 0.0254521 6.90619e-05
6 0.136364 0.0103818 0.0532231 0.0207636 6.94112e-05
6 0.658182 0.989618 0.0370248 0.0207636 7.04555e-05
6 0.295868 0.678835 0.0231405 0.0381782 7.09555e-05
6 0.40281 0.588078 0.0307438 0.0428667 7.1361e-05
6 0.499669 0.595111 0.0327273 0.0609511 7.13773e-05
7 0.564959 0.53081 0.0363636 0.0716678 7.19528e-05
6 0.292397 0.638647 0.102149 0.135968 7.19729e-05
6 0.418512 0.568654 0.0185124 0.0361688 7.24914e-05
6 0.340826 0.604153 0.0165289 0.0334896 7.33499e-05
6 0.498512 0.617214 0.0290909 0.0636303 7.3429e-05
4 0.0446281 0.812793 0.0766942 0.374414 7.40309e-05
7 0.386612 0.496986 0.123967 0.166109 7.4536e-05
5 0.835207 0.970529 0.329587 0.0589417 7.56672e-05
6 0.681157 0.609176 0.0161983 0.0314802 7.59307e-05
9 0.407438 0.992967 0.0499174 0.0140656 7.7091e-05
6 0.148926 0.3714 0.0552066 0.115874 7.71716e-05
7 0.469917 0.481246 0.0201653 0.156062 7.85151e-05
6 0.393058 0.641661 0.0198347 0.0334896 7.87483e-05
6 0.204298 0.0519089 0.0429752 0.0864032 7.88871e-05
6 0.535041 0.578031 0.0492562 0.124581 7.91559e-05
6 0.269587 0.0217683 0.0571901 0.0435365 7.94323e-05
6 0.404628 0.542532 0.0363636 0.0843938 7.98077e-05
5 0.820496 0.327194 0.359008 0.524447 7.98648e-05
6 0.801488 0.0207636 0.0571901 0.0415271 8.04827e-05
6 0.409421 0.695244 0.018843 0.054923 8.05929e-05
6 0.641983 0.647689 0.351736 0.271936 8.12622e-05
7 0.48314 0.713999 0.0261157 0.132619 8.16649e-05
6 0.33438 0.701942 0.0677686 0.111186 8.21374e-05
6 0.318182 0.707636 0.031405 0.0408573 8.34812e-05
6 0.796694 0.0103818 0.0350413 0.0207636 8.36203e-05
6 0.691736 0.991962 0.0505785 0.016075 8.45108e-05
6 0.303306 0.990623 0.0479339 0.0187542 8.4789e-05
6 0.620661 0.640991 0.17157 0.111186 8.49854e-05
6 0.0135537 0.0234427 0.0271074 0.0468855 8.66203e-05
5 0.264298 0.91929 0.407603 0.16142 8.66598e-05
6 0.489256 0.639317 0.34843 0.216343 8.76213e-05
6 0.452231 0.559277 0.0145455 0.0468855 8.79286e-05
7 0.466777 0.478232 0.0198347 0.0910918 8.80702e-05
6 0.392893 0.6929 0.0201653 0.051574 8.85162e-05
5 0.517355 0.0308104 0.201653 0.0616209 8.93314e-05
6 0.33124 0.991628 0.0469421 0.0167448 8.95238e-05
6 0.407934 0.0144005 0.0482645 0.0288011 9.12744e-05
6 0.30314 0.601474 0.0165289 0.0348292 9.24914e-05
7 0.46562 0.492297 0.00826446 0.0937709 9.26027e-05
6 0.575372 0.617214 0.0208264 0.0368386 9.28567e-05
7 0.488099 0.479571 0.0168595 0.166109 9.312e-05
6 0.68843 0.607502 0.0406612 0.0562626 9.37248e-05
5 0.486281 0.332217 0.0476033 0.159411 9.39675e-05
7 0.539835 0.480911 0.0204959 0.113865 9.4022e-05
6 0.419008 0.58138 0.0181818 0.03215 9.40772e-05
5 0.748099 0.895177 0.503802 0.209645 9.4622e-05
6 0.320331 0.644005 0.0218182 0.035499 9.49057e-05
6 0.6 0.586403 0.0204959 0.0341594 9.54085e-05
6 0.307107 0.688212 0.0277686 0.0421969 9.78512e-05
5 0.318843 0.96852 0.401653 0.0629605 9.80488e-05
9 0.603967 0.995311 0.0482645 0.00937709 0.000100635
6 0.64314 0.593101 0.0181818 0.0288011 0.000100855
6 0.989752 0.204956 0.0132231 0.132619 0.000101547
6 0.990909 0.0643001 0.0168595 0.1286 0.000103095
6 0.592066 0.654722 0.0442975 0.0689886 0.000103526
7 0.527603 0.494307 0.0396694 0.0977897 0.000103758
7 0.77124 0.373744 0.0271074 0.35365 0.000104257
3 0.838347 0.66276 0.270413 0.606162 0.000104282
5 0.524463 0.333557 0.0763636 0.208975 0.000105442
6 0.30562 0.669123 0.0234711 0.0401875 0.000105748
6 0.489421 0.589752 0.0287603 0.0569324 0.000106553
9 0.451736 0.985599 0.065124 0.0288011 0.000108081
6 0.647603 0.598125 0.0661157 0.0669792 0.000109709
6 0.0396694 0.342934 0.0680992 0.087073 0.000110192
6 0.456033 0.580375 0.0221488 0.0488948 0.000111091
6 0.569917 0.968855 0.0555372 0.0408573 0.000111332
6 0.00760331 0.151038 0.0132231 0.231078 0.000111693
9 0.633388 0.993972 0.0449587 0.0120563 0.000113928
6 0.558347 0.693235 0.0522314 0.0884126 0.00011396
6 0.159835 0.00937709 0.0419835 0.0187542 0.000114114
7 0.522149 0.478902 0.018843 0.119223 0.000114291
9 0.478843 0.976892 0.0565289 0.0462157 0.000114733
5 0.195868 0.958808 0.391736 0.0823845 0.000115783
6 0.510744 0.585733 0.0350413 0.051574 0.00011605
6 0.963471 0.0127261 0.0519008 0.0254521 0.000117454
5 0.292562 0.231413 0.372893 0.389149 0.000117893
6 0.296033 0.726725 0.018843 0.0468855 0.000118052
7 0.485455 0.474883 0.0175207 0.0897522 0.000118824
6 0.580331 0.592096 0.0433058 0.0723376 0.000118897
6 0.400496 0.578366 0.0161983 0.0341594 0.000119067
6 0.0497521 0.380777 0.0730579 0.0997991 0.000122161
6 0.631074 0.659745 0.0224793 0.0428667 0.000123103
6 0.44562 0.544876 0.0119008 0.0582719 0.000123351
9 0.463802 0.992297 0.046281 0.0154052 0.000123628
5 0.498347 0.990958 0.49157 0.0180844 0.000126183
6 0.439008 0.639317 0.0290909 0.0435365 0.000126339
5 0.18876 0.221031 0.377521 0.442063 0.000127354
6 0.305289 0.706966 0.0704132 0.090422 0.00012785
5 0.807107 0.95144 0.385785 0.0971199 0.000128018
6 0.293223 0.640656 0.0350413 0.0596115 0.000128878
9 0.552893 0.978232 0.0604959 0.0435365 0.000130436
6 0.0416529 0.353315 0.0833058 0.208305 0.000131615
6 0.331405 0.66142 0.0730579 0.0917616 0.0001317
6 0.42 0.567984 0.434711 0.191561 0.000132851
6 0.987438 0.0314802 0.025124 0.0629605 0.00013602
6 0.50876 0.612525 0.0171901 0.0663094 0.000138034
7 0.479669 0.742465 0.0509091 0.115874 0.000138059
6 0.287769 0.667113 0.0221488 0.0375084 0.000140852
9 0.453058 0.994307 0.0538843 0.0113865 0.000142392
5 0.282149 0.381782 0.098843 0.278634 0.000142447
6 0.706612 0.606497 0.0340496 0.0596115 0.000143628
6 0.643471 0.991962 0.0452893 0.016075 0.000143931
6 0.420496 0.617883 0.0191736 0.0395177 0.000144533
6 0.993223 0.0247823 0.0135537 0.0495646 0.00014526
2 0.361488 0.473878 0.255537 0.190891 0.000145925
6 0.00528926 0.0900871 0.0105785 0.113195 0.0001461
7 0.579669 0.53081 0.0135537 0.074347 0.000148752
6 0.380992 0.5499 0.0585124 0.0776959 0.000150725
6 0.219504 0.0110516 0.0449587 0.0221031 0.000150899
5 0.690413 0.345613 0.133223 0.283992 0.000155271
6 0.990579 0.0164099 0.0128926 0.0328198 0.000156373
6 0.587934 0.658406 0.018843 0.048225 0.000157223
6 0.502149 0.536504 0.0707438 0.104488 0.000158883
6 0.695702 0.607167 0.018843 0.0314802 0.000160592
6 0.622645 0.599799 0.052562 0.0542532 0.000162445
9 0.553223 0.992297 0.0466116 0.0154052 0.000169544
6 0.382645 0.573677 0.0320661 0.0368386 0.000171908
6 0.340826 0.262893 0.0495868 0.0663094 0.000172265
7 0.749752 0.383791 0.0390083 0.325519 0.000172673
6 0.66562 0.991962 0.048595 0.016075 0.000173124
5 0.170579 0.927662 0.341157 0.144675 0.00017333
6 0.705289 0.607502 0.0181818 0.0361688 0.00017371
6 0.390909 0.671802 0.0254545 0.0401875 0.000174296
4 0.501322 0.839585 0.785124 0.265908 0.000175211
6 0.994711 0.217013 0.0105785 0.133958 0.000175227
5 0.713058 0.179504 0.306116 0.286671 0.000175427
6 0.323967 0.600134 0.0191736 0.0308104 0.000176407
6 0.990413 0.0371735 0.0092562 0.074347 0.000176424
7 0.761983 0.377428 0.0204959 0.375754 0.000176861
6 0.466612 0.636303 0.0300826 0.0509042 0.000176867
9 0.524463 0.987274 0.0618182 0.0254521 0.000177266
6 0.342314 0.261889 0.0380165 0.038848 0.000179625
5 0.350248 0.346952 0.350744 0.325519 0.000181658
6 0.433058 0.669457 0.0185124 0.0448761 0.000182893
6 0.532893 0.588413 0.0330578 0.0582719 0.000183046
6 0.533554 0.626926 0.0509091 0.0562626 0.000183452
6 0.00446281 0.157066 0.00892562 0.119893 0.000188258
6 0.466116 0.682853 0.0310744 0.0730074 0.000199634
7 0.507934 0.480241 0.0201653 0.121902 0.000200451
6 0.441983 0.671467 0.0330578 0.0609511 0.000200612
6 0.990248 0.148694 0.0128926 0.133958 0.000204796
6 0.643802 0.616879 0.0234711 0.0348292 0.000205813
6 0.643636 0.651373 0.0522314 0.0529136 0.000205892
6 0.323306 0.607837 0.0476033 0.0716678 0.000210174
6 0.433719 0.594106 0.0350413 0.0522438 0.000211065
6 0.617686 0.620898 0.0221488 0.0334896 0.000218417
6 0.633884 0.64635 0.0241322 0.0334896 0.000218872
6 0.34876 0.601808 0.0191736 0.0301407 0.000219456
6 0.990579 0.155392 0.0161983 0.262559 0.000224359
9 0.507107 0.978902 0.0522314 0.0421969 0.000232417
9 0.571405 0.995646 0.0538843 0.0087073 0.000234498
6 0.416364 0.648359 0.0459504 0.0696584 0.000238954
6 0.992893 0.109176 0.0142149 0.147354 0.000240603
9 0.48314 0.994307 0.0538843 0.0113865 0.000249423
6 0.412562 0.58138 0.0383471 0.0696584 0.000250058
5 0.528926 0.0793704 0.364959 0.126591 0.000251411
6 0.561818 0.573677 0.018843 0.035499 0.000251688
9 0.558678 0.98493 0.0641322 0.0301407 0.000259531
6 0.618512 0.649699 0.0621488 0.0468855 0.000261429
6 0.324298 0.607167 0.0317355 0.0462157 0.000262134
9 0.542479 0.994977 0.0555372 0.0100469 0.000262597
3 0.340992 0.654722 0.441983 0.485599 0.000275469
7 0.460992 0.492632 0.00892562 0.0984595 0.000277361
6 0.491901 0.684528 0.0383471 0.0924313 0.000281717
6 0.392893 0.580375 0.0618182 0.0609511 0.000285599
6 0.280331 0.690891 0.0945455 0.156062 0.000287671
6 0.363636 0.600804 0.0191736 0.0308104 0.000290755
6 0.479339 0.643001 0.0555372 0.109846 0.000294882
5 0.49719 0.96919 0.62281 0.0616209 0.000295791
9 0.499504 0.987944 0.0595041 0.0241125 0.000296333
9 0.493388 0.992632 0.0419835 0.0147354 0.000299655
6 0.377521 0.602143 0.0218182 0.0375084 0.000305565
5 0.169752 0.970864 0.339504 0.0582719 0.000312589
6 0.291736 0.716678 0.0254545 0.0375084 0.000316652
6 0.366281 0.654052 0.0813223 0.0689886 0.000329058
6 0.994876 0.16075 0.0102479 0.137977 0.000332219
5 0.506942 0.0468855 0.453223 0.0937709 0.000338583
7 0.559174 0.535499 0.0109091 0.0542532 0.000338745
7 0.495372 0.477227 0.0208264 0.115874 0.00034103
6 0.407769 0.638982 0.156364 0.109846 0.0003444
6 0.53438 0.642666 0.0677686 0.114534 0.000345236
6 0.361653 0.667783 0.0290909 0.038848 0.000347181
6 0.429256 0.654387 0.0155372 0.0415271 0.000347373
6 0.353223 0.651373 0.195372 0.114534 0.000350755
6 0.332397 0.601808 0.0181818 0.0328198 0.000359
6 0.72843 0.70931 0.0512397 0.109846 0.000359322
4 0.521818 0.716678 0.404959 0.215673 0.00037608
6 0.383967 0.650703 0.0413223 0.0395177 0.000377948
7 0.530744 0.731078 0.0538843 0.0756865 0.000386561
6 0.389421 0.590757 0.166612 0.112525 0.000395975
6 0.569917 0.638647 0.0383471 0.0622907 0.00040142
6 0.395372 0.620898 0.0396694 0.0522438 0.000408946
7 0.501983 0.659076 0.0208264 0.0884126 0.000416521
6 0.616859 0.648694 0.0204959 0.0341594 0.000423521
6 0.42843 0.654387 0.0343802 0.054923 0.000425008
6 0.320826 0.664434 0.0413223 0.0723376 0.000439852
7 0.570579 0.535834 0.0132231 0.0629605 0.000453161
9 0.51157 0.994642 0.0499174 0.0107167 0.000457072
6 0.40843 0.664769 0.0228099 0.0435365 0.00047895
6 0.490909 0.634293 0.0343802 0.0576021 0.00049849
6 0.40314 0.603483 0.0214876 0.0401875 0.000514692
6 0.356364 0.604823 0.0416529 0.0415271 0.000522152
5 0.518182 0.956798 0.510744 0.0864032 0.000530897
6 0.598678 0.630944 0.0231405 0.0375084 0.000560798
6 0.339669 0.669792 0.027438 0.0415271 0.000572909
6 0.580992 0.586068 0.0254545 0.0442063 0.00057705
6 0.632397 0.62994 0.0218182 0.0341594 0.000584784
7 0.480992 0.697589 0.0932231 0.126591 0.000624372
6 0.581488 0.573342 0.0204959 0.0361688 0.000625423
6 0.511736 0.635298 0.0409917 0.0596115 0.000646714
6 0.587934 0.632619 0.018843 0.0381782 0.000653612
5 0.500165 0.293704 0.0568595 0.16008 0.000662682
6 0.324793 0.657736 0.0221488 0.0308104 0.000693871
7 0.501322 0.487944 0.0644628 0.114534 0.000746072
6 0.309421 0.712994 0.262479 0.252512 0.000748094
5 0.685785 0.327528 0.307107 0.334896 0.000766993
6 0.342314 0.657066 0.0228099 0.0375084 0.00077668
6 0.562314 0.560951 0.0132231 0.0381782 0.000834569
6 0.286612 0.695244 0.0271074 0.0442063 0.00084981
6 0.393719 0.658406 0.021157 0.0375084 0.000851265
5 0.514545 0.913262 0.660165 0.173476 0.000852582
6 0.366942 0.66008 0.0204959 0.0328198 0.000860887
6 0.350909 0.655057 0.0472727 0.0415271 0.000890172
6 0.524628 0.654722 0.0363636 0.0770261 0.000973272
6 0.596033 0.64635 0.025124 0.0415271 0.00102616
7 0.504297 0.729404 0.0585124 0.0843938 0.00105165
5 0.506446 0.280308 0.0945455 0.241795 0.00118192
6 0.506281 0.656062 0.0479339 0.0783657 0.00130383
7 0.512727 0.679839 0.0224793 0.0991293 0.00136074
6 0.571074 0.564635 0.018843 0.0415271 0.00151199
6 0.282314 0.707636 0.0416529 0.0756865 0.00151817
6 0.506942 0.698259 0.0624793 0.0850636 0.00157684
6 0.373884 0.664769 0.0284298 0.0395177 0.0016528
2 0.496859 0.46718 0.115702 0.13061 0.00182538
6 0.415868 0.661085 0.0191736 0.0428667 0.00197161
6 0.728099 0.713664 0.0380165 0.0649699 0.00248386
6 0.384298 0.587408 0.0228099 0.0308104 0.00266143
6 0.406116 0.641996 0.0287603 0.0435365 0.00275199
6 0.393223 0.594441 0.018843 0.0395177 0.00395216
6 0.282645 0.71132 0.0277686 0.048225 0.00415494
5 0.509256 0.135298 0.657521 0.270596 0.0086104
6 0.395041 0.582384 0.0165289 0.0314802 0.0658685
6 0.327934 0.669123 0.0317355 0.0375084 0.0777934
2 0.503306 0.535834 0.667438 0.363027 0.289212
4 0.506612 0.703617 0.639669 0.32351 0.582679
2 0.500165 0.465171 0.524959 0.19491 0.890473
5 0.501322 0.30643 0.551074 0.367716 0.909532
