4 0.95297 0.731363 0.0749175 0.29953 1.95023e-05
6 0.356601 0.0167898 0.0227723 0.0241773 1.95023e-05
6 0.722772 0.0933512 0.0435644 0.0349228 1.95551e-05
6 0.367162 0.0201478 0.0280528 0.0241773 1.96263e-05
6 0.647525 0.99362 0.0468647 0.0127602 1.9631e-05
6 0.773102 0.128274 0.0214521 0.044325 1.96389e-05
6 0.994224 0.439557 0.0115512 0.13499 1.9639e-05
6 0.355776 0.0930154 0.0270627 0.0275353 1.96426e-05
9 0.142409 0.00402955 0.0372937 0.0080591 1.96594e-05
6 0.203135 0.0943586 0.109241 0.104097 1.96688e-05
6 0.806931 0.140363 0.0244224 0.0483546 1.9673e-05
6 0.557096 0.00973808 0.0349835 0.0194762 1.96812e-05
4 0.0108911 0.768637 0.0217822 0.343183 1.97911e-05
6 0.728548 0.368032 0.0122112 0.0496978 1.97919e-05
6 0.308416 0.987576 0.0366337 0.0248489 1.9797e-05
6 0.367657 0.0275353 0.0389439 0.036266 1.98243e-05
6 0.683828 0.00134318 0.0409241 0.00268637 1.98245e-05
6 0.607426 0.133983 0.0359736 0.0557421 1.99035e-05
6 0.577228 0.246474 0.0158416 0.0349228 2.01623e-05
6 0.492409 0.962727 0.0363036 0.0745467 2.01742e-05
6 0.434488 0.469107 0.0247525 0.0517126 2.02011e-05
6 0.421452 0.639355 0.0224422 0.0550705 2.0227e-05
8 0.0112211 0.224312 0.0224422 0.284755 2.02408e-05
9 0.555116 0.992612 0.0448845 0.014775 2.03565e-05
6 0.164191 0.183345 0.0518152 0.0779046 2.04047e-05
6 0.542739 0.0634654 0.0656766 0.0611148 2.04296e-05
6 0.120462 0.19812 0.020462 0.044325 2.04441e-05
6 0.019637 0.281733 0.0392739 0.28677 2.04462e-05
9 0.360561 0.970114 0.0419142 0.0597717 2.04592e-05
6 0.112706 0.546004 0.0590759 0.224312 2.05127e-05
9 0.19571 0.969778 0.0343234 0.0604433 2.05151e-05
6 0.355776 0.0627938 0.0264026 0.0248489 2.05341e-05
6 0.656766 0.00268637 0.0310231 0.00537273 2.05969e-05
6 0.986634 0.228677 0.0221122 0.200806 2.06348e-05
6 0.116337 0.971457 0.039934 0.0517126 2.06359e-05
6 0.867657 0.440228 0.049505 0.246474 2.06886e-05
5 0.821122 0.909335 0.357756 0.18133 2.06908e-05
6 0.384323 0.0332438 0.039934 0.0664876 2.06941e-05
6 0.467492 0.298858 0.0353135 0.0470114 2.07182e-05
6 0.630693 0.986568 0.0415842 0.0268637 2.07272e-05
2 0.557921 0.393889 0.128383 0.175285 2.08079e-05
6 0.410066 0.128946 0.0214521 0.0859637 2.08821e-05
9 0.226073 0.994627 0.0435644 0.0107455 2.08917e-05
7 0.286799 0.0261921 0.0184818 0.0456682 2.09188e-05
6 0.265016 0.0268637 0.0132013 0.0389523 2.09419e-05
6 0.100165 0.0399597 0.0828383 0.0799194 2.09533e-05
6 0.590594 0.0678308 0.128383 0.0752183 2.09799e-05
6 0.928878 0.0735393 0.030033 0.0732035 2.0997e-05
6 0.146865 0.0560779 0.0468647 0.0436535 2.10367e-05
6 0.406601 0.104768 0.0277228 0.0389523 2.10548e-05
6 0.1967 0.149765 0.0580858 0.158496 2.11765e-05
6 0.129538 0.157824 0.0194719 0.036266 2.11783e-05
6 0.580198 0.0597717 0.0250825 0.0416387 2.12249e-05
6 0.592904 0.981531 0.039934 0.0369375 2.12608e-05
6 0.416172 0.121558 0.0178218 0.0282068 2.13095e-05
6 0.401485 0.601746 0.0168317 0.0376091 2.13183e-05
9 0.786139 0.994627 0.0930693 0.0107455 2.13262e-05
9 0.0836634 0.0537273 0.0174917 0.0322364 2.13417e-05
7 0.431188 0.422431 0.10264 0.149093 2.14204e-05
6 0.0726073 0.47448 0.0508251 0.0826058 2.14819e-05
6 0.592409 0.315984 0.0310231 0.0463398 2.14851e-05
6 0.383663 0.98724 0.0379538 0.0255205 2.14955e-05
6 0.930033 0.984553 0.0580858 0.0308932 2.14985e-05
9 0.433003 0.968771 0.0580858 0.062458 2.15207e-05
6 0.688944 0.293821 0.0432343 0.0691739 2.15404e-05
6 0.684819 0.0604433 0.0950495 0.0819342 2.15436e-05
9 0.195215 0.994627 0.0392739 0.0107455 2.15856e-05
9 0.958911 0.984889 0.0353135 0.0275353 2.15957e-05
6 0.744059 0.507052 0.0161716 0.0402955 2.16182e-05
6 0.777888 0.112492 0.0382838 0.032908 2.16241e-05
6 0.00957096 0.0366017 0.0191419 0.0732035 2.16515e-05
6 0.715182 0.619543 0.10033 0.120215 2.16558e-05
6 0.15462 0.447616 0.0326733 0.133647 2.16749e-05
6 0.506601 0.0258563 0.0138614 0.0369375 2.17647e-05
6 0.407591 0.0735393 0.0191419 0.0302216 2.18033e-05
6 0.514191 0.238415 0.0191419 0.138348 2.18262e-05
6 0.687789 0.273002 0.0864686 0.167226 2.1979e-05
6 0.628383 0.00134318 0.0323432 0.00268637 2.20115e-05
7 0.34538 0.392545 0.020132 0.0718603 2.20285e-05
6 0.989934 0.051041 0.020132 0.102082 2.20729e-05
6 0.994389 0.906985 0.0112211 0.186031 2.20927e-05
5 0.315842 0.258563 0.166337 0.201477 2.2093e-05
6 0.437624 0.610813 0.039604 0.0691739 2.20949e-05
9 0.059901 0.00335796 0.0372937 0.00671592 2.21012e-05
9 0.0564356 0.975823 0.049505 0.0349228 2.21281e-05
6 0.151485 0.962391 0.0290429 0.0550705 2.2132e-05
6 0.436964 0.125923 0.0541254 0.0758899 2.22126e-05
6 0.286634 0.388852 0.0267327 0.0470114 2.22226e-05
6 0.992739 0.208529 0.0145215 0.143049 2.22294e-05
6 0.362211 0.372398 0.0782178 0.0852921 2.22397e-05
6 0.313531 0.257891 0.0224422 0.126259 2.22431e-05
5 0.696535 0.856279 0.50396 0.278039 2.22477e-05
6 0.167822 0.954332 0.0353135 0.0913365 2.22667e-05
6 0.342904 0.0862995 0.0462046 0.118872 2.22877e-05
6 0.268152 0.480524 0.0425743 0.0543989 2.2335e-05
6 0.130363 0.0537273 0.0283828 0.0282068 2.23547e-05
6 0.268482 0.525185 0.0537954 0.0617864 2.23547e-05
6 0.413861 0.115178 0.110231 0.0946944 2.23799e-05
5 0.612376 0.0500336 0.338944 0.100067 2.24041e-05
6 0.407921 0.0779046 0.0323432 0.0456682 2.24412e-05
0 0.0112211 0.740094 0.0145215 0.369375 2.24424e-05
6 0.228218 0.961383 0.0267327 0.0557421 2.24565e-05
6 0.843069 0.938214 0.0438944 0.123573 2.24616e-05
6 0.366997 0.0621222 0.0211221 0.0248489 2.25497e-05
6 0.895545 0.471457 0.0630363 0.282068 2.25586e-05
6 0.327558 0.0104097 0.0458746 0.0208193 2.26609e-05
6 0.335149 0.959033 0.0359736 0.0819342 2.26646e-05
6 0.420792 0.979852 0.0448845 0.0402955 2.26768e-05
6 0.579868 0.258227 0.030363 0.0463398 2.27021e-05
6 0.145215 0.0520484 0.0290429 0.0275353 2.27062e-05
6 0.859241 0.958026 0.0293729 0.0584285 2.2716e-05
6 0.592574 0.976158 0.0755776 0.047683 2.2716e-05
6 0.0841584 0.0627938 0.0356436 0.0423103 2.27427e-05
6 0.486139 0.581598 0.0217822 0.0752183 2.27672e-05
6 0.760891 0.516454 0.0353135 0.0644728 2.28381e-05
6 0.379538 0.638348 0.0237624 0.0517126 2.28805e-05
6 0.642904 0.603761 0.0336634 0.0537273 2.29148e-05
6 0.939439 0.132304 0.0346535 0.051041 2.29209e-05
6 0.705611 0.990934 0.0567657 0.018133 2.30366e-05
6 0.75231 0.484553 0.0174917 0.0517126 2.30518e-05
6 0.242904 0.925789 0.0330033 0.0517126 2.31488e-05
6 0.343894 0.979852 0.0442244 0.0402955 2.31707e-05
6 0.0691419 0.470786 0.0689769 0.205507 2.33964e-05
5 0.523102 0.260242 0.0646865 0.179315 2.34862e-05
7 0.594059 0.429147 0.0910891 0.153123 2.3487e-05
6 0.721617 0.100403 0.0623762 0.0745467 2.35404e-05
6 0.0833333 0.330759 0.0392739 0.133647 2.35419e-05
6 0.427558 0.12223 0.0207921 0.0282068 2.36405e-05
6 0.15033 0.0332438 0.0834984 0.0463398 2.36426e-05
6 0.197195 0.811283 0.115182 0.186702 2.36573e-05
6 0.680693 0.990262 0.0531353 0.0194762 2.37036e-05
6 0.427063 0.611484 0.0877888 0.0920081 2.37039e-05
9 0.382838 0.58227 0.069967 0.0819342 2.37576e-05
8 0.00429043 0.014775 0.00858086 0.02955 2.38334e-05
6 0.64505 0.981195 0.0379538 0.0376091 2.38672e-05
6 0.580198 0.0587643 0.0145215 0.0275353 2.3914e-05
6 0.419307 0.111484 0.0221122 0.0765615 2.39354e-05
6 0.736799 0.562458 0.0564356 0.0826058 2.39781e-05
6 0.378383 0.119543 0.0181518 0.02955 2.39822e-05
4 0.674587 0.653794 0.322112 0.306917 2.40373e-05
2 0.818152 0.435863 0.116172 0.267293 2.40884e-05
6 0.0409241 0.141034 0.0587459 0.0671592 2.41214e-05
6 0.132178 0.233714 0.0247525 0.0416387 2.41535e-05
5 0.249505 0.192075 0.193399 0.179987 2.41547e-05
6 0.478383 0.961719 0.0366337 0.0765615 2.41616e-05
6 0.34571 0.0795836 0.0419142 0.032908 2.41682e-05
7 0.735148 0.242445 0.0207921 0.107455 2.41974e-05
6 0.290099 0.562794 0.0356436 0.0537273 2.42888e-05
9 0.0945545 0.991605 0.189109 0.0167898 2.42934e-05
6 0.393069 0.106783 0.0283828 0.0389523 2.42991e-05
6 0.405611 0.098724 0.0178218 0.0268637 2.43076e-05
6 0.429043 0.129617 0.0336634 0.0470114 2.43429e-05
9 0.539604 0.97045 0.0561056 0.0591001 2.43692e-05
6 0.354455 0.579248 0.0455446 0.0490262 2.44184e-05
6 0.759076 0.550369 0.10363 0.148422 2.45142e-05
6 0.110891 0.469107 0.0534653 0.179315 2.45363e-05
6 0.630693 0.976494 0.030363 0.0376091 2.46005e-05
3 0.331353 0.475487 0.662706 0.950974 2.46481e-05
5 0.685644 0.262928 0.177888 0.202149 2.46626e-05
5 0.64769 0.990934 0.371287 0.018133 2.46915e-05
6 0.0729373 0.101746 0.0508251 0.0584285 2.46955e-05
6 0.290264 0.0184688 0.0293729 0.0369375 2.46985e-05
6 0.577888 0.963062 0.0349835 0.0738751 2.47951e-05
6 0.392079 0.0997314 0.0184818 0.0302216 2.48456e-05
6 0.116172 0.911686 0.090429 0.137676 2.48895e-05
6 0.305281 0.442915 0.0211221 0.047683 2.49222e-05
6 0.363201 0.0815984 0.0346535 0.0315648 2.49778e-05
6 0.844554 0.952317 0.0257426 0.0604433 2.51826e-05
6 0.602805 0.965077 0.0438944 0.0698455 2.52246e-05
6 0.382673 0.342176 0.0214521 0.0490262 2.52291e-05
6 0.188944 0.0211551 0.0735974 0.0423103 2.52423e-05
6 0.010231 0.0980524 0.020462 0.158496 2.52704e-05
6 0.128218 0.182001 0.0207921 0.0349228 2.54023e-05
6 0.0739274 0.156481 0.0864686 0.0886501 2.54468e-05
6 0.357261 0.0671592 0.0392739 0.0402955 2.55072e-05
6 0.686964 0.0214909 0.122442 0.0429819 2.55128e-05
6 0.509736 0.0241773 0.0234323 0.0483546 2.5522e-05
6 0.19538 0.959705 0.020462 0.0591001 2.55427e-05
6 0.380528 0.000335796 0.0310231 0.000671592 2.55692e-05
6 0.287459 0.374412 0.0171617 0.0463398 2.5673e-05
6 0.467987 0.138012 0.0963696 0.120215 2.56783e-05
6 0.974917 0.974815 0.0389439 0.0355944 2.56792e-05
5 0.243234 0.065816 0.145875 0.119543 2.5857e-05
6 0.479868 0.031229 0.029703 0.062458 2.59141e-05
6 0.737459 0.0540631 0.0280528 0.108126 2.59521e-05
6 0.725413 0.466756 0.0244224 0.036266 2.60165e-05
6 0.0981848 0.348556 0.0643564 0.175957 2.6027e-05
6 0.569307 0.981531 0.0376238 0.0369375 2.60569e-05
6 0.116832 0.176964 0.0231023 0.062458 2.62307e-05
6 0.938284 0.0997314 0.0310231 0.0705171 2.62347e-05
5 0.477063 0.240766 0.0927393 0.207522 2.62857e-05
6 0.432508 0.0611148 0.0584158 0.0617864 2.62873e-05
6 0.853795 0.931162 0.0825083 0.102754 2.62877e-05
6 0.281683 0.971122 0.0267327 0.0470114 2.62909e-05
9 0.0919142 0.987911 0.0584158 0.0241773 2.63239e-05
6 0.44604 0.140363 0.020132 0.095366 2.63359e-05
6 0.413861 0.108462 0.0561056 0.0745467 2.63532e-05
8 0.00363036 0.270987 0.00726073 0.165883 2.64322e-05
6 0.367987 0.337811 0.0864686 0.12223 2.64426e-05
6 0.408911 0.128946 0.0290429 0.0429819 2.64644e-05
6 0.510891 0.586971 0.0270627 0.051041 2.65283e-05
6 0.751155 0.508731 0.0165017 0.0463398 2.67567e-05
6 0.142409 0.231699 0.0247525 0.036266 2.69012e-05
6 0.512541 0.0570853 0.0547855 0.0711887 2.70171e-05
9 0.121452 0.00369375 0.0382838 0.00738751 2.71044e-05
6 0.494389 0.0631296 0.0257426 0.0577569 2.71425e-05
6 0.496535 0.975151 0.0320132 0.044325 2.71584e-05
8 0.00231023 0.0664876 0.00462046 0.132975 2.72934e-05
4 0.979703 0.744795 0.0405941 0.393553 2.73518e-05
6 0.179208 0.00940228 0.0521452 0.0188046 2.73562e-05
5 0.776568 0.995299 0.277228 0.00940228 2.73763e-05
6 0.280363 0.991269 0.0544554 0.0174614 2.74616e-05
6 0.296205 0.929483 0.0689769 0.1182 2.75211e-05
6 0.660231 0.319342 0.0214521 0.0355944 2.75544e-05
7 0.45462 0.408328 0.0188119 0.0846206 2.75803e-05
6 0.520132 0.00369375 0.0217822 0.00738751 2.75945e-05
6 0.54571 0.98086 0.0419142 0.0382807 2.76442e-05
9 0.29934 0.994963 0.0805281 0.0100739 2.76574e-05
6 0.665016 0.29315 0.0607261 0.0758899 2.76683e-05
3 0.132508 0.653794 0.265016 0.692411 2.77704e-05
9 0.331683 0.535594 0.029703 0.0423103 2.77712e-05
6 0.359901 0.642377 0.0379538 0.0584285 2.79122e-05
6 0.306436 0.96004 0.0425743 0.0799194 2.79632e-05
5 0.313531 0.158496 0.155776 0.18133 2.79918e-05
6 0.756271 0.936535 0.0452145 0.0463398 2.81741e-05
6 0.749175 0.920416 0.0422442 0.0584285 2.83395e-05
6 0.090429 0.974815 0.0547855 0.0503694 2.84516e-05
6 0.90066 0.0584285 0.0165017 0.0470114 2.84734e-05
6 0.709901 0.562458 0.0554455 0.077233 2.85789e-05
6 0.558581 0.953996 0.059736 0.0920081 2.8586e-05
6 0.195215 0.165212 0.0392739 0.0496978 2.86977e-05
9 0.107096 0.00369375 0.0333333 0.00738751 2.87077e-05
5 0.879373 0.974479 0.241254 0.051041 2.8713e-05
6 0.0424092 0.166219 0.0564356 0.0597717 2.88179e-05
7 0.378548 0.362324 0.0363036 0.0785762 2.88252e-05
6 0.759076 0.434184 0.0587459 0.117529 2.8854e-05
7 0.528218 0.37542 0.0128713 0.126259 2.89069e-05
6 0.987129 0.975823 0.0165017 0.0483546 2.89101e-05
6 0.383663 0.976158 0.030033 0.0409671 2.89467e-05
6 0.666832 0.336132 0.0544554 0.0691739 2.90596e-05
6 0.367987 0.330423 0.118152 0.200134 2.90621e-05
6 0.818152 0.1454 0.0330033 0.0570853 2.90874e-05
6 0.763201 0.482539 0.0326733 0.0584285 2.91078e-05
6 0.390594 0.609134 0.0366337 0.0591001 2.91713e-05
6 0.417162 0.581598 0.0184818 0.0335796 2.92139e-05
6 0.0745875 0.149765 0.0257426 0.0376091 2.92207e-05
6 0.69571 0.948287 0.0580858 0.0671592 2.92455e-05
6 0.149175 0.931498 0.0693069 0.124916 2.92981e-05
6 0.535149 0.61585 0.0425743 0.0738751 2.93305e-05
6 0.517657 0.962055 0.0392739 0.0758899 2.93325e-05
6 0.575743 0.0214909 0.0326733 0.0429819 2.93568e-05
6 0.579868 0.0114171 0.0165017 0.0228341 2.94482e-05
6 0.210726 0.0151108 0.0610561 0.0302216 2.94651e-05
5 0.347195 0.211216 0.694389 0.422431 2.95288e-05
6 0.407756 0.12223 0.0181518 0.02955 2.96493e-05
6 0.0775578 0.17495 0.0211221 0.0409671 2.97204e-05
5 0.710396 0.941572 0.253135 0.0873069 2.97803e-05
6 0.525908 0.587643 0.0273927 0.0483546 2.97922e-05
6 0.487624 0.00335796 0.0122112 0.00671592 2.97965e-05
6 0.378878 0.110477 0.0244224 0.0758899 2.98134e-05
6 0.432013 0.45769 0.0125413 0.0463398 2.98452e-05
6 0.437789 0.461383 0.0135314 0.0470114 2.99118e-05
6 0.727888 0.48724 0.0287129 0.0382807 3.01398e-05
6 0.789274 0.128946 0.0386139 0.0537273 3.01537e-05
6 0.4967 0.58227 0.0270627 0.0711887 3.03329e-05
9 0.0242574 0.954668 0.0485149 0.0906649 3.04024e-05
9 0.917822 0.959705 0.0514851 0.080591 3.04445e-05
6 0.566502 0.656145 0.0306931 0.0564137 3.05027e-05
6 0.493729 0.0587643 0.0151815 0.032908 3.0849e-05
4 0.0143564 0.771323 0.0287129 0.439893 3.10108e-05
6 0.238284 0.0157824 0.0455446 0.0315648 3.1033e-05
5 0.0731023 0.0799194 0.146205 0.095366 3.1063e-05
6 0.0552805 0.150101 0.0273927 0.0369375 3.11676e-05
6 0.521947 0.0120886 0.0339934 0.0241773 3.11828e-05
6 0.00858086 0.16454 0.0105611 0.103425 3.11868e-05
6 0.856766 0.0779046 0.069967 0.051041 3.11895e-05
6 0.475908 0.470114 0.0118812 0.036266 3.12902e-05
6 0.283663 0.051041 0.0623762 0.102082 3.13916e-05
6 0.444554 0.136333 0.0125413 0.02955 3.14197e-05
6 0.986304 0.944929 0.0207921 0.0993956 3.15663e-05
7 0.291419 0.0107455 0.020462 0.0214909 3.15796e-05
7 0.50033 0.383815 0.0158416 0.0718603 3.15988e-05
9 0.346865 0.991605 0.0409241 0.0167898 3.16619e-05
6 0.0838284 0.186702 0.0376238 0.0537273 3.17142e-05
0 0.00957096 0.844862 0.0125413 0.310275 3.17371e-05
6 0.606601 0.97683 0.0356436 0.0423103 3.18202e-05
5 0.80297 0.0322364 0.186139 0.0644728 3.1833e-05
6 0.640429 0.6454 0.0333333 0.0711887 3.18351e-05
6 0.507756 0.0077233 0.0181518 0.0154466 3.18907e-05
6 0.359571 0.0903291 0.0485149 0.0570853 3.18992e-05
7 0.39868 0.399597 0.0118812 0.0738751 3.19222e-05
9 0.375908 0.991941 0.0409241 0.0161182 3.19482e-05
6 0.275082 0.578912 0.080198 0.116857 3.20408e-05
6 0.629208 0.0127602 0.0452145 0.0255205 3.22729e-05
9 0.538614 0.992948 0.0435644 0.0141034 3.23214e-05
6 0.828218 0.941907 0.0372937 0.116185 3.23626e-05
9 0.543399 0.985225 0.0709571 0.02955 3.24533e-05
6 0.556931 0.627267 0.0194719 0.0470114 3.24791e-05
6 0.582343 0.975487 0.0306931 0.0490262 3.25026e-05
9 0.45264 0.986568 0.0669967 0.0268637 3.2507e-05
6 0.509241 0.0157824 0.030363 0.0315648 3.25278e-05
6 0.991419 0.152787 0.0171617 0.254533 3.25605e-05
9 0.870297 0.00402955 0.0567657 0.0080591 3.26076e-05
6 0.309571 0.583613 0.0270627 0.0537273 3.26115e-05
6 0.656601 0.0124244 0.0465347 0.0248489 3.26618e-05
6 0.799835 0.956011 0.0366337 0.0879785 3.26982e-05
6 0.969307 0.956011 0.0429043 0.0651444 3.27256e-05
9 0.570957 0.971793 0.049505 0.0564137 3.27918e-05
6 0.916172 0.973808 0.060066 0.0523841 3.28096e-05
6 0.510561 0.0194762 0.0112211 0.0282068 3.283e-05
6 0.332343 0.965749 0.0264026 0.0523841 3.28478e-05
6 0.258086 0.483546 0.167657 0.302216 3.30341e-05
6 0.30165 0.486568 0.0257426 0.0463398 3.30655e-05
6 0.581023 0.672263 0.0564356 0.100739 3.31474e-05
6 0.318482 0.978509 0.0442244 0.0429819 3.31502e-05
5 0.648845 0.866689 0.345215 0.161854 3.31724e-05
4 0.439604 0.611484 0.388119 0.25722 3.31768e-05
6 0.243564 0.941236 0.0462046 0.0597717 3.32467e-05
6 0.418152 0.106783 0.0171617 0.02955 3.32792e-05
2 0.816172 0.941572 0.367657 0.116857 3.33544e-05
6 0.155611 0.0083949 0.0504951 0.0167898 3.33964e-05
6 0.418152 0.990262 0.0514851 0.0194762 3.34532e-05
6 0.255281 0.503022 0.105941 0.173271 3.3609e-05
6 0.244059 0.944594 0.0445545 0.110813 3.36379e-05
6 0.830198 0.955003 0.0214521 0.0604433 3.37168e-05
6 0.572772 0.51914 0.0353135 0.0644728 3.37209e-05
6 0.468977 0.579584 0.0165017 0.0429819 3.37234e-05
6 0.099835 0.0278711 0.0716172 0.0449966 3.38372e-05
6 0.00858086 0.0520484 0.00924092 0.0879785 3.3838e-05
6 0.865512 0.0399597 0.0815182 0.0799194 3.3887e-05
7 0.436139 0.43687 0.0155116 0.0705171 3.39885e-05
6 0.479043 0.580927 0.0174917 0.0483546 3.39946e-05
7 0.427888 0.386837 0.0669967 0.126259 3.44896e-05
9 0.476733 0.98321 0.0471947 0.0282068 3.45525e-05
6 0.644554 0.0614506 0.0686469 0.0638012 3.45764e-05
6 0.440924 0.971122 0.0580858 0.0550705 3.45865e-05
6 0.470132 0.0621222 0.112541 0.0906649 3.46441e-05
5 0.490429 0.133647 0.190099 0.1773 3.47039e-05
9 0.536304 0.979181 0.120792 0.0416387 3.47557e-05
5 0.258086 0.990598 0.19934 0.0188046 3.47682e-05
6 0.89769 0.0782404 0.0270627 0.0517126 3.47773e-05
6 0.516172 0.577233 0.020462 0.0449966 3.49521e-05
9 0.407426 0.990598 0.049835 0.0188046 3.50552e-05
6 0.509241 0.975823 0.0330033 0.044325 3.52607e-05
6 0.503135 0.295836 0.0128713 0.0355944 3.53272e-05
6 0.386304 0.00369375 0.0326733 0.00738751 3.53631e-05
6 0.939604 0.115178 0.10363 0.10544 3.5611e-05
6 0.991749 0.0439893 0.0165017 0.0879785 3.5627e-05
6 0.160231 0.0496978 0.090099 0.0993956 3.57878e-05
6 0.782178 0.1454 0.0917492 0.120215 3.59103e-05
5 0.692574 0.188717 0.235974 0.200134 3.59136e-05
7 0.523102 0.375756 0.0151815 0.155138 3.61724e-05
6 0.763696 0.478509 0.0759076 0.0960376 3.62103e-05
6 0.308086 0.970786 0.030033 0.0409671 3.62938e-05
6 0.397195 0.979852 0.0438944 0.0402955 3.63244e-05
5 0.238119 0.098724 0.216832 0.174614 3.64668e-05
5 0.134488 0.976494 0.268977 0.0470114 3.64823e-05
6 0.838614 0.961048 0.0508251 0.051041 3.6576e-05
6 0.681518 0.0137676 0.0574257 0.0275353 3.66359e-05
6 0.538284 0.554399 0.0191419 0.0396239 3.66767e-05
2 0.654455 0.386501 0.167657 0.157824 3.69075e-05
9 0.107921 0.0513768 0.0138614 0.0288784 3.69471e-05
9 0.493399 0.971457 0.0541254 0.0570853 3.72161e-05
6 0.837459 0.90732 0.0656766 0.0993956 3.72649e-05
6 0.611386 0.0621222 0.0617162 0.0597717 3.73027e-05
9 0.352475 0.995635 0.0745875 0.00873069 3.74096e-05
5 0.342079 0.944258 0.647855 0.111484 3.74633e-05
9 0.0686469 0.13499 0.0673267 0.0604433 3.77139e-05
6 0.707261 0.560779 0.128053 0.175957 3.77493e-05
6 0.0749175 0.209201 0.0323432 0.0718603 3.79485e-05
3 0.734818 0.550034 0.530363 0.899933 3.79953e-05
6 0.520792 0.981195 0.0422442 0.0376091 3.80949e-05
6 0.610396 0 0.0273927 0 3.8142e-05
6 0.503795 0.290463 0.0260726 0.0436535 3.81503e-05
6 0.618152 0.982203 0.0422442 0.0355944 3.82199e-05
6 0.109736 0.158496 0.0174917 0.036266 3.82247e-05
6 0.0948845 0.0604433 0.0287129 0.0335796 3.82334e-05
6 0.616832 0.660846 0.0514851 0.080591 3.82754e-05
5 0.653135 0.137676 0.40396 0.197448 3.83017e-05
6 0.166997 0.960376 0.0250825 0.0564137 3.85193e-05
6 0.826238 0.933848 0.0551155 0.083949 3.85957e-05
6 0.407921 0.636333 0.0217822 0.0570853 3.86772e-05
9 0.203135 0.998657 0.0768977 0.00268637 3.87259e-05
6 0.465017 0.959033 0.0356436 0.0819342 3.87902e-05
6 0.0574257 0.180994 0.0415842 0.0745467 3.88021e-05
6 0.136799 0.467764 0.0478548 0.215581 3.88028e-05
9 0.117657 0.994627 0.0861386 0.0107455 3.88312e-05
6 0.357096 0.0654802 0.0772277 0.0664876 3.89004e-05
5 0.213531 0.123573 0.427063 0.247146 3.90222e-05
6 0.694719 0.935191 0.0831683 0.129617 3.90258e-05
6 0.362706 0.00705171 0.0409241 0.0141034 3.9047e-05
6 0.695875 0.498321 0.0353135 0.044325 3.90836e-05
7 0.411386 0.467764 0.0240924 0.0557421 3.90912e-05
6 0.680858 0.96004 0.0455446 0.0543989 3.90964e-05
6 0.795215 0.964741 0.0379538 0.0409671 3.9103e-05
9 0.0226073 0.98321 0.0452145 0.0335796 3.92561e-05
9 0.325743 0.997649 0.0772277 0.00470114 3.93211e-05
9 0.0559406 0.0104097 0.0485149 0.0208193 3.93221e-05
6 0.993564 0.101746 0.0128713 0.13499 3.9334e-05
6 0.389274 0.596709 0.0168317 0.0409671 3.93451e-05
7 0.429868 0.418402 0.0148515 0.116857 3.94752e-05
6 0.328878 0.988583 0.0557756 0.0228341 3.9561e-05
6 0.493234 0.00604432 0.0115512 0.0120886 3.96526e-05
5 0.108911 0.0611148 0.217822 0.12223 3.96619e-05
6 0.439439 0.558764 0.0168317 0.02955 3.9696e-05
6 0.630033 0.6454 0.0264026 0.0537273 3.97769e-05
6 0.408086 0.957354 0.0518152 0.0852921 3.99998e-05
6 0.729043 0.446273 0.0924092 0.182001 4.01816e-05
6 0.935644 0.137005 0.0646865 0.0711887 4.0223e-05
6 0.734818 0.923774 0.0584158 0.0866353 4.03197e-05
6 0.468977 0.133311 0.0435644 0.0920081 4.03368e-05
6 0.359241 0.0248489 0.0359736 0.0496978 4.03605e-05
6 0.342904 0.601075 0.210561 0.214909 4.04058e-05
5 0.354125 0.113835 0.221122 0.173942 4.06322e-05
5 0.870132 0.0423103 0.259736 0.0846206 4.06373e-05
9 0.0846535 0.00302216 0.0353135 0.00604432 4.06623e-05
6 0.377063 0.10544 0.0194719 0.0268637 4.0673e-05
6 0.956271 0.136333 0.0438944 0.0604433 4.07692e-05
6 0.183333 0.951981 0.0379538 0.0960376 4.08428e-05
6 0.437459 0.585964 0.0155116 0.0369375 4.09265e-05
6 0.742904 0.919745 0.0567657 0.16051 4.09566e-05
5 0.164356 0.0711887 0.328713 0.142377 4.09692e-05
6 0.738119 0.0171256 0.0287129 0.0342512 4.10063e-05
6 0.989439 0.145735 0.0145215 0.112827 4.11032e-05
6 0.643564 0.0681666 0.139934 0.083949 4.13301e-05
6 0.882013 0.186702 0.0485149 0.0752183 4.17688e-05
9 0.571122 0.986568 0.0570957 0.0268637 4.17808e-05
6 0.589604 0.00235057 0.0234323 0.00470114 4.19247e-05
5 0.580693 0.0298858 0.179208 0.0597717 4.23032e-05
5 0.288614 0.808596 0.39571 0.261921 4.25121e-05
6 0.354125 0.476494 0.0211221 0.0543989 4.26598e-05
6 0.642574 0.990262 0.0475248 0.0194762 4.26659e-05
6 0.170132 0.149429 0.0524752 0.0597717 4.26731e-05
7 0.588779 0.417058 0.0237624 0.108798 4.27453e-05
6 0.241914 0.967092 0.0455446 0.051041 4.28812e-05
6 0.860231 0.204164 0.133003 0.158496 4.29463e-05
6 0.469472 0.973472 0.0320132 0.0503694 4.29749e-05
6 0.109571 0.1773 0.0191419 0.036266 4.30261e-05
6 0.00610561 0.156481 0.0122112 0.0967092 4.32312e-05
6 0.0656766 0.159503 0.0607261 0.0517126 4.32629e-05
9 0.581023 0.992612 0.0432343 0.014775 4.33179e-05
7 0.678878 0.393217 0.0217822 0.0691739 4.3347e-05
6 0.0427393 0.465749 0.0854785 0.34184 4.34747e-05
6 0.394554 0.988919 0.0524752 0.0221625 4.36159e-05
9 0.943399 0.0292142 0.0372937 0.0584285 4.36634e-05
6 0.273267 0.570853 0.120132 0.21088 4.36684e-05
9 0.506271 0.991605 0.0455446 0.0167898 4.38275e-05
5 0.825248 0.275017 0.349505 0.550034 4.45317e-05
9 0.896535 0.0282068 0.0471947 0.0564137 4.45325e-05
6 0.661056 0.0426461 0.108251 0.0852921 4.48946e-05
6 0.988614 0.910343 0.0194719 0.179315 4.49036e-05
6 0.195215 0.146743 0.059736 0.0705171 4.49803e-05
8 0.00759076 0.294829 0.0151815 0.197448 4.5113e-05
6 0.819472 0.39456 0.0706271 0.116185 4.51427e-05
9 0.0787129 0.107455 0.0188119 0.0322364 4.52672e-05
6 0.442739 0.588986 0.127063 0.0859637 4.52908e-05
5 0.745049 0.0251847 0.136964 0.0503694 4.53656e-05
6 0.490924 0.0080591 0.0188119 0.0161182 4.54815e-05
6 0.470132 0.0520484 0.0511551 0.0678308 4.55966e-05
6 0.00808581 0.0221625 0.00825083 0.044325 4.55995e-05
7 0.469142 0.423439 0.0188119 0.0705171 4.56431e-05
6 0.368317 0.103761 0.0217822 0.0248489 4.56696e-05
6 0.994719 0.160175 0.0105611 0.10544 4.60217e-05
6 0.994224 0.959705 0.0115512 0.080591 4.60656e-05
5 0.541089 0.979516 0.423432 0.0409671 4.61305e-05
6 0.570792 0.514775 0.0267327 0.0369375 4.61339e-05
6 0.29868 0.526528 0.039604 0.0470114 4.61377e-05
7 0.649175 0.418737 0.030363 0.077233 4.61945e-05
6 0.363036 0.960376 0.0389439 0.0792478 4.66597e-05
9 0.0892739 0.13499 0.0168317 0.0308932 4.67918e-05
9 0.919142 0.992277 0.0508251 0.0154466 4.69998e-05
5 0.850495 0.990934 0.29901 0.018133 4.70842e-05
6 0.00660066 0.0167898 0.0132013 0.0335796 4.71145e-05
6 0.413531 0.0752183 0.108251 0.080591 4.73267e-05
6 0.557756 0.97045 0.0567657 0.0456682 4.73912e-05
6 0.544389 0.585292 0.0240924 0.0436535 4.75622e-05
6 0.00891089 0.0083949 0.0132013 0.0167898 4.77241e-05
6 0.117162 0.158496 0.0165017 0.0335796 4.7785e-05
5 0.319472 0.912693 0.423762 0.138348 4.78317e-05
6 0.615677 0.989926 0.049835 0.0201478 4.79649e-05
9 0.972277 0.950974 0.0429043 0.0980524 4.79926e-05
9 0.492904 0.992612 0.0419142 0.014775 4.81335e-05
6 0.322772 0.600067 0.106931 0.108126 4.82755e-05
6 0.370627 0.108126 0.0330033 0.0402955 4.84567e-05
7 0.859901 0.288784 0.0537954 0.306246 4.85843e-05
9 0.0889439 0.961383 0.0458746 0.077233 4.88772e-05
6 0.177228 0.908664 0.0554455 0.182673 4.89359e-05
6 0.663366 0.32908 0.0336634 0.0416387 4.91359e-05
9 0.95396 0.0157824 0.039934 0.0315648 4.91439e-05
6 0.572442 0.457354 0.0148515 0.0523841 4.91947e-05
6 0.414191 0.0705171 0.0574257 0.0591001 4.9278e-05
7 0.266172 0.00973808 0.0135314 0.0194762 4.93341e-05
9 0.105116 0.0083949 0.0465347 0.0167898 4.93986e-05
6 0.010066 0.0537273 0.020132 0.107455 4.94374e-05
9 0.167162 0.996306 0.218812 0.00738751 4.94983e-05
9 0.9 0.0171256 0.0217822 0.0342512 4.98024e-05
6 0.386799 0.0661518 0.0719472 0.0638012 4.98048e-05
6 0.30066 0.465077 0.020462 0.0436535 4.99816e-05
5 0.872442 0.032908 0.135644 0.065816 5.00043e-05
6 0.566667 0.526528 0.0244224 0.0268637 5.04177e-05
8 0.00643564 0.318334 0.0128713 0.397582 5.06418e-05
5 0.309406 0.0957018 0.478218 0.191404 5.10197e-05
8 0.00231023 0.116857 0.00462046 0.158496 5.12844e-05
6 0.962871 0.153459 0.0485149 0.120215 5.13714e-05
6 0.815512 0.949295 0.0369637 0.10141 5.13993e-05
6 0.468647 0.474144 0.0118812 0.0322364 5.14518e-05
6 0.958911 0.367025 0.080198 0.327065 5.15761e-05
6 0.492574 0.577569 0.0174917 0.0483546 5.19051e-05
6 0.666337 0.0191404 0.0640264 0.0382807 5.21327e-05
6 0.744389 0.0241773 0.0590759 0.0483546 5.21817e-05
6 0.613696 0.642042 0.0240924 0.0523841 5.22222e-05
6 0.982838 0.0275353 0.0343234 0.0550705 5.22762e-05
5 0.833333 0.0862995 0.193399 0.110813 5.23358e-05
9 0.921782 0.989255 0.0541254 0.0214909 5.3024e-05
6 0.0273927 0.0339154 0.0547855 0.0678308 5.31534e-05
6 0.306766 0.989255 0.0531353 0.0214909 5.37603e-05
5 0.177723 0.306246 0.355446 0.612492 5.41911e-05
6 0.94802 0.0654802 0.0524752 0.0946944 5.44793e-05
5 0.35429 0.0248489 0.147525 0.0496978 5.44908e-05
6 0.744224 0.487576 0.0171617 0.0389523 5.47734e-05
6 0.279703 0.958026 0.0524752 0.0664876 5.48045e-05
7 0.368812 0.398925 0.0247525 0.106111 5.51524e-05
5 0.526568 0.0201478 0.161386 0.0402955 5.52047e-05
6 0.741749 0.952653 0.0518152 0.0651444 5.58596e-05
6 0.924587 0.0268637 0.10198 0.0537273 5.58963e-05
6 0.716832 0.447952 0.0310231 0.0429819 5.59056e-05
6 0.278053 0.591672 0.0227723 0.0604433 5.62148e-05
7 0.383333 0.391874 0.116502 0.172599 5.62664e-05
6 0.627063 0.596038 0.0448845 0.0543989 5.65205e-05
6 0.993234 0.984218 0.0135314 0.0315648 5.65531e-05
6 0.590099 0.634318 0.0224422 0.0517126 5.66576e-05
9 0.603135 0.991605 0.0438944 0.0167898 5.67517e-05
7 0.464851 0.429147 0.0392739 0.0738751 5.68617e-05
6 0.544885 0.467428 0.0184818 0.0564137 5.70276e-05
6 0.980693 0.973808 0.0386139 0.0523841 5.72058e-05
6 0.482343 0.0144392 0.0306931 0.0288784 5.73901e-05
6 0.910231 0.0930154 0.0138614 0.0611148 5.74959e-05
6 0.368812 0.989255 0.049835 0.0214909 5.77346e-05
6 0.579703 0.0248489 0.0821782 0.0496978 5.78096e-05
6 0.347855 0.00235057 0.0283828 0.00470114 5.78685e-05
7 0.44934 0.456682 0.020132 0.0429819 5.79779e-05
6 0.541419 0.461719 0.0108911 0.0369375 5.84386e-05
9 0.0407591 0.00537273 0.0735974 0.0107455 5.89152e-05
9 0.0450495 0.0520484 0.090099 0.104097 5.90704e-05
6 0.480693 0.00604432 0.0174917 0.0120886 5.94269e-05
9 0.542409 0.994627 0.0551155 0.0107455 5.94375e-05
5 0.742904 0.931833 0.514191 0.136333 5.96694e-05
7 0.517822 0.390866 0.0191419 0.107455 5.98592e-05
6 0.321452 0.0228341 0.0666667 0.0456682 6.00025e-05
6 0.175908 0.926796 0.0627063 0.0967092 6.00302e-05
6 0.456106 0.553056 0.0184818 0.0342512 6.04295e-05
5 0.366172 0.213566 0.166667 0.253862 6.07245e-05
5 0.710561 0.973472 0.316832 0.0530557 6.07732e-05
9 0.933993 0.0083949 0.0270627 0.0167898 6.09321e-05
6 0.159736 0.443251 0.0481848 0.232371 6.14762e-05
9 0.45165 0.993956 0.0491749 0.0120886 6.19067e-05
6 0.727228 0.376427 0.0504951 0.0946944 6.1994e-05
9 0.130528 0.0077233 0.0485149 0.0154466 6.22048e-05
9 0.0808581 0.00940228 0.0448845 0.0188046 6.22772e-05
9 0.572772 0.994627 0.0471947 0.0107455 6.23665e-05
6 0.182673 0.957354 0.0260726 0.0584285 6.24105e-05
5 0.359901 0.984889 0.505941 0.0302216 6.29497e-05
6 0.940429 0.196105 0.105281 0.161182 6.30009e-05
6 0.647525 0.604433 0.210561 0.194762 6.30396e-05
6 0.373432 0.965413 0.0359736 0.0503694 6.31311e-05
6 0.922112 0.0570853 0.0917492 0.0644728 6.31727e-05
0 0.987624 0.787441 0.0194719 0.425118 6.32198e-05
6 0.487789 0.615514 0.0356436 0.0893217 6.32224e-05
6 0.701485 0.490934 0.0181518 0.0402955 6.35137e-05
6 0.910231 0.0577569 0.0158416 0.0577569 6.35423e-05
6 0.49967 0.0251847 0.0574257 0.0503694 6.37221e-05
9 0.480198 0.987576 0.0640264 0.0248489 6.39196e-05
9 0.173597 0.999328 0.0759076 0.00134318 6.39308e-05
5 0.386634 0.218267 0.358086 0.218939 6.42133e-05
6 0.811551 0.96407 0.0422442 0.0463398 6.45947e-05
6 0.415512 0.566823 0.0171617 0.02955 6.51759e-05
9 0.105281 0.0154466 0.0811881 0.0308932 6.52217e-05
6 0.989109 0.0832774 0.020462 0.143721 6.57944e-05
6 0.117822 0.177972 0.0178218 0.0322364 6.59085e-05
6 0.664026 0.589322 0.116172 0.122901 6.59994e-05
6 0.295875 0.977166 0.0511551 0.0456682 6.63382e-05
6 0.676568 0.321692 0.0336634 0.0349228 6.65718e-05
9 0.0907591 0.991605 0.0455446 0.0167898 6.66104e-05
8 0.931023 0.0332438 0.0349835 0.0543989 6.6765e-05
7 0.577888 0.466756 0.00924092 0.0496978 6.68831e-05
5 0.355611 0.949966 0.391089 0.100067 6.6986e-05
6 0.852145 0.00268637 0.039604 0.00537273 6.74672e-05
6 0.99538 0.0319006 0.00924092 0.0638012 6.752e-05
9 0.464356 0.973136 0.0481848 0.0537273 6.75951e-05
6 0.488284 0.0416387 0.0122112 0.0402955 6.76175e-05
3 0.833003 0.558764 0.294389 0.787105 6.78397e-05
6 0.727723 0.458697 0.0514851 0.0685024 6.80901e-05
6 0.55396 0.557757 0.0207921 0.0342512 6.82168e-05
6 0.566997 0.613163 0.0930693 0.0685024 6.85843e-05
9 0.917987 0.02955 0.0366337 0.0591001 6.91121e-05
6 0.6467 0.608462 0.0656766 0.0846206 6.9291e-05
5 0.771617 0.0557421 0.170297 0.106111 6.93338e-05
6 0.676403 0.931833 0.0933993 0.102754 6.99222e-05
6 0.29967 0.426796 0.0336634 0.0785762 7.02737e-05
6 0.993729 0.013096 0.0125413 0.0261921 7.05869e-05
6 0.40495 0.969443 0.049505 0.0490262 7.0665e-05
6 0.29835 0.963734 0.0323432 0.0604433 7.12885e-05
9 0.944554 0.0080591 0.0283828 0.0161182 7.15986e-05
7 0.65462 0.440564 0.020132 0.0577569 7.17644e-05
6 0.989769 0.0201478 0.0184818 0.0402955 7.17803e-05
6 0.662376 0.567831 0.029703 0.0543989 7.21518e-05
5 0.742574 0.144728 0.514852 0.289456 7.24753e-05
7 0.573927 0.414372 0.0231023 0.0980524 7.36418e-05
9 0.0765677 0.133983 0.0257426 0.0584285 7.36498e-05
6 0.169472 0.178643 0.191089 0.189389 7.37202e-05
9 0.909241 0.0245131 0.0270627 0.0423103 7.41433e-05
6 0.351485 0.555742 0.0422442 0.0463398 7.44326e-05
6 0.616502 0.0134318 0.108251 0.0268637 7.44798e-05
9 0.974257 0.984889 0.0422442 0.0302216 7.48854e-05
5 0.346205 0.080591 0.166337 0.102082 7.51991e-05
6 0.408086 0.589993 0.0590759 0.0611148 7.53451e-05
5 0.817822 0.0785762 0.29571 0.157152 7.58858e-05
6 0.178878 0.166555 0.0693069 0.217596 7.58864e-05
6 0.34703 0.00940228 0.0438944 0.0188046 7.6165e-05
9 0.511881 0.994291 0.0547855 0.0114171 7.63691e-05
3 0.190594 0.557421 0.263036 0.77636 7.63913e-05
6 0.35462 0.0211551 0.0782178 0.0423103 7.64759e-05
7 0.453135 0.433848 0.029703 0.0711887 7.79624e-05
6 0.310396 0.454332 0.0174917 0.0423103 7.84169e-05
5 0.138614 0.0708529 0.208581 0.112156 7.90828e-05
6 0.0734323 0.182001 0.0419142 0.128946 8.03597e-05
6 0.359406 0.968771 0.0316832 0.0490262 8.11819e-05
6 0.492244 0.0392881 0.0194719 0.0785762 8.18402e-05
5 0.479538 0.89456 0.845545 0.21088 8.20799e-05
6 0.447525 0.574547 0.0184818 0.0369375 8.20934e-05
6 0.3467 0.968435 0.0293729 0.0496978 8.32396e-05
5 0.811221 0.950638 0.330033 0.098724 8.36099e-05
6 0.823597 0.391874 0.0709571 0.239758 8.39566e-05
9 0.464026 0.991605 0.0376238 0.0167898 8.40647e-05
7 0.329043 0.433177 0.0217822 0.044325 8.42443e-05
6 0.00676568 0.0802552 0.0135314 0.10544 8.42578e-05
5 0.651815 0.937542 0.417822 0.124916 8.50968e-05
5 0.262376 0.0366017 0.129373 0.0732035 8.56031e-05
6 0.168482 0.0251847 0.123102 0.0503694 8.64553e-05
6 0.560726 0.613835 0.0184818 0.0402955 8.68665e-05
9 0.151485 0.0171256 0.0884488 0.0342512 8.7028e-05
5 0.791419 0.974144 0.417162 0.0517126 8.75741e-05
6 0.923432 0.128274 0.0257426 0.0604433 8.76653e-05
6 0.0160066 0.0201478 0.0320132 0.0402955 8.78329e-05
6 0.682508 0.52955 0.0356436 0.0436535 8.80557e-05
9 0.029868 0.992948 0.0478548 0.0141034 8.80734e-05
6 0.504125 0.576897 0.0188119 0.0456682 8.84255e-05
6 0.357921 0.00268637 0.0267327 0.00537273 8.90517e-05
7 0.600165 0.456011 0.0155116 0.0617864 8.96809e-05
6 0.0462046 0.135997 0.0838284 0.117529 9.07629e-05
5 0.690594 0.0580927 0.176568 0.108126 9.11189e-05
6 0.337294 0.564809 0.0613861 0.115514 9.16734e-05
7 0.519142 0.393889 0.00924092 0.132304 9.28988e-05
6 0.0448845 0.192747 0.0712871 0.154466 9.41327e-05
6 0.564851 0.56548 0.0168317 0.0308932 9.42455e-05
6 0.881353 0.193754 0.070297 0.122901 9.42497e-05
6 0.474918 0.019812 0.0607261 0.0396239 9.42904e-05
6 0.393399 0.0251847 0.0864686 0.0503694 9.51191e-05
5 0.609901 0.216924 0.262706 0.220282 9.68237e-05
5 0.171617 0.966756 0.343234 0.0664876 9.76716e-05
5 0.270627 0.947616 0.109571 0.065816 9.76875e-05
8 0.0029703 0.176964 0.00594059 0.157824 9.86991e-05
6 0.00792079 0.146743 0.0158416 0.165883 9.88232e-05
6 0.509571 0.620215 0.0356436 0.083949 9.8957e-05
7 0.483333 0.427468 0.0306931 0.0758899 9.90376e-05
9 0.0737624 0.018133 0.080198 0.036266 9.93896e-05
6 0.299505 0.56313 0.079538 0.151108 0.000100657
6 0.527723 0.018133 0.0580858 0.036266 0.000100689
5 0.783168 0.108798 0.174257 0.142377 0.000101222
6 0.563366 0.612492 0.040264 0.0685024 0.000101228
7 0.667822 0.44728 0.0663366 0.135662 0.000102089
9 0.908251 0.00638012 0.030363 0.0127602 0.000102455
5 0.143564 0.926125 0.287129 0.14775 0.000102499
2 0.484818 0.393553 0.219142 0.182673 0.00010279
7 0.670132 0.447616 0.0214521 0.0570853 0.000105106
6 0.834653 0.165547 0.147195 0.148422 0.00010546
9 0.89736 0.00369375 0.0363036 0.00738751 0.000105624
9 0.864026 0.0141034 0.0660066 0.0282068 0.000105881
6 0.186304 0.148758 0.1 0.10544 0.000106066
7 0.343894 0.43049 0.019802 0.0523841 0.000107254
6 0.413531 0.494963 0.030363 0.0496978 0.000107473
6 0.366832 0.00134318 0.0326733 0.00268637 0.00010828
3 0.216832 0.510074 0.433663 0.853593 0.000108653
7 0.338944 0.435863 0.110231 0.143721 0.000108751
5 0.224092 0.88818 0.448185 0.22364 0.000110333
9 0.919142 0.0083949 0.029703 0.0167898 0.000111015
4 0.74703 0.734721 0.505941 0.455339 0.000111113
5 0.893894 0.0177972 0.134323 0.0355944 0.000111142
6 0.735479 0.508059 0.136964 0.266622 0.000111166
6 0.29835 0.0319006 0.0792079 0.0638012 0.000111673
6 0.706271 0.530557 0.0554455 0.0765615 0.000111769
6 0.696535 0.269644 0.0155116 0.0517126 0.00011207
6 0.682673 0.542982 0.0227723 0.0423103 0.000112529
5 0.84736 0.0211551 0.154785 0.0423103 0.000113041
7 0.30198 0.560779 0.0257426 0.0564137 0.000113291
6 0.344059 0.475823 0.0168317 0.0409671 0.000113353
6 0.423762 0.599731 0.0211221 0.0376091 0.000114462
6 0.00907591 0.121222 0.0108911 0.0920081 0.000114677
6 0.663366 0.968771 0.0587459 0.0557421 0.000115086
7 0.331848 0.396575 0.0485149 0.100067 0.000115111
6 0.579703 0.00268637 0.0214521 0.00537273 0.000115137
4 0.288614 0.768637 0.577228 0.425118 0.000117821
6 0.413201 0.0114171 0.0442244 0.0228341 0.000117923
6 0.178713 0.168905 0.0564356 0.0852921 0.000118565
5 0.264521 0.236064 0.517162 0.333781 0.000119194
5 0.474257 0.0342512 0.229703 0.0685024 0.000119435
9 0.931188 0.0144392 0.0333333 0.0288784 0.000121065
6 0.566007 0.0161182 0.0607261 0.0322364 0.000122582
6 0.577558 0.00873069 0.0323432 0.0174614 0.000124784
6 0.313366 0.550369 0.0280528 0.0557421 0.000127349
6 0.664851 0.592008 0.0524752 0.0678308 0.000129747
5 0.289109 0.077233 0.139934 0.142377 0.00013122
9 0.481683 0.99362 0.0485149 0.0127602 0.000131424
5 0.774422 0.195769 0.451155 0.320349 0.000131589
6 0.737954 0.505373 0.049505 0.0517126 0.000134339
6 0.440594 0.0117529 0.0455446 0.0235057 0.000134548
9 0.347525 0.519812 0.0277228 0.0470114 0.000135638
6 0.916007 0.0738751 0.0234323 0.0617864 0.000135882
6 0.581848 0.527535 0.029703 0.0342512 0.00013627
6 0.00478548 0.132304 0.00957096 0.0886501 0.000136706
5 0.185644 0.961383 0.371287 0.077233 0.000136707
6 0.30132 0.451981 0.0356436 0.0550705 0.000141835
6 0.659736 0.480524 0.0290429 0.0517126 0.000142485
6 0.439274 0.0258563 0.079868 0.0517126 0.000143849
6 0.734818 0.506716 0.10264 0.117529 0.000144602
7 0.443234 0.42176 0.0508251 0.104768 0.000145701
6 0.720627 0.914372 0.0980198 0.171256 0.000145912
7 0.688119 0.396575 0.0455446 0.0866353 0.00014669
6 0.489439 0.02955 0.0191419 0.0550705 0.000149917
8 0.00561056 0.192747 0.0112211 0.372062 0.000150557
6 0.296205 0.590329 0.0372937 0.065816 0.000150581
6 0.468152 0.490934 0.020132 0.036266 0.000151235
8 0.934983 0.019812 0.106271 0.0396239 0.000152301
6 0.0731023 0.178643 0.0333333 0.0591001 0.000152515
6 0.30165 0.547347 0.0389439 0.0577569 0.000153729
8 0.00627063 0.201477 0.0125413 0.18133 0.000155559
6 0.739109 0.475487 0.0584158 0.0752183 0.000156607
5 0.474092 0.967764 0.449175 0.0644728 0.000157132
7 0.69538 0.408328 0.0270627 0.0711887 0.000157727
5 0.105116 0.0275353 0.154125 0.0550705 0.00015902
7 0.272442 0.0473472 0.0188119 0.0946944 0.000161976
6 0.386139 0.0107455 0.0508251 0.0214909 0.000163628
6 0.693399 0.962727 0.0937294 0.0745467 0.000164022
7 0.315677 0.20685 0.0181518 0.110141 0.000165456
7 0.550825 0.413029 0.0442244 0.0993956 0.000168079
2 0.328383 0.491605 0.318812 0.228341 0.000169882
6 0.484653 0.475151 0.0168317 0.0382807 0.000170977
6 0.827063 0.161182 0.0468647 0.0671592 0.000171503
6 0.60264 0.634318 0.0224422 0.0557421 0.000172183
7 0.611881 0.421088 0.0125413 0.0913365 0.000172813
5 0.667492 0.0946944 0.232013 0.143721 0.000173379
5 0.512871 0.916051 0.512871 0.167898 0.00017974
6 0.613861 0.0117529 0.0534653 0.0235057 0.000180441
5 0.195215 0.150772 0.390429 0.301545 0.000180467
7 0.493399 0.41135 0.029703 0.136333 0.000181202
6 0.390264 0.581934 0.0214521 0.0382807 0.00018184
2 0.506436 0.368032 0.0643564 0.106111 0.000183715
6 0.573762 0.484553 0.0155116 0.0396239 0.000185439
6 0.583663 0.0114171 0.0511551 0.0228341 0.000186774
6 0.582838 0.567159 0.019802 0.032908 0.000186806
9 0.0341584 0.973808 0.0366337 0.0483546 0.000189938
5 0.726238 0.103761 0.506601 0.207522 0.000190946
6 0.527723 0.551377 0.020462 0.044325 0.000193541
6 0.337789 0.561786 0.039934 0.062458 0.000193811
5 0.85132 0.0638012 0.127063 0.0940228 0.000195914
9 0.893069 0.0114171 0.0429043 0.0228341 0.000196895
6 0.264191 0.0366017 0.0511551 0.0732035 0.000197082
7 0.50198 0.656481 0.089769 0.195433 0.000197268
5 0.0546205 0.0308932 0.109241 0.0617864 0.000198509
9 0.0392739 0.985225 0.0462046 0.02955 0.000199432
9 0.04967 0.0221625 0.0815182 0.044325 0.000201227
6 0.919142 0.0591001 0.040264 0.0779046 0.000201337
6 0.926898 0.148422 0.0386139 0.0617864 0.000204387
9 0.915677 0.0144392 0.0333333 0.0288784 0.0002065
6 0.501815 0.484553 0.0181518 0.0355944 0.000211755
7 0.660726 0.407656 0.0310231 0.0873069 0.000214511
6 0.563201 0.583613 0.0188119 0.0429819 0.000220816
5 0.50165 0.0967092 0.418482 0.193418 0.00022344
6 0.310066 0.446944 0.0432343 0.10141 0.000226255
6 0.489934 0.0271995 0.00825083 0.0275353 0.000226361
7 0.554785 0.430826 0.0145215 0.0758899 0.00022654
6 0.585314 0.606111 0.0287129 0.0315648 0.000233578
9 0.040429 0.979181 0.0808581 0.0416387 0.000236126
9 0.0777228 0.136333 0.0214521 0.0308932 0.000237587
6 0.569967 0.624244 0.0184818 0.0449966 0.000238752
6 0.591089 0.568167 0.0158416 0.0308932 0.000239186
6 0.55165 0.460712 0.0161716 0.0456682 0.000246578
7 0.661551 0.438885 0.0227723 0.0691739 0.00024766
9 0.0356436 0.944594 0.0521452 0.110813 0.000248382
7 0.270627 0.0738751 0.0283828 0.14775 0.000252288
6 0.323267 0.270316 0.0168317 0.0543989 0.000254981
6 0.414191 0.526192 0.0211221 0.0355944 0.000262213
7 0.411551 0.435191 0.0244224 0.0967092 0.000265258
6 0.364191 0.0107455 0.049835 0.0214909 0.000267091
6 0.578878 0.488247 0.0125413 0.0402955 0.000268792
6 0.722277 0.956347 0.10396 0.0873069 0.000279318
6 0.513036 0.47448 0.0108911 0.0449966 0.000284971
6 0.515347 0.554063 0.0247525 0.0429819 0.000286223
7 0.317492 0.206514 0.0145215 0.231699 0.000299699
5 0.175908 0.12458 0.250165 0.137676 0.000304578
7 0.272442 0.0157824 0.0161716 0.0315648 0.000309002
6 0.470792 0.554399 0.0181518 0.0396239 0.000309306
6 0.578713 0.459704 0.0188119 0.0530557 0.000309513
5 0.508581 0.981531 0.467987 0.0369375 0.000310465
2 0.590099 0.416723 0.29571 0.152451 0.000311108
3 0.890429 0.5591 0.219142 0.8818 0.000321337
3 0.640594 0.547683 0.40198 0.308261 0.000330709
6 0.44901 0.540295 0.0221122 0.0315648 0.000333269
6 0.370627 0.59268 0.0356436 0.0570853 0.000335865
7 0.577888 0.436535 0.0138614 0.0846206 0.000338462
6 0.267327 0.927132 0.0567657 0.145735 0.000362794
6 0.925413 0.102754 0.0376238 0.0685024 0.000364888
7 0.672772 0.448287 0.0359736 0.0866353 0.000366695
7 0.317327 0.235057 0.0128713 0.102082 0.000368267
6 0.440429 0.542982 0.0353135 0.0517126 0.000375705
6 0.576073 0.625923 0.0161716 0.0402955 0.000385442
6 0.607591 0.576897 0.0224422 0.0349228 0.000404115
5 0.168152 0.0369375 0.19637 0.0738751 0.000405747
6 0.438944 0.49597 0.168977 0.062458 0.000407724
7 0.381353 0.394224 0.0260726 0.0832774 0.000408113
6 0.316502 0.267965 0.0211221 0.0644728 0.000419769
6 0.497855 0.544325 0.0254125 0.0396239 0.000422892
7 0.681188 0.425118 0.019802 0.0591001 0.000433283
6 0.400165 0.544661 0.0504951 0.0564137 0.000439529
4 0.641584 0.418066 0.40264 0.296172 0.000440493
7 0.622937 0.40732 0.0181518 0.083949 0.000447919
6 0.378383 0.521491 0.0234323 0.0490262 0.000455498
7 0.662046 0.393553 0.0554455 0.0940228 0.000464597
6 0.265677 0.942915 0.050165 0.0765615 0.000466284
6 0.430033 0.521491 0.0184818 0.0288784 0.000473604
6 0.670627 0.56548 0.0231023 0.0429819 0.000479721
6 0.741254 0.482874 0.0363036 0.0456682 0.00048996
6 0.671287 0.542646 0.0290429 0.0402955 0.000492215
6 0.669637 0.326729 0.020462 0.0275353 0.000500425
6 0.50363 0.556414 0.0211221 0.0369375 0.000505587
7 0.50231 0.414036 0.0171617 0.0920081 0.000511367
6 0.430693 0.591336 0.0270627 0.0423103 0.000518464
7 0.395215 0.397246 0.0240924 0.113499 0.00052204
7 0.343069 0.442579 0.0551155 0.0967092 0.00052778
7 0.54934 0.412693 0.0122112 0.10141 0.000533897
6 0.857756 0.284083 0.0462046 0.124916 0.000534094
7 0.268647 0.0248489 0.020462 0.0496978 0.000536204
7 0.620132 0.41773 0.0607261 0.108798 0.000537287
6 0.825082 0.172935 0.0825083 0.10141 0.000542642
6 0.308746 0.477502 0.0320132 0.0617864 0.000548455
6 0.480858 0.553056 0.0178218 0.0396239 0.000551675
6 0.276403 0.02955 0.0326733 0.0591001 0.000552835
7 0.359406 0.413365 0.0231023 0.0893217 0.000555401
7 0.279373 0.0241773 0.0188119 0.0483546 0.000564914
5 0.506766 0.21961 0.060396 0.171927 0.00057583
6 0.544059 0.540967 0.0181518 0.0423103 0.000576648
6 0.311551 0.505709 0.029703 0.0496978 0.000584612
7 0.396205 0.418066 0.319802 0.169913 0.000584902
6 0.436139 0.537609 0.1 0.0584285 0.000586783
7 0.142409 0.315984 0.0491749 0.169913 0.000590286
6 0.580858 0.591672 0.0158416 0.0335796 0.000592362
6 0.493234 0.553056 0.0194719 0.0355944 0.000604562
7 0.628053 0.390866 0.030363 0.0832774 0.000607066
6 0.528383 0.540967 0.0349835 0.0597717 0.000613848
6 0.405446 0.591672 0.0326733 0.036266 0.000626339
3 0.112706 0.558764 0.225413 0.797851 0.000662295
7 0.685149 0.429147 0.0679868 0.095366 0.000679038
9 0.653135 0.506044 0.029703 0.0396239 0.000683218
2 0.390429 0.405977 0.419802 0.290799 0.000730661
6 0.59868 0.595366 0.0237624 0.0369375 0.000775997
6 0.578053 0.577905 0.137624 0.0799194 0.000784201
6 0.556766 0.544997 0.0178218 0.0396239 0.000812769
7 0.523597 0.410007 0.0775578 0.13499 0.000829748
6 0.598515 0.503358 0.0379538 0.0490262 0.000831481
6 0.531023 0.623237 0.0726073 0.107455 0.000868212
6 0.593069 0.60779 0.0224422 0.0429819 0.000885901
6 0.477393 0.616185 0.10198 0.132304 0.000889671
6 0.679868 0.47683 0.019802 0.0335796 0.000897207
3 0.332178 0.550034 0.509241 0.537273 0.000903586
5 0.505446 0.205507 0.125743 0.217596 0.000940337
6 0.513366 0.535259 0.276238 0.173271 0.000941703
6 0.575578 0.607119 0.0211221 0.0456682 0.000954666
6 0.542409 0.518805 0.0254125 0.0503694 0.000969328
6 0.615512 0.572196 0.0270627 0.0322364 0.00101576
6 0.386139 0.490262 0.0257426 0.0456682 0.00102835
7 0.378053 0.433512 0.0260726 0.0933512 0.00103056
6 0.524422 0.530893 0.0165017 0.0449966 0.00107352
7 0.534818 0.4137 0.0174917 0.134318 0.00108404
6 0.565181 0.53593 0.0379538 0.0483546 0.00110511
6 0.709406 0.47683 0.0240924 0.044325 0.00114144
3 0.687624 0.524849 0.529703 0.564809 0.00118209
6 0.522607 0.491269 0.393069 0.153794 0.00118857
6 0.489109 0.543653 0.0257426 0.0463398 0.001193
6 0.398515 0.576561 0.0287129 0.0382807 0.00119773
6 0.570132 0.575554 0.0313531 0.0389523 0.00120606
7 0.355281 0.39456 0.049835 0.0960376 0.00121616
6 0.582013 0.54869 0.206271 0.123573 0.00124969
7 0.591749 0.438549 0.0145215 0.0873069 0.00125391
8 0.15033 0.322028 0.049835 0.329752 0.00129909
6 0.462376 0.531901 0.0191419 0.0376091 0.00131673
6 0.547525 0.49597 0.0211221 0.0342512 0.00133945
6 0.575248 0.557757 0.020462 0.0355944 0.00134234
6 0.494389 0.500336 0.0151815 0.0282068 0.00135055
6 0.637624 0.478845 0.0290429 0.0483546 0.00142802
6 0.589604 0.553392 0.020132 0.036266 0.00152108
9 0.700495 0.462727 0.0412541 0.0349228 0.00158664
2 0.488119 0.402283 0.112871 0.128946 0.00164196
6 0.525743 0.471122 0.0145215 0.0799194 0.00164495
5 0.532838 0.159839 0.675578 0.319678 0.00177143
7 0.684983 0.408328 0.0254125 0.0685024 0.0017784
9 0.317987 0.51041 0.0544554 0.0698455 0.00181598
6 0.442904 0.506044 0.0165017 0.0409671 0.00203866
7 0.60198 0.47448 0.019802 0.0530557 0.00205935
6 0.598845 0.583613 0.0273927 0.0308932 0.00207038
6 0.376733 0.473136 0.0221122 0.0503694 0.00207204
6 0.696205 0.456011 0.0227723 0.0752183 0.00209172
7 0.366667 0.429483 0.0217822 0.0745467 0.00210562
7 0.635314 0.418066 0.0257426 0.0879785 0.0021151
6 0.559406 0.467092 0.0376238 0.0705171 0.00258101
7 0.340594 0.419409 0.0376238 0.0799194 0.00293055
6 0.471122 0.507052 0.116502 0.0523841 0.00311948
6 0.60297 0.504701 0.0884488 0.0718603 0.00313913
6 0.367162 0.512424 0.0353135 0.044325 0.00314297
6 0.533168 0.502015 0.177888 0.0732035 0.00333697
6 0.694389 0.431833 0.0290429 0.0537273 0.00357479
6 0.60495 0.606447 0.0178218 0.036266 0.00363748
6 0.400825 0.553392 0.0260726 0.0376091 0.00367693
6 0.49967 0.60779 0.0732673 0.0967092 0.00372366
7 0.60231 0.435191 0.0429043 0.0980524 0.00414707
6 0.430528 0.568502 0.0168317 0.0288784 0.00430135
3 0.534488 0.474815 0.672937 0.38415 0.00446809
6 0.627063 0.55675 0.0349835 0.0456682 0.00448258
7 0.521947 0.457354 0.0108911 0.0886501 0.00449664
7 0.321947 0.463062 0.0207921 0.0449966 0.00461996
6 0.470957 0.517461 0.184818 0.100067 0.00475607
6 0.413861 0.514775 0.0811881 0.0866353 0.00498941
9 0.34769 0.49362 0.0234323 0.0322364 0.00510296
6 0.519967 0.478173 0.0141914 0.0429819 0.00522231
6 0.609406 0.567159 0.0194719 0.0261921 0.00555683
6 0.434983 0.501679 0.0336634 0.0429819 0.00651513
7 0.683993 0.434184 0.0359736 0.0745467 0.006575
6 0.505776 0.555406 0.0544554 0.095366 0.00680773
6 0.440099 0.518133 0.0346535 0.0463398 0.00686023
6 0.496865 0.527871 0.0221122 0.0308932 0.00750693
6 0.532673 0.488247 0.0145215 0.0483546 0.00765631
6 0.513036 0.531229 0.0207921 0.0402955 0.00855579
6 0.429208 0.578912 0.0174917 0.0268637 0.00898321
6 0.153795 0.315312 0.0363036 0.121558 0.00900559
6 0.578218 0.51914 0.0224422 0.0268637 0.00981155
6 0.528053 0.503694 0.0957096 0.104768 0.0107865
6 0.479043 0.522498 0.0207921 0.0376091 0.0116024
7 0.522112 0.401276 0.00726073 0.10544 0.0118012
6 0.431848 0.536602 0.0247525 0.0402955 0.0124674
6 0.607756 0.58865 0.0174917 0.0315648 0.0148873
9 0.318317 0.495299 0.0313531 0.0543989 0.015728
6 0.587459 0.549362 0.0356436 0.0483546 0.0160141
6 0.514521 0.458026 0.0264026 0.095366 0.0174756
6 0.590264 0.579248 0.0273927 0.0436535 0.0182326
6 0.549835 0.514439 0.0310231 0.036266 0.0189665
6 0.474918 0.503358 0.0132013 0.0248489 0.0238138
7 0.379868 0.415715 0.0719472 0.095366 0.0300634
7 0.520462 0.429819 0.0165017 0.12223 0.0333909
6 0.511221 0.508731 0.0112211 0.0342512 0.0360016
6 0.639934 0.566823 0.0409241 0.0416387 0.0366444
6 0.501485 0.518133 0.0207921 0.0396239 0.0416756
6 0.382013 0.547683 0.0617162 0.0785762 0.044978
6 0.447525 0.517126 0.0191419 0.0335796 0.0469985
6 0.484488 0.510745 0.0211221 0.032908 0.048073
6 0.361881 0.500672 0.0287129 0.0463398 0.0515037
6 0.413861 0.51276 0.0435644 0.0436535 0.0518566
6 0.588614 0.515447 0.0207921 0.0409671 0.0535354
6 0.536634 0.508059 0.0191419 0.047683 0.0546379
6 0.547195 0.508395 0.0171617 0.0376091 0.0582547
6 0.611221 0.505037 0.0264026 0.0631296 0.0781165
7 0.393564 0.454332 0.0260726 0.0785762 0.0781727
7 0.39637 0.477837 0.0283828 0.0745467 0.0835612
7 0.617327 0.443586 0.0174917 0.0812626 0.0848271
6 0.603795 0.505373 0.020132 0.0423103 0.0871453
7 0.329703 0.433512 0.0323432 0.0732035 0.184945
9 0.670627 0.488247 0.0521452 0.0456682 0.190072
7 0.394884 0.470114 0.0405941 0.120887 0.209211
9 0.664191 0.520819 0.0320132 0.0517126 0.288608
6 0.518977 0.514775 0.0227723 0.0503694 0.31747
6 0.457261 0.517797 0.0214521 0.036266 0.427976
6 0.521782 0.49597 0.0211221 0.047683 0.433516
6 0.512871 0.518805 0.0138614 0.0369375 0.481819
6 0.664026 0.550705 0.0323432 0.0389523 0.507073
3 0.49703 0.567159 0.786139 0.731363 0.548914
6 0.4 0.503022 0.0363036 0.0711887 0.557841
9 0.316172 0.480524 0.0231023 0.0449966 0.605766
9 0.627393 0.56951 0.050165 0.0564137 0.661688
9 0.315842 0.521491 0.029703 0.0436535 0.663937
6 0.465842 0.512089 0.0174917 0.0342512 0.672879
7 0.524422 0.41773 0.00858086 0.12223 0.679921
9 0.371452 0.572868 0.0326733 0.0537273 0.701054
6 0.527063 0.505709 0.0244224 0.0564137 0.718594
9 0.665677 0.497985 0.0270627 0.0423103 0.725222
6 0.701815 0.471793 0.0247525 0.0490262 0.742218
6 0.622277 0.500336 0.0287129 0.0631296 0.753446
9 0.35429 0.507723 0.0254125 0.0416387 0.766844
2 0.513696 0.379113 0.538284 0.191404 0.782847
7 0.623927 0.429483 0.030033 0.0973808 0.788691
4 0.50165 0.609134 0.629703 0.376091 0.789216
5 0.510396 0.233042 0.475578 0.306246 0.801323
7 0.389604 0.427468 0.0273927 0.104097 0.828872
