6 0.662834 0.692438 0.0474777 0.0600945 1.65937e-05
9 0.59477 0.983795 0.0738131 0.0324105 1.65952e-05
6 0.70345 0.595544 0.0174332 0.0283592 1.66065e-05
6 0.306565 0.667117 0.0204006 0.0324105 1.66204e-05
6 0.856825 0.988521 0.0578635 0.0229575 1.66628e-05
6 0.668954 0.0124916 0.0300445 0.0209318 1.66774e-05
6 0.634458 0.717083 0.023368 0.0445645 1.67231e-05
6 0.591061 0.600945 0.0344955 0.0378123 1.67239e-05
5 0.117767 0.247468 0.235534 0.266712 1.6749e-05
6 0.642804 0.129305 0.0267062 0.0222822 1.67599e-05
6 0.51632 0.625253 0.0170623 0.0418636 1.67693e-05
6 0.816766 0.220797 0.0311573 0.0418636 1.68772e-05
6 0.30638 0.688049 0.0200297 0.033761 1.68905e-05
6 0.444918 0.0573937 0.0144659 0.0243079 1.6896e-05
6 0.488316 0.203916 0.0456231 0.108035 1.69159e-05
9 0.130007 0.990547 0.0500742 0.0189061 1.69161e-05
6 0.858123 0.648886 0.0500742 0.0958812 1.69336e-05
6 0.918027 0.288319 0.0482196 0.0594193 1.69438e-05
5 0.236647 0.316678 0.0727003 0.288994 1.69497e-05
6 0.344956 0.95476 0.102374 0.0580689 1.69501e-05
6 0.832159 0.186361 0.0181751 0.0310601 1.69678e-05
6 0.150779 0.97603 0.0619436 0.0479406 1.69694e-05
5 0.44362 0.117151 0.139466 0.0857529 1.6993e-05
6 0.533383 0.102971 0.0148368 0.0236327 1.70226e-05
6 0.645215 0.0175557 0.0433976 0.0351114 1.7025e-05
4 0.386499 0.729575 0.336795 0.195138 1.70614e-05
6 0.0738131 0.449021 0.055638 0.212019 1.70637e-05
6 0.590319 0.626941 0.130935 0.0884537 1.70736e-05
6 0.110163 0.563133 0.0474777 0.233626 1.70862e-05
6 0.558605 0.668805 0.0200297 0.0425388 1.71107e-05
7 0.494622 0.770088 0.0270772 0.0965564 1.71565e-05
6 0.169325 0.969615 0.023368 0.033761 1.72129e-05
6 0.988687 0.949696 0.013724 0.0965564 1.72406e-05
4 0.992211 0.810939 0.0155786 0.207968 1.72411e-05
9 0.570289 0.97738 0.050816 0.0452397 1.72746e-05
6 0.339763 0.650236 0.018546 0.0297097 1.73155e-05
6 0.603672 0.997299 0.0500742 0.00540176 1.73518e-05
6 0.55434 0.140783 0.0478487 0.070898 1.73707e-05
6 0.829191 0.400068 0.101261 0.127616 1.73719e-05
6 0.630378 0.969615 0.0367211 0.0607698 1.73727e-05
8 0.539874 1 0.142804 0 1.7401e-05
5 0.31862 0.0263336 0.198071 0.0526671 1.7409e-05
6 0.505378 0.625253 0.0144659 0.0378123 1.74839e-05
2 0.646328 0.506077 0.213279 0.114112 1.7506e-05
5 0.493323 0.259622 0.0467359 0.147873 1.75199e-05
6 0.493509 0.0756246 0.0166914 0.0351114 1.75282e-05
4 0.0552671 0.746117 0.110534 0.425388 1.75429e-05
6 0.994251 0.541188 0.0114985 0.157326 1.75889e-05
6 0.219399 0.0222822 0.027819 0.0297097 1.76008e-05
6 0.419696 0.0611074 0.0152077 0.0222822 1.76057e-05
6 0.467915 0.719446 0.0189169 0.0573937 1.76082e-05
5 0.315282 0.378798 0.16543 0.194463 1.76139e-05
6 0.993509 0.939905 0.0129822 0.120189 1.76631e-05
6 0.661907 0.981431 0.0255935 0.0357866 1.77119e-05
6 0.177485 0.539163 0.0745549 0.123565 1.77245e-05
6 0.552485 0.626266 0.0181751 0.0384875 1.77331e-05
6 0.279674 0.580689 0.168398 0.201215 1.7745e-05
2 0.236832 0.510804 0.177671 0.238352 1.77885e-05
6 0.496476 0.601283 0.0218843 0.0479406 1.78261e-05
6 0.419139 0.0958812 0.0126113 0.0229575 1.78332e-05
6 0.0309718 0.459487 0.0619436 0.343687 1.78352e-05
6 0.00574926 0.403781 0.0114985 0.117488 1.78358e-05
5 0.403932 0.988859 0.36276 0.0222822 1.78381e-05
6 0.666728 0.145172 0.0367211 0.0418636 1.78514e-05
6 0.844028 0.941931 0.0701039 0.116138 1.7868e-05
7 0.243694 0.451384 0.0163205 0.104659 1.7874e-05
7 0.39707 0.48312 0.0315282 0.0803511 1.7884e-05
6 0.819733 0.188049 0.0222552 0.0357866 1.78978e-05
9 0.792656 0.990209 0.0497033 0.0195814 1.78992e-05
6 0.737018 0.564821 0.0311573 0.0425388 1.79036e-05
6 0.908012 0.325456 0.0333828 0.116138 1.79044e-05
6 0.843472 0.471641 0.0615727 0.10871 1.79085e-05
6 0.280786 0.985483 0.0356083 0.0209318 1.79277e-05
6 0.479228 0.0523295 0.022997 0.049291 1.79961e-05
6 0.281899 0.616475 0.0289317 0.0391627 1.80427e-05
6 0.591061 0.669142 0.0166914 0.0405132 1.80433e-05
6 0.564911 0.121202 0.0400593 0.0411884 1.8063e-05
7 0.201224 0.113437 0.0426558 0.226874 1.80683e-05
6 0.552671 0.600945 0.0296736 0.0324105 1.80697e-05
6 0.267248 0.672181 0.0255935 0.0398379 1.81263e-05
6 0.79043 0.228899 0.0637982 0.189061 1.81554e-05
6 0.113131 0.01553 0.11276 0.0310601 1.81584e-05
9 0.449184 0.989872 0.0356083 0.0202566 1.81668e-05
6 0.495549 0.99865 0.0563798 0.00270088 1.81704e-05
6 0.631677 0.586428 0.0192878 0.027684 1.82337e-05
6 0.177856 0.594193 0.0634273 0.101283 1.83113e-05
6 0.645957 0.147198 0.0359792 0.0364618 1.83826e-05
6 0.539132 0.982107 0.050816 0.0357866 1.83868e-05
6 0.910979 0.0330858 0.0548961 0.0661715 1.83976e-05
6 0.762611 0.605672 0.0808605 0.164754 1.84281e-05
6 0.98201 0.120189 0.0359792 0.187711 1.84346e-05
6 0.650223 0.609048 0.0192878 0.033761 1.84441e-05
6 0.832159 0.00877785 0.0248516 0.0175557 1.84479e-05
7 0.525223 0.488521 0.0118694 0.0573937 1.84535e-05
6 0.664132 0.609386 0.0211424 0.0330858 1.85013e-05
6 0.732196 0.986833 0.0311573 0.0195814 1.85842e-05
6 0.584941 0.600608 0.0704748 0.061445 1.8619e-05
6 0.539132 0.581364 0.0189169 0.0310601 1.87189e-05
6 0.32066 0.691087 0.03227 0.0398379 1.87425e-05
6 0.369251 0.00675219 0.023368 0.0135044 1.87473e-05
3 0.27003 0.683322 0.473294 0.503714 1.87562e-05
7 0.438984 0.465564 0.0166914 0.0952059 1.87764e-05
6 0.736461 0.582039 0.0211424 0.0391627 1.87953e-05
6 0.315653 0.588454 0.0215134 0.0452397 1.88001e-05
9 0.916543 0.989534 0.0615727 0.0209318 1.88171e-05
6 0.845883 0.966239 0.0419139 0.0459149 1.88353e-05
6 0.428598 0.620189 0.0144659 0.0290344 1.88849e-05
6 0.00945846 0.533761 0.0189169 0.226199 1.88903e-05
9 0.0446958 0.970966 0.0522997 0.0324105 1.88972e-05
6 0.428783 0.139095 0.0178042 0.0283592 1.89521e-05
6 0.492211 0.577313 0.014095 0.033761 1.89682e-05
6 0.493323 0.642471 0.014095 0.0587441 1.89807e-05
5 0.0843843 0.981094 0.168769 0.0378123 1.90117e-05
6 0.527634 0.58339 0.013724 0.0351114 1.90213e-05
6 0.0567507 0.102633 0.0890208 0.205267 1.90236e-05
5 0.80026 0.200203 0.168769 0.309926 1.91703e-05
6 0.445475 0.0952059 0.014095 0.0229575 1.92306e-05
5 0.488316 0.240378 0.0804896 0.217421 1.92355e-05
6 0.534125 0.118839 0.0259644 0.0472654 1.92359e-05
7 0.221254 0.28393 0.0152077 0.238352 1.92492e-05
6 0.00945846 0.391627 0.0144659 0.112086 1.92639e-05
6 0.859421 0.970966 0.0296736 0.043214 1.92704e-05
6 0.505193 0.644159 0.014095 0.043214 1.93037e-05
6 0.710497 0.976705 0.0270772 0.0411884 1.93043e-05
9 0.974777 0.971641 0.0378338 0.0364618 1.9344e-05
6 0.0530415 0.314652 0.0853116 0.233626 1.94078e-05
6 0.663205 0.0209318 0.0548961 0.0418636 1.94762e-05
5 0.340504 0.0651587 0.163205 0.0952059 1.95189e-05
5 0.573999 0.98582 0.4477 0.0283592 1.95415e-05
6 0.0367211 0.484132 0.0437685 0.132343 1.95863e-05
6 0.379636 0.00573937 0.0241098 0.0114787 1.96233e-05
9 0.727745 1 0.0823442 0 1.96235e-05
6 0.694547 0.59892 0.0285608 0.0351114 1.96546e-05
6 0.426558 0.693113 0.0178042 0.0330858 1.96589e-05
6 0.558791 0.658677 0.200668 0.111411 1.96689e-05
6 0.695846 0.966577 0.0356083 0.0668467 1.96768e-05
6 0.319547 0.727211 0.0775223 0.0810263 1.97229e-05
6 0.681194 0.588791 0.0189169 0.0283592 1.97608e-05
6 0.0535979 0.124578 0.0708457 0.0681972 1.97652e-05
6 0.362389 0.6921 0.0215134 0.0567184 1.97819e-05
8 0.034681 0.995273 0.0612018 0.00945307 1.98092e-05
6 0.420994 0.12154 0.0163205 0.0229575 1.9831e-05
6 0.22997 0.629642 0.0578635 0.10736 1.98555e-05
6 0.575668 0.667792 0.0192878 0.0418636 1.98664e-05
6 0.509273 0.20054 0.0890208 0.176907 1.98665e-05
6 0.507047 0.0756246 0.0155786 0.0324105 1.9907e-05
6 0.00537834 0.284605 0.0107567 0.0817016 1.99159e-05
6 0.516877 0.643484 0.0174332 0.0405132 1.99606e-05
6 0.0055638 0.215057 0.0111276 0.0898042 1.99972e-05
6 0.319733 0.647873 0.0311573 0.0371371 1.99981e-05
6 0.645215 0.974679 0.03227 0.0344362 2e-05
6 0.301743 0.614787 0.0204006 0.0290344 2.00269e-05
6 0.950111 0.577988 0.0522997 0.228224 2.00291e-05
6 0.367211 0.739703 0.0452522 0.0844024 2.00321e-05
9 0.959384 0.957461 0.0485905 0.0850777 2.00656e-05
6 0.5102 0.104659 0.0545252 0.0850777 2.00679e-05
6 0.101261 0.157664 0.0956973 0.0762998 2.00899e-05
6 0.566766 0.627279 0.0178042 0.0418636 2.01239e-05
6 0.621105 0.586091 0.0196588 0.0256583 2.01546e-05
6 0.63928 0.579676 0.050816 0.0479406 2.01693e-05
6 0.859792 0.0121539 0.041543 0.0243079 2.0188e-05
6 0.612574 0.0185685 0.0574926 0.0371371 2.02026e-05
5 0.315467 0.929777 0.464021 0.140446 2.02746e-05
6 0.469956 0.740378 0.0163205 0.0627954 2.03512e-05
6 0.741469 0.715057 0.0237389 0.0418636 2.03601e-05
6 0.492953 0.0962188 0.0163205 0.0317353 2.03764e-05
6 0.0578635 0.323768 0.0756677 0.0938555 2.0418e-05
6 0.66135 0.662053 0.0192878 0.0371371 2.0449e-05
7 0.456046 0.493923 0.0100148 0.0654963 2.04621e-05
6 0.279303 0.00405132 0.0259644 0.00810263 2.05481e-05
5 0.11072 0.881837 0.221439 0.236327 2.05591e-05
8 0.0333828 0.953747 0.0667656 0.0925051 2.05752e-05
6 0.419881 0.527346 0.0170623 0.0594193 2.05896e-05
6 0.162463 0.924038 0.109792 0.13707 2.06308e-05
6 0.435831 0.667792 0.0192878 0.0378123 2.0731e-05
9 0.0817878 0.989872 0.0456231 0.0202566 2.07928e-05
6 0.855898 0.517893 0.050816 0.0999325 2.07941e-05
6 0.604228 0.703241 0.0222552 0.0425388 2.08029e-05
6 0.289318 0.750844 0.0853116 0.128292 2.0818e-05
6 0.623702 0.519581 0.0960682 0.0817016 2.08894e-05
6 0.596439 0.97603 0.0408012 0.0330858 2.09137e-05
6 0.443806 0.71607 0.0211424 0.0371371 2.09856e-05
6 0.631306 0.160365 0.124629 0.106009 2.1008e-05
5 0.543769 0.112424 0.128338 0.0884537 2.10344e-05
6 0.990356 0.0567184 0.0192878 0.113437 2.10977e-05
6 0.0226261 0.303511 0.0452522 0.145172 2.11436e-05
6 0.615356 0.989872 0.0526706 0.0202566 2.11503e-05
6 0.271513 0.688386 0.0267062 0.0479406 2.11594e-05
6 0.511313 0.160027 0.0485905 0.0904794 2.12097e-05
7 0.450111 0.487846 0.0196588 0.0627954 2.12353e-05
5 0.831973 0.3474 0.244065 0.2316 2.12959e-05
6 0.145401 0.0273464 0.14911 0.0546928 2.12994e-05
6 0.983309 0.305199 0.022997 0.0864281 2.13122e-05
6 0.253153 0.649561 0.0255935 0.0418636 2.15346e-05
6 0.995363 0.59183 0.009273 0.153275 2.15632e-05
5 0.88724 0.276165 0.189911 0.199865 2.15969e-05
6 0.293769 0.650574 0.0170623 0.0330858 2.16212e-05
6 0.332715 0.649899 0.0207715 0.0357866 2.16507e-05
8 0.0037092 0.137407 0.0074184 0.13707 2.1666e-05
7 0.584384 0.474342 0.0389466 0.083052 2.16876e-05
6 0.392619 0.701553 0.0893917 0.0931803 2.16982e-05
7 0.441766 0.469278 0.0103858 0.0621202 2.17039e-05
6 0.808976 0.972654 0.0764095 0.0546928 2.17267e-05
7 0.452893 0.49156 0.0215134 0.114787 2.17332e-05
6 0.616654 0.667117 0.0144659 0.0391627 2.1781e-05
0 0.988316 0.872384 0.0174332 0.255233 2.1807e-05
7 0.393361 0.484808 0.00778932 0.0648211 2.18111e-05
6 0.373145 0.717083 0.022997 0.0405132 2.18463e-05
6 0.953264 0.59183 0.0445104 0.0979068 2.1897e-05
6 0.422292 0.975692 0.0419139 0.0486158 2.19083e-05
5 0.169139 1 0.338279 0 2.19645e-05
6 0.0680638 0.0584065 0.0804896 0.116813 2.19961e-05
6 0.532826 0.115125 0.013724 0.0263336 2.20789e-05
6 0.757233 0.962525 0.0478487 0.0627954 2.20842e-05
6 0.590319 0.580689 0.0181751 0.0256583 2.21066e-05
6 0.502967 0.581702 0.0133531 0.0384875 2.21077e-05
6 0.287463 0.673194 0.0215134 0.0324105 2.21119e-05
6 0.619251 0.592505 0.0307864 0.0371371 2.21218e-05
6 0.537463 0.0641458 0.0689911 0.0634706 2.21487e-05
6 0.411721 0.0729237 0.0118694 0.021607 2.21518e-05
6 0.509088 0.969615 0.0619436 0.0607698 2.21833e-05
6 0.481269 0.597907 0.0152077 0.0357866 2.22203e-05
9 0.960497 0.979406 0.0263353 0.0263336 2.22286e-05
5 0.622218 0.168805 0.213279 0.159352 2.22723e-05
6 0.580861 0.979406 0.0519288 0.0317353 2.22846e-05
6 0.00723294 0.23869 0.0144659 0.172181 2.24254e-05
5 0.821958 0.353815 0.132047 0.158001 2.24267e-05
6 0.709941 0.689737 0.022997 0.0371371 2.24355e-05
6 0.409681 0.0587441 0.0129822 0.021607 2.24597e-05
6 0.621662 0.685685 0.420623 0.26266 2.24726e-05
6 0.558976 0.076975 0.0727003 0.055368 2.25131e-05
6 0.519659 0.60027 0.0163205 0.0391627 2.26142e-05
6 0.00352374 0.94632 0.00704748 0.0857529 2.26223e-05
5 0.887982 1 0.224036 0 2.26446e-05
6 0.342915 0.747806 0.0612018 0.103309 2.26838e-05
6 0.494993 0.665091 0.0174332 0.0621202 2.28045e-05
6 0.343843 0.676907 0.0252226 0.0533423 2.28204e-05
0 0.995734 0.782242 0.00853116 0.176232 2.28582e-05
5 0.579933 0.0273464 0.229599 0.0546928 2.28728e-05
6 0.875742 0.643822 0.0504451 0.0938555 2.28984e-05
6 0.543398 0.672856 0.0170623 0.0479406 2.29039e-05
6 0.330861 0.990547 0.0489614 0.0189061 2.29132e-05
7 0.554154 0.753545 0.0274481 0.135044 2.29948e-05
6 0.942693 0.125253 0.0819733 0.0925051 2.30011e-05
5 0.233123 0.0330858 0.166543 0.0661715 2.30658e-05
2 0.291543 0.510466 0.149852 0.160702 2.31701e-05
6 0.331602 0.976367 0.0311573 0.0405132 2.31732e-05
6 0.482196 0.1158 0.0118694 0.0263336 2.31801e-05
6 0.389837 0.963538 0.0897626 0.0540176 2.31869e-05
6 0.284681 0.948683 0.0745549 0.0823768 2.31871e-05
6 0.729043 0.0297097 0.0886499 0.0594193 2.31958e-05
7 0.455675 0.470966 0.0129822 0.0627954 2.32592e-05
2 0.754451 0.545915 0.491098 0.439568 2.32666e-05
6 0.62092 0.101621 0.13724 0.0965564 2.33554e-05
6 0.545623 0.109048 0.060089 0.0654963 2.34568e-05
6 0.979043 0.0374747 0.0419139 0.0749494 2.34774e-05
6 0.320104 0.960837 0.037092 0.0783255 2.35321e-05
6 0.342544 0.689061 0.0159496 0.0330858 2.35518e-05
6 0.301001 0.588454 0.03227 0.0303849 2.35565e-05
6 0.382233 0.733626 0.0433976 0.0695476 2.35655e-05
9 0.206046 0.989872 0.0567507 0.0202566 2.35899e-05
9 0.492582 0.977043 0.0623145 0.0459149 2.36614e-05
6 0.437129 0.649899 0.0159496 0.0357866 2.36953e-05
4 0.979228 0.715057 0.041543 0.348413 2.37344e-05
7 0.58865 0.477043 0.0126113 0.0722485 2.38018e-05
6 0.351261 0.586428 0.0652819 0.0627954 2.38904e-05
6 0.49592 0.585078 0.0155786 0.0371371 2.39003e-05
6 0.568249 0.649224 0.0200297 0.0425388 2.39647e-05
6 0.599592 0.515192 0.0396884 0.0634706 2.40615e-05
6 0.232752 0.679608 0.0968101 0.135719 2.40858e-05
6 0.444177 0.111411 0.0604599 0.0702228 2.41277e-05
7 0.202893 0.0904794 0.0341246 0.112086 2.42026e-05
7 0.393175 0.481769 0.0712166 0.0992573 2.42126e-05
6 0.345883 0.980756 0.0307864 0.0371371 2.43511e-05
6 0.654859 0.144159 0.0226261 0.0290344 2.43879e-05
6 0.379822 0.0131668 0.0378338 0.0263336 2.4483e-05
7 0.574555 0.479743 0.0103858 0.0735989 2.45916e-05
6 0.526892 0.299122 0.0485905 0.130993 2.46115e-05
6 0.555267 0.983795 0.0526706 0.0324105 2.4627e-05
5 0.323999 0.983457 0.417285 0.0330858 2.46392e-05
6 0.989058 0.474004 0.0218843 0.190412 2.46542e-05
6 0.750927 0.621539 0.0248516 0.0438893 2.46842e-05
6 0.142248 0.633693 0.0426558 0.0965564 2.46878e-05
6 0.358865 0.735314 0.0196588 0.0445645 2.47019e-05
6 0.372033 0.746455 0.0244807 0.0546928 2.47123e-05
6 0.643917 0.988859 0.0378338 0.0168805 2.4734e-05
6 0.382604 0.579338 0.157641 0.098582 2.47439e-05
6 0.996105 0.962863 0.00778932 0.0688724 2.47838e-05
7 0.59273 0.486496 0.0749258 0.106009 2.48259e-05
6 0.667285 0.58339 0.0430267 0.0513167 2.49001e-05
6 0.471068 0.158677 0.0519288 0.089129 2.50428e-05
6 0.528746 0.62289 0.0152077 0.0438893 2.50785e-05
7 0.496105 0.77819 0.0389466 0.16813 2.50838e-05
5 0.79618 0.294396 0.119807 0.294396 2.51032e-05
5 0.84681 0.87576 0.30638 0.166104 2.5134e-05
5 0.771884 0.0773126 0.114243 0.147873 2.51476e-05
6 0.504451 0.601621 0.0148368 0.0364618 2.51761e-05
6 0.305082 0.958474 0.0396884 0.083052 2.51874e-05
6 0.579377 0.0246455 0.0934718 0.049291 2.52131e-05
2 0.563242 0.48582 0.412092 0.0952059 2.52155e-05
6 0.988316 0.546928 0.023368 0.189061 2.52288e-05
6 0.595141 0.986833 0.0500742 0.0222822 2.52491e-05
6 0.930453 0.0108035 0.0656528 0.021607 2.53324e-05
6 0.354228 0.652262 0.018546 0.0283592 2.53943e-05
6 0.492211 0.0867657 0.022997 0.0425388 2.54388e-05
6 0.058049 0.0935179 0.0804896 0.112762 2.54504e-05
6 0.752596 0.632005 0.037092 0.0621202 2.55524e-05
5 0.716803 0.383525 0.566395 0.767049 2.5593e-05
6 0.0100148 0.441594 0.0200297 0.234976 2.5631e-05
5 0.559162 0.0790007 0.156899 0.0729237 2.56329e-05
6 0.264095 0.680621 0.0712166 0.098582 2.56866e-05
6 0.488501 0.0449021 0.0207715 0.0371371 2.57072e-05
6 0.0102003 0.501013 0.013724 0.098582 2.57164e-05
6 0.490171 0.160027 0.0478487 0.089129 2.57871e-05
6 0.319918 0.0178933 0.126484 0.0357866 2.58559e-05
6 0.631677 0.667454 0.0215134 0.0465901 2.59789e-05
6 0.987945 0.389939 0.0241098 0.295071 2.5994e-05
4 0.0118694 0.759284 0.0237389 0.404456 2.60391e-05
7 0.468101 0.46894 0.018546 0.100608 2.60886e-05
5 0.234421 0.100608 0.224036 0.201215 2.60967e-05
6 0.546921 0.118501 0.0315282 0.0790007 2.61309e-05
6 0.305823 0.989534 0.0530415 0.0209318 2.61915e-05
5 0.761128 0.22316 0.097181 0.247806 2.62063e-05
7 0.48776 0.465901 0.0126113 0.133693 2.63857e-05
6 0.0215134 0.0195814 0.0430267 0.0391627 2.63877e-05
6 0.349777 0.685685 0.0178042 0.0425388 2.64379e-05
9 0.696588 1 0.0727003 0 2.64804e-05
6 0.632233 0.608373 0.0204006 0.0351114 2.64884e-05
5 0.169139 0.0729237 0.194362 0.145847 2.65425e-05
6 0.507604 0.0817016 0.023368 0.0918298 2.65467e-05
5 0.261128 1 0.255935 0 2.66018e-05
6 0.655415 0.131668 0.0341246 0.033761 2.66021e-05
7 0.338093 0.487846 0.107938 0.143822 2.70053e-05
6 0.575297 0.6158 0.018546 0.0405132 2.71425e-05
6 0.651521 0.121877 0.116098 0.0938555 2.71877e-05
6 0.739985 0.617826 0.0207715 0.0351114 2.72292e-05
5 0.283568 0.935854 0.567137 0.128292 2.72441e-05
6 0.0176187 0.0101283 0.0263353 0.0202566 2.72772e-05
6 0.681751 0.988521 0.0341246 0.0175557 2.73164e-05
6 0.043954 0.567184 0.087908 0.311951 2.73384e-05
7 0.25408 0.45476 0.0281899 0.100608 2.73853e-05
6 0.522441 0.725186 0.0204006 0.0742741 2.73963e-05
6 0.729043 0.601621 0.0196588 0.0324105 2.74061e-05
6 0.373887 0.0881161 0.0845697 0.083052 2.74898e-05
5 0.214577 0.879473 0.389095 0.162728 2.75079e-05
6 0.41543 0.675557 0.014095 0.0371371 2.76292e-05
6 0.695289 0.688049 0.0745549 0.0742741 2.76715e-05
6 0.856825 0.0202566 0.0571217 0.0405132 2.77534e-05
6 0.530415 0.021607 0.0689911 0.043214 2.78062e-05
6 0.39707 0.061445 0.064911 0.0661715 2.78417e-05
6 0.514466 0.673194 0.018546 0.055368 2.79127e-05
6 0.435645 0.603309 0.0218843 0.0371371 2.79148e-05
6 0.990542 0.970966 0.0189169 0.0580689 2.79723e-05
6 0.917285 0.267387 0.0541543 0.0499662 2.8034e-05
6 0.47997 0.0894666 0.0155786 0.0371371 2.80415e-05
6 0.709199 0.607697 0.0207715 0.0310601 2.80704e-05
6 0.427485 0.652937 0.0159496 0.0324105 2.81516e-05
6 0.493509 0.980419 0.0530415 0.033761 2.8172e-05
9 0.603858 0.991222 0.0541543 0.0175557 2.81821e-05
6 0.835868 0.021607 0.0552671 0.043214 2.82023e-05
7 0.47181 0.471641 0.0118694 0.0600945 2.82584e-05
7 0.426001 0.469278 0.0152077 0.0958812 2.82692e-05
6 0.620549 0.699527 0.0534125 0.0729237 2.82981e-05
6 0.264095 0.63133 0.0422849 0.0729237 2.84e-05
9 0.231825 0.989534 0.0630564 0.0209318 2.84303e-05
6 0.315096 0.606347 0.0181751 0.0310601 2.85622e-05
6 0.728116 0.534436 0.0526706 0.114112 2.86053e-05
10 0.009273 0.880486 0.0118694 0.114787 2.87899e-05
6 0.803042 0.189737 0.0400593 0.0459149 2.89286e-05
6 0.0493323 0.444294 0.0445104 0.0810263 2.90346e-05
7 0.260571 0.483457 0.0411721 0.120189 2.90404e-05
6 0.946958 0.105334 0.0838279 0.210668 2.90791e-05
6 0.68138 0.610398 0.0200297 0.033761 2.91439e-05
6 0.495364 0.722147 0.027819 0.0762998 2.91652e-05
6 0.576039 0.648211 0.0178042 0.0418636 2.92788e-05
6 0.366283 0.656989 0.0211424 0.0297097 2.93123e-05
7 0.485534 0.460837 0.0133531 0.0600945 2.93849e-05
6 0.256306 0.0209318 0.114243 0.0418636 2.94264e-05
5 0.285237 0.163741 0.570475 0.327481 2.96227e-05
6 0.898739 0.0121539 0.0637982 0.0243079 2.9639e-05
5 0.266691 0.0719109 0.166914 0.128967 2.96786e-05
7 0.556751 0.481769 0.0667656 0.0884537 2.96831e-05
5 0.718286 0.171843 0.25408 0.339635 2.98079e-05
6 0.691951 0.611411 0.0211424 0.0344362 2.98185e-05
6 0.481454 0.562458 0.0163205 0.043214 2.98714e-05
6 0.836981 0.640108 0.132418 0.202566 2.99282e-05
5 0.24592 0.328832 0.49184 0.657664 3.0096e-05
8 0.689911 1 0.224777 0 3.01367e-05
10 0.00945846 0.836259 0.0129822 0.116813 3.01471e-05
9 0.408568 0.984808 0.178412 0.0303849 3.02205e-05
6 0.380378 0.709318 0.0218843 0.0330858 3.02367e-05
6 0.713093 0.01553 0.0493323 0.0310601 3.02412e-05
6 0.0886499 0.415598 0.0363501 0.112762 3.03132e-05
6 0.545252 0.113437 0.0215134 0.0270088 3.03947e-05
6 0.87092 0.625591 0.0645401 0.174882 3.04702e-05
6 0.0055638 0.514855 0.0111276 0.100608 3.07017e-05
6 0.00574926 0.448346 0.0114985 0.110736 3.07959e-05
6 0.157085 0.989196 0.0604599 0.021607 3.07982e-05
6 0.723108 0.610061 0.0204006 0.0317353 3.08232e-05
6 0.737018 0.0185685 0.0445104 0.0371371 3.083e-05
9 0.543212 0.990547 0.0560089 0.0189061 3.0837e-05
6 0.561573 0.0162053 0.0541543 0.0324105 3.08712e-05
6 0.620363 0.585753 0.205119 0.127616 3.10067e-05
6 0.716617 0.642809 0.0267062 0.0364618 3.10851e-05
6 0.758531 0.0189061 0.0482196 0.0378123 3.11458e-05
6 0.482752 0.613099 0.0159496 0.043214 3.11736e-05
5 0.68546 0.293383 0.178783 0.324781 3.11857e-05
0 0.0027819 0.786631 0.0055638 0.137745 3.11926e-05
6 0.483865 0.100608 0.0122404 0.0283592 3.12802e-05
6 0.612203 0.983795 0.0374629 0.0324105 3.12986e-05
2 0.0994065 0.520257 0.078635 0.223498 3.13066e-05
6 0.693435 0.980756 0.0263353 0.0371371 3.13203e-05
6 0.627782 0.682984 0.0181751 0.0344362 3.13237e-05
8 0.00667656 0.160027 0.0133531 0.320054 3.13318e-05
6 0.100334 0.622552 0.0678783 0.257934 3.13463e-05
7 0.791172 0.301823 0.0511869 0.220122 3.13471e-05
6 0.603858 0.583052 0.022997 0.027684 3.13557e-05
6 0.95753 0.311951 0.0745549 0.114787 3.13775e-05
7 0.77207 0.745105 0.0530415 0.061445 3.14813e-05
6 0.195289 0.241053 0.0760386 0.171506 3.17396e-05
9 0.103487 0.990547 0.0511869 0.0189061 3.18301e-05
6 0.318249 0.682309 0.018546 0.0330858 3.1847e-05
5 0.755935 0.311276 0.262611 0.384875 3.18758e-05
2 0.872589 0.59183 0.136869 0.496286 3.18845e-05
4 0.188613 0.786968 0.377226 0.359892 3.19497e-05
6 0.729043 0.991222 0.0404303 0.0175557 3.20709e-05
6 0.390764 0.651924 0.0181751 0.0290344 3.2091e-05
6 0.0102003 0.435179 0.0159496 0.104659 3.2092e-05
6 0.922107 0.487846 0.0571217 0.246455 3.2106e-05
6 0.604599 0.665429 0.018546 0.0371371 3.21101e-05
5 0.396884 0.0685348 0.141691 0.0776502 3.21379e-05
6 0.915245 0.0263336 0.157641 0.0472654 3.22666e-05
6 0.158197 0.511816 0.0782641 0.209318 3.23486e-05
6 0.637055 0.656313 0.156157 0.106685 3.24429e-05
7 0.428598 0.472991 0.009273 0.0627954 3.25038e-05
6 0.415616 0.736664 0.0419139 0.0688724 3.25738e-05
7 0.4477 0.489196 0.0445104 0.0884537 3.25988e-05
6 0.417841 0.528022 0.00778932 0.055368 3.27543e-05
6 0.239614 0.0344362 0.055638 0.0688724 3.27831e-05
6 0.650408 0.675557 0.0626855 0.0668467 3.2812e-05
0 0.00908754 0.739703 0.0152077 0.303174 3.28906e-05
6 0.668583 0.989196 0.0330119 0.0148548 3.31514e-05
7 0.47997 0.759284 0.0155786 0.0722485 3.31632e-05
6 0.929711 0.0411884 0.0819733 0.0823768 3.32112e-05
6 0.856269 0.601958 0.050816 0.106009 3.32413e-05
6 0.361461 0.983795 0.0300445 0.0324105 3.33372e-05
6 0.147441 0.599595 0.0715875 0.135044 3.33832e-05
5 0.297107 0.142809 0.217359 0.212694 3.36406e-05
6 0.935089 0.698852 0.0986647 0.394328 3.3678e-05
6 0.783754 0.918636 0.0838279 0.162728 3.37066e-05
6 0.561016 0.585753 0.374258 0.193788 3.37842e-05
7 0.51391 0.460837 0.023368 0.13842 3.3866e-05
6 0.783383 0.965226 0.078635 0.0695476 3.39301e-05
6 0.408012 0.679946 0.0274481 0.0594193 3.39486e-05
2 0.136869 0.530722 0.14911 0.320054 3.39898e-05
6 0.494065 0.614112 0.0148368 0.0452397 3.4163e-05
6 0.37704 0.652937 0.0211424 0.0297097 3.42296e-05
6 0.296365 0.745105 0.0348665 0.0546928 3.42362e-05
6 0.590875 0.682647 0.018546 0.0351114 3.44034e-05
6 0.170994 0.978393 0.0511869 0.043214 3.44587e-05
7 0.49796 0.463538 0.0174332 0.130317 3.45275e-05
6 0.847181 0.0519919 0.0860534 0.103984 3.45402e-05
6 0.469028 0.0590817 0.0204006 0.0384875 3.46176e-05
6 0.627782 0.609386 0.0701039 0.0695476 3.4715e-05
6 0.207159 0.0280216 0.046365 0.0560432 3.47297e-05
6 0.585868 0.728562 0.0597181 0.105334 3.47455e-05
6 0.840134 0.626266 0.0563798 0.0965564 3.48165e-05
6 0.318435 0.975017 0.0293027 0.0418636 3.48289e-05
5 0.396884 0.0887914 0.26632 0.115463 3.49834e-05
6 0.589948 0.0175557 0.0530415 0.0351114 3.52257e-05
5 0.8023 0.999325 0.358309 0.00135044 3.52571e-05
6 0.815467 0.248818 0.0671365 0.180284 3.52894e-05
6 0.441209 0.0627954 0.0619436 0.0688724 3.54026e-05
6 0.626855 0.983457 0.0304154 0.0330858 3.54029e-05
9 0.954748 0.990885 0.0378338 0.0182309 3.57087e-05
6 0.589948 0.648211 0.0166914 0.0364618 3.5744e-05
6 0.979785 0.0108035 0.0300445 0.021607 3.57472e-05
6 0.291172 0.597232 0.0838279 0.083052 3.57618e-05
6 0.303227 0.973329 0.0307864 0.0452397 3.59481e-05
6 0.710312 0.58474 0.121662 0.113437 3.5983e-05
6 0.910979 0.303174 0.0333828 0.0445645 3.59994e-05
7 0.416728 0.469278 0.0159496 0.101283 3.60593e-05
6 0.910052 0.323768 0.027819 0.0411884 3.61592e-05
6 0.732752 0.585415 0.0441395 0.0702228 3.63295e-05
5 0.694362 0.976367 0.420623 0.0472654 3.64805e-05
6 0.987574 0.169818 0.0248516 0.189737 3.64909e-05
6 0.54043 0.601958 0.0252226 0.0371371 3.65394e-05
6 0.3648 0.712694 0.0204006 0.0317353 3.66524e-05
6 0.493694 0.103646 0.022997 0.0938555 3.66948e-05
6 0.293398 0.969278 0.0652819 0.061445 3.67041e-05
6 0.414874 0.694126 0.0144659 0.033761 3.6828e-05
6 0.101818 0.0395003 0.0478487 0.0790007 3.69851e-05
6 0.619807 0.608035 0.0192878 0.0357866 3.70996e-05
6 0.355898 0.711344 0.0196588 0.0330858 3.71582e-05
5 0.182493 0.996962 0.364985 0.00607697 3.7236e-05
6 0.440838 0.0793383 0.102003 0.0911546 3.73885e-05
7 0.440467 0.492235 0.00778932 0.0621202 3.74951e-05
5 0.671365 0.94632 0.65727 0.10736 3.75166e-05
6 0.589021 0.613099 0.0170623 0.0364618 3.77329e-05
6 0.341803 0.696151 0.050816 0.0742741 3.77974e-05
5 0.688613 0.0270088 0.204377 0.0540176 3.7918e-05
6 0.686944 0.013842 0.0548961 0.027684 3.79298e-05
6 0.715134 0.631668 0.0192878 0.0249831 3.79687e-05
6 0.905786 0.89973 0.12908 0.155976 3.79859e-05
6 0.947329 0.26131 0.060089 0.130993 3.80504e-05
6 0.182678 0.0334234 0.0530415 0.0668467 3.80928e-05
6 0.265764 0.658677 0.142804 0.187036 3.80933e-05
7 0.472923 0.757259 0.0163205 0.0681972 3.81278e-05
6 0.391877 0.705942 0.0181751 0.0303849 3.83483e-05
6 0.605527 0.686361 0.0204006 0.0344362 3.84988e-05
6 0.112203 0.0121539 0.0404303 0.0243079 3.8572e-05
6 0.00686202 0.257259 0.0122404 0.0864281 3.85738e-05
6 0.0586053 0.467252 0.0482196 0.110736 3.87287e-05
5 0.527448 0.253882 0.0830861 0.187711 3.87401e-05
6 0.292285 0.627279 0.0459941 0.0594193 3.93145e-05
6 0.423405 0.673869 0.0196588 0.043214 3.93506e-05
6 0.494436 0.599257 0.0133531 0.0344362 3.9452e-05
5 0.312315 0.206955 0.511869 0.280216 3.94645e-05
7 0.410979 0.463876 0.0808605 0.076975 3.95134e-05
6 0.00630564 0.187373 0.0111276 0.0992573 3.95758e-05
6 0.51391 0.725186 0.0204006 0.0756246 3.96476e-05
6 0.603858 0.60871 0.0207715 0.0344362 3.9685e-05
5 0.749444 0.950709 0.29043 0.0621202 3.98074e-05
6 0.085497 0.013842 0.0471068 0.027684 3.98891e-05
4 0.262797 0.832208 0.525593 0.335584 4.02169e-05
2 0.211981 0.561783 0.423961 0.440243 4.02358e-05
5 0.948999 0.150574 0.102003 0.267387 4.03195e-05
6 0.181751 0.989534 0.0623145 0.0209318 4.03929e-05
5 0.34273 0.974342 0.431009 0.0499662 4.04777e-05
6 0.75 0.642809 0.0237389 0.043214 4.05974e-05
6 0.825297 0.249494 0.0593472 0.0925051 4.06456e-05
6 0.394659 0.583727 0.0126113 0.0330858 4.065e-05
7 0.419139 0.472654 0.00890208 0.0634706 4.06589e-05
6 0.338835 0.617488 0.0478487 0.0438893 4.07332e-05
6 0.317878 0.692438 0.0519288 0.0803511 4.09721e-05
6 0.935089 0.560432 0.0645401 0.311951 4.10866e-05
6 0.291728 0.609386 0.0204006 0.0303849 4.11522e-05
9 0.0426558 0.952397 0.0645401 0.0952059 4.11782e-05
7 0.469028 0.486496 0.0404303 0.0790007 4.12143e-05
7 0.723665 0.300473 0.0615727 0.303849 4.13937e-05
6 0.784125 0.225861 0.0155786 0.0506415 4.1463e-05
6 0.727559 0.606009 0.193991 0.204591 4.17166e-05
6 0.340504 0.671168 0.0170623 0.0310601 4.17175e-05
5 0.162463 0.330182 0.300445 0.24578 4.17446e-05
6 0.356639 0.0232951 0.0893917 0.0465901 4.177e-05
6 0.640393 0.991897 0.0433976 0.0162053 4.19063e-05
6 0.613501 0.703579 0.018546 0.0378123 4.22058e-05
6 0.255935 0.987846 0.0697329 0.0243079 4.22481e-05
6 0.279117 0.676907 0.0293027 0.0398379 4.22958e-05
6 0.160608 0.568197 0.0697329 0.124916 4.23187e-05
6 0.981825 0.0178933 0.0363501 0.0357866 4.24197e-05
6 0.441951 0.581026 0.0122404 0.027684 4.24855e-05
4 0.0645401 0.636394 0.12908 0.504389 4.25438e-05
6 0.595883 0.586091 0.0478487 0.0499662 4.26038e-05
6 0.951966 0.253545 0.0908754 0.193788 4.27147e-05
6 0.84069 0.953747 0.101261 0.0925051 4.27315e-05
6 0.452151 0.975017 0.0445104 0.0499662 4.28111e-05
6 0.415616 0.653275 0.0159496 0.0317353 4.29001e-05
6 0.668954 0.647873 0.0196588 0.0344362 4.3048e-05
7 0.482196 0.472991 0.0103858 0.0735989 4.32214e-05
6 0.299703 0.694126 0.0259644 0.0364618 4.32891e-05
5 0.65931 0.230587 0.483309 0.403106 4.3435e-05
6 0.51391 0.623903 0.196958 0.110736 4.34775e-05
6 0.683976 0.645847 0.0192878 0.0330858 4.34839e-05
6 0.48405 0.106685 0.0207715 0.0823768 4.34936e-05
6 0.303783 0.652262 0.0178042 0.0310601 4.35521e-05
6 0.945104 0.265024 0.0541543 0.0519919 4.35949e-05
6 0.637611 0.688724 0.0393175 0.0472654 4.3652e-05
6 0.68954 0.0229575 0.0949555 0.0459149 4.36672e-05
6 0.143731 0.569885 0.0856825 0.264686 4.37148e-05
6 0.472923 0.0621202 0.0586053 0.0810263 4.37473e-05
6 0.61888 0.648886 0.0181751 0.0324105 4.38093e-05
9 0.408568 0.991897 0.0485905 0.0162053 4.39902e-05
6 0.417656 0.986833 0.0341246 0.0263336 4.40382e-05
6 0.621476 0.590817 0.0560089 0.0540176 4.40464e-05
6 0.736647 0.925388 0.0934718 0.149223 4.41698e-05
6 0.511128 0.983457 0.0615727 0.0330858 4.42857e-05
6 0.317507 0.587779 0.014095 0.0249831 4.42864e-05
6 0.277448 0.636057 0.338279 0.294396 4.43115e-05
7 0.779303 0.284267 0.0237389 0.135044 4.4367e-05
6 0.287834 0.695814 0.0689911 0.0992573 4.45544e-05
6 0.680453 0.635719 0.0211424 0.0371371 4.49923e-05
2 0.90727 0.436867 0.0519288 0.180959 4.50022e-05
2 0.331973 0.491222 0.474036 0.218096 4.50155e-05
2 0.846625 0.470966 0.179154 0.29102 4.5091e-05
6 0.242953 0.954423 0.0949555 0.0911546 4.50947e-05
6 0.917841 0.0182309 0.083457 0.0364618 4.53683e-05
6 0.885571 0.0452397 0.0856825 0.0904794 4.56266e-05
6 0.0127967 0.244767 0.0255935 0.145172 4.5653e-05
6 0.618323 0.0259959 0.0912463 0.0519919 4.57383e-05
6 0.40523 0.708643 0.023368 0.0344362 4.58276e-05
5 0.396513 0.0246455 0.199555 0.049291 4.58588e-05
5 0.29043 0.940918 0.359792 0.0681972 4.58684e-05
6 0.653004 0.593856 0.0619436 0.0627954 4.59207e-05
6 0.219955 0.00945307 0.0504451 0.0189061 4.59255e-05
5 0.637797 0.0617826 0.202151 0.0979068 4.59649e-05
6 0.218657 0.041526 0.069362 0.083052 4.59791e-05
6 0.402819 0.652937 0.0163205 0.0283592 4.60962e-05
6 0.565653 0.584402 0.0385757 0.049291 4.61805e-05
9 0.438056 0.992235 0.0474777 0.01553 4.62493e-05
6 0.780786 0.935517 0.0652819 0.0817016 4.62598e-05
6 0.474777 0.110398 0.0482196 0.0817016 4.62917e-05
5 0.746105 0.943957 0.452893 0.112086 4.62927e-05
6 0.478672 0.0178933 0.0114985 0.0344362 4.65099e-05
5 0.808791 0.976367 0.382418 0.0472654 4.65125e-05
6 0.46569 0.59318 0.0144659 0.0330858 4.65381e-05
6 0.333457 0.682647 0.0222552 0.0391627 4.65434e-05
6 0.530044 0.594531 0.014095 0.0398379 4.65497e-05
6 0.70141 0.628629 0.0170623 0.0270088 4.65656e-05
6 0.939726 0.56786 0.0382047 0.148548 4.69975e-05
6 0.578635 0.988521 0.0571217 0.0229575 4.71852e-05
6 0.806194 0.240716 0.0574926 0.0965564 4.73038e-05
6 0.792285 0.22451 0.0252226 0.0479406 4.7445e-05
7 0.625 0.485145 0.0860534 0.0911546 4.78613e-05
6 0.987945 0.386226 0.0241098 0.202566 4.83507e-05
5 0.513353 0.172856 0.788576 0.345712 4.85018e-05
6 0.481269 0.573937 0.0241098 0.0391627 4.86154e-05
6 0.0113131 0.187036 0.0226261 0.156651 4.89819e-05
5 0.489985 0.166779 0.19362 0.141796 4.91496e-05
6 0.474221 0.0185685 0.013724 0.0371371 4.96298e-05
6 0.589763 0.691762 0.0341246 0.049291 4.97664e-05
4 0.833086 0.783592 0.333828 0.432816 4.98104e-05
6 0.454562 0.593518 0.0152077 0.0310601 4.99068e-05
5 0.880935 0.957799 0.238131 0.0844024 4.99377e-05
6 0.230156 0.0070898 0.0300445 0.0141796 5.01065e-05
6 0.652634 0.0226199 0.0886499 0.0452397 5.01462e-05
6 0.816395 0.623903 0.163947 0.419986 5.01484e-05
6 0.267804 0.585415 0.0244807 0.0378123 5.063e-05
6 0.192693 0.0114787 0.0337537 0.0229575 5.07599e-05
9 0.0374629 0.981094 0.0563798 0.0310601 5.07714e-05
5 0.163019 0.192775 0.326039 0.336935 5.08287e-05
7 0.519102 0.466914 0.0144659 0.0573937 5.0975e-05
6 0.63891 0.627279 0.118323 0.0972316 5.11399e-05
6 0.443991 0.674882 0.0497033 0.0695476 5.12147e-05
6 0.981825 0.416273 0.0222552 0.0911546 5.12309e-05
7 0.511313 0.750506 0.0248516 0.0898042 5.12739e-05
6 0.964021 0.36867 0.0719585 0.209318 5.13056e-05
6 0.0578635 0.0297097 0.0949555 0.0594193 5.13915e-05
6 0.20549 0.00810263 0.0356083 0.0162053 5.1418e-05
6 0.277263 0.646523 0.0678783 0.0898042 5.172e-05
6 0.637982 0.664754 0.0200297 0.0344362 5.18696e-05
5 0.371476 0.284267 0.566395 0.550979 5.20597e-05
6 0.536165 0.596219 0.0634273 0.0702228 5.20769e-05
2 0.454377 0.503038 0.333828 0.125591 5.21982e-05
6 0.28839 0.6921 0.0204006 0.0391627 5.27421e-05
6 0.536907 0.583727 0.0300445 0.0465901 5.35804e-05
6 0.286165 0.0141796 0.0485905 0.0283592 5.36457e-05
6 0.612203 0.694463 0.0330119 0.0465901 5.36767e-05
7 0.409125 0.508778 0.0237389 0.123565 5.38842e-05
6 0.064911 0.0158677 0.0697329 0.0317353 5.38921e-05
6 0.710312 0.625591 0.0949555 0.0898042 5.40419e-05
6 0.337352 0.666442 0.0471068 0.0513167 5.42783e-05
6 0.80434 0.220459 0.0426558 0.0479406 5.47299e-05
6 0.739614 0.632005 0.0756677 0.0972316 5.49098e-05
7 0.540059 0.75287 0.022997 0.139095 5.4922e-05
6 0.318249 0.661377 0.171365 0.135719 5.51321e-05
2 0.633531 0.478731 0.53635 0.321404 5.5146e-05
5 0.490542 0.111074 0.179154 0.10736 5.51669e-05
6 0.442322 0.595544 0.0129822 0.0283592 5.51998e-05
6 0.684904 0.64686 0.136869 0.102633 5.52135e-05
7 0.479785 0.471303 0.0159496 0.106685 5.56377e-05
6 0.981825 0.425726 0.0356083 0.205942 5.56701e-05
6 0.479599 0.585753 0.018546 0.0384875 5.60539e-05
6 0.724221 0.690749 0.0263353 0.0405132 5.62768e-05
6 0.6977 0.571573 0.0267062 0.0290344 5.64807e-05
6 0.272255 0.602633 0.0393175 0.049291 5.6862e-05
6 0.00500742 0.0992573 0.0100148 0.0931803 5.76373e-05
6 0.412277 0.0192438 0.0656528 0.0384875 5.81608e-05
6 0.00482196 0.146185 0.00964392 0.10736 5.81784e-05
6 0.00704748 0.120189 0.0103858 0.0972316 5.8192e-05
6 0.267433 0.962863 0.0778932 0.0742741 5.82538e-05
6 0.392619 0.975017 0.0404303 0.0499662 5.83186e-05
6 0.363316 0.0151924 0.0537834 0.0303849 5.84285e-05
6 0.839948 0.975354 0.0819733 0.049291 5.86641e-05
6 0.0157641 0.0391627 0.0315282 0.0783255 5.87776e-05
7 0.409125 0.489534 0.00890208 0.0688724 5.88576e-05
9 0.496105 0.990209 0.0604599 0.0195814 5.90548e-05
6 0.728487 0.64686 0.0274481 0.0391627 5.93039e-05
6 0.721439 0.942944 0.0860534 0.0884537 5.98007e-05
6 0.282456 0.988184 0.0589763 0.0236327 6.00468e-05
6 0.383902 0.586428 0.060089 0.0519919 6.01426e-05
5 0.79822 0.102971 0.19362 0.205942 6.03126e-05
6 0.391135 0.693113 0.0166914 0.0330858 6.08972e-05
6 0.687871 0.591492 0.0552671 0.0580689 6.10831e-05
6 0.46773 0.606009 0.0192878 0.0425388 6.1506e-05
6 0.665987 0.653275 0.0411721 0.0452397 6.15792e-05
9 0.691209 0.99156 0.0441395 0.0168805 6.17178e-05
6 0.0587908 0.670155 0.0804896 0.288319 6.1899e-05
7 0.425631 0.511816 0.0619436 0.0810263 6.19685e-05
6 0.367767 0.685348 0.0255935 0.0324105 6.19874e-05
6 0.589763 0.686698 0.0534125 0.0796759 6.22724e-05
6 0.323813 0.667792 0.0207715 0.033761 6.23591e-05
5 0.266691 0.340311 0.0838279 0.27684 6.24939e-05
6 0.701966 0.642809 0.0218843 0.0364618 6.26903e-05
5 0.929711 0.0938555 0.140579 0.151249 6.28326e-05
6 0.291172 0.663065 0.0445104 0.0486158 6.3144e-05
6 0.723294 0.96185 0.0348665 0.0762998 6.31799e-05
6 0.30434 0.591155 0.0515579 0.0438893 6.32098e-05
6 0.776335 0.678596 0.0341246 0.0594193 6.32246e-05
6 0.624073 0.640783 0.281528 0.162053 6.33978e-05
6 0.378895 0.636732 0.0560089 0.0526671 6.36321e-05
6 0.987945 0.411209 0.0174332 0.114787 6.43144e-05
6 0.414874 0.708305 0.0181751 0.0310601 6.45067e-05
6 0.403004 0.674207 0.0189169 0.0357866 6.50001e-05
6 0.326966 0.656313 0.0196588 0.0324105 6.51468e-05
6 0.00723294 0.143147 0.013724 0.202566 6.5147e-05
6 0.691766 0.632343 0.0215134 0.0330858 6.51715e-05
5 0.760757 0.16813 0.478487 0.336259 6.52416e-05
6 0.393917 0.678258 0.0192878 0.0411884 6.5916e-05
6 0.987389 0.23734 0.0252226 0.174882 6.62155e-05
6 0.301743 0.607022 0.0456231 0.0378123 6.64914e-05
6 0.719956 0.672181 0.0637982 0.0627954 6.66535e-05
3 0.919696 0.624916 0.160608 0.688049 6.71766e-05
6 0.739429 0.687711 0.0634273 0.070898 6.72648e-05
6 0.492025 0.0685348 0.0582344 0.0762998 6.77607e-05
6 0.591803 0.627616 0.0382047 0.0384875 6.78566e-05
6 0.388909 0.6526 0.0678783 0.0573937 6.85018e-05
6 0.681009 0.655638 0.0452522 0.0526671 6.88724e-05
7 0.517619 0.487508 0.0159496 0.0742741 6.92623e-05
6 0.993509 0.260972 0.0129822 0.0992573 6.9352e-05
6 0.0113131 0.962525 0.0144659 0.061445 6.95314e-05
9 0.66543 0.992235 0.0393175 0.01553 6.98131e-05
6 0.785608 0.256246 0.0259644 0.170831 6.99739e-05
9 0.413205 0.985483 0.074184 0.0290344 7.05231e-05
6 0.993138 0.427076 0.013724 0.122215 7.07442e-05
7 0.658939 0.483457 0.117582 0.103984 7.09992e-05
5 0.688984 0.109048 0.281528 0.166779 7.11534e-05
7 0.433234 0.492573 0.0393175 0.0776502 7.14003e-05
5 0.384829 0.33187 0.275593 0.243754 7.16116e-05
6 0.256677 0.0219446 0.0393175 0.0438893 7.16929e-05
5 0.486276 0.3079 0.0519288 0.151249 7.2119e-05
6 0.245364 0.00675219 0.0293027 0.0135044 7.22502e-05
6 0.351818 0.653275 0.0656528 0.0519919 7.26518e-05
6 0.367953 0.697164 0.0437685 0.0573937 7.31899e-05
6 0.050816 0.455773 0.0749258 0.263336 7.3207e-05
7 0.40931 0.533761 0.0396884 0.070898 7.41753e-05
6 0.0936573 0.445307 0.0626855 0.246455 7.45409e-05
6 0.987574 0.309251 0.0248516 0.174207 7.46807e-05
6 0.470883 0.0496286 0.0293027 0.0641458 7.47524e-05
6 0.403561 0.987171 0.037092 0.0256583 7.5e-05
6 0.457344 0.572248 0.014095 0.0303849 7.53604e-05
6 0.990912 0.224173 0.0174332 0.205267 7.56826e-05
6 0.606269 0.649224 0.0174332 0.0357866 7.59565e-05
6 0.376484 0.985483 0.0311573 0.0290344 7.62296e-05
6 0.104228 0.0209318 0.0511869 0.0418636 7.64068e-05
6 0.989243 0.280891 0.0155786 0.103984 7.66291e-05
5 0.20753 0.283255 0.415059 0.50844 7.66849e-05
6 0.630193 0.65395 0.018546 0.0330858 7.67871e-05
6 0.15523 0.632343 0.129451 0.234301 7.69879e-05
6 0.391877 0.615463 0.14503 0.111411 7.70226e-05
6 0.711239 0.574949 0.0241098 0.0425388 7.71645e-05
6 0.321773 0.0158677 0.0604599 0.0317353 7.73411e-05
6 0.356454 0.6921 0.0200297 0.0324105 7.73485e-05
6 0.319547 0.655638 0.0204006 0.033761 7.7577e-05
6 0.48776 0.063133 0.0281899 0.0965564 7.79819e-05
7 0.374073 0.505402 0.0841988 0.111411 7.82294e-05
3 0.851076 0.554018 0.297849 0.746117 7.82555e-05
6 0.222366 0.0212694 0.0671365 0.0425388 7.88658e-05
6 0.487203 0.666779 0.232567 0.153275 7.89978e-05
6 0.477188 0.0259959 0.0330119 0.0519919 7.90268e-05
6 0.613501 0.625591 0.0400593 0.0438893 7.90905e-05
7 0.750742 0.306212 0.0511869 0.127616 7.9414e-05
6 0.992953 0.319716 0.014095 0.115463 7.95121e-05
6 0.264466 0.00506415 0.0259644 0.0101283 7.9719e-05
9 0.0276335 0.990209 0.0515579 0.0195814 7.97653e-05
5 0.205304 0.976367 0.410608 0.0472654 7.98378e-05
6 0.783754 0.687711 0.11276 0.187036 8.04247e-05
6 0.395957 0.595881 0.0174332 0.0330858 8.12064e-05
6 0.318806 0.648211 0.0500742 0.0526671 8.12705e-05
6 0.4375 0.524983 0.0330119 0.0898042 8.14843e-05
6 0.488316 0.0587441 0.0189169 0.0351114 8.19869e-05
6 0.615171 0.686361 0.0181751 0.0344362 8.22903e-05
6 0.434347 0.715733 0.0764095 0.106685 8.3171e-05
0 0.987945 0.777515 0.0204006 0.377448 8.33345e-05
2 0.618509 0.45341 0.273368 0.142471 8.44183e-05
6 0.951224 0.0178933 0.0745549 0.0357866 8.55014e-05
6 0.466617 0.985145 0.0474777 0.0297097 8.57424e-05
6 0.890393 0.0222822 0.0849406 0.0445645 8.57585e-05
6 0.205304 0.0148548 0.0537834 0.0297097 8.69233e-05
6 0.554525 0.109723 0.0408012 0.0357866 8.70298e-05
6 0.339763 0.013842 0.0497033 0.027684 8.71713e-05
6 0.382418 0.0168805 0.0623145 0.033761 8.82209e-05
6 0.987945 0.365294 0.0241098 0.266036 8.8783e-05
6 0.180082 0.0185685 0.0560089 0.0371371 8.89514e-05
6 0.367582 0.675557 0.0207715 0.027684 8.90304e-05
6 0.2398 0.0135044 0.0537834 0.0270088 8.90691e-05
7 0.520215 0.751182 0.0226261 0.0844024 8.97609e-05
0 0.00296736 0.855503 0.00593472 0.125591 8.9798e-05
6 0.670252 0.630655 0.0422849 0.0513167 8.98266e-05
5 0.200668 0.295746 0.129822 0.344362 9.00582e-05
6 0.720512 0.672856 0.260015 0.191087 9.05179e-05
7 0.52615 0.766374 0.0433976 0.140446 9.09591e-05
6 0.436758 0.986158 0.0374629 0.027684 9.11324e-05
6 0.478301 0.0536799 0.013724 0.0344362 9.21428e-05
6 0.288205 0.591155 0.0459941 0.061445 9.22146e-05
5 0.490356 0.0712356 0.169881 0.0857529 9.23865e-05
6 0.710683 0.59183 0.0459941 0.049291 9.24644e-05
6 0.358309 0.605672 0.0623145 0.0634706 9.29187e-05
6 0.704191 0.664754 0.023368 0.0384875 9.29243e-05
6 0.458457 0.582039 0.0163205 0.0270088 9.35182e-05
6 0.503709 0.586766 0.0341246 0.043214 9.3963e-05
6 0.0382047 0.0145172 0.0511869 0.0290344 9.47293e-05
6 0.156528 0.0455773 0.0593472 0.0911546 9.57187e-05
6 0.723294 0.977043 0.0259644 0.0378123 9.58436e-05
5 0.57474 1 0.520401 0 9.63389e-05
5 0.708272 0.121202 0.583457 0.242404 9.79566e-05
6 0.384273 0.673531 0.23368 0.170831 9.8009e-05
6 0.357752 0.674882 0.0181751 0.0303849 9.93667e-05
6 0.73776 0.951722 0.0511869 0.0965564 9.96999e-05
5 0.870549 0.0860905 0.198071 0.172181 0.000100431
6 0.751298 0.663741 0.0530415 0.105334 0.000100445
6 0.698071 0.58339 0.018546 0.0297097 0.000101137
6 0.653375 0.645172 0.0515579 0.0546928 0.000101618
6 0.719028 0.584065 0.0226261 0.0378123 0.000101686
6 0.623702 0.644497 0.050816 0.0533423 0.000101765
7 0.55842 0.728562 0.0493323 0.0999325 0.000102118
6 0.491098 0.0307225 0.0534125 0.061445 0.000102535
6 0.427856 0.582714 0.130935 0.0796759 0.000103209
6 0.29655 0.729575 0.0270772 0.0438893 0.000103451
6 0.988316 0.358879 0.0174332 0.130317 0.000104199
6 0.727003 0.666779 0.0215134 0.0371371 0.000105115
6 0.463835 0.0307225 0.0597181 0.061445 0.000105207
7 0.431936 0.488184 0.0152077 0.0702228 0.000105733
6 0.319177 0.608373 0.0560089 0.0634706 0.00010604
5 0.879451 0.142471 0.241098 0.284943 0.000106956
5 0.708642 0.312627 0.582715 0.625253 0.000107197
3 0.134458 0.639433 0.268917 0.721134 0.000108001
7 0.425445 0.519919 0.018546 0.0607698 0.000108195
6 0.432678 0.565834 0.0211424 0.0459149 0.000108823
6 0.642804 0.653275 0.0207715 0.0317353 0.000108924
6 0.992953 0.373059 0.014095 0.13707 0.000108931
5 0.657456 0.33052 0.384644 0.26131 0.000109377
6 0.424889 0.559757 0.013724 0.0364618 0.000110318
6 0.682307 0.660027 0.0263353 0.0384875 0.000110427
6 0.160608 0.0229575 0.0756677 0.0459149 0.000110673
6 0.641877 0.631668 0.0411721 0.0452397 0.000111885
6 0.46773 0.574274 0.0155786 0.0425388 0.000112925
5 0.503338 0.291695 0.0422849 0.15395 0.000113455
6 0.00704748 0.0732613 0.00964392 0.0898042 0.000114404
6 0.761869 0.691762 0.0548961 0.0911546 0.000115252
6 0.440096 0.0290344 0.0782641 0.0580689 0.000115703
4 0.510571 0.854828 0.917285 0.290344 0.000116354
6 0.591988 0.660702 0.0378338 0.0371371 0.000116913
6 0.471439 0.0452397 0.014095 0.0486158 0.000118257
6 0.642804 0.658677 0.0363501 0.0384875 0.000119437
6 0.29822 0.603309 0.0222552 0.0303849 0.000119616
6 0.476632 0.0496286 0.0192878 0.0992573 0.000120856
5 0.486647 0.222147 0.347923 0.261985 0.000121036
7 0.439169 0.741053 0.037092 0.0911546 0.000121314
6 0.00964392 0.948008 0.0178042 0.103984 0.000121994
6 0.73609 0.97603 0.0574926 0.0479406 0.000122275
5 0.294325 0.297097 0.153932 0.341661 0.000122702
5 0.491654 0.0320729 0.226632 0.0641458 0.00012334
6 0.430453 0.640783 0.0530415 0.0648211 0.000125656
6 0.388353 0.690412 0.0467359 0.0546928 0.00012706
6 0.367211 0.671506 0.0430267 0.0425388 0.000127335
6 0.388353 0.987171 0.0356083 0.0256583 0.000128148
6 0.735534 0.63133 0.0200297 0.0270088 0.000128614
5 0.199184 0.912221 0.398368 0.175557 0.000129102
6 0.650593 0.653275 0.0163205 0.0303849 0.000129359
6 0.618509 0.658001 0.0344955 0.0425388 0.000130123
6 0.99388 0.0989197 0.0122404 0.118163 0.000133029
5 0.196588 0.128292 0.393175 0.256583 0.000134164
7 0.416543 0.506752 0.0252226 0.0735989 0.00013428
5 0.847737 0.932478 0.304525 0.135044 0.000134729
6 0.989985 0.190749 0.014095 0.104659 0.000135011
6 0.404117 0.691762 0.0211424 0.0330858 0.000136332
7 0.427114 0.491897 0.00704748 0.0735989 0.000138699
5 0.518546 0.957461 0.543027 0.0850777 0.000138726
6 0.00667656 0.0425388 0.0126113 0.0850777 0.000139099
5 0.160052 0.952397 0.320104 0.0952059 0.000139721
6 0.254451 0.00540176 0.0304154 0.0108035 0.000139783
5 0.810831 0.908508 0.378338 0.182984 0.000140408
6 0.990356 0.0911546 0.0126113 0.113437 0.000140616
7 0.412834 0.492573 0.0497033 0.0803511 0.00014079
7 0.526521 0.492235 0.0359792 0.0837272 0.000144488
6 0.732938 0.616475 0.0474777 0.0756246 0.000144992
7 0.479785 0.753883 0.0248516 0.155976 0.000146153
6 0.783568 0.245105 0.013724 0.0594193 0.000146393
6 0.994065 0.20054 0.0118694 0.0999325 0.00015001
0 0.00816024 0.851114 0.0155786 0.273464 0.000151225
6 0.742025 0.656313 0.118323 0.140446 0.000152555
7 0.429525 0.504727 0.0215134 0.111411 0.000153177
7 0.487203 0.486496 0.0478487 0.0884537 0.000158001
6 0.00612018 0.986496 0.0122404 0.0270088 0.000158149
6 0.76391 0.675895 0.0263353 0.0513167 0.000158433
7 0.531157 0.737677 0.0281899 0.10871 0.000158651
6 0.790245 0.245442 0.0204006 0.0533423 0.000159285
6 0.476818 0.0307225 0.009273 0.0452397 0.000159774
6 0.790245 0.245105 0.027819 0.0999325 0.00015991
6 0.594585 0.643822 0.0400593 0.0479406 0.00015994
5 0.816951 0.19919 0.366098 0.388926 0.000160298
6 0.691209 0.634706 0.0359792 0.0499662 0.000161579
6 0.414874 0.574949 0.0218843 0.0384875 0.000162717
7 0.77819 0.287643 0.0296736 0.302498 0.000162738
6 0.378524 0.687373 0.0211424 0.033761 0.000165419
5 0.122774 0.11445 0.245549 0.228899 0.000165578
6 0.990356 0.0604321 0.0170623 0.120864 0.000165719
6 0.412463 0.565496 0.014095 0.0398379 0.000166813
6 0.255378 0.0114787 0.0426558 0.0229575 0.000167161
7 0.495549 0.482444 0.0133531 0.0776502 0.00016743
6 0.470326 0.594531 0.0400593 0.0411884 0.000170214
6 0.00519288 0.975017 0.0103858 0.0499662 0.000171648
6 0.784125 0.699527 0.0341246 0.0513167 0.000172703
6 0.477188 0.635044 0.418027 0.222147 0.000177495
6 0.991469 0.146523 0.0170623 0.193113 0.000181372
7 0.509273 0.482107 0.0155786 0.0904794 0.000181503
5 0.498516 0.103309 0.655044 0.206617 0.000183982
6 0.391135 0.609386 0.0419139 0.0452397 0.000188686
6 0.992582 0.0222822 0.0148368 0.0445645 0.000190835
6 0.990171 0.142809 0.0129822 0.103309 0.000192011
6 0.755378 0.950034 0.106454 0.0999325 0.000194536
6 0.710497 0.643822 0.0530415 0.049291 0.000195944
6 0.149481 0.0165429 0.0459941 0.0330858 0.000197233
6 0.994251 0.151924 0.0114985 0.101283 0.000201609
6 0.0113131 0.0175557 0.0226261 0.0351114 0.000201829
6 0.412648 0.692775 0.0419139 0.0472654 0.000205099
6 0.418769 0.582714 0.0363501 0.0351114 0.000205601
6 0.00686202 0.013842 0.0122404 0.027684 0.000205624
6 0.906157 0.379811 0.0586053 0.112762 0.000206558
7 0.423961 0.5 0.0126113 0.0803511 0.000208604
6 0.742211 0.689061 0.0244807 0.0398379 0.000210479
6 0.40523 0.597907 0.0352374 0.0465901 0.000211729
6 0.53839 0.621539 0.0411721 0.0384875 0.000213168
6 0.532456 0.640108 0.064911 0.076975 0.000214967
7 0.464392 0.742066 0.0296736 0.0904794 0.000217213
6 0.559162 0.690749 0.0367211 0.0796759 0.000224373
6 0.741098 0.637407 0.0311573 0.0378123 0.000228961
3 0.513353 0.91526 0.704006 0.16948 0.000230065
6 0.375556 0.675557 0.0211424 0.0290344 0.000234375
6 0.0064911 0.0297097 0.009273 0.0594193 0.000234508
6 0.460312 0.615125 0.0289317 0.0405132 0.000249081
7 0.420809 0.505739 0.0100148 0.109386 0.000251303
6 0.989985 0.0357866 0.0126113 0.0715733 0.000253191
5 0.495364 0.0790007 0.334199 0.112086 0.000255537
7 0.485349 0.486496 0.013724 0.0776502 0.000256231
6 0.535052 0.696489 0.0337537 0.0898042 0.000260711
5 0.217359 0.934841 0.403561 0.120864 0.000265241
6 0.436387 0.621202 0.0426558 0.0445645 0.000294547
6 0.497404 0.599595 0.0497033 0.0540176 0.000301504
6 0.741283 0.66104 0.0411721 0.0567184 0.000303391
6 0.385942 0.669142 0.046365 0.0405132 0.000312182
6 0.784496 0.703241 0.0734421 0.100608 0.000314652
6 0.561944 0.638758 0.0341246 0.0499662 0.000316462
6 0.0964392 0.441931 0.0452522 0.10736 0.0003189
6 0.418769 0.588116 0.0534125 0.0634706 0.00032992
6 0.408197 0.660365 0.0352374 0.0378123 0.000339824
3 0.169881 0.63842 0.238131 0.635382 0.0003455
2 0.504637 0.467252 0.0708457 0.0810263 0.000348474
2 0.369251 0.463538 0.284496 0.145172 0.000350385
5 0.839948 0.97029 0.320104 0.0594193 0.000350406
5 0.196773 0.969278 0.393546 0.0600945 0.000373231
6 0.689726 0.6553 0.0218843 0.0384875 0.000380768
6 0.742953 0.666104 0.022997 0.0398379 0.000386901
7 0.508902 0.49156 0.0482196 0.0742741 0.000395437
6 0.751855 0.66948 0.0267062 0.0438893 0.000447624
7 0.42155 0.49156 0.00630564 0.0783255 0.000470057
7 0.511684 0.738015 0.0382047 0.135044 0.000474394
3 0.472181 0.588791 0.699555 0.372721 0.000491214
7 0.751113 0.309926 0.0534125 0.294396 0.000494979
6 0.480527 0.684673 0.0456231 0.0904794 0.000496178
6 0.488131 0.618163 0.0318991 0.0425388 0.000530835
6 0.438984 0.700878 0.0367211 0.0661715 0.00053307
6 0.464763 0.703916 0.0311573 0.070898 0.000542218
5 0.499629 0.142134 0.468101 0.196489 0.000554894
6 0.471068 0.6526 0.0400593 0.0735989 0.000559775
6 0.513724 0.619851 0.0356083 0.0418636 0.000575132
3 0.859978 0.616475 0.257047 0.656313 0.00057524
5 0.501298 0.302836 0.0738131 0.209993 0.000598663
6 0.287092 0.595881 0.0281899 0.0303849 0.00060337
3 0.762611 0.689399 0.474777 0.382174 0.00062821
6 0.47385 0.626266 0.0471068 0.049291 0.000691188
4 0.291543 0.740378 0.338279 0.29102 0.000769982
6 0.484236 0.735652 0.0485905 0.115463 0.000776715
6 0.427114 0.594193 0.0226261 0.0391627 0.000826833
6 0.540059 0.649224 0.0385757 0.0465901 0.000905064
5 0.326409 0.29372 0.291543 0.410533 0.000970483
5 0.512426 0.948008 0.890579 0.103984 0.00101515
6 0.435274 0.657664 0.0307864 0.0378123 0.00102744
6 0.524666 0.714382 0.0567507 0.12154 0.00103139
4 0.487203 0.735652 0.426929 0.272113 0.00104008
6 0.409866 0.587103 0.0200297 0.0384875 0.00116428
6 0.465875 0.648886 0.0296736 0.043214 0.00120487
6 0.53227 0.636394 0.0341246 0.0506415 0.00137193
6 0.504451 0.670831 0.0578635 0.0749494 0.00153205
6 0.471996 0.707292 0.0864243 0.100608 0.00154249
6 0.515579 0.654288 0.0356083 0.0513167 0.00169166
6 0.502596 0.639433 0.0400593 0.0526671 0.00186317
7 0.504266 0.489872 0.101261 0.101958 0.00195771
6 0.490727 0.654625 0.0326409 0.0519919 0.00217909
6 0.76224 0.702228 0.0348665 0.0513167 0.00218418
5 0.506862 0.988521 0.677671 0.0229575 0.00441457
6 0.49796 0.711006 0.0760386 0.076975 0.00604878
6 0.421736 0.583052 0.0155786 0.0317353 0.00976482
6 0.416543 0.581702 0.0133531 0.0317353 0.0549261
3 0.535237 0.664078 0.908012 0.643484 0.322666
7 0.769288 0.71472 0.0363501 0.0587441 0.508877
4 0.507604 0.724848 0.758531 0.343687 0.828083
2 0.500371 0.464213 0.517062 0.176232 0.890972
5 0.499629 0.29102 0.54822 0.348413 0.892103
