6 0.246286 0 0.0217894 0 2.1582e-05
6 0.315781 0.0436105 0.0630571 0.076403 2.1615e-05
6 0.76725 0.965517 0.0283922 0.0527383 2.16875e-05
7 0.450149 0.431373 0.0207989 0.0797836 2.17162e-05
8 0.0455596 0.795132 0.0911192 0.389452 2.17617e-05
6 0.347639 0.96687 0.0303731 0.045977 2.17675e-05
9 0.817266 0.410412 0.0207989 0.040568 2.17947e-05
6 0.797623 0.936444 0.053483 0.127113 2.18478e-05
6 0.347805 0.542258 0.0960713 0.0851927 2.19065e-05
6 0.647408 0.643678 0.0303731 0.0500338 2.19138e-05
5 0.135358 0.0747126 0.175636 0.149425 2.19139e-05
6 0.853747 0.964503 0.0541433 0.0669371 2.19375e-05
2 0.29069 0.460108 0.166061 0.13455 2.19511e-05
6 0.79069 0.473293 0.0270716 0.0365112 2.19981e-05
7 0.343513 0.435091 0.0247606 0.0723462 2.21207e-05
6 0.259327 0.0199459 0.0392869 0.0398918 2.21591e-05
7 0.433311 0.694388 0.0723011 0.14334 2.21603e-05
6 0.51172 0.139283 0.0957412 0.150101 2.21959e-05
9 0.556289 0.993915 0.0343348 0.0121704 2.21973e-05
6 0.590624 0.574037 0.20931 0.106829 2.22028e-05
6 0.0556289 0.648411 0.0993727 0.381339 2.22131e-05
6 0.919775 0.128803 0.0759327 0.125085 2.22264e-05
6 0.0693298 0.497972 0.0805546 0.230561 2.22373e-05
6 0.392374 0.970926 0.0340046 0.0581474 2.22564e-05
5 0.171839 0.0314402 0.161439 0.0628803 2.22638e-05
0 0.00676791 0.86883 0.0135358 0.262339 2.23245e-05
6 0.61654 0.103448 0.0260812 0.0311021 2.23747e-05
6 0.86134 0.957404 0.0244305 0.0622042 2.23912e-05
6 0.382304 0.981744 0.0264114 0.0324544 2.24076e-05
6 0.706174 0.0169033 0.0501816 0.0338066 2.24753e-05
6 0.362166 0.538878 0.145262 0.129817 2.2503e-05
8 0.376857 0.968898 0.0392869 0.0622042 2.25385e-05
7 0.630241 0.40906 0.0132057 0.0851927 2.25477e-05
7 0.438594 0.437796 0.0260812 0.100744 2.2571e-05
9 0.516507 0.020284 0.0359855 0.040568 2.25775e-05
6 0.233575 0.459432 0.0293826 0.0696416 2.25797e-05
9 0.122648 0.989858 0.0927699 0.020284 2.26031e-05
6 0.361671 0.65551 0.0432486 0.0872211 2.26051e-05
6 0.415484 0.569642 0.0148564 0.035835 2.26111e-05
5 0.230769 0.333333 0.192803 0.233942 2.26579e-05
6 0.317597 0.642326 0.0336745 0.0527383 2.27371e-05
6 0.971278 0.954699 0.0402773 0.066261 2.2776e-05
6 0.58171 0.982421 0.0290525 0.0270453 2.28417e-05
4 0.991416 0.77789 0.0171674 0.260311 2.28754e-05
6 0.409046 0.553076 0.0237702 0.0392157 2.2883e-05
6 0.278805 0.990872 0.051172 0.0182556 2.28921e-05
6 0.113734 0.971264 0.0564543 0.0574713 2.2905e-05
6 0.484813 0.535835 0.0300429 0.0480054 2.2914e-05
6 0.840046 0.500676 0.100033 0.169709 2.30406e-05
6 0.16342 0.0212982 0.0594256 0.0425963 2.30884e-05
6 0.52278 0.651116 0.0201387 0.0689655 2.31063e-05
6 0.392704 0.0622042 0.125124 0.0892495 2.31196e-05
6 0.792506 0.0135227 0.0287224 0.0270453 2.31297e-05
6 0.279135 0.595673 0.0168372 0.0283976 2.31662e-05
9 0.645428 0 0.0250908 0 2.32203e-05
6 0.113569 0.0182556 0.0594256 0.0365112 2.32449e-05
6 0.770221 0.136917 0.0191482 0.0344828 2.32775e-05
6 0.741829 0.675794 0.0376362 0.0831643 2.32828e-05
6 0.333113 0.0185936 0.0389568 0.0371873 2.32937e-05
6 0.689832 0.0118323 0.0280621 0.0128465 2.33386e-05
6 0.846979 0.955037 0.0267415 0.0588235 2.3404e-05
6 0.882139 0.0240027 0.0515021 0.0480054 2.34553e-05
6 0.892044 0.958756 0.0231099 0.0500338 2.34952e-05
6 0.573292 0.963489 0.0392869 0.0730223 2.35045e-05
2 0.824034 0.397904 0.171674 0.169709 2.35058e-05
6 0.705678 0.664976 0.172664 0.167005 2.35128e-05
6 0.540938 0.969574 0.0307032 0.0473293 2.35224e-05
6 0.0150215 0.34787 0.0300429 0.272481 2.3545e-05
6 0.403764 0.567951 0.0198085 0.0365112 2.35605e-05
7 0.512876 0.677485 0.0260812 0.0851927 2.36027e-05
6 0.542093 0.99121 0.0330142 0.0175794 2.36332e-05
6 0.790855 0.117309 0.0670188 0.11021 2.36579e-05
7 0.618521 0.410751 0.0181578 0.127789 2.36689e-05
9 0.135028 0.991548 0.270056 0.0169033 2.36738e-05
9 0.38346 0.998986 0.0815451 0.0020284 2.36873e-05
5 0.436778 0.990534 0.585012 0.0189317 2.37251e-05
6 0.787554 0.0240027 0.0267415 0.0480054 2.37351e-05
6 0.176296 0.96687 0.0541433 0.0622042 2.37549e-05
6 0.466326 0.975659 0.0406075 0.0486815 2.37984e-05
6 0.556289 0.0135227 0.0323539 0.0270453 2.38016e-05
6 0.639155 0.0486815 0.0660284 0.0757268 2.38595e-05
5 0.335754 0.923259 0.671509 0.153482 2.38632e-05
6 0.254539 0.0121704 0.0191482 0.0121704 2.3878e-05
4 0.990426 0.724814 0.0191482 0.504395 2.39009e-05
6 0.180258 0.954699 0.0264114 0.0635565 2.39876e-05
6 0.641796 0.668019 0.0363156 0.066261 2.40069e-05
6 0.352592 0.554091 0.0184879 0.0331305 2.40139e-05
6 0.432981 0.00540906 0.0234401 0.0108181 2.41225e-05
9 0.079069 0.997972 0.0524926 0.0040568 2.41292e-05
6 0.991746 0.020622 0.0165071 0.0412441 2.41313e-05
6 0.0536481 0.243408 0.0742819 0.0757268 2.41612e-05
7 0.492407 0.38641 0.0221195 0.0709939 2.41637e-05
6 0.53483 0.465179 0.0323539 0.0622042 2.42031e-05
6 0.306207 0.040568 0.0300429 0.045977 2.42365e-05
6 0.91763 0.435429 0.0676791 0.121704 2.42497e-05
5 0.810333 0.0466531 0.311984 0.0933063 2.42581e-05
7 0.483823 0.385057 0.0181578 0.0669371 2.43074e-05
6 0.733245 0.0500338 0.0435787 0.0527383 2.43455e-05
6 0.332783 0.96146 0.0297128 0.0527383 2.43602e-05
6 0.76659 0.0436105 0.112248 0.0872211 2.43994e-05
6 0.730604 0.906694 0.0950809 0.108181 2.44156e-05
6 0.61654 0.67309 0.0379663 0.0777552 2.44262e-05
6 0.369759 0.020622 0.0382965 0.0412441 2.44378e-05
6 0.226808 0.0226504 0.0231099 0.0453009 2.4441e-05
9 0.0201387 0.999662 0.0402773 0.000676133 2.44666e-05
6 0.541928 0.109195 0.0425883 0.0858688 2.45543e-05
6 0.632717 0.990196 0.0386266 0.0196078 2.4601e-05
6 0.394355 0.0030426 0.0201387 0.00608519 2.46145e-05
6 0.242159 0.0638945 0.0141961 0.0290737 2.46577e-05
6 0.816771 0.952333 0.0277319 0.0574713 2.46578e-05
9 0.480522 0.995605 0.0366458 0.00878972 2.46816e-05
5 0.427699 0.228871 0.344998 0.317106 2.4755e-05
6 0.40657 0.521636 0.0274018 0.035835 2.47687e-05
6 0.723671 0.957404 0.0336745 0.0851927 2.48098e-05
6 0.447838 0.584517 0.0174975 0.0507099 2.48336e-05
6 0.989766 0.197431 0.0204688 0.23259 2.48798e-05
0 0.996368 0.740703 0.00726312 0.195402 2.50688e-05
6 0.288874 0.0429344 0.0726312 0.0723462 2.509e-05
9 0.690327 0.969236 0.0739518 0.0615281 2.50964e-05
6 0.380984 0.0010142 0.0217894 0.0020284 2.51205e-05
8 0.602344 0.994253 0.0406075 0.0114943 2.5153e-05
5 0.865137 0.0338066 0.136349 0.0676133 2.51981e-05
6 0.202377 0.584517 0.0911192 0.15213 2.52888e-05
9 0.543084 0.996281 0.0429185 0.00743746 2.53061e-05
5 0.755365 0.981744 0.48927 0.0365112 2.53489e-05
6 0.0874876 0.253212 0.0680092 0.208925 2.54312e-05
6 0.391053 0.565923 0.016177 0.0324544 2.5457e-05
6 0.678112 0.96146 0.0316936 0.0770791 2.54613e-05
6 0.641631 0.521974 0.0241004 0.0378634 2.55684e-05
6 0.884615 0.96856 0.0518323 0.0507099 2.56405e-05
6 0.590459 0.6119 0.0188181 0.045977 2.56793e-05
6 0.451634 0.551048 0.0191482 0.040568 2.57596e-05
6 0.431826 0.0121704 0.0382965 0.0243408 2.57665e-05
5 0.32453 0.0527383 0.3724 0.105477 2.58364e-05
6 0.227303 0.0331305 0.0307032 0.066261 2.58811e-05
7 0.347474 0.432725 0.055794 0.091954 2.59146e-05
6 0.259822 0.963489 0.0244305 0.0554429 2.59769e-05
6 0.427864 0.568289 0.0132057 0.035835 2.60012e-05
6 0.799934 0.953685 0.0303731 0.056119 2.60128e-05
6 0.524761 0.554429 0.0174975 0.0567951 2.60569e-05
6 0.305051 0.035835 0.0165071 0.025693 2.6082e-05
9 0.658963 0 0.0310333 0 2.60909e-05
6 0.762628 0.608857 0.0224497 0.0439486 2.61314e-05
6 0.526742 0.489858 0.0135358 0.0642326 2.61503e-05
6 0.424563 0.555443 0.0191482 0.0398918 2.61725e-05
5 0.975735 0.183232 0.0485309 0.340771 2.63293e-05
6 0.226312 0.051048 0.0194784 0.102096 2.63573e-05
6 0.237042 0.625423 0.107626 0.17309 2.63701e-05
6 0.692308 0.663624 0.0310333 0.0547667 2.64711e-05
6 0.832618 0.955375 0.0257511 0.0581474 2.65168e-05
6 0.768901 0.501352 0.0389568 0.0425963 2.65397e-05
6 0.865632 0.109872 0.0323539 0.0723462 2.65435e-05
6 0.494223 0.978702 0.0310333 0.0371873 2.6554e-05
6 0.366127 0.051048 0.0600858 0.076403 2.66309e-05
6 0.304556 0.99121 0.0485309 0.0175794 2.66431e-05
6 0.421096 0.614943 0.0234401 0.0520622 2.6722e-05
0 0.996203 0.897228 0.00759327 0.189317 2.69056e-05
6 0.0100693 0.0469912 0.0201387 0.0939824 2.69516e-05
6 0.367613 0.990534 0.0313635 0.0189317 2.70058e-05
7 0.457082 0.416836 0.0168372 0.127789 2.70234e-05
6 0.66375 0.963151 0.0333443 0.0736984 2.70501e-05
5 0.17448 0.170047 0.173985 0.241379 2.71446e-05
4 0.70865 0.770115 0.474414 0.324544 2.7249e-05
6 0.301089 0.960446 0.0264114 0.0507099 2.72618e-05
7 0.437768 0.403313 0.0508419 0.130494 2.72775e-05
7 0.433972 0.705882 0.0280621 0.118999 2.73493e-05
6 0.404589 0.990196 0.0333443 0.0196078 2.73856e-05
2 0.796798 0.420216 0.0828656 0.116971 2.74404e-05
6 0.990426 0.276538 0.0191482 0.344828 2.746e-05
5 0.715583 0.911765 0.456586 0.176471 2.76783e-05
6 0.395015 0.0378634 0.0967316 0.0757268 2.77777e-05
6 0.390558 0.59094 0.0158468 0.0324544 2.77983e-05
6 0.25586 0.015551 0.0369759 0.0311021 2.78246e-05
6 0.856883 0.428668 0.00957412 0.025693 2.78494e-05
6 0.341367 0.539216 0.0171674 0.0331305 2.79818e-05
6 0.248927 0.0277214 0.0217894 0.0270453 2.79876e-05
6 0.24348 0.0223124 0.0128755 0.0175794 2.81288e-05
6 0.460053 0.578769 0.277649 0.15551 2.81633e-05
6 0.219214 0.583164 0.053483 0.081812 2.82044e-05
7 0.45345 0.417174 0.0379663 0.114943 2.8243e-05
8 0.0062727 0.811697 0.0125454 0.376606 2.82889e-05
6 0.710961 0.507437 0.0300429 0.035835 2.83144e-05
7 0.507428 0.388438 0.0204688 0.081812 2.8378e-05
5 0.0566193 0.051048 0.113239 0.102096 2.84461e-05
6 0.453945 0.503043 0.013866 0.0378634 2.85391e-05
6 0.736547 0.970588 0.0277319 0.0520622 2.8545e-05
5 0.0614064 0.955713 0.122813 0.0885734 2.86188e-05
6 0.647739 0.519946 0.0931 0.0797836 2.86367e-05
9 0.512215 0.997634 0.0452294 0.00473293 2.86802e-05
9 0.962364 0.962475 0.0752724 0.0750507 2.86904e-05
6 0.282932 0.0327924 0.11621 0.0655849 2.8719e-05
6 0.529383 0.984787 0.0406075 0.030426 2.87566e-05
6 0.990096 0.00946586 0.0132057 0.0189317 2.87918e-05
9 0.0868273 0.979378 0.0983823 0.0412441 2.88195e-05
2 0.94272 0.393847 0.0637174 0.230561 2.88549e-05
9 0.732915 0.0233266 0.048861 0.0466531 2.88748e-05
6 0.756685 0.623394 0.0343348 0.0770791 2.89434e-05
6 0.344173 0.0469912 0.0637174 0.0791075 2.89838e-05
9 0.993232 0.982082 0.0135358 0.035835 2.90829e-05
6 0.526246 0.462813 0.0125454 0.076403 2.9101e-05
6 0.856388 0.431711 0.0257511 0.0331305 2.91534e-05
6 0.226477 0.0212982 0.00858369 0.0169033 2.91956e-05
6 0.77798 0.567951 0.0194784 0.0432725 2.921e-05
6 0.588478 0.0169033 0.0597557 0.0338066 2.92195e-05
6 0.306042 0.0121704 0.0198085 0.0216362 2.92762e-05
6 0.309508 0.499324 0.0300429 0.0425963 2.92857e-05
6 0.432156 0.0341447 0.0917795 0.0682894 2.92881e-05
6 0.540938 0.0513861 0.0498514 0.0689655 2.92944e-05
6 0.407395 0.0273834 0.0184879 0.0344828 2.93651e-05
2 0.82651 0.934415 0.346979 0.13117 2.94361e-05
5 0.851271 0.0882353 0.297458 0.176471 2.9505e-05
6 0.974249 0.926978 0.0515021 0.146045 2.95562e-05
6 0.241664 0.959432 0.0217894 0.0594997 2.95998e-05
6 0.376362 0.470588 0.0402773 0.0757268 2.96853e-05
6 0.317266 0.65213 0.0171674 0.0371873 2.97747e-05
6 0.00528227 0.200811 0.0105645 0.118999 2.98017e-05
6 0.349125 0.030426 0.100033 0.0608519 2.99043e-05
6 0.648069 0.965855 0.0336745 0.0682894 2.99491e-05
6 0.881644 0.0463151 0.051172 0.0926302 3.00134e-05
8 0.630901 1 0.178277 0 3.00812e-05
6 0.270056 0.963827 0.0290525 0.0534145 3.01099e-05
6 0.491416 0.0453009 0.0538131 0.0770791 3.01307e-05
6 0.752063 0.969912 0.0283922 0.0493577 3.01382e-05
6 0.447012 0.030764 0.0303731 0.0615281 3.01547e-05
6 0.518158 0.0493577 0.0551337 0.0784314 3.01963e-05
6 0.438759 0.557809 0.0191482 0.0365112 3.02558e-05
7 0.509409 0.438134 0.0145262 0.0892495 3.02769e-05
6 0.899307 0.473969 0.0970617 0.154158 3.03607e-05
5 0.678442 0.968898 0.241664 0.0622042 3.04017e-05
6 0.657643 0.881001 0.0356553 0.0486815 3.04607e-05
6 0.691812 0.961122 0.0320238 0.0777552 3.0466e-05
6 0.611918 0.0672752 0.0868273 0.0912779 3.047e-05
6 0.226147 0.959432 0.0198085 0.0622042 3.06465e-05
9 0.672004 0.0229885 0.0472103 0.045977 3.0723e-05
6 0.393199 0.0118323 0.0369759 0.0236646 3.07283e-05
6 0.618356 0.107505 0.044239 0.0527383 3.07892e-05
6 0.59277 0.495267 0.128425 0.0777552 3.08286e-05
6 0.602014 0.963151 0.0386266 0.0736984 3.09777e-05
6 0.688676 0.0385396 0.0772532 0.07167 3.09841e-05
6 0.1035 0.501014 0.0769231 0.151454 3.10291e-05
6 0.907065 0.515213 0.0406075 0.0770791 3.10888e-05
6 0.0896335 0.169709 0.0610763 0.0797836 3.112e-05
6 0.787884 0.0229885 0.0498514 0.045977 3.11508e-05
6 0.408881 0.0436105 0.0194784 0.035835 3.12386e-05
6 0.777154 0.156187 0.0132057 0.0338066 3.12491e-05
9 0.388907 0.973969 0.0732915 0.0520622 3.12649e-05
5 0.322549 0.0676133 0.194784 0.102772 3.12715e-05
6 0.286233 0.96146 0.0297128 0.0527383 3.12903e-05
6 0.351271 0.517918 0.0105645 0.0297498 3.13063e-05
5 0.74513 0.97904 0.390228 0.0419202 3.1387e-05
5 0.260317 1 0.203698 0 3.14456e-05
6 0.245626 0.0250169 0.0310333 0.0486815 3.14789e-05
5 0.941235 0.0246788 0.117531 0.0493577 3.14846e-05
6 0.00759327 0.0564571 0.00858369 0.107505 3.15659e-05
7 0.586002 0.414469 0.0125454 0.0770791 3.15675e-05
6 0.343017 0.654834 0.0468802 0.0845166 3.15809e-05
6 0.444701 0.611562 0.0198085 0.0534145 3.15944e-05
5 0.257676 0.0665991 0.167382 0.115619 3.16566e-05
6 0.98729 0.942191 0.0174975 0.102096 3.16832e-05
6 0.45378 0.989182 0.0320238 0.0216362 3.17781e-05
5 0.743315 0.164638 0.210961 0.279243 3.17923e-05
6 0.760482 0.58215 0.113899 0.140636 3.18143e-05
6 0.644272 0.88979 0.0597557 0.07167 3.18641e-05
6 0.707824 0.666329 0.0402773 0.0669371 3.19113e-05
5 0.880984 0.0594997 0.0980522 0.118999 3.20109e-05
6 0.410036 0.0449628 0.0356553 0.0628803 3.21244e-05
6 0.770881 0.163962 0.0323539 0.0574713 3.2142e-05
8 0.571641 0.994253 0.0439089 0.0114943 3.21652e-05
6 0.243315 0.0446247 0.0277319 0.0567951 3.22198e-05
6 0.226312 0.0453009 0.00891383 0.0283976 3.22373e-05
9 0.754044 0.00912779 0.0429185 0.0182556 3.22391e-05
7 0.497359 0.649425 0.0207989 0.0750507 3.22428e-05
6 0.378013 0.965179 0.034995 0.0696416 3.22534e-05
3 0.179267 0.488168 0.358534 0.851927 3.22929e-05
6 0.409871 0.47025 0.0366458 0.0709939 3.23846e-05
6 0.762133 0.0196078 0.0683394 0.0392157 3.24715e-05
6 0.654011 0.984787 0.039617 0.030426 3.25031e-05
6 0.648729 0.507099 0.0125454 0.0270453 3.25047e-05
5 0.776659 0.214334 0.446682 0.428668 3.25098e-05
9 0.515847 0.0010142 0.0234401 0.0020284 3.25214e-05
6 0.630406 0.50169 0.0168372 0.0297498 3.27882e-05
6 0.318587 0.0111562 0.0191482 0.0223124 3.28425e-05
6 0.716243 0.520284 0.0128755 0.0317782 3.28735e-05
6 0.786233 0.0189317 0.0108947 0.0270453 3.29449e-05
6 0.29102 0.660243 0.0168372 0.0398918 3.29495e-05
6 0.995543 0.620014 0.00891383 0.178499 3.30011e-05
7 0.625289 0.423259 0.0165071 0.0689655 3.30562e-05
6 0.387091 0.0172414 0.060416 0.0344828 3.31301e-05
6 0.393364 0.0524003 0.0571146 0.0777552 3.31312e-05
6 0.946517 0.478364 0.0845163 0.2238 3.31593e-05
6 0.57032 0.454361 0.0122153 0.0527383 3.31657e-05
6 0.537141 0.493577 0.0165071 0.0594997 3.32619e-05
6 0.508254 0.486815 0.0201387 0.0689655 3.32881e-05
6 0.638825 0.54023 0.147243 0.0987154 3.33327e-05
5 0.416639 0.0175794 0.145923 0.0351589 3.33925e-05
6 0.330472 0.99121 0.048861 0.0175794 3.34469e-05
6 0.76758 0.157877 0.013866 0.0263692 3.34513e-05
6 0.228128 0.0507099 0.0719709 0.10142 3.35643e-05
6 0.422912 0.593306 0.0198085 0.0520622 3.3607e-05
5 0.764279 0.13455 0.108947 0.132522 3.36103e-05
9 0.566689 0.993915 0.0445692 0.0121704 3.36268e-05
6 0.0912843 0.100068 0.0960713 0.110886 3.37971e-05
6 0.714427 0.542596 0.0937603 0.0804598 3.38996e-05
6 0.705183 0.524679 0.0184879 0.0324544 3.39396e-05
6 0.720535 0.649763 0.0359855 0.0446247 3.41358e-05
6 0.65236 0.657877 0.0171674 0.0446247 3.43081e-05
6 0.91796 0.3881 0.0822053 0.146045 3.43124e-05
6 0.528722 0.0212982 0.0709805 0.0425963 3.43795e-05
6 0.98894 0.235632 0.0128755 0.133198 3.44301e-05
7 0.341532 0.438134 0.011555 0.0676133 3.44994e-05
6 0.776989 0.585869 0.0194784 0.0371873 3.45078e-05
7 0.600198 0.407032 0.0277319 0.086545 3.46296e-05
5 0.793661 0.880663 0.382965 0.149425 3.46345e-05
6 0.797623 0.564571 0.126114 0.209601 3.46458e-05
7 0.51172 0.652468 0.0198085 0.0811359 3.46832e-05
5 0.634533 0.0770791 0.370419 0.151454 3.47715e-05
6 0.790855 0.0537525 0.0458897 0.0939824 3.47811e-05
6 0.292506 0.59973 0.0178277 0.0311021 3.48007e-05
6 0.306042 0.61021 0.0204688 0.0344828 3.49593e-05
6 0.307362 0.0185936 0.0369759 0.0371873 3.50704e-05
6 0.264279 0.560852 0.0194784 0.0331305 3.51221e-05
6 0.634038 0.96856 0.0313635 0.0628803 3.51411e-05
6 0.705844 0.974307 0.0283922 0.0473293 3.51533e-05
9 0.0247606 0.957066 0.0495213 0.0601758 3.51839e-05
6 0.487455 0.471602 0.0241004 0.0628803 3.51985e-05
6 0.467481 0.484111 0.034995 0.0622042 3.52917e-05
6 0.234401 0.000676133 0.0158468 0.00135227 3.53334e-05
6 0.855728 0.449966 0.0250908 0.0371873 3.53339e-05
6 0.854903 0.933063 0.105976 0.133874 3.53385e-05
9 0.719544 0 0.0366458 0 3.54324e-05
5 0.874051 0.187289 0.187851 0.308316 3.55376e-05
5 0.314625 0.912779 0.437768 0.174442 3.55962e-05
7 0.412512 0.693712 0.0445692 0.106829 3.56046e-05
6 0.458567 0.981406 0.0369759 0.0371873 3.56934e-05
9 0.296633 1 0.0808848 0 3.57129e-05
6 0.594421 0.538202 0.0287224 0.0392157 3.57794e-05
7 0.528227 0.418864 0.0145262 0.148073 3.60349e-05
8 0.435127 0.99121 0.048861 0.0175794 3.60483e-05
2 0.23242 0.429682 0.143942 0.141312 3.61501e-05
9 0.504127 0.992563 0.0482007 0.0148749 3.61756e-05
6 0.316606 0.960784 0.0283922 0.0500338 3.62243e-05
6 0.689171 0.679175 0.0181578 0.0507099 3.63326e-05
6 0.423737 0.502366 0.0359855 0.0594997 3.63458e-05
6 0.253714 0.0473293 0.0610763 0.0757268 3.6372e-05
6 0.472763 0.0287356 0.0990426 0.0574713 3.64939e-05
6 0.767745 0.128803 0.0577748 0.0953347 3.67537e-05
6 0.500825 0.176809 0.0501816 0.139959 3.67695e-05
6 0.361671 0.528736 0.0181578 0.0270453 3.68153e-05
9 0.73275 0 0.0320238 0 3.6816e-05
6 0.667217 0.556119 0.0184879 0.0371873 3.68833e-05
6 0.840541 0.450642 0.0356553 0.0615281 3.69633e-05
6 0.743975 0.52265 0.0201387 0.0365112 3.70412e-05
6 0.346814 0.982759 0.0366458 0.0344828 3.70845e-05
6 0.280621 0.652806 0.0178277 0.0385396 3.7219e-05
6 0.563387 0.0172414 0.0577748 0.0344828 3.72574e-05
5 0.261968 0.142664 0.108617 0.141988 3.72831e-05
6 0.228458 0.00236646 0.0191482 0.00473293 3.73495e-05
6 0.413833 0.0165652 0.0630571 0.0331305 3.73798e-05
6 0.205678 0.025693 0.0686695 0.0513861 3.73877e-05
6 0.614229 0.975997 0.0287224 0.0439486 3.74172e-05
6 0.439419 0.0520622 0.067349 0.0689655 3.74382e-05
6 0.424563 0.639621 0.0270716 0.0594997 3.74934e-05
6 0.990756 0.101082 0.0184879 0.187289 3.75182e-05
6 0.738032 0.507437 0.0148564 0.0331305 3.76352e-05
9 0.258996 0 0.0247606 0 3.78416e-05
6 0.242159 0.0415821 0.0135358 0.0317782 3.78438e-05
6 0.635358 0.642664 0.0201387 0.0493577 3.78487e-05
6 0.786893 0.0676133 0.0135358 0.0446247 3.78858e-05
5 0.0831958 0.883029 0.166392 0.233942 3.78969e-05
6 0.630241 0.533807 0.0270716 0.0385396 3.80232e-05
5 0.816276 0.120014 0.127765 0.158891 3.80387e-05
9 0.0453945 0.95808 0.0808848 0.0838404 3.81862e-05
5 0.410697 0.973631 0.268736 0.0527383 3.82123e-05
6 0.462034 0.671738 0.0392869 0.0831643 3.82282e-05
6 0.00792341 0.015213 0.0158468 0.030426 3.82468e-05
7 0.59277 0.695402 0.0439089 0.106153 3.83676e-05
6 0.657643 0.526031 0.270716 0.174442 3.83755e-05
6 0.439914 0.0165652 0.0584351 0.0331305 3.84035e-05
6 0.508254 0.981068 0.04655 0.0378634 3.84566e-05
6 0.423572 0.964165 0.0422582 0.07167 3.85466e-05
6 0.407065 0.00507099 0.0211291 0.010142 3.85931e-05
6 0.808518 0.451657 0.053483 0.0676133 3.87217e-05
8 0.633542 0.972955 0.0336745 0.0540906 3.87377e-05
6 0.555134 0.975321 0.0313635 0.0493577 3.87653e-05
6 0.359525 0.984111 0.0330142 0.0317782 3.8881e-05
6 0.756025 0.531778 0.0798944 0.100744 3.89759e-05
6 0.25619 0.972617 0.0515021 0.0547667 3.89986e-05
6 0.43001 0.98952 0.0320238 0.0209601 3.90339e-05
2 0.600198 0.421231 0.259492 0.128465 3.90749e-05
6 0.767085 0.0517241 0.06966 0.0791075 3.90912e-05
6 0.565698 0.0618661 0.0498514 0.0655849 3.91537e-05
9 0.671839 0 0.0310333 0 3.91968e-05
9 0.41862 0.975997 0.0792341 0.0480054 3.9375e-05
6 0.642126 0.532454 0.0165071 0.0344828 3.93787e-05
6 0.286233 0.499324 0.0204688 0.0385396 3.95317e-05
5 0.39584 0.040906 0.194784 0.081812 3.96037e-05
6 0.455761 0.00608519 0.0201387 0.0121704 3.96788e-05
5 0.8724 0.997972 0.2552 0.0040568 3.98383e-05
5 0.236877 0.114266 0.23275 0.18526 3.98649e-05
6 0.230439 0.0344828 0.0125454 0.0324544 4.01637e-05
5 0.61654 0.0317782 0.187851 0.0635565 4.02177e-05
6 0.0888082 0.258959 0.0653681 0.0946586 4.04257e-05
6 0.255695 0.593644 0.0518323 0.0906018 4.05165e-05
6 0.670188 0.654496 0.0211291 0.0432725 4.06752e-05
6 0.00759327 0.00811359 0.0112248 0.0162272 4.08912e-05
6 0.404589 0.976673 0.0353252 0.0412441 4.08944e-05
6 0.475074 0.0601758 0.0726312 0.0730223 4.09324e-05
6 0.405084 0.591278 0.0191482 0.0412441 4.10128e-05
6 0.627435 0.516903 0.0267415 0.0344828 4.11206e-05
6 0.177286 0.93712 0.0931 0.125761 4.11453e-05
6 0.480191 0.990196 0.0320238 0.0196078 4.13443e-05
6 0.340541 0.5524 0.0174975 0.0338066 4.14185e-05
9 0.645097 0.0104801 0.0462199 0.0209601 4.14241e-05
6 0.865467 0.1119 0.0168372 0.056119 4.14506e-05
4 0.0120502 0.656525 0.0241004 0.448952 4.14783e-05
6 0.330802 0.593982 0.0204688 0.0344828 4.15557e-05
6 0.277814 0.560514 0.0901288 0.0987154 4.1559e-05
6 0.982172 0.972279 0.0356553 0.0554429 4.15606e-05
6 0.304721 0.591954 0.0204688 0.035835 4.15733e-05
6 0.437603 0.643002 0.0227798 0.066261 4.16834e-05
6 0.693133 0.525017 0.0993727 0.0750507 4.17502e-05
7 0.467646 0.440162 0.011555 0.0824882 4.17789e-05
9 0.486794 0 0.0241004 0 4.1918e-05
6 0.848135 0.107843 0.0653681 0.121028 4.20267e-05
6 0.595906 0.0574713 0.0554639 0.0635565 4.20439e-05
6 0.44107 0.971264 0.0303731 0.0574713 4.20608e-05
6 0.765434 0.578431 0.0544734 0.0899256 4.21155e-05
6 0.380489 0.991548 0.0458897 0.0169033 4.21964e-05
6 0.990591 0.0432725 0.0188181 0.086545 4.22557e-05
5 0.285738 0.180527 0.159459 0.282623 4.23443e-05
4 0.926874 0.686613 0.110598 0.464503 4.26286e-05
6 0.619842 0.0246788 0.0940905 0.0493577 4.26691e-05
5 0.391053 0.939824 0.444701 0.106829 4.26997e-05
9 0.659128 0.974983 0.0683394 0.0500338 4.27859e-05
9 0.328491 1 0.0759327 0 4.29779e-05
6 0.862001 0.071332 0.0495213 0.102096 4.31181e-05
9 0.466491 0.994929 0.044239 0.010142 4.31189e-05
6 0.661439 0.639283 0.0241004 0.0480054 4.34209e-05
6 0.201056 0.572346 0.170353 0.317106 4.3518e-05
6 0.993892 0.248817 0.0122153 0.144692 4.36068e-05
6 0.238032 0.969236 0.0515021 0.0588235 4.37828e-05
5 0.261968 0.979378 0.523935 0.0412441 4.38182e-05
6 0.467151 0.015551 0.0633873 0.0311021 4.3819e-05
6 0.642621 0.659229 0.016177 0.0486815 4.38283e-05
6 0.897656 0.543949 0.130076 0.42664 4.38512e-05
5 0.486794 0.209939 0.0432486 0.153482 4.39063e-05
6 0.40657 0.0108181 0.0359855 0.0216362 4.3924e-05
5 0.364312 0.0169033 0.123143 0.0338066 4.4016e-05
9 0.975074 0.983435 0.037306 0.0331305 4.40469e-05
6 0.223506 0.481068 0.0548036 0.131846 4.42349e-05
9 0.540442 0.994253 0.0422582 0.0114943 4.42363e-05
6 0.369264 0 0.0241004 0 4.4246e-05
5 0.233906 0.0294118 0.154176 0.0588235 4.42951e-05
6 0.233245 0.0229885 0.00825355 0.020284 4.4644e-05
6 0.303896 0.654834 0.0181578 0.035835 4.47074e-05
6 0.691647 0.509128 0.0277319 0.0297498 4.47587e-05
6 0.723506 0.507099 0.0267415 0.0338066 4.47634e-05
6 0.396005 0.983097 0.0386266 0.0338066 4.49565e-05
6 0.783097 0.520284 0.0376362 0.0534145 4.49863e-05
5 0.810499 0.222448 0.104985 0.293442 4.51183e-05
6 0.806702 0.0449628 0.0987124 0.0899256 4.55812e-05
5 0.191317 0.162272 0.382635 0.324544 4.5692e-05
6 0.816771 0.0223124 0.0680092 0.0446247 4.57394e-05
6 0.0112248 0.270115 0.0224497 0.234618 4.57439e-05
2 0.101684 0.393847 0.130736 0.242732 4.58318e-05
7 0.446517 0.693712 0.0379663 0.11359 4.59074e-05
6 0.22202 0.124408 0.0610763 0.11359 4.59394e-05
7 0.510399 0.674104 0.048861 0.121704 4.60197e-05
6 0.606141 0.614266 0.0171674 0.0466531 4.60834e-05
6 0.767745 0.565585 0.0207989 0.0398918 4.62705e-05
6 0.607791 0.498986 0.0475404 0.0635565 4.63094e-05
9 0.846154 1 0.0779135 0 4.64254e-05
6 0.244635 0.544625 0.039617 0.0939824 4.6514e-05
6 0.75487 0.555443 0.0168372 0.0344828 4.65895e-05
6 0.484648 0.644354 0.305711 0.23259 4.66579e-05
6 0.386431 0.545977 0.0359855 0.0466531 4.67951e-05
6 0.0899637 0.941853 0.0716408 0.116295 4.68682e-05
6 0.431165 0.642664 0.0633873 0.0993915 4.71017e-05
6 0.755695 0.517579 0.0165071 0.0317782 4.71352e-05
6 0.631066 0.565585 0.0254209 0.0439486 4.71781e-05
6 0.653186 0.561528 0.0174975 0.0344828 4.71916e-05
9 0.591945 0.993915 0.0455596 0.0121704 4.72038e-05
7 0.612909 0.409736 0.0359855 0.0946586 4.73326e-05
6 0.744305 0.637255 0.0141961 0.0425963 4.73963e-05
4 0.277484 0.766734 0.554969 0.466531 4.75248e-05
6 0.41829 0.992224 0.0435787 0.015551 4.75795e-05
9 0.283262 0.020284 0.0495213 0.040568 4.77603e-05
6 0.383955 0.50879 0.013866 0.0277214 4.78579e-05
6 0.571311 0.430358 0.0551337 0.0980392 4.79447e-05
5 0.844173 0.340433 0.311654 0.680865 4.79824e-05
6 0.378508 0.628803 0.0181578 0.0351589 4.81015e-05
6 0.729284 0.628465 0.0158468 0.0371873 4.81484e-05
6 0.240178 0.157877 0.0241004 0.0736984 4.8277e-05
6 0.614724 0.564571 0.0198085 0.0365112 4.82773e-05
6 0.356388 0.991886 0.041928 0.0162272 4.83262e-05
6 0.23242 0.0388776 0.0369759 0.0696416 4.84502e-05
5 0.531694 0.999324 0.492902 0.00135227 4.84625e-05
9 0.635358 0.999662 0.0683394 0.000676133 4.85016e-05
6 0.561571 0.488168 0.0270716 0.0500338 4.85579e-05
6 0.438759 0.481744 0.0171674 0.0507099 4.85717e-05
7 0.563552 0.433739 0.0310333 0.0696416 4.85861e-05
6 0.352592 0.656525 0.0211291 0.0432725 4.8719e-05
9 0.269726 0 0.0297128 0 4.8723e-05
5 0.244635 0.880325 0.379003 0.152806 4.88787e-05
9 0.830637 0.418526 0.0211291 0.040568 4.89285e-05
5 0.368108 0.964503 0.404094 0.0709939 4.91508e-05
6 0.389072 0.614604 0.0148564 0.0378634 4.9179e-05
6 0.569495 0.987153 0.0363156 0.025693 4.9363e-05
6 0.627765 0.5 0.0300429 0.0425963 4.93889e-05
6 0.917795 0.530088 0.108947 0.170385 4.99307e-05
6 0.347639 0.529412 0.0660284 0.0446247 5.00218e-05
6 0.0447342 0.0246788 0.0861671 0.0493577 5.05102e-05
7 0.55794 0.411765 0.0567844 0.105477 5.05499e-05
6 0.235556 0.0331305 0.0148564 0.0324544 5.08109e-05
6 0.378178 0.544625 0.0181578 0.0344828 5.09298e-05
6 0.818257 0.0605139 0.0729614 0.0980392 5.09594e-05
8 0.929019 0.182894 0.0904589 0.130494 5.11054e-05
6 0.795642 0.549696 0.192143 0.347532 5.18072e-05
5 0.515021 0.0638945 0.188841 0.103448 5.18127e-05
6 0.65104 0.992224 0.0422582 0.015551 5.22386e-05
6 0.701056 0.657877 0.0181578 0.0378634 5.24896e-05
6 0.720535 0.973969 0.0274018 0.0493577 5.2492e-05
6 0.446847 0.00743746 0.0201387 0.0148749 5.25574e-05
6 0.70964 0.0175794 0.0841862 0.0351589 5.30088e-05
6 0.630076 0.993239 0.04655 0.0135227 5.30287e-05
6 0.84797 0.445909 0.0155167 0.0425963 5.30819e-05
6 0.710135 0.531778 0.0264114 0.0398918 5.31961e-05
6 0.328986 0.617647 0.0260812 0.056119 5.31968e-05
6 0.810499 0.934077 0.118191 0.131846 5.32134e-05
6 0.0399472 0.184584 0.0739518 0.105477 5.32443e-05
6 0.47755 0.967884 0.0333443 0.0642326 5.34871e-05
6 0.36101 0.542596 0.0366458 0.0466531 5.37567e-05
6 0.696104 0.131508 0.0254209 0.0371873 5.39537e-05
6 0.788049 0.0571332 0.0204688 0.114266 5.40987e-05
5 0.590459 0.965179 0.409046 0.0696416 5.41676e-05
6 0.0711456 0.268425 0.0544734 0.0635565 5.42427e-05
6 0.449323 0.482759 0.0112248 0.045977 5.42708e-05
9 0.514856 0.00811359 0.0379663 0.0162272 5.42724e-05
6 0.890393 0.419202 0.0858369 0.164976 5.43618e-05
6 0.312149 0.931373 0.103995 0.116971 5.44507e-05
6 0.674975 0.506761 0.0148564 0.0290737 5.44852e-05
5 0.664081 0.0537525 0.173325 0.0831643 5.47191e-05
6 0.44239 0.990872 0.0448993 0.0182556 5.48853e-05
6 0.282436 0.970588 0.0584351 0.0588235 5.4923e-05
6 0.432981 0.973293 0.0432486 0.0439486 5.49874e-05
6 0.445692 0.0138607 0.034995 0.0277214 5.50188e-05
6 0.614889 0.530764 0.0241004 0.0378634 5.52433e-05
6 0.763618 0.517579 0.013866 0.030426 5.5333e-05
6 0.824199 0.963489 0.0670188 0.0730223 5.57611e-05
7 0.571641 0.40906 0.0234401 0.086545 5.57639e-05
5 0.661109 0.0419202 0.304061 0.0838404 5.61174e-05
6 0.85969 0.109533 0.0310333 0.137931 5.62471e-05
7 0.52311 0.379986 0.0491912 0.091954 5.64808e-05
6 0.32552 0.53144 0.0600858 0.0527383 5.64923e-05
7 0.664411 0.434415 0.11588 0.114266 5.66905e-05
9 0.664246 1 0.0726312 0 5.67851e-05
6 0.344668 0.0165652 0.0402773 0.0331305 5.68605e-05
6 0.285408 0.583502 0.0201387 0.0378634 5.69901e-05
6 0.302905 0.493239 0.0128755 0.0425963 5.70646e-05
7 0.61654 0.414131 0.0122153 0.0804598 5.71685e-05
6 0.341037 0.656187 0.352592 0.261663 5.72568e-05
6 0.643942 0.633874 0.0174975 0.0493577 5.73709e-05
6 0.240343 0.139283 0.0475404 0.0946586 5.74936e-05
6 0.591945 0.513523 0.0184879 0.0344828 5.76127e-05
5 0.784087 0.889114 0.431826 0.221771 5.77997e-05
6 0.404754 0.634888 0.0290525 0.0622042 5.78467e-05
7 0.450149 0.436782 0.00957412 0.0757268 5.78912e-05
6 0.269066 0.610548 0.0211291 0.045977 5.81175e-05
6 0.591284 0.560514 0.0158468 0.0392157 5.8193e-05
6 0.088313 0.971941 0.0597557 0.056119 5.82485e-05
6 0.666557 0.657539 0.0376362 0.0696416 5.83445e-05
6 0.381479 0.601082 0.183229 0.133874 5.84578e-05
3 0.857379 0.546653 0.285243 0.906694 5.87005e-05
9 0.468637 0.991548 0.041928 0.0169033 5.8864e-05
6 0.667217 0.544287 0.0382965 0.0432725 5.92159e-05
6 0.642291 0.558824 0.0181578 0.0398918 5.92209e-05
6 0.435787 0.671738 0.0389568 0.0845166 5.92241e-05
6 0.858864 0.109195 0.0201387 0.0534145 5.92433e-05
6 0.32453 0.56288 0.13932 0.130494 5.93275e-05
6 0.923242 0.959432 0.0458897 0.045977 5.93379e-05
6 0.25652 0.163624 0.0415979 0.086545 5.94834e-05
5 0.614229 0.076403 0.18587 0.106829 5.97674e-05
6 0.0112248 0.125761 0.0224497 0.242055 5.99553e-05
6 0.431826 0.982082 0.0264114 0.0331305 6.01998e-05
6 0.437273 0.592292 0.016177 0.0527383 6.02477e-05
6 0.575272 0.613928 0.0749422 0.0960108 6.02523e-05
5 0.73143 0.158553 0.537141 0.317106 6.03327e-05
6 0.25487 0.575727 0.0818752 0.185936 6.04864e-05
5 0.23209 0.217715 0.14064 0.290737 6.05151e-05
6 0.234896 0.0104801 0.0346649 0.0209601 6.05777e-05
6 0.715253 0.553076 0.0207989 0.0365112 6.06544e-05
9 0.17382 1 0.198415 0 6.10258e-05
6 0.990756 0.182218 0.0112248 0.12238 6.17506e-05
6 0.381809 0.526707 0.0194784 0.045977 6.17947e-05
6 0.679762 0.554767 0.0231099 0.035835 6.18505e-05
9 0.62793 0.978026 0.0640475 0.0439486 6.19753e-05
6 0.944206 0.249831 0.0561241 0.0845166 6.20399e-05
5 0.136844 0.230561 0.105976 0.233942 6.20568e-05
6 0.304061 0.528736 0.0151865 0.0311021 6.21499e-05
6 0.025586 0.0412441 0.051172 0.0824882 6.22942e-05
6 0.97722 0.0246788 0.0455596 0.0493577 6.2328e-05
9 0.154176 1 0.0713107 0 6.24082e-05
6 0.667877 0.505747 0.013866 0.0297498 6.29107e-05
6 0.76758 0.587897 0.0211291 0.0344828 6.29901e-05
6 0.673159 0.976335 0.0283922 0.0446247 6.34188e-05
6 0.360515 0.0145368 0.0633873 0.0290737 6.37664e-05
6 0.247772 0.045977 0.0207989 0.0338066 6.37776e-05
6 0.368108 0.00743746 0.0409376 0.0148749 6.40635e-05
6 0.0424232 0.18526 0.0848465 0.267748 6.41439e-05
7 0.518488 0.437458 0.011555 0.091954 6.42923e-05
6 0.239353 0.155172 0.013866 0.0236646 6.4598e-05
6 0.60515 0.986477 0.0382965 0.0270453 6.47117e-05
6 0.793826 0.964503 0.0709805 0.0709939 6.48494e-05
6 0.445196 0.982759 0.0366458 0.0344828 6.51809e-05
6 0.359525 0.547667 0.0184879 0.0324544 6.52696e-05
6 0.330472 0.549696 0.0217894 0.0338066 6.53201e-05
6 0.596897 0.975997 0.0323539 0.0453009 6.53622e-05
6 0.761638 0.534821 0.0316936 0.0419202 6.55267e-05
6 0.697755 0.136241 0.0412677 0.0520622 6.59474e-05
5 0.945527 0.0456389 0.108947 0.0912779 6.60502e-05
7 0.556949 0.417512 0.0151865 0.0845166 6.6069e-05
6 0.693463 0.551724 0.0201387 0.0351589 6.621e-05
6 0.991251 0.186275 0.0148564 0.272481 6.63086e-05
6 0.331463 0.65213 0.0191482 0.0371873 6.69845e-05
6 0.356553 0 0.0264114 0 6.71233e-05
7 0.560416 0.688979 0.0392869 0.102772 6.73677e-05
2 0.504952 0.437796 0.416969 0.171062 6.7416e-05
5 0.564873 0.020622 0.182238 0.0412441 6.76398e-05
6 0.658798 0.97735 0.0287224 0.0439486 6.84028e-05
6 0.771707 0.485125 0.0802245 0.131846 6.85619e-05
6 0.3034 0.54902 0.0191482 0.0311021 6.8903e-05
6 0.312314 0.601758 0.11621 0.110886 6.90272e-05
6 0.922417 0.947262 0.0726312 0.105477 6.92805e-05
6 0.245956 0.056119 0.0323539 0.112238 6.95336e-05
6 0.320898 0.0189317 0.0858369 0.0378634 6.9862e-05
6 0.687356 0.976335 0.0283922 0.0432725 7.03678e-05
6 0.994223 0.191684 0.011555 0.137255 7.07024e-05
6 0.374051 0.977688 0.0323539 0.0432725 7.07126e-05
6 0.990261 0.911765 0.0194784 0.176471 7.0948e-05
9 0.498514 0.0196078 0.0415979 0.0392157 7.13377e-05
5 0.892044 0.240027 0.215913 0.480054 7.1339e-05
6 0.240343 0.020284 0.0600858 0.040568 7.14912e-05
5 0.743315 0.0693036 0.210961 0.116971 7.15845e-05
6 0.713437 0.128803 0.0422582 0.0520622 7.17626e-05
6 0.787719 0.0456389 0.0118851 0.0547667 7.22042e-05
6 0.643117 0.978702 0.0270716 0.0425963 7.22139e-05
6 0.245791 0.563895 0.0340046 0.0365112 7.23231e-05
6 0.249917 0.602772 0.0211291 0.0425963 7.23253e-05
9 0.706999 0 0.0320238 0 7.26722e-05
9 0.258501 0.00743746 0.0435787 0.0148749 7.27618e-05
6 0.754705 0.614266 0.0198085 0.0439486 7.33856e-05
6 0.710631 0.622042 0.0544734 0.0703178 7.33902e-05
7 0.538131 0.415483 0.0158468 0.0980392 7.37158e-05
6 0.347309 0.537863 0.0145262 0.0290737 7.37541e-05
5 0.738528 0.943543 0.347309 0.0926302 7.38948e-05
6 0.342522 0.594659 0.0188181 0.0331305 7.41389e-05
6 0.634698 0.554767 0.0201387 0.035835 7.44386e-05
6 0.763123 0.531778 0.0155167 0.0317782 7.45404e-05
5 0.921426 0.0933063 0.143942 0.140636 7.46371e-05
6 0.702872 0.136579 0.0224497 0.0351589 7.47429e-05
6 0.389072 0.514537 0.0141961 0.0500338 7.48494e-05
6 0.480026 0.97735 0.0297128 0.0412441 7.48706e-05
7 0.600198 0.415821 0.0125454 0.0770791 7.49545e-05
9 0.298283 0 0.0313635 0 7.57204e-05
6 0.98795 0.267748 0.0241004 0.24476 7.6014e-05
5 0.816771 0.962813 0.366458 0.0743746 7.61226e-05
6 0.994883 0.955375 0.0102344 0.0892495 7.62031e-05
6 0.379003 0.632184 0.0693298 0.0906018 7.63732e-05
9 0.752724 1 0.0805546 0 7.64142e-05
6 0.0670188 0.131508 0.102344 0.107505 7.64566e-05
9 0.236547 1 0.0835259 0 7.68443e-05
6 0.458567 0.457066 0.0277319 0.0730223 7.68872e-05
8 0.809673 1 0.218884 0 7.70509e-05
5 0.521789 0.249155 0.0544734 0.227857 7.71865e-05
6 0.459227 0.48073 0.0211291 0.0500338 7.74101e-05
6 0.41961 0.97735 0.0389568 0.0412441 7.7674e-05
6 0.342357 0.651792 0.0191482 0.0432725 7.77839e-05
6 0.59211 0.588573 0.0155167 0.035835 7.82682e-05
6 0.311654 0.971602 0.058105 0.0540906 7.82875e-05
6 0.629746 0.97904 0.0260812 0.0419202 7.87469e-05
6 0.763123 0.584517 0.0320238 0.0547667 7.87716e-05
5 0.774018 0.12069 0.451964 0.241379 7.96776e-05
6 0.315781 0.535497 0.0194784 0.0324544 7.97528e-05
6 0.693793 0.542934 0.0274018 0.0297498 8.04726e-05
9 0.815946 1 0.0841862 0 8.06675e-05
6 0.338891 0.550372 0.0340046 0.045977 8.1187e-05
6 0.739848 0.591954 0.0171674 0.0290737 8.1523e-05
6 0.23275 0.0591616 0.0244305 0.118323 8.17401e-05
9 0.671179 0.00946586 0.0528227 0.0189317 8.19375e-05
6 0.536316 0.478026 0.051172 0.0784314 8.22437e-05
7 0.496864 0.432387 0.0429185 0.12238 8.23639e-05
9 0.181413 1 0.0769231 0 8.28867e-05
9 0.731925 0.010142 0.053483 0.020284 8.28991e-05
6 0.662595 0.0273834 0.104325 0.0547667 8.43018e-05
7 0.526246 0.427654 0.0462199 0.0980392 8.44534e-05
6 0.654011 0.627789 0.0184879 0.0453009 8.47583e-05
6 0.716243 0.626437 0.0174975 0.0344828 8.49416e-05
6 0.751238 0.6714 0.0221195 0.0567951 8.51752e-05
7 0.6172 0.440838 0.0623968 0.0987154 8.54866e-05
4 0.730934 0.659905 0.380324 0.315078 8.58065e-05
6 0.636019 0.52096 0.0174975 0.0277214 8.60805e-05
5 0.834764 0.97025 0.330472 0.0594997 8.6691e-05
6 0.317597 0.548343 0.0198085 0.0351589 8.67876e-05
6 0.75619 0.594659 0.0181578 0.0317782 8.71184e-05
5 0.820238 0.025693 0.130406 0.0513861 8.72133e-05
9 0.695114 0.999324 0.0769231 0.00135227 8.73282e-05
2 0.0987124 0.505747 0.145923 0.404327 8.76296e-05
5 0.163915 0.12407 0.327831 0.248141 8.78655e-05
6 0.0533179 0.272481 0.090789 0.237999 8.78945e-05
9 0.284087 0 0.0326841 0 8.80706e-05
6 0.435457 0.53854 0.0264114 0.0425963 8.82197e-05
6 0.245791 0.496619 0.0531529 0.112914 8.83499e-05
7 0.588478 0.434415 0.0241004 0.0709939 8.83628e-05
4 0.497689 0.781947 0.951799 0.233266 8.8627e-05
5 0.127435 0.957066 0.25487 0.0858688 8.87001e-05
5 0.26824 0.0199459 0.121822 0.0398918 8.95729e-05
5 0.190162 0.0649087 0.131397 0.0987154 9.00602e-05
6 0.620007 0.558147 0.0198085 0.035835 9.01555e-05
6 0.714262 0.611562 0.129086 0.0953347 9.08893e-05
6 0.317101 0.595335 0.0201387 0.0344828 9.10067e-05
9 0.0444041 0.981406 0.0888082 0.0371873 9.10619e-05
7 0.5241 0.416498 0.0141961 0.10142 9.12696e-05
2 0.692638 0.415821 0.46418 0.24476 9.17786e-05
6 0.655002 0.586207 0.317597 0.186613 9.23375e-05
6 0.36134 0.634212 0.0346649 0.0540906 9.30892e-05
5 0.318752 0.0229885 0.177286 0.045977 9.36982e-05
9 0.695939 0.0209601 0.0462199 0.0419202 9.37805e-05
7 0.237042 0.445233 0.0548036 0.160243 9.39173e-05
6 0.751568 0.633874 0.0174975 0.0507099 9.39427e-05
6 0.0731264 0.170723 0.0927699 0.234618 9.40381e-05
6 0.728788 0.549696 0.0168372 0.0324544 9.42801e-05
5 0.737537 0.0327924 0.201387 0.0655849 9.45365e-05
6 0.00825355 0.125085 0.00924397 0.109533 9.48306e-05
6 0.282106 0.615281 0.016177 0.0324544 9.49651e-05
6 0.233906 0.0449628 0.0148564 0.0371873 9.51681e-05
9 0.683724 0 0.0330142 0 9.59157e-05
6 0.729449 0.536173 0.0168372 0.0297498 9.60258e-05
6 0.650875 0.528398 0.016177 0.0250169 9.67244e-05
9 0.0313635 0.974645 0.0429185 0.0466531 9.67589e-05
6 0.916474 0.936782 0.109607 0.0993915 9.70824e-05
6 0.596897 0.489182 0.0184879 0.0453009 9.74804e-05
6 0.348795 0.591954 0.0194784 0.035835 9.76302e-05
6 0.329152 0.612914 0.0178277 0.0344828 9.78601e-05
6 0.753384 0.532792 0.0158468 0.0324544 9.82167e-05
7 0.509244 0.434753 0.0287224 0.146045 9.95923e-05
6 0.704028 0.538878 0.0181578 0.0270453 0.000101696
8 0.954605 0.230561 0.0815451 0.251521 0.00010174
2 0.903599 0.413455 0.192803 0.42664 0.000102192
5 0.855563 0.100068 0.132387 0.169033 0.000102266
6 0.649554 0.545301 0.0181578 0.0331305 0.000102273
6 0.445361 0.625085 0.044239 0.0831643 0.000104796
0 0.989931 0.793103 0.0188181 0.413793 0.00010513
6 0.377517 0.596687 0.0188181 0.030426 0.000105375
6 0.331297 0.637931 0.0181578 0.0371873 0.000105384
9 0.719875 0.545639 0.0207989 0.0324544 0.000105481
6 0.737042 0.578431 0.041928 0.0574713 0.000105809
9 0.497524 0 0.0277319 0 0.000106177
6 0.296467 0.613928 0.0178277 0.0311021 0.00010692
7 0.470287 0.421907 0.0221195 0.0933063 0.000108001
6 0.583856 0.486815 0.321888 0.13117 0.000108516
6 0.461043 0.528398 0.0280621 0.0439486 0.000109018
5 0.921426 0.258283 0.157148 0.323191 0.000109259
6 0.746286 0.66261 0.0155167 0.0486815 0.000109608
6 0.0579399 0.280257 0.0881479 0.103448 0.000110411
4 0.163255 0.783638 0.32651 0.407032 0.000110461
6 0.727138 0.612238 0.0313635 0.0439486 0.000110749
6 0.00726312 0.0878972 0.0145262 0.129817 0.000110877
6 0.401948 0.54023 0.0439089 0.040568 0.000111438
5 0.817927 0.0703178 0.14031 0.108181 0.00011191
6 0.4414 0.530426 0.0429185 0.0520622 0.000111912
6 0.682403 0.541582 0.0415979 0.0500338 0.000112208
6 0.320238 0.0145368 0.034995 0.0290737 0.000112946
6 0.668868 0.630156 0.0217894 0.0392157 0.000113788
6 0.294817 0.629479 0.0198085 0.0365112 0.000113874
7 0.456091 0.461122 0.0141961 0.0567951 0.0001149
6 0.344008 0 0.0264114 0 0.000115965
6 0.243315 0.160581 0.0151865 0.0209601 0.000116819
6 0.710631 0.546653 0.0353252 0.0480054 0.000117185
6 0.018653 0.0192698 0.037306 0.0385396 0.000117689
6 0.851601 0.429682 0.0168372 0.0534145 0.000118182
6 0.640145 0.543949 0.0363156 0.0398918 0.000119276
9 0.0914493 0.983773 0.0600858 0.0324544 0.00011954
2 0.919445 0.370521 0.132717 0.262339 0.000119789
6 0.633873 0.611224 0.0224497 0.0486815 0.000120825
9 0.0366458 0.984787 0.0475404 0.030426 0.000121039
2 0.682734 0.391819 0.299769 0.142664 0.000121817
9 0.0328491 0.938472 0.0584351 0.123056 0.000121948
7 0.593265 0.457404 0.0151865 0.0723462 0.000122236
6 0.591614 0.48952 0.013866 0.0365112 0.000123808
6 0.704358 0.550034 0.0194784 0.0331305 0.000123968
6 0.246451 0.16261 0.0307032 0.0425963 0.000124136
8 0.691152 1 0.176626 0 0.000125959
6 0.26725 0.649087 0.0280621 0.0392157 0.000127106
6 0.346154 0.548343 0.0181578 0.0324544 0.000127592
6 0.316771 0.632522 0.0201387 0.035835 0.000129804
5 0.180918 0.906018 0.361836 0.187965 0.000130139
6 0.853912 0.445233 0.0122153 0.0412441 0.00013053
6 0.702707 0.64165 0.0227798 0.0392157 0.000131072
7 0.617035 0.463489 0.0323539 0.0642326 0.000131287
2 0.317597 0.417174 0.259492 0.16092 0.000131674
6 0.665236 0.544963 0.0191482 0.0338066 0.000131748
6 0.603169 0.588573 0.0165071 0.035835 0.000133108
6 0.714922 0.537863 0.0168372 0.0263692 0.000133202
9 0.695774 0 0.0293826 0 0.000134036
5 0.100693 0.107167 0.201387 0.183232 0.000135342
6 0.314625 0.622718 0.034995 0.0473293 0.000135654
2 0.324695 0.40027 0.421591 0.246112 0.000135815
6 0.291515 0.597025 0.0382965 0.0500338 0.000136522
9 0.328986 0.00777552 0.0544734 0.015551 0.000137198
6 0.2897 0.630156 0.236712 0.170385 0.000139107
6 0.292836 0.629141 0.044239 0.0534145 0.000140519
6 0.538131 0.621704 0.0363156 0.0655849 0.00014291
6 0.664246 0.600406 0.0858369 0.0622042 0.00014299
6 0.249422 0.585193 0.0260812 0.0534145 0.000143129
6 0.747937 0.535159 0.0168372 0.0290737 0.000144227
7 0.483823 0.416498 0.0174975 0.0878972 0.000144729
4 0.82519 0.773834 0.34962 0.430696 0.000145408
6 0.730109 0.595673 0.0168372 0.0297498 0.0001455
6 0.676956 0.542258 0.0194784 0.0338066 0.000146414
6 0.694123 0.595335 0.0181578 0.0290737 0.00014679
6 0.474744 0.525355 0.0508419 0.0635565 0.000147172
6 0.678772 0.610886 0.0224497 0.0398918 0.000147535
6 0.604325 0.564909 0.0155167 0.0371873 0.000148896
6 0.317101 0.548343 0.0359855 0.0432725 0.000150541
5 0.277649 0.1643 0.482668 0.3286 0.000151999
7 0.599868 0.437796 0.0217894 0.0939824 0.000152644
6 0.391383 0.542596 0.016177 0.0371873 0.0001534
6 0.74381 0.614604 0.0158468 0.0392157 0.000155345
6 0.683229 0.631508 0.123803 0.0933063 0.000155446
5 0.181248 0.268087 0.362496 0.536173 0.000156265
6 0.662925 0.610886 0.0217894 0.0466531 0.00015637
7 0.569165 0.417174 0.0118851 0.086545 0.000156538
6 0.0757676 0.169371 0.102014 0.108857 0.00015738
6 0.690327 0.531778 0.0204688 0.0290737 0.000159474
6 0.255035 0.532792 0.0313635 0.07167 0.00015989
7 0.347639 0.443543 0.11555 0.137931 0.000159986
9 0.740508 0.534821 0.0165071 0.0283976 0.000160328
6 0.51271 0.630494 0.0369759 0.0872211 0.000160931
6 0.307197 0 0.0241004 0 0.000162234
7 0.492572 0.416836 0.0231099 0.0980392 0.00016266
5 0.243645 0.970588 0.419941 0.0588235 0.000163789
6 0.257841 0.567613 0.0389568 0.0926302 0.000165395
6 0.278475 0.638269 0.0194784 0.0338066 0.000165533
7 0.590624 0.439486 0.0118851 0.0689655 0.000167265
7 0.612578 0.434753 0.0155167 0.0649087 0.000168803
5 0.24381 0.928668 0.409046 0.112914 0.000171015
6 0.694619 0.607167 0.0165071 0.0338066 0.000172194
6 0.777319 0.474307 0.0491912 0.0939824 0.00017327
6 0.343348 0.00574713 0.0422582 0.0114943 0.000174991
6 0.373556 0.621704 0.0313635 0.056119 0.000175293
9 0.496534 0.00811359 0.0435787 0.0162272 0.000175623
6 0.38313 0.527045 0.0148564 0.0263692 0.000179199
9 0.284087 0.00845166 0.0544734 0.0169033 0.000180217
9 0.724827 0.531102 0.0174975 0.0277214 0.000180315
5 0.690822 0.0219743 0.154837 0.0439486 0.000184013
5 0.496534 0.020284 0.165731 0.040568 0.000184536
6 0.634038 0.617985 0.0498514 0.0703178 0.000185917
6 0.00808848 0.149087 0.0128755 0.196755 0.000186927
5 0.167877 0.959432 0.335754 0.0811359 0.000188706
6 0.565368 0.526031 0.0287224 0.045977 0.000191228
3 0.339551 0.59263 0.494883 0.515889 0.000192645
6 0.678112 0.531102 0.0178277 0.0263692 0.000193161
3 0.227468 0.603448 0.454936 0.690331 0.000194226
6 0.331463 0 0.0237702 0 0.00019714
6 0.689501 0.657201 0.0201387 0.0365112 0.000197312
6 0.391053 0.515889 0.0108947 0.025693 0.000197585
6 0.00610763 0.151454 0.0122153 0.109533 0.000197753
5 0.516012 0.97735 0.447672 0.0453009 0.00019873
6 0.741004 0.544963 0.0300429 0.0432725 0.000200473
6 0.42935 0.594997 0.0399472 0.0676133 0.000203763
6 0.91796 0.971264 0.0749422 0.0493577 0.000204007
6 0.409211 0.581474 0.0346649 0.0419202 0.000204577
6 0.692638 0.644016 0.0303731 0.0385396 0.000204825
5 0.781446 0.259297 0.198745 0.338742 0.000207615
3 0.0914493 0.603786 0.182899 0.76403 0.000208081
7 0.234401 0.434753 0.0382965 0.0987154 0.000212118
5 0.510895 0.208587 0.0432486 0.153482 0.000212669
6 0.411687 0.618661 0.0343348 0.0635565 0.000218486
6 0.400627 0.615281 0.0241004 0.0513861 0.000219401
6 0.583856 0.53854 0.0630571 0.0655849 0.00022135
6 0.305546 0.626775 0.0207989 0.0365112 0.000222686
6 0.379663 0.530426 0.0415979 0.0480054 0.00022691
6 0.712611 0.598715 0.0379663 0.0493577 0.000231886
6 0.257676 0.511832 0.0254209 0.0419202 0.000232013
6 0.680753 0.639959 0.0184879 0.0385396 0.000232987
6 0.631066 0.593982 0.0207989 0.0317782 0.000234427
6 0.258171 0.606153 0.0277319 0.0588235 0.000234808
6 0.265269 0.637593 0.0207989 0.040568 0.000235385
6 0.263123 0.615957 0.0184879 0.0392157 0.000235395
6 0.693463 0.616971 0.0221195 0.0371873 0.000235783
6 0.670353 0.618323 0.0452294 0.0628803 0.000237703
6 0.392869 0.630832 0.0204688 0.0486815 0.000242737
6 0.539452 0.579108 0.0402773 0.0453009 0.000249077
6 0.656817 0.594997 0.156157 0.116295 0.000249455
3 0.532849 0.589926 0.503797 0.313049 0.000252616
6 0.667052 0.52975 0.016177 0.0263692 0.000252824
6 0.599868 0.581812 0.0303731 0.0466531 0.0002531
9 0.695774 0.00878972 0.0518323 0.0175794 0.000257135
6 0.31347 0.604463 0.0320238 0.0419202 0.000263125
6 0.319577 0 0.0231099 0 0.00026551
6 0.514526 0.574375 0.0359855 0.056119 0.000269076
6 0.599208 0.501352 0.0184879 0.035835 0.000285307
6 0.595741 0.628127 0.037306 0.0676133 0.000290232
6 0.506108 0.52096 0.0389568 0.0696416 0.000292435
6 0.532189 0.519946 0.0283922 0.0649087 0.000296005
6 0.344503 0.633536 0.0234401 0.045977 0.000298357
5 0.498679 0.0311021 0.319247 0.0622042 0.000314079
7 0.479861 0.681542 0.0458897 0.136579 0.000315032
7 0.46484 0.434415 0.044239 0.104801 0.000315605
6 0.402938 0.597701 0.0406075 0.0419202 0.000326619
6 0.689832 0.64503 0.0155167 0.0338066 0.00032787
6 0.621327 0.593306 0.0171674 0.0344828 0.00032859
6 0.462034 0.575051 0.0320238 0.0439486 0.000331328
6 0.34995 0.621028 0.106306 0.0926302 0.000335807
6 0.377517 0.614943 0.016177 0.0344828 0.000337195
6 0.275999 0.557809 0.034995 0.0446247 0.000341813
6 0.29102 0.572684 0.0445692 0.0649087 0.000351291
6 0.599208 0.523327 0.0316936 0.0392157 0.000363776
3 0.845659 0.558147 0.308683 0.667343 0.000364552
6 0.621162 0.604124 0.0307032 0.0493577 0.000367083
5 0.505612 0.076741 0.354903 0.138607 0.000372923
6 0.696104 0.575389 0.0478706 0.0527383 0.000373075
6 0.319412 0.00507099 0.0379663 0.010142 0.000378143
6 0.851766 0.431373 0.0112248 0.0338066 0.000381067
6 0.435622 0.584517 0.0293826 0.0398918 0.00038848
6 0.558105 0.633874 0.0326841 0.0804598 0.000406237
6 0.380984 0.597363 0.0363156 0.0385396 0.000410096
6 0.463024 0.62069 0.0320238 0.0594997 0.000412524
6 0.31314 0.611562 0.0181578 0.0317782 0.000413716
5 0.51073 0.925625 0.524265 0.148749 0.000425147
5 0.497194 0.975321 0.684054 0.0493577 0.000430605
6 0.611258 0.517579 0.0194784 0.0385396 0.000436422
6 0.285738 0.533469 0.0379663 0.0567951 0.000442529
5 0.828326 0.924611 0.343348 0.135903 0.000442542
5 0.132222 0.217377 0.264444 0.36714 0.000445297
6 0.685045 0.633198 0.0363156 0.0412441 0.000450114
6 0.655332 0.600068 0.0178277 0.0344828 0.000450916
5 0.679927 0.266058 0.450644 0.32522 0.000452114
6 0.345328 0.595335 0.0382965 0.0453009 0.000459583
9 0.275338 0.53854 0.0211291 0.0317782 0.000465084
6 0.675966 0.601082 0.0174975 0.0297498 0.000484132
7 0.786233 0.43881 0.0478706 0.0933063 0.000487737
5 0.513866 0.889114 0.88313 0.221771 0.000495834
6 0.618686 0.585531 0.0323539 0.040568 0.000497758
2 0.496699 0.382015 0.0987124 0.109533 0.000516823
6 0.479366 0.630832 0.0468802 0.116295 0.000516858
6 0.6862 0.59973 0.0359855 0.0351589 0.000518083
7 0.610102 0.47194 0.0158468 0.0540906 0.000528893
6 0.36134 0.608519 0.055794 0.0622042 0.000531291
6 0.53582 0.563556 0.0633873 0.0858688 0.000534708
6 0.646913 0.607843 0.0300429 0.0446247 0.000584995
6 0.667217 0.601758 0.0231099 0.0311021 0.000585528
5 0.528392 0.102434 0.739848 0.200811 0.000620707
6 0.70898 0.600068 0.0194784 0.030426 0.000620778
6 0.474414 0.57167 0.0521624 0.0655849 0.000622903
5 0.507923 0.199121 0.0762628 0.20622 0.000622944
6 0.434632 0.623732 0.0313635 0.0601758 0.000631248
7 0.455266 0.440838 0.0112248 0.0649087 0.000636478
5 0.0765929 0.187627 0.134038 0.371197 0.000655952
6 0.560581 0.573698 0.0323539 0.0574713 0.000662172
6 0.650545 0.528059 0.0313635 0.0392157 0.000672374
6 0.73143 0.532116 0.0386266 0.0432725 0.000717367
7 0.598712 0.462813 0.0174975 0.0669371 0.000723427
7 0.533014 0.674442 0.0597557 0.133198 0.00074378
6 0.694949 0.534821 0.039617 0.0392157 0.000750089
6 0.365302 0.62238 0.0221195 0.0398918 0.00077046
7 0.503797 0.418526 0.0831958 0.106829 0.000777339
8 0.943546 0.23428 0.0871575 0.127789 0.000824852
6 0.644107 0.594997 0.0323539 0.0351589 0.00087525
6 0.394355 0.606153 0.016177 0.0385396 0.000877995
6 0.531859 0.639959 0.0462199 0.11021 0.000896238
6 0.724992 0.601758 0.0171674 0.0283976 0.0010204
6 0.253219 0.579108 0.0178277 0.0344828 0.00102099
5 0.505447 0.0594997 0.630571 0.118999 0.00105389
5 0.936943 0.161596 0.126114 0.312373 0.00105979
6 0.328491 0.560852 0.0409376 0.0493577 0.00117477
6 0.352261 0.620014 0.034995 0.045977 0.00119691
6 0.503632 0.578769 0.0439089 0.0770791 0.00150437
6 0.25685 0.598039 0.0165071 0.0371873 0.00151503
2 0.48894 0.451657 0.83724 0.306964 0.00152514
6 0.529383 0.579446 0.0333443 0.07167 0.00177782
6 0.252724 0.591616 0.0155167 0.0378634 0.00187316
9 0.324034 0.537525 0.0340046 0.040568 0.00193945
6 0.661274 0.600744 0.0382965 0.0453009 0.00199582
6 0.609607 0.507437 0.0274018 0.0331305 0.00199845
6 0.774678 0.478026 0.0353252 0.0500338 0.00204053
6 0.264279 0.527045 0.0188181 0.0453009 0.00204682
6 0.598877 0.500338 0.034995 0.0419202 0.00236639
6 0.345163 0.536849 0.0326841 0.040568 0.00244138
6 0.717398 0.602772 0.0211291 0.0277214 0.00259087
6 0.49934 0.644016 0.0762628 0.0939824 0.00268986
5 0.298778 0.255578 0.374381 0.34618 0.00309334
6 0.607791 0.498648 0.013866 0.035835 0.00363821
6 0.26659 0.54023 0.0221195 0.0378634 0.00434926
6 0.259987 0.576403 0.0201387 0.0425963 0.00587458
6 0.361836 0.6119 0.0244305 0.0311021 0.00613237
3 0.501816 0.582826 0.934302 0.646383 0.713397
4 0.507758 0.668019 0.784417 0.340771 0.716935
5 0.505612 0.205882 0.62892 0.392833 0.889827
2 0.505282 0.383705 0.618356 0.207573 0.891606
