6 0.507478 0.249 0.515534 0.387
4 0.515534 0.589 0.831701 0.749
3 0.504458 0.429 0.527617 0.195
7 0.682679 0.568 0.0342347 0.0390001
5 0.510499 0.621 0.677645 0.371
0 0.27287 0.452 0.0392691 0.166
0 0.316167 0.45 0.0422899 0.191
0 0.361478 0.465 0.0443036 0.191
0 0.393699 0.5 0.030207 0.139
0 0.417864 0.509 0.0292001 0.143
0 0.443037 0.494 0.0261794 0.197
0 0.469216 0.5 0.0251725 0.183
0 0.491368 0.51 0.0221519 0.156
0 0.519561 0.489 0.030207 0.208
0 0.544734 0.489 0.0241657 0.185
0 0.569906 0.487 0.0261795 0.191
0 0.593065 0.508 0.0332278 0.16
0 0.619245 0.49 0.0352415 0.172
0 0.649451 0.465 0.0493382 0.179
0 0.693755 0.443 0.0493382 0.191
0 0.738059 0.444 0.0432967 0.171
0 0.749135 0.615 0.0805522 0.168
0 0.696776 0.631 0.0805522 0.178
0 0.654486 0.656 0.0896142 0.174
0 0.61421 0.67 0.050345 0.172
0 0.586017 0.69 0.0352415 0.181
0 0.560844 0.697 0.0332278 0.191
0 0.538692 0.69 0.0261795 0.169
0 0.516541 0.674 0.0221518 0.131
0 0.50043 0.682 0.0211448 0.135
0 0.481299 0.685 0.0271864 0.146
0 0.45512 0.701 0.0261794 0.191
0 0.429947 0.687 0.030207 0.177
0 0.408802 0.68 0.0372554 0.184
0 0.37054 0.666 0.0815591 0.183
0 0.326236 0.644 0.0664555 0.173
0 0.27287 0.627 0.0724969 0.16
0 0.369476 0.668304 0.0502406 0.209933
0 0.416429 0.695536 0.0479667 0.222545
0 0.602764 0.472321 0.0498412 0.208817
0 0.280733 0.444196 0.0446788 0.196652
0 0.678479 0.643304 0.0958105 0.189397
0 0.600798 0.683482 0.0572466 0.182478
0 0.480835 0.496429 0.0408685 0.200446
0 0.584573 0.691071 0.0536207 0.210714
0 0.453302 0.703125 0.0458157 0.251562
0 0.546716 0.699107 0.0463689 0.235937
0 0.715352 0.638393 0.129058 0.180915
0 0.299416 0.632143 0.124265 0.190737
0 0.400204 0.471429 0.0582299 0.186496
0 0.660779 0.614286 0.0604424 0.235045
0 0.725677 0.424107 0.062409 0.197879
0 0.458711 0.496429 0.0480896 0.188951
0 0.736493 0.455357 0.0592132 0.228571
0 0.344647 0.655804 0.103923 0.189062
0 0.418395 0.476339 0.0571852 0.185603
0 0.548683 0.497321 0.0475672 0.194643
0 0.447894 0.488393 0.0495031 0.213839
0 0.408316 0.489286 0.0340775 0.220871
0 0.397992 0.682589 0.0667417 0.200893
0 0.339485 0.570089 0.0520843 0.259598
0 0.580148 0.495089 0.0507322 0.177902
0 0.268687 0.452679 0.0532212 0.212723
0 0.299661 0.441964 0.0918159 0.181473
0 0.51525 0.697768 0.0486427 0.241964
0 0.350056 0.462946 0.107979 0.19933
0 0.489685 0.697321 0.0566014 0.228013
0 0.706503 0.435714 0.0666188 0.155692
0 0.535408 0.501339 0.0363822 0.215737
0 0.548191 0.683482 0.0295144 0.187277
0 0.406841 0.472321 0.0950116 0.208705
0 0.401679 0.460268 0.0380415 0.184375
0 0.513284 0.678571 0.0329099 0.183482
0 0.659796 0.457143 0.104292 0.212723
0 0.605714 0.469643 0.0814911 0.210268
0 0.469527 0.699554 0.0435419 0.217857
0 0.614072 0.679911 0.0900336 0.208482
0 0.683887 0.459375 0.0759601 0.180469
3 0.497551 0.329911 0.588015 0.348214
0 0.469035 0.480804 0.0899107 0.208705
0 0.492634 0.675 0.04093 0.184487
0 0.53885 0.478125 0.0819828 0.211272
5 0.495093 0.578125 0.848098 0.699107
0 0.478868 0.511607 0.0609341 0.185379
0 0.542291 0.700893 0.0709207 0.191629
0 0.423066 0.458482 0.0336474 0.18192
0 0.581132 0.454464 0.0434497 0.202232
0 0.651929 0.680804 0.0616408 0.14587
7 0.748293 0.617411 0.074055 0.164509
0 0.576707 0.709375 0.0347536 0.206808
0 0.469527 0.699554 0.0902794 0.182701
6 0.497551 0.329911 0.588015 0.348214
0 0.326211 0.627679 0.0466762 0.167522
7 0.279995 0.504911 0.0491037 0.0834822
7 0.366034 0.481696 0.0420976 0.154911
0 0.501976 0.215179 0.548191 0.310491
0 0.424295 0.717857 0.0401003 0.197433
7 0.649471 0.483036 0.0448324 0.171429
3 0.47641 0.404464 0.618497 0.296205
7 0.324244 0.654464 0.0641605 0.197768
7 0.276308 0.624554 0.0601965 0.167188
0 0.351039 0.682589 0.0703061 0.199888
3 0.505909 0.23058 0.562449 0.379911
0 0.550158 0.455357 0.0336474 0.209152
0 0.279995 0.504911 0.0491037 0.0834822
6 0.489193 0.354129 0.803358 0.708259
0 0.67307 0.425446 0.0561097 0.182254
7 0.668646 0.659375 0.0879441 0.193638
7 0.644063 0.665625 0.0791558 0.186161
0 0.32154 0.490179 0.0512854 0.129911
7 0.280733 0.444196 0.0446788 0.196652
7 0.395042 0.484375 0.0425278 0.164509
0 0.734527 0.402679 0.0441564 0.163504
7 0.603748 0.485714 0.0435112 0.177344
7 0.738952 0.437054 0.0449246 0.185937
0 0.452319 0.457143 0.0321724 0.186942
7 0.319819 0.490625 0.043757 0.118862
10 0.743377 0.624107 0.0762059 0.184821
10 0.276308 0.624554 0.0601965 0.167188
0 0.5241 0.729464 0.0517156 0.258259
0 0.523117 0.457143 0.043634 0.21529
6 0.538358 0.244085 0.702078 0.48817
7 0.368247 0.668304 0.0583836 0.214062
7 0.424295 0.489286 0.0438799 0.183371
10 0.279995 0.504911 0.0491037 0.0834822
7 0.699128 0.505357 0.0475673 0.071596
7 0.299661 0.508929 0.0743008 0.0833705
7 0.696178 0.449107 0.0629928 0.162054
0 0.278275 0.397321 0.0518077 0.156362
10 0.649471 0.483036 0.0448324 0.171429
10 0.366034 0.481696 0.0420976 0.154911
10 0.324244 0.654464 0.0641605 0.197768
4 0.489193 0.354129 0.803358 0.708259
4 0.499518 0.335268 0.608172 0.402902
10 0.644063 0.665625 0.0791558 0.186161
10 0.279504 0.447321 0.0389326 0.185714
7 0.69077 0.632589 0.0722727 0.176116
10 0.668646 0.659375 0.0879441 0.193638
0 0.707486 0.402232 0.0496568 0.170201
7 0.480343 0.495982 0.0391477 0.207366
0 0.27852 0.397321 0.0322646 0.178237
0 0.48231 0.726786 0.0432653 0.207589
7 0.579657 0.494643 0.0494109 0.19308
3 0.495584 0.573214 0.828432 0.736607
7 0.521642 0.497321 0.0440335 0.209821
0 0.505909 0.2875 0.58064 0.29308
9 0.276308 0.624554 0.0601965 0.167188
0 0.325965 0.420982 0.0548191 0.247321
9 0.74436 0.614732 0.0756529 0.156138
5 0.5359 0.226339 0.537866 0.297545
8 0.748293 0.617411 0.074055 0.164509
9 0.279504 0.447321 0.0389326 0.185714
10 0.738952 0.437054 0.0449246 0.185937
7 0.317115 0.451339 0.0423127 0.16875
0 0.493618 0.459375 0.0501484 0.191183
9 0.263279 0.629911 0.0628699 0.18404
8 0.69077 0.632589 0.0722727 0.176116
7 0.263279 0.629911 0.0628699 0.18404
0 0.25148 0.596875 0.0530676 0.17221
7 0.458711 0.497768 0.0453549 0.206027
10 0.368247 0.668304 0.0583836 0.214062
7 0.601781 0.683929 0.0601966 0.201786
7 0.588015 0.6875 0.045785 0.189955
8 0.644063 0.665625 0.0791558 0.186161
10 0.603748 0.485714 0.0435112 0.177344
10 0.694211 0.511607 0.0486735 0.0627232
9 0.268687 0.452679 0.0532212 0.212723
7 0.547699 0.497768 0.0449554 0.214063
7 0.743377 0.514286 0.0472292 0.0651228
10 0.299661 0.508929 0.0743008 0.0833705
7 0.323015 0.622768 0.0559253 0.140402
10 0.395042 0.484375 0.0425278 0.164509
4 0.491651 0.66875 0.743377 0.45067
7 0.456252 0.717857 0.038779 0.226674
10 0.319819 0.490625 0.043757 0.118862
8 0.324736 0.650893 0.0683395 0.180804
7 0.30507 0.634375 0.0994979 0.179464
7 0.576707 0.709375 0.0347536 0.206808
9 0.647013 0.460268 0.0434189 0.197991
9 0.691262 0.446429 0.0444022 0.18471
8 0.271883 0.620089 0.0712894 0.166964
9 0.690278 0.635714 0.0666187 0.194643
7 0.416429 0.680357 0.0389941 0.197768
0 0.648488 0.6 0.0646522 0.12221
10 0.691262 0.446429 0.0444022 0.18471
7 0.68192 0.505804 0.0517156 0.0975447
6 0.47641 0.404464 0.618497 0.296205
0 0.793525 0.583036 0.0789714 0.203125
7 0.616531 0.675 0.059244 0.188058
7 0.545733 0.716518 0.0390863 0.235937
10 0.317115 0.451339 0.0423127 0.16875
7 0.306299 0.456696 0.093721 0.170201
1 0.743377 0.624107 0.0762059 0.184821
9 0.588015 0.6875 0.045785 0.189955
9 0.501976 0.215179 0.548191 0.310491
7 0.268687 0.452679 0.0532212 0.212723
10 0.690278 0.625446 0.0703061 0.170201
1 0.273604 0.623214 0.0652052 0.185937
8 0.737968 0.440179 0.0435726 0.173437
8 0.368247 0.668304 0.0583836 0.214062
9 0.644555 0.664286 0.0699374 0.182812
10 0.424295 0.489286 0.0438799 0.183371
8 0.648488 0.470982 0.0438184 0.20625
0 0.757634 0.462054 0.055403 0.243527
10 0.588015 0.6875 0.045785 0.189955
7 0.384717 0.667857 0.0511317 0.191518
9 0.305807 0.636607 0.0883743 0.189286
0 0.313673 0.660268 0.0533749 0.201563
9 0.361855 0.460714 0.0430195 0.176116
8 0.604731 0.488393 0.0455699 0.176004
7 0.293024 0.442857 0.0626548 0.167969
9 0.416429 0.680357 0.0389941 0.197768
9 0.364805 0.665179 0.0650823 0.172991
0 0.752226 0.416071 0.0610262 0.290625
7 0.396271 0.683929 0.0621324 0.212723
9 0.734035 0.434821 0.0402232 0.176116
8 0.601781 0.683929 0.0601966 0.201786
11 0.748293 0.625446 0.0746695 0.177567
8 0.480835 0.496429 0.0408685 0.200446
9 0.317115 0.451339 0.0423127 0.16875
9 0.279995 0.504911 0.0491037 0.0834822
11 0.276308 0.624554 0.0601965 0.167188
6 0.276308 0.624554 0.0601965 0.167188
9 0.384717 0.667857 0.0511317 0.191518
6 0.748293 0.625446 0.0746695 0.177567
8 0.317115 0.451339 0.0423127 0.16875
8 0.366526 0.465625 0.0441871 0.182813
10 0.501976 0.215179 0.548191 0.310491
10 0.30507 0.634375 0.0994979 0.179464
7 0.693228 0.446429 0.0429273 0.195536
0 0.370705 0.601339 0.0566935 0.124665
0 0.299661 0.508929 0.0743008 0.0833705
9 0.324736 0.650893 0.0683395 0.180804
10 0.263279 0.629911 0.0628699 0.18404
10 0.416429 0.680357 0.0389941 0.197768
1 0.646521 0.66875 0.0719655 0.194308
8 0.668646 0.659375 0.0879441 0.193638
0 0.740918 0.508482 0.0530984 0.0787388
9 0.706503 0.435714 0.0666188 0.155692
8 0.5359 0.226339 0.537866 0.297545
9 0.483785 0.489286 0.0440335 0.200223
10 0.480343 0.495982 0.0391477 0.207366
8 0.27975 0.44375 0.0423127 0.18683
9 0.424295 0.489286 0.0438799 0.183371
8 0.416429 0.691071 0.0440028 0.219196
9 0.521642 0.497321 0.0440335 0.209821
9 0.400204 0.475446 0.0528525 0.185156
0 0.48231 0.570089 0.0487657 0.253125
0 0.547208 0.568304 0.0466147 0.212388
9 0.616531 0.675 0.059244 0.188058
9 0.716827 0.63125 0.132131 0.176339
10 0.579657 0.494643 0.0494109 0.19308
9 0.601289 0.470089 0.0436955 0.212277
1 0.362347 0.460268 0.0421591 0.161049
10 0.706503 0.435714 0.0666188 0.155692
9 0.579657 0.494643 0.0494109 0.19308
8 0.42577 0.489286 0.0458464 0.175
9 0.458711 0.497768 0.0453549 0.206027
7 0.714369 0.632143 0.130411 0.164844
1 0.324981 0.652232 0.0643448 0.195647
10 0.601781 0.683929 0.0601966 0.201786
7 0.5182 0.694643 0.0462767 0.216295
8 0.588015 0.6875 0.045785 0.189955
10 0.521642 0.497321 0.0440335 0.209821
8 0.73256 0.620536 0.0944585 0.194531
9 0.547699 0.497768 0.0449554 0.214063
8 0.724202 0.428571 0.0637303 0.159487
1 0.278029 0.445982 0.0419747 0.1875
8 0.521642 0.497321 0.0455699 0.19096
7 0.489685 0.695089 0.0494109 0.20558
8 0.696178 0.449107 0.0629928 0.162054
3 0.263279 0.629911 0.0628699 0.18404
0 0.537375 0.236384 0.337273 0.342187
0 0.687328 0.498214 0.0577076 0.106641
0 0.2532 0.619196 0.0835192 0.172321
9 0.600798 0.683482 0.0572466 0.182478
9 0.293024 0.442857 0.0626548 0.167969
9 0.672579 0.658929 0.0837036 0.182143
10 0.740918 0.508482 0.0530984 0.0787388
2 0.693228 0.444643 0.0438799 0.185268
0 0.694211 0.511607 0.0486735 0.0627232
7 0.5359 0.226339 0.537866 0.297545
10 0.323015 0.622768 0.0559253 0.140402
1 0.316378 0.453571 0.0488271 0.177567
7 0.400696 0.458929 0.0432039 0.168862
0 0.294991 0.391518 0.0646521 0.155469
9 0.550158 0.696875 0.0436033 0.216295
7 0.649963 0.6125 0.0589674 0.103795
10 0.384717 0.667857 0.0511317 0.191518
8 0.660779 0.614286 0.0604424 0.235045
8 0.304332 0.630357 0.0862233 0.180357
9 0.396271 0.683929 0.0621324 0.212723
4 0.647996 0.486161 0.0512853 0.139955
8 0.268687 0.452679 0.0532212 0.212723
1 0.647996 0.458929 0.043634 0.19096
5 0.278029 0.445982 0.0419747 0.1875
1 0.733544 0.436161 0.0423127 0.179576
11 0.647013 0.670536 0.076759 0.176116
0 0.459694 0.573661 0.0566935 0.237277
8 0.548683 0.497321 0.0475672 0.194643
