7 0.504123 0.555 0.0281746 0.0679999
7 0.528273 0.555 0.0181122 0.069
7 0.362244 0.659 0.0261621 0.038
10 0.646002 0.56 0.0191185 0.023
10 0.735557 0.568 0.030187 0.0299999
10 0.695308 0.653 0.0332057 0.034
10 0.272689 0.549 0.00804989 0.028
10 0.321995 0.561 0.0291808 0.0420001
10 0.290802 0.559 0.017106 0.0209999
5 0.51821 0.713 0.767757 0.304
4 0.523395 0.642 0.95321 0.595
6 0.515192 0.268 0.654052 0.355
3 0.512173 0.429 0.640971 0.178
0 0.244515 0.489 0.043268 0.139
0 0.28577 0.504 0.043268 0.154
0 0.340107 0.502 0.0462868 0.157
0 0.373313 0.507 0.0402494 0.155
0 0.402494 0.5 0.0513179 0.166
0 0.431674 0.492 0.0412556 0.175
0 0.467899 0.501 0.0281746 0.153
0 0.495067 0.493 0.0321995 0.181
0 0.545379 0.502 0.0281746 0.177
0 0.573553 0.503 0.0251558 0.171
0 0.601728 0.502 0.0372307 0.165
0 0.628896 0.504 0.0412556 0.159
0 0.65204 0.513 0.0382368 0.142
0 0.731532 0.508 0.0442743 0.16
0 0.775806 0.51 0.0482992 0.136
0 0.760713 0.689 0.0794925 0.151
0 0.717445 0.71 0.0965984 0.171
0 0.639965 0.72 0.0392432 0.209
0 0.612796 0.715 0.034212 0.193
0 0.580597 0.698 0.0271682 0.198
0 0.556447 0.684 0.0281746 0.171
0 0.537329 0.678 0.030187 0.157
0 0.514186 0.689 0.0261621 0.166
0 0.48903 0.689 0.0221371 0.167
0 0.466893 0.709 0.0241495 0.192
0 0.441737 0.718 0.0372306 0.184
0 0.408531 0.723 0.0543366 0.185
0 0.361238 0.727 0.0825112 0.173
0 0.30992 0.697 0.0794925 0.154
0 0.265646 0.667 0.0704364 0.148
0 0.686251 0.511 0.0523242 0.159
0 0.386427 0.497231 0.0486719 0.166634
0 0.614156 0.494462 0.0556733 0.157931
0 0.292584 0.690664 0.0954399 0.175534
0 0.54488 0.713608 0.0455704 0.223101
0 0.640197 0.495649 0.0491633 0.160799
0 0.582712 0.712816 0.04729 0.20629
0 0.479042 0.724683 0.047198 0.228046
0 0.425979 0.726266 0.0570245 0.209454
0 0.384216 0.724684 0.0671273 0.189873
0 0.481007 0.515032 0.0525411 0.17949
0 0.767941 0.492089 0.0603102 0.170886
0 0.642653 0.723101 0.0652235 0.182852
0 0.523261 0.517405 0.0501766 0.147152
0 0.549302 0.511076 0.0596039 0.169403
0 0.617104 0.719937 0.0632581 0.193532
0 0.736005 0.697785 0.105512 0.140229
0 0.5154 0.700158 0.0427453 0.203323
0 0.369231 0.493275 0.0557961 0.188884
0 0.336312 0.721519 0.100108 0.182061
0 0.66722 0.490506 0.0715492 0.175831
0 0.78219 0.486155 0.0598188 0.178501
0 0.340734 0.493671 0.072409 0.174149
0 0.450054 0.72231 0.0634424 0.192642
0 0.576324 0.508703 0.0607401 0.152195
0 0.730109 0.494462 0.0797175 0.175831
0 0.409765 0.492089 0.0794104 0.173556
0 0.445632 0.500791 0.0519269 0.153679
0 0.289636 0.488924 0.0744972 0.183841
0 0.465285 0.504747 0.0662061 0.168908
5 0.48936 0.706487 0.922709 0.446203
0 0.598434 0.499604 0.0668816 0.171381
0 0.706034 0.505142 0.0871488 0.146064
0 0.274405 0.486155 0.0767081 0.156448
7 0.708982 0.662579 0.0545678 0.0553797
3 0.501152 0.367484 0.68589 0.334256
0 0.71193 0.696994 0.0749271 0.104134
6 0.498695 0.367089 0.733057 0.328323
10 0.708982 0.662579 0.0545678 0.0553797
0 0.366037 0.692642 0.0525411 0.100524
0 0.610717 0.725475 0.103977 0.211036
0 0.536036 0.710443 0.0880701 0.206685
0 0.467742 0.732595 0.100046 0.195807
0 0.377829 0.70174 0.0608322 0.118968
7 0.746323 0.635285 0.0574236 0.0615605
0 0.521296 0.539161 0.0339321 0.106013
7 0.364318 0.664952 0.0423461 0.0628955
5 0.5 0.640823 1 0.69462
7 0.71193 0.696994 0.0749271 0.104134
0 0.668202 0.715981 0.0857977 0.18483
7 0.366283 0.693038 0.0532167 0.117583
0 0.242715 0.463608 0.0531245 0.141614
7 0.243943 0.490902 0.0537387 0.160206
10 0.364318 0.664952 0.0423461 0.0628955
7 0.729127 0.705696 0.115216 0.150811
10 0.746323 0.635285 0.0574236 0.0615605
7 0.696208 0.679589 0.0638723 0.0830697
10 0.71193 0.696994 0.0749271 0.104134
7 0.775802 0.496044 0.0542608 0.156448
6 0.46725 0.270767 0.934501 0.447785
7 0.521296 0.539161 0.0339321 0.106013
7 0.268264 0.661788 0.0529403 0.132417
0 0.293321 0.462025 0.0544143 0.16782
7 0.74141 0.565269 0.0431138 0.075801
7 0.684907 0.499209 0.0598188 0.155558
10 0.734531 0.700554 0.108828 0.14824
0 0.538001 0.540348 0.0397974 0.125989
0 0.485429 0.543117 0.0456011 0.13034
7 0.363826 0.736551 0.0547521 0.175237
7 0.613665 0.494858 0.0560725 0.166139
7 0.377829 0.70174 0.0608322 0.118968
10 0.366037 0.692642 0.0525411 0.100524
7 0.332873 0.494462 0.0495932 0.177611
7 0.294549 0.55182 0.0409028 0.0742682
7 0.427207 0.491693 0.0470444 0.18038
7 0.288654 0.557753 0.0408414 0.052858
0 0.550284 0.445016 0.0464609 0.152987
0 0.334838 0.463212 0.0585598 0.172567
7 0.641671 0.737342 0.0536773 0.210443
0 0.579272 0.738924 0.0359588 0.195609
7 0.269001 0.689082 0.0632581 0.191159
7 0.524735 0.518196 0.0475971 0.139142
7 0.334347 0.549446 0.0404729 0.0784217
7 0.638723 0.494066 0.0529403 0.178105
7 0.747306 0.687104 0.0830339 0.164062
7 0.732074 0.50356 0.0502687 0.153085
10 0.270966 0.66337 0.056226 0.123616
7 0.314448 0.698972 0.0695225 0.147053
0 0.696208 0.679589 0.0638723 0.0830697
3 0.509013 0.27947 0.694242 0.370253
7 0.326731 0.551424 0.0375557 0.0592365
7 0.288654 0.498813 0.050023 0.169007
9 0.708 0.660997 0.0542607 0.0669008
7 0.430155 0.717563 0.0500844 0.183248
10 0.696208 0.679589 0.0638723 0.0830697
0 0.364072 0.665348 0.0441578 0.0669007
0 0.223062 0.481804 0.0638109 0.151899
7 0.384708 0.493671 0.048242 0.179193
0 0.449071 0.748418 0.0428374 0.199367
7 0.386919 0.736551 0.0458161 0.189676
0 0.612683 0.461234 0.0479656 0.172666
7 0.276125 0.502373 0.0623369 0.133505
9 0.728635 0.704905 0.104222 0.143196
0 0.744358 0.635285 0.0631353 0.070807
0 0.54488 0.745253 0.0352219 0.196598
0 0.67115 0.454509 0.0557654 0.18305
0 0.650023 0.46163 0.0478735 0.170688
8 0.729127 0.705696 0.115216 0.150811
10 0.243943 0.490902 0.0537387 0.160206
0 0.708 0.660997 0.0542607 0.0669008
3 0.5 0.640823 1 0.69462
7 0.550284 0.513449 0.0602795 0.162678
7 0.294795 0.687104 0.0961769 0.168513
10 0.775802 0.496044 0.0542608 0.156448
10 0.736005 0.573972 0.0418855 0.0644284
7 0.538001 0.540348 0.0397974 0.125989
7 0.705052 0.509889 0.0875787 0.141614
7 0.690803 0.660601 0.0433594 0.0590388
7 0.362844 0.501187 0.0614464 0.165546
0 0.240504 0.69106 0.0704438 0.175138
9 0.71193 0.696994 0.0749271 0.104134
7 0.577798 0.508703 0.0626133 0.151899
7 0.646093 0.550237 0.0381698 0.0837618
8 0.732074 0.50356 0.0502687 0.153085
7 0.479042 0.504351 0.0452019 0.164755
0 0.562567 0.260878 0.621035 0.373418
10 0.613665 0.494858 0.0560725 0.166139
0 0.2464 0.642405 0.0659604 0.129945
8 0.633318 0.719937 0.0567787 0.20807
0 0.519822 0.746044 0.0495317 0.240309
10 0.684907 0.499209 0.0598188 0.155558
0 0.516383 0.657437 0.0391832 0.165941
10 0.378075 0.706487 0.0583449 0.140526
10 0.332873 0.494462 0.0495932 0.177611
10 0.363826 0.736551 0.0547521 0.175237
8 0.294795 0.687104 0.0961769 0.168513
7 0.635283 0.556962 0.0388454 0.0447983
0 0.326731 0.551424 0.0375557 0.0592365
10 0.430155 0.717563 0.0500844 0.183248
9 0.366037 0.692642 0.0525411 0.100524
7 0.274651 0.570807 0.0499002 0.0907832
0 0.288654 0.557753 0.0408414 0.052858
8 0.27072 0.673655 0.0649163 0.165249
4 0.539966 0.72943 0.8156 0.342563
7 0.580746 0.710443 0.0402273 0.195214
0 0.703086 0.654272 0.0576079 0.0963706
10 0.733057 0.50356 0.0471365 0.161491
7 0.385936 0.649525 0.0470444 0.0567643
0 0.274405 0.463608 0.049501 0.155063
0 0.359159 0.657041 0.0437894 0.0994363
10 0.521296 0.539161 0.0339321 0.106013
10 0.288654 0.498813 0.050023 0.169007
9 0.430155 0.717563 0.0500844 0.183248
0 0.394288 0.455301 0.0619991 0.191653
9 0.364072 0.665348 0.0441578 0.0669007
10 0.427207 0.491693 0.0470444 0.18038
10 0.288654 0.557753 0.0408414 0.052858
0 0.582712 0.446598 0.055704 0.162876
0 0.513435 0.652294 0.0241056 0.166337
7 0.48199 0.537184 0.0426532 0.147251
7 0.609243 0.711234 0.0504223 0.179292
0 0.274651 0.570807 0.0499002 0.0907832
10 0.638723 0.494066 0.0529403 0.178105
10 0.292584 0.690664 0.0954399 0.175534
8 0.384708 0.493671 0.048242 0.179193
10 0.524735 0.518196 0.0477507 0.141317
11 0.708982 0.662579 0.0545678 0.0553797
9 0.744358 0.635285 0.0631353 0.070807
10 0.635283 0.715981 0.0598188 0.187896
0 0.430647 0.454509 0.0596039 0.189676
8 0.332873 0.494462 0.0495932 0.177611
8 0.368248 0.72231 0.0660832 0.179786
9 0.733057 0.50356 0.0471365 0.161491
9 0.775311 0.501978 0.0491939 0.158524
9 0.424505 0.502769 0.0481499 0.193236
8 0.288654 0.498813 0.050023 0.169007
9 0.268264 0.661788 0.0529403 0.132417
10 0.690803 0.660601 0.0433594 0.0590388
0 0.736005 0.573972 0.0418855 0.0644284
8 0.775802 0.496044 0.0542608 0.156448
7 0.703086 0.654272 0.0576079 0.0963706
10 0.294549 0.55182 0.0409028 0.0742682
0 0.283003 0.640823 0.0733303 0.102749
8 0.427207 0.491693 0.0470444 0.18038
8 0.613665 0.494858 0.0560725 0.166139
7 0.485921 0.705696 0.0434823 0.204114
10 0.31322 0.702532 0.0708122 0.159612
10 0.384708 0.493671 0.048242 0.179193
9 0.524735 0.518196 0.0477507 0.141317
7 0.384216 0.720728 0.0673115 0.191555
9 0.580746 0.710443 0.0402273 0.195214
0 0.207585 0.508703 0.0743744 0.160799
10 0.258437 0.67049 0.0760326 0.156942
0 0.736005 0.463608 0.0477814 0.142702
8 0.638723 0.494066 0.0529403 0.178105
9 0.268264 0.674842 0.0670659 0.186017
8 0.384216 0.720728 0.0673115 0.191555
9 0.333118 0.500791 0.0505758 0.179193
10 0.334347 0.549446 0.0404729 0.0784217
9 0.614648 0.495649 0.0499002 0.187104
8 0.54488 0.713608 0.0455704 0.223101
10 0.326731 0.551424 0.0375557 0.0592365
1 0.735514 0.697785 0.110671 0.160997
7 0.543897 0.704114 0.0406878 0.204114
9 0.245417 0.491297 0.0468294 0.158524
9 0.38741 0.492484 0.0549363 0.194719
9 0.292584 0.690664 0.0954399 0.175534
7 0.767941 0.557753 0.0446799 0.0862836
10 0.550284 0.513449 0.0602795 0.162678
7 0.45988 0.512658 0.0674343 0.151305
8 0.314448 0.698972 0.0695225 0.147053
9 0.290373 0.490902 0.0457854 0.174248
10 0.479042 0.504351 0.0452019 0.164755
8 0.684907 0.499209 0.0598188 0.155558
8 0.480025 0.720728 0.0455704 0.221123
9 0.553232 0.500396 0.0435744 0.166634
3 0.505082 0.707278 0.907478 0.43038
8 0.243943 0.492089 0.0514049 0.14557
9 0.479042 0.504351 0.0452019 0.164755
8 0.481499 0.516614 0.0533702 0.171479
9 0.543897 0.704114 0.0406878 0.204114
10 0.276125 0.502373 0.0623369 0.133505
8 0.582712 0.712816 0.04729 0.20629
10 0.386919 0.736551 0.0458161 0.189676
0 0.333855 0.738924 0.0604637 0.163469
7 0.446123 0.501187 0.0492246 0.167524
1 0.734531 0.504747 0.0486105 0.173655
9 0.638723 0.494066 0.0529403 0.178105
7 0.739444 0.638845 0.0624597 0.0976068
9 0.682451 0.495649 0.0593889 0.183248
10 0.580746 0.710443 0.0402273 0.195214
11 0.736005 0.697785 0.105512 0.140229
9 0.696208 0.679589 0.0638723 0.0830697
0 0.528175 0.429589 0.0668202 0.130736
9 0.31322 0.702532 0.0708122 0.159612
7 0.517857 0.700554 0.0417933 0.200158
9 0.485921 0.705696 0.0434823 0.204114
8 0.430155 0.717563 0.0500844 0.183248
0 0.334347 0.549446 0.0404729 0.0784217
8 0.74878 0.680775 0.101397 0.160107
3 0.724213 0.698972 0.115339 0.13568
4 0.495747 0.281448 0.77875 0.471519
9 0.517857 0.700554 0.0417933 0.200158
7 0.670168 0.728639 0.070628 0.159612
0 0.294549 0.55182 0.0409028 0.0742682
9 0.369231 0.495649 0.058222 0.188687
9 0.446123 0.501187 0.0492246 0.167524
0 0.548319 0.659019 0.0441271 0.151602
6 0.71193 0.696994 0.0749271 0.104134
8 0.71193 0.696994 0.0749271 0.104134
11 0.746323 0.635285 0.0574236 0.0615605
1 0.713404 0.695411 0.0828497 0.129549
7 0.245171 0.465981 0.0437587 0.12322
8 0.549302 0.51424 0.0583449 0.164458
9 0.368248 0.72231 0.0660832 0.179786
9 0.377829 0.70174 0.0608322 0.118968
8 0.524735 0.518196 0.0475971 0.139142
