5 0.506037 0.537 0.648895 0.495
4 0.514086 0.47 0.791752 0.934
3 0.504025 0.182 0.447687 0.268
6 0.505031 0.078 0.428572 0.155
9 0.451711 0.37 0.277667 0.0979999
9 0.618714 0.333 0.0623744 0.104
11 0.596581 0.258 0.0603622 0.093
1 0.621732 0.235 0.0281691 0.104
1 0.592557 0.227 0.0301811 0.136
1 0.569418 0.271 0.0171027 0.133
7 0.658955 0.403 0.0271629 0.038
7 0.613683 0.424 0.0331992 0.0310001
7 0.360162 0.447 0.0281691 0.027
7 0.399397 0.458 0.0241449 0.026
0 0.329981 0.28 0.0281691 0.088
0 0.445675 0.245 0.0482898 0.159
0 0.470826 0.292 0.0181087 0.102
0 0.488935 0.29 0.0211268 0.109
0 0.516098 0.281 0.0181087 0.119
0 0.530182 0.284 0.024145 0.104
0 0.543261 0.239 0.0331992 0.159
0 0.669016 0.489 0.0734408 0.21
0 0.622738 0.514 0.0653924 0.21
0 0.585514 0.533 0.0311872 0.179
0 0.562375 0.542 0.0291752 0.18
0 0.545273 0.563 0.0281691 0.207
0 0.526158 0.565 0.0211268 0.188
0 0.511068 0.564 0.0211269 0.186
0 0.495977 0.57 0.0191148 0.194
0 0.478874 0.563 0.0171027 0.187
0 0.461772 0.589 0.0241449 0.19
0 0.448693 0.547 0.0372234 0.166
0 0.430584 0.541 0.0311872 0.167
0 0.391349 0.548 0.0633805 0.197
0 0.352113 0.519 0.0603623 0.171
0 0.616002 0.283654 0.0557238 0.188034
0 0.398387 0.573184 0.0455616 0.265358
0 0.619441 0.541667 0.0460221 0.251603
0 0.514317 0.559829 0.0427677 0.241052
0 0.571791 0.573718 0.0373948 0.255609
0 0.461756 0.571581 0.0431054 0.230102
0 0.675932 0.523504 0.0578116 0.225561
0 0.516774 0.271902 0.0538204 0.222356
0 0.489265 0.271902 0.0533905 0.224092
0 0.549195 0.559829 0.0477107 0.244391
0 0.57523 0.266026 0.0481098 0.225962
0 0.364492 0.530449 0.0937021 0.21875
0 0.428107 0.587073 0.0571361 0.275107
0 0.457826 0.264423 0.0649651 0.275908
0 0.60323 0.262286 0.0741143 0.209135
0 0.656774 0.52297 0.088667 0.232772
0 0.533475 0.266026 0.0593774 0.266159
0 0.485826 0.558761 0.0493379 0.232906
0 0.475019 0.263355 0.0602063 0.268563
7 0.360808 0.350427 0.0752195 0.0783921
0 0.545756 0.26656 0.0611581 0.223558
7 0.428107 0.368056 0.0544958 0.10203
0 0.429335 0.256944 0.0877459 0.247329
7 0.620914 0.313034 0.0539738 0.133547
7 0.344106 0.350962 0.0467282 0.0942842
0 0.407721 0.561432 0.117158 0.23945
0 0.596353 0.553953 0.0941319 0.25641
7 0.389545 0.360043 0.072088 0.0850695
0 0.606669 0.522436 0.0686493 0.266426
0 0.4873 0.280449 0.105921 0.257212
10 0.360808 0.350427 0.0752195 0.0783921
0 0.531019 0.278846 0.104202 0.241453
7 0.449966 0.380342 0.0606976 0.0752538
0 0.540844 0.564637 0.09536 0.26469
0 0.537896 0.526175 0.0498598 0.275908
10 0.389545 0.360043 0.072088 0.0850695
0 0.478458 0.57265 0.099781 0.263221
0 0.338457 0.356838 0.0475265 0.095219
7 0.570318 0.356303 0.0435966 0.100093
10 0.344106 0.350962 0.0467282 0.0942842
0 0.407475 0.497863 0.0697546 0.297276
0 0.532002 0.588141 0.048908 0.29407
0 0.433756 0.309295 0.0843687 0.209802
5 0.507931 0.55609 0.851301 0.725427
10 0.426879 0.370192 0.0579958 0.0892094
0 0.583581 0.24359 0.0502896 0.188301
7 0.481896 0.370726 0.0481098 0.0797275
0 0.396914 0.359509 0.0781055 0.107706
7 0.475019 0.379808 0.043566 0.0666066
0 0.620423 0.24359 0.0681581 0.180556
10 0.619441 0.309829 0.0548028 0.0991587
0 0.577195 0.314637 0.0572282 0.176549
0 0.576212 0.321581 0.0504739 0.118122
0 0.620914 0.313034 0.0539738 0.133547
10 0.449966 0.380342 0.0606976 0.0752538
0 0.363264 0.556624 0.0690178 0.21648
0 0.426879 0.370192 0.0579958 0.0892094
7 0.577686 0.3125 0.0533905 0.138221
7 0.55509 0.368056 0.0521932 0.0879407
0 0.554598 0.3125 0.0766319 0.162527
7 0.355896 0.517094 0.0609125 0.141693
0 0.434738 0.622329 0.040158 0.319712
7 0.669055 0.440705 0.0550791 0.0932826
0 0.363019 0.366453 0.0866406 0.100895
7 0.521686 0.376068 0.0414475 0.0686432
0 0.56737 0.359509 0.0382852 0.0745192
0 0.329369 0.558761 0.0599914 0.18563
7 0.527581 0.371261 0.0435966 0.0889423
0 0.478458 0.497329 0.0562765 0.280182
0 0.459791 0.326389 0.0629388 0.159589
0 0.336984 0.344551 0.058794 0.161191
0 0.460773 0.315171 0.0756494 0.233707
10 0.56737 0.359509 0.0382852 0.0745192
0 0.38537 0.348291 0.0871319 0.148905
0 0.368668 0.325855 0.0725792 0.170005
0 0.423686 0.346154 0.076816 0.159589
0 0.400352 0.273504 0.072088 0.226763
7 0.618949 0.27938 0.0637985 0.192708
7 0.67102 0.497329 0.0594695 0.221154
0 0.592423 0.587073 0.054465 0.297276
10 0.475019 0.379808 0.043566 0.0666066
0 0.457335 0.623397 0.0455308 0.289797
10 0.669055 0.440705 0.0550791 0.0932826
7 0.620423 0.517094 0.0525923 0.188835
0 0.358352 0.347222 0.0734388 0.08961
10 0.351229 0.517628 0.0621713 0.167735
0 0.449966 0.380342 0.0606976 0.0752538
10 0.481896 0.370726 0.0481098 0.0797275
10 0.576212 0.321581 0.0504739 0.118122
0 0.519721 0.509081 0.0492458 0.202057
10 0.550177 0.376603 0.0509037 0.0684428
0 0.577686 0.508547 0.052623 0.147569
0 0.475019 0.379808 0.043566 0.0666066
9 0.358352 0.347222 0.0734388 0.08961
0 0.47551 0.487179 0.0916143 0.257879
0 0.519721 0.503739 0.0303334 0.193376
0 0.521686 0.376068 0.0414475 0.0686432
9 0.34165 0.349893 0.047987 0.0995593
7 0.654809 0.494658 0.0769389 0.204861
0 0.55116 0.510684 0.0560002 0.163462
7 0.613546 0.549679 0.0418159 0.262954
9 0.387826 0.359509 0.0703687 0.0938835
0 0.580142 0.511218 0.0342325 0.168803
3 0.503019 0.464744 0.868985 0.902243
7 0.619932 0.357906 0.0491536 0.0997596
10 0.619932 0.284722 0.0638599 0.175214
10 0.521686 0.376068 0.0414475 0.0686432
0 0.670529 0.4375 0.0515484 0.110777
7 0.336984 0.344551 0.058794 0.161191
7 0.38537 0.348291 0.0871319 0.148905
10 0.67102 0.497329 0.0594695 0.221154
0 0.550177 0.376603 0.0509037 0.0684428
9 0.426879 0.370192 0.0579958 0.0892094
7 0.354177 0.339209 0.088667 0.145299
10 0.620423 0.517094 0.0525923 0.188835
7 0.572774 0.263355 0.0491844 0.232105
7 0.363264 0.556624 0.0690178 0.21648
7 0.398633 0.571581 0.0481405 0.26282
7 0.522177 0.292735 0.0460835 0.226896
9 0.618949 0.294872 0.0617721 0.113381
0 0.634178 0.552885 0.0486317 0.255075
10 0.527581 0.371261 0.0435966 0.0889423
0 0.360071 0.273504 0.0803161 0.173478
10 0.654809 0.494658 0.0769389 0.204861
0 0.550177 0.507479 0.0318686 0.168269
7 0.658248 0.402244 0.0598993 0.079594
0 0.398633 0.500534 0.0656406 0.118122
3 0.517265 0.164263 0.760424 0.319444
7 0.429335 0.266026 0.0809301 0.25641
7 0.486317 0.290064 0.0477414 0.238916
9 0.355896 0.517094 0.0609125 0.141693
9 0.614037 0.279915 0.0682809 0.179888
7 0.570318 0.566239 0.0410791 0.270967
9 0.449966 0.380342 0.0606976 0.0752538
8 0.672493 0.503205 0.0601449 0.217147
0 0.399615 0.498932 0.0515177 0.185497
7 0.461756 0.575321 0.0412633 0.238248
7 0.632704 0.520299 0.0600528 0.221554
7 0.553616 0.314637 0.0732546 0.157185
9 0.620423 0.517094 0.0525923 0.188835
7 0.397896 0.497863 0.0644125 0.140491
0 0.618458 0.348291 0.0591011 0.108974
7 0.348527 0.527244 0.0682195 0.2289
8 0.620914 0.313034 0.0539738 0.133547
11 0.360808 0.350427 0.0752195 0.0783921
0 0.518739 0.630876 0.0412633 0.340812
0 0.666599 0.438568 0.0532677 0.169872
6 0.517265 0.164263 0.760424 0.319444
9 0.654809 0.494658 0.0769389 0.204861
11 0.344106 0.350962 0.0467282 0.0942842
7 0.583581 0.24359 0.0502896 0.188301
9 0.576212 0.321581 0.0504739 0.118122
8 0.355896 0.517094 0.0609125 0.141693
7 0.460282 0.264957 0.0623862 0.250267
0 0.550668 0.622329 0.0412633 0.311699
7 0.42344 0.564637 0.0552327 0.222356
10 0.653827 0.39797 0.0719651 0.0878072
0 0.513335 0.623932 0.0333116 0.265758
9 0.461756 0.575321 0.0412633 0.238248
8 0.616002 0.283654 0.0557238 0.188034
10 0.393229 0.554487 0.0472808 0.215545
3 0.558528 0.366453 0.709336 0.599359
10 0.618458 0.348291 0.0591011 0.108974
7 0.551651 0.580128 0.0439651 0.266426
0 0.543791 0.61859 0.034908 0.242388
7 0.423686 0.346154 0.076816 0.159589
1 0.351229 0.517628 0.0621713 0.167735
11 0.389545 0.360043 0.072088 0.0850695
0 0.481896 0.370726 0.0481098 0.0797275
9 0.363019 0.366453 0.0866406 0.100895
7 0.336247 0.361111 0.0482019 0.10824
9 0.67102 0.497329 0.0594695 0.221154
7 0.459791 0.326389 0.0629388 0.159589
9 0.56737 0.359509 0.0382852 0.0745192
10 0.574247 0.267094 0.0460221 0.195913
8 0.345826 0.532051 0.0605133 0.21274
9 0.513335 0.5625 0.0398817 0.261619
7 0.5153 0.573718 0.0401887 0.282318
0 0.336984 0.279915 0.0741143 0.160657
11 0.428107 0.368056 0.0544958 0.10203
8 0.393229 0.554487 0.0472808 0.215545
7 0.545756 0.266026 0.0667458 0.230502
10 0.461756 0.575321 0.0412633 0.238248
0 0.527581 0.371261 0.0435966 0.0889423
9 0.475019 0.379808 0.043566 0.0666066
9 0.575721 0.557692 0.0444256 0.258814
7 0.47944 0.58547 0.047373 0.250134
10 0.620423 0.24359 0.0681581 0.180556
9 0.670529 0.4375 0.0515484 0.110777
7 0.363756 0.363782 0.0874389 0.129674
10 0.613546 0.549679 0.0418159 0.262954
9 0.574247 0.267094 0.0460221 0.195913
2 0.350001 0.52938 0.0520703 0.195246
8 0.632704 0.520299 0.0600528 0.221554
8 0.571791 0.56891 0.0443028 0.261886
9 0.357124 0.527778 0.0705529 0.205662
8 0.619441 0.541667 0.0460221 0.251603
9 0.548704 0.561966 0.0448247 0.265759
7 0.400352 0.273504 0.072088 0.226763
0 0.69116 0.515491 0.0771845 0.19765
7 0.600774 0.264957 0.0743599 0.171474
10 0.522177 0.292735 0.0460835 0.226896
9 0.393229 0.554487 0.0472808 0.215545
9 0.514809 0.272436 0.0532064 0.219418
10 0.486317 0.290064 0.0477414 0.238916
0 0.492212 0.502137 0.058702 0.183627
0 0.485826 0.629808 0.0471887 0.342682
1 0.668072 0.498932 0.0667458 0.229167
1 0.618949 0.280449 0.0656406 0.205929
8 0.601756 0.270833 0.0813599 0.169605
9 0.4873 0.273504 0.0530528 0.228499
8 0.428107 0.368056 0.0544958 0.10203
9 0.633195 0.518162 0.0639213 0.226095
9 0.550177 0.376603 0.0509037 0.0684428
10 0.363264 0.556624 0.0690178 0.21648
4 0.428107 0.368056 0.0544958 0.10203
0 0.341896 0.554487 0.0567063 0.217949
10 0.429335 0.266026 0.0809301 0.25641
10 0.570318 0.566239 0.0410791 0.270967
4 0.618949 0.294872 0.0617721 0.113381
8 0.572774 0.263355 0.0491844 0.232105
4 0.344106 0.350962 0.0467282 0.0942842
9 0.423686 0.565171 0.0556011 0.225962
8 0.360808 0.350427 0.0752195 0.0783921
10 0.583581 0.24359 0.0502896 0.188301
8 0.516282 0.577457 0.045715 0.261084
4 0.558528 0.366453 0.709336 0.599359
10 0.397896 0.497863 0.0644125 0.140491
8 0.395686 0.360577 0.0742371 0.121394
2 0.615511 0.269231 0.0714125 0.182158
6 0.34165 0.349893 0.047987 0.0995593
8 0.577686 0.3125 0.0533905 0.138221
10 0.396914 0.362714 0.0786581 0.130142
11 0.355896 0.517094 0.0609125 0.141693
1 0.620914 0.519765 0.0477721 0.21648
10 0.632704 0.520299 0.0600528 0.221554
9 0.4873 0.561966 0.0471887 0.240518
8 0.344106 0.350962 0.0467282 0.0942842
5 0.350247 0.52938 0.0577195 0.190438
9 0.521686 0.376068 0.0414475 0.0686432
9 0.613546 0.549679 0.0418159 0.262954
11 0.453896 0.373397 0.0590397 0.079594
7 0.666599 0.438568 0.0532677 0.169872
8 0.364492 0.530449 0.0937021 0.21875
12 0.619932 0.284722 0.0638599 0.175214
8 0.461756 0.575321 0.0412633 0.238248
8 0.532984 0.270299 0.066316 0.225294
7 0.578177 0.512286 0.0510572 0.160523
8 0.570318 0.356303 0.0435966 0.100093
12 0.387826 0.359509 0.0703687 0.0938835
12 0.34165 0.349893 0.047987 0.0995593
9 0.620423 0.24359 0.0681581 0.180556
10 0.553616 0.314637 0.0732546 0.157185
6 0.5153 0.5 0.95495 1
7 0.430317 0.617521 0.0389607 0.292468
6 0.67102 0.497329 0.0594695 0.221154
9 0.602248 0.269765 0.100395 0.226229
0 0.445545 0.378739 0.0606976 0.111645
7 0.35958 0.281517 0.0704914 0.178018
8 0.670529 0.4375 0.0515484 0.110777
6 0.355896 0.517094 0.0609125 0.141693
11 0.618949 0.294872 0.0617721 0.113381
10 0.423686 0.565171 0.0556011 0.225962
4 0.360808 0.350427 0.0752195 0.0783921
6 0.358352 0.347222 0.0734388 0.08961
