5 0.507563 0.561 0.838278 0.391
4 0.503567 0.492 0.991147 0.709
3 0.519553 0.249 0.645445 0.21
6 0.509561 0.141 0.675419 0.281
0 0.224807 0.245 0.0659432 0.132
0 0.263773 0.333 0.0559518 0.178
0 0.310733 0.338 0.0579501 0.169
0 0.354695 0.347 0.0419639 0.164
0 0.384669 0.348 0.0439622 0.166
0 0.415642 0.315 0.0519552 0.226
0 0.456607 0.321 0.0319725 0.175
0 0.491577 0.326 0.0379674 0.188
0 0.533541 0.32 0.035969 0.18
0 0.567512 0.33 0.0319724 0.17
0 0.601482 0.323 0.0399656 0.217
0 0.629458 0.364 0.0399656 0.138
0 0.664428 0.353 0.0399656 0.159
0 0.704394 0.343 0.0509562 0.189
0 0.75535 0.364 0.0509562 0.14
0 0.781327 0.259 0.0709389 0.121
0 0.812301 0.547 0.0789321 0.09
0 0.746358 0.551 0.0669425 0.202
0 0.683412 0.554 0.0679414 0.208
0 0.637451 0.563 0.0459604 0.211
0 0.601482 0.56 0.0419639 0.224
0 0.573506 0.559 0.0329715 0.221
0 0.544531 0.538 0.0289751 0.201
0 0.521551 0.525 0.0269767 0.162
0 0.500569 0.525 0.0289752 0.18
0 0.477589 0.528 0.0259777 0.196
0 0.449613 0.548 0.0319724 0.199
0 0.420638 0.551 0.0439622 0.217
0 0.38367 0.551 0.0489578 0.205
0 0.337709 0.54 0.0719381 0.181
0 0.276762 0.537 0.0729372 0.19
0 0.326435 0.535904 0.069548 0.233378
0 0.359494 0.315603 0.054518 0.208777
0 0.303905 0.308954 0.0589872 0.205563
0 0.744457 0.356383 0.0515793 0.17254
0 0.481938 0.316046 0.0435899 0.202128
0 0.291416 0.523936 0.126852 0.18484
0 0.801271 0.534131 0.0598443 0.143174
0 0.54218 0.308511 0.0509978 0.233378
0 0.454021 0.542553 0.0573342 0.204233
0 0.470184 0.306738 0.0502019 0.219636
0 0.582342 0.549202 0.0469877 0.219193
0 0.479979 0.529699 0.054916 0.20922
0 0.475571 0.553635 0.035876 0.222629
0 0.396962 0.304521 0.0779966 0.206449
0 0.634748 0.320479 0.0520385 0.179189
0 0.356311 0.54078 0.114301 0.190935
0 0.241704 0.252438 0.0732825 0.158023
0 0.658747 0.530585 0.0501713 0.20789
0 0.747396 0.315603 0.0613136 0.199357
0 0.759151 0.543883 0.0997915 0.150155
0 0.345046 0.310727 0.0579771 0.220191
0 0.508876 0.528369 0.0539058 0.255541
0 0.539242 0.530142 0.0520998 0.250222
0 0.732213 0.519504 0.0683236 0.192376
0 0.783639 0.534131 0.0778741 0.151707
0 0.408472 0.53945 0.0556506 0.222518
0 0.71605 0.541667 0.125382 0.184065
0 0.591158 0.529255 0.0397024 0.217199
0 0.29215 0.312943 0.0953224 0.21199
0 0.610749 0.328901 0.0508141 0.179965
0 0.584301 0.303635 0.0648951 0.200798
0 0.408962 0.550975 0.100098 0.210439
0 0.790496 0.538121 0.0468959 0.117021
0 0.518671 0.308954 0.0569057 0.199801
0 0.655318 0.312943 0.0523446 0.216644
0 0.337455 0.31516 0.101383 0.208222
0 0.654339 0.541667 0.104077 0.192043
0 0.512794 0.512411 0.0416615 0.196587
0 0.539242 0.511082 0.0367943 0.205341
0 0.71605 0.312057 0.0610381 0.180629
0 0.714581 0.33023 0.104506 0.203125
5 0.505937 0.530142 0.944775 0.607713
3 0.527977 0.156028 0.682746 0.308511
0 0.597525 0.542553 0.0999752 0.208777
0 0.465286 0.547429 0.0929959 0.204122
7 0.790496 0.538121 0.0468959 0.117021
0 0.459409 0.31383 0.0978937 0.204122
0 0.657277 0.320035 0.106893 0.191157
0 0.369045 0.545213 0.0737723 0.232713
0 0.548548 0.545656 0.0472326 0.207336
0 0.823311 0.526596 0.0882207 0.149601
0 0.529446 0.31516 0.0958734 0.206339
0 0.581852 0.319592 0.0450899 0.180297
0 0.529936 0.534574 0.0994854 0.208777
0 0.510345 0.332447 0.0454266 0.172872
7 0.741519 0.53945 0.0716296 0.203236
0 0.550017 0.287234 0.0386922 0.218085
0 0.258356 0.529255 0.0904246 0.235151
7 0.267172 0.536791 0.0805679 0.242686
0 0.460388 0.285461 0.0565383 0.227172
0 0.464796 0.567376 0.0467122 0.280363
0 0.603402 0.283688 0.0528956 0.222629
7 0.744457 0.35461 0.0461001 0.154588
7 0.268396 0.381649 0.0472326 0.0944703
0 0.258846 0.279699 0.0493754 0.200022
7 0.220888 0.240027 0.0618034 0.149823
7 0.326924 0.536791 0.0749967 0.249778
7 0.784619 0.257092 0.060181 0.102449
7 0.273294 0.515957 0.0730376 0.149047
7 0.819393 0.528812 0.0755477 0.119238
7 0.230439 0.263519 0.0590178 0.150488
7 0.267172 0.351507 0.0460694 0.138852
6 0.5221 0.166445 0.788047 0.33289
0 0.657767 0.570479 0.0612219 0.221853
7 0.678338 0.53945 0.054365 0.218085
10 0.790496 0.538121 0.0468959 0.117021
9 0.267417 0.527925 0.0600892 0.203236
0 0.401125 0.288564 0.049008 0.233156
0 0.268396 0.381649 0.0472326 0.0944703
0 0.572546 0.511525 0.047355 0.206449
10 0.741519 0.53945 0.0716296 0.203236
7 0.755722 0.547429 0.0859555 0.156693
3 0.506427 0.451241 0.974161 0.722518
7 0.414104 0.3125 0.046498 0.215426
10 0.27158 0.516401 0.0787925 0.17664
0 0.796373 0.262411 0.0553751 0.122008
7 0.706255 0.323582 0.0446001 0.195479
7 0.63083 0.54078 0.0441715 0.226618
7 0.707234 0.378989 0.0393656 0.0897052
7 0.458429 0.317819 0.0401615 0.223404
10 0.268396 0.381649 0.0472326 0.0944703
7 0.355821 0.316046 0.0490387 0.223958
7 0.796373 0.262411 0.0553751 0.122008
0 0.730744 0.569592 0.0772619 0.207447
10 0.744457 0.35461 0.0461001 0.154588
0 0.681276 0.510638 0.0554976 0.151707
7 0.30366 0.328457 0.0533854 0.195035
0 0.326924 0.290337 0.067344 0.206671
10 0.821352 0.535461 0.074262 0.134419
10 0.326924 0.536791 0.0749967 0.249778
10 0.220888 0.240027 0.0618034 0.149823
0 0.637197 0.511968 0.0520998 0.174535
10 0.266927 0.35195 0.0448756 0.141401
0 0.836045 0.507092 0.0797108 0.164007
7 0.800292 0.52305 0.0729764 0.142952
7 0.39035 0.314716 0.0582526 0.224845
0 0.820372 0.541667 0.0642217 0.133533
10 0.784619 0.257092 0.060181 0.102449
7 0.611239 0.328901 0.0494366 0.197363
7 0.382514 0.546986 0.0544568 0.234264
7 0.485856 0.326241 0.0375596 0.206449
7 0.580873 0.548759 0.0446001 0.232934
7 0.753763 0.373227 0.0563853 0.142398
7 0.665604 0.329344 0.0437124 0.195035
0 0.638666 0.515514 0.031315 0.162566
9 0.744457 0.356383 0.0515793 0.17254
7 0.422186 0.550089 0.052314 0.234264
8 0.269866 0.526596 0.0825882 0.204122
8 0.327904 0.552748 0.0831392 0.213431
7 0.473612 0.547872 0.0373147 0.223404
10 0.230439 0.263519 0.0590178 0.150488
7 0.250765 0.348848 0.0640992 0.0917553
7 0.604382 0.548316 0.0470796 0.238254
8 0.744457 0.35461 0.0461001 0.154588
0 0.700378 0.376773 0.0357535 0.0790115
10 0.755722 0.535461 0.0825882 0.153701
10 0.678338 0.53945 0.054365 0.218085
7 0.449613 0.552305 0.0435899 0.233599
9 0.754743 0.539894 0.0798333 0.174313
7 0.751314 0.316489 0.0527426 0.159907
7 0.539242 0.322695 0.0401003 0.211436
7 0.581362 0.318706 0.0428859 0.202682
9 0.791476 0.538121 0.0515182 0.128879
8 0.410186 0.307181 0.052712 0.222185
9 0.702826 0.338209 0.041386 0.17254
8 0.63083 0.54078 0.0441715 0.226618
7 0.547078 0.545656 0.0395493 0.21742
8 0.744947 0.539894 0.0763436 0.200798
7 0.510345 0.332447 0.0454266 0.172872
8 0.382514 0.546986 0.0544568 0.234264
0 0.458919 0.508865 0.0509978 0.178191
10 0.706255 0.323582 0.0446001 0.195479
7 0.641605 0.336436 0.054518 0.193041
0 0.799802 0.235372 0.0913429 0.186946
9 0.222113 0.243794 0.054518 0.171875
0 0.743967 0.37234 0.0431307 0.113198
10 0.30366 0.328457 0.0533854 0.195035
9 0.800781 0.528369 0.0757926 0.138963
0 0.777762 0.567819 0.0721805 0.166556
0 0.605361 0.510638 0.0544568 0.192819
8 0.422186 0.550089 0.052314 0.234264
10 0.414104 0.3125 0.046498 0.215426
9 0.665604 0.333777 0.0412941 0.188276
8 0.220643 0.245124 0.0587117 0.146387
10 0.63083 0.54078 0.0441715 0.226618
10 0.700378 0.376773 0.0357535 0.0790115
10 0.355821 0.316046 0.0490387 0.223958
10 0.458429 0.317819 0.0401615 0.223404
0 0.199828 0.262411 0.0507223 0.170434
8 0.706255 0.323582 0.0446001 0.195479
7 0.666093 0.382535 0.0347128 0.104721
9 0.266927 0.35195 0.0448756 0.141401
7 0.512794 0.512411 0.0416615 0.196587
7 0.320557 0.328457 0.058375 0.197363
0 0.252724 0.347074 0.0563547 0.11547
9 0.419492 0.558067 0.0535691 0.228723
7 0.291416 0.523936 0.126852 0.18484
9 0.241704 0.252438 0.0732825 0.158023
7 0.362433 0.546099 0.0653237 0.235594
0 0.215011 0.269947 0.0619871 0.16168
8 0.666093 0.332447 0.0438042 0.19016
8 0.790496 0.539007 0.0524671 0.143506
7 0.326435 0.380319 0.0480591 0.109486
8 0.269131 0.322252 0.0432532 0.193041
3 0.267417 0.527925 0.0600892 0.203236
8 0.685684 0.531915 0.058926 0.21066
7 0.359984 0.390514 0.0415696 0.0912567
0 0.0701602 0.0629433 0.126729 0.125887
10 0.665604 0.333777 0.0412941 0.188276
7 0.303905 0.383422 0.0537834 0.0993462
9 0.635727 0.546986 0.0514569 0.214761
0 0.606341 0.512855 0.0330904 0.177748
8 0.457449 0.318262 0.0432838 0.21066
8 0.604382 0.548316 0.0470796 0.238254
1 0.329129 0.551862 0.0715071 0.234707
8 0.449613 0.552305 0.0435899 0.233599
0 0.200563 0.249557 0.0849759 0.15625
8 0.356066 0.318706 0.0477224 0.214539
9 0.382514 0.553635 0.0571506 0.231605
0 0.666093 0.382535 0.0347128 0.104721
10 0.800781 0.528369 0.0757926 0.138963
9 0.481938 0.316046 0.0435899 0.202128
9 0.457449 0.318262 0.0432838 0.21066
9 0.35876 0.316933 0.0565995 0.207225
9 0.680787 0.540337 0.0613442 0.204787
9 0.784619 0.257092 0.060181 0.102449
9 0.602423 0.316046 0.0454266 0.211436
9 0.304395 0.30984 0.0570281 0.202128
10 0.796373 0.262411 0.0553751 0.122008
9 0.454511 0.547429 0.0533242 0.219969
10 0.382514 0.546986 0.0544568 0.234264
9 0.633768 0.321365 0.0477836 0.192597
9 0.60928 0.546986 0.0563241 0.218196
0 0.553935 0.125 0.605851 0.248005
9 0.580873 0.548759 0.0446001 0.232934
1 0.270356 0.517287 0.0640992 0.174978
10 0.419492 0.558067 0.0535691 0.228723
8 0.823311 0.526596 0.0882207 0.149601
10 0.611239 0.328901 0.0494366 0.197363
9 0.291416 0.523936 0.126852 0.18484
10 0.39035 0.314716 0.0582526 0.224845
7 0.539242 0.511082 0.0367943 0.205341
8 0.602423 0.316046 0.0454266 0.211436
8 0.296069 0.528812 0.137382 0.187389
8 0.304395 0.30984 0.0570281 0.202128
7 0.211583 0.264628 0.066242 0.160904
7 0.519161 0.30984 0.0548853 0.199025
9 0.512794 0.512411 0.0416615 0.196587
1 0.742498 0.537234 0.0755478 0.214871
8 0.473612 0.547872 0.0373147 0.223404
8 0.788537 0.532801 0.0871799 0.15082
8 0.732213 0.519504 0.0683236 0.192376
6 0.56471 0.10256 0.734172 0.20512
4 0.740049 0.537677 0.0713234 0.19426
1 0.703806 0.335993 0.0398554 0.180851
7 0.350923 0.392287 0.036029 0.0642177
11 0.273294 0.515957 0.0730376 0.149047
9 0.396962 0.304521 0.0779966 0.206449
10 0.485856 0.326241 0.0375596 0.206449
8 0.751314 0.316489 0.0527426 0.159907
12 0.791476 0.538121 0.0515182 0.128879
9 0.326924 0.536791 0.0749967 0.249778
8 0.469204 0.310284 0.049406 0.204566
7 0.481448 0.512855 0.0422431 0.202238
8 0.481938 0.316046 0.0435899 0.202128
12 0.267417 0.527925 0.0600892 0.203236
0 0.705275 0.285461 0.0639768 0.169548
9 0.545609 0.307181 0.0445083 0.214761
7 0.316149 0.383422 0.0434369 0.0702571
10 0.473612 0.547872 0.0373147 0.223404
8 0.581362 0.547429 0.0465898 0.219082
10 0.751314 0.316489 0.0527426 0.159907
8 0.759151 0.543883 0.0997915 0.150155
11 0.744947 0.539894 0.0763436 0.200798
9 0.515733 0.11619 0.692051 0.23238
9 0.473612 0.547872 0.0373147 0.223404
4 0.790496 0.539007 0.0524671 0.143506
1 0.794414 0.535461 0.0599667 0.150044
5 0.267417 0.527925 0.0600892 0.203236
9 0.268396 0.381649 0.0472326 0.0944703
0 0.4239 0.503989 0.0536915 0.147939
4 0.326435 0.535904 0.069548 0.233378
6 0.502204 0.494238 0.995592 0.826241
10 0.250765 0.348848 0.0640992 0.0917553
9 0.819393 0.528812 0.0755477 0.119238
7 0.689603 0.546099 0.0515794 0.198249
10 0.753763 0.373227 0.0563853 0.142398
10 0.604382 0.548316 0.0470796 0.238254
9 0.54316 0.529255 0.0470796 0.215426
7 0.0672216 0.0709774 0.134443 0.141955
10 0.449613 0.552305 0.0435899 0.233599
10 0.580873 0.548759 0.0446001 0.232934
8 0.658747 0.530585 0.0501713 0.20789
6 0.273294 0.515957 0.0730376 0.149047
8 0.353617 0.54078 0.109159 0.201574
