10 0.368021 0.474 0.0331823 0.052
10 0.647557 0.482 0.0351933 0.039
10 0.35495 0.551 0.0382099 0.026
10 0.320762 0.48 0.0341878 0.034
7 0.264453 0.46 0.0291602 0.0289999
7 0.32579 0.465 0.0110607 0.0200001
7 0.742076 0.454 0.0281547 0.0270001
7 0.661634 0.555 0.046254 0.0370001
7 0.299646 0.525 0.0482651 0.035
10 0.6918 0.473 0.0351933 0.038
3 0.496728 0.323 0.601303 0.189
6 0.491701 0.167 0.600297 0.334
5 0.499745 0.602 0.764198 0.422
4 0.503767 0.536 0.935136 0.786
0 0.277524 0.387 0.0593259 0.199
0 0.327801 0.404 0.063348 0.153
0 0.376066 0.408 0.0372044 0.146
0 0.406231 0.404 0.0452486 0.197
0 0.429358 0.387 0.0341878 0.232
0 0.46053 0.412 0.0321767 0.181
0 0.491701 0.401 0.042232 0.217
0 0.5279 0.402 0.0392155 0.212
0 0.556054 0.407 0.0311712 0.192
0 0.58622 0.41 0.0392154 0.212
0 0.609347 0.413 0.0452485 0.198
0 0.646551 0.406 0.0402209 0.161
0 0.681745 0.406 0.0482651 0.176
0 0.73001 0.389 0.0502761 0.199
0 0.729004 0.601 0.0824529 0.192
0 0.678728 0.641 0.0774253 0.163
0 0.625435 0.643 0.0432375 0.184
0 0.59527 0.628 0.0412265 0.179
0 0.568121 0.645 0.0402209 0.206
0 0.537955 0.623 0.0351933 0.197
0 0.519855 0.605 0.0221215 0.185
0 0.499745 0.604 0.0301657 0.172
0 0.479635 0.608 0.0281547 0.174
0 0.452485 0.641 0.0311712 0.218
0 0.428353 0.62 0.0382099 0.198
0 0.399193 0.63 0.044243 0.196
0 0.344894 0.628 0.0764197 0.192
0 0.286574 0.607 0.0804418 0.18
0 0.3265 0.402482 0.0453541 0.196365
0 0.63729 0.400266 0.0452314 0.19836
0 0.379281 0.398493 0.0521051 0.17941
0 0.419541 0.653369 0.0537928 0.205231
0 0.453664 0.660018 0.0473487 0.223848
0 0.328955 0.608156 0.0770836 0.182513
0 0.630416 0.633422 0.0664662 0.197584
0 0.367252 0.402482 0.0463974 0.198803
0 0.460046 0.39273 0.0481773 0.193262
0 0.540076 0.401596 0.0533325 0.200022
0 0.36136 0.612589 0.0948815 0.19703
0 0.696207 0.614805 0.0980728 0.187722
0 0.48214 0.409574 0.0474101 0.244016
0 0.661838 0.393617 0.0759788 0.195146
0 0.655456 0.634752 0.113477 0.198914
0 0.60243 0.641844 0.0650546 0.188054
0 0.341475 0.401596 0.0759175 0.19027
0 0.544004 0.642287 0.0568307 0.211325
0 0.613723 0.401152 0.0714373 0.180629
0 0.524365 0.639628 0.057782 0.234707
0 0.488523 0.648936 0.0604823 0.2582
0 0.290905 0.390957 0.0686756 0.16844
0 0.417086 0.395833 0.0492512 0.217199
0 0.489996 0.45523 0.0392782 0.180297
0 0.596538 0.399823 0.0662207 0.206117
0 0.69768 0.394947 0.0729716 0.170545
0 0.715846 0.379433 0.0700871 0.172872
0 0.413404 0.64672 0.102062 0.207225
0 0.616177 0.649379 0.0427765 0.218085
0 0.577881 0.631649 0.0500798 0.196919
0 0.59752 0.650709 0.0953111 0.214428
0 0.413649 0.394947 0.0838959 0.198471
0 0.471339 0.379433 0.0661593 0.223072
0 0.387382 0.623227 0.0513993 0.175864
0 0.748251 0.369238 0.0560022 0.157026
5 0.502271 0.535461 0.964281 0.786791
0 0.255063 0.383422 0.0630293 0.168107
0 0.545968 0.64273 0.0912605 0.22285
0 0.520928 0.621454 0.0390634 0.20789
0 0.520928 0.669769 0.0431754 0.2418
0 0.522892 0.448138 0.0467043 0.177637
0 0.544986 0.41844 0.0780655 0.215647
0 0.46201 0.653369 0.109059 0.223072
0 0.47674 0.632092 0.0483306 0.213874
4 0.503744 0.359043 0.739413 0.474734
0 0.746778 0.399823 0.0431754 0.153258
0 0.480668 0.419769 0.0792316 0.193595
3 0.500307 0.202128 0.62256 0.378989
3 0.498834 0.352837 0.709463 0.378324
7 0.676077 0.447252 0.0428685 0.0666002
7 0.372161 0.445479 0.0353811 0.0791223
0 0.743341 0.625 0.0618019 0.190049
7 0.643672 0.450355 0.037744 0.0592309
7 0.367252 0.462766 0.031576 0.0528036
0 0.240579 0.589982 0.151099 0.182957
7 0.649073 0.442376 0.0400147 0.0780142
0 0.495397 0.614805 0.0464281 0.217309
7 0.290414 0.60195 0.0821161 0.172207
0 0.461519 0.443706 0.0412421 0.170545
7 0.729594 0.604167 0.0851234 0.192597
7 0.680005 0.626773 0.0714373 0.179521
0 0.534675 0.448138 0.0426537 0.158245
7 0.337056 0.613918 0.069903 0.169991
7 0.278385 0.390071 0.0505094 0.192598
7 0.730084 0.385638 0.0521358 0.183067
10 0.680005 0.626773 0.0714373 0.179521
7 0.57248 0.654255 0.0409047 0.223183
0 0.468393 0.685284 0.0463974 0.316933
7 0.616177 0.649379 0.0427765 0.218085
0 0.643672 0.450355 0.037744 0.0592309
0 0.373389 0.453901 0.0422548 0.0866024
10 0.676077 0.447252 0.0428685 0.0666002
0 0.472812 0.341755 0.0444642 0.187943
7 0.680496 0.402039 0.0511231 0.206117
0 0.367252 0.462766 0.031576 0.0528036
6 0.536148 0.222074 0.723211 0.444149
7 0.3265 0.402482 0.0453541 0.196365
7 0.378299 0.443706 0.0496502 0.101341
8 0.72272 0.603723 0.0833435 0.200355
10 0.643672 0.450355 0.037744 0.0592309
0 0.767399 0.367908 0.0625691 0.121565
10 0.290414 0.60195 0.0821161 0.172207
0 0.491469 0.507535 0.0414877 0.204787
0 0.676077 0.447252 0.0428685 0.0666002
7 0.424696 0.383422 0.0468577 0.202128
0 0.523383 0.336879 0.0506015 0.21055
10 0.729594 0.604167 0.0851234 0.192597
7 0.399165 0.657801 0.0467043 0.199579
7 0.63729 0.401152 0.0446176 0.192819
10 0.372161 0.445479 0.0353811 0.0791223
0 0.497361 0.179521 0.598993 0.279034
7 0.729102 0.428191 0.0372222 0.0962987
8 0.675095 0.631206 0.0816251 0.184176
8 0.287222 0.592199 0.0885602 0.174867
6 0.498097 0.451019 0.996195 0.902039
7 0.42396 0.663121 0.0492819 0.230053
7 0.674113 0.548759 0.0512766 0.0611148
10 0.649073 0.442376 0.0400147 0.0780142
7 0.360378 0.500886 0.0462133 0.0755763
10 0.337056 0.613918 0.069903 0.169991
10 0.3265 0.402482 0.0453541 0.196365
0 0.48165 0.333777 0.0518596 0.24867
0 0.729102 0.428191 0.0372222 0.0962987
0 0.649073 0.442376 0.0400147 0.0780142
0 0.766417 0.360816 0.0851847 0.20113
10 0.680496 0.402039 0.0511231 0.206117
7 0.688351 0.448582 0.0500491 0.0744681
7 0.379035 0.39406 0.052596 0.196033
0 0.237879 0.37234 0.0707008 0.148382
7 0.367252 0.402482 0.0463974 0.198803
0 0.644654 0.622784 0.0662207 0.186503
7 0.5823 0.399379 0.0431754 0.208333
7 0.455137 0.666223 0.0424696 0.242021
5 0.497361 0.179521 0.598993 0.279034
7 0.273966 0.43617 0.0451086 0.104555
0 0.237142 0.364805 0.0886215 0.213209
10 0.278385 0.390071 0.0505094 0.192598
9 0.680005 0.626773 0.0714373 0.179521
7 0.488523 0.451241 0.0372836 0.190935
9 0.680496 0.402039 0.0511231 0.206117
10 0.730084 0.385638 0.0521358 0.183067
9 0.28624 0.600177 0.0800908 0.182513
0 0.517982 0.509752 0.0412115 0.192043
9 0.3265 0.402482 0.0453541 0.196365
7 0.359641 0.625886 0.0732171 0.188276
7 0.699644 0.400266 0.0721124 0.172097
7 0.387382 0.623227 0.0513993 0.175864
9 0.721247 0.605496 0.0822388 0.197584
9 0.367252 0.402482 0.0463974 0.198803
0 0.732539 0.335993 0.054652 0.155253
7 0.652019 0.523936 0.0455689 0.0617797
0 0.201547 0.58023 0.126181 0.204787
0 0.280839 0.346188 0.0452007 0.143949
8 0.726157 0.383865 0.04204 0.186724
8 0.328464 0.386968 0.0517061 0.184397
6 0.498834 0.352837 0.709463 0.378324
8 0.638272 0.401152 0.0500798 0.175864
7 0.336811 0.452571 0.0401375 0.0872673
8 0.424696 0.383422 0.0468577 0.202128
7 0.459555 0.391844 0.0447097 0.21598
10 0.63729 0.401152 0.0446176 0.192819
0 0.544986 0.341755 0.0467043 0.202793
0 0.370688 0.653812 0.0448017 0.176972
8 0.695716 0.617021 0.098748 0.174313
10 0.367252 0.402482 0.0463974 0.198803
0 0.357187 0.495124 0.0485762 0.0745235
9 0.63729 0.401152 0.0446176 0.192819
4 0.472812 0.380319 0.733521 0.293218
8 0.680987 0.399823 0.0540076 0.185505
7 0.695716 0.440603 0.0501718 0.0989583
9 0.337302 0.612145 0.0642568 0.177637
7 0.629434 0.631206 0.0637044 0.18883
7 0.542531 0.660904 0.0408739 0.227394
8 0.379035 0.39406 0.052596 0.196033
8 0.347122 0.617908 0.064134 0.188608
0 0.207193 0.364362 0.0737081 0.200244
0 0.60734 0.434397 0.0421934 0.121121
7 0.522401 0.448138 0.0429606 0.185173
10 0.619614 0.634752 0.0564625 0.198803
7 0.609304 0.398493 0.053087 0.193927
7 0.539585 0.399379 0.0490978 0.211215
9 0.5823 0.399379 0.0431754 0.208333
7 0.527802 0.389184 0.0403216 0.212544
0 0.273966 0.43617 0.0451086 0.104555
10 0.424696 0.383422 0.0468577 0.202128
10 0.57248 0.654255 0.0409047 0.223183
10 0.674113 0.548759 0.0512766 0.0611148
1 0.678041 0.627216 0.0816251 0.200355
9 0.27863 0.388298 0.0464895 0.202128
9 0.42396 0.393617 0.0421934 0.21199
10 0.5823 0.399379 0.0431754 0.208333
8 0.278385 0.390071 0.0505094 0.192598
8 0.57248 0.654255 0.0409047 0.223183
7 0.715846 0.379433 0.0700871 0.172872
8 0.586719 0.398493 0.046336 0.200133
0 0.420277 0.435727 0.0380815 0.128657
8 0.618632 0.638298 0.0536393 0.206117
9 0.388609 0.39273 0.0474715 0.198249
11 0.680005 0.626773 0.0714373 0.179521
8 0.332392 0.606826 0.0811955 0.161791
9 0.619614 0.634752 0.0564625 0.198803
0 0.640726 0.445479 0.0412421 0.123449
0 0.794894 0.355496 0.0671413 0.136968
7 0.60734 0.434397 0.0421934 0.121121
0 0.293605 0.560727 0.0797226 0.124446
0 0.362342 0.451684 0.0347674 0.127549
0 0.765926 0.393617 0.0583957 0.105773
5 0.503744 0.359043 0.739413 0.474734
9 0.726157 0.383865 0.04204 0.186724
7 0.461519 0.443706 0.0412421 0.170545
10 0.379035 0.39406 0.052596 0.196033
7 0.290905 0.390957 0.0686756 0.16844
9 0.367252 0.462766 0.031576 0.0528036
6 0.680005 0.626773 0.0714373 0.179521
1 0.719774 0.608599 0.085737 0.191489
0 0.361851 0.652039 0.0417331 0.157691
8 0.455137 0.666223 0.0424696 0.242021
8 0.424942 0.66445 0.0498343 0.216644
9 0.609304 0.398493 0.053087 0.193927
9 0.527802 0.389184 0.0403216 0.212544
0 0.193445 0.58422 0.0865963 0.259973
10 0.359641 0.625886 0.0732171 0.188276
1 0.327237 0.400266 0.0474101 0.201795
9 0.418313 0.652926 0.0552964 0.208887
0 0.20081 0.401152 0.0800294 0.151707
1 0.286977 0.595745 0.0802136 0.178524
9 0.497361 0.179521 0.598993 0.279034
7 0.484104 0.406472 0.0418559 0.214761
9 0.459555 0.391844 0.0447097 0.21598
7 0.52191 0.666223 0.0429913 0.238475
9 0.575426 0.645833 0.0517061 0.203236
10 0.357187 0.495124 0.0485762 0.0745235
8 0.539585 0.399379 0.0490978 0.211215
7 0.534675 0.448138 0.0426537 0.158245
9 0.453173 0.660461 0.0454155 0.234264
10 0.378299 0.443706 0.0496502 0.101341
3 0.509635 0.562943 0.932858 0.725177
9 0.541549 0.385195 0.0432061 0.209441
8 0.361114 0.629433 0.0690438 0.189273
10 0.609304 0.398493 0.053087 0.193927
7 0.477231 0.382092 0.0431754 0.231605
9 0.715846 0.379433 0.0700871 0.172872
8 0.497361 0.179521 0.598993 0.279034
9 0.643672 0.450355 0.037744 0.0592309
6 0.3265 0.402482 0.0453541 0.196365
10 0.42396 0.663121 0.0492819 0.230053
1 0.726648 0.385638 0.0470111 0.18617
8 0.403093 0.646277 0.0591322 0.20523
8 0.459555 0.391844 0.0447097 0.21598
1 0.63729 0.400266 0.0452314 0.19836
7 0.489996 0.64672 0.054652 0.232934
9 0.361114 0.629433 0.0690438 0.189273
6 0.680496 0.402039 0.0511231 0.206117
0 0.673622 0.444149 0.0458451 0.123559
9 0.393273 0.634752 0.061403 0.198803
7 0.480668 0.675532 0.0481159 0.231605
10 0.527802 0.389184 0.0403216 0.212544
1 0.328955 0.608156 0.0770836 0.182513
0 0.185099 0.367908 0.0549895 0.218085
1 0.680987 0.399379 0.0504173 0.208444
5 0.286977 0.595745 0.0802136 0.178524
0 0.269792 0.554078 0.0759789 0.139074
9 0.290905 0.390957 0.0686756 0.16844
10 0.688351 0.448582 0.0500491 0.0744681
10 0.399165 0.657801 0.0467043 0.199579
9 0.676077 0.447252 0.0428685 0.0666002
10 0.455137 0.666223 0.0424696 0.242021
4 0.680005 0.626773 0.0714373 0.179521
8 0.598502 0.643617 0.0557874 0.194371
8 0.367252 0.402482 0.0463974 0.198803
3 0.675586 0.625886 0.0802136 0.200022
10 0.729102 0.428191 0.0372222 0.0962987
9 0.488523 0.451241 0.0372836 0.190935
9 0.484104 0.406472 0.0418559 0.214761
11 0.680496 0.402039 0.0511231 0.206117
10 0.387382 0.623227 0.0513993 0.175864
11 0.719774 0.605496 0.0846937 0.182846
8 0.477231 0.382092 0.0431754 0.231605
