9 0.572436 0.461 0.0704227 0.094
9 0.345071 0.554 0.0452718 0.104
9 0.325956 0.386 0.0442657 0.128
9 0.407446 0.417 0.131791 0.149
11 0.329981 0.632 0.0140845 0.056
11 0.45976 0.368 0.00905442 0.047
11 0.435615 0.349 0.0100604 0.049
11 0.414488 0.333 0.0100604 0.048
11 0.383301 0.333 0.0120725 0.0539999
11 0.365192 0.331 0.0140845 0.0570001
11 0.310866 0.311 0.0160966 0.056
1 0.30483 0.279 0.0392355 0.118
1 0.36821 0.299 0.0301811 0.111
1 0.385313 0.291 0.0331992 0.14
1 0.4165 0.299 0.0251509 0.135
1 0.437627 0.313 0.024145 0.132
1 0.461772 0.329 0.0201207 0.129
6 0.497989 0.14125 0.445675 0.2825
3 0.489941 0.278 0.46982 0.209
4 0.496983 0.497 0.758553 0.883
1 0.326962 0.659 0.0271631 0.124
0 0.477868 0.424 0.0251509 0.178
0 0.505031 0.409 0.0201207 0.184
0 0.525152 0.417 0.025151 0.171
0 0.548291 0.373 0.0201207 0.162
0 0.589539 0.361 0.0201207 0.154
0 0.649901 0.38 0.0412476 0.203
0 0.633804 0.611 0.0633804 0.202
0 0.600605 0.627 0.0402415 0.197
0 0.575454 0.635 0.0291752 0.193
0 0.557345 0.652 0.0311872 0.221
0 0.535212 0.619 0.0221328 0.181
0 0.519116 0.615 0.0201208 0.151
0 0.505031 0.614 0.0201207 0.157
0 0.488935 0.628 0.0181087 0.177
0 0.465796 0.641 0.0321932 0.205
0 0.448693 0.618 0.0382294 0.205
0 0.425554 0.613 0.0452718 0.197
0 0.399397 0.623 0.0331992 0.086
0 0.416317 0.644765 0.0448247 0.275107
0 0.458317 0.637821 0.0429826 0.229834
0 0.568353 0.669872 0.0538204 0.284989
0 0.407475 0.634615 0.0399738 0.204728
0 0.334773 0.605769 0.0642283 0.220219
0 0.51137 0.634615 0.039544 0.22516
7 0.572283 0.451923 0.0537896 0.072516
0 0.58309 0.373397 0.0475878 0.198317
0 0.552633 0.390491 0.0555089 0.191239
0 0.461265 0.373932 0.0399431 0.265491
0 0.515791 0.392628 0.0654564 0.226763
0 0.476493 0.647436 0.0420615 0.250134
0 0.577686 0.656517 0.0644739 0.214877
0 0.535932 0.396902 0.0754037 0.206197
0 0.617476 0.625534 0.062816 0.199519
7 0.563932 0.433761 0.0491844 0.0783253
0 0.430072 0.32906 0.0610046 0.188301
0 0.596353 0.36859 0.0781669 0.207265
10 0.572283 0.451923 0.0537896 0.072516
0 0.484352 0.624466 0.0474344 0.213408
0 0.49123 0.394765 0.0617721 0.249599
0 0.472072 0.370726 0.0470352 0.231571
0 0.421229 0.310897 0.0466668 0.16226
0 0.574739 0.403846 0.0722108 0.196715
0 0.378738 0.343483 0.111386 0.223958
0 0.466668 0.61859 0.0619871 0.25
0 0.46323 0.352564 0.0881144 0.251335
0 0.576212 0.407585 0.0583335 0.145433
0 0.655792 0.34188 0.0624476 0.215278
0 0.409194 0.339209 0.103834 0.223958
0 0.369159 0.33547 0.0898336 0.148371
0 0.587019 0.63141 0.0562151 0.223291
0 0.513335 0.419338 0.0436581 0.184829
0 0.393721 0.32906 0.0869477 0.158253
7 0.641055 0.616453 0.0600528 0.192975
0 0.530528 0.634615 0.0475879 0.260684
0 0.542318 0.651175 0.0948073 0.254006
0 0.411896 0.356838 0.154615 0.228499
0 0.541826 0.666667 0.0628774 0.25187
0 0.545756 0.638355 0.0475879 0.200988
5 0.492212 0.577991 0.819371 0.655983
0 0.471581 0.653846 0.0810529 0.240251
0 0.459791 0.423611 0.0361361 0.129207
0 0.385615 0.304487 0.0560923 0.186298
10 0.563932 0.433761 0.0491844 0.0783253
6 0.503019 0.187967 0.557054 0.375935
3 0.50351 0.33547 0.559019 0.401442
7 0.33944 0.550748 0.0538204 0.135951
7 0.337966 0.630876 0.0539125 0.188034
0 0.37751 0.292735 0.0507809 0.140892
0 0.428352 0.36485 0.0773687 0.282853
0 0.453896 0.310897 0.0515791 0.159856
7 0.644493 0.445513 0.042123 0.110844
7 0.459791 0.423611 0.0361361 0.129207
3 0.498107 0.176416 0.479686 0.352831
7 0.638107 0.577991 0.0568599 0.110844
0 0.56344 0.447115 0.0497063 0.0684428
0 0.35565 0.364316 0.144913 0.204995
0 0.486809 0.425748 0.0488773 0.194044
10 0.341405 0.557692 0.0598072 0.117855
7 0.596353 0.462073 0.075588 0.0985577
4 0.50351 0.33547 0.559019 0.401442
7 0.647441 0.369658 0.0387458 0.176816
7 0.315369 0.297543 0.0752195 0.128205
10 0.641055 0.616453 0.0600528 0.192975
9 0.336001 0.60203 0.0801318 0.200053
7 0.617476 0.629273 0.0576581 0.195379
7 0.369159 0.33547 0.0898336 0.148371
7 0.377756 0.296474 0.0575353 0.136218
0 0.341405 0.557692 0.0598072 0.117855
7 0.421229 0.310897 0.0466668 0.16226
0 0.478458 0.140091 0.489756 0.280182
0 0.33551 0.563568 0.0467896 0.175748
7 0.574247 0.406517 0.0557852 0.163194
7 0.513335 0.419338 0.0436581 0.184829
9 0.572283 0.451923 0.0537896 0.072516
7 0.629756 0.563568 0.0546493 0.106971
10 0.638599 0.571047 0.0679125 0.0989583
7 0.406493 0.633013 0.0406799 0.205128
10 0.337966 0.630876 0.0539125 0.188034
6 0.495651 0.105168 0.508914 0.210337
7 0.430072 0.32906 0.0610046 0.188301
0 0.396668 0.373397 0.120106 0.167201
0 0.315369 0.297543 0.0752195 0.128205
10 0.640564 0.452991 0.0424914 0.0903445
7 0.34165 0.604701 0.0799477 0.237847
7 0.581125 0.371261 0.0434738 0.206731
0 0.344352 0.636752 0.0688336 0.185764
7 0.368177 0.374466 0.124711 0.167201
9 0.563932 0.433761 0.0491844 0.0783253
10 0.314633 0.293269 0.0709827 0.151709
0 0.638599 0.571047 0.0679125 0.0989583
10 0.647441 0.369658 0.0387458 0.176816
10 0.421229 0.310897 0.0466668 0.16226
10 0.596353 0.462073 0.075588 0.0985577
7 0.56737 0.698718 0.0466668 0.273104
7 0.385615 0.304487 0.0560923 0.186298
10 0.459791 0.423611 0.0361361 0.129207
7 0.656283 0.342949 0.057873 0.214343
7 0.424914 0.630876 0.0447326 0.226896
0 0.430317 0.575855 0.0507195 0.162794
7 0.606669 0.374466 0.075895 0.169338
0 0.519721 0.707265 0.0572282 0.302885
4 0.548212 0.60844 0.679371 0.59562
10 0.576212 0.407585 0.0583335 0.145433
7 0.553125 0.389957 0.0532063 0.193243
7 0.458317 0.637821 0.0429826 0.229834
0 0.574247 0.441239 0.0525002 0.0721822
7 0.393721 0.32906 0.0869477 0.158253
8 0.336247 0.630342 0.0658248 0.21461
10 0.368914 0.333333 0.0849828 0.181624
0 0.640564 0.452991 0.0424914 0.0903445
9 0.631721 0.613248 0.0684651 0.227564
0 0.653827 0.594017 0.104141 0.214877
8 0.634178 0.609509 0.0641055 0.190037
10 0.377756 0.296474 0.0575353 0.136218
7 0.552142 0.446581 0.0550791 0.122262
7 0.461756 0.374466 0.0389606 0.235043
0 0.584072 0.511752 0.0567063 0.117054
9 0.647441 0.369658 0.0387458 0.176816
7 0.428843 0.370727 0.075588 0.200187
10 0.627792 0.558761 0.074237 0.109308
0 0.658248 0.626068 0.0709827 0.193242
0 0.5153 0.561966 0.0445484 0.211004
6 0.50351 0.33547 0.559019 0.401442
7 0.585055 0.520299 0.0544036 0.0886752
0 0.333791 0.331731 0.0888512 0.120393
10 0.617476 0.629273 0.0576581 0.195379
10 0.368177 0.374466 0.124711 0.167201
7 0.587511 0.629808 0.0588861 0.203125
7 0.415089 0.639957 0.0444256 0.267762
0 0.552142 0.446581 0.0550791 0.122262
3 0.496633 0.571047 0.783511 0.685897
0 0.467651 0.696047 0.0402194 0.279915
10 0.406493 0.633013 0.0406799 0.205128
10 0.581125 0.371261 0.0434738 0.206731
10 0.34165 0.604701 0.0799477 0.237847
7 0.513826 0.641026 0.0410177 0.26282
0 0.336492 0.321047 0.0983073 0.184696
7 0.393229 0.375 0.119123 0.18977
9 0.337966 0.620726 0.0499519 0.217415
9 0.581125 0.371261 0.0434738 0.206731
7 0.310212 0.270833 0.0576581 0.103632
7 0.431791 0.440705 0.0644125 0.0954193
7 0.333791 0.331731 0.0888512 0.120393
0 0.490738 0.564103 0.044794 0.233974
7 0.342387 0.485577 0.0677283 0.116453
9 0.406493 0.633013 0.0406799 0.205128
9 0.478458 0.140091 0.489756 0.280182
9 0.458317 0.637821 0.0429826 0.229834
9 0.425159 0.311966 0.0471888 0.1664
0 0.326177 0.649573 0.0465133 0.153713
10 0.458317 0.637821 0.0429826 0.229834
9 0.554107 0.378205 0.0451317 0.229434
8 0.415089 0.639957 0.0444256 0.267762
7 0.486809 0.425748 0.0488773 0.194044
6 0.481405 0.141159 0.622879 0.282318
5 0.336001 0.60203 0.0801318 0.200053
9 0.365966 0.373397 0.133614 0.217682
11 0.574247 0.441239 0.0525002 0.0721822
2 0.572283 0.451923 0.0537896 0.072516
10 0.430563 0.330662 0.0571976 0.165198
0 0.638599 0.578526 0.0457765 0.139022
9 0.341405 0.536325 0.0557546 0.105168
7 0.453896 0.310897 0.0515791 0.159856
7 0.518739 0.131243 0.482388 0.262487
9 0.574247 0.406517 0.0557852 0.163194
4 0.563932 0.433761 0.0491844 0.0783253
0 0.321264 0.309295 0.0416317 0.139156
9 0.377756 0.296474 0.0575353 0.136218
0 0.484352 0.707799 0.0431668 0.356838
10 0.553125 0.389957 0.0532063 0.193243
7 0.646949 0.36859 0.0555397 0.210337
8 0.568353 0.666667 0.0465133 0.262821
8 0.647441 0.369658 0.0387458 0.176816
10 0.424914 0.630876 0.0447326 0.226896
8 0.460282 0.636752 0.0394826 0.272436
9 0.51137 0.633547 0.036965 0.23531
8 0.572283 0.451923 0.0537896 0.072516
7 0.476493 0.647436 0.0420615 0.250134
9 0.424914 0.630876 0.0447326 0.226896
0 0.325685 0.277244 0.0709827 0.195246
9 0.411896 0.356838 0.154615 0.228499
5 0.337966 0.620726 0.0499519 0.217415
1 0.631721 0.614316 0.0668686 0.218616
5 0.504002 0.342415 0.621897 0.560897
11 0.563932 0.433761 0.0491844 0.0783253
8 0.518739 0.131243 0.482388 0.262487
10 0.584072 0.511752 0.0567063 0.117054
10 0.385615 0.304487 0.0560923 0.186298
4 0.574247 0.441239 0.0525002 0.0721822
2 0.336001 0.60203 0.0801318 0.200053
7 0.313405 0.273504 0.0406492 0.141026
7 0.515791 0.392628 0.0654564 0.226763
10 0.513335 0.419338 0.0436581 0.184829
6 0.461756 0.214744 0.756985 0.429487
9 0.646458 0.357906 0.054987 0.233707
7 0.484352 0.624466 0.0474344 0.213408
7 0.546739 0.634081 0.0484475 0.199519
0 0.460282 0.567842 0.0474957 0.183093
0 0.627792 0.558761 0.074237 0.109308
7 0.361299 0.452457 0.100702 0.127804
3 0.336001 0.60203 0.0801318 0.200053
8 0.638599 0.571047 0.0679125 0.0989583
7 0.471581 0.364316 0.0455001 0.235577
7 0.320036 0.650107 0.0559388 0.123932
8 0.424914 0.630876 0.0447326 0.226896
0 0.542318 0.161859 0.362773 0.2707
9 0.457826 0.353632 0.0434739 0.201255
0 0.341405 0.358974 0.102237 0.166667
1 0.647932 0.370192 0.0408949 0.186565
1 0.34165 0.604701 0.0799477 0.237847
7 0.559019 0.673611 0.0490001 0.254541
9 0.638599 0.571047 0.0679125 0.0989583
7 0.342633 0.376068 0.0849827 0.148504
10 0.393721 0.32906 0.0869477 0.158253
7 0.321264 0.309295 0.0416317 0.139156
0 0.431791 0.440705 0.0644125 0.0954193
8 0.646458 0.357906 0.054987 0.233707
0 0.557546 0.503739 0.0611581 0.159589
9 0.459791 0.423611 0.0361361 0.129207
9 0.368914 0.333333 0.0849828 0.181624
10 0.457826 0.353632 0.0434739 0.201255
6 0.572283 0.451923 0.0537896 0.072516
1 0.337966 0.620726 0.0499519 0.217415
8 0.515791 0.646367 0.0442414 0.24399
9 0.385615 0.304487 0.0560923 0.186298
7 0.431791 0.579594 0.048294 0.147837
7 0.582107 0.376068 0.079395 0.184161
10 0.51137 0.633547 0.036965 0.23531
8 0.581125 0.371261 0.0434738 0.206731
10 0.342387 0.485577 0.0677283 0.116453
5 0.631721 0.614316 0.0668686 0.218616
7 0.658248 0.626068 0.0709827 0.193242
8 0.617476 0.625534 0.062816 0.199519
10 0.56737 0.698718 0.0466668 0.273104
9 0.640564 0.452991 0.0424914 0.0903445
10 0.587511 0.629808 0.0588861 0.203125
10 0.646458 0.357906 0.054987 0.233707
9 0.617476 0.625534 0.062816 0.199519
8 0.552633 0.390491 0.0555089 0.191239
2 0.631721 0.613248 0.0684651 0.227564
0 0.51923 0.18336 0.277545 0.36672
10 0.393229 0.375 0.119123 0.18977
8 0.369405 0.330128 0.088974 0.211405
4 0.33944 0.550748 0.0538204 0.135951
8 0.563932 0.433761 0.0491844 0.0783253
10 0.606669 0.374466 0.075895 0.169338
9 0.568353 0.674145 0.0508729 0.2711
10 0.334773 0.319444 0.0936407 0.15438
8 0.461756 0.378205 0.0421229 0.230101
11 0.33944 0.550748 0.0538204 0.135951
6 0.491721 0.470353 0.911722 0.940705
0 0.404036 0.69765 0.0443642 0.272837
8 0.340422 0.537393 0.0496142 0.129741
9 0.484352 0.624466 0.0474344 0.213408
1 0.421229 0.310897 0.0466668 0.16226
8 0.406493 0.633013 0.0406799 0.205128
9 0.50351 0.33547 0.559019 0.401442
9 0.587511 0.629808 0.0588861 0.203125
9 0.585546 0.375 0.0739301 0.199786
