7 0.697868 0.658 0.0289946 0.024
7 0.656876 0.658 0.0319938 0.024
7 0.720864 0.597 0.0289946 0.0269999
7 0.670873 0.606 0.0239954 0.0269999
7 0.298943 0.607 0.0239954 0.023
6 0.504904 0.375 0.560894 0.317
3 0.507904 0.463 0.5259 0.203
5 0.506904 0.744 0.677872 0.286
4 0.500905 0.66 0.878834 0.56
0 0.26395 0.554 0.0379928 0.131
0 0.303942 0.559 0.0499905 0.148
0 0.349934 0.558 0.0479909 0.148
0 0.388926 0.558 0.0359932 0.132
0 0.416921 0.545 0.0389926 0.145
0 0.443916 0.527 0.036993 0.147
0 0.471911 0.523 0.0379928 0.15
0 0.502905 0.517 0.031994 0.174
0 0.534899 0.525 0.036993 0.164
0 0.566893 0.525 0.0339936 0.143
0 0.587889 0.534 0.0339936 0.152
0 0.612884 0.548 0.0339935 0.14
0 0.640879 0.556 0.036993 0.131
0 0.668873 0.545 0.0499905 0.168
0 0.714865 0.549 0.0439917 0.156
0 0.748858 0.548 0.0429918 0.121
0 0.763855 0.691 0.0699869 0.0820001
0 0.701867 0.704 0.0559894 0.143
0 0.660875 0.722 0.0569894 0.154
0 0.620882 0.72 0.0419921 0.164
0 0.593888 0.702 0.0319939 0.134
0 0.566893 0.708 0.0259951 0.172
0 0.545897 0.698 0.0229956 0.157
0 0.5299 0.694 0.0239954 0.156
0 0.510903 0.696 0.0299943 0.156
0 0.491907 0.7 0.0279947 0.156
0 0.468911 0.709 0.0289946 0.166
0 0.443916 0.718 0.0399925 0.173
0 0.415921 0.723 0.0489908 0.168
0 0.372929 0.721 0.0729862 0.155
7 0.372929 0.667 0.0339935 0.0429999
7 0.323939 0.665 0.0309941 0.0399999
0 0.31794 0.716 0.0679871 0.148
0 0.257951 0.691 0.0759856 0.08
0 0.369293 0.72961 0.0482752 0.197363
0 0.340622 0.537234 0.0551366 0.187389
0 0.572441 0.72961 0.0397596 0.238032
0 0.28279 0.539894 0.06209 0.18883
0 0.606748 0.723404 0.0384119 0.217309
0 0.722902 0.546099 0.0732091 0.135527
0 0.482752 0.72961 0.0436192 0.233156
0 0.387182 0.733156 0.059425 0.188497
0 0.389387 0.527926 0.0528393 0.180629
0 0.293817 0.54477 0.0639585 0.140293
0 0.519019 0.717642 0.0475094 0.235816
0 0.540094 0.731383 0.0453959 0.23914
0 0.42639 0.521277 0.0587818 0.181516
0 0.649877 0.70789 0.0589043 0.195368
0 0.445014 0.523936 0.0598232 0.182846
0 0.579302 0.52039 0.0524717 0.175975
0 0.409971 0.522163 0.0540951 0.193152
0 0.339397 0.730497 0.0952026 0.178746
0 0.516079 0.495567 0.0468968 0.199468
0 0.612629 0.524379 0.0577709 0.169326
6 0.506767 0.291667 0.657719 0.372784
0 0.303374 0.703901 0.0781715 0.140182
5 0.489613 0.749003 0.961583 0.501995
0 0.471969 0.483599 0.0624575 0.198692
0 0.340377 0.535018 0.089934 0.159131
0 0.478341 0.51906 0.0579547 0.189051
0 0.530782 0.72695 0.0416588 0.217199
0 0.40311 0.737589 0.0719839 0.192043
0 0.587634 0.719858 0.0464986 0.197584
0 0.547935 0.495124 0.0515528 0.192598
0 0.643996 0.531028 0.0774976 0.164894
0 0.594985 0.51906 0.0525329 0.171543
0 0.40213 0.528369 0.0932422 0.175421
0 0.453836 0.50133 0.0629783 0.236481
0 0.452365 0.493351 0.0723515 0.15215
0 0.467068 0.73227 0.0533906 0.206117
7 0.750348 0.697695 0.0651837 0.0960217
0 0.477361 0.500443 0.205353 0.261968
3 0.501866 0.378989 0.61655 0.379654
0 0.7131 0.693262 0.0602521 0.158799
0 0.463148 0.52305 0.0580466 0.188608
0 0.269067 0.691933 0.0596701 0.115802
0 0.332535 0.546986 0.0578628 0.140071
0 0.668991 0.515071 0.0372478 0.176086
7 0.293082 0.54477 0.0612936 0.138741
0 0.595966 0.703457 0.0783553 0.189051
0 0.536173 0.704344 0.0649387 0.213985
0 0.287201 0.708333 0.0880348 0.165559
0 0.468539 0.738475 0.0844203 0.187832
0 0.745937 0.700798 0.0580466 0.13719
0 0.537643 0.522606 0.0635909 0.183067
0 0.462167 0.529699 0.0890763 0.155585
0 0.637134 0.508422 0.0510932 0.165559
0 0.538624 0.496011 0.206088 0.24047
0 0.516569 0.445479 0.0675117 0.289229
0 0.524411 0.496897 0.0781102 0.230053
0 0.47295 0.486702 0.0532681 0.363918
7 0.267351 0.694149 0.0625494 0.106161
7 0.71212 0.551862 0.0479689 0.130208
7 0.666541 0.545213 0.0434967 0.143949
7 0.704278 0.713209 0.0540645 0.159353
10 0.755249 0.698138 0.0581078 0.104167
0 0.516569 0.558511 0.0458247 0.143395
7 0.332535 0.546986 0.0578628 0.140071
0 0.354835 0.513741 0.0599151 0.16578
0 0.265881 0.575798 0.0598539 0.167442
7 0.275928 0.555408 0.0569745 0.149047
0 0.532252 0.488918 0.0533906 0.300975
0 0.747898 0.522163 0.0685532 0.178081
0 0.453346 0.546099 0.0498374 0.145833
0 0.540094 0.672429 0.0325612 0.213763
0 0.575381 0.682181 0.0415975 0.189273
0 0.652327 0.549645 0.0536051 0.164894
10 0.293082 0.54477 0.0612936 0.138741
0 0.71065 0.666667 0.0474175 0.117575
7 0.312686 0.727837 0.0651225 0.155696
0 0.47589 0.44016 0.0832563 0.293661
0 0.483732 0.556294 0.049041 0.142066
0 0.518039 0.671986 0.0350424 0.221299
7 0.269557 0.666223 0.0598232 0.128324
3 0.506277 0.633422 0.927765 0.625443
0 0.542054 0.562943 0.0448445 0.15891
0 0.76015 0.678635 0.0619369 0.12633
7 0.649877 0.718085 0.0460697 0.179521
0 0.293082 0.515957 0.0743119 0.149047
7 0.369538 0.728723 0.0514302 0.178856
10 0.269067 0.691933 0.0596701 0.115802
0 0.576361 0.545656 0.0415975 0.159131
7 0.71114 0.664007 0.0490716 0.0987367
7 0.725843 0.536348 0.0653675 0.143506
0 0.26196 0.669326 0.0809896 0.142952
10 0.722412 0.554078 0.0613854 0.136968
7 0.347728 0.545656 0.0548609 0.140071
7 0.604297 0.718085 0.0399128 0.217642
7 0.76015 0.678635 0.0619369 0.12633
5 0.538133 0.621454 0.921884 0.531915
7 0.722902 0.717642 0.0665315 0.128324
10 0.332535 0.546986 0.0578628 0.140071
10 0.666541 0.545213 0.0434967 0.143949
6 0.534703 0.342642 0.812591 0.526152
7 0.385221 0.541223 0.0374316 0.147163
7 0.516079 0.526152 0.0518897 0.153812
0 0.292592 0.51906 0.0440174 0.161902
7 0.647426 0.551862 0.0473256 0.138298
0 0.47638 0.441046 0.0594557 0.210328
10 0.707219 0.704344 0.0591187 0.160461
0 0.493044 0.365248 0.591555 0.419326
10 0.281809 0.54211 0.0601295 0.165559
7 0.611159 0.54477 0.0449057 0.134863
10 0.302149 0.714539 0.0850942 0.14672
7 0.323713 0.72695 0.0591187 0.188497
0 0.487653 0.678192 0.0440174 0.193262
7 0.382035 0.721631 0.056852 0.178191
10 0.321263 0.722074 0.0592412 0.172872
7 0.738586 0.692819 0.0803157 0.120789
0 0.722902 0.717642 0.0665315 0.128324
7 0.420509 0.727837 0.0525636 0.186946
10 0.369538 0.728723 0.0514302 0.178856
7 0.419528 0.54078 0.0396677 0.149379
9 0.740056 0.696365 0.0740669 0.103391
3 0.506767 0.291667 0.657719 0.372784
0 0.66556 0.652482 0.0471724 0.134419
0 0.540094 0.439716 0.0854005 0.328014
0 0.75917 0.714096 0.0657964 0.121011
0 0.709179 0.509309 0.0719839 0.174535
7 0.661639 0.719858 0.0522266 0.189605
9 0.369538 0.728723 0.0514302 0.178856
8 0.321753 0.725621 0.0610179 0.192043
7 0.56999 0.724734 0.0405254 0.23781
7 0.612629 0.524379 0.0577709 0.169326
7 0.451385 0.724734 0.0499599 0.203236
7 0.579302 0.52039 0.0524717 0.175975
7 0.479321 0.518174 0.0538501 0.157469
10 0.71065 0.666667 0.0474175 0.117575
0 0.612629 0.672429 0.0502356 0.196919
7 0.303374 0.703901 0.0781715 0.140182
7 0.543525 0.526596 0.0529312 0.163342
0 0.327879 0.662677 0.0513077 0.125443
7 0.450895 0.54344 0.0419651 0.14816
9 0.420509 0.727837 0.0525636 0.186946
7 0.388162 0.512411 0.0456715 0.185173
9 0.7131 0.546986 0.0514915 0.146387
7 0.481281 0.725177 0.0428228 0.235816
7 0.42639 0.521277 0.0587818 0.181516
9 0.302149 0.714539 0.0850942 0.14672
9 0.66213 0.546099 0.0461309 0.163785
8 0.56999 0.724734 0.0405254 0.23781
10 0.382035 0.721631 0.056852 0.178191
10 0.420509 0.727837 0.0525636 0.186946
9 0.281809 0.54344 0.0628558 0.171099
9 0.337436 0.536348 0.0657964 0.164007
7 0.33033 0.66578 0.0583529 0.100898
9 0.293817 0.54477 0.0639585 0.140293
7 0.445014 0.521277 0.0573114 0.189384
8 0.755249 0.698138 0.0581078 0.104167
9 0.382035 0.721631 0.056852 0.178191
0 0.734175 0.658245 0.0564231 0.119459
8 0.446974 0.728723 0.0462229 0.227394
0 0.254364 0.692819 0.0699622 0.128435
7 0.254364 0.692819 0.0699622 0.128435
10 0.658209 0.710106 0.0487653 0.185173
7 0.337681 0.516844 0.0661027 0.15891
0 0.610179 0.674645 0.029927 0.174645
9 0.321263 0.722074 0.0592412 0.172872
8 0.368068 0.730497 0.0532068 0.197363
9 0.572441 0.719858 0.0422102 0.224291
8 0.66605 0.545213 0.0459472 0.167664
0 0.653798 0.672872 0.0517059 0.153369
9 0.451385 0.724734 0.0499599 0.203236
9 0.707709 0.705674 0.0581997 0.150377
9 0.608218 0.718528 0.0445075 0.207225
9 0.267351 0.694149 0.0625494 0.106161
8 0.604297 0.718085 0.0399128 0.217642
8 0.28426 0.543883 0.0673892 0.153036
9 0.42737 0.508865 0.0528086 0.200909
9 0.657229 0.70922 0.055106 0.19426
7 0.518529 0.731383 0.0439561 0.243351
10 0.347728 0.545656 0.0548609 0.140071
8 0.658209 0.710106 0.0487653 0.185173
8 0.340377 0.542553 0.0559024 0.156804
8 0.419283 0.72961 0.053605 0.202128
10 0.516569 0.524823 0.0505113 0.153812
7 0.540094 0.731383 0.0453959 0.23914
7 0.75868 0.716312 0.0735768 0.111037
8 0.385956 0.733156 0.0574033 0.203568
0 0.271272 0.715869 0.0708812 0.136414
7 0.644976 0.532358 0.0743119 0.157469
9 0.725843 0.536348 0.0653675 0.143506
8 0.722902 0.546099 0.0732091 0.135527
9 0.388162 0.512411 0.0456715 0.185173
10 0.604297 0.718085 0.0399128 0.217642
10 0.451385 0.724734 0.0499599 0.203236
9 0.483242 0.720745 0.0433742 0.217088
9 0.610179 0.508865 0.051369 0.208777
7 0.482262 0.549645 0.0453346 0.15625
9 0.574891 0.502216 0.0466517 0.213653
8 0.481281 0.725177 0.0428228 0.235816
8 0.707219 0.704344 0.0591187 0.160461
7 0.516569 0.558511 0.0458247 0.143395
7 0.734175 0.658245 0.0564231 0.119459
9 0.519019 0.717642 0.0475094 0.235816
10 0.385221 0.541223 0.0374316 0.147163
0 0.453836 0.662234 0.0469274 0.171321
7 0.576361 0.545656 0.0415975 0.159131
10 0.253138 0.689273 0.0871159 0.0991245
9 0.517059 0.489362 0.0462229 0.226618
11 0.743977 0.695922 0.0727803 0.10195
10 0.42737 0.508865 0.0528086 0.200909
9 0.270537 0.66711 0.0584142 0.125776
8 0.540094 0.731383 0.0453959 0.23914
8 0.71212 0.546986 0.0472031 0.159907
1 0.318077 0.722518 0.060589 0.180629
0 0.288671 0.637855 0.061171 0.12777
9 0.540094 0.731383 0.0453959 0.23914
10 0.611159 0.54477 0.0449057 0.134863
10 0.388162 0.512411 0.0456715 0.185173
1 0.281074 0.539007 0.0615692 0.181738
6 0.454571 0.24734 0.909142 0.358821
8 0.269067 0.691933 0.0596701 0.115802
10 0.572441 0.719858 0.0422102 0.224291
8 0.518529 0.731383 0.0439561 0.243351
7 0.749858 0.530142 0.0561475 0.166223
4 0.505297 0.31117 0.737115 0.53945
10 0.722902 0.717642 0.0665315 0.128324
8 0.389387 0.527926 0.0528393 0.180629
4 0.52196 0.393617 0.66213 0.327349
10 0.610179 0.508865 0.051369 0.208777
1 0.66311 0.546099 0.0491329 0.174313
9 0.644976 0.532358 0.0743119 0.157469
5 0.493044 0.365248 0.591555 0.419326
6 0.509557 0.661791 0.980886 0.663564
10 0.337681 0.516844 0.0661027 0.15891
5 0.369538 0.727837 0.051614 0.167886
8 0.42737 0.508865 0.0528086 0.200909
10 0.647426 0.551862 0.0473256 0.138298
1 0.71359 0.547872 0.054187 0.161902
10 0.419528 0.54078 0.0396677 0.149379
10 0.579792 0.516401 0.0491635 0.181516
7 0.354835 0.513741 0.0599151 0.16578
8 0.579302 0.52039 0.0524717 0.175975
1 0.335476 0.54078 0.0702685 0.162123
4 0.71212 0.546986 0.0472031 0.159907
9 0.445014 0.521277 0.0573114 0.189384
1 0.369538 0.727837 0.051614 0.167886
8 0.404825 0.531472 0.0559637 0.179854
5 0.281074 0.539007 0.0615692 0.181738
0 0.453346 0.777482 0.0495617 0.252881
9 0.547935 0.493794 0.0477851 0.222074
7 0.707219 0.54211 0.0799481 0.149158
10 0.479321 0.518174 0.0538501 0.157469
5 0.71359 0.547872 0.054187 0.161902
10 0.483242 0.720745 0.0433742 0.217088
7 0.293082 0.515957 0.0743119 0.149047
4 0.291611 0.544326 0.0572502 0.14949
8 0.302149 0.708333 0.0826437 0.14273
6 0.369538 0.728723 0.0514302 0.178856
2 0.368313 0.726064 0.046131 0.194592
