8 0.642859 0.661 0.0211269 0.0650001
8 0.72636 0.592 0.0140846 0.035
8 0.439639 0.455 0.0110664 0.119
8 0.394367 0.701 0.0171027 0.131
8 0.364186 0.7 0.0130785 0.119
7 0.470826 0.531 0.0171027 0.028
7 0.583502 0.526 0.0160966 0.0520001
7 0.396379 0.615 0.0211268 0.0779999
7 0.369216 0.603 0.0311872 0.082
10 0.62475 0.536 0.0352113 0.05
10 0.486923 0.617 0.712275 0.438
6 0.494971 0.198 0.558351 0.385
4 0.482898 0.529 0.875253 0.86
3 0.496983 0.388 0.568412 0.258
0 0.40644 0.478 0.0402416 0.229
0 0.439639 0.477 0.0291751 0.155
0 0.472838 0.494 0.0362174 0.22
0 0.508049 0.495 0.0301811 0.211
0 0.537224 0.488 0.0301811 0.197
0 0.573442 0.469 0.0311872 0.224
0 0.625756 0.448 0.0342054 0.174
0 0.725354 0.589 0.027163 0.0590001
0 0.642859 0.67 0.0362174 0.098
0 0.57143 0.659 0.0392355 0.201
0 0.540243 0.645 0.0352113 0.182
0 0.514086 0.645 0.0291752 0.17
0 0.487929 0.647 0.0281691 0.167
0 0.462778 0.657 0.0321933 0.188
0 0.428572 0.666 0.0362174 0.201
0 0.397385 0.666 0.0402416 0.194
0 0.365192 0.667 0.0321932 0.169
0 0.468142 0.612179 0.0412633 0.299947
0 0.369405 0.661325 0.0431054 0.232372
0 0.569826 0.667735 0.0410177 0.311699
0 0.517265 0.538462 0.0396975 0.340278
0 0.620914 0.461004 0.0482019 0.210604
0 0.512844 0.597756 0.0500133 0.349893
0 0.420984 0.639957 0.0441493 0.257212
0 0.482388 0.64156 0.0386229 0.288996
0 0.38537 0.66453 0.0571361 0.221688
0 0.466668 0.529914 0.0397896 0.3125
0 0.456844 0.646902 0.0454388 0.279113
0 0.562949 0.469017 0.0447633 0.264557
0 0.570318 0.445513 0.0453467 0.206197
0 0.478458 0.538996 0.0443949 0.307959
0 0.413861 0.516026 0.0441186 0.26015
7 0.624844 0.521367 0.0419694 0.0633013
7 0.624844 0.505342 0.0374563 0.0738515
0 0.632704 0.444979 0.0483247 0.213275
0 0.402808 0.526175 0.0415703 0.251469
7 0.62337 0.522436 0.0450089 0.0991587
0 0.580142 0.534722 0.0527151 0.322917
0 0.546247 0.602564 0.0571362 0.32265
0 0.422458 0.588675 0.057259 0.305021
0 0.559019 0.66453 0.0480484 0.320513
0 0.525616 0.564103 0.0587327 0.327457
0 0.517756 0.653312 0.0391755 0.328526
0 0.601265 0.471154 0.082588 0.209535
0 0.478949 0.567842 0.0649037 0.314637
0 0.569826 0.504273 0.0357063 0.181891
7 0.368668 0.63515 0.0386536 0.121194
0 0.462738 0.482906 0.0539432 0.303686
0 0.367194 0.643162 0.042737 0.104367
0 0.548704 0.522436 0.0574124 0.289797
0 0.41558 0.5 0.0738686 0.25601
3 0.500072 0.336538 0.700494 0.449786
10 0.624844 0.521367 0.0419694 0.0633013
0 0.578177 0.686432 0.0460221 0.238515
6 0.501545 0.355903 0.916143 0.711806
6 0.476493 0.2086 0.834108 0.417201
0 0.391019 0.690705 0.0419081 0.205929
6 0.502037 0.340812 0.726529 0.487447
0 0.38758 0.623932 0.0498905 0.135751
10 0.624844 0.505342 0.0374563 0.0738515
10 0.62337 0.522436 0.0450089 0.0991587
5 0.509405 0.561966 0.924986 0.66453
0 0.53937 0.471154 0.0790266 0.27938
0 0.476984 0.506944 0.152527 0.263755
0 0.516282 0.448718 0.0434738 0.285256
0 0.366949 0.584936 0.0338641 0.106237
0 0.640072 0.487714 0.065395 0.176015
0 0.62337 0.522436 0.0450089 0.0991587
10 0.368668 0.63515 0.0386536 0.121194
7 0.368914 0.688034 0.0413554 0.198317
0 0.538388 0.645299 0.0433203 0.286859
0 0.548704 0.49359 0.116483 0.26015
0 0.624844 0.521367 0.0419694 0.0633013
3 0.513826 0.549145 0.903371 0.709936
5 0.503019 0.714744 0.981968 0.570513
7 0.366949 0.584936 0.0338641 0.106237
0 0.366949 0.580662 0.043658 0.139957
0 0.421475 0.448718 0.0520089 0.204728
3 0.505967 0.206263 0.681827 0.412527
0 0.609616 0.669872 0.0597151 0.251068
0 0.342633 0.688034 0.0693248 0.151576
0 0.547721 0.649573 0.0976933 0.254541
7 0.38758 0.623932 0.0498905 0.135751
9 0.624844 0.521367 0.0419694 0.0633013
7 0.366949 0.580662 0.043658 0.139957
0 0.457826 0.444444 0.0342633 0.219952
0 0.617967 0.569444 0.0608204 0.194444
0 0.482388 0.445513 0.054373 0.271635
10 0.366949 0.584936 0.0338641 0.106237
4 0.501545 0.355903 0.916143 0.711806
9 0.367194 0.643162 0.042737 0.104367
7 0.570318 0.501603 0.0367194 0.172943
0 0.624844 0.505342 0.0374563 0.0738515
7 0.629756 0.442842 0.0433817 0.186565
0 0.390528 0.492521 0.106351 0.217281
7 0.386352 0.689637 0.0372106 0.206998
7 0.620914 0.461004 0.0482019 0.210604
7 0.407721 0.479701 0.0386536 0.224359
7 0.424668 0.6875 0.0376098 0.217815
0 0.677897 0.461538 0.079088 0.188034
7 0.4033 0.525641 0.0397282 0.199519
7 0.363756 0.639957 0.0371493 0.193109
10 0.368914 0.688034 0.0413554 0.198317
9 0.625827 0.509081 0.0480484 0.107038
9 0.624844 0.505342 0.0374563 0.0738515
4 0.502037 0.340812 0.726529 0.487447
0 0.676423 0.456197 0.10279 0.270433
7 0.414598 0.508013 0.0475265 0.249733
10 0.38758 0.623932 0.0498905 0.135751
7 0.567861 0.454594 0.0409563 0.238916
10 0.366949 0.580662 0.043658 0.139957
7 0.481405 0.636218 0.0364738 0.284989
0 0.549686 0.712073 0.0500133 0.34562
7 0.421475 0.634081 0.04418 0.241453
7 0.568844 0.65812 0.0375484 0.299412
8 0.62337 0.522436 0.0450089 0.0991587
7 0.457335 0.645299 0.0435045 0.260951
0 0.612563 0.522436 0.0397896 0.126736
10 0.621406 0.461538 0.0514256 0.211939
8 0.568844 0.46047 0.0444256 0.249599
9 0.370142 0.663462 0.0386843 0.211004
9 0.38758 0.623932 0.0498905 0.135751
8 0.568844 0.65812 0.0375484 0.299412
4 0.624844 0.505342 0.0374563 0.0738515
10 0.629756 0.442842 0.0433817 0.186565
7 0.612563 0.522436 0.0397896 0.126736
9 0.467159 0.611111 0.0405572 0.305021
8 0.627792 0.45406 0.0514256 0.243189
9 0.617476 0.445513 0.0516712 0.203125
10 0.570318 0.501603 0.0367194 0.172943
11 0.624844 0.505342 0.0374563 0.0738515
2 0.624844 0.521367 0.0419694 0.0633013
3 0.501545 0.355903 0.916143 0.711806
11 0.368668 0.63515 0.0386536 0.121194
7 0.467159 0.611111 0.0405572 0.305021
7 0.38537 0.66453 0.0571361 0.221688
7 0.466668 0.530449 0.0393291 0.282853
4 0.368668 0.63515 0.0386536 0.121194
9 0.407721 0.479701 0.0386536 0.224359
9 0.629756 0.442842 0.0433817 0.186565
0 0.502037 0.301816 0.612563 0.370994
7 0.367194 0.660256 0.0602677 0.22476
6 0.367194 0.643162 0.042737 0.104367
9 0.421475 0.634081 0.04418 0.241453
7 0.617967 0.569444 0.0608204 0.194444
8 0.370142 0.660791 0.041908 0.220753
10 0.4033 0.525641 0.0397282 0.199519
10 0.567861 0.454594 0.0409563 0.238916
8 0.426387 0.657585 0.0423072 0.25227
9 0.570809 0.44391 0.0446098 0.215278
5 0.502037 0.301816 0.612563 0.370994
10 0.407721 0.479701 0.0386536 0.224359
9 0.477475 0.598825 0.0456844 0.313568
1 0.368668 0.63515 0.0386536 0.121194
7 0.516774 0.535256 0.0412633 0.322917
9 0.366949 0.580662 0.043658 0.139957
9 0.516774 0.535256 0.0412633 0.322917
10 0.421475 0.634081 0.04418 0.241453
1 0.369159 0.660256 0.0435659 0.246928
2 0.62337 0.522436 0.0450089 0.0991587
0 0.695581 0.497329 0.117281 0.217414
8 0.516774 0.535256 0.0412633 0.322917
7 0.342633 0.688034 0.0693248 0.151576
8 0.467159 0.611111 0.0405572 0.305021
9 0.4033 0.525641 0.0397282 0.199519
7 0.557054 0.657585 0.0496449 0.278312
6 0.509896 0.543803 0.937266 0.774573
9 0.570318 0.671474 0.0400659 0.309028
8 0.482879 0.639423 0.0416317 0.282853
8 0.624844 0.505342 0.0374563 0.0738515
0 0.620423 0.684829 0.050351 0.168136
1 0.62337 0.522436 0.0450089 0.0991587
4 0.5 0.686164 1 0.627671
6 0.624844 0.521367 0.0419694 0.0633013
2 0.624844 0.505342 0.0374563 0.0738515
7 0.517265 0.644765 0.0388378 0.304754
8 0.368668 0.63515 0.0386536 0.121194
10 0.467159 0.611111 0.0405572 0.305021
9 0.457335 0.645299 0.0435045 0.260951
1 0.624844 0.521367 0.0419694 0.0633013
10 0.414598 0.508013 0.0475265 0.249733
4 0.370387 0.689103 0.0432896 0.180823
10 0.386352 0.689637 0.0372106 0.206998
9 0.466668 0.530449 0.0393291 0.282853
10 0.568844 0.65812 0.0375484 0.299412
9 0.562458 0.465812 0.04593 0.243056
7 0.0781055 0.955128 0.0497063 0.0499465
5 0.5 0.881143 1 0.237714
8 0.617476 0.445513 0.0516712 0.203125
8 0.413861 0.516026 0.0441186 0.26015
8 0.569826 0.504273 0.0357063 0.181891
8 0.387335 0.666667 0.049737 0.217815
9 0.63123 0.456197 0.0644125 0.194044
10 0.481405 0.636218 0.0364738 0.284989
10 0.424668 0.6875 0.0376098 0.217815
8 0.457335 0.646902 0.0491537 0.263355
12 0.367194 0.643162 0.042737 0.104367
8 0.407966 0.481838 0.0373949 0.229167
9 0.38537 0.66453 0.0571361 0.221688
9 0.501054 0.212073 0.650879 0.398237
10 0.367194 0.660256 0.0602677 0.22476
12 0.370142 0.663462 0.0386843 0.211004
2 0.407966 0.481838 0.0373949 0.229167
11 0.625827 0.509081 0.0480484 0.107038
7 0.47944 0.537393 0.0443642 0.291667
5 0.496633 0.919204 0.915161 0.161592
0 0.545756 0.224159 0.597335 0.448317
4 0.625827 0.509081 0.0480484 0.107038
2 0.370142 0.660791 0.041908 0.220753
9 0.570318 0.501603 0.0367194 0.172943
10 0.516774 0.535256 0.0412633 0.322917
1 0.629756 0.446581 0.0465747 0.195913
1 0.570318 0.445513 0.0453467 0.206197
8 0.624844 0.521367 0.0419694 0.0633013
2 0.620914 0.461004 0.0482019 0.210604
9 0.414598 0.508013 0.0475265 0.249733
2 0.368668 0.63515 0.0386536 0.121194
8 0.466668 0.530449 0.0425221 0.294071
5 0.369405 0.661325 0.0431054 0.232372
8 0.512844 0.597756 0.0500133 0.349893
1 0.569826 0.667735 0.0410177 0.311699
10 0.457335 0.645299 0.0435045 0.260951
2 0.468142 0.612179 0.0412633 0.299947
1 0.419756 0.634081 0.0447633 0.240385
7 0.548704 0.607906 0.0584256 0.3125
4 0.367194 0.660256 0.0602677 0.22476
1 0.467159 0.611111 0.0405572 0.305021
7 0.573265 0.705128 0.0413247 0.306624
5 0.407475 0.478632 0.040987 0.240785
5 0.501545 0.355903 0.916143 0.711806
8 0.402071 0.527244 0.0366887 0.216346
0 0.735862 0.530983 0.0766932 0.273771
10 0.466668 0.530449 0.0393291 0.282853
5 0.620914 0.463141 0.0500441 0.225961
0 0.678388 0.512821 0.0827108 0.170406
7 0.477475 0.598291 0.0509651 0.297276
11 0.366949 0.584936 0.0338641 0.106237
7 0.550177 0.523504 0.0522546 0.284989
7 0.0905091 0.950855 0.0747283 0.0616988
8 0.477967 0.536859 0.048294 0.306891
9 0.548704 0.607906 0.0584256 0.3125
9 0.366949 0.584936 0.0338641 0.106237
11 0.370142 0.663462 0.0386843 0.211004
2 0.562949 0.469017 0.0447633 0.264557
1 0.516774 0.53953 0.0444256 0.312767
7 0.462738 0.482906 0.0539432 0.303686
0 0.527089 0.713141 0.042215 0.395566
11 0.620914 0.461004 0.0482019 0.210604
9 0.502037 0.301816 0.612563 0.370994
12 0.621406 0.461538 0.0514256 0.211939
9 0.557054 0.657585 0.0496449 0.278312
8 0.517756 0.653312 0.0391755 0.328526
7 0.0901406 0.944411 0.033772 0.111178
5 0.467651 0.606838 0.0429212 0.311165
3 0.365475 0.678953 0.0543116 0.202858
10 0.509896 0.543803 0.937266 0.774573
4 0.620914 0.461004 0.0482019 0.210604
6 0.62337 0.522436 0.0450089 0.0991587
8 0.559019 0.66453 0.0480484 0.320513
10 0.363756 0.639957 0.0371493 0.193109
8 0.509896 0.543803 0.937266 0.774573
7 0.512844 0.597756 0.0500133 0.349893
10 0.500563 0.225227 0.621406 0.450454
7 0.677897 0.461538 0.079088 0.188034
7 0.609616 0.669872 0.0597151 0.251068
2 0.426142 0.658654 0.0467896 0.252804
12 0.502037 0.301816 0.612563 0.370994
0 0.625827 0.665598 0.0838775 0.185897
9 0.512844 0.597756 0.0500133 0.349893
7 0.421475 0.448718 0.0520089 0.204728
3 0.629756 0.446581 0.0465747 0.195913
6 0.468142 0.612179 0.0412633 0.299947
2 0.466668 0.530449 0.0425221 0.294071
8 0.387089 0.618056 0.0493379 0.142361
4 0.366949 0.584936 0.0338641 0.106237
2 0.402071 0.527244 0.0366887 0.216346
8 0.573265 0.705128 0.0413247 0.306624
6 0.370142 0.662927 0.0473116 0.253072
1 0.477475 0.598825 0.0456844 0.313568
8 0.601265 0.471154 0.082588 0.209535
1 0.502037 0.301816 0.612563 0.370994
11 0.467159 0.611111 0.0405572 0.305021
2 0.509896 0.543803 0.937266 0.774573
2 0.38537 0.66453 0.0571361 0.221688
1 0.509896 0.543803 0.937266 0.774573
9 0.517265 0.644765 0.0388378 0.304754
