8 0.340868 0.415 0.0311709 0.121
8 0.279532 0.639 0.0502756 0.097
10 0.291598 0.489 0.0291598 0.0389999
10 0.310703 0.58 0.0442425 0.071
10 0.64755 0.501 0.0241323 0.032
10 0.688775 0.55 0.0241323 0.032
10 0.645538 0.577 0.0241323 0.0340001
10 0.356957 0.591 0.0271488 0.0340001
9 0.338857 0.498 0.0522866 0.073
5 0.509794 0.588 0.693803 0.472
6 0.497728 0.229 0.526888 0.377
3 0.503761 0.38 0.515827 0.203
4 0.508789 0.526 0.811448 0.819
0 0.271488 0.377 0.0422315 0.0800001
0 0.293609 0.418 0.0442425 0.172
0 0.340868 0.416 0.0382094 0.123
0 0.377067 0.456 0.0331819 0.175
0 0.409243 0.475 0.045248 0.159
0 0.428348 0.465 0.0321764 0.212
0 0.455497 0.478 0.0241323 0.19
0 0.484657 0.483 0.0331819 0.207
0 0.514822 0.481 0.0331819 0.194
0 0.540965 0.468 0.0301653 0.188
0 0.567109 0.446 0.0382095 0.241
0 0.588224 0.46 0.0472591 0.183
0 0.620401 0.454 0.041226 0.175
0 0.662632 0.424 0.0522866 0.182
0 0.701847 0.4 0.0613362 0.185
0 0.734023 0.358 0.053292 0.143
0 0.720952 0.6 0.0834574 0.163
0 0.659616 0.636 0.086474 0.179
0 0.613362 0.658 0.0613362 0.188
0 0.578169 0.656 0.041226 0.155
0 0.552026 0.677 0.0291599 0.191
0 0.528899 0.67 0.0241323 0.159
0 0.507783 0.671 0.0231267 0.163
0 0.49069 0.67 0.0231268 0.17
0 0.47259 0.676 0.0271488 0.168
0 0.446447 0.693 0.0331819 0.21
0 0.417287 0.676 0.0372039 0.189
0 0.389133 0.66 0.0472591 0.179
0 0.34489 0.653 0.0784299 0.19
0 0.282549 0.612 0.0542977 0.161
0 0.704054 0.6125 0.0831584 0.180022
0 0.576402 0.457589 0.0465503 0.199777
0 0.589167 0.676786 0.0437272 0.217411
0 0.652993 0.440179 0.0543445 0.192969
0 0.523377 0.45625 0.0420702 0.226116
0 0.480662 0.458929 0.0486983 0.213504
0 0.546943 0.696429 0.0460287 0.239286
0 0.72173 0.375446 0.0592235 0.206362
0 0.341226 0.421429 0.0552344 0.189509
0 0.455622 0.691964 0.0561856 0.210714
0 0.385904 0.452679 0.0444637 0.189844
0 0.301457 0.612054 0.0859202 0.155915
0 0.505211 0.675446 0.0378662 0.191853
0 0.730076 0.328571 0.0622921 0.217634
0 0.459059 0.451339 0.043451 0.221094
0 0.785556 0.466964 0.0612795 0.216295
0 0.513557 0.691964 0.051859 0.209152
0 0.283291 0.358929 0.0614329 0.177232
0 0.40898 0.682143 0.0663427 0.218192
0 0.411926 0.48125 0.0394926 0.247768
0 0.660849 0.428125 0.0853064 0.178237
0 0.487045 0.689286 0.0580268 0.201786
0 0.780646 0.539732 0.0745051 0.23817
0 0.470352 0.689732 0.0527795 0.212612
0 0.471824 0.474554 0.0342453 0.253571
0 0.546452 0.446429 0.047747 0.195424
0 0.597022 0.504911 0.0422236 0.260268
0 0.530741 0.476786 0.0364854 0.254241
0 0.544979 0.716964 0.0311614 0.257589
7 0.339262 0.492411 0.051859 0.0852678
7 0.302439 0.597321 0.0626603 0.116406
0 0.273963 0.340179 0.0509691 0.13404
0 0.23223 0.549107 0.0678156 0.229464
0 0.347608 0.448214 0.0719275 0.154799
0 0.743823 0.366071 0.0803967 0.214732
0 0.303421 0.397768 0.0846314 0.189844
0 0.604387 0.447321 0.0969057 0.203013
0 0.603405 0.669643 0.102061 0.20346
0 0.407753 0.452679 0.0966602 0.210714
0 0.343435 0.599554 0.0606965 0.228013
0 0.537615 0.449107 0.106971 0.227679
5 0.503247 0.55 0.870985 0.814732
7 0.30293 0.458482 0.0486983 0.0836496
0 0.781628 0.422768 0.0565232 0.206808
0 0.40407 0.671875 0.104332 0.207478
0 0.542034 0.696429 0.0758552 0.196317
0 0.344908 0.454018 0.0504474 0.114955
0 0.471334 0.450893 0.105314 0.234152
7 0.345154 0.466071 0.0499871 0.0998326
7 0.302439 0.552679 0.0552037 0.0981585
0 0.277399 0.382589 0.0517976 0.123438
0 0.420518 0.481696 0.0367922 0.157366
10 0.302685 0.603571 0.0637037 0.108538
0 0.644156 0.654018 0.068552 0.167634
0 0.269053 0.367411 0.0591008 0.176786
7 0.30784 0.587054 0.0624149 0.0795201
0 0.459059 0.720982 0.0409655 0.232143
3 0.502265 0.333929 0.607333 0.352232
10 0.339016 0.499107 0.0507543 0.0829799
0 0.319623 0.396429 0.0491279 0.1625
0 0.289183 0.587054 0.0720502 0.150223
0 0.302685 0.603571 0.0637037 0.108538
0 0.229775 0.488393 0.073339 0.211384
0 0.465933 0.683036 0.101386 0.207812
7 0.342944 0.661161 0.0589474 0.163951
4 0.505702 0.339286 0.635809 0.455804
7 0.2855 0.456696 0.0643788 0.0847098
0 0.786047 0.581696 0.119184 0.210491
10 0.302439 0.552679 0.0552037 0.0981585
3 0.503738 0.206473 0.538597 0.371205
0 0.730076 0.386161 0.0525647 0.153683
0 0.339016 0.499107 0.0507543 0.0829799
0 0.778682 0.603125 0.0821765 0.182255
0 0.491463 0.204688 0.549889 0.320536
0 0.302194 0.464732 0.0481153 0.0763393
0 0.301703 0.657143 0.0656676 0.144643
10 0.345154 0.466071 0.0499871 0.0998326
10 0.302194 0.464732 0.0481153 0.0763393
7 0.288446 0.622321 0.0778805 0.153348
7 0.288446 0.585268 0.0750574 0.137277
0 0.726148 0.291964 0.0779419 0.215513
7 0.273963 0.340179 0.0509691 0.13404
7 0.638755 0.653571 0.0640719 0.169978
7 0.708473 0.611161 0.0875158 0.162165
0 0.57542 0.483482 0.0367922 0.15904
7 0.278381 0.383929 0.0560322 0.131138
0 0.298266 0.4625 0.0534546 0.132701
0 0.411926 0.424107 0.057229 0.208929
0 0.239349 0.574107 0.111758 0.225223
0 0.297284 0.553125 0.0607271 0.152902
0 0.303421 0.557589 0.0544979 0.0983259
0 0.283291 0.329911 0.0761007 0.168638
0 0.452677 0.485268 0.0408121 0.178906
3 0.471825 0.417857 0.622553 0.411607
7 0.356446 0.663839 0.0698408 0.180915
0 0.541052 0.415179 0.178837 0.238839
0 0.356937 0.683482 0.0494041 0.160937
7 0.653484 0.527679 0.0472868 0.0767857
0 0.59064 0.425893 0.0787397 0.164286
7 0.297038 0.653571 0.0597759 0.169196
7 0.67165 0.622768 0.0860429 0.151116
7 0.65643 0.614286 0.0539149 0.123437
6 0.520922 0.209152 0.541052 0.240179
7 0.785556 0.452679 0.0652993 0.176339
7 0.712401 0.562054 0.0700863 0.0840402
7 0.649557 0.44375 0.0634582 0.178906
7 0.420518 0.481696 0.0367922 0.157366
0 0.2855 0.455804 0.0570449 0.0987724
9 0.302685 0.603571 0.0637037 0.108538
0 0.490972 0.402679 0.332634 0.283036
10 0.288446 0.585268 0.0750574 0.137277
6 0.500792 0.130357 0.545961 0.243304
10 0.27028 0.340625 0.0478391 0.129799
0 0.655448 0.611161 0.064256 0.104129
10 0.716329 0.610714 0.0813173 0.174107
7 0.342453 0.463393 0.0619239 0.141295
0 0.481153 0.720089 0.0421316 0.225558
10 0.2855 0.456696 0.0643788 0.0847098
0 0.796848 0.450446 0.0773282 0.285268
10 0.288446 0.622321 0.0778805 0.153348
7 0.710437 0.379464 0.0528409 0.175
7 0.730567 0.321875 0.0520431 0.188281
0 0.705527 0.436607 0.0484222 0.151786
7 0.302685 0.422321 0.0467038 0.164732
0 0.22732 0.640179 0.0811332 0.261607
7 0.700618 0.396875 0.0578427 0.174777
10 0.342944 0.661161 0.0589474 0.163951
0 0.223392 0.439286 0.0512759 0.209152
7 0.601932 0.666071 0.0506009 0.202567
10 0.669686 0.626339 0.0913209 0.162835
8 0.66134 0.627679 0.0788624 0.169196
6 0.502265 0.333929 0.607333 0.352232
7 0.64612 0.5375 0.0426532 0.0657366
0 0.533196 0.409375 0.0676315 0.284821
7 0.654466 0.636607 0.0816242 0.189509
7 0.731549 0.384375 0.0527182 0.146875
9 0.713874 0.604911 0.0806422 0.173103
0 0.480662 0.4 0.127162 0.247991
7 0.613225 0.446429 0.0497109 0.19308
6 0.489991 0.425781 0.89357 0.851562
10 0.712401 0.562054 0.0700863 0.0840402
9 0.344908 0.454018 0.0504474 0.114955
10 0.653484 0.527679 0.0472868 0.0767857
10 0.638755 0.653571 0.0640719 0.169978
6 0.538597 0.234487 0.653484 0.468973
7 0.298266 0.4625 0.0534546 0.132701
8 0.714365 0.600893 0.0750574 0.182255
10 0.278381 0.383929 0.0560322 0.131138
7 0.394251 0.671875 0.0530864 0.209821
7 0.57542 0.483482 0.0367922 0.15904
10 0.356446 0.663839 0.0698408 0.180915
10 0.655448 0.611161 0.064256 0.104129
9 0.303421 0.557589 0.0544979 0.0983259
7 0.297284 0.553125 0.0607271 0.152902
10 0.64612 0.5375 0.0426532 0.0657366
7 0.342208 0.433036 0.0513987 0.175781
9 0.661831 0.633036 0.0694112 0.186496
5 0.491463 0.204688 0.549889 0.320536
9 0.491463 0.204688 0.549889 0.320536
0 0.391551 0.487946 0.0469492 0.139397
0 0.614698 0.613393 0.0530864 0.11529
8 0.700618 0.396875 0.0578427 0.174777
10 0.649557 0.44375 0.0634582 0.178906
7 0.704054 0.429018 0.0470106 0.166183
7 0.615679 0.501786 0.0414565 0.0968192
9 0.302194 0.464732 0.0481153 0.0763393
9 0.289183 0.587054 0.0720502 0.150223
0 0.709455 0.557589 0.0656062 0.108538
4 0.542525 0.35 0.620098 0.302455
10 0.297038 0.653571 0.0597759 0.169196
7 0.664777 0.520536 0.0528103 0.0631696
9 0.273963 0.340179 0.0509691 0.13404
7 0.422236 0.680804 0.0497416 0.217299
10 0.700618 0.396875 0.0578427 0.174777
10 0.730076 0.329911 0.0553265 0.184152
10 0.785556 0.452679 0.0652993 0.176339
10 0.302685 0.422321 0.0467038 0.164732
10 0.710437 0.379464 0.0528409 0.175
7 0.664286 0.411161 0.0576279 0.170759
0 0.230512 0.429018 0.0730935 0.133371
9 0.618134 0.450893 0.0465503 0.192634
7 0.38394 0.451786 0.0426226 0.175
7 0.784574 0.583929 0.105866 0.185937
9 0.652502 0.444643 0.0554492 0.182254
9 0.390323 0.673214 0.0496803 0.196429
9 0.573947 0.457143 0.0385413 0.197768
7 0.478207 0.482143 0.0355034 0.199107
7 0.542525 0.710268 0.0339998 0.24442
9 0.301457 0.612054 0.0859202 0.155915
9 0.588676 0.679911 0.0472561 0.216183
0 0.763462 0.358929 0.0612795 0.154241
9 0.415363 0.678571 0.0410883 0.210938
7 0.424446 0.458036 0.047072 0.195647
8 0.601932 0.666071 0.0506009 0.202567
7 0.588676 0.679911 0.0472561 0.216183
9 0.342208 0.654911 0.0698408 0.177009
0 0.610279 0.501786 0.0386027 0.0945312
8 0.520922 0.209152 0.541052 0.240179
7 0.283782 0.325446 0.0797217 0.161049
9 0.420763 0.458929 0.0394619 0.196875
0 0.433774 0.7125 0.0468879 0.26808
1 0.714856 0.611161 0.087884 0.182255
9 0.38394 0.451786 0.0426226 0.175
9 0.51994 0.455804 0.0437579 0.235268
9 0.268807 0.360268 0.0719275 0.170536
7 0.549398 0.681696 0.0418861 0.202902
7 0.391551 0.487946 0.0469492 0.139397
10 0.420763 0.458929 0.0394619 0.196875
7 0.271017 0.369196 0.063765 0.184375
0 0.798812 0.548661 0.0822379 0.229018
10 0.618134 0.450893 0.0465503 0.192634
7 0.225356 0.466071 0.0658517 0.183036
11 0.302439 0.597321 0.0626603 0.116406
9 0.35841 0.661161 0.0638878 0.173772
10 0.601932 0.666071 0.0506009 0.202567
10 0.348099 0.451786 0.064747 0.153013
9 0.611752 0.662946 0.0492507 0.192299
7 0.523377 0.45625 0.0420702 0.226116
4 0.507666 0.6625 0.797339 0.454018
7 0.669686 0.655357 0.0665267 0.160379
8 0.574929 0.454464 0.0429601 0.203125
7 0.3508 0.607143 0.0569221 0.10346
7 0.455131 0.692857 0.048729 0.216295
8 0.783101 0.460268 0.0608499 0.212388
6 0.302685 0.603571 0.0637037 0.108538
7 0.576402 0.457589 0.0465503 0.199777
7 0.452677 0.485268 0.0408121 0.178906
8 0.730567 0.321875 0.0520431 0.188281
10 0.573947 0.457143 0.0385413 0.197768
0 0.42641 0.710714 0.0378969 0.215625
10 0.415363 0.678571 0.0410883 0.210938
10 0.38394 0.451786 0.0426226 0.175
8 0.423955 0.455804 0.0447092 0.198772
9 0.481644 0.454018 0.0401677 0.235268
0 0.261443 0.298214 0.0619239 0.193973
9 0.549398 0.681696 0.0418861 0.202902
10 0.390323 0.673214 0.0496803 0.196429
0 0.553817 0.483929 0.0468265 0.208147
3 0.509629 0.570982 0.861166 0.773661
7 0.283046 0.458036 0.0641946 0.135045
4 0.339262 0.492411 0.051859 0.0852678
8 0.710437 0.379464 0.0528409 0.175
8 0.422236 0.680804 0.0497416 0.217299
9 0.342208 0.433036 0.0513987 0.175781
8 0.301948 0.615179 0.0641947 0.145759
7 0.520922 0.209152 0.541052 0.240179
0 0.344908 0.489732 0.058886 0.117411
8 0.613225 0.446429 0.0497109 0.19308
10 0.588676 0.679911 0.0472561 0.216183
0 0.273226 0.297768 0.0651766 0.299554
8 0.356446 0.663839 0.0698408 0.180915
9 0.458568 0.454464 0.0446478 0.233259
8 0.664286 0.411161 0.0576279 0.170759
9 0.2855 0.456696 0.0643788 0.0847098
11 0.716329 0.610714 0.0813173 0.174107
10 0.344908 0.489732 0.058886 0.117411
8 0.47968 0.457589 0.0413951 0.225893
