5 0.505015 0.684 0.70642 0.349
4 0.509023 0.599 0.86073 0.664
3 0.506017 0.428 0.550105 0.167
6 0.511027 0.267 0.571148 0.354
0 0.305614 0.529 0.0480966 0.156
0 0.351707 0.518 0.0521047 0.165
0 0.383771 0.494 0.0370745 0.168
0 0.409824 0.498 0.0380765 0.168
0 0.431868 0.487 0.0410826 0.173
0 0.46293 0.489 0.0300604 0.143
0 0.492991 0.485 0.0310623 0.151
0 0.524053 0.49 0.0330664 0.158
0 0.555116 0.498 0.0330664 0.139
0 0.584174 0.501 0.0340685 0.148
0 0.609224 0.502 0.0340685 0.164
0 0.634275 0.497 0.0320644 0.175
0 0.665337 0.512 0.0430866 0.157
0 0.704416 0.508 0.0480966 0.163
0 0.698403 0.664 0.065131 0.138
0 0.653313 0.679 0.070141 0.168
0 0.611228 0.671 0.0400805 0.156
0 0.581168 0.666 0.0330664 0.165
0 0.556118 0.656 0.0310624 0.154
0 0.533071 0.653 0.0230463 0.148
0 0.495997 0.648 0.0260524 0.132
0 0.474954 0.651 0.0240482 0.135
0 0.454914 0.653 0.0260524 0.13
0 0.426858 0.667 0.0310625 0.156
0 0.397799 0.677 0.0400806 0.162
9 0.514033 0.622 0.0250503 0.085
0 0.421257 0.489362 0.0496298 0.183067
0 0.360343 0.484043 0.054767 0.180851
0 0.542594 0.667996 0.0426577 0.184286
0 0.687417 0.485816 0.0519844 0.191489
0 0.58565 0.472518 0.0499356 0.20113
0 0.459909 0.66445 0.0435751 0.173759
0 0.418321 0.672872 0.0516786 0.173094
0 0.633108 0.469858 0.055348 0.197584
0 0.541616 0.467642 0.0537579 0.195368
0 0.454037 0.480053 0.0519538 0.168994
0 0.699648 0.586436 0.0483454 0.22141
0 0.393858 0.474734 0.0603324 0.178856
0 0.48584 0.474291 0.0532993 0.189605
0 0.596413 0.496011 0.0371841 0.218639
0 0.667357 0.667996 0.0653168 0.157691
0 0.507856 0.652926 0.0491711 0.202793
0 0.673228 0.493794 0.0547976 0.173426
0 0.475565 0.651152 0.0548588 0.185949
0 0.635065 0.457447 0.0363585 0.187722
0 0.654636 0.494681 0.0461132 0.215647
0 0.61207 0.468085 0.073512 0.197584
0 0.521556 0.466312 0.0602407 0.182292
0 0.653168 0.475177 0.0907586 0.210439
0 0.524981 0.453457 0.0396916 0.185949
0 0.471651 0.551862 0.02931 0.23781
0 0.53232 0.528812 0.0309765 0.250665
0 0.404132 0.477394 0.0993207 0.182846
0 0.59837 0.682624 0.0558679 0.187722
0 0.6654 0.66844 0.110207 0.16844
0 0.609623 0.457004 0.040456 0.196365
7 0.312151 0.556294 0.042199 0.0708666
0 0.398261 0.682624 0.0632986 0.181294
0 0.508346 0.615691 0.036175 0.171543
0 0.426394 0.460106 0.0410371 0.176751
0 0.326339 0.482269 0.0743682 0.170213
0 0.487797 0.616578 0.0397222 0.162234
3 0.497093 0.33422 0.622344 0.325576
0 0.464801 0.468085 0.109289 0.199911
0 0.360588 0.460993 0.0386519 0.170878
5 0.519599 0.597961 0.876273 0.722518
0 0.536723 0.45789 0.101828 0.20656
0 0.470672 0.558511 0.0469388 0.238254
0 0.60522 0.488475 0.0542778 0.158688
0 0.669803 0.455674 0.0386519 0.178081
0 0.424437 0.667996 0.0848874 0.182846
0 0.600817 0.670656 0.0899635 0.191157
0 0.312151 0.556294 0.042199 0.0708666
0 0.535745 0.66578 0.0748575 0.194703
0 0.463333 0.620124 0.0386519 0.155031
7 0.423458 0.486259 0.0457462 0.157469
0 0.470183 0.671099 0.0898412 0.176086
0 0.321936 0.515957 0.0771203 0.151263
7 0.690841 0.662234 0.0709433 0.153701
0 0.705519 0.598404 0.0538497 0.120678
0 0.391656 0.45656 0.0403949 0.165891
0 0.457462 0.456117 0.0374593 0.178302
6 0.502964 0.341755 0.665889 0.367243
7 0.354227 0.541667 0.047581 0.0895944
7 0.316309 0.566489 0.0605771 0.0673759
7 0.672739 0.495124 0.0510364 0.151042
7 0.393858 0.489362 0.0490182 0.148382
0 0.543083 0.487589 0.0372758 0.169659
7 0.703562 0.506206 0.0441255 0.14816
0 0.514217 0.487145 0.0415875 0.167221
10 0.312151 0.556294 0.042199 0.0708666
7 0.358386 0.496454 0.0579778 0.167553
6 0.496114 0.337544 0.832239 0.675089
7 0.399974 0.682624 0.0349824 0.162123
7 0.586628 0.486702 0.0396916 0.15891
7 0.454037 0.487145 0.0417098 0.170213
0 0.354227 0.541667 0.047581 0.0895944
7 0.665889 0.667996 0.071188 0.16301
7 0.482415 0.486702 0.041985 0.179189
7 0.638979 0.487589 0.0469388 0.161015
7 0.309215 0.509752 0.0510058 0.195479
7 0.453059 0.661348 0.0429024 0.182846
3 0.501985 0.2418 0.601306 0.384087
7 0.641915 0.677305 0.0486207 0.157137
10 0.691331 0.650709 0.0633597 0.120678
0 0.307503 0.556738 0.0383767 0.100288
0 0.534277 0.693262 0.0494463 0.191268
0 0.463823 0.684397 0.0571216 0.25133
0 0.386764 0.664894 0.0551646 0.194481
7 0.417343 0.671543 0.0517397 0.186724
10 0.423458 0.486259 0.0457462 0.157469
4 0.516663 0.675975 0.779398 0.401817
10 0.316309 0.566489 0.0605771 0.0673759
7 0.549933 0.666667 0.0417098 0.205674
7 0.543084 0.485372 0.0413428 0.169215
7 0.705519 0.598404 0.0538497 0.120678
7 0.579778 0.670213 0.0436057 0.208333
10 0.354227 0.541667 0.047581 0.0895944
7 0.604731 0.490248 0.0524736 0.166556
10 0.358386 0.496454 0.0579778 0.167553
10 0.399974 0.682624 0.0349824 0.162123
10 0.641915 0.677305 0.0486207 0.157137
10 0.309215 0.509752 0.0510058 0.195479
9 0.399974 0.682624 0.0349824 0.162123
0 0.490243 0.225621 0.551401 0.353502
10 0.703562 0.506206 0.0441255 0.14816
0 0.545041 0.606383 0.0430858 0.17664
0 0.694266 0.687057 0.0791997 0.198028
0 0.141642 0.518174 0.168919 0.591755
10 0.672739 0.495124 0.0510364 0.151042
0 0.722154 0.529255 0.0659895 0.114473
7 0.608156 0.674645 0.0436057 0.175089
4 0.496114 0.337544 0.832239 0.675089
7 0.321936 0.515957 0.0771203 0.151263
4 0.502964 0.341755 0.665889 0.367243
0 0.541616 0.695922 0.104947 0.178967
3 0.523513 0.587766 0.86453 0.721188
9 0.641915 0.677305 0.0486207 0.157137
10 0.393858 0.489362 0.0490182 0.148382
7 0.511281 0.668883 0.0407618 0.201463
10 0.665889 0.667996 0.071188 0.16301
9 0.423703 0.674202 0.045257 0.167996
9 0.312151 0.556294 0.042199 0.0708666
7 0.663443 0.482713 0.0465413 0.193595
9 0.683502 0.663121 0.0846427 0.1291
9 0.305056 0.509752 0.0429024 0.179521
0 0.30579 0.451684 0.0586506 0.16035
9 0.577821 0.674645 0.0404866 0.185949
9 0.608156 0.674645 0.0436057 0.175089
9 0.460398 0.667553 0.0419238 0.175532
0 0.55238 0.394504 0.330987 0.258865
8 0.693777 0.665337 0.0650722 0.151374
10 0.453059 0.661348 0.0429024 0.182846
10 0.423703 0.674202 0.045257 0.167996
10 0.638979 0.487589 0.0469388 0.161015
7 0.514217 0.487145 0.0415875 0.167221
10 0.454037 0.487145 0.0417098 0.170213
0 0.316309 0.566489 0.0605771 0.0673759
10 0.586628 0.486702 0.0396916 0.15891
10 0.482415 0.486702 0.041985 0.179189
7 0.47899 0.66977 0.0437892 0.180186
9 0.544551 0.66977 0.0400585 0.188608
0 0.699648 0.447252 0.0558679 0.170767
9 0.421257 0.489362 0.0496298 0.183067
9 0.697202 0.498227 0.0389577 0.164783
8 0.421257 0.485816 0.0477338 0.160129
8 0.305056 0.509752 0.0429024 0.179521
10 0.608156 0.674645 0.0436057 0.175089
8 0.697202 0.498227 0.0389577 0.164783
0 0.717751 0.508865 0.0819518 0.141179
10 0.577821 0.674645 0.0404866 0.185949
0 0.722154 0.64406 0.0810344 0.113808
10 0.705519 0.598404 0.0538497 0.120678
8 0.643872 0.668883 0.0555927 0.193595
8 0.663443 0.482713 0.0465413 0.193595
9 0.663443 0.482713 0.0465413 0.193595
9 0.689374 0.659574 0.0579167 0.164118
7 0.539659 0.451241 0.0428106 0.197141
7 0.722154 0.529255 0.0659895 0.114473
0 0.500028 0.364362 0.498316 0.284796
0 0.427128 0.574025 0.0464801 0.141401
9 0.360099 0.484043 0.0520455 0.18207
8 0.401441 0.677305 0.040242 0.188165
7 0.523513 0.467199 0.055501 0.177416
9 0.393858 0.489362 0.0490182 0.148382
9 0.58565 0.473848 0.0477951 0.202128
10 0.663443 0.482713 0.0465413 0.193595
8 0.580268 0.671986 0.0450735 0.191822
8 0.549444 0.66844 0.0434222 0.1957
7 0.359365 0.458777 0.0514645 0.172097
9 0.667357 0.667996 0.0653168 0.157691
9 0.454527 0.481383 0.048376 0.173537
8 0.360099 0.484043 0.0520455 0.18207
10 0.544551 0.66977 0.0400585 0.188608
7 0.307503 0.556738 0.0383767 0.100288
7 0.487797 0.616578 0.0397222 0.162234
7 0.508346 0.615691 0.036175 0.171543
8 0.453059 0.661348 0.0450735 0.170878
0 0.583692 0.587766 0.0433305 0.17531
8 0.418321 0.672872 0.0516786 0.173094
7 0.462844 0.620567 0.0383767 0.138963
0 0.336614 0.455674 0.055715 0.168661
8 0.667357 0.667996 0.0653168 0.157691
10 0.604731 0.490248 0.0524736 0.166556
9 0.672739 0.495124 0.0510364 0.151042
4 0.314108 0.554521 0.0383155 0.0775155
7 0.492689 0.455674 0.0507306 0.200133
8 0.612559 0.674645 0.0491405 0.181959
9 0.523513 0.456117 0.046633 0.190935
6 0.399974 0.682624 0.0349824 0.162123
6 0.305056 0.509752 0.0429024 0.179521
1 0.400708 0.680851 0.0385907 0.16434
1 0.30628 0.506206 0.0424743 0.182292
10 0.321936 0.515957 0.0771203 0.151263
1 0.642893 0.677305 0.0503636 0.16578
9 0.542594 0.468085 0.0499355 0.194149
7 0.685949 0.48094 0.0605465 0.217088
4 0.421257 0.485816 0.0477338 0.160129
9 0.632619 0.469858 0.0501496 0.204011
8 0.672739 0.495124 0.0510364 0.151042
7 0.424926 0.457004 0.0556538 0.195035
1 0.69818 0.501773 0.0406701 0.169326
8 0.454527 0.487589 0.0437892 0.165226
8 0.539659 0.451241 0.0428106 0.197141
10 0.543084 0.485372 0.0413428 0.169215
8 0.393858 0.487145 0.0495992 0.141622
8 0.63849 0.487589 0.0485901 0.160461
9 0.487307 0.475177 0.0503331 0.183511
9 0.509324 0.652926 0.0441255 0.193373
11 0.305056 0.509752 0.0429024 0.179521
9 0.316309 0.566489 0.0605771 0.0673759
0 0.531341 0.405142 0.0887403 0.204122
8 0.484861 0.488475 0.0458686 0.169326
7 0.579289 0.457004 0.0503636 0.202238
1 0.681056 0.662234 0.0813402 0.157247
6 0.641915 0.677305 0.0486207 0.157137
12 0.309215 0.509752 0.0510058 0.195479
3 0.530363 0.675089 0.743193 0.399379
8 0.687417 0.485816 0.0519844 0.191489
8 0.699648 0.586436 0.0483454 0.22141
2 0.400708 0.680851 0.0385907 0.16434
9 0.61207 0.472518 0.0625647 0.204787
7 0.63213 0.455674 0.0441255 0.21066
9 0.477522 0.653812 0.0489264 0.176308
9 0.487797 0.616578 0.0397222 0.162234
9 0.320468 0.505319 0.0763864 0.151042
0 0.642893 0.601064 0.0478562 0.124446
0 0.724111 0.622784 0.112531 0.185173
11 0.641915 0.677305 0.0486207 0.157137
1 0.696223 0.649823 0.068864 0.143063
5 0.305301 0.509752 0.0474281 0.182735
1 0.422235 0.488918 0.049324 0.175975
8 0.58565 0.473848 0.0477951 0.202128
0 0.724601 0.478723 0.0734508 0.153812
7 0.699648 0.582447 0.0570299 0.243573
7 0.722154 0.64406 0.0810344 0.113808
8 0.63213 0.455674 0.0441255 0.21066
10 0.539659 0.451241 0.0428106 0.197141
11 0.399974 0.682624 0.0349824 0.162123
1 0.663932 0.485372 0.0483149 0.194038
1 0.577332 0.673316 0.0417404 0.176308
4 0.309704 0.507979 0.0464801 0.185505
8 0.314108 0.554521 0.0383155 0.0775155
10 0.511281 0.668883 0.0407618 0.201463
8 0.51226 0.670656 0.0466024 0.20113
2 0.305301 0.509752 0.0474281 0.182735
7 0.346155 0.493794 0.0605465 0.190824
5 0.400218 0.681738 0.0399974 0.183178
3 0.691331 0.650709 0.0633597 0.120678
10 0.519599 0.597961 0.876273 0.722518
12 0.691331 0.650709 0.0633597 0.120678
10 0.523513 0.456117 0.046633 0.190935
11 0.683502 0.663121 0.0846427 0.1291
7 0.411227 0.495567 0.0430859 0.202682
1 0.542594 0.667996 0.0426577 0.184286
9 0.508346 0.615691 0.036175 0.171543
8 0.705519 0.598404 0.0538497 0.120678
1 0.459909 0.66445 0.0435751 0.173759
10 0.508346 0.615691 0.036175 0.171543
10 0.487797 0.616578 0.0397222 0.162234
5 0.549933 0.228723 0.593967 0.403812
1 0.608156 0.672872 0.0461438 0.16578
2 0.642893 0.677305 0.0503636 0.16578
2 0.314108 0.554521 0.0383155 0.0775155
4 0.357897 0.493794 0.0558679 0.160129
9 0.354227 0.541667 0.047581 0.0895944
3 0.496114 0.337544 0.832239 0.675089
10 0.346155 0.493794 0.0605465 0.190824
12 0.399974 0.682624 0.0349824 0.162123
7 0.61207 0.468085 0.073512 0.197584
8 0.39239 0.475621 0.0599043 0.196919
4 0.703073 0.509752 0.0447066 0.145279
1 0.519599 0.597961 0.876273 0.722518
1 0.423458 0.672429 0.0491405 0.155807
11 0.314108 0.554521 0.0383155 0.0775155
10 0.492689 0.455674 0.0507306 0.200133
