5 0.508077 0.622 0.702873 0.443
4 0.509081 0.587 0.810312 0.755
6 0.507073 0.226 0.474941 0.31
3 0.502052 0.397 0.5382 0.224
0 0.331354 0.468 0.0522134 0.173
8 0.340391 0.432 0.0281149 0.0989999
8 0.704881 0.443 0.0291191 0.0869999
7 0.438794 0.553 0.010041 0.031
7 0.449839 0.55 0.0120492 0.036
7 0.304244 0.606 0.0361478 0.0729999
7 0.622545 0.548 0.00903691 0.022
7 0.563303 0.556 0.010041 0.028
7 0.556274 0.56 0.0110452 0.0290001
7 0.537196 0.562 0.00903691 0.036
7 0.530167 0.568 0.00903685 0.0269999
7 0.336375 0.509 0.0431765 0.0769999
0 0.429757 0.488 0.0331354 0.206
0 0.457872 0.509 0.0331354 0.179
0 0.483978 0.521 0.0301231 0.188
0 0.517114 0.524 0.0331354 0.178
0 0.545229 0.509 0.0331354 0.19
0 0.576356 0.5 0.0321313 0.189
0 0.630578 0.473 0.0341396 0.198
0 0.699861 0.466 0.0471929 0.173
0 0.723959 0.63 0.0682791 0.148
0 0.671746 0.663 0.0652668 0.161
0 0.627565 0.688 0.0522135 0.16
0 0.595434 0.697 0.038156 0.159
0 0.570331 0.695 0.0321313 0.149
0 0.544225 0.698 0.0240986 0.134
0 0.522134 0.704 0.0220902 0.149
0 0.501048 0.703 0.0220903 0.142
0 0.478958 0.7 0.0291191 0.15
0 0.454859 0.697 0.0321313 0.162
0 0.424736 0.692 0.0371519 0.153
0 0.391601 0.68 0.0512093 0.158
0 0.345412 0.671 0.0682791 0.17
0 0.294203 0.63 0.067275 0.152
7 0.695844 0.515 0.0251026 0.0570001
0 0.563338 0.478241 0.0460256 0.219676
0 0.732486 0.666667 0.0681497 0.201157
0 0.579027 0.7 0.0478335 0.211343
0 0.342219 0.444907 0.0691915 0.196528
0 0.417723 0.687037 0.0438805 0.193519
0 0.720229 0.654167 0.0846968 0.154977
0 0.542256 0.689352 0.036465 0.200579
0 0.523135 0.474074 0.0480173 0.220718
0 0.591284 0.698148 0.0582827 0.191667
0 0.48048 0.495833 0.0425016 0.192708
0 0.452043 0.706481 0.0555555 0.195486
0 0.5148 0.454167 0.03766 0.23912
0 0.615798 0.690741 0.0674142 0.201736
0 0.61923 0.465741 0.0572408 0.22037
0 0.477538 0.475 0.0518783 0.266898
0 0.485383 0.707407 0.0449837 0.271296
0 0.533921 0.487963 0.0423484 0.214931
0 0.343935 0.581019 0.0552184 0.258102
0 0.641784 0.670833 0.0711527 0.169097
0 0.659434 0.673148 0.101857 0.190509
0 0.340503 0.659722 0.117485 0.189931
0 0.513329 0.681482 0.0387938 0.186806
0 0.490776 0.684722 0.0336764 0.205093
0 0.516271 0.699074 0.0558313 0.209259
0 0.551571 0.468981 0.0726235 0.204977
0 0.471164 0.706482 0.0408469 0.220833
0 0.454004 0.494444 0.0495801 0.164699
0 0.680516 0.473611 0.103511 0.164005
0 0.53245 0.705093 0.0421645 0.205787
0 0.458417 0.472222 0.0744008 0.204398
0 0.661395 0.633333 0.0725622 0.195023
0 0.578046 0.464815 0.0859225 0.194097
0 0.487834 0.455556 0.0451369 0.229977
0 0.639822 0.450926 0.0465771 0.179514
0 0.654531 0.689352 0.0658208 0.178819
7 0.70356 0.483796 0.0478335 0.127431
0 0.419684 0.500926 0.0465771 0.237732
5 0.49764 0.710648 0.884475 0.532407
0 0.586381 0.497222 0.0432371 0.198727
0 0.576576 0.720833 0.0335845 0.199769
0 0.544217 0.45463 0.0482012 0.209259
0 0.423116 0.473148 0.0796714 0.230093
0 0.400808 0.682407 0.0973217 0.205787
0 0.544707 0.494907 0.0555861 0.159722
6 0.475087 0.244676 0.677084 0.374074
0 0.427529 0.455556 0.0484157 0.200694
0 0.39468 0.468981 0.0747685 0.195139
5 0.496414 0.583796 0.992828 0.772685
0 0.472635 0.460185 0.120671 0.237269
0 0.483912 0.743519 0.0331555 0.247222
7 0.731506 0.659722 0.0720719 0.186574
7 0.677084 0.664815 0.0650241 0.171875
0 0.42949 0.725463 0.048906 0.175463
7 0.695715 0.464352 0.0580988 0.150116
3 0.467732 0.375926 0.692283 0.337269
7 0.34418 0.668056 0.0555555 0.181829
0 0.469203 0.699537 0.0791811 0.227199
7 0.435619 0.490741 0.0402953 0.179861
7 0.630017 0.518056 0.0387938 0.110532
7 0.299319 0.62963 0.0782005 0.137847
0 0.538824 0.698148 0.0714591 0.21956
10 0.70356 0.483796 0.0478335 0.127431
0 0.622172 0.510185 0.0394986 0.0954861
7 0.333394 0.490741 0.0482012 0.106076
0 0.458417 0.455556 0.0398663 0.201389
6 0.482931 0.364815 0.965862 0.725926
0 0.627565 0.524074 0.0369552 0.0875579
0 0.332904 0.493056 0.0458417 0.106597
6 0.473616 0.360185 0.710424 0.400926
7 0.56726 0.489815 0.0442789 0.179167
7 0.622172 0.510185 0.0394986 0.0954861
0 0.61923 0.508333 0.0508671 0.165509
7 0.336091 0.456019 0.0391615 0.171875
0 0.352515 0.69213 0.05053 0.171065
7 0.290004 0.644907 0.0744621 0.186227
0 0.677574 0.447222 0.0782005 0.168171
10 0.296868 0.633796 0.0807745 0.153472
0 0.546178 0.733333 0.0489673 0.235417
10 0.695715 0.464352 0.0580988 0.150116
10 0.731506 0.659722 0.0720719 0.186574
0 0.628546 0.523611 0.0480786 0.154977
0 0.508426 0.733796 0.0393147 0.2375
0 0.293191 0.660185 0.0843291 0.183565
10 0.677084 0.664815 0.0650241 0.171875
7 0.3432 0.453241 0.0583133 0.196065
7 0.68738 0.499074 0.0554942 0.0956018
0 0.608444 0.724537 0.0478335 0.205787
0 0.701598 0.664352 0.0805907 0.164699
4 0.482931 0.364815 0.965862 0.725926
10 0.332904 0.493056 0.0458417 0.106597
7 0.520683 0.491204 0.0414904 0.192824
7 0.629526 0.680093 0.0578843 0.178356
10 0.34418 0.668056 0.0555555 0.181829
10 0.630017 0.518056 0.0387938 0.110532
9 0.290004 0.644907 0.0744621 0.186227
7 0.544707 0.497222 0.0542378 0.167708
10 0.336091 0.456019 0.0391615 0.171875
7 0.359869 0.67037 0.0637984 0.168287
7 0.695225 0.668056 0.0791198 0.178935
7 0.673162 0.630093 0.05482 0.0920717
9 0.695225 0.464352 0.0561071 0.144444
7 0.453514 0.496759 0.04719 0.185532
7 0.302996 0.559722 0.0656982 0.0884838
9 0.332659 0.466667 0.0704172 0.177662
0 0.570202 0.450463 0.0466997 0.196065
7 0.388796 0.682407 0.0460255 0.177778
10 0.435619 0.490741 0.0402953 0.179861
4 0.481951 0.358796 0.765336 0.453935
8 0.726603 0.647222 0.0816325 0.171065
7 0.576576 0.720833 0.0335845 0.199769
8 0.294662 0.64537 0.0816325 0.159954
3 0.475087 0.244676 0.677084 0.374074
7 0.416743 0.683796 0.0422871 0.178125
9 0.336091 0.456019 0.0391615 0.171875
7 0.426303 0.723611 0.0422871 0.186574
7 0.632958 0.459259 0.0444628 0.191204
9 0.719739 0.65463 0.0822454 0.17037
7 0.48048 0.49537 0.0399276 0.202199
10 0.642274 0.674074 0.0655144 0.164699
0 0.719249 0.451389 0.100631 0.188426
10 0.622172 0.510185 0.0394986 0.0954861
10 0.56726 0.489815 0.0442789 0.179167
0 0.724642 0.473611 0.0726848 0.142708
3 0.462829 0.557407 0.905067 0.706945
7 0.453514 0.728704 0.0348716 0.203125
7 0.574614 0.689815 0.0430225 0.186806
0 0.49911 0.3625 0.500336 0.393519
10 0.622172 0.684259 0.0496721 0.173611
9 0.299319 0.62963 0.0782005 0.137847
0 0.237788 0.648148 0.0985474 0.198611
9 0.642274 0.674074 0.0655144 0.164699
10 0.68738 0.499074 0.0554942 0.0956018
7 0.620701 0.465741 0.0530734 0.183333
10 0.388796 0.682407 0.0460255 0.177778
9 0.388796 0.682407 0.0460255 0.177778
0 0.302751 0.558333 0.067782 0.106424
10 0.302996 0.559722 0.0656982 0.0884838
9 0.678065 0.675926 0.0611937 0.173148
10 0.673162 0.630093 0.05482 0.0920717
7 0.744743 0.815741 0.0578843 0.0805555
9 0.622172 0.684259 0.0496721 0.173611
0 0.397867 0.722685 0.0481705 0.189236
8 0.70454 0.457407 0.0489673 0.144213
10 0.3432 0.453241 0.0583133 0.196065
10 0.574614 0.690741 0.0412759 0.190972
0 0.488324 0.575 0.0460256 0.202894
9 0.574614 0.690741 0.0412759 0.190972
8 0.676104 0.664352 0.0618372 0.168056
1 0.700128 0.457407 0.0514493 0.140394
7 0.712385 0.652778 0.103573 0.15081
9 0.346877 0.66713 0.0674755 0.184838
8 0.562357 0.476852 0.0402647 0.216435
9 0.70356 0.483796 0.0478335 0.127431
10 0.520683 0.491204 0.0414904 0.192824
0 0.68738 0.499074 0.0554942 0.0956018
10 0.416743 0.683796 0.0422871 0.178125
0 0.673652 0.627778 0.0686399 0.0896991
0 0.640803 0.586574 0.0593552 0.0871528
8 0.336091 0.478704 0.0618679 0.217824
8 0.629526 0.680093 0.0578843 0.178356
9 0.416743 0.683796 0.0422871 0.178125
9 0.540295 0.687037 0.037231 0.206134
7 0.31697 0.599074 0.0854935 0.0786458
9 0.433657 0.484259 0.0413679 0.218056
7 0.540295 0.687037 0.037231 0.206134
10 0.544707 0.497222 0.0542378 0.167708
7 0.639332 0.591204 0.0474351 0.0826389
7 0.452043 0.706481 0.0555555 0.195486
0 0.318931 0.470833 0.0654531 0.141435
1 0.724151 0.6375 0.0761168 0.188657
8 0.348103 0.665278 0.0671691 0.175232
10 0.453514 0.496759 0.04719 0.185532
10 0.695225 0.668056 0.0791198 0.178935
1 0.296868 0.633796 0.0807745 0.153472
7 0.724151 0.610185 0.0878836 0.125
8 0.632958 0.462037 0.0463013 0.20787
8 0.574614 0.690741 0.0412759 0.190972
0 0.539314 0.398148 0.281914 0.269676
3 0.332659 0.466667 0.0704172 0.177662
9 0.513819 0.685185 0.039376 0.204514
7 0.628546 0.523611 0.0480786 0.154977
1 0.675613 0.673148 0.0606115 0.190046
9 0.520193 0.475 0.0419807 0.2375
2 0.290004 0.644907 0.0744621 0.186227
6 0.336091 0.456019 0.0391615 0.171875
10 0.632958 0.459259 0.0444628 0.191204
7 0.724642 0.473611 0.0726848 0.142708
7 0.344916 0.500463 0.0605809 0.13206
5 0.290249 0.644907 0.077649 0.168056
9 0.562357 0.476852 0.0402647 0.216435
0 0.3003 0.551852 0.079365 0.158565
9 0.332904 0.493056 0.0458417 0.106597
10 0.48048 0.49537 0.0399276 0.202199
9 0.627565 0.524074 0.0369552 0.0875579
8 0.416743 0.683796 0.0422871 0.178125
8 0.337807 0.45 0.0477722 0.176505
0 0.484402 0.56713 0.0286204 0.189236
11 0.299319 0.62963 0.0782005 0.137847
8 0.434393 0.491667 0.0397744 0.166319
8 0.700618 0.484722 0.0532879 0.125579
6 0.70454 0.457407 0.0489673 0.144213
2 0.695225 0.464352 0.0561071 0.144444
9 0.453514 0.496759 0.04719 0.185532
8 0.48048 0.495833 0.0425016 0.192708
8 0.397621 0.688426 0.0537169 0.187963
7 0.482931 0.735648 0.036465 0.236111
0 0.5148 0.559722 0.0452288 0.172917
9 0.634429 0.461111 0.0465465 0.204514
0 0.744743 0.815741 0.0578843 0.0805555
5 0.332659 0.466667 0.0704172 0.177662
8 0.519702 0.491204 0.043329 0.178472
9 0.489795 0.684722 0.0388245 0.209028
2 0.730035 0.659722 0.0723784 0.183912
9 0.622172 0.510185 0.0394986 0.0954861
10 0.540295 0.687037 0.037231 0.206134
9 0.48048 0.49537 0.0399276 0.202199
1 0.337316 0.45463 0.0453208 0.165046
11 0.728564 0.636111 0.0831034 0.148495
4 0.695225 0.464352 0.0561071 0.144444
11 0.678065 0.675926 0.0611937 0.173148
10 0.359869 0.67037 0.0637984 0.168287
11 0.70454 0.457407 0.0489673 0.144213
7 0.516761 0.702315 0.0464852 0.213194
0 0.454985 0.560185 0.0482931 0.145255
1 0.622662 0.686111 0.0487834 0.190046
6 0.678065 0.675926 0.0611937 0.173148
9 0.452533 0.706481 0.0468835 0.195255
7 0.604032 0.721296 0.041184 0.203356
7 0.489795 0.704167 0.0431757 0.220602
1 0.574614 0.689815 0.0430225 0.186806
4 0.674633 0.663426 0.0587423 0.173148
8 0.540295 0.687037 0.037231 0.206134
9 0.346141 0.443519 0.0535024 0.174653
9 0.620701 0.465741 0.0530734 0.183333
11 0.336091 0.456019 0.0391615 0.171875
0 0.31697 0.599074 0.0854935 0.0786458
10 0.620701 0.465741 0.0530734 0.183333
7 0.346632 0.594907 0.0641661 0.26875
6 0.299319 0.62963 0.0782005 0.137847
7 0.39468 0.465741 0.0707237 0.19919
9 0.593245 0.697222 0.0543604 0.187847
4 0.434393 0.491667 0.0397744 0.166319
7 0.662376 0.633796 0.081081 0.209375
4 0.345406 0.663889 0.0523992 0.180208
4 0.290249 0.644907 0.077649 0.168056
0 0.344916 0.500463 0.0605809 0.13206
1 0.641784 0.670833 0.0711527 0.169097
7 0.317705 0.601852 0.0566893 0.108044
12 0.699147 0.473611 0.0502236 0.134375
7 0.61923 0.508333 0.0508671 0.165509
5 0.700128 0.457407 0.0514493 0.140394
1 0.388796 0.681019 0.0478335 0.177431
3 0.289023 0.64213 0.0891094 0.169907
9 0.544707 0.497222 0.0542378 0.167708
7 0.677574 0.447222 0.0782005 0.168171
8 0.343935 0.581019 0.0552184 0.258102
10 0.712385 0.652778 0.103573 0.15081
0 0.353741 0.619444 0.072501 0.132639
1 0.342464 0.650926 0.063063 0.193056
5 0.718758 0.654167 0.0829808 0.172454
0 0.745724 0.640741 0.0923575 0.219097
