8 0.333362 0.709 0.0351437 0.103
8 0.282153 0.725 0.0180739 0.0909999
7 0.29119 0.649 0.0341395 0.0760001
7 0.327338 0.637 0.0361478 0.0599999
7 0.707893 0.611 0.0421724 0.0340001
7 0.768139 0.544 0.0271107 0.038
6 0.502052 0.27 0.673754 0.392
3 0.510085 0.416 0.637606 0.201
4 0.504016 0.638 0.991967 0.616
0 0.260063 0.525 0.0461888 0.162
0 0.309264 0.526 0.0522134 0.145
0 0.349428 0.515 0.0381559 0.147
0 0.383568 0.497 0.0411683 0.17
0 0.416703 0.492 0.0421724 0.18
0 0.446826 0.479 0.0502053 0.182
0 0.482974 0.48 0.0401641 0.165
0 0.524142 0.481 0.0381559 0.168
0 0.56029 0.483 0.0351436 0.158
0 0.594429 0.47 0.0331354 0.197
0 0.632585 0.504 0.0411683 0.149
0 0.664717 0.515 0.0391601 0.144
0 0.705885 0.508 0.0552257 0.153
0 0.747053 0.505 0.0602462 0.149
0 0.777176 0.439 0.068279 0.113
0 0.71693 0.68 0.0682791 0.16
0 0.658692 0.68 0.0753078 0.16
0 0.618528 0.683 0.057234 0.172
0 0.58238 0.671 0.0391601 0.173
0 0.552257 0.664 0.0371519 0.17
0 0.523138 0.668 0.0261067 0.166
0 0.502052 0.66 0.0271107 0.155
0 0.484982 0.655 0.0361478 0.146
0 0.45988 0.692 0.0271109 0.188
0 0.431765 0.68 0.0421723 0.189
0 0.401642 0.674 0.0451847 0.152
0 0.378547 0.666 0.0421724 0.155
0 0.337379 0.682 0.0471929 0.172
0 0.283157 0.692 0.0572339 0.156
0 0.541765 0.679078 0.0422564 0.184286
0 0.646196 0.689716 0.087332 0.204676
0 0.299564 0.681738 0.0727461 0.17941
0 0.389041 0.681738 0.0467609 0.16168
0 0.578046 0.684841 0.0570263 0.211547
0 0.268921 0.507092 0.0558006 0.171099
0 0.678064 0.488475 0.063737 0.177416
0 0.409878 0.682181 0.0637983 0.190049
0 0.511858 0.671099 0.0461174 0.179521
0 0.522154 0.465426 0.0566892 0.178302
0 0.63639 0.48227 0.0579455 0.182846
0 0.752097 0.488475 0.0419807 0.162345
0 0.590793 0.691046 0.055586 0.186724
0 0.356192 0.491135 0.0670465 0.175089
0 0.354721 0.676862 0.0585278 0.165559
0 0.764845 0.45922 0.0793649 0.164561
0 0.445669 0.689716 0.0570263 0.19836
0 0.487343 0.679521 0.0497027 0.188165
0 0.656001 0.493351 0.0535636 0.222518
0 0.294171 0.499557 0.0861063 0.159574
0 0.341484 0.505762 0.0588342 0.197252
0 0.546178 0.463653 0.057394 0.185173
0 0.457926 0.468528 0.0575472 0.181294
0 0.471654 0.478723 0.0396211 0.208444
0 0.53245 0.482713 0.0402646 0.224845
5 0.506955 0.687057 0.874669 0.442154
0 0.282649 0.52305 0.0784456 0.180962
0 0.392718 0.480053 0.0739717 0.178635
0 0.585891 0.467199 0.0581294 0.189273
0 0.610895 0.475621 0.0731138 0.187611
0 0.576575 0.448582 0.0433902 0.206339
0 0.675613 0.688386 0.126003 0.192376
0 0.729054 0.492908 0.111969 0.153812
0 0.718268 0.515071 0.0644112 0.206339
0 0.473615 0.69016 0.0418581 0.198027
0 0.31746 0.505319 0.0728073 0.164561
0 0.420419 0.458333 0.0374455 0.183178
0 0.657472 0.479167 0.101244 0.190381
0 0.404976 0.496454 0.052675 0.202793
0 0.412085 0.483599 0.0802229 0.195479
0 0.344425 0.682181 0.109395 0.197252
0 0.606973 0.452128 0.0455965 0.194149
3 0.4996 0.330674 0.65306 0.367465
0 0.60256 0.6875 0.118097 0.194814
0 0.468222 0.464096 0.106821 0.201241
0 0.534411 0.45922 0.0992827 0.208444
7 0.752097 0.511525 0.0562296 0.108544
0 0.476067 0.693706 0.0698657 0.195811
0 0.536862 0.681294 0.0937057 0.204566
0 0.637371 0.452571 0.0448917 0.184065
5 0.507354 0.591312 0.985291 0.741135
0 0.282895 0.660461 0.0522154 0.11547
6 0.494207 0.282801 0.816815 0.556738
0 0.301035 0.711436 0.0577923 0.161126
0 0.258135 0.52172 0.0657595 0.119792
3 0.48097 0.400266 0.742782 0.288785
0 0.648157 0.657358 0.0886803 0.116135
0 0.546668 0.483156 0.0408775 0.155253
7 0.781024 0.431738 0.0593245 0.120567
7 0.70552 0.491135 0.0645951 0.163342
7 0.279953 0.661791 0.0496414 0.117797
7 0.714836 0.653812 0.0701107 0.133311
7 0.417478 0.483599 0.0465465 0.163342
7 0.673652 0.486259 0.056536 0.161348
0 0.579027 0.710993 0.0412759 0.220856
7 0.258135 0.52172 0.0657595 0.119792
10 0.752097 0.511525 0.0562296 0.108544
7 0.63639 0.488475 0.0545135 0.169548
0 0.608934 0.655142 0.0742169 0.105607
7 0.482441 0.481383 0.0383955 0.152371
7 0.357663 0.493794 0.0653918 0.167221
7 0.264509 0.549645 0.049672 0.0954122
7 0.648157 0.657358 0.0886803 0.116135
7 0.5854 0.486702 0.0442789 0.15082
7 0.29221 0.672872 0.0590794 0.137301
7 0.452043 0.482713 0.0441563 0.152704
7 0.387815 0.491578 0.0554941 0.159907
0 0.424097 0.711436 0.0405711 0.220856
7 0.335355 0.683511 0.040663 0.151042
7 0.640803 0.609043 0.0571795 0.0847186
7 0.304222 0.513298 0.0487834 0.156028
10 0.781024 0.431738 0.0593245 0.120567
7 0.612366 0.492021 0.0609179 0.159353
0 0.267205 0.550089 0.0497639 0.104555
7 0.389286 0.682181 0.0414597 0.158355
0 0.264264 0.689716 0.0671078 0.160239
7 0.297603 0.70922 0.0491204 0.178635
10 0.717777 0.671099 0.0634919 0.152926
6 0.479499 0.402482 0.714345 0.270612
0 0.73984 0.663121 0.0642886 0.186059
0 0.397376 0.455674 0.0515719 0.175754
7 0.266715 0.511968 0.0561683 0.16434
7 0.746704 0.494681 0.0730524 0.157691
0 0.329717 0.710106 0.0416129 0.189273
10 0.279953 0.661791 0.0496414 0.117797
7 0.715816 0.678192 0.0769135 0.211769
7 0.758961 0.477394 0.0630016 0.155253
0 0.67071 0.449911 0.0451982 0.181405
7 0.716797 0.610372 0.0613776 0.0830009
0 0.258135 0.476064 0.0669239 0.184176
0 0.548139 0.714539 0.0343813 0.252438
10 0.70552 0.491135 0.0645951 0.163342
10 0.648157 0.657358 0.0886803 0.116135
7 0.546668 0.483156 0.0408775 0.155253
7 0.583439 0.673759 0.0472206 0.183954
7 0.518722 0.481826 0.0401115 0.161015
7 0.348593 0.676862 0.0438805 0.159907
7 0.427283 0.683511 0.0447385 0.17254
10 0.29221 0.672872 0.0590794 0.137301
10 0.304222 0.513298 0.0487834 0.156028
10 0.268186 0.511968 0.0494269 0.140736
7 0.608934 0.655142 0.0742169 0.105607
10 0.640803 0.609043 0.0571795 0.0847186
7 0.298338 0.687057 0.0746459 0.182846
10 0.335355 0.683511 0.040663 0.151042
9 0.751117 0.495567 0.0613776 0.148382
0 0.642273 0.71055 0.0596922 0.231383
7 0.660904 0.683511 0.0832259 0.189051
4 0.494207 0.282801 0.816815 0.556738
10 0.264509 0.549645 0.049672 0.0954122
10 0.673652 0.486259 0.056536 0.161348
10 0.389286 0.682181 0.0414597 0.158355
0 0.36183 0.449911 0.0619598 0.1875
7 0.762884 0.539894 0.0563828 0.129322
0 0.764354 0.545213 0.0504687 0.142176
10 0.357663 0.493794 0.0653918 0.167221
10 0.417478 0.483599 0.0465465 0.163342
7 0.319176 0.508422 0.0737266 0.165226
7 0.542746 0.678635 0.0388551 0.184176
0 0.586871 0.612589 0.0389776 0.108544
0 0.502052 0.365692 0.565789 0.358156
9 0.304222 0.513298 0.0487834 0.156028
7 0.613347 0.688387 0.0815099 0.185616
10 0.746704 0.494681 0.0730524 0.157691
4 0.494207 0.332004 0.702088 0.368351
0 0.799165 0.439716 0.0667401 0.154255
7 0.589323 0.613032 0.0432676 0.0939716
10 0.63639 0.488475 0.0545135 0.169548
3 0.510387 0.593085 0.975177 0.755762
9 0.389286 0.682181 0.0414597 0.158355
7 0.487343 0.676862 0.0478335 0.200798
9 0.335355 0.683511 0.040663 0.151042
9 0.717777 0.671099 0.0634919 0.152926
9 0.279953 0.661791 0.0496414 0.117797
0 0.500091 0.237145 0.6359 0.39273
3 0.524115 0.223626 0.736898 0.375
10 0.427283 0.683511 0.0447385 0.17254
10 0.387815 0.491578 0.0554941 0.159907
9 0.264509 0.52039 0.0546668 0.162234
0 0.607463 0.713209 0.0597841 0.25133
10 0.713365 0.612145 0.0602438 0.10871
7 0.445669 0.686614 0.0530734 0.203568
10 0.348593 0.676862 0.0438805 0.159907
8 0.715816 0.678192 0.0769135 0.211769
10 0.258625 0.525709 0.0529508 0.14539
9 0.29221 0.672872 0.0590794 0.137301
10 0.482441 0.481383 0.0383955 0.152371
7 0.518231 0.679965 0.0511429 0.204122
7 0.522154 0.465426 0.0566892 0.178302
9 0.427283 0.683511 0.0447385 0.17254
10 0.646196 0.689716 0.087332 0.204676
10 0.5854 0.486702 0.0442789 0.15082
9 0.542746 0.678635 0.0388551 0.184176
10 0.58393 0.673759 0.0447079 0.172983
10 0.758961 0.477394 0.0630016 0.155253
8 0.752097 0.511525 0.0562296 0.108544
10 0.542746 0.678635 0.0388551 0.184176
10 0.452043 0.482713 0.0441563 0.152704
7 0.611876 0.594415 0.0487527 0.0824468
9 0.779553 0.427748 0.0607034 0.121786
7 0.456455 0.468972 0.0626952 0.183178
0 0.454985 0.722074 0.0520009 0.232491
9 0.700617 0.496897 0.0636145 0.154145
9 0.348593 0.676862 0.0438805 0.159907
9 0.651589 0.682181 0.0719493 0.189605
8 0.647176 0.687943 0.0876997 0.187278
7 0.752097 0.488475 0.0419807 0.162345
8 0.70552 0.491135 0.0645951 0.163342
10 0.612366 0.492021 0.0609179 0.159353
10 0.297603 0.70922 0.0491204 0.178635
8 0.714836 0.653812 0.0701107 0.133311
7 0.547158 0.462323 0.0538701 0.189051
7 0.323098 0.707447 0.0360972 0.17531
9 0.513328 0.672429 0.0444014 0.196033
8 0.305938 0.506206 0.0590794 0.172207
9 0.58393 0.673759 0.0447079 0.172983
10 0.715816 0.678192 0.0769135 0.211769
8 0.299564 0.687057 0.0765458 0.17254
10 0.298338 0.687057 0.0746459 0.182846
9 0.357418 0.491135 0.0622049 0.169991
8 0.389286 0.682181 0.0414597 0.158355
9 0.680025 0.490248 0.0629404 0.169991
0 0.479989 0.720745 0.040755 0.214207
8 0.546668 0.679078 0.0447079 0.20113
9 0.333639 0.680408 0.0622968 0.16711
10 0.608934 0.655142 0.0742169 0.105607
0 0.395415 0.707004 0.0367408 0.179521
8 0.267941 0.511968 0.0582214 0.160904
5 0.562847 0.240691 0.649628 0.412012
9 0.648157 0.657358 0.0886803 0.116135
8 0.672671 0.486259 0.0555861 0.164561
8 0.417723 0.484486 0.0492737 0.169659
8 0.637861 0.488918 0.05482 0.172207
0 0.402769 0.710106 0.0375987 0.210328
8 0.331188 0.679965 0.0530734 0.183067
8 0.42091 0.68617 0.0551571 0.182292
10 0.333884 0.500887 0.0709688 0.150044
9 0.298338 0.687057 0.0746459 0.182846
7 0.657472 0.595745 0.0547587 0.0836104
0 0.641783 0.613032 0.0576698 0.090758
0 0.51529 0.611702 0.0502542 0.167664
9 0.41233 0.681738 0.05482 0.181294
8 0.758961 0.477394 0.0630016 0.155253
0 0.674632 0.712766 0.0504687 0.212434
9 0.491756 0.674645 0.0466384 0.206117
8 0.357663 0.492465 0.0617453 0.163121
7 0.333639 0.680408 0.0622968 0.16711
9 0.333884 0.500887 0.0709688 0.150044
0 0.51676 0.718528 0.0430225 0.267287
8 0.576575 0.685284 0.0517251 0.196919
1 0.389041 0.681738 0.0467609 0.16168
1 0.306183 0.513741 0.0545136 0.168661
0 0.589813 0.421986 0.0770361 0.157801
1 0.717287 0.671986 0.0713978 0.155807
0 0.274314 0.716312 0.0495494 0.16301
9 0.554022 0.452571 0.0474044 0.209441
8 0.353005 0.679521 0.0571182 0.179521
9 0.523134 0.457004 0.0499785 0.203568
8 0.782495 0.425975 0.0644725 0.135417
6 0.717777 0.671099 0.0634919 0.152926
10 0.546668 0.483156 0.0408775 0.155253
6 0.304222 0.513298 0.0487834 0.156028
7 0.291229 0.511525 0.0898447 0.13996
9 0.637861 0.481826 0.0543604 0.177859
10 0.518722 0.481826 0.0401115 0.161015
0 0.713365 0.612145 0.0602438 0.10871
10 0.408407 0.684397 0.0579455 0.178524
9 0.764845 0.45922 0.0793649 0.164561
9 0.483911 0.463209 0.0479866 0.179965
9 0.42091 0.474291 0.0527669 0.18484
0 0.581478 0.605497 0.0296622 0.153258
11 0.304222 0.513298 0.0487834 0.156028
0 0.751117 0.445035 0.0829194 0.127992
1 0.699147 0.49867 0.0603357 0.162566
11 0.717777 0.671099 0.0634919 0.152926
7 0.41233 0.681738 0.05482 0.181294
10 0.613347 0.688387 0.0815099 0.185616
10 0.513328 0.672429 0.0444014 0.196033
8 0.752097 0.488475 0.0419807 0.162345
8 0.445669 0.686614 0.0530734 0.203568
8 0.388551 0.490248 0.0562602 0.160793
2 0.285101 0.687943 0.0517251 0.172207
9 0.31746 0.505319 0.0728073 0.164561
1 0.337561 0.684397 0.0444934 0.182513
1 0.541765 0.679078 0.0422564 0.184286
9 0.457926 0.468528 0.0575472 0.181294
8 0.483421 0.464982 0.0516332 0.181184
1 0.268186 0.511968 0.0494269 0.140736
6 0.335355 0.683511 0.040663 0.151042
9 0.612856 0.47828 0.0687625 0.18074
11 0.781024 0.431738 0.0593245 0.120567
9 0.387815 0.491578 0.0554941 0.159907
