8 0.561626 0.689 0.0100649 0.071
8 0.588801 0.676 0.0120779 0.059
9 0.572697 0.618 0.0634093 0.098
7 0.73575 0.503 0.034221 0.0440001
7 0.647178 0.528 0.016104 0.046
7 0.409645 0.62 0.0211365 0.0440001
7 0.331138 0.498 0.0342209 0.052
10 0.269741 0.469 0.022143 0.052
5 0.512307 0.588 0.728704 0.473
4 0.523379 0.482 0.851497 0.878
6 0.507275 0.22 0.480099 0.299
3 0.508281 0.362 0.562632 0.244
0 0.429774 0.472 0.0291883 0.16
0 0.455943 0.49 0.0271755 0.159
0 0.483119 0.495 0.032208 0.161
0 0.518346 0.493 0.0332144 0.147
0 0.543509 0.491 0.0261689 0.143
0 0.571691 0.49 0.0332144 0.131
0 0.600879 0.501 0.0372404 0.123
0 0.6351 0.492 0.0312014 0.145
0 0.731724 0.455 0.0493184 0.136
0 0.563639 0.691 0.0231495 0.079
0 0.589808 0.67 0.0221429 0.074
0 0.533444 0.652 0.0251624 0.129
0 0.512307 0.649 0.026169 0.094
0 0.492177 0.645 0.0251624 0.104
0 0.470034 0.655 0.0332144 0.145
0 0.441852 0.656 0.0392535 0.151
0 0.414677 0.633 0.0422729 0.147
0 0.351268 0.604 0.0845458 0.165
0 0.310001 0.551 0.0714613 0.146
0 0.262696 0.5 0.0795133 0.122
0 0.436165 0.458333 0.0416507 0.185949
0 0.478185 0.457447 0.0402992 0.171432
0 0.731775 0.453014 0.0608174 0.192819
0 0.33984 0.569592 0.0923933 0.170656
0 0.425108 0.653369 0.0512341 0.206339
0 0.484573 0.673316 0.0455516 0.191822
0 0.521924 0.467642 0.053077 0.184508
0 0.321165 0.546099 0.0976764 0.179078
0 0.275214 0.515957 0.0829329 0.154034
0 0.558292 0.457447 0.039562 0.18883
0 0.633484 0.459663 0.0641347 0.162899
0 0.576475 0.453901 0.049084 0.175754
0 0.514552 0.679521 0.044968 0.196698
0 0.636924 0.481383 0.0441387 0.178524
0 0.457052 0.658688 0.0571622 0.179965
0 0.57795 0.636525 0.0533534 0.113475
0 0.630535 0.450355 0.0400842 0.14672
7 0.2703 0.481383 0.0644419 0.0974623
0 0.575984 0.677305 0.0473946 0.206671
0 0.408152 0.62766 0.0535378 0.187278
0 0.460984 0.46055 0.0820114 0.180297
0 0.614317 0.464539 0.0831786 0.187278
0 0.474253 0.515957 0.0297944 0.255098
7 0.732266 0.449911 0.0574693 0.13043
0 0.540108 0.499113 0.0426643 0.232491
0 0.541091 0.678192 0.0454902 0.198692
7 0.631518 0.512855 0.0363369 0.0736924
7 0.632993 0.500443 0.0425415 0.106826
0 0.550428 0.484929 0.04119 0.145833
0 0.595151 0.506206 0.053292 0.201241
0 0.553377 0.641401 0.0506505 0.0984042
10 0.2703 0.481383 0.0644419 0.0974623
7 0.575492 0.62234 0.0455516 0.0840536
0 0.41921 0.579787 0.0555957 0.222296
0 0.631518 0.512855 0.0363369 0.0736924
0 0.429285 0.484929 0.0434937 0.177859
0 0.53421 0.45789 0.11715 0.199246
7 0.620706 0.503546 0.0690493 0.085051
0 0.353601 0.559397 0.0734724 0.121786
5 0.49342 0.521277 0.842843 0.776596
7 0.265877 0.460993 0.0544285 0.0864916
6 0.485065 0.211658 0.612843 0.396498
0 0.632993 0.500443 0.0425415 0.106826
0 0.475727 0.528369 0.0537527 0.240027
0 0.465407 0.656915 0.105417 0.201795
0 0.267842 0.47961 0.066592 0.102283
7 0.267105 0.501773 0.0842229 0.119459
0 0.418227 0.588209 0.0915333 0.194925
0 0.455578 0.620124 0.0437394 0.154809
7 0.57795 0.630762 0.0524627 0.136192
10 0.575492 0.62234 0.0455516 0.0840536
0 0.379894 0.600621 0.069295 0.130208
0 0.587779 0.487589 0.0502205 0.124335
10 0.732266 0.449911 0.0574693 0.13043
3 0.50374 0.359486 0.610877 0.44703
10 0.631518 0.512855 0.0363369 0.0736924
0 0.530279 0.659575 0.102468 0.169215
10 0.265877 0.460993 0.0544285 0.0864916
0 0.265877 0.460993 0.0544285 0.0864916
0 0.550428 0.62234 0.0341253 0.0885971
7 0.353601 0.559397 0.0734724 0.121786
0 0.335663 0.527926 0.112051 0.120124
3 0.525856 0.220745 0.553869 0.274823
4 0.50374 0.359486 0.610877 0.44703
7 0.52045 0.48227 0.0360604 0.147939
7 0.737181 0.484486 0.0529541 0.102837
7 0.360236 0.604167 0.0630904 0.184176
0 0.496368 0.20656 0.565172 0.316711
0 0.482116 0.609486 0.0393163 0.185505
7 0.315513 0.557181 0.0894446 0.183843
7 0.587779 0.493794 0.048531 0.115137
10 0.620706 0.503546 0.0690493 0.085051
7 0.553377 0.641401 0.0506505 0.0984042
0 0.531753 0.693706 0.0316987 0.176973
7 0.546988 0.618794 0.0349854 0.0777371
10 0.632993 0.500443 0.0425415 0.106826
7 0.481625 0.483599 0.0338181 0.149823
7 0.550428 0.484929 0.04119 0.145833
7 0.341315 0.568706 0.0984751 0.166999
0 0.620706 0.503546 0.0690493 0.085051
9 0.730792 0.443262 0.0538449 0.128214
6 0.497843 0.348848 0.600557 0.371232
0 0.543548 0.619238 0.0355689 0.151263
10 0.352127 0.564273 0.0756225 0.131981
0 0.407907 0.673316 0.0606024 0.212988
7 0.600065 0.637855 0.0559643 0.0905363
0 0.737181 0.484486 0.0529541 0.102837
6 0.505215 0.136968 0.544531 0.25133
7 0.42093 0.62234 0.0430329 0.139628
10 0.267105 0.501773 0.0842229 0.119459
6 0.495385 0.416223 0.863484 0.832447
7 0.429285 0.484929 0.0434937 0.177859
0 0.600065 0.637855 0.0559643 0.0905363
9 0.267842 0.47961 0.066592 0.102283
7 0.436411 0.46055 0.0419886 0.189051
5 0.496368 0.20656 0.565172 0.316711
10 0.315513 0.557181 0.0894446 0.183843
7 0.379894 0.600621 0.069295 0.130208
7 0.425599 0.663564 0.0467495 0.214761
10 0.57795 0.630762 0.0524627 0.136192
9 0.579424 0.624557 0.0412514 0.0920878
7 0.40717 0.630319 0.0564558 0.148382
10 0.546988 0.618794 0.0349854 0.0777371
7 0.630535 0.450355 0.0400842 0.14672
10 0.360236 0.604167 0.0630904 0.184176
0 0.602031 0.426418 0.0726123 0.177748
7 0.629552 0.489362 0.0388556 0.169659
10 0.737181 0.484486 0.0529541 0.102837
0 0.496368 0.382092 0.508163 0.302305
10 0.553377 0.641401 0.0506505 0.0984042
7 0.345738 0.604167 0.0715065 0.200798
0 0.405941 0.460993 0.0646262 0.143506
3 0.499317 0.533688 0.815322 0.696365
0 0.635941 0.544326 0.0484082 0.0995124
0 0.517009 0.612145 0.0435244 0.140293
9 0.340332 0.566046 0.0903661 0.179521
0 0.428056 0.426418 0.075561 0.233378
7 0.278163 0.52039 0.0882774 0.143285
7 0.484082 0.671986 0.0414357 0.206449
7 0.575984 0.672429 0.0416507 0.207779
9 0.430759 0.45922 0.0395006 0.179521
10 0.430759 0.45922 0.0395006 0.179521
10 0.587779 0.493794 0.048531 0.115137
9 0.632993 0.500443 0.0425415 0.106826
7 0.635941 0.544326 0.0484082 0.0995124
10 0.42093 0.62234 0.0430329 0.139628
7 0.456561 0.671543 0.0493911 0.199246
0 0.408398 0.450355 0.0768511 0.204233
10 0.340332 0.566046 0.0903661 0.179521
10 0.52045 0.48227 0.0360604 0.147939
0 0.599082 0.631649 0.0699093 0.124114
7 0.638399 0.47695 0.0483775 0.142731
9 0.318462 0.551418 0.0896903 0.164894
0 0.48015 0.689716 0.077834 0.169326
0 0.429039 0.69016 0.0396849 0.211215
7 0.47671 0.458777 0.0370433 0.181294
9 0.731775 0.453014 0.0608174 0.192819
11 0.2703 0.481383 0.0644419 0.0974623
0 0.457052 0.491135 0.050159 0.155031
8 0.733741 0.454787 0.0532306 0.131095
7 0.541582 0.676862 0.0419271 0.183511
9 0.553377 0.641401 0.0506505 0.0984042
9 0.496368 0.20656 0.565172 0.316711
9 0.354338 0.593972 0.0770968 0.167332
7 0.514061 0.677305 0.0409749 0.204122
9 0.638399 0.47695 0.0483775 0.142731
8 0.355567 0.589539 0.0787555 0.147052
9 0.620706 0.503546 0.0690493 0.085051
9 0.47671 0.458777 0.0370433 0.181294
8 0.525856 0.220745 0.553869 0.274823
1 0.728826 0.455674 0.0590666 0.155031
10 0.550428 0.484929 0.04119 0.145833
9 0.550428 0.62234 0.0341253 0.0885971
9 0.555834 0.46055 0.0470567 0.193041
1 0.575492 0.62234 0.0455516 0.0840536
10 0.496368 0.20656 0.565172 0.316711
0 0.311582 0.586436 0.0875402 0.189716
7 0.617266 0.5 0.0766668 0.145833
10 0.481625 0.483599 0.0338181 0.149823
8 0.632993 0.500443 0.0425415 0.106826
9 0.267105 0.501773 0.0842229 0.119459
6 0.733741 0.454787 0.0532306 0.131095
9 0.42093 0.62234 0.0430329 0.139628
9 0.631518 0.512855 0.0363369 0.0736924
0 0.582373 0.714539 0.0590666 0.176862
10 0.47671 0.458777 0.0370433 0.181294
8 0.632993 0.489362 0.0367669 0.172651
0 0.514061 0.612589 0.0303473 0.172983
2 0.730792 0.443262 0.0538449 0.128214
9 0.629552 0.489362 0.0388556 0.169659
7 0.617266 0.465869 0.08367 0.163675
0 0.57795 0.714096 0.0280896 0.157801
8 0.319199 0.548759 0.088216 0.162123
10 0.630535 0.450355 0.0400842 0.14672
10 0.345738 0.604167 0.0715065 0.200798
8 0.264402 0.50133 0.071568 0.13176
7 0.525856 0.220745 0.553869 0.274823
7 0.521924 0.467642 0.053077 0.184508
10 0.629552 0.489362 0.0388556 0.169659
0 0.42265 0.420213 0.125321 0.173759
9 0.479659 0.667553 0.0429408 0.183067
7 0.555834 0.46055 0.0470567 0.193041
7 0.577458 0.462766 0.0597424 0.183511
9 0.353601 0.559397 0.0734724 0.121786
8 0.275214 0.523936 0.0848372 0.143728
10 0.40717 0.630319 0.0564558 0.148382
8 0.57795 0.630762 0.0524627 0.136192
9 0.518484 0.458333 0.0419886 0.180962
8 0.279883 0.484043 0.0702779 0.0953015
8 0.630535 0.450355 0.0400842 0.14672
8 0.48015 0.461436 0.0438622 0.182292
8 0.33984 0.569592 0.0923933 0.170656
8 0.579424 0.624557 0.0412514 0.0920878
10 0.600065 0.637855 0.0559643 0.0905363
9 0.575001 0.454787 0.0492068 0.189051
8 0.631518 0.512855 0.0363369 0.0736924
7 0.607437 0.582447 0.0581144 0.0760195
8 0.436411 0.46055 0.0419886 0.189051
9 0.513078 0.666667 0.0442616 0.170988
4 0.730792 0.443262 0.0538449 0.128214
12 0.727843 0.442819 0.0536913 0.152261
10 0.555834 0.46055 0.0470567 0.193041
8 0.7303 0.43883 0.0692336 0.172872
11 0.733741 0.454787 0.0532306 0.131095
8 0.427073 0.665337 0.0486539 0.197584
11 0.575492 0.62234 0.0455516 0.0840536
4 0.575492 0.62234 0.0455516 0.0840536
7 0.461475 0.462766 0.0786326 0.179965
10 0.425599 0.663564 0.0467495 0.214761
8 0.42093 0.62234 0.0430329 0.139628
10 0.278163 0.52039 0.0882774 0.143285
6 0.579424 0.624557 0.0412514 0.0920878
1 0.321165 0.546099 0.0976764 0.179078
10 0.378911 0.597961 0.0730423 0.136303
6 0.267842 0.47961 0.066592 0.102283
12 0.496368 0.20656 0.565172 0.316711
10 0.575984 0.672429 0.0416507 0.207779
9 0.427073 0.655142 0.0473332 0.192819
2 0.731775 0.453014 0.0608174 0.192819
4 0.632993 0.500443 0.0425415 0.106826
7 0.267597 0.455231 0.0667149 0.143285
7 0.308142 0.537234 0.125014 0.184176
9 0.458526 0.663564 0.0525548 0.182846
8 0.484573 0.673316 0.0455516 0.191822
1 0.33984 0.569592 0.0923933 0.170656
1 0.478185 0.457447 0.0402992 0.171432
9 0.617757 0.467642 0.0812742 0.161015
9 0.630535 0.450355 0.0400842 0.14672
0 0.42437 0.690603 0.0662234 0.178967
8 0.353601 0.559397 0.0734724 0.121786
7 0.543548 0.619238 0.0355689 0.151263
4 0.2703 0.481383 0.0644419 0.0974623
9 0.550428 0.484929 0.04119 0.145833
9 0.40717 0.630319 0.0564558 0.148382
5 0.728826 0.443262 0.0544285 0.159464
9 0.587779 0.493794 0.048531 0.115137
0 0.571561 0.724291 0.0416508 0.232934
10 0.575001 0.454787 0.0492068 0.189051
9 0.579916 0.637855 0.0529234 0.135749
10 0.617757 0.467642 0.0812742 0.161015
11 0.265877 0.460993 0.0544285 0.0864916
8 0.518484 0.458333 0.0419886 0.180962
9 0.278163 0.52039 0.0882774 0.143285
10 0.484082 0.671986 0.0414357 0.206449
1 0.357041 0.587766 0.079677 0.175421
1 0.432971 0.457004 0.0404221 0.167996
3 0.728826 0.455674 0.0590666 0.155031
7 0.454103 0.621454 0.0422343 0.135084
10 0.63889 0.474291 0.0505583 0.184065
9 0.458526 0.452571 0.0563636 0.182292
1 0.629552 0.489362 0.0388556 0.169659
2 0.267842 0.47961 0.066592 0.102283
12 0.267842 0.47961 0.066592 0.102283
8 0.514552 0.679521 0.044968 0.196698
1 0.630535 0.455231 0.0432172 0.145833
1 0.496368 0.20656 0.565172 0.316711
9 0.265877 0.460993 0.0544285 0.0864916
1 0.418719 0.622784 0.0460124 0.132425
8 0.550428 0.637411 0.049084 0.119348
7 0.404958 0.673759 0.0606331 0.190381
1 0.265877 0.460993 0.0544285 0.0864916
0 0.401764 0.434397 0.0783869 0.121565
10 0.513078 0.666667 0.0442616 0.170988
1 0.278163 0.52039 0.0882774 0.143285
6 0.430759 0.45922 0.0395006 0.179521
11 0.430759 0.45922 0.0395006 0.179521
1 0.519958 0.457447 0.0399921 0.166445
8 0.633484 0.459663 0.0641347 0.162899
