7 0.625881 0.55 0.0330465 0.0319999
7 0.384541 0.547 0.0150211 0.027
0 0.288406 0.423 0.0470663 0.169
0 0.329464 0.425 0.0470663 0.171
0 0.218307 0.396 0.350494 0.241
0 0.400564 0.433 0.0360508 0.167
0 0.425599 0.432 0.0350493 0.176
0 0.445627 0.413 0.0290408 0.197
0 0.46866 0.428 0.0230324 0.149
0 0.490691 0.432 0.0250352 0.165
0 0.516728 0.434 0.0260367 0.161
0 0.538759 0.436 0.0260367 0.155
0 0.56079 0.435 0.0300423 0.169
0 0.578815 0.443 0.0360508 0.171
0 0.604852 0.439 0.0420593 0.17
0 0.637898 0.442 0.0500705 0.169
0 0.679957 0.438 0.0500705 0.164
0 0.723018 0.445 0.0470663 0.149
0 0.729026 0.598 0.0590832 0.145
0 0.672948 0.599 0.0580817 0.151
0 0.630888 0.617 0.0660931 0.163
0 0.591833 0.631 0.0420593 0.188
0 0.571805 0.62 0.0310438 0.159
0 0.548773 0.645 0.0300423 0.221
0 0.526742 0.614 0.0250352 0.154
0 0.510719 0.614 0.0250352 0.144
0 0.494697 0.617 0.0240338 0.147
0 0.476671 0.613 0.022031 0.145
0 0.452637 0.624 0.0280395 0.18
0 0.426601 0.623 0.0370521 0.171
0 0.410578 0.62 0.0550776 0.176
0 0.373526 0.615 0.0711001 0.184
0 0.330465 0.599 0.0690973 0.179
0 0.282398 0.586 0.0530747 0.157
5 0.505712 0.617 0.696981 0.395
4 0.523737 0.527 0.889252 0.787
3 0.505712 0.346 0.503709 0.174
6 0.506713 0.204 0.479675 0.334
0 0.680646 0.608156 0.0548257 0.223072
0 0.629793 0.624114 0.042357 0.199246
0 0.371861 0.430851 0.0434572 0.20523
0 0.714874 0.425089 0.0551619 0.1957
0 0.372106 0.630319 0.0456576 0.196698
0 0.509507 0.618794 0.0392398 0.177416
0 0.584319 0.420213 0.0517085 0.205231
0 0.446429 0.410461 0.0459021 0.227615
0 0.581874 0.647606 0.0473689 0.203236
0 0.54569 0.642731 0.0473079 0.201795
0 0.292404 0.382979 0.0495693 0.231826
0 0.386775 0.631649 0.0574539 0.215536
0 0.481635 0.402482 0.0441295 0.224956
0 0.509506 0.385195 0.0441601 0.216201
0 0.457187 0.391844 0.0405234 0.240913
0 0.542268 0.396277 0.0367644 0.226064
0 0.419536 0.412677 0.0620992 0.200798
0 0.287514 0.550975 0.0560176 0.171099
0 0.320764 0.400266 0.0429071 0.168661
0 0.6073 0.630319 0.065522 0.184286
0 0.484569 0.616135 0.0419292 0.170878
0 0.458654 0.619681 0.0434877 0.206671
0 0.708517 0.418883 0.0837972 0.164229
0 0.728076 0.598848 0.040615 0.181294
0 0.552047 0.407801 0.0602044 0.199025
0 0.734433 0.566489 0.0651552 0.196254
0 0.383841 0.423759 0.0543368 0.186946
0 0.352792 0.612589 0.070106 0.204233
0 0.657175 0.617908 0.08722 0.18883
0 0.470389 0.389184 0.0571789 0.219082
0 0.655219 0.424202 0.0702283 0.171764
0 0.340078 0.402482 0.0815969 0.195146
0 0.703138 0.597961 0.0870978 0.16578
0 0.71683 0.579787 0.060021 0.19293
0 0.527109 0.390514 0.0643607 0.222296
0 0.572095 0.399379 0.0396677 0.204012
0 0.530043 0.620124 0.0382925 0.232713
0 0.605345 0.424202 0.0782963 0.196698
0 0.401933 0.420656 0.0934544 0.19293
6 0.511462 0.139628 0.5364 0.237589
0 0.734433 0.557624 0.0543673 0.125443
0 0.409268 0.627216 0.0861198 0.191268
5 0.521242 0.569592 0.889436 0.680851
0 0.73101 0.451241 0.0595321 0.193484
0 0.470389 0.609486 0.0508528 0.195368
0 0.425893 0.660904 0.0444046 0.203901
0 0.680157 0.546986 0.0430905 0.170213
3 0.535422 0.365248 0.603878 0.34242
0 0.539823 0.62633 0.0949212 0.207779
0 0.333722 0.541667 0.0422348 0.142841
0 0.547646 0.417553 0.0941878 0.196587
0 0.552536 0.431294 0.0385064 0.171764
0 0.466966 0.631649 0.0848362 0.20523
0 0.4699 0.41578 0.0785407 0.195146
3 0.515863 0.199468 0.508529 0.35727
0 0.523687 0.160018 0.414402 0.258865
4 0.514885 0.35328 0.597521 0.339982
0 0.395821 0.400266 0.0475523 0.180629
7 0.370639 0.43484 0.0394232 0.174313
0 0.454253 0.670656 0.047644 0.244459
7 0.633705 0.436614 0.0426932 0.15891
0 0.300716 0.608156 0.0672333 0.183511
7 0.728076 0.598848 0.040615 0.181294
0 0.291915 0.458333 0.0507306 0.152482
0 0.28238 0.465869 0.0466966 0.124113
0 0.254509 0.573582 0.0757292 0.201463
7 0.734433 0.557624 0.0543673 0.125443
7 0.724653 0.449025 0.050914 0.142176
7 0.330788 0.441046 0.0373451 0.151485
7 0.284091 0.574911 0.0497221 0.188054
7 0.680157 0.449025 0.0458104 0.161015
0 0.601433 0.656915 0.0455047 0.170545
7 0.580407 0.4375 0.0489886 0.178856
0 0.288492 0.33156 0.0532671 0.219747
0 0.481146 0.430408 0.0336778 0.176529
7 0.714874 0.417996 0.0500277 0.183067
7 0.609745 0.441046 0.0560176 0.16168
7 0.679668 0.612145 0.0532977 0.210217
10 0.734433 0.557624 0.0543673 0.125443
7 0.366238 0.615248 0.0514335 0.166002
7 0.57894 0.657358 0.0383841 0.206117
0 0.396554 0.657801 0.058768 0.184508
7 0.629793 0.616578 0.0455353 0.185949
10 0.727587 0.590869 0.0534811 0.152704
7 0.327854 0.589539 0.0547952 0.180408
7 0.384819 0.614362 0.0492637 0.174313
3 0.523687 0.160018 0.414402 0.258865
7 0.279935 0.464539 0.0573928 0.109597
7 0.421492 0.62234 0.0401567 0.18207
7 0.418558 0.433067 0.0433044 0.174535
10 0.633705 0.436614 0.0426932 0.15891
0 0.511951 0.433511 0.0433655 0.176862
10 0.370639 0.43484 0.0394232 0.174313
7 0.709495 0.445479 0.0856919 0.134863
6 0.546179 0.209774 0.668911 0.419548
7 0.283113 0.406028 0.0550091 0.171764
7 0.320764 0.399823 0.0410429 0.157026
7 0.552536 0.431294 0.0385064 0.171764
7 0.703138 0.597961 0.0870978 0.16578
5 0.535911 0.156472 0.544712 0.304743
7 0.333722 0.541667 0.0422348 0.142841
0 0.722208 0.382535 0.0600822 0.155253
0 0.360371 0.651596 0.0406456 0.170213
10 0.724653 0.449025 0.050914 0.142176
8 0.535911 0.156472 0.544712 0.304743
0 0.520264 0.664007 0.0533894 0.207336
0 0.632727 0.507092 0.048408 0.15625
6 0.514885 0.35328 0.597521 0.339982
0 0.604856 0.402482 0.0558342 0.17797
0 0.480657 0.671543 0.048408 0.253768
8 0.627837 0.618794 0.0476746 0.20512
7 0.290693 0.449468 0.0516474 0.136303
7 0.447407 0.430408 0.0372228 0.175532
10 0.629793 0.616578 0.0455353 0.185949
0 0.513418 0.339982 0.0509751 0.27859
7 0.509507 0.618351 0.0387203 0.181516
0 0.688469 0.39805 0.0548257 0.167996
7 0.55058 0.661348 0.0323331 0.214096
7 0.584319 0.625443 0.047919 0.17664
0 0.638106 0.656028 0.0389342 0.160793
0 0.326387 0.664007 0.0566899 0.264184
8 0.714874 0.417996 0.0500277 0.183067
7 0.54129 0.621897 0.0377424 0.177859
10 0.330788 0.441046 0.0373451 0.151485
10 0.284091 0.574911 0.0497221 0.188054
10 0.682602 0.613475 0.0544896 0.218196
10 0.680157 0.449025 0.0458104 0.161015
7 0.299983 0.403812 0.0611518 0.182846
10 0.366238 0.615248 0.0514335 0.166002
10 0.384819 0.614362 0.0492637 0.174313
9 0.421492 0.62234 0.0401567 0.18207
9 0.384819 0.614362 0.0492637 0.174313
9 0.366238 0.615248 0.0514335 0.166002
9 0.621481 0.620124 0.0513724 0.177416
10 0.421492 0.62234 0.0401567 0.18207
7 0.458654 0.618794 0.0418375 0.18883
8 0.633216 0.43617 0.0435794 0.174313
0 0.483591 0.337766 0.0595321 0.281028
9 0.63126 0.448582 0.0396982 0.165559
8 0.682602 0.613475 0.0544896 0.218196
9 0.509507 0.618351 0.0387203 0.181516
8 0.727587 0.590869 0.0534811 0.152704
9 0.730521 0.592642 0.057515 0.165115
10 0.707539 0.402482 0.0610295 0.158355
7 0.483591 0.618351 0.0413179 0.18074
9 0.703138 0.597961 0.0870978 0.16578
9 0.535911 0.156472 0.544712 0.304743
9 0.684558 0.435284 0.047155 0.174867
7 0.734433 0.566489 0.0651552 0.196254
9 0.370639 0.435284 0.0447713 0.19016
0 0.365994 0.513298 0.0525031 0.134419
10 0.703138 0.597961 0.0870978 0.16578
8 0.288248 0.578014 0.0629549 0.182846
6 0.496793 0.451684 0.872811 0.903369
9 0.734433 0.557624 0.0543673 0.125443
3 0.528087 0.568262 0.880635 0.699468
9 0.682602 0.613475 0.0544896 0.218196
10 0.327365 0.592199 0.0538784 0.189605
0 0.423937 0.548759 0.0385063 0.141068
10 0.609745 0.441046 0.0560176 0.16168
9 0.714874 0.425089 0.0551619 0.1957
10 0.580407 0.4375 0.0489886 0.178856
9 0.483591 0.618351 0.0413179 0.18074
0 0.507551 0.332447 0.0368561 0.221299
10 0.509507 0.618351 0.0387203 0.181516
7 0.297783 0.605496 0.0595321 0.201684
10 0.709495 0.445479 0.0856919 0.134863
7 0.47919 0.428635 0.0368867 0.172207
7 0.483591 0.399823 0.0446796 0.198471
7 0.515374 0.401596 0.0465132 0.200355
10 0.333722 0.541667 0.0422348 0.142841
0 0.753013 0.587323 0.072123 0.128435
9 0.284091 0.574911 0.0497221 0.188054
10 0.57894 0.657358 0.0383841 0.206117
10 0.320764 0.399823 0.0410429 0.157026
7 0.684558 0.537234 0.0490498 0.220301
9 0.328832 0.422429 0.0404928 0.168772
7 0.523687 0.160018 0.414402 0.258865
8 0.284825 0.543883 0.0518614 0.162123
8 0.327854 0.589539 0.0547952 0.180408
0 0.505106 0.170878 0.292648 0.341755
9 0.584319 0.625443 0.047919 0.17664
9 0.48408 0.385195 0.0415013 0.226064
0 0.682602 0.662677 0.0465133 0.212434
10 0.584319 0.625443 0.047919 0.17664
8 0.371128 0.629433 0.0451686 0.199579
7 0.6073 0.631206 0.0567205 0.187722
8 0.328832 0.422429 0.0404928 0.168772
9 0.458654 0.618794 0.0418375 0.18883
9 0.580407 0.4375 0.0489886 0.178856
9 0.602411 0.429965 0.0551924 0.170767
9 0.54129 0.621897 0.0377424 0.177859
7 0.368194 0.403812 0.0558037 0.160904
8 0.320764 0.399823 0.0410429 0.157026
5 0.519775 0.367908 0.633216 0.457004
0 0.465988 0.337766 0.0545507 0.227172
9 0.457187 0.391401 0.0416236 0.227172
1 0.631749 0.448582 0.0429988 0.180851
0 0.642017 0.402926 0.0576679 0.162566
8 0.421492 0.62234 0.0401567 0.18207
9 0.508529 0.386082 0.0397594 0.225621
9 0.540801 0.395833 0.0398816 0.223404
8 0.734433 0.557624 0.0543673 0.125443
9 0.708517 0.418883 0.0837972 0.164229
8 0.384819 0.614362 0.0492637 0.174313
9 0.320764 0.399823 0.0410429 0.157026
10 0.279935 0.464539 0.0573928 0.109597
7 0.59801 0.657358 0.0390564 0.164783
7 0.449852 0.408688 0.0539701 0.194592
10 0.54129 0.621897 0.0377424 0.177859
8 0.370884 0.433067 0.0378646 0.179189
10 0.418558 0.433067 0.0433044 0.174535
8 0.684558 0.435284 0.047155 0.174867
0 0.717319 0.180851 0.085753 0.304743
9 0.327854 0.589539 0.0547952 0.180408
9 0.482124 0.147163 0.38213 0.24867
8 0.725631 0.453901 0.051678 0.143285
10 0.290693 0.449468 0.0516474 0.136303
1 0.628815 0.617465 0.0491109 0.199468
8 0.291915 0.383422 0.0435794 0.213652
10 0.283113 0.406028 0.0550091 0.171764
10 0.299983 0.403812 0.0611518 0.182846
7 0.425893 0.660904 0.0444046 0.203901
8 0.586275 0.425532 0.0518308 0.174424
2 0.284336 0.574468 0.0453825 0.186835
7 0.383841 0.423759 0.0543368 0.186946
8 0.509507 0.618351 0.0387203 0.181516
0 0.743234 0.610816 0.0460242 0.121565
10 0.458654 0.618794 0.0418375 0.18883
1 0.680646 0.608156 0.0548257 0.223072
7 0.419536 0.412677 0.0620992 0.200798
4 0.370884 0.433067 0.0378646 0.179189
9 0.419047 0.39672 0.0455964 0.209331
0 0.748124 0.568262 0.0943711 0.145168
8 0.449363 0.406915 0.0460243 0.194703
9 0.57894 0.657358 0.0383841 0.206117
9 0.291915 0.383422 0.0435794 0.213652
2 0.685047 0.433511 0.0482247 0.186835
9 0.383841 0.423759 0.0543368 0.186946
7 0.753013 0.587323 0.072123 0.128435
10 0.684558 0.537234 0.0490498 0.220301
8 0.544712 0.643617 0.0395454 0.209441
8 0.581874 0.647606 0.0473689 0.203236
0 0.751058 0.625887 0.0538784 0.158134
1 0.731988 0.556738 0.0535727 0.12234
10 0.483591 0.618351 0.0413179 0.18074
1 0.421247 0.621011 0.0417764 0.182513
1 0.320764 0.400266 0.0429071 0.168661
4 0.513418 0.649823 0.76426 0.40625
8 0.609256 0.437943 0.0550091 0.15625
9 0.6073 0.631206 0.0567205 0.187722
8 0.299005 0.408245 0.0613351 0.197363
7 0.540801 0.395833 0.0398816 0.223404
11 0.682602 0.613475 0.0544896 0.218196
6 0.682602 0.613475 0.0544896 0.218196
5 0.684558 0.435727 0.0502417 0.180962
8 0.484569 0.400709 0.0523809 0.191822
1 0.730521 0.592642 0.057515 0.165115
1 0.684558 0.435727 0.0502417 0.180962
9 0.551069 0.410018 0.0478579 0.204012
5 0.369417 0.43617 0.0462382 0.189384
10 0.457187 0.391401 0.0416236 0.227172
