7 0.369178 0.544 0.0430207 0.064
7 0.304146 0.61 0.0340163 0.032
7 0.35417 0.614 0.0420202 0.029
7 0.397191 0.602 0.023011 0.027
7 0.275132 0.559 0.0260125 0.029
7 0.64531 0.553 0.0200095 0.032
0 0.276133 0.492 0.054026 0.163
0 0.316152 0.487 0.052025 0.183
0 0.361174 0.489 0.0580279 0.169
0 0.401193 0.482 0.0380183 0.17
0 0.424204 0.485 0.0370178 0.173
0 0.45722 0.481 0.029014 0.168
0 0.481231 0.479 0.0360173 0.177
0 0.513247 0.477 0.0370178 0.176
0 0.545262 0.475 0.0300145 0.176
0 0.574276 0.463 0.0330158 0.199
0 0.60329 0.476 0.0390188 0.174
0 0.640308 0.493 0.0510246 0.165
0 0.682328 0.494 0.0450215 0.158
0 0.726349 0.491 0.0460222 0.156
0 0.704339 0.669 0.0660318 0.18
0 0.654315 0.666 0.0670323 0.171
0 0.604291 0.668 0.0410198 0.18
0 0.579279 0.673 0.0400193 0.179
0 0.554267 0.685 0.0320153 0.2
0 0.527254 0.662 0.0340163 0.176
0 0.509245 0.66 0.0310149 0.161
0 0.493237 0.653 0.0330158 0.145
0 0.472227 0.65 0.0320154 0.142
0 0.445214 0.689 0.0390188 0.198
0 0.426205 0.678 0.0370178 0.192
0 0.397191 0.69 0.0420202 0.197
0 0.349168 0.684 0.0760365 0.183
0 0.298143 0.68 0.0660317 0.185
0 0.638052 0.457447 0.0433419 0.197363
0 0.485528 0.673316 0.0461619 0.182846
0 0.536533 0.671099 0.0437711 0.171099
0 0.735648 0.464982 0.0538862 0.189162
0 0.331532 0.679965 0.0738713 0.18484
0 0.719954 0.505762 0.0646757 0.244016
0 0.510049 0.47695 0.0467136 0.247119
0 0.656198 0.50266 0.0471121 0.231826
0 0.709165 0.473404 0.0878486 0.181294
0 0.35728 0.684397 0.0508517 0.160904
0 0.343057 0.486259 0.0629592 0.178191
0 0.475719 0.473404 0.0554188 0.216644
0 0.291071 0.474734 0.0997416 0.163564
0 0.596365 0.681294 0.0604151 0.191157
0 0.34085 0.481383 0.100109 0.157026
0 0.573315 0.45922 0.0548364 0.187611
4 0.507107 0.60195 0.951438 0.703901
7 0.362674 0.511968 0.0581468 0.0872673
0 0.68072 0.460106 0.0571047 0.204566
0 0.396759 0.464982 0.0572886 0.183178
5 0.49926 0.689716 0.825887 0.448138
0 0.671401 0.662234 0.105259 0.182403
0 0.471305 0.507092 0.0323991 0.230718
0 0.553698 0.447695 0.0437711 0.186835
0 0.45463 0.469415 0.0683539 0.198138
0 0.594404 0.526596 0.0367824 0.244681
0 0.656198 0.463652 0.105565 0.212655
0 0.334475 0.682181 0.137934 0.204012
6 0.507107 0.233599 0.620887 0.3668
0 0.415886 0.495567 0.0462232 0.204233
0 0.467382 0.683954 0.060507 0.203679
0 0.530157 0.554965 0.0336253 0.243351
0 0.26704 0.493794 0.0524149 0.213431
3 0.535552 0.361259 0.667968 0.267066
0 0.424714 0.681738 0.0733196 0.170213
0 0.417848 0.473404 0.0767526 0.19426
0 0.452669 0.50133 0.055143 0.166445
0 0.643937 0.5 0.04043 0.103225
0 0.603722 0.665337 0.0903621 0.200687
0 0.602741 0.453457 0.0934273 0.223515
0 0.731234 0.45523 0.0541621 0.125665
0 0.402399 0.678191 0.107221 0.20789
0 0.532119 0.672872 0.0825765 0.191489
0 0.322949 0.496454 0.0611507 0.121121
5 0.507107 0.60195 0.951438 0.703901
0 0.471796 0.51773 0.0510662 0.216644
10 0.364146 0.522606 0.0562771 0.0863808
0 0.455121 0.453014 0.0465604 0.202682
7 0.680229 0.491135 0.050116 0.130208
7 0.32393 0.503546 0.0650435 0.0997341
7 0.643447 0.496011 0.0476945 0.106272
0 0.468363 0.482269 0.109182 0.199357
7 0.273416 0.494681 0.0543153 0.141179
6 0.503674 0.339539 0.61353 0.312943
0 0.591951 0.427748 0.0460087 0.185505
0 0.535552 0.466312 0.0776109 0.223626
0 0.364146 0.522606 0.0562771 0.0863808
0 0.284696 0.670213 0.0829443 0.144393
0 0.46591 0.6875 0.0983316 0.193927
0 0.320497 0.453901 0.0535797 0.138741
7 0.706712 0.663564 0.0754039 0.166999
7 0.725839 0.488918 0.0536717 0.151042
7 0.360958 0.505762 0.050116 0.133422
0 0.545851 0.491578 0.0485528 0.157026
7 0.36341 0.56117 0.0537023 0.0783466
7 0.428638 0.488475 0.041043 0.153701
0 0.37518 0.509752 0.0700092 0.0873781
4 0.484547 0.695479 0.818041 0.43883
7 0.647861 0.661348 0.0671892 0.175864
10 0.37518 0.509752 0.0700092 0.0873781
0 0.705732 0.454344 0.064124 0.160793
6 0.497788 0.30984 0.789105 0.612145
0 0.514463 0.586436 0.0457328 0.186946
0 0.363165 0.558067 0.0579016 0.0856605
0 0.607155 0.50266 0.0433113 0.104167
7 0.296466 0.681294 0.0739939 0.162234
3 0.507107 0.233599 0.620887 0.3668
10 0.360958 0.505762 0.050116 0.133422
0 0.271209 0.453014 0.0586679 0.140071
10 0.32393 0.503546 0.0650435 0.0997341
0 0.48798 0.593528 0.0456408 0.163342
10 0.643937 0.5 0.04043 0.103225
7 0.306275 0.592199 0.055051 0.0710882
10 0.680229 0.491135 0.050116 0.130208
10 0.293769 0.680851 0.0766913 0.180629
7 0.35728 0.684397 0.0508517 0.160904
10 0.273416 0.494681 0.0543153 0.141179
7 0.527214 0.674202 0.041043 0.161347
7 0.607155 0.50266 0.0433113 0.104167
10 0.363165 0.558067 0.0579016 0.0856605
10 0.706712 0.663564 0.0754039 0.166999
7 0.297937 0.499113 0.0890134 0.123227
0 0.697885 0.490691 0.0803696 0.138963
7 0.661593 0.667996 0.0760169 0.147939
7 0.39725 0.68617 0.041748 0.180408
10 0.647861 0.661348 0.0671892 0.175864
7 0.486018 0.669326 0.0442308 0.196365
7 0.269002 0.542553 0.0525988 0.0949689
7 0.540456 0.672429 0.0457941 0.178635
9 0.364146 0.522606 0.0562771 0.0863808
7 0.509068 0.495567 0.0445373 0.212544
10 0.725839 0.488918 0.0536717 0.151042
7 0.440408 0.681294 0.0465604 0.185616
0 0.35164 0.70523 0.0356483 0.176308
7 0.697394 0.495567 0.07663 0.139628
10 0.35728 0.684397 0.0508517 0.160904
7 0.312896 0.484043 0.0478171 0.164229
0 0.362184 0.447252 0.0673118 0.14816
0 0.571844 0.493351 0.0475106 0.137301
7 0.731234 0.45523 0.0541621 0.125665
0 0.489451 0.232934 0.559092 0.335106
7 0.600289 0.669769 0.0475412 0.187722
10 0.39725 0.68617 0.041748 0.180408
0 0.269002 0.542553 0.0525988 0.0949689
0 0.55615 0.386525 0.419319 0.296543
0 0.294014 0.453901 0.0691509 0.134419
0 0.642466 0.421986 0.0564303 0.180962
10 0.306275 0.592199 0.055051 0.0710882
10 0.428638 0.488475 0.041043 0.153701
9 0.37518 0.509752 0.0700092 0.0873781
7 0.330796 0.681738 0.0823926 0.183511
9 0.39725 0.68617 0.041748 0.180408
7 0.452178 0.500443 0.0522617 0.17531
8 0.293769 0.682624 0.0840478 0.179965
7 0.545851 0.491578 0.0485528 0.157026
9 0.293033 0.679078 0.0711127 0.180629
7 0.684643 0.478723 0.0471121 0.199025
7 0.582633 0.675532 0.0545299 0.196587
8 0.706712 0.663564 0.0754039 0.166999
4 0.497788 0.30984 0.789105 0.612145
4 0.507597 0.341312 0.670911 0.334442
3 0.507107 0.601064 0.939177 0.722518
7 0.640014 0.472961 0.0434952 0.195035
9 0.273171 0.504876 0.0457328 0.173759
0 0.485037 0.719415 0.0389894 0.214761
7 0.477681 0.500886 0.0449358 0.204787
0 0.758208 0.464982 0.0567981 0.140514
9 0.322949 0.496454 0.0611507 0.121121
7 0.396514 0.463209 0.0598327 0.181738
9 0.64737 0.675089 0.0617638 0.167221
7 0.322214 0.573138 0.0651661 0.0817819
8 0.723387 0.469415 0.0548671 0.166223
9 0.35728 0.684397 0.0508517 0.160904
0 0.542908 0.596631 0.0484302 0.168551
10 0.312896 0.484043 0.0478171 0.164229
10 0.661593 0.667996 0.0760169 0.147939
7 0.321233 0.45922 0.0489206 0.121343
9 0.600779 0.672872 0.0405526 0.193373
7 0.422752 0.679078 0.0521084 0.178413
9 0.70426 0.660018 0.0654727 0.177416
0 0.255025 0.546986 0.0431887 0.175975
8 0.356789 0.680851 0.0560625 0.199025
10 0.297937 0.499113 0.0890134 0.123227
8 0.600289 0.669769 0.0475412 0.187722
10 0.607155 0.50266 0.0433113 0.104167
9 0.536533 0.671543 0.0388667 0.182292
10 0.440898 0.672872 0.0385602 0.179189
9 0.581652 0.673759 0.0523229 0.195811
10 0.731234 0.45523 0.0541621 0.125665
10 0.600779 0.672872 0.0405526 0.193373
9 0.524272 0.66711 0.0420852 0.190935
9 0.312896 0.484043 0.0478171 0.164229
9 0.724858 0.472074 0.0567368 0.176197
7 0.571844 0.493351 0.0475106 0.137301
7 0.604212 0.45656 0.0460087 0.193595
1 0.70377 0.673759 0.0700092 0.182513
8 0.440408 0.681294 0.0465604 0.185616
10 0.486018 0.669326 0.0442308 0.196365
9 0.440898 0.672872 0.0385602 0.179189
8 0.371993 0.517287 0.0601698 0.0989584
10 0.344528 0.68484 0.0567675 0.166777
9 0.360958 0.505762 0.050116 0.133422
8 0.647861 0.661348 0.0671892 0.175864
9 0.664535 0.66445 0.0698865 0.148271
0 0.757717 0.456117 0.0747296 0.204012
11 0.362674 0.511968 0.0581468 0.0872673
9 0.347961 0.488475 0.065534 0.180962
9 0.643937 0.5 0.04043 0.103225
10 0.527214 0.674202 0.041043 0.161347
1 0.293769 0.680851 0.0766913 0.180629
0 0.762622 0.424645 0.0510662 0.16035
7 0.732705 0.464539 0.064921 0.20789
0 0.0563997 0.765071 0.107405 0.430408
0 0.652274 0.576241 0.0587905 0.134863
9 0.48798 0.671543 0.0384989 0.1875
9 0.422752 0.679078 0.0521084 0.178413
10 0.540456 0.672429 0.0457941 0.178635
8 0.640014 0.472961 0.0434952 0.195035
8 0.485528 0.673316 0.0461619 0.182846
6 0.296466 0.681294 0.0739939 0.162234
10 0.684643 0.478723 0.0471121 0.199025
4 0.362674 0.511968 0.0581468 0.0872673
3 0.554679 0.345301 0.852371 0.5625
7 0.281508 0.496897 0.0526295 0.186281
7 0.347961 0.488475 0.065534 0.180962
10 0.269002 0.542553 0.0525988 0.0949689
9 0.332022 0.68617 0.0768752 0.192154
8 0.312896 0.484043 0.0478171 0.164229
9 0.680229 0.491135 0.050116 0.130208
10 0.634619 0.454787 0.0433419 0.197363
10 0.509068 0.495567 0.0445373 0.212544
8 0.395288 0.682181 0.0471121 0.203457
8 0.270473 0.491135 0.0525069 0.144836
8 0.511521 0.503103 0.0450891 0.195922
9 0.684643 0.478723 0.0471121 0.199025
8 0.540456 0.672872 0.0475106 0.178856
10 0.697394 0.495567 0.07663 0.139628
7 0.274887 0.457004 0.0514954 0.114694
1 0.647861 0.672872 0.0579936 0.185949
9 0.634619 0.454787 0.0433419 0.197363
9 0.428638 0.488475 0.041043 0.153701
6 0.704751 0.675089 0.0693961 0.165004
8 0.684643 0.478723 0.0471121 0.199025
0 0.604703 0.580674 0.0506984 0.151928
0 0.541927 0.60328 0.0315409 0.151485
10 0.322214 0.573138 0.0651661 0.0817819
10 0.581652 0.673759 0.0523229 0.195811
11 0.296466 0.681294 0.0739939 0.162234
9 0.573315 0.445922 0.0424836 0.197363
0 0.744966 0.51773 0.0584533 0.180519
9 0.70377 0.474291 0.087726 0.165559
10 0.422752 0.679078 0.0521084 0.178413
6 0.35728 0.684397 0.0508517 0.160904
11 0.704751 0.675089 0.0693961 0.165004
8 0.322949 0.496454 0.0611507 0.121121
7 0.553207 0.464982 0.0541008 0.192819
1 0.360958 0.505762 0.050116 0.133422
7 0.573315 0.445922 0.0424836 0.197363
11 0.64737 0.675089 0.0617638 0.167221
9 0.60127 0.443706 0.042545 0.192043
8 0.361939 0.50266 0.0517406 0.130652
11 0.360958 0.505762 0.050116 0.133422
9 0.363165 0.558067 0.0579016 0.0856605
6 0.39725 0.68617 0.041748 0.180408
9 0.299899 0.488032 0.0815343 0.145612
6 0.64737 0.675089 0.0617638 0.167221
9 0.509068 0.495567 0.0445373 0.212544
8 0.331532 0.679965 0.0738713 0.18484
1 0.273416 0.504876 0.0520471 0.173426
1 0.358261 0.683954 0.0556027 0.184286
8 0.643447 0.496011 0.0476945 0.106272
10 0.641485 0.476064 0.0436791 0.190935
0 0.243254 0.481383 0.073197 0.147939
7 0.35164 0.70523 0.0356483 0.176308
9 0.553207 0.449025 0.0456102 0.202238
3 0.49926 0.689716 0.825887 0.448138
0 0.301616 0.597518 0.0537636 0.0771831
6 0.361939 0.50266 0.0517406 0.130652
0 0.53359 0.403369 0.102684 0.221631
4 0.643447 0.496011 0.0476945 0.106272
1 0.398721 0.683511 0.0420546 0.193262
8 0.428147 0.488475 0.0437711 0.152704
3 0.293769 0.680851 0.0766913 0.180629
7 0.723878 0.513741 0.057074 0.269504
6 0.273171 0.504876 0.0457328 0.173759
8 0.478171 0.504876 0.0460393 0.199468
9 0.477681 0.500886 0.0449358 0.204787
4 0.270473 0.491135 0.0525069 0.144836
8 0.679739 0.488475 0.053028 0.13863
11 0.35728 0.684397 0.0508517 0.160904
4 0.64688 0.658245 0.0578097 0.178635
11 0.273171 0.504876 0.0457328 0.173759
0 0.452178 0.565159 0.0491965 0.176308
9 0.261645 0.482269 0.0594649 0.187832
10 0.321233 0.45922 0.0489206 0.121343
8 0.526724 0.674202 0.0400315 0.174313
