0 0.265242 0.502 0.0502353 0.143
10 0.349637 0.616 0.0281318 0.042
10 0.670138 0.619 0.0221035 0.0399999
0 0.316482 0.511 0.0542541 0.146
0 0.357675 0.508 0.0361694 0.159
0 0.393845 0.501 0.0411929 0.175
0 0.420972 0.492 0.0371741 0.203
0 0.454127 0.501 0.0261224 0.165
0 0.486277 0.505 0.0371741 0.168
0 0.523452 0.503 0.0371741 0.175
0 0.549574 0.507 0.0321505 0.139
0 0.584738 0.482 0.0411929 0.196
0 0.613875 0.503 0.0411929 0.165
0 0.644016 0.501 0.0452117 0.179
0 0.689228 0.506 0.0562635 0.159
0 0.741473 0.513 0.0602823 0.157
0 0.730421 0.66 0.0823858 0.138
0 0.673153 0.686 0.0663106 0.172
0 0.624927 0.679 0.0432023 0.16
0 0.596795 0.683 0.0371741 0.172
0 0.570673 0.692 0.0291365 0.191
0 0.543546 0.681 0.0251176 0.158
0 0.522447 0.674 0.0251176 0.142
0 0.501348 0.686 0.0281317 0.166
0 0.479244 0.678 0.0321506 0.146
0 0.452117 0.691 0.0321506 0.186
0 0.425995 0.691 0.0391835 0.188
0 0.396859 0.684 0.0421976 0.171
0 0.348633 0.682 0.0673153 0.171
0 0.297393 0.666 0.0632965 0.158
0 0.359104 0.493794 0.0517561 0.173316
0 0.605374 0.495567 0.0469116 0.196587
0 0.634318 0.682181 0.0473102 0.192487
0 0.544052 0.691489 0.0389703 0.228723
0 0.408652 0.684397 0.0579496 0.189716
0 0.520504 0.491135 0.0514494 0.212323
0 0.580355 0.694592 0.0435082 0.229388
0 0.448389 0.693706 0.0550062 0.202238
0 0.478805 0.488032 0.052216 0.196365
0 0.347575 0.506206 0.0489965 0.204012
0 0.486164 0.685727 0.0488739 0.203568
0 0.554845 0.489805 0.0478928 0.1916
0 0.462125 0.48227 0.0551595 0.187611
0 0.734396 0.660461 0.0553434 0.180186
0 0.726547 0.490248 0.0734642 0.183843
0 0.512655 0.66977 0.0413313 0.180629
0 0.284045 0.48094 0.0904505 0.163785
0 0.731453 0.541223 0.0528292 0.233599
4 0.514617 0.619681 0.933571 0.683511
5 0.511183 0.692819 0.851154 0.454787
0 0.676999 0.679078 0.0442441 0.1373
0 0.469975 0.690603 0.0455318 0.220191
0 0.407916 0.497784 0.0348618 0.195257
0 0.271045 0.494681 0.046237 0.197584
0 0.345367 0.498227 0.083521 0.165559
0 0.286743 0.513741 0.0620889 0.203125
6 0.504315 0.259087 0.614205 0.382757
0 0.471937 0.502216 0.0310597 0.19836
0 0.709377 0.666667 0.0972572 0.140625
0 0.659338 0.52305 0.0475248 0.203679
0 0.616657 0.6875 0.0654923 0.189827
0 0.414539 0.482713 0.0752425 0.180629
0 0.334575 0.678635 0.128286 0.20789
0 0.654432 0.490248 0.0818653 0.180186
0 0.53375 0.51773 0.0317957 0.208223
0 0.657376 0.680408 0.0807002 0.194371
3 0.527863 0.385638 0.6353 0.299424
0 0.470956 0.47695 0.0882429 0.19293
0 0.471446 0.692376 0.0751199 0.194925
0 0.304159 0.490248 0.0810068 0.159242
7 0.273007 0.491578 0.0524613 0.134198
0 0.293366 0.659131 0.0849315 0.211658
0 0.60145 0.492021 0.0836437 0.194371
0 0.397614 0.68617 0.10621 0.200355
0 0.535221 0.47961 0.092842 0.202017
7 0.727038 0.64805 0.0731576 0.11824
6 0.505787 0.343085 0.659338 0.360594
0 0.681904 0.71055 0.044428 0.196698
0 0.538656 0.523493 0.053933 0.201574
5 0.513145 0.60461 0.922779 0.728723
0 0.270309 0.455231 0.0548528 0.156028
4 0.494013 0.693262 0.836927 0.43883
0 0.54258 0.699468 0.0707047 0.189938
0 0.434653 0.715426 0.0448266 0.204676
0 0.596544 0.689716 0.07837 0.203679
0 0.739793 0.550532 0.0444893 0.193816
7 0.354934 0.606826 0.0386638 0.0797318
6 0.495975 0.294991 0.775115 0.589982
10 0.722132 0.642731 0.0749359 0.104555
7 0.740283 0.497784 0.0525226 0.178635
0 0.480277 0.720745 0.0388477 0.243351
7 0.676999 0.679078 0.0442441 0.1373
7 0.736359 0.608156 0.057367 0.100288
0 0.714283 0.684397 0.0585628 0.145833
10 0.273007 0.491578 0.0524613 0.134198
7 0.646583 0.491578 0.0442441 0.183511
7 0.359104 0.493794 0.0517561 0.173316
7 0.69466 0.678191 0.0816814 0.158245
0 0.426068 0.458777 0.0541783 0.182846
7 0.319367 0.504433 0.065247 0.160129
7 0.420917 0.488918 0.0440908 0.186946
0 0.61028 0.455674 0.0475249 0.183954
0 0.736359 0.608156 0.057367 0.100288
7 0.298517 0.680851 0.0741387 0.192598
0 0.747152 0.475621 0.0761624 0.179632
0 0.491069 0.458333 0.048322 0.19293
7 0.395897 0.492908 0.0508669 0.180186
7 0.691716 0.505319 0.0643272 0.163564
7 0.608808 0.492021 0.0434469 0.184397
7 0.349783 0.677305 0.0439068 0.159685
7 0.523448 0.494238 0.0429563 0.190714
7 0.481258 0.493794 0.0451639 0.179521
0 0.426558 0.459663 0.0338499 0.170656
7 0.460163 0.493794 0.0487513 0.179189
10 0.732925 0.666223 0.0794737 0.151263
7 0.71183 0.594858 0.0678225 0.0824468
3 0.504315 0.259087 0.614205 0.382757
0 0.259516 0.471188 0.0700915 0.172429
0 0.731453 0.60594 0.0585015 0.154809
7 0.340707 0.679078 0.0663508 0.182292
0 0.353953 0.612145 0.0334513 0.0771831
10 0.736359 0.608156 0.057367 0.100288
10 0.676999 0.679078 0.0442441 0.1373
7 0.580355 0.494238 0.0494258 0.191489
7 0.397859 0.687057 0.0397062 0.18207
7 0.67798 0.682181 0.0542703 0.1875
10 0.295574 0.679078 0.0735868 0.202238
10 0.354934 0.606826 0.0386638 0.0797318
0 0.402765 0.712323 0.035659 0.198692
7 0.55092 0.498227 0.0461144 0.193595
8 0.295083 0.671099 0.07837 0.201684
10 0.740283 0.497784 0.0525226 0.178635
0 0.518542 0.449911 0.0409633 0.192819
10 0.349783 0.677305 0.0439068 0.159685
9 0.722132 0.642731 0.0749359 0.104555
7 0.677489 0.600621 0.0407794 0.0897052
0 0.752548 0.375 0.0643885 0.177083
0 0.464578 0.455674 0.0428336 0.178524
0 0.743717 0.441933 0.0604025 0.18617
0 0.553373 0.448582 0.0590228 0.224512
0 0.394916 0.454344 0.0634073 0.177859
7 0.733415 0.652482 0.0681291 0.17664
0 0.519523 0.574911 0.0464517 0.229388
3 0.513145 0.60461 0.922779 0.728723
0 0.677489 0.600621 0.0407794 0.0897052
10 0.319367 0.504433 0.065247 0.160129
10 0.691716 0.505319 0.0643272 0.163564
0 0.258535 0.526596 0.0552515 0.156804
9 0.397859 0.687057 0.0397062 0.18207
10 0.71232 0.602837 0.0679452 0.0877659
10 0.359104 0.493794 0.0517561 0.173316
10 0.397859 0.687057 0.0397062 0.18207
0 0.35567 0.708777 0.0426497 0.212766
10 0.646583 0.491578 0.0442441 0.183511
7 0.634318 0.680408 0.0489965 0.192819
0 0.646092 0.445922 0.0579189 0.171764
10 0.420917 0.488918 0.0440908 0.186946
0 0.74617 0.337766 0.0724831 0.197363
8 0.349783 0.681294 0.0560793 0.199246
10 0.69466 0.678191 0.0816814 0.158245
9 0.676999 0.679078 0.0442441 0.1373
9 0.348066 0.678635 0.0605558 0.172983
7 0.257063 0.507092 0.0658602 0.103225
10 0.340707 0.679078 0.0663508 0.182292
9 0.269818 0.499557 0.0458691 0.151042
9 0.643149 0.505319 0.0425883 0.188054
10 0.395897 0.492908 0.0508669 0.180186
10 0.608808 0.492021 0.0434469 0.184397
7 0.270309 0.455231 0.0548528 0.156028
9 0.297781 0.678191 0.0711339 0.189051
0 0.350273 0.606383 0.0338806 0.147274
0 0.606846 0.718085 0.0457465 0.238032
10 0.67798 0.682181 0.0542703 0.1875
0 0.51707 0.581117 0.0325928 0.180186
0 0.327216 0.452571 0.0626101 0.173316
10 0.481258 0.493794 0.0451639 0.179521
9 0.324027 0.499557 0.0563552 0.166777
0 0.553863 0.240248 0.585261 0.426418
9 0.360575 0.498227 0.0505909 0.164229
9 0.739302 0.499557 0.0448267 0.175089
9 0.421407 0.496454 0.0431403 0.190714
10 0.523448 0.494238 0.0429563 0.190714
0 0.561713 0.340426 0.590166 0.359486
0 0.546995 0.570922 0.0419752 0.215426
7 0.430238 0.714539 0.0360882 0.196587
7 0.303668 0.489805 0.0831531 0.149823
8 0.67798 0.682181 0.0542703 0.1875
7 0.583789 0.691933 0.0423737 0.208887
8 0.359104 0.495567 0.0497937 0.166445
9 0.605865 0.493351 0.044612 0.202128
9 0.732434 0.659574 0.0567845 0.134309
8 0.727038 0.64805 0.0731576 0.11824
0 0.348556 0.705231 0.0382345 0.172872
8 0.740283 0.497784 0.0525226 0.178635
8 0.319367 0.504433 0.065247 0.160129
9 0.426558 0.68484 0.0439987 0.199801
7 0.486164 0.685727 0.0437228 0.207004
9 0.69466 0.675975 0.0770208 0.152371
8 0.269818 0.499557 0.0458691 0.151042
8 0.398841 0.679521 0.0430789 0.215758
9 0.397124 0.493351 0.0550981 0.179632
10 0.460163 0.493794 0.0487513 0.179189
1 0.295574 0.679078 0.0735868 0.202238
8 0.646583 0.491578 0.0442441 0.183511
8 0.421162 0.489362 0.0443667 0.181959
7 0.545033 0.68883 0.0377132 0.214096
4 0.505787 0.343085 0.659338 0.360594
9 0.69466 0.493794 0.057459 0.164229
7 0.430728 0.691933 0.0535957 0.202239
8 0.609299 0.493794 0.0446427 0.180297
7 0.731453 0.60594 0.0585015 0.154809
4 0.495975 0.294991 0.775115 0.589982
9 0.66964 0.682624 0.0632234 0.172207
10 0.580355 0.494238 0.0494258 0.191489
7 0.518051 0.6875 0.0472182 0.202793
0 0.671602 0.598848 0.0321329 0.180629
7 0.617639 0.688387 0.0602799 0.185616
7 0.25878 0.480496 0.0737708 0.140514
9 0.490579 0.678635 0.0404421 0.201684
9 0.480767 0.486702 0.0461757 0.190714
0 0.518542 0.727837 0.050223 0.285239
9 0.629903 0.673759 0.0457465 0.172097
9 0.521976 0.490248 0.0454398 0.203236
0 0.701528 0.442376 0.0735255 0.1834
8 0.691716 0.505319 0.0643272 0.163564
9 0.554845 0.491578 0.0474328 0.199246
7 0.44888 0.695479 0.0474635 0.209442
9 0.514127 0.672429 0.0399515 0.200133
8 0.676999 0.679078 0.0442441 0.1373
6 0.298517 0.680851 0.0741387 0.192598
8 0.634318 0.680408 0.0489965 0.192819
10 0.55092 0.498227 0.0461144 0.193595
8 0.522957 0.495567 0.0429563 0.177637
8 0.396388 0.492908 0.0503763 0.166113
9 0.462616 0.485816 0.0545462 0.189938
0 0.361311 0.450798 0.0621195 0.16578
9 0.540618 0.676418 0.0346165 0.202128
8 0.481748 0.494238 0.0467276 0.173426
10 0.426558 0.68484 0.0439987 0.199801
9 0.307593 0.50133 0.0723604 0.162345
10 0.629903 0.673759 0.0457465 0.172097
0 0.645111 0.566933 0.0478621 0.135527
9 0.580355 0.494238 0.0494258 0.191489
10 0.674055 0.605053 0.035567 0.0912567
0 0.257063 0.507092 0.0658602 0.103225
1 0.269573 0.499557 0.0463904 0.158688
9 0.736359 0.608156 0.057367 0.100288
11 0.298517 0.680851 0.0741387 0.192598
1 0.397859 0.68484 0.038909 0.180297
1 0.675036 0.676418 0.0522773 0.160793
0 0.71232 0.602837 0.0679452 0.0877659
8 0.734396 0.660461 0.0553434 0.180186
9 0.411105 0.683067 0.0573671 0.182624
11 0.724094 0.644504 0.0680678 0.11957
4 0.724094 0.644504 0.0680678 0.11957
8 0.544542 0.691046 0.0432936 0.222407
8 0.580845 0.494238 0.0492725 0.173759
4 0.268101 0.489805 0.0516028 0.140736
9 0.583789 0.681294 0.0411779 0.190935
6 0.676999 0.679078 0.0442441 0.1373
9 0.353953 0.612145 0.0334513 0.0771831
1 0.73783 0.500887 0.0473102 0.177416
7 0.731453 0.550089 0.0631621 0.217199
7 0.283064 0.490248 0.0862192 0.15359
6 0.269818 0.499557 0.0458691 0.151042
8 0.460163 0.493351 0.049947 0.166999
8 0.55092 0.497784 0.0461451 0.178856
3 0.511183 0.692819 0.851154 0.454787
7 0.286743 0.513741 0.0620889 0.203125
8 0.69466 0.675975 0.0770208 0.152371
0 0.545033 0.576684 0.0292354 0.184619
8 0.44888 0.695479 0.0474635 0.209442
0 0.487145 0.582447 0.0554967 0.192154
7 0.25878 0.510638 0.0503763 0.144614
3 0.295574 0.679078 0.0735868 0.202238
1 0.34782 0.678635 0.0529825 0.180629
9 0.44888 0.695479 0.0474635 0.209442
7 0.325744 0.573582 0.0537797 0.0866024
8 0.283309 0.494238 0.076101 0.152482
10 0.303668 0.489805 0.0831531 0.149823
1 0.645602 0.503103 0.0424044 0.182292
9 0.682395 0.509752 0.0600652 0.145612
0 0.710849 0.593972 0.0756718 0.159464
1 0.731453 0.64805 0.080271 0.140071
7 0.411105 0.683067 0.0573671 0.182624
5 0.26712 0.479167 0.0554661 0.175754
11 0.269573 0.499557 0.0463904 0.158688
9 0.286743 0.513741 0.0620889 0.203125
0 0.269328 0.547872 0.0520933 0.140071
10 0.490579 0.678635 0.0404421 0.201684
6 0.397859 0.687057 0.0397062 0.18207
4 0.646092 0.491578 0.0436922 0.181184
10 0.270309 0.455231 0.0548528 0.156028
9 0.71232 0.602837 0.0679452 0.0877659
10 0.540618 0.676418 0.0346165 0.202128
8 0.486164 0.685727 0.0488739 0.203568
2 0.298027 0.678635 0.0794124 0.184286
9 0.284045 0.48094 0.0904505 0.163785
3 0.54209 0.359929 0.781492 0.569149
4 0.298517 0.680851 0.0741387 0.192598
