7 0.335008 0.505 0.0340008 0.057
8 0.330008 0.664 0.0640015 0.121
9 0.356008 0.592 0.0560013 0.063
0 0.271006 0.383 0.0510012 0.0899999
0 0.299007 0.437 0.0500012 0.15
0 0.345008 0.45 0.0500012 0.171
0 0.378009 0.445 0.0380009 0.184
0 0.40501 0.451 0.0330008 0.184
0 0.42901 0.454 0.0340008 0.201
0 0.461011 0.475 0.0290007 0.143
0 0.487011 0.469 0.0290007 0.189
0 0.519012 0.47 0.0330008 0.182
0 0.546013 0.462 0.0370008 0.156
0 0.610014 0.448 0.0360009 0.176
0 0.636015 0.439 0.041001 0.17
0 0.678016 0.432 0.042001 0.15
0 0.716017 0.387 0.0500012 0.094
0 0.759018 0.557 0.0480011 0.0889999
0 0.719017 0.584 0.086002 0.151
0 0.666016 0.63 0.080002 0.172
0 0.617015 0.641 0.0370008 0.169
0 0.592014 0.636 0.0380009 0.158
0 0.562013 0.647 0.0320007 0.176
0 0.537013 0.645 0.0290007 0.157
0 0.516012 0.641 0.0220005 0.13
0 0.496012 0.64 0.0270006 0.129
0 0.476011 0.644 0.0290006 0.14
0 0.450011 0.658 0.0300007 0.181
0 0.42101 0.656 0.0310007 0.17
0 0.395009 0.659 0.0370009 0.176
0 0.332008 0.669 0.0770018 0.126
0 0.291007 0.61 0.0880021 0.173
0 0.246006 0.576 0.0550012 0.104
0 0.581014 0.446 0.0300007 0.188
0 0.607436 0.644947 0.0523389 0.215204
0 0.418955 0.444592 0.0414439 0.177416
0 0.628433 0.41844 0.0545057 0.183178
0 0.688004 0.601507 0.0797138 0.177083
0 0.389658 0.436614 0.048341 0.184286
0 0.448741 0.64672 0.0429393 0.240027
0 0.747088 0.559397 0.0550855 0.143728
0 0.415293 0.645833 0.0507519 0.196698
0 0.658707 0.420213 0.0622573 0.165337
0 0.285651 0.413121 0.066774 0.15348
0 0.4463 0.445035 0.042573 0.179965
0 0.51759 0.612589 0.0349129 0.228723
0 0.571303 0.660018 0.0383615 0.205563
0 0.301033 0.411348 0.0787372 0.169437
0 0.572279 0.641844 0.0578322 0.208777
0 0.485851 0.449025 0.0419626 0.187943
0 0.458019 0.619238 0.037568 0.199579
0 0.274421 0.385195 0.0614028 0.135417
0 0.405771 0.425532 0.0450145 0.200355
0 0.475597 0.638298 0.0468456 0.227837
0 0.646988 0.632536 0.0722063 0.17941
0 0.75783 0.554965 0.0661637 0.117797
0 0.594252 0.624557 0.0480053 0.22141
7 0.35621 0.592642 0.0435191 0.0674313
0 0.689469 0.417553 0.0626846 0.138187
0 0.483898 0.607713 0.0389413 0.198803
0 0.323494 0.638298 0.0811787 0.155363
0 0.594252 0.427305 0.0555738 0.18207
0 0.352547 0.650709 0.0637832 0.170878
0 0.334969 0.425089 0.0704973 0.171432
0 0.613296 0.424645 0.071657 0.18484
0 0.257086 0.579344 0.0391245 0.100565
0 0.342537 0.619238 0.0649429 0.200687
0 0.597182 0.648936 0.0861227 0.194814
0 0.719744 0.413121 0.0538343 0.124889
0 0.549818 0.640957 0.0606094 0.220966
0 0.260504 0.595745 0.0635391 0.125111
6 0.522473 0.196809 0.543958 0.361924
4 0.491223 0.548316 0.877462 0.73094
0 0.67775 0.399823 0.0527967 0.14262
0 0.413828 0.609043 0.0310676 0.217199
0 0.542493 0.617021 0.0411997 0.207225
0 0.534192 0.583777 0.0343942 0.268617
10 0.35621 0.592642 0.0435191 0.0674313
0 0.72658 0.393174 0.0540174 0.133311
7 0.255133 0.578901 0.0514539 0.090758
0 0.544446 0.672429 0.0383615 0.219747
7 0.752459 0.549202 0.0672623 0.107768
0 0.406504 0.652482 0.0858785 0.185505
0 0.277106 0.608156 0.0761737 0.142398
0 0.396982 0.4375 0.0988793 0.19293
3 0.500012 0.335993 0.603042 0.320035
0 0.472179 0.584663 0.0260473 0.242686
0 0.254156 0.55984 0.0490124 0.110372
5 0.493176 0.563387 0.871114 0.668883
0 0.420176 0.619238 0.0352181 0.179854
10 0.757342 0.564273 0.0540479 0.106882
7 0.277594 0.390071 0.0662858 0.125665
7 0.723162 0.385195 0.0520337 0.115692
0 0.540052 0.440603 0.1095 0.19703
0 0.711443 0.563387 0.0624404 0.114916
7 0.305183 0.433511 0.0520947 0.156028
0 0.456065 0.643617 0.0809346 0.193152
0 0.464366 0.445035 0.105471 0.202017
0 0.52345 0.507536 0.0424509 0.185173
7 0.338143 0.66578 0.0578627 0.12223
0 0.761737 0.578901 0.0539868 0.12234
7 0.328621 0.612589 0.0832539 0.106161
7 0.299812 0.622784 0.0745867 0.150377
7 0.727556 0.571365 0.103396 0.131981
7 0.691423 0.612145 0.0806294 0.153812
0 0.262213 0.450355 0.0571608 0.176973
0 0.741717 0.501773 0.063417 0.193152
7 0.27613 0.613032 0.0699479 0.134419
7 0.272223 0.389184 0.0470897 0.0888187
7 0.68068 0.431738 0.0412913 0.151042
10 0.298347 0.62367 0.0773334 0.16168
0 0.485363 0.503546 0.0435801 0.188165
7 0.355721 0.666223 0.0590224 0.140514
10 0.746111 0.55984 0.0856344 0.110871
7 0.343026 0.507092 0.0467235 0.0798426
3 0.501477 0.219858 0.563978 0.371897
7 0.712907 0.562943 0.065065 0.102117
0 0.483898 0.409131 0.289313 0.242243
10 0.724138 0.386968 0.0474865 0.104167
0 0.473156 0.587766 0.0495617 0.236702
10 0.255133 0.578901 0.0514539 0.090758
7 0.674332 0.622341 0.0768451 0.154366
7 0.609389 0.651596 0.0415659 0.214207
4 0.504895 0.344858 0.64064 0.394725
6 0.500012 0.335993 0.603042 0.320035
7 0.352303 0.530142 0.0595412 0.0824468
7 0.668961 0.649823 0.0622268 0.172983
0 0.356454 0.596631 0.0494091 0.0658245
7 0.711931 0.590869 0.0675675 0.188165
7 0.413096 0.656915 0.039216 0.185949
10 0.329598 0.615248 0.0868551 0.116467
0 0.636734 0.39805 0.0463268 0.172651
3 0.464855 0.41844 0.692887 0.314716
10 0.272223 0.389184 0.0470897 0.0888187
10 0.305183 0.433511 0.0520947 0.156028
10 0.277594 0.390071 0.0662858 0.125665
7 0.324226 0.639184 0.0769672 0.133533
7 0.628433 0.431294 0.0493481 0.161015
10 0.727556 0.571365 0.103396 0.131981
7 0.396005 0.66445 0.0484631 0.17531
7 0.691423 0.409131 0.0781268 0.141068
6 0.48634 0.398382 0.851094 0.796764
10 0.711443 0.563387 0.0624404 0.114916
10 0.674332 0.622341 0.0768451 0.154366
7 0.390146 0.433511 0.0419016 0.183511
0 0.376962 0.594415 0.0659806 0.0816711
7 0.347664 0.43883 0.0501721 0.180186
10 0.338143 0.66578 0.0578627 0.12223
7 0.568861 0.656028 0.0409251 0.213098
7 0.337899 0.443706 0.053346 0.132203
7 0.376962 0.594415 0.0659806 0.0816711
7 0.580092 0.439716 0.0403147 0.195257
10 0.691423 0.612145 0.0806294 0.153812
7 0.67775 0.399823 0.0527967 0.14262
7 0.451183 0.656472 0.0312202 0.18617
7 0.249518 0.557181 0.050935 0.0971299
0 0.497082 0.202571 0.563002 0.340869
0 0.355965 0.399379 0.0586256 0.163785
6 0.536634 0.242575 0.708513 0.485151
0 0.358407 0.401153 0.0339363 0.154809
10 0.338875 0.517731 0.0464489 0.0634974
7 0.260504 0.595745 0.0635391 0.125111
0 0.575209 0.485372 0.0364999 0.166002
0 0.526868 0.671543 0.0476391 0.243351
0 0.454112 0.50133 0.0405893 0.196365
9 0.754901 0.559841 0.0489819 0.102671
9 0.744158 0.554521 0.0828877 0.114029
7 0.423594 0.440603 0.0393686 0.203236
9 0.72658 0.573138 0.0921653 0.148825
10 0.68068 0.431738 0.0412913 0.151042
10 0.35035 0.544326 0.0548414 0.0825576
0 0.422862 0.496011 0.0381174 0.157469
10 0.712907 0.595301 0.0688493 0.169215
10 0.27613 0.613032 0.0699479 0.134419
7 0.350106 0.597961 0.0483715 0.102892
0 0.324226 0.398936 0.0620437 0.140736
7 0.541028 0.452128 0.0454722 0.191268
9 0.255133 0.578901 0.0514539 0.090758
7 0.606948 0.445479 0.0636001 0.158355
0 0.270026 0.448138 0.0780048 0.125443
10 0.355721 0.666223 0.0590224 0.140514
7 0.307624 0.658688 0.0553297 0.136303
9 0.328621 0.612589 0.0832539 0.106161
0 0.541028 0.496011 0.0422374 0.195257
0 0.350106 0.597961 0.0483715 0.102892
0 0.619155 0.399823 0.0460826 0.181959
8 0.669938 0.62633 0.0823383 0.167553
0 0.3274 0.400266 0.0384836 0.155142
0 0.39332 0.401596 0.0566115 0.175421
0 0.353036 0.684397 0.0498059 0.152371
9 0.299812 0.622784 0.0745867 0.150377
4 0.466808 0.431738 0.692887 0.353945
7 0.689958 0.457447 0.0653702 0.113032
9 0.690446 0.613032 0.0751361 0.16434
0 0.338875 0.517731 0.0464489 0.0634974
7 0.485851 0.448138 0.0378732 0.204787
10 0.668961 0.649823 0.0622268 0.172983
9 0.274421 0.385195 0.0614028 0.135417
0 0.395273 0.397606 0.0331734 0.152482
8 0.753924 0.553191 0.0612503 0.129322
0 0.689958 0.457447 0.0653702 0.113032
7 0.645035 0.634309 0.0694597 0.178635
9 0.674332 0.622341 0.0768451 0.154366
0 0.534681 0.407358 0.0756854 0.326684
0 0.472179 0.406915 0.0643326 0.326684
10 0.609389 0.651596 0.0415659 0.214207
7 0.270026 0.448138 0.0780048 0.125443
9 0.324715 0.639184 0.0745867 0.133644
7 0.451183 0.449911 0.0402231 0.201684
0 0.765155 0.508422 0.0498974 0.165226
11 0.35621 0.592642 0.0435191 0.0674313
9 0.711931 0.590869 0.0675675 0.188165
0 0.273688 0.33156 0.0695207 0.148936
6 0.5005 0.123338 0.589858 0.246676
10 0.347664 0.43883 0.0501721 0.180186
9 0.581068 0.448582 0.0397043 0.185616
8 0.691423 0.612145 0.0806294 0.153812
9 0.711443 0.563387 0.0624404 0.114916
3 0.495617 0.56117 0.8467 0.694592
9 0.722673 0.380762 0.0452892 0.107602
10 0.390146 0.433511 0.0419016 0.183511
10 0.413096 0.656915 0.039216 0.185949
5 0.534681 0.220523 0.569349 0.349734
7 0.297126 0.41844 0.0782489 0.150155
9 0.41749 0.445922 0.0404978 0.195035
8 0.712907 0.595301 0.0688493 0.169215
9 0.271979 0.390071 0.0476086 0.0960771
9 0.48341 0.452128 0.0348824 0.200355
10 0.628433 0.431294 0.0493481 0.161015
1 0.298347 0.62367 0.0773334 0.16168
8 0.299812 0.622784 0.0745867 0.150377
7 0.458019 0.619238 0.037568 0.199579
10 0.67775 0.399823 0.0527967 0.14262
9 0.400888 0.662677 0.0429393 0.192819
10 0.580092 0.439716 0.0403147 0.195257
7 0.522473 0.462766 0.0455333 0.179965
7 0.542982 0.667996 0.041627 0.222739
8 0.629409 0.414894 0.0530103 0.17254
8 0.727556 0.571365 0.103396 0.131981
9 0.389414 0.438387 0.0482189 0.192265
0 0.314216 0.663121 0.0534986 0.130098
8 0.677262 0.427748 0.0440379 0.16977
9 0.302497 0.425532 0.0531934 0.176973
9 0.54347 0.450355 0.0426341 0.185949
7 0.395029 0.511082 0.0498974 0.0999557
10 0.253424 0.554965 0.0397958 0.11281
0 0.35035 0.544326 0.0548414 0.0825576
9 0.351571 0.433067 0.0514233 0.165004
10 0.337899 0.443706 0.053346 0.132203
7 0.51759 0.608156 0.03415 0.219969
7 0.334725 0.426418 0.0712908 0.153701
9 0.445811 0.446365 0.0398264 0.196587
9 0.646011 0.634309 0.073366 0.180629
8 0.302253 0.427305 0.0569777 0.151042
10 0.396005 0.66445 0.0484631 0.17531
10 0.376962 0.594415 0.0659806 0.0816711
7 0.521008 0.500887 0.0354012 0.192043
10 0.691423 0.409131 0.0781268 0.141068
1 0.673844 0.623227 0.0889303 0.193373
8 0.609878 0.645833 0.0475475 0.205895
10 0.423594 0.440603 0.0393686 0.203236
11 0.299812 0.622784 0.0745867 0.150377
9 0.610366 0.628546 0.0426341 0.16035
6 0.299812 0.622784 0.0745867 0.150377
7 0.478527 0.634309 0.0437937 0.202128
8 0.72365 0.390071 0.0510876 0.119238
9 0.677262 0.427748 0.0440379 0.16977
6 0.356454 0.596631 0.0494091 0.0658245
8 0.254156 0.55984 0.0490124 0.110372
9 0.301033 0.411348 0.0787372 0.169437
9 0.747088 0.559397 0.0550855 0.143728
4 0.35621 0.592642 0.0435191 0.0674313
9 0.51759 0.451241 0.0426646 0.178856
9 0.458019 0.619238 0.037568 0.199579
9 0.51759 0.608156 0.03415 0.219969
8 0.414805 0.657801 0.0435191 0.184508
11 0.757342 0.564273 0.0540479 0.106882
10 0.568861 0.656028 0.0409251 0.213098
8 0.580092 0.440603 0.0395517 0.186503
10 0.541028 0.452128 0.0454722 0.191268
0 0.425303 0.400266 0.0615554 0.19703
8 0.279303 0.386525 0.0689714 0.14273
8 0.349618 0.441489 0.0496533 0.178635
11 0.674332 0.622341 0.0768451 0.154366
1 0.711931 0.595745 0.070009 0.181738
8 0.570814 0.657801 0.0446178 0.206671
9 0.688981 0.404255 0.0790424 0.149934
11 0.746111 0.55984 0.0856344 0.110871
9 0.415293 0.646277 0.0460826 0.200355
7 0.676286 0.531028 0.0507519 0.0754654
6 0.754901 0.559841 0.0489819 0.102671
10 0.451183 0.656472 0.0312202 0.18617
8 0.285895 0.420213 0.0730608 0.13719
8 0.258063 0.597518 0.0561842 0.131649
10 0.645035 0.634309 0.0694597 0.178635
1 0.757342 0.564273 0.0540479 0.106882
9 0.277106 0.608156 0.0761737 0.142398
9 0.352547 0.650709 0.0637832 0.170878
8 0.35621 0.592642 0.0435191 0.0674313
4 0.257086 0.579344 0.0391245 0.100565
