0 0.40933 0.453 0.0390314 0.164
0 0.433349 0.437 0.0400323 0.184
0 0.461371 0.458 0.0390315 0.146
0 0.487392 0.449 0.036029 0.174
0 0.538433 0.452 0.0400322 0.143
0 0.570459 0.436 0.0420339 0.195
0 0.590475 0.453 0.0480386 0.18
0 0.710572 0.566 0.0590475 0.156
0 0.659531 0.564 0.0610492 0.165
0 0.615495 0.56 0.0550442 0.162
0 0.391315 0.557 0.0320258 0.145
0 0.351283 0.562 0.0580467 0.172
7 0.679547 0.547 0.0220177 0.04
0 0.475969 0.426862 0.0509749 0.193262
0 0.580545 0.435727 0.0448359 0.175421
0 0.421726 0.43883 0.049234 0.167996
0 0.526303 0.41844 0.0481955 0.199025
0 0.504312 0.650709 0.0446221 0.208444
0 0.476458 0.423759 0.0737288 0.232934
0 0.457888 0.43617 0.0539375 0.156472
0 0.392406 0.561614 0.0465463 0.168994
0 0.677303 0.554521 0.0924206 0.186724
0 0.577613 0.439716 0.0691475 0.192598
0 0.618662 0.527926 0.0419955 0.134752
4 0.504312 0.58422 0.958291 0.640514
0 0.647983 0.519947 0.0530823 0.172207
0 0.604002 0.45656 0.0468822 0.147717
6 0.496005 0.210328 0.628436 0.377216
0 0.457399 0.422872 0.0770884 0.206671
0 0.344271 0.552748 0.0491118 0.130873
0 0.356977 0.51906 0.0635888 0.157247
0 0.533144 0.430408 0.100423 0.195922
0 0.614753 0.500443 0.0494783 0.212988
0 0.485254 0.647606 0.0609927 0.189827
5 0.494539 0.586436 0.933857 0.573138
3 0.498448 0.347518 0.690009 0.339982
0 0.379212 0.536348 0.0583355 0.206006
0 0.651403 0.54078 0.074645 0.121565
0 0.466196 0.646277 0.0424841 0.152593
5 0.509688 0.695922 0.858601 0.404477
0 0.325457 0.56383 0.059771 0.175643
0 0.507244 0.610372 0.0416596 0.145058
4 0.492095 0.389184 0.933857 0.694149
3 0.491607 0.212323 0.621594 0.372784
7 0.712488 0.571365 0.0586715 0.159353
0 0.356732 0.500887 0.0600459 0.0971299
4 0.497959 0.350177 0.740342 0.391844
0 0.739365 0.569592 0.0638331 0.199579
0 0.483299 0.613032 0.0517995 0.141733
0 0.485254 0.399823 0.0367117 0.189827
7 0.65629 0.550532 0.055037 0.128879
7 0.616219 0.531028 0.0401935 0.121343
7 0.659222 0.508422 0.050303 0.0723072
7 0.344271 0.552748 0.0491118 0.130873
0 0.409021 0.501773 0.0468211 0.126773
7 0.527769 0.439716 0.0452024 0.154809
7 0.355266 0.5 0.0609927 0.0776264
0 0.480367 0.678635 0.0448664 0.189384
7 0.580545 0.437057 0.0486842 0.174535
0 0.469128 0.515514 0.0302367 0.231383
10 0.712488 0.571365 0.0586715 0.159353
7 0.47548 0.435727 0.0497532 0.177416
0 0.491607 0.173316 0.513597 0.280142
6 0.492095 0.389184 0.933857 0.694149
7 0.421726 0.44016 0.0526547 0.176862
0 0.531678 0.487589 0.0333826 0.216866
0 0.659222 0.504433 0.0521966 0.0871565
0 0.647983 0.498227 0.0646883 0.0928081
7 0.648471 0.500887 0.0577858 0.0770723
7 0.620617 0.562057 0.0430339 0.180962
10 0.659222 0.508422 0.050303 0.0723072
0 0.706135 0.211879 0.10311 0.269282
6 0.502357 0.126551 0.63039 0.243129
0 0.50138 0.650266 0.0682923 0.149934
7 0.393139 0.548759 0.0363452 0.120678
6 0.498448 0.347518 0.690009 0.339982
7 0.402668 0.458333 0.0495088 0.151928
10 0.651403 0.54078 0.074645 0.121565
7 0.456911 0.439716 0.0561365 0.167553
7 0.540963 0.441046 0.0512497 0.166999
0 0.518972 0.684841 0.0324358 0.169437
0 0.455933 0.602837 0.051036 0.129765
10 0.355266 0.5 0.0609927 0.0776264
0 0.518972 0.685284 0.118809 0.153369
10 0.3538 0.560727 0.0523187 0.138741
0 0.336941 0.496897 0.0629169 0.105607
0 0.452513 0.832447 0.0636499 0.241135
0 0.480856 0.662677 0.0272283 0.191157
4 0.507733 0.687943 0.863488 0.397828
0 0.425391 0.404255 0.068781 0.149158
7 0.392894 0.558511 0.0423315 0.176862
7 0.650426 0.564716 0.0657267 0.178413
7 0.604002 0.45656 0.0468822 0.147717
7 0.350868 0.566046 0.056503 0.176308
0 0.414152 0.576684 0.0568084 0.132425
0 0.452513 0.825355 0.056839 0.153258
9 0.712488 0.571365 0.0586715 0.159353
10 0.648471 0.500887 0.0577858 0.0770723
0 0.447137 0.862589 0.0612065 0.162566
0 0.491118 0.693262 0.129743 0.142952
7 0.578591 0.501773 0.0440724 0.0954123
10 0.654335 0.552305 0.0499365 0.161126
10 0.616219 0.531028 0.0401935 0.121343
0 0.539985 0.400709 0.0523187 0.187168
7 0.336941 0.496897 0.0629169 0.105607
0 0.474992 0.528369 0.0535404 0.209885
0 0.461309 0.694592 0.0589464 0.200798
9 0.654335 0.552305 0.0499365 0.161126
10 0.580545 0.437057 0.0486842 0.174535
7 0.409021 0.501773 0.0468211 0.126773
9 0.651403 0.54078 0.074645 0.121565
8 0.714931 0.571809 0.0727514 0.190935
10 0.421726 0.44016 0.0526547 0.176862
0 0.430767 0.402039 0.0414457 0.126995
10 0.47548 0.435727 0.0497532 0.177416
0 0.578591 0.501773 0.0440724 0.0954123
9 0.344271 0.552748 0.0491118 0.130873
0 0.540474 0.639184 0.0585799 0.174867
0 0.521905 0.826241 0.0683534 0.253325
10 0.527769 0.439716 0.0452024 0.154809
10 0.393139 0.548759 0.0363452 0.120678
9 0.424658 0.443262 0.0493867 0.173537
0 0.605468 0.625887 0.0537848 0.148936
8 0.349158 0.566046 0.0560754 0.167996
10 0.540963 0.441046 0.0512497 0.166999
9 0.576636 0.444149 0.0485009 0.169991
0 0.328389 0.601507 0.0617257 0.160129
0 0.715908 0.217199 0.136096 0.173537
0 0.703691 0.245346 0.108913 0.157026
1 0.71151 0.571809 0.0699415 0.171099
7 0.465707 0.643617 0.0440723 0.151707
10 0.456911 0.439716 0.0561365 0.167553
7 0.507244 0.610372 0.0416596 0.145058
3 0.499914 0.584663 0.941187 0.609929
10 0.405844 0.436614 0.0493256 0.158245
6 0.712488 0.571365 0.0586715 0.159353
7 0.594228 0.429521 0.0447748 0.177637
0 0.701248 0.593972 0.0491729 0.222629
5 0.487697 0.190381 0.584455 0.303192
11 0.712488 0.571365 0.0586715 0.159353
0 0.402912 0.589539 0.0535404 0.141955
9 0.536565 0.43484 0.0477374 0.178856
9 0.393139 0.548759 0.0363452 0.120678
9 0.405844 0.436614 0.0493256 0.158245
8 0.476458 0.43617 0.0481955 0.180629
10 0.620617 0.562057 0.0430339 0.180962
9 0.616219 0.531028 0.0401935 0.121343
7 0.504312 0.640071 0.0408043 0.215426
8 0.663131 0.568706 0.0594045 0.171764
8 0.580545 0.435727 0.0448359 0.175421
7 0.483299 0.613032 0.0517995 0.141733
9 0.525814 0.421543 0.0465157 0.194703
9 0.356732 0.500887 0.0600459 0.0971299
9 0.47548 0.426418 0.0466684 0.188276
8 0.421726 0.44016 0.0526547 0.176862
0 0.540474 0.820035 0.0700637 0.267066
0 0.71884 0.222518 0.0668262 0.197141
9 0.664109 0.566933 0.0594961 0.181516
9 0.659222 0.504433 0.0521966 0.0871565
0 0.614753 0.624114 0.0915043 0.164561
9 0.350868 0.566046 0.056503 0.176308
5 0.497959 0.350177 0.740342 0.391844
9 0.457888 0.43617 0.0539375 0.156472
10 0.338163 0.493351 0.0614508 0.0905918
8 0.54194 0.440603 0.0507 0.167332
5 0.492095 0.389184 0.933857 0.694149
0 0.3042 0.531915 0.0800205 0.159131
0 0.640652 0.602837 0.0477985 0.242021
0 0.52728 0.85461 0.0611454 0.136746
10 0.604002 0.45656 0.0468822 0.147717
9 0.647983 0.498227 0.0646883 0.0928081
8 0.659222 0.504433 0.0521966 0.0871565
2 0.345493 0.565603 0.0485315 0.164561
10 0.392894 0.558511 0.0423315 0.176862
0 0.583966 0.392287 0.066643 0.191268
8 0.531678 0.426418 0.0481344 0.186059
0 0.711999 0.486259 0.0598321 0.109209
10 0.578591 0.501773 0.0440724 0.0954123
7 0.485254 0.647606 0.0609927 0.189827
0 0.68219 0.20789 0.14929 0.345966
7 0.355755 0.49867 0.0705524 0.116356
2 0.711999 0.567376 0.0606873 0.18617
3 0.507733 0.687943 0.863488 0.397828
0 0.404134 0.602394 0.104271 0.13719
8 0.618662 0.527926 0.0419955 0.134752
1 0.351601 0.560284 0.0585493 0.172651
4 0.712488 0.571365 0.0586715 0.159353
7 0.716397 0.5 0.0497532 0.0751884
0 0.581523 0.49867 0.0502419 0.143506
8 0.504312 0.649823 0.0437364 0.221742
8 0.392406 0.561614 0.0465463 0.168994
0 0.465218 0.802305 0.0626725 0.257757
6 0.3538 0.560727 0.0523187 0.138741
12 0.712488 0.571365 0.0586715 0.159353
8 0.403401 0.457447 0.0444694 0.162345
9 0.620617 0.562057 0.0430339 0.180962
8 0.620617 0.56516 0.0443167 0.176973
8 0.457888 0.43617 0.0539375 0.156472
0 0.348669 0.601064 0.0616035 0.161126
8 0.594717 0.433067 0.0440723 0.181959
0 0.584944 0.39539 0.0403462 0.185173
0 0.481345 0.818262 0.0905881 0.218528
11 0.3538 0.560727 0.0523187 0.138741
0 0.470594 0.79344 0.0350624 0.336215
9 0.594228 0.429521 0.0447748 0.177637
9 0.604002 0.45656 0.0468822 0.147717
7 0.711999 0.486259 0.0598321 0.109209
3 0.492095 0.389184 0.933857 0.694149
0 0.481833 0.826241 0.258265 0.161015
7 0.455933 0.602837 0.051036 0.129765
4 0.344516 0.550089 0.0517995 0.153147
1 0.578102 0.444592 0.0468517 0.162566
1 0.659222 0.550975 0.0554646 0.130762
10 0.409021 0.501773 0.0468211 0.126773
0 0.67095 0.599291 0.0419955 0.238254
0 0.463752 0.398493 0.0422398 0.184619
5 0.71151 0.571809 0.0699415 0.171099
9 0.392894 0.558511 0.0423315 0.176862
10 0.664109 0.566933 0.0594961 0.181516
1 0.475969 0.426862 0.0509749 0.193262
11 0.65629 0.550532 0.055037 0.128879
7 0.646517 0.500443 0.0709189 0.122562
2 0.407066 0.436614 0.0458133 0.157137
4 0.580545 0.435727 0.0448359 0.175421
6 0.65629 0.550532 0.055037 0.128879
4 0.528257 0.437943 0.041293 0.173094
0 0.53461 0.842199 0.0389412 0.17387
7 0.449581 0.499557 0.046027 0.107214
12 0.344271 0.552748 0.0491118 0.130873
5 0.40731 0.43484 0.0506083 0.174645
2 0.526303 0.41844 0.0481955 0.199025
9 0.487697 0.190381 0.584455 0.303192
10 0.594228 0.429521 0.0447748 0.177637
1 0.424658 0.440603 0.049234 0.171432
0 0.611332 0.62367 0.056839 0.207114
3 0.711999 0.567376 0.0606873 0.18617
9 0.504312 0.640071 0.0408043 0.215426
8 0.677303 0.554521 0.0924206 0.186724
6 0.504312 0.58422 0.958291 0.640514
7 0.677303 0.559397 0.0941309 0.186835
7 0.476458 0.423759 0.0737288 0.232934
1 0.537542 0.435284 0.052502 0.170878
10 0.504312 0.640071 0.0408043 0.215426
0 0.449581 0.499557 0.046027 0.107214
7 0.414152 0.576684 0.0568084 0.132425
4 0.421726 0.43883 0.049234 0.167996
8 0.476458 0.423759 0.0737288 0.232934
2 0.424658 0.440603 0.049234 0.171432
5 0.345004 0.551862 0.0484704 0.168218
7 0.478901 0.496454 0.044958 0.110816
8 0.649449 0.538564 0.0682923 0.140514
4 0.649449 0.538564 0.0682923 0.140514
0 0.316905 0.503546 0.0965133 0.166334
1 0.40731 0.43484 0.0506083 0.174645
7 0.509199 0.684397 0.0449886 0.220191
8 0.652381 0.52172 0.0479817 0.157026
10 0.504312 0.58422 0.958291 0.640514
10 0.507244 0.610372 0.0416596 0.145058
0 0.544872 0.6875 0.0560754 0.234929
12 0.65629 0.550532 0.055037 0.128879
8 0.604979 0.459663 0.0475236 0.14805
8 0.393139 0.548759 0.0363452 0.120678
1 0.659222 0.508422 0.050303 0.0723072
12 0.504312 0.58422 0.958291 0.640514
3 0.654335 0.552305 0.0499365 0.161126
4 0.618662 0.527926 0.0419955 0.134752
9 0.681701 0.559397 0.0960856 0.194814
8 0.356732 0.500887 0.0600459 0.0971299
7 0.325457 0.56383 0.059771 0.175643
10 0.465707 0.643617 0.0440723 0.151707
11 0.424658 0.443262 0.0493867 0.173537
0 0.727148 0.193706 0.0900384 0.252438
9 0.336941 0.496897 0.0629169 0.105607
6 0.424658 0.443262 0.0493867 0.173537
4 0.403401 0.457447 0.0444694 0.162345
2 0.578102 0.444592 0.0468517 0.162566
2 0.618662 0.527926 0.0419955 0.134752
2 0.649449 0.538564 0.0682923 0.140514
11 0.659222 0.508422 0.050303 0.0723072
10 0.491607 0.173316 0.513597 0.280142
0 0.54194 0.828014 0.248002 0.136636
3 0.349647 0.558511 0.0576025 0.170213
0 0.6343 0.423316 0.0762943 0.137079
0 0.716397 0.5 0.0497532 0.0751884
0 0.478901 0.496454 0.044958 0.110816
11 0.576636 0.444149 0.0485009 0.169991
4 0.476458 0.43617 0.0481955 0.180629
0 0.663131 0.595745 0.0376279 0.200355
9 0.498448 0.347518 0.690009 0.339982
2 0.394849 0.54211 0.0421787 0.132425
12 0.405844 0.436614 0.0493256 0.158245
1 0.504312 0.58422 0.958291 0.640514
5 0.422704 0.443262 0.0527158 0.172651
8 0.351846 0.521277 0.0590685 0.154588
2 0.664109 0.566933 0.0594961 0.181516
11 0.355266 0.5 0.0609927 0.0776264
7 0.545361 0.500443 0.0511581 0.125665
2 0.475969 0.426862 0.0509749 0.193262
2 0.457888 0.43617 0.0539375 0.156472
8 0.714442 0.539894 0.0601681 0.148604
