7 0.667003 0.503 0.0392355 0.088
7 0.714287 0.443 0.0392355 0.055
7 0.477868 0.431 0.0181087 0.0399999
7 0.526158 0.426 0.0181087 0.0400001
7 0.605635 0.552 0.0181087 0.0399999
10 0.543261 0.437 0.0181087 0.04
8 0.549297 0.355 0.0120724 0.152
8 0.520122 0.34 0.0181087 0.155
8 0.490947 0.366 0.0120726 0.156
8 0.45976 0.361 0.0150906 0.145
0 0.279679 0.244 0.050302 0.167
0 0.299799 0.364 0.05332 0.166
0 0.343059 0.36 0.052314 0.214
0 0.37827 0.376 0.0362174 0.22
0 0.407446 0.406 0.0452717 0.187
0 0.430584 0.366 0.0331993 0.28
0 0.456741 0.378 0.0301811 0.181
0 0.487929 0.395 0.0342052 0.242
0 0.519116 0.379 0.0352113 0.235
0 0.549297 0.388 0.0331993 0.224
0 0.574448 0.36 0.0462778 0.26
0 0.622738 0.366 0.0482898 0.23
0 0.658955 0.355 0.0583502 0.237
0 0.700203 0.345 0.0623744 0.189
0 0.718311 0.227 0.05332 0.172
0 0.727366 0.513 0.078471 0.205
0 0.677064 0.559 0.0824952 0.216
0 0.633804 0.579 0.0603622 0.219
0 0.601611 0.59 0.0583502 0.252
0 0.57143 0.61 0.051308 0.258
0 0.543261 0.592 0.0301811 0.233
0 0.521128 0.588 0.0281691 0.208
0 0.503019 0.583 0.0362174 0.217
0 0.477868 0.59 0.0452718 0.246
0 0.446681 0.62 0.0472838 0.238
0 0.42153 0.599 0.0442657 0.242
0 0.387325 0.599 0.050302 0.23
0 0.343059 0.576 0.0754529 0.226
0 0.291054 0.481303 0.0747897 0.289797
0 0.720143 0.487179 0.0830178 0.293269
0 0.391756 0.377671 0.0381931 0.301282
0 0.34337 0.471688 0.0530528 0.326656
0 0.484844 0.560897 0.0382238 0.311165
0 0.666599 0.462607 0.0556625 0.279113
0 0.669055 0.4375 0.0715353 0.370994
0 0.522177 0.584402 0.0482633 0.295139
0 0.587511 0.621795 0.0545572 0.293536
0 0.270913 0.257479 0.0485089 0.212607
0 0.656283 0.394231 0.0771231 0.32265
0 0.351229 0.516026 0.0626932 0.3336
0 0.556072 0.372329 0.0495221 0.232505
0 0.34558 0.403312 0.0400659 0.288729
0 0.433265 0.603632 0.058702 0.279113
0 0.545756 0.59562 0.0549257 0.279914
0 0.716213 0.400641 0.0700616 0.21047
0 0.483861 0.482906 0.0363203 0.308226
0 0.386598 0.463141 0.0467896 0.319712
0 0.287615 0.26656 0.05118 0.208467
0 0.453896 0.392094 0.0512414 0.286325
0 0.485335 0.627671 0.0408335 0.253739
0 0.588002 0.369124 0.0681582 0.275374
0 0.647441 0.561432 0.0726406 0.244792
4 0.495651 0.549145 0.88667 0.8125
0 0.496142 0.368056 0.0396668 0.263355
0 0.406493 0.358974 0.0727634 0.303953
0 0.711792 0.271368 0.055202 0.216079
0 0.458317 0.559829 0.0515791 0.297276
0 0.296948 0.428419 0.0518248 0.240518
0 0.404036 0.432692 0.0537589 0.340812
0 0.617967 0.576389 0.0737459 0.271501
5 0.49516 0.583867 0.877827 0.709402
0 0.533967 0.434295 0.0407414 0.327457
0 0.407966 0.596154 0.0642283 0.250134
0 0.53544 0.606303 0.0350922 0.253339
0 0.474528 0.44765 0.0438729 0.346955
0 0.372352 0.574786 0.0640441 0.256944
7 0.721125 0.237714 0.0528071 0.149306
0 0.47944 0.568376 0.0737459 0.273771
0 0.404528 0.4375 0.082895 0.30235
0 0.538879 0.370192 0.0622633 0.268697
0 0.424668 0.447115 0.0431975 0.290598
6 0.488774 0.183961 0.638599 0.367922
0 0.40944 0.564103 0.0874389 0.281784
0 0.471089 0.363248 0.0844915 0.307425
3 0.488774 0.364316 0.72309 0.506143
0 0.537896 0.573718 0.0930266 0.294071
0 0.460773 0.463141 0.0474344 0.304487
0 0.476493 0.456731 0.0812371 0.295406
0 0.478458 0.375534 0.135088 0.287126
0 0.520703 0.629273 0.0369957 0.298878
0 0.520212 0.474893 0.0409256 0.290331
10 0.721125 0.237714 0.0528071 0.149306
0 0.354177 0.356838 0.0496756 0.28766
0 0.27951 0.214209 0.0712283 0.224359
7 0.681336 0.569444 0.0697546 0.196848
7 0.279018 0.250534 0.0478335 0.171341
3 0.488774 0.183961 0.638599 0.367922
4 0.494177 0.370727 0.780564 0.586538
0 0.264773 0.307692 0.0633072 0.221421
0 0.711301 0.357906 0.0506581 0.231971
0 0.549686 0.627137 0.0406799 0.260684
0 0.544774 0.464209 0.0467896 0.280983
0 0.299405 0.330128 0.046544 0.252804
7 0.71523 0.396367 0.0635529 0.221688
0 0.280001 0.417735 0.0608818 0.240385
0 0.276562 0.284188 0.0412019 0.159188
9 0.721125 0.237714 0.0528071 0.149306
7 0.448001 0.622863 0.0487546 0.260283
7 0.722599 0.494124 0.0844301 0.294872
0 0.619932 0.453526 0.0615265 0.27938
10 0.681336 0.569444 0.0697546 0.196848
8 0.293018 0.49359 0.0808073 0.297276
0 0.742739 0.524573 0.0830178 0.262954
0 0.581125 0.458333 0.0509037 0.262821
8 0.720634 0.480235 0.0849827 0.315972
7 0.586037 0.620192 0.0521625 0.302885
10 0.279018 0.250534 0.0478335 0.171341
7 0.293018 0.49359 0.0808073 0.297276
7 0.666599 0.456197 0.0493685 0.245994
7 0.718178 0.268697 0.0648424 0.211271
10 0.716213 0.394765 0.0638599 0.210069
7 0.713757 0.351496 0.0593774 0.17508
7 0.635651 0.584402 0.0633686 0.219685
7 0.57523 0.375 0.0481405 0.254006
5 0.500246 0.678285 0.999509 0.643429
0 0.331334 0.303953 0.0452545 0.224359
0 0.245124 0.465278 0.0942547 0.282318
7 0.48337 0.620726 0.0360133 0.269631
10 0.728002 0.467949 0.0742371 0.308226
7 0.556563 0.371261 0.0464212 0.24359
7 0.658739 0.398504 0.0542502 0.279647
8 0.658739 0.398504 0.0542502 0.279647
8 0.601756 0.590278 0.0726406 0.269899
7 0.645967 0.559829 0.062816 0.241987
7 0.601756 0.590278 0.0726406 0.269899
6 0.490002 0.436966 0.980003 0.873932
5 0.494177 0.370727 0.780564 0.586538
10 0.288106 0.473291 0.0806231 0.305823
3 0.495651 0.574786 0.845406 0.732372
7 0.389791 0.371261 0.0418159 0.294872
7 0.298913 0.426282 0.0483554 0.24359
7 0.43351 0.624466 0.0463291 0.280716
7 0.34558 0.403312 0.0400659 0.288729
7 0.618949 0.380342 0.0491844 0.280449
10 0.666599 0.456197 0.0493685 0.245994
8 0.720143 0.225694 0.0577809 0.164663
9 0.278036 0.234509 0.0516098 0.186031
7 0.276562 0.284188 0.0412019 0.159188
9 0.722108 0.260684 0.0630002 0.210069
7 0.520703 0.370726 0.0440878 0.260684
10 0.71523 0.351496 0.0576581 0.180823
9 0.680844 0.569979 0.0707371 0.192708
0 0.263545 0.21047 0.0851669 0.270967
4 0.536914 0.612179 0.709827 0.594551
6 0.494177 0.370727 0.780564 0.586538
0 0.73488 0.301282 0.099474 0.298611
7 0.429826 0.375534 0.0431361 0.293269
8 0.389791 0.371261 0.0418159 0.294872
0 0.710809 0.0914797 0.0742371 0.182959
8 0.57523 0.375 0.0481405 0.254006
8 0.666599 0.456197 0.0493685 0.245994
9 0.720143 0.487179 0.0830178 0.293269
7 0.39151 0.592949 0.0544037 0.270566
7 0.340422 0.469017 0.057873 0.323718
11 0.719651 0.238248 0.0528379 0.145833
1 0.720634 0.23985 0.0543423 0.18523
7 0.522668 0.581731 0.0433818 0.296741
0 0.738809 0.313034 0.0679739 0.246528
10 0.72309 0.235043 0.066316 0.201122
9 0.71523 0.396367 0.0635529 0.221688
7 0.275825 0.250534 0.0577502 0.24399
10 0.448001 0.622863 0.0487546 0.260283
7 0.485335 0.559829 0.0353992 0.301015
7 0.287615 0.26656 0.05118 0.208467
9 0.660213 0.405983 0.055816 0.280449
9 0.485335 0.559829 0.0353992 0.301015
8 0.682318 0.56891 0.0766318 0.196715
7 0.351229 0.516026 0.0626932 0.3336
8 0.340422 0.469017 0.057873 0.323718
8 0.485335 0.592949 0.0423992 0.263622
10 0.57523 0.375 0.0481405 0.254006
10 0.588984 0.600427 0.0662546 0.256811
10 0.658739 0.398504 0.0542502 0.279647
8 0.711792 0.271368 0.055202 0.216079
9 0.288106 0.473291 0.0806231 0.305823
9 0.600774 0.594551 0.073623 0.265491
9 0.524142 0.560363 0.0431361 0.314904
8 0.586037 0.620192 0.0521625 0.302885
10 0.714739 0.519765 0.0866406 0.257212
0 0.634178 0.627671 0.0491537 0.30235
7 0.546739 0.596154 0.0515484 0.272436
0 0.550177 0.309829 0.05468 0.302885
8 0.278773 0.259081 0.06168 0.217949
8 0.450458 0.629273 0.0498598 0.243723
10 0.645967 0.559829 0.062816 0.241987
7 0.301124 0.31891 0.0478335 0.238515
0 0.365475 0.605235 0.0435659 0.220085
8 0.716704 0.407051 0.0670529 0.209402
7 0.488774 0.384615 0.0428905 0.247463
8 0.429826 0.383547 0.0449475 0.288996
6 0.721125 0.237714 0.0528071 0.149306
12 0.721125 0.237714 0.0528071 0.149306
7 0.370387 0.579594 0.0652722 0.252404
10 0.635651 0.584402 0.0633686 0.219685
8 0.619932 0.38515 0.050566 0.275107
6 0.453896 0.201322 0.853757 0.402644
9 0.636142 0.586538 0.0647195 0.240385
9 0.574247 0.358974 0.0460221 0.277511
8 0.636142 0.586538 0.0647195 0.240385
1 0.291054 0.481303 0.0747897 0.289797
9 0.42958 0.368056 0.044794 0.284989
9 0.38758 0.36859 0.0408949 0.295406
7 0.345334 0.34188 0.0437808 0.263622
9 0.666599 0.462607 0.0556625 0.279113
10 0.389791 0.371261 0.0418159 0.294872
0 0.274106 0.152444 0.0897108 0.304888
0 0.49516 0.189169 0.554107 0.378339
7 0.484844 0.479167 0.0369343 0.284188
0 0.524633 0.307158 0.0591318 0.32078
2 0.726529 0.471154 0.0798862 0.30422
8 0.520703 0.376603 0.0470046 0.251202
9 0.556563 0.371261 0.0464212 0.24359
0 0.393475 0.313568 0.0556932 0.277778
1 0.72702 0.469551 0.0779213 0.300481
7 0.386598 0.451923 0.0454387 0.323718
4 0.719651 0.238248 0.0528379 0.145833
10 0.298913 0.426282 0.0483554 0.24359
10 0.556563 0.371261 0.0464212 0.24359
9 0.518739 0.354701 0.0423072 0.266159
2 0.718669 0.230235 0.0557853 0.175214
9 0.452423 0.601496 0.0521624 0.260684
8 0.556072 0.372329 0.0495221 0.232505
10 0.34558 0.403312 0.0400659 0.288729
7 0.618458 0.574786 0.0749126 0.275107
9 0.340422 0.469017 0.057873 0.323718
7 0.454387 0.385684 0.0465133 0.266426
8 0.522668 0.581731 0.0433818 0.296741
10 0.485335 0.559829 0.0353992 0.301015
9 0.34558 0.403312 0.0400659 0.288729
8 0.390528 0.598291 0.0552326 0.281784
7 0.33551 0.5625 0.0534826 0.203659
10 0.618949 0.380342 0.0491844 0.280449
10 0.340422 0.469017 0.057873 0.323718
3 0.456966 0.38555 0.913933 0.7711
9 0.618949 0.380342 0.0491844 0.280449
9 0.586037 0.620192 0.0521625 0.302885
9 0.287615 0.26656 0.05118 0.208467
11 0.728002 0.467949 0.0742371 0.308226
10 0.48337 0.620726 0.0360133 0.269631
10 0.275825 0.250534 0.0577502 0.24399
10 0.520703 0.370726 0.0440878 0.260684
5 0.288843 0.473291 0.0739915 0.294338
9 0.434001 0.600962 0.0589783 0.250801
9 0.647441 0.555556 0.073623 0.239049
10 0.429826 0.375534 0.0431361 0.293269
8 0.669055 0.4375 0.0715353 0.370994
1 0.65923 0.409722 0.0581801 0.284455
7 0.710809 0.0914797 0.0742371 0.182959
1 0.387335 0.371795 0.0438422 0.294605
0 0.700494 0.178953 0.164071 0.187099
1 0.574247 0.365919 0.046237 0.286325
8 0.351229 0.516026 0.0626932 0.3336
3 0.720634 0.480235 0.0849827 0.315972
2 0.288843 0.480769 0.0776757 0.312767
1 0.680353 0.55235 0.0797634 0.262019
9 0.38758 0.549145 0.0492151 0.302083
7 0.649406 0.364316 0.0616493 0.307158
7 0.427124 0.438568 0.0473116 0.303152
10 0.605195 0.619658 0.0552634 0.31891
11 0.278773 0.25 0.0463291 0.1875
7 0.653336 0.593483 0.0600835 0.187634
7 0.277299 0.413462 0.0608204 0.230502
5 0.72702 0.469551 0.0779213 0.300481
7 0.461265 0.554487 0.0566449 0.299947
9 0.351229 0.516026 0.0626932 0.3336
3 0.720143 0.225694 0.0577809 0.164663
4 0.718178 0.268697 0.0648424 0.211271
1 0.716213 0.400641 0.0700616 0.21047
9 0.546739 0.596154 0.0515484 0.272436
4 0.680844 0.569979 0.0707371 0.192708
0 0.359826 0.310897 0.0525923 0.250801
8 0.346071 0.40438 0.0426449 0.293269
3 0.293018 0.49359 0.0808073 0.297276
8 0.298913 0.426282 0.0483554 0.24359
1 0.601756 0.596154 0.0744827 0.269364
12 0.279018 0.250534 0.0478335 0.171341
10 0.522668 0.581731 0.0433818 0.296741
2 0.718178 0.268697 0.0648424 0.211271
9 0.484844 0.479167 0.0369343 0.284188
11 0.71523 0.396367 0.0635529 0.221688
8 0.487791 0.392094 0.0465133 0.264557
1 0.276808 0.237714 0.0436581 0.202991
4 0.278773 0.25 0.0463291 0.1875
1 0.666599 0.463675 0.0562151 0.255075
2 0.346071 0.40438 0.0426449 0.293269
10 0.39151 0.592949 0.0544037 0.270566
11 0.681336 0.549145 0.0656406 0.222489
10 0.434001 0.600962 0.0589783 0.250801
5 0.720634 0.23985 0.0543423 0.18523
8 0.432773 0.596688 0.0612809 0.259081
