0 0.308193 0.378 0.0480301 0.093
0 0.324203 0.46 0.0580363 0.167
0 0.359225 0.484 0.0460288 0.169
0 0.395248 0.491 0.0400251 0.185
0 0.423265 0.5 0.0410257 0.209
0 0.445279 0.506 0.03202 0.213
0 0.469294 0.524 0.0290182 0.186
0 0.49431 0.531 0.0330207 0.194
0 0.52633 0.527 0.0300188 0.202
0 0.550345 0.528 0.0290182 0.168
0 0.578362 0.523 0.0280176 0.204
0 0.602378 0.512 0.0380238 0.186
0 0.631396 0.503 0.0400251 0.191
0 0.667418 0.489 0.0460288 0.173
0 0.70144 0.47 0.0550344 0.159
0 0.71845 0.387 0.0530332 0.104
0 0.75047 0.611 0.0560352 0.117
0 0.703441 0.645 0.0780488 0.168
0 0.613384 0.709 0.051032 0.178
0 0.651408 0.684 0.0750471 0.173
0 0.584366 0.712 0.0310195 0.169
0 0.559351 0.727 0.0300188 0.193
0 0.532334 0.724 0.0220137 0.167
0 0.513322 0.735 0.0220137 0.177
0 0.496311 0.729 0.0210132 0.171
0 0.477299 0.721 0.0230144 0.166
0 0.457287 0.725 0.0220139 0.192
0 0.43127 0.706 0.0320201 0.17
0 0.39825 0.701 0.0560351 0.177
0 0.364228 0.677 0.0710445 0.191
0 0.315198 0.637 0.0810508 0.169
0 0.273171 0.601 0.0480301 0.112
0 0.542821 0.522 0.050691 0.219125
0 0.582885 0.5145 0.0458662 0.222625
6 0.509597 0.2495 0.535981 0.40225
0 0.419697 0.7035 0.0454386 0.17025
0 0.302924 0.6125 0.0869686 0.1565
0 0.542821 0.7475 0.0380487 0.208875
0 0.599985 0.7045 0.0543553 0.17625
0 0.60536 0.514 0.0588442 0.20525
0 0.712849 0.6095 0.0627836 0.225125
0 0.482236 0.4995 0.0529201 0.244375
0 0.582885 0.723 0.0541111 0.179
0 0.739233 0.5885 0.0502329 0.194875
0 0.665945 0.66 0.0891062 0.17625
0 0.448523 0.521 0.0543553 0.219875
0 0.413834 0.509 0.0582335 0.246375
0 0.510085 0.499 0.0549661 0.22875
0 0.350073 0.6705 0.111825 0.199
0 0.652753 0.566 0.0540194 0.27975
0 0.50862 0.73 0.0539279 0.195
0 0.451943 0.725 0.0552104 0.20175
0 0.70552 0.466 0.0778686 0.20025
0 0.743142 0.5755 0.0750592 0.199875
0 0.34934 0.468 0.10016 0.200875
4 0.500314 0.581 0.894604 0.8205
0 0.486633 0.7285 0.0610734 0.22375
0 0.667899 0.481 0.0955189 0.176
0 0.57067 0.744 0.0404306 0.200625
0 0.471976 0.7325 0.0451638 0.208
0 0.329552 0.4755 0.0614704 0.23775
0 0.53256 0.735 0.0451027 0.193
0 0.341034 0.578 0.0863578 0.2765
0 0.273609 0.571 0.0512406 0.19875
0 0.368884 0.494 0.0504161 0.146
0 0.513017 0.758 0.039942 0.215625
7 0.745584 0.592 0.0540501 0.116875
0 0.529629 0.501 0.08648 0.239625
5 0.507154 0.741375 0.865777 0.51725
0 0.48077 0.765 0.0473319 0.23
0 0.39087 0.69 0.103703 0.1935
3 0.524743 0.3665 0.51546 0.35275
0 0.472464 0.5215 0.0462021 0.224375
0 0.644935 0.711 0.0542943 0.1405
0 0.506665 0.697 0.0374075 0.2045
0 0.534515 0.509 0.142423 0.237375
7 0.365219 0.683 0.0771358 0.166875
0 0.462692 0.493 0.0872129 0.24775
0 0.27483 0.6145 0.0588748 0.155375
7 0.647867 0.683 0.075731 0.1575
0 0.749005 0.572 0.049103 0.146875
0 0.611712 0.7035 0.0929538 0.1935
0 0.46709 0.505 0.162822 0.21125
0 0.544286 0.7045 0.0418353 0.17625
0 0.711872 0.4235 0.0619896 0.1355
0 0.461715 0.758 0.0458661 0.231125
0 0.450478 0.7035 0.0342011 0.189375
7 0.278495 0.5955 0.0486755 0.14025
7 0.703566 0.488 0.0543248 0.166625
0 0.545264 0.5375 0.0841592 0.19775
6 0.524743 0.3665 0.51546 0.35275
0 0.325155 0.4965 0.0577449 0.118187
0 0.476373 0.5305 0.0788458 0.19925
7 0.325155 0.4935 0.0585694 0.12
7 0.310986 0.6325 0.083182 0.166875
7 0.711872 0.4235 0.0619896 0.1355
0 0.49103 0.6995 0.0434843 0.202125
5 0.499336 0.5875 0.846722 0.661
0 0.535492 0.724 0.0850142 0.205
7 0.705032 0.636 0.0649211 0.16425
0 0.355936 0.452 0.0552715 0.159625
7 0.368395 0.4935 0.0537752 0.149625
0 0.485167 0.5545 0.0398504 0.213
10 0.748516 0.593 0.0512711 0.123125
7 0.715292 0.397 0.0533476 0.129625
7 0.670342 0.491 0.0619895 0.170625
0 0.462692 0.719 0.0931981 0.22475
7 0.386961 0.6905 0.0740821 0.161375
6 0.493473 0.345375 0.747539 0.69075
0 0.717735 0.379 0.0553936 0.197125
7 0.632232 0.493 0.0588748 0.181125
4 0.539889 0.593 0.770503 0.571
7 0.322223 0.4465 0.0570121 0.182375
10 0.365219 0.683 0.0771358 0.166875
10 0.647867 0.683 0.075731 0.1575
3 0.523766 0.2695 0.500314 0.363
7 0.331507 0.472 0.0604016 0.16825
10 0.294863 0.6255 0.0953967 0.1475
3 0.503245 0.576 0.815453 0.6855
10 0.278495 0.5955 0.0486755 0.14025
10 0.711872 0.4235 0.0619896 0.1355
10 0.703566 0.488 0.0543248 0.166625
0 0.499336 0.2875 0.554547 0.43275
0 0.511063 0.22875 0.402108 0.37425
10 0.703077 0.636 0.0765861 0.17725
10 0.325155 0.4935 0.0585694 0.12
0 0.432156 0.7455 0.0404001 0.202625
7 0.391847 0.495 0.0545691 0.196
7 0.599497 0.704 0.0547523 0.173375
7 0.364486 0.615 0.0673029 0.108813
7 0.417254 0.7035 0.0384152 0.180375
7 0.542821 0.7475 0.0380487 0.208875
0 0.507154 0.5615 0.0424155 0.21
0 0.364486 0.615 0.0673029 0.108813
7 0.747539 0.6005 0.0671807 0.165625
7 0.666922 0.663 0.0794565 0.155125
7 0.719689 0.373 0.055302 0.100563
10 0.31123 0.628 0.0804948 0.185375
7 0.42214 0.502 0.057348 0.210375
10 0.322223 0.448 0.0608292 0.16425
0 0.538912 0.5545 0.0379266 0.18575
0 0.307566 0.5225 0.0713948 0.14425
7 0.697214 0.6715 0.0626003 0.182
0 0.366685 0.712 0.0559738 0.166375
0 0.602917 0.75 0.0552104 0.184
10 0.670342 0.491 0.0619895 0.170625
10 0.368395 0.4935 0.0537752 0.149625
6 0.447546 0.21475 0.799329 0.4295
7 0.738744 0.5485 0.0697458 0.16275
7 0.57067 0.744 0.0404306 0.200625
10 0.331507 0.472 0.0604016 0.16825
10 0.386961 0.6905 0.0740821 0.161375
7 0.383053 0.6095 0.0521262 0.093375
10 0.715292 0.397 0.0533476 0.129625
0 0.685977 0.618 0.0845256 0.14125
7 0.647378 0.615 0.0578671 0.0955625
0 0.263104 0.602 0.0677304 0.2005
7 0.293885 0.6175 0.0963128 0.175
7 0.60878 0.7 0.0480037 0.143375
10 0.632232 0.493 0.0588748 0.181125
9 0.645913 0.679 0.0702955 0.167
0 0.680114 0.4495 0.0784793 0.179
0 0.383053 0.6095 0.0521262 0.093375
10 0.417254 0.7035 0.0384152 0.180375
9 0.31123 0.628 0.0804948 0.185375
0 0.449989 0.557 0.0419269 0.18475
0 0.31636 0.412 0.0441866 0.14525
9 0.747539 0.596 0.0660204 0.141
9 0.365952 0.68 0.0734103 0.17025
7 0.583862 0.7235 0.0487366 0.17675
7 0.605848 0.512 0.058661 0.1975
9 0.705032 0.636 0.0649211 0.16425
10 0.719689 0.373 0.055302 0.100563
9 0.293885 0.623 0.0877015 0.15725
9 0.666922 0.663 0.0794565 0.155125
7 0.716269 0.4645 0.0682801 0.188375
10 0.364486 0.615 0.0673029 0.108813
10 0.665945 0.661 0.0820216 0.15725
9 0.417254 0.7035 0.0384152 0.180375
0 0.26628 0.5805 0.0995497 0.1995
9 0.275319 0.5995 0.045744 0.13975
9 0.613177 0.513 0.0512406 0.210625
7 0.510574 0.752 0.0401863 0.2065
7 0.541355 0.5175 0.0476678 0.231625
9 0.582396 0.517 0.0460189 0.223875
10 0.599497 0.704 0.0547523 0.173375
7 0.582396 0.517 0.0460189 0.223875
0 0.645424 0.617 0.05576 0.111188
9 0.637607 0.5025 0.0512101 0.185875
7 0.685977 0.618 0.0845256 0.14125
4 0.504711 0.334 0.594122 0.474
8 0.7021 0.6475 0.0810445 0.166875
7 0.305611 0.517 0.0823881 0.138625
10 0.391847 0.495 0.0545691 0.196
7 0.313185 0.409 0.0548745 0.143375
10 0.613177 0.513 0.0512406 0.210625
8 0.748516 0.593 0.0512711 0.123125
4 0.493473 0.345375 0.747539 0.69075
9 0.60878 0.7015 0.0437591 0.17225
10 0.42214 0.502 0.057348 0.210375
10 0.582396 0.517 0.0460189 0.223875
0 0.756333 0.6185 0.0655928 0.161875
10 0.739233 0.552 0.0700512 0.172625
0 0.478327 0.845 0.0576228 0.229625
5 0.499336 0.2875 0.554547 0.43275
0 0.719201 0.28 0.061165 0.31575
9 0.389404 0.689 0.0685855 0.161875
8 0.364242 0.6855 0.0781129 0.15875
9 0.539889 0.5115 0.0450722 0.26175
9 0.711872 0.4235 0.0619896 0.1355
9 0.416765 0.497 0.0522483 0.22925
8 0.313917 0.628 0.0704787 0.143625
9 0.325644 0.468 0.0682801 0.196625
9 0.392824 0.493 0.0583251 0.200125
7 0.712361 0.614 0.0800062 0.2345
4 0.507154 0.741375 0.865777 0.51725
8 0.633209 0.4935 0.0543859 0.184
1 0.648844 0.6925 0.0683412 0.18575
8 0.703566 0.47 0.0560654 0.180625
9 0.672296 0.48 0.060707 0.173875
8 0.64689 0.684 0.0775022 0.165625
10 0.60878 0.7 0.0480037 0.143375
10 0.383053 0.6095 0.0521262 0.093375
7 0.449012 0.5165 0.0494695 0.21775
8 0.331507 0.4675 0.0649821 0.199125
10 0.542821 0.7475 0.0380487 0.208875
7 0.357646 0.4495 0.0601573 0.154125
9 0.547218 0.7375 0.0436675 0.19175
10 0.645424 0.617 0.05576 0.111188
0 0.424583 0.447 0.0717002 0.239625
5 0.5 0.882375 1 0.23525
7 0.273609 0.571 0.0512406 0.19875
1 0.703566 0.637 0.0797008 0.214125
9 0.509597 0.2495 0.535981 0.40225
7 0.452921 0.722 0.0485534 0.1935
10 0.697214 0.6715 0.0626003 0.182
9 0.703566 0.474 0.0569205 0.192375
8 0.541355 0.5175 0.0476678 0.231625
1 0.365708 0.686 0.0731049 0.19425
9 0.583862 0.7235 0.0487366 0.17675
8 0.293152 0.638 0.0836095 0.175125
10 0.584351 0.7085 0.0410413 0.16475
10 0.539889 0.5115 0.0450722 0.26175
7 0.47735 0.759 0.0418353 0.2355
7 0.486145 0.5225 0.0528285 0.252125
7 0.485167 0.5545 0.0398504 0.213
8 0.544775 0.749 0.0428735 0.200375
11 0.705032 0.636 0.0649211 0.16425
1 0.293885 0.6175 0.0963128 0.175
11 0.649821 0.691 0.0626003 0.171375
8 0.599985 0.7045 0.0543553 0.17625
10 0.685977 0.618 0.0845256 0.14125
8 0.423117 0.502 0.053256 0.187375
9 0.325155 0.4935 0.0585694 0.12
8 0.392824 0.4955 0.0534087 0.176875
0 0.48419 0.4295 0.102115 0.408
8 0.523766 0.2695 0.500314 0.363
7 0.432156 0.7455 0.0404001 0.202625
0 0.382564 0.607 0.0472098 0.150875
8 0.425804 0.702 0.051546 0.19
4 0.365952 0.68 0.0734103 0.17025
6 0.705032 0.636 0.0649211 0.16425
7 0.51888 0.5195 0.0557906 0.215375
8 0.389404 0.689 0.0685855 0.161875
4 0.645913 0.679 0.0702955 0.167
9 0.368395 0.4935 0.0537752 0.149625
11 0.364486 0.6855 0.0743264 0.173375
8 0.670342 0.492 0.0627225 0.168875
8 0.585328 0.514 0.0481869 0.214125
11 0.749982 0.597 0.0628446 0.143125
3 0.304634 0.619 0.0897169 0.1605
7 0.585328 0.7085 0.0312391 0.19025
8 0.665945 0.66 0.0891062 0.17625
12 0.649821 0.691 0.0626003 0.171375
0 0.476861 0.842 0.037438 0.184875
11 0.278495 0.5955 0.0486755 0.14025
8 0.278495 0.5955 0.0486755 0.14025
8 0.605848 0.512 0.058661 0.1975
6 0.649821 0.691 0.0626003 0.171375
0 0.64347 0.6175 0.0485534 0.172875
9 0.719689 0.373 0.055302 0.100563
0 0.604871 0.5585 0.0519124 0.17175
9 0.715292 0.397 0.0533476 0.129625
0 0.513505 0.433 0.0962517 0.39575
8 0.715292 0.397 0.0533476 0.129625
10 0.57067 0.744 0.0404306 0.200625
8 0.739233 0.5885 0.0502329 0.194875
0 0.394534 0.449 0.0693183 0.201125
0 0.33566 0.681 0.0737156 0.178625
7 0.523766 0.2695 0.500314 0.363
9 0.482724 0.501 0.0504467 0.29075
1 0.665945 0.66 0.0891062 0.17625
1 0.419697 0.7035 0.0454386 0.17025
9 0.510574 0.7295 0.0453776 0.190625
10 0.747539 0.6005 0.0671807 0.165625
8 0.712361 0.614 0.0800062 0.2345
10 0.305611 0.517 0.0823881 0.138625
9 0.351294 0.6625 0.117566 0.1905
4 0.31123 0.628 0.0804948 0.185375
9 0.712849 0.6095 0.0627836 0.225125
