8 0.522869 0.361 0.0110184 0.112
8 0.648078 0.632 0.03606 0.111
8 0.606008 0.63 0.0100166 0.085
8 0.320533 0.643 0.0340566 0.084
9 0.369615 0.567 0.118196 0.101
9 0.637059 0.461 0.139232 0.076
7 0.603003 0.548 0.0280466 0.055
7 0.642068 0.551 0.0460766 0.064
7 0.690148 0.557 0.0400666 0.065
7 0.520866 0.441 0.0200333 0.041
7 0.285475 0.556 0.0300499 0.054
10 0.369615 0.471 0.0440733 0.051
10 0.285475 0.492 0.0200333 0.041
0 0.280466 0.446 0.0430716 0.147
0 0.321535 0.443 0.0570949 0.136
0 0.363605 0.408 0.0731216 0.132
0 0.439731 0.378 0.03005 0.193
0 0.466776 0.38 0.0260433 0.177
0 0.491818 0.393 0.0290483 0.186
0 0.521868 0.39 0.0310516 0.202
0 0.546909 0.396 0.0270449 0.178
0 0.574956 0.375 0.0320533 0.214
0 0.633053 0.374 0.0350583 0.112
0 0.702168 0.405 0.0530882 0.101
0 0.732218 0.437 0.0490817 0.154
0 0.692151 0.624 0.0540899 0.128
0 0.647076 0.634 0.0500832 0.12
0 0.574956 0.599 0.03005 0.191
0 0.551918 0.607 0.03005 0.207
0 0.531884 0.589 0.0260433 0.169
0 0.511851 0.586 0.0200333 0.157
0 0.495824 0.588 0.0230383 0.165
0 0.479798 0.588 0.0290483 0.17
0 0.458763 0.606 0.021035 0.205
0 0.435725 0.608 0.0270451 0.199
0 0.406676 0.641 0.0310516 0.134
0 0.320533 0.646 0.0430716 0.1
0 0.269448 0.608 0.0741232 0.141
0 0.607009 0.627 0.0260433 0.138
0 0.644138 0.6 0.0535864 0.210875
0 0.686689 0.611 0.0517829 0.19825
0 0.455347 0.6245 0.0425818 0.211625
0 0.606966 0.6025 0.0520886 0.200375
0 0.415975 0.6435 0.046678 0.23925
0 0.457303 0.3625 0.0473199 0.25425
0 0.345056 0.404 0.0734865 0.216875
0 0.539471 0.385 0.0463723 0.205625
0 0.478824 0.6355 0.0388219 0.244625
0 0.484204 0.369 0.0474421 0.221
0 0.57811 0.5995 0.0557568 0.22725
0 0.651963 0.6045 0.0450884 0.170875
0 0.542406 0.6 0.0513855 0.2605
7 0.353126 0.574 0.0733642 0.099875
0 0.406193 0.6455 0.0429181 0.174875
0 0.509147 0.3705 0.0448133 0.22925
0 0.514038 0.6 0.0491846 0.293
0 0.594739 0.6015 0.042001 0.2045
0 0.277561 0.579 0.0714689 0.1975
0 0.287588 0.448 0.0756874 0.13775
7 0.373179 0.45 0.0615953 0.091625
0 0.346523 0.62 0.0751983 0.1505
0 0.515506 0.576 0.0303392 0.217875
0 0.340899 0.413 0.112981 0.16475
0 0.438229 0.356 0.050927 0.223625
0 0.30226 0.431 0.08443 0.183
7 0.405459 0.5565 0.0442936 0.0733125
4 0.492029 0.554 0.9508 0.7755
0 0.374646 0.4005 0.0805783 0.1845
0 0.473444 0.371 0.0485426 0.20575
0 0.659788 0.597 0.0868755 0.187
0 0.681798 0.609 0.0806394 0.170375
0 0.472954 0.3555 0.0846745 0.253375
7 0.341877 0.588 0.0714689 0.115875
0 0.53458 0.6095 0.0346034 0.226125
0 0.418665 0.624 0.0715912 0.2055
7 0.271692 0.6105 0.0772158 0.183375
0 0.5292 0.39 0.0350926 0.2225
10 0.352637 0.5775 0.0838186 0.103875
0 0.33772 0.645 0.0587525 0.126438
7 0.674461 0.4575 0.080395 0.0844375
7 0.39959 0.5445 0.0712244 0.0801875
0 0.7131 0.44 0.0729362 0.148625
7 0.285631 0.4615 0.0483592 0.137625
0 0.542895 0.5745 0.0334113 0.20325
6 0.531646 0.195875 0.706742 0.39175
0 0.477356 0.373 0.141104 0.22875
5 0.49154 0.5775 0.920965 0.6835
0 0.304706 0.409 0.0578966 0.220375
7 0.699894 0.4505 0.076849 0.0900625
10 0.405459 0.5565 0.0442936 0.0733125
0 0.603054 0.597 0.0855915 0.216
7 0.730218 0.4355 0.0486649 0.122625
0 0.364864 0.3765 0.0637046 0.162375
0 0.526266 0.358 0.0728139 0.241875
0 0.373179 0.45 0.0615953 0.091625
0 0.465129 0.626 0.0859584 0.207
0 0.352637 0.5775 0.0838186 0.103875
10 0.373179 0.45 0.0615953 0.091625
7 0.287098 0.449 0.0694514 0.122438
7 0.398123 0.586 0.0714078 0.105875
7 0.646583 0.459 0.0885873 0.0794375
7 0.319868 0.437 0.0620539 0.1175
0 0.538004 0.613 0.0765433 0.207625
0 0.326471 0.3775 0.0543812 0.187625
10 0.39959 0.5445 0.0712244 0.0801875
0 0.478334 0.596 0.0731808 0.218125
0 0.582022 0.389 0.051844 0.136
7 0.617726 0.444 0.0775215 0.0785
0 0.536048 0.3685 0.160178 0.223625
0 0.351659 0.653 0.0678619 0.12375
0 0.725816 0.418 0.0711632 0.15575
3 0.507191 0.3285 0.715545 0.39075
7 0.368533 0.4215 0.0598835 0.169
0 0.645605 0.5675 0.0525777 0.104687
0 0.531157 0.3625 0.0457915 0.2885
7 0.335274 0.647 0.0545646 0.125625
0 0.43187 0.373 0.0490317 0.16375
10 0.674461 0.4575 0.080395 0.0844375
0 0.675929 0.6225 0.0561236 0.158
0 0.398123 0.586 0.0714078 0.105875
0 0.366332 0.45 0.0652941 0.1365
0 0.610879 0.364 0.0619316 0.192
0 0.70772 0.415 0.103688 0.179875
0 0.595228 0.411 0.0620844 0.178875
0 0.299081 0.625 0.0827792 0.154
7 0.339921 0.545 0.0704296 0.111312
7 0.693536 0.6175 0.0488483 0.188375
10 0.699894 0.4505 0.076849 0.0900625
10 0.276094 0.604 0.076421 0.163125
0 0.49154 0.571 0.036407 0.204
10 0.285631 0.4615 0.0483592 0.137625
0 0.277561 0.544 0.0620233 0.1345
7 0.351659 0.653 0.0678619 0.12375
10 0.646583 0.459 0.0885873 0.0794375
0 0.330383 0.675 0.047381 0.17975
0 0.576153 0.3765 0.064805 0.18225
7 0.645605 0.6145 0.0421233 0.182875
4 0.50768 0.3335 0.764455 0.467
7 0.645605 0.5675 0.0525777 0.104687
10 0.398123 0.586 0.0714078 0.105875
0 0.614303 0.558 0.0546869 0.1125
10 0.287098 0.449 0.0694514 0.122438
7 0.29688 0.6255 0.0901156 0.146125
10 0.729729 0.441 0.0527305 0.1435
0 0.699894 0.4505 0.076849 0.0900625
0 0.583979 0.356 0.103505 0.159125
7 0.634356 0.4235 0.0972687 0.116375
0 0.646583 0.459 0.0885873 0.0794375
0 0.674461 0.4575 0.080395 0.0844375
10 0.617726 0.444 0.0775215 0.0785
0 0.693047 0.555 0.0515078 0.1175
0 0.611368 0.421 0.0695737 0.0961875
0 0.261666 0.4975 0.0620844 0.172375
10 0.368533 0.42 0.0579271 0.174
10 0.319868 0.437 0.0620539 0.1175
10 0.339921 0.545 0.0704296 0.111312
7 0.611368 0.4125 0.0767878 0.099875
0 0.336986 0.59 0.0717746 0.144625
3 0.501811 0.198625 0.757118 0.39725
7 0.670549 0.431 0.0960459 0.124375
0 0.668592 0.423 0.111452 0.184125
6 0.503767 0.400125 0.96156 0.80025
0 0.67544 0.4315 0.0917053 0.110125
10 0.634356 0.4235 0.0972687 0.116375
0 0.633866 0.42 0.111636 0.1745
0 0.640225 0.434 0.0917052 0.102812
9 0.274627 0.603 0.0684121 0.156
10 0.645605 0.5675 0.0525777 0.104687
7 0.405704 0.6435 0.0463111 0.170125
0 0.617726 0.444 0.0775215 0.0785
10 0.33772 0.645 0.0587525 0.126438
7 0.581044 0.3905 0.0470142 0.132625
0 0.509637 0.438 0.0428263 0.218375
7 0.693047 0.555 0.0515078 0.1175
4 0.537515 0.607 0.783529 0.56
9 0.343344 0.593 0.0754428 0.103812
0 0.38883 0.681 0.046464 0.20075
9 0.353126 0.574 0.0733642 0.099875
0 0.25922 0.593 0.0811897 0.19825
6 0.50768 0.3335 0.764455 0.467
10 0.686689 0.6095 0.0463723 0.183375
7 0.675929 0.6225 0.0561236 0.158
7 0.277561 0.544 0.0620233 0.1345
9 0.286609 0.444 0.0642548 0.1425
0 0.655387 0.4365 0.131444 0.12825
10 0.351659 0.653 0.0678619 0.12375
7 0.605499 0.6165 0.0394332 0.2175
7 0.457792 0.374 0.0470142 0.212125
9 0.407416 0.5595 0.043988 0.0803125
10 0.670549 0.431 0.0960459 0.124375
0 0.407416 0.5595 0.043988 0.0803125
9 0.284653 0.453 0.0425818 0.146125
7 0.586913 0.4395 0.0527611 0.0798125
7 0.414019 0.617 0.0550231 0.207875
9 0.367799 0.4195 0.0655387 0.152375
9 0.399346 0.5495 0.0762376 0.0813125
10 0.611368 0.4125 0.0767878 0.099875
9 0.373424 0.439 0.0603726 0.102437
7 0.430403 0.372 0.0510187 0.153375
7 0.30226 0.4335 0.0868143 0.154625
0 0.22694 0.5205 0.088465 0.190125
7 0.710654 0.4225 0.0933559 0.138375
7 0.364864 0.3765 0.0637046 0.162375
7 0.681798 0.609 0.0806394 0.170375
0 0.667125 0.4565 0.0849801 0.134125
7 0.330383 0.675 0.047381 0.17975
7 0.352637 0.5525 0.102037 0.146375
7 0.538982 0.378 0.0457915 0.213
0 0.352637 0.5525 0.102037 0.146375
7 0.575664 0.618 0.0421844 0.25125
7 0.615281 0.5595 0.0463112 0.106313
7 0.451923 0.626 0.0415119 0.232875
0 0.403503 0.5585 0.0486955 0.116938
10 0.29688 0.6255 0.0901156 0.146125
7 0.643159 0.455 0.0841242 0.145625
0 0.636801 0.3805 0.149907 0.1335
0 0.490562 0.431 0.0384856 0.194125
9 0.674461 0.4575 0.080395 0.0844375
0 0.679352 0.538 0.0787442 0.107875
10 0.277806 0.546 0.0635823 0.1405
0 0.362908 0.69 0.0621761 0.173875
7 0.730218 0.436 0.0601892 0.18575
7 0.4754 0.626 0.0400446 0.246625
10 0.693047 0.555 0.0515078 0.1175
9 0.730218 0.4355 0.0514466 0.14
10 0.645605 0.6145 0.0421233 0.182875
9 0.398123 0.586 0.0714078 0.105875
0 0.586913 0.4395 0.0527611 0.0798125
7 0.489095 0.38 0.0414507 0.22175
0 0.553655 0.21475 0.61577 0.4295
9 0.686689 0.611 0.0517829 0.19825
9 0.700383 0.447 0.0782551 0.0903125
10 0.681798 0.609 0.0806394 0.170375
10 0.417198 0.622 0.0553594 0.186375
7 0.403503 0.5585 0.0486955 0.116938
7 0.390053 0.536 0.0830238 0.13975
10 0.30226 0.4335 0.0868143 0.154625
8 0.686689 0.6095 0.0463723 0.183375
9 0.417198 0.622 0.0553594 0.186375
7 0.321824 0.413 0.0619622 0.187375
8 0.37 0.4575 0.0581717 0.10775
8 0.369755 0.416 0.0695737 0.13725
7 0.543873 0.622 0.0404726 0.2595
7 0.509147 0.3875 0.0439574 0.205625
8 0.273159 0.603 0.0555734 0.20675
9 0.645605 0.5675 0.0525777 0.104687
9 0.320112 0.436 0.0597918 0.14225
8 0.353126 0.574 0.0733642 0.099875
9 0.645605 0.448 0.0844299 0.0920625
9 0.264111 0.5765 0.0784385 0.181125
9 0.681798 0.609 0.0806394 0.170375
7 0.264111 0.5765 0.0784385 0.181125
7 0.514038 0.6215 0.0397083 0.2635
11 0.355083 0.563 0.0885873 0.0983125
10 0.582022 0.389 0.051844 0.136
10 0.710654 0.4225 0.0933559 0.138375
9 0.335274 0.647 0.0545646 0.125625
7 0.347257 0.6115 0.104116 0.178875
1 0.273893 0.6045 0.0780106 0.167625
8 0.27536 0.602 0.0760542 0.13275
3 0.493985 0.576 0.882816 0.699
9 0.456814 0.6265 0.0415119 0.21325
0 0.547786 0.319 0.0550231 0.29725
10 0.405704 0.6435 0.0463111 0.170125
9 0.646583 0.6025 0.0492763 0.196
7 0.633866 0.42 0.111636 0.1745
7 0.679352 0.538 0.0787442 0.107875
9 0.617726 0.444 0.0775215 0.0785
10 0.365354 0.381 0.0607088 0.156
9 0.30226 0.4335 0.0868143 0.154625
8 0.287588 0.448 0.0756874 0.13775
9 0.349947 0.609 0.103933 0.171
0 0.399346 0.5495 0.0762376 0.0813125
9 0.281229 0.594 0.073303 0.226125
7 0.575175 0.367 0.0442325 0.211625
11 0.341877 0.588 0.0714689 0.115875
7 0.438718 0.358 0.0402892 0.193375
11 0.39959 0.5445 0.0712244 0.0801875
11 0.405459 0.5565 0.0442936 0.0733125
8 0.320357 0.4105 0.0569489 0.152125
4 0.373424 0.439 0.0603726 0.102437
9 0.609412 0.6055 0.0476256 0.196
2 0.284653 0.453 0.0425818 0.146125
10 0.457792 0.374 0.0470142 0.212125
1 0.368288 0.4205 0.0689623 0.16575
9 0.405704 0.6435 0.0463111 0.170125
8 0.72924 0.436 0.0510187 0.126813
8 0.451923 0.626 0.0415119 0.232875
0 0.45926 0.568 0.0501933 0.1595
10 0.614303 0.558 0.0546869 0.1125
9 0.483225 0.3685 0.0449967 0.243375
7 0.344078 0.406 0.0785608 0.16825
10 0.336986 0.59 0.0717746 0.144625
7 0.337964 0.537 0.092072 0.19225
10 0.586913 0.4395 0.0527611 0.0798125
9 0.634356 0.4235 0.0972687 0.116375
8 0.407416 0.5595 0.043988 0.0803125
4 0.341877 0.588 0.0714689 0.115875
10 0.538982 0.378 0.0457915 0.213
9 0.342366 0.5495 0.0748926 0.113125
