9 0.662948 0.608 0.133191 0.0790001
9 0.338484 0.603 0.128183 0.0879998
9 0.396567 0.538 0.0380544 0.057
10 0.362519 0.538 0.037053 0.0459999
8 0.390559 0.453 0.0150215 0.105
0 0.277397 0.442 0.0400573 0.175
0 0.316453 0.471 0.0410587 0.174
0 0.354507 0.478 0.0380544 0.144
0 0.393563 0.452 0.0320459 0.124
0 0.415594 0.48 0.0340487 0.177
0 0.437626 0.486 0.0280401 0.172
0 0.464665 0.489 0.0240343 0.178
0 0.485695 0.495 0.0270386 0.18
0 0.513735 0.493 0.0270386 0.188
0 0.538771 0.493 0.0210301 0.18
0 0.562805 0.491 0.0300429 0.182
0 0.586839 0.482 0.0330472 0.186
0 0.610874 0.489 0.0320458 0.168
0 0.647927 0.49 0.0480687 0.153
0 0.688986 0.485 0.0460659 0.166
0 0.729043 0.456 0.0450644 0.182
0 0.765094 0.622 0.074106 0.164
0 0.719029 0.673 0.0701003 0.146
0 0.620888 0.698 0.0390559 0.146
0 0.588842 0.681 0.0380544 0.159
0 0.560802 0.67 0.0350501 0.15
0 0.531761 0.658 0.0300429 0.127
0 0.508728 0.656 0.0200287 0.109
0 0.485695 0.666 0.0240343 0.139
0 0.463663 0.658 0.023033 0.14
0 0.438627 0.671 0.0290416 0.172
0 0.409586 0.672 0.0290415 0.157
0 0.378541 0.695 0.0310444 0.151
0 0.28641 0.662 0.060086 0.14
0 0.239342 0.597 0.074106 0.156
0 0.477245 0.498512 0.0400353 0.233259
0 0.576997 0.684524 0.0423885 0.192336
0 0.421501 0.675099 0.0407687 0.214658
0 0.576508 0.477679 0.0468199 0.227803
0 0.291433 0.688492 0.0786037 0.159598
0 0.521253 0.503472 0.042633 0.238343
0 0.546681 0.676091 0.0400964 0.250868
0 0.616116 0.476687 0.0521987 0.183532
0 0.511963 0.601191 0.0372542 0.278026
6 0.498271 0.247024 0.613182 0.410962
0 0.607314 0.68254 0.0472783 0.159102
0 0.635186 0.484127 0.0695575 0.179563
0 0.325172 0.452381 0.054827 0.158482
0 0.366736 0.456349 0.0597779 0.150422
0 0.730048 0.453869 0.0689463 0.207093
0 0.427125 0.470238 0.0485008 0.177827
0 0.389962 0.678572 0.0532683 0.178571
0 0.695331 0.462302 0.068824 0.173239
0 0.507073 0.66369 0.0418079 0.268849
0 0.389473 0.469246 0.0586471 0.151538
0 0.447417 0.663194 0.0482563 0.260417
0 0.70511 0.685516 0.0826377 0.146081
4 0.51343 0.600694 0.972094 0.748016
0 0.720269 0.66369 0.113994 0.165799
5 0.50365 0.720238 0.905103 0.535714
0 0.360134 0.457341 0.0442222 0.116691
0 0.591667 0.519841 0.0406771 0.260665
7 0.387273 0.506944 0.0429998 0.0817832
0 0.35011 0.459821 0.109532 0.187004
0 0.368691 0.675595 0.063323 0.168279
0 0.638609 0.708333 0.0689463 0.184276
0 0.389473 0.456845 0.0359095 0.167659
0 0.245468 0.624504 0.0655234 0.151166
0 0.481157 0.659226 0.0536962 0.240451
7 0.670882 0.59623 0.0870997 0.0851935
0 0.298523 0.448909 0.0834323 0.171503
0 0.333974 0.670635 0.130436 0.172371
0 0.658168 0.708829 0.0507929 0.142857
0 0.479201 0.599206 0.04737 0.264633
0 0.475289 0.567956 0.0279177 0.27753
0 0.653767 0.474206 0.112343 0.172371
0 0.41979 0.561012 0.0442222 0.252356
7 0.649366 0.604663 0.0852049 0.0871156
0 0.330307 0.693452 0.0690685 0.143601
0 0.532989 0.580853 0.0322421 0.280506
7 0.705599 0.684524 0.0797039 0.145709
0 0.65719 0.494544 0.0784814 0.199529
0 0.457686 0.614087 0.0426025 0.255952
0 0.543747 0.611607 0.0395769 0.251612
0 0.46062 0.478175 0.0648511 0.197297
7 0.360134 0.59623 0.0989575 0.0905258
0 0.407321 0.670139 0.073775 0.198537
0 0.673815 0.704365 0.0652789 0.158854
0 0.601446 0.475198 0.0693742 0.191592
0 0.430059 0.630952 0.0371625 0.193576
7 0.339597 0.589782 0.10452 0.106213
0 0.549614 0.481151 0.0661958 0.209449
0 0.544236 0.507937 0.0487758 0.208333
0 0.576997 0.453869 0.0331285 0.198041
0 0.27114 0.609623 0.086733 0.228423
0 0.270651 0.468254 0.0523209 0.235739
10 0.670882 0.59623 0.0870997 0.0851935
0 0.478712 0.450893 0.0442222 0.190476
0 0.351088 0.511905 0.0878332 0.231895
0 0.735916 0.574405 0.0771367 0.225446
7 0.371625 0.511905 0.0621006 0.0912698
10 0.649366 0.604663 0.0852049 0.0871156
7 0.642032 0.486111 0.0579443 0.142237
0 0.398764 0.465278 0.0953512 0.180308
0 0.344731 0.701389 0.0667459 0.156498
0 0.593623 0.691468 0.0770145 0.205729
0 0.47969 0.490079 0.177133 0.221478
7 0.767211 0.626488 0.0895446 0.168279
3 0.492893 0.344742 0.632252 0.412698
0 0.457686 0.504464 0.0487147 0.196801
7 0.702176 0.603671 0.068335 0.0881697
0 0.42199 0.49752 0.0433053 0.138889
10 0.358667 0.592262 0.0933953 0.0974083
6 0.498271 0.34871 0.663547 0.456597
0 0.676749 0.490079 0.0742639 0.155754
7 0.619539 0.621032 0.0426941 0.0750248
7 0.244246 0.622024 0.0644232 0.15625
0 0.675771 0.672123 0.130436 0.176587
10 0.38605 0.518353 0.040891 0.0701265
0 0.417834 0.587302 0.063812 0.229043
0 0.278719 0.416171 0.0510679 0.281746
7 0.301701 0.686012 0.0842269 0.159598
0 0.636164 0.64881 0.0755476 0.094866
7 0.263805 0.521329 0.0598696 0.0833953
7 0.612693 0.481647 0.0424497 0.164559
7 0.739828 0.505456 0.0538796 0.093378
6 0.499738 0.34933 0.86843 0.698661
7 0.672837 0.706845 0.0621311 0.132937
7 0.329818 0.694941 0.0724303 0.142113
0 0.708044 0.449405 0.0627729 0.172991
0 0.702176 0.706349 0.0569051 0.131696
0 0.47969 0.681052 0.0360012 0.199901
0 0.459153 0.667163 0.066318 0.211682
0 0.471866 0.470238 0.0462392 0.3063
0 0.613671 0.453373 0.0375293 0.190476
10 0.372114 0.523314 0.0656457 0.0850695
0 0.683595 0.455853 0.0534517 0.147321
10 0.702176 0.603671 0.068335 0.0881697
0 0.45084 0.68254 0.0345342 0.201885
10 0.763788 0.633929 0.0821488 0.185888
0 0.516853 0.683036 0.0444056 0.238095
10 0.705599 0.684524 0.0797039 0.145709
7 0.363068 0.691964 0.0610309 0.152158
0 0.539835 0.65873 0.0800095 0.225198
10 0.619539 0.621032 0.0426941 0.0750248
0 0.532989 0.478175 0.0871608 0.229663
0 0.544236 0.483135 0.160508 0.228795
0 0.525165 0.451389 0.0520764 0.223586
7 0.573574 0.485615 0.0430609 0.191096
7 0.42199 0.49752 0.0433053 0.138889
7 0.678216 0.497024 0.0765866 0.15935
7 0.636164 0.64881 0.0755476 0.094866
0 0.360134 0.59623 0.0989575 0.0905258
7 0.275541 0.460317 0.0503039 0.15253
7 0.366736 0.456349 0.0597779 0.150422
7 0.278719 0.681548 0.0666848 0.182788
7 0.687018 0.657738 0.0870997 0.115699
0 0.536412 0.489087 0.0515875 0.28621
0 0.687018 0.657738 0.0776868 0.144593
0 0.640076 0.456845 0.0565995 0.139261
0 0.739828 0.505456 0.0538796 0.093378
7 0.248891 0.565972 0.0800706 0.122396
10 0.291433 0.688492 0.0786037 0.159598
10 0.642032 0.486111 0.0579443 0.142237
0 0.263805 0.521329 0.0598696 0.0833953
10 0.263805 0.521329 0.0598696 0.0833953
10 0.246202 0.610119 0.0663791 0.172743
10 0.739828 0.505456 0.0538796 0.093378
7 0.360134 0.457341 0.0442222 0.116691
0 0.522231 0.448413 0.0322116 0.208085
0 0.457686 0.446429 0.0384155 0.200769
0 0.385072 0.588294 0.0767089 0.105531
7 0.73396 0.650794 0.0959013 0.155258
7 0.421746 0.676587 0.0366736 0.205233
0 0.248891 0.565972 0.0800706 0.122396
7 0.309769 0.594246 0.100119 0.093688
7 0.583354 0.68502 0.0401575 0.211558
7 0.607314 0.68254 0.0472783 0.159102
7 0.728581 0.450893 0.0471561 0.194816
10 0.672837 0.706845 0.0621311 0.132937
7 0.383605 0.684028 0.0487759 0.192708
0 0.38605 0.518353 0.040891 0.0701265
7 0.325417 0.453373 0.0569357 0.148934
0 0.702176 0.608135 0.0741417 0.0880456
7 0.385072 0.588294 0.0767089 0.105531
0 0.339597 0.589782 0.10452 0.106213
7 0.692397 0.505952 0.0617032 0.128968
10 0.32615 0.677579 0.0897891 0.149802
7 0.641543 0.599206 0.100363 0.155506
7 0.302924 0.451389 0.0858161 0.14819
7 0.69582 0.464286 0.0652177 0.15935
10 0.612693 0.481647 0.0424497 0.164559
10 0.368447 0.676587 0.0602058 0.138269
0 0.692397 0.505952 0.0617032 0.128968
10 0.360134 0.457341 0.0442222 0.116691
10 0.687018 0.657738 0.0870997 0.115699
10 0.248647 0.566964 0.0696186 0.12624
7 0.387517 0.469742 0.0594417 0.147941
7 0.548147 0.680556 0.0351455 0.226811
7 0.758409 0.55754 0.0808653 0.121466
7 0.476756 0.498016 0.0390268 0.231647
3 0.506095 0.244544 0.640565 0.409226
10 0.275296 0.657738 0.0803762 0.152158
0 0.619539 0.623512 0.0449251 0.077381
7 0.638609 0.713294 0.0612448 0.168403
10 0.636164 0.64881 0.0755476 0.094866
10 0.678216 0.497024 0.0765866 0.15935
7 0.387762 0.454365 0.0410744 0.133557
3 0.516853 0.585317 0.92124 0.705357
10 0.367225 0.459821 0.0634452 0.137029
9 0.70511 0.682044 0.0771367 0.143477
7 0.32126 0.523314 0.0673571 0.100074
10 0.309769 0.594246 0.100119 0.093688
0 0.698753 0.606151 0.075303 0.137401
0 0.372114 0.523314 0.0656457 0.0850695
10 0.275541 0.460317 0.0503039 0.15253
7 0.427125 0.470238 0.0485008 0.177827
9 0.760854 0.615575 0.0726748 0.167039
9 0.670882 0.59623 0.0870997 0.0851935
5 0.490937 0.313492 0.59509 0.386161
10 0.73396 0.650794 0.0959013 0.155258
0 0.673815 0.601687 0.0937621 0.0869916
4 0.499738 0.34933 0.86843 0.698661
10 0.42199 0.49752 0.0433053 0.138889
9 0.38605 0.518353 0.040891 0.0701265
10 0.573574 0.485615 0.0430609 0.191096
0 0.576508 0.610615 0.0523515 0.161582
7 0.293144 0.514881 0.0718802 0.0992683
0 0.758409 0.55754 0.0808653 0.121466
7 0.521742 0.500992 0.0426941 0.253596
0 0.542769 0.445933 0.0392407 0.205357
9 0.358667 0.592262 0.0933953 0.0974083
0 0.490937 0.313492 0.59509 0.386161
8 0.766233 0.633433 0.0786648 0.168403
7 0.293633 0.438988 0.0582804 0.15873
9 0.372114 0.523314 0.0656457 0.0850695
9 0.247424 0.608135 0.0682128 0.157862
10 0.728581 0.450893 0.0471561 0.194816
9 0.619539 0.623512 0.0449251 0.077381
7 0.365024 0.516865 0.078298 0.183408
10 0.317837 0.450397 0.0447723 0.147197
0 0.663547 0.59375 0.11161 0.143229
9 0.702176 0.608135 0.0741417 0.0880456
9 0.291433 0.688492 0.0786037 0.159598
9 0.642032 0.486111 0.0579443 0.142237
7 0.45084 0.680556 0.0380794 0.202505
5 0.467466 0.579365 0.861584 0.671627
9 0.735916 0.64881 0.0946789 0.15315
9 0.368447 0.676587 0.0602058 0.138269
10 0.388006 0.454365 0.0410438 0.144469
9 0.361846 0.456349 0.0474617 0.134425
9 0.672837 0.702381 0.0609698 0.15129
0 0.379938 0.516369 0.0560189 0.151166
10 0.692397 0.505952 0.0617032 0.128968
9 0.577486 0.686508 0.0403104 0.202505
10 0.760854 0.563492 0.0711467 0.108135
7 0.698753 0.606151 0.075303 0.137401
0 0.610248 0.61756 0.0513736 0.154018
10 0.332996 0.587302 0.116989 0.148189
9 0.278475 0.658234 0.0793371 0.16307
10 0.69582 0.464286 0.0652177 0.15935
10 0.607314 0.68254 0.0472783 0.159102
4 0.498271 0.34871 0.663547 0.456597
10 0.387517 0.469742 0.0594417 0.147941
0 0.309769 0.594246 0.100119 0.093688
1 0.765744 0.632937 0.0848382 0.19122
0 0.365024 0.516865 0.078298 0.183408
9 0.682128 0.477183 0.0654012 0.162574
8 0.70511 0.685516 0.0826377 0.146081
0 0.734449 0.403274 0.0946178 0.234375
9 0.607314 0.68254 0.0472783 0.159102
0 0.32126 0.523314 0.0673571 0.100074
0 0.403409 0.708829 0.0471867 0.181424
7 0.457686 0.504464 0.0487147 0.196801
7 0.379938 0.516369 0.0560189 0.151166
9 0.388006 0.454365 0.0410438 0.144469
0 0.649366 0.604663 0.0852049 0.0871156
7 0.47969 0.681052 0.0360012 0.199901
7 0.708044 0.449405 0.0627729 0.172991
9 0.326395 0.679564 0.0855105 0.141369
10 0.421746 0.676587 0.0366736 0.205233
9 0.317837 0.450397 0.0447723 0.147197
10 0.302924 0.451389 0.0858161 0.14819
9 0.727603 0.443452 0.037896 0.181052
10 0.583354 0.68502 0.0401575 0.211558
9 0.391674 0.681548 0.0497844 0.177827
1 0.360134 0.457341 0.0442222 0.116691
8 0.573574 0.487103 0.0437332 0.187252
8 0.72907 0.458829 0.047645 0.190848
7 0.544236 0.507937 0.0487758 0.208333
9 0.615627 0.479663 0.0461475 0.197049
11 0.670882 0.59623 0.0870997 0.0851935
9 0.263805 0.521329 0.0598696 0.0833953
8 0.289721 0.683532 0.0778702 0.15749
7 0.429814 0.62996 0.0454752 0.18688
0 0.663058 0.746032 0.040891 0.165055
10 0.32126 0.523314 0.0673571 0.100074
10 0.385072 0.588294 0.0767089 0.105531
9 0.695331 0.463294 0.0662569 0.165551
11 0.649366 0.604663 0.0852049 0.0871156
