10 0.739548 0.489 0.022136 0.04
10 0.726467 0.535 0.0221361 0.04
10 0.298838 0.535 0.0221361 0.04
0 0.254565 0.358 0.0503094 0.164
0 0.283745 0.42 0.0452785 0.181
0 0.330029 0.421 0.0664084 0.177
0 0.373296 0.42 0.0462846 0.196
0 0.403481 0.407 0.0553403 0.195
0 0.424611 0.39 0.0553403 0.215
0 0.463852 0.383 0.0382351 0.188
0 0.497057 0.39 0.0362228 0.184
0 0.532273 0.386 0.0382351 0.195
0 0.566483 0.389 0.0332042 0.187
0 0.605725 0.381 0.0543341 0.223
0 0.630879 0.419 0.0523218 0.186
0 0.65704 0.417 0.0382351 0.19
0 0.692257 0.425 0.0523218 0.185
0 0.734517 0.419 0.048297 0.173
0 0.766715 0.355 0.0503093 0.165
0 0.727473 0.61 0.0613774 0.189
0 0.685214 0.627 0.0674146 0.204
0 0.637923 0.62 0.032198 0.209
0 0.606731 0.605 0.0291795 0.191
0 0.578558 0.617 0.0301856 0.229
0 0.553403 0.601 0.0311918 0.206
0 0.529255 0.579 0.027167 0.169
0 0.507118 0.586 0.027167 0.183
0 0.485989 0.592 0.0352167 0.193
0 0.458821 0.594 0.0332042 0.199
0 0.428636 0.608 0.0332042 0.207
0 0.397444 0.622 0.0452785 0.226
0 0.347135 0.623 0.0674145 0.193
0 0.295819 0.615 0.0654022 0.193
0 0.240479 0.587 0.0674145 0.148
0 0.645571 0.395536 0.0500207 0.204353
0 0.546328 0.610268 0.0428354 0.23817
0 0.458385 0.611161 0.0492224 0.227232
0 0.364546 0.399107 0.0447699 0.229911
0 0.576789 0.380357 0.0477792 0.202902
0 0.297729 0.407143 0.0656503 0.190179
0 0.451016 0.377232 0.0389971 0.216071
0 0.491302 0.361161 0.0417607 0.217299
0 0.518324 0.600893 0.0468273 0.239732
0 0.585141 0.626339 0.0475335 0.235937
0 0.677506 0.399554 0.0452305 0.217746
0 0.538467 0.356696 0.0519552 0.210714
0 0.427679 0.619643 0.0522623 0.225893
0 0.606267 0.617857 0.0441251 0.215625
0 0.342683 0.404464 0.0684138 0.209933
0 0.483933 0.619196 0.0462438 0.2375
0 0.280288 0.400893 0.0745551 0.192857
0 0.741867 0.384375 0.0424977 0.194531
0 0.330892 0.620982 0.0631324 0.20625
0 0.466246 0.358929 0.0570832 0.213281
0 0.711406 0.623214 0.0808192 0.196875
0 0.662767 0.398214 0.0725899 0.209487
6 0.530607 0.175502 0.649993 0.351004
0 0.525202 0.358036 0.0583114 0.225335
0 0.743832 0.622321 0.0526922 0.160603
0 0.708949 0.413393 0.0665101 0.187723
0 0.27169 0.61875 0.114351 0.208817
0 0.736462 0.399107 0.0773801 0.176786
0 0.658837 0.622321 0.057421 0.231696
0 0.66375 0.628125 0.0886801 0.204576
4 0.5 0.55 1 0.764286
0 0.400657 0.620089 0.0784856 0.207589
0 0.603811 0.620536 0.0771959 0.220647
0 0.256951 0.420536 0.0568068 0.222656
0 0.750219 0.375446 0.0499593 0.145313
0 0.53208 0.608929 0.0592941 0.235268
5 0.5 0.55 1 0.764286
0 0.477055 0.356696 0.0944529 0.206362
0 0.767414 0.346875 0.0448928 0.106194
0 0.468702 0.617857 0.0810649 0.221987
5 0.495724 0.647768 0.865675 0.445089
3 0.508989 0.196652 0.676032 0.3625
3 0.509972 0.356696 0.747271 0.376339
4 0.508989 0.363393 0.782153 0.479018
7 0.242458 0.598214 0.0580044 0.19096
7 0.688806 0.428571 0.0417607 0.162165
7 0.733514 0.438839 0.0387515 0.148996
0 0.528641 0.344196 0.0381988 0.195871
0 0.458876 0.34375 0.0327637 0.204576
0 0.746288 0.595536 0.067247 0.182143
7 0.25474 0.358929 0.053552 0.130915
7 0.771345 0.345089 0.0464895 0.122879
7 0.284955 0.448661 0.0492838 0.12221
7 0.295764 0.540179 0.049683 0.0739397
0 0.540924 0.343304 0.0354659 0.185603
7 0.490811 0.36875 0.0418221 0.209821
7 0.299449 0.622321 0.054596 0.188839
10 0.767414 0.346875 0.0448928 0.106194
7 0.731549 0.521875 0.0400411 0.0796875
7 0.757588 0.374554 0.0479941 0.152567
10 0.240984 0.571429 0.0623954 0.13192
0 0.63378 0.653125 0.0350053 0.216741
7 0.33384 0.426786 0.0458754 0.179464
0 0.768888 0.609375 0.0608294 0.122656
0 0.226982 0.580357 0.0837671 0.187277
7 0.726636 0.614732 0.0490688 0.185937
7 0.679963 0.630357 0.0482397 0.218415
0 0.729584 0.523661 0.0419142 0.077288
7 0.279797 0.405357 0.0611672 0.177344
7 0.355949 0.621429 0.0463359 0.191741
10 0.293308 0.545982 0.0462746 0.0752232
7 0.44905 0.373214 0.0436031 0.218415
0 0.647537 0.425893 0.0405324 0.171763
10 0.733514 0.438839 0.0387515 0.148996
0 0.767414 0.602232 0.082416 0.191183
0 0.680454 0.653571 0.0449542 0.207143
7 0.281025 0.613839 0.0716073 0.181473
10 0.299449 0.622321 0.054596 0.188839
7 0.541415 0.374107 0.0475335 0.212277
10 0.25474 0.358929 0.053552 0.130915
7 0.585632 0.381696 0.0511568 0.213504
7 0.415151 0.384375 0.0576666 0.211161
10 0.688806 0.428571 0.0417607 0.162165
0 0.786084 0.341071 0.064422 0.182478
7 0.331383 0.619196 0.0660802 0.169196
10 0.284955 0.448661 0.0492838 0.12221
7 0.525202 0.375 0.0421599 0.18125
7 0.727619 0.419196 0.0405017 0.182813
6 0.52422 0.20971 0.807701 0.41942
7 0.300186 0.396429 0.0537976 0.169196
10 0.729584 0.523661 0.0419142 0.077288
7 0.608724 0.390179 0.0554557 0.210379
9 0.245651 0.598214 0.0759676 0.178906
8 0.727128 0.618304 0.0568989 0.188058
0 0.300677 0.654911 0.0463359 0.180469
7 0.700597 0.439732 0.0665715 0.147433
0 0.568437 0.191741 0.527167 0.291518
10 0.679963 0.630357 0.0482397 0.218415
10 0.726636 0.614732 0.0490688 0.185937
7 0.395498 0.621429 0.0466737 0.209598
7 0.636237 0.627679 0.0393349 0.229911
0 0.36209 0.658482 0.0385979 0.177567
10 0.327699 0.403571 0.0529378 0.22154
7 0.356194 0.401339 0.0628253 0.192299
9 0.679963 0.630357 0.0482397 0.218415
0 0.516359 0.568304 0.0287259 0.205134
9 0.771345 0.345089 0.0464895 0.122879
8 0.33212 0.405357 0.0561006 0.190179
7 0.394762 0.39375 0.0598161 0.202567
7 0.64508 0.392857 0.0491916 0.208705
0 0.355457 0.658036 0.0325181 0.130469
7 0.711897 0.625446 0.081372 0.174554
6 0.5 0.455357 1 0.860714
8 0.300431 0.625446 0.058772 0.207589
10 0.355949 0.621429 0.0463359 0.191741
8 0.67898 0.626339 0.0522623 0.212946
9 0.243686 0.571429 0.0628253 0.136272
10 0.490811 0.36875 0.0418221 0.209821
10 0.246634 0.599554 0.0732655 0.188839
7 0.42817 0.61875 0.0447392 0.225335
9 0.299449 0.622321 0.054596 0.188839
9 0.719758 0.617857 0.0565612 0.188058
9 0.327699 0.403571 0.0529378 0.22154
8 0.608724 0.390179 0.0554557 0.210379
8 0.354966 0.61875 0.0470422 0.215737
8 0.635254 0.628125 0.0429276 0.231696
7 0.675049 0.401786 0.0451998 0.216964
7 0.458385 0.611161 0.0492224 0.227232
8 0.243686 0.571429 0.0628253 0.136272
7 0.483933 0.619196 0.0462438 0.2375
10 0.750219 0.375446 0.0499593 0.145313
7 0.338753 0.523214 0.0437873 0.0694755
9 0.355949 0.621429 0.0463359 0.191741
7 0.744323 0.378125 0.0499593 0.222656
9 0.636237 0.627679 0.0393349 0.229911
8 0.727619 0.419196 0.0405017 0.182813
5 0.508989 0.363393 0.782153 0.479018
8 0.415151 0.384375 0.0576666 0.211161
8 0.64508 0.392857 0.0491916 0.208705
10 0.636237 0.627679 0.0393349 0.229911
10 0.279797 0.405357 0.0611672 0.177344
9 0.363809 0.400893 0.0502664 0.222098
9 0.642624 0.395982 0.0468887 0.223772
7 0.546328 0.610268 0.0428354 0.23817
8 0.771345 0.345089 0.0464895 0.122879
9 0.675049 0.401786 0.0451998 0.216964
9 0.400166 0.395536 0.0546267 0.234821
1 0.240984 0.571429 0.0623954 0.13192
7 0.742358 0.610714 0.0635623 0.173103
10 0.727619 0.419196 0.0405017 0.182813
0 0.293308 0.545982 0.0462746 0.0752232
9 0.25474 0.358929 0.053552 0.130915
10 0.281025 0.613839 0.0716073 0.181473
10 0.400166 0.395536 0.0546267 0.234821
10 0.331383 0.619196 0.0660802 0.169196
8 0.296992 0.405357 0.0598161 0.183817
1 0.767414 0.346875 0.0448928 0.106194
0 0.613145 0.658929 0.0447085 0.277455
10 0.608232 0.391518 0.0518324 0.22154
10 0.363809 0.400893 0.0502664 0.222098
6 0.509972 0.356696 0.747271 0.376339
8 0.395744 0.619643 0.0541968 0.220201
10 0.300186 0.396429 0.0537976 0.169196
9 0.608232 0.391518 0.0518324 0.22154
8 0.450524 0.620982 0.0475335 0.237946
8 0.394762 0.39375 0.0598161 0.202567
8 0.356194 0.401339 0.0628253 0.192299
7 0.585141 0.626339 0.0475335 0.235937
0 0.730567 0.529464 0.0344833 0.113839
7 0.517833 0.617857 0.0426819 0.251116
10 0.44905 0.373214 0.0436031 0.218415
8 0.44905 0.373214 0.0436031 0.218415
0 0.435785 0.34375 0.0505735 0.221094
8 0.686841 0.412946 0.0483012 0.198772
8 0.241721 0.585714 0.0507884 0.195424
9 0.583667 0.616964 0.0446471 0.243973
9 0.300186 0.396429 0.0537976 0.169196
10 0.642624 0.395982 0.0468887 0.223772
7 0.225262 0.598214 0.0742481 0.148214
9 0.57728 0.380804 0.0480555 0.214062
7 0.763484 0.616071 0.057206 0.138281
7 0.642132 0.423214 0.0377075 0.160491
9 0.606758 0.620089 0.0439101 0.235937
9 0.42817 0.61875 0.0447392 0.225335
8 0.547311 0.620089 0.0443093 0.251786
10 0.415151 0.384375 0.0576666 0.211161
10 0.675049 0.401786 0.0451998 0.216964
9 0.395498 0.621429 0.0466737 0.209598
10 0.395498 0.621429 0.0466737 0.209598
7 0.719758 0.525893 0.0483012 0.0668527
9 0.546328 0.610268 0.0428354 0.23817
7 0.606758 0.620089 0.0439101 0.235937
8 0.245651 0.598661 0.0722215 0.139955
8 0.491302 0.370089 0.0458139 0.194308
8 0.585632 0.381696 0.0511568 0.213504
10 0.335314 0.428571 0.0469194 0.172098
0 0.244914 0.485714 0.0742481 0.143415
9 0.490811 0.36875 0.0418221 0.209821
1 0.295273 0.621429 0.0607372 0.205357
9 0.415151 0.384375 0.0576666 0.211161
9 0.727619 0.419196 0.0405017 0.182813
9 0.688806 0.428571 0.0417607 0.162165
6 0.299449 0.622321 0.054596 0.188839
9 0.742849 0.379018 0.0545346 0.190625
9 0.455437 0.366964 0.0462439 0.22154
9 0.733514 0.438839 0.0387515 0.148996
4 0.547802 0.328571 0.748745 0.290848
9 0.331383 0.619196 0.0660802 0.169196
9 0.750219 0.375446 0.0499593 0.145313
9 0.458385 0.611161 0.0492224 0.227232
10 0.585632 0.381696 0.0511568 0.213504
8 0.733514 0.438839 0.0387515 0.148996
8 0.585141 0.626339 0.0475335 0.235937
0 0.753658 0.336161 0.0746166 0.141295
10 0.42817 0.61875 0.0447392 0.225335
10 0.541415 0.374107 0.0475335 0.212277
9 0.518324 0.600893 0.0468273 0.239732
9 0.740393 0.613839 0.0683525 0.178237
9 0.697649 0.413393 0.0614435 0.183594
1 0.72418 0.615625 0.0558549 0.196763
8 0.518324 0.600893 0.0468273 0.239732
8 0.259653 0.377679 0.0558242 0.15904
8 0.741867 0.384375 0.0424977 0.194531
7 0.788049 0.348661 0.0613207 0.164509
4 0.495724 0.647768 0.865675 0.445089
11 0.243686 0.571429 0.0628253 0.136272
8 0.483933 0.619196 0.0462438 0.2375
1 0.67898 0.628125 0.0488539 0.222991
0 0.247616 0.341964 0.0835214 0.136272
8 0.279797 0.405357 0.0611672 0.177344
1 0.328681 0.402232 0.0545653 0.228795
3 0.505059 0.575 0.986535 0.709821
8 0.42817 0.61875 0.0447392 0.225335
7 0.293308 0.651339 0.0459982 0.180134
9 0.284955 0.448661 0.0492838 0.12221
9 0.526676 0.360268 0.0531221 0.206808
9 0.279797 0.405357 0.0611672 0.177344
8 0.538959 0.363393 0.0485775 0.212723
9 0.488846 0.601339 0.0505427 0.222991
10 0.458385 0.611161 0.0492224 0.227232
10 0.711897 0.625446 0.081372 0.174554
11 0.767414 0.346875 0.0448928 0.106194
1 0.245651 0.598661 0.0722215 0.139955
9 0.538959 0.363393 0.0485775 0.212723
1 0.241721 0.585714 0.0507884 0.195424
6 0.679963 0.630357 0.0482397 0.218415
1 0.355703 0.621875 0.0452612 0.194643
10 0.583667 0.616964 0.0446471 0.243973
8 0.675049 0.401786 0.0451998 0.216964
6 0.327699 0.403571 0.0529378 0.22154
1 0.635254 0.626339 0.0416993 0.229911
10 0.546328 0.610268 0.0428354 0.23817
0 0.58465 0.341964 0.0552408 0.180804
4 0.501965 0.39375 0.99607 0.742857
7 0.355457 0.658036 0.0325181 0.130469
10 0.525202 0.375 0.0421599 0.18125
11 0.299449 0.622321 0.054596 0.188839
4 0.242458 0.599554 0.0658345 0.163728
2 0.679963 0.629911 0.0493145 0.214174
2 0.244177 0.584375 0.0599696 0.164397
8 0.606758 0.620089 0.0439101 0.235937
9 0.28299 0.614732 0.0674312 0.197656
6 0.243686 0.571429 0.0628253 0.136272
9 0.293308 0.545982 0.0462746 0.0752232
10 0.606758 0.620089 0.0439101 0.235937
7 0.251547 0.539286 0.0796524 0.11942
