6 0.629733 0.015793 0.0293244 0.031586 2.95212e-05
6 0.590757 0.0178091 0.13029 0.0356183 2.95334e-05
6 0.145694 0.0171371 0.0204157 0.0262097 2.95941e-05
6 0.814402 0.55746 0.0185598 0.0356183 2.96918e-05
6 0.565516 0.59879 0.0389755 0.0577957 2.97354e-05
7 0.274128 0.145497 0.0233853 0.0947581 2.98305e-05
6 0.118782 0.0816532 0.0334076 0.0490591 2.99297e-05
5 0.0716407 0.0994624 0.128434 0.168011 2.99504e-05
5 0.972903 0.855847 0.0541945 0.288306 2.99816e-05
9 0.641425 0.981183 0.0356347 0.0376344 2.99868e-05
6 0.359317 0.000336022 0.0348924 0.000672043 2.99949e-05
6 0.941908 0.128024 0.0263549 0.112231 3.00242e-05
9 0.370267 0.97547 0.0412027 0.0490591 3.01194e-05
6 0.421492 0.532594 0.0315516 0.0517473 3.01204e-05
6 0.256867 0.00571237 0.0215293 0.0114247 3.01349e-05
6 0.770045 0.00772849 0.0219005 0.015457 3.0147e-05
6 0.818114 0.495632 0.0252413 0.0571237 3.02199e-05
6 0.992762 0.0416667 0.0144766 0.0833333 3.0223e-05
7 0.478842 0.346102 0.0712695 0.100806 3.02765e-05
7 0.595212 0.424059 0.0278396 0.0900538 3.02816e-05
6 0.241834 0.614919 0.0204157 0.0389785 3.0285e-05
6 0.990163 0.00907258 0.0196733 0.0181452 3.03549e-05
6 0.383074 0.0114247 0.0423163 0.0228495 3.03621e-05
6 0.557164 0.966062 0.064588 0.0477151 3.0426e-05
7 0.694506 0.424731 0.0371195 0.0833333 3.04294e-05
8 0.632146 0.0184812 0.043801 0.0369624 3.04335e-05
6 0.991091 0.0292339 0.0103935 0.0584677 3.04433e-05
7 0.543244 0.380376 0.0241277 0.155914 3.05191e-05
6 0.0510393 0.00739247 0.0746102 0.0147849 3.05275e-05
6 0.38827 0.0171371 0.0400891 0.0342742 3.05482e-05
6 0.960468 0.97043 0.0382331 0.0497312 3.0591e-05
6 0.230698 0.113239 0.0471418 0.0477151 3.05923e-05
6 0.170007 0.992608 0.0356347 0.0147849 3.06267e-05
6 0.951373 0.0144489 0.0972532 0.0288978 3.06317e-05
6 0.812546 0.061828 0.0972532 0.111559 3.06916e-05
9 0.338901 1 0.0682999 0 3.07143e-05
6 0.705828 0.949261 0.0352635 0.0705645 3.07196e-05
6 0.510579 0.658602 0.0441722 0.0672043 3.07764e-05
7 0.525241 0.380376 0.0267261 0.155914 3.07819e-05
9 0.957313 0.988911 0.03415 0.0221774 3.0803e-05
6 0.628434 0.0235215 0.0467706 0.047043 3.08466e-05
6 0.314031 0.527218 0.0200445 0.0342742 3.08949e-05
5 0.322383 0.948925 0.393096 0.102151 3.1045e-05
6 0.963437 0.00336022 0.0634744 0.00672043 3.10512e-05
7 0.69562 0.404906 0.0178174 0.0853495 3.11116e-05
9 0.183556 0.984207 0.05902 0.031586 3.11357e-05
4 0.00927988 0.759745 0.0185598 0.420027 3.12353e-05
6 0.719748 0.93918 0.0296956 0.0625 3.12514e-05
6 0.940238 0.123656 0.0193022 0.047043 3.12614e-05
4 0.778025 0.768817 0.44395 0.462366 3.12709e-05
6 0.990349 0.107527 0.0155902 0.215054 3.13144e-05
6 0.388085 0.0114247 0.0219005 0.0215054 3.13274e-05
6 0.318486 0.97547 0.0185598 0.0342742 3.13552e-05
6 0.143653 0.0231855 0.0749814 0.046371 3.15025e-05
6 0.0710839 0.0302419 0.0270973 0.0591398 3.15698e-05
7 0.355234 0.407258 0.0215293 0.122312 3.16382e-05
6 0.843727 0.535618 0.0334076 0.0389785 3.17311e-05
6 0.79974 0.494288 0.0211581 0.031586 3.18543e-05
6 0.71121 0.619288 0.0207869 0.0396505 3.18608e-05
6 0.742391 0.926411 0.0408315 0.147177 3.19003e-05
7 0.440052 0.402554 0.0501114 0.107527 3.19326e-05
9 0.731997 0.992271 0.0326652 0.015457 3.19508e-05
6 0.598924 0.0198253 0.0241277 0.0288978 3.19595e-05
6 0.377506 0.0238575 0.081663 0.0477151 3.20734e-05
5 0.236266 0.0601478 0.293615 0.120296 3.20865e-05
6 0.169451 0.977487 0.0471418 0.0450269 3.20882e-05
6 0.226244 0.935484 0.0686711 0.122312 3.21022e-05
6 0.770045 0.499328 0.0330364 0.030914 3.22013e-05
6 0.49703 0.0907258 0.0489978 0.112903 3.22149e-05
6 0.509837 0.961358 0.0397179 0.0759409 3.22172e-05
6 0.372123 0.0574597 0.0634744 0.0598118 3.22199e-05
7 0.621195 0.407594 0.0107647 0.0866935 3.23133e-05
5 0.514291 0.078293 0.203044 0.109543 3.24482e-05
6 0.377691 0.563172 0.0211581 0.0376344 3.24668e-05
6 0.65052 0.543347 0.0449146 0.0477151 3.24796e-05
6 0.202858 0.519825 0.0256125 0.0369624 3.25047e-05
6 0.49239 0.00268817 0.0308092 0.00537634 3.25282e-05
6 0.722346 0.979503 0.0423163 0.0409946 3.25762e-05
6 0.0827765 0.0329301 0.0296956 0.0551075 3.26663e-05
6 0.433556 0.960685 0.0571641 0.0409946 3.26707e-05
6 0.223088 0.114919 0.0965108 0.107527 3.27145e-05
6 0.0879733 0.534274 0.11804 0.198925 3.27678e-05
6 0.168337 0.0114247 0.0144766 0.0215054 3.27688e-05
7 0.453415 0.386761 0.0419451 0.122984 3.27919e-05
6 0.544543 0.0110887 0.0155902 0.0221774 3.29098e-05
9 0.657387 0.988575 0.0267261 0.0228495 3.29998e-05
5 0.197847 0.197917 0.395694 0.395833 3.30464e-05
9 0.297513 0.978159 0.0909428 0.0436828 3.3139e-05
7 0.621381 0.395497 0.0556793 0.118952 3.32601e-05
5 0.138456 0.0245296 0.178916 0.0490591 3.32954e-05
6 0.365442 0.563508 0.109503 0.0638441 3.33702e-05
9 0.64124 0.988575 0.0270973 0.0228495 3.34053e-05
9 0.830735 0.992271 0.0386043 0.015457 3.34458e-05
6 0.505011 0.016129 0.0850037 0.0322581 3.35058e-05
6 0.965664 0.33703 0.0686711 0.233199 3.3573e-05
6 0.314402 0.562164 0.0274684 0.0396505 3.36017e-05
6 0.935226 0.0181452 0.0219005 0.0362903 3.36214e-05
6 0.221418 0.00772849 0.0256125 0.015457 3.37478e-05
9 0.264848 1 0.0694135 0 3.3765e-05
6 0.117112 0.077621 0.018931 0.0356183 3.3777e-05
6 0.00723831 0.00436828 0.0115071 0.00873656 3.3785e-05
9 0.470676 0.015457 0.0348924 0.030914 3.38485e-05
6 0.217149 0.0893817 0.0579065 0.0806452 3.39441e-05
6 0.989792 0.648185 0.0204157 0.335349 3.39482e-05
9 0.30271 1 0.0686711 0 3.39664e-05
6 0.179287 0.598454 0.0244989 0.0504032 3.40636e-05
6 0.16611 0.525202 0.0219005 0.0356183 3.4074e-05
6 0.986823 0.404906 0.0263549 0.229167 3.40821e-05
9 0.231811 0.992271 0.0352635 0.015457 3.41557e-05
6 0.26856 0.557124 0.0315516 0.0403226 3.42137e-05
6 0.00445434 0.332661 0.00890869 0.115591 3.42298e-05
6 0.340943 0.00604839 0.0835189 0.0120968 3.42852e-05
5 0.289532 0.93246 0.410542 0.0907258 3.43194e-05
6 0.271158 0.0799731 0.108018 0.0927419 3.43285e-05
6 0.194878 0.992944 0.0356347 0.0141129 3.4364e-05
6 0.597068 0.0396505 0.0382331 0.0793011 3.43781e-05
6 0.514291 0.548387 0.0241277 0.0443548 3.44022e-05
6 0.25464 0.00974462 0.0415739 0.0194892 3.45482e-05
6 0.434298 0.015121 0.0311804 0.0302419 3.46042e-05
7 0.448589 0.691196 0.0360059 0.109543 3.46402e-05
6 0.621195 0.0265457 0.0894581 0.0530914 3.47488e-05
6 0.299555 0.548723 0.0215293 0.0369624 3.48311e-05
10 0.994246 0.862567 0.0115071 0.12164 3.50247e-05
6 0.388456 0.484207 0.0426875 0.0517473 3.51427e-05
8 0.630846 0.00134409 0.0434298 0.00268817 3.52363e-05
6 0.540832 0.0137769 0.0853749 0.0275538 3.52712e-05
5 0.888456 0.0860215 0.118411 0.139785 3.52843e-05
7 0.660728 0.410282 0.0163326 0.0772849 3.52877e-05
6 0.244989 0.00571237 0.0267261 0.0114247 3.53234e-05
6 0.745546 0.938172 0.0345212 0.0725806 3.53246e-05
5 0.151076 0.911626 0.302153 0.176747 3.53381e-05
6 0.439124 0.00638441 0.0616184 0.0127688 3.53921e-05
6 0.464736 0.652554 0.0296956 0.0685484 3.53983e-05
6 0.728099 0.573253 0.300297 0.193548 3.54001e-05
6 0.884001 0.000672043 0.0567929 0.00134409 3.54106e-05
5 0.844655 0.390793 0.31069 0.559812 3.54343e-05
6 0.1134 0.0672043 0.0523385 0.0725806 3.54511e-05
6 0.758909 0.594086 0.0270973 0.047043 3.54511e-05
6 0.370267 0.490927 0.0219005 0.0477151 3.54538e-05
6 0.193578 0.563172 0.0241277 0.0416667 3.54944e-05
6 0.231626 0.00974462 0.0935412 0.0194892 3.5532e-05
6 0.591871 0.974126 0.0256125 0.0342742 3.55338e-05
7 0.716778 0.426411 0.0311804 0.0813172 3.55715e-05
6 0.731069 0.522849 0.0226429 0.0389785 3.56651e-05
6 0.791017 0.589046 0.0230141 0.0383065 3.56721e-05
9 0.230512 1 0.0690423 0 3.56756e-05
6 0.1585 0.594422 0.0200445 0.0490591 3.56799e-05
6 0.824425 0.0349462 0.106162 0.0698925 3.57036e-05
6 0.848552 0.59543 0.0230141 0.061828 3.5707e-05
6 0.536006 0.0564516 0.047513 0.063172 3.57109e-05
6 0.805494 0.990591 0.0311804 0.0188172 3.57509e-05
6 0.685969 0.0332661 0.0371195 0.0665323 3.57578e-05
6 0.405531 0.488911 0.0137342 0.0302419 3.5759e-05
6 0.995174 0.653898 0.00965108 0.159946 3.57734e-05
6 0.790832 0.0268817 0.126578 0.0537634 3.57965e-05
9 0.10245 0.987567 0.0861173 0.0248656 3.57983e-05
6 0.299926 0.0141129 0.0289532 0.0282258 3.5951e-05
6 0.572012 0.0137769 0.0319228 0.0275538 3.60364e-05
9 0.629547 0.980847 0.0445434 0.0383065 3.60803e-05
9 0.808834 0.978159 0.0868597 0.0436828 3.61531e-05
5 0.737194 0.0393145 0.181886 0.078629 3.6159e-05
5 0.516704 0.0225134 0.15219 0.0450269 3.62328e-05
6 0.55438 0.0131048 0.0293244 0.0262097 3.63219e-05
6 0.595212 0.015793 0.0300668 0.031586 3.64513e-05
6 0.795657 0.510753 0.0404603 0.0456989 3.64554e-05
6 0.935969 0.00268817 0.0567929 0.00537634 3.64748e-05
6 0.538604 0.164651 0.0386043 0.103495 3.65038e-05
6 0.241277 0.596438 0.0222717 0.0342742 3.68057e-05
9 0.984224 1 0.0315516 0 3.68192e-05
6 0.306793 0.976479 0.0159614 0.0336022 3.6838e-05
6 0.72513 0.515793 0.015219 0.0288978 3.68714e-05
5 0.493504 0.246976 0.0746102 0.114919 3.68995e-05
6 0.462695 0.966734 0.0545657 0.0436828 3.6985e-05
6 0.333519 0.00638441 0.0226429 0.0127688 3.72618e-05
4 0.0191166 0.616935 0.0382331 0.392473 3.72885e-05
9 0.942836 0.997648 0.0504826 0.0047043 3.73089e-05
5 0.812361 0.0766129 0.197847 0.135753 3.73618e-05
6 0.194135 0.978831 0.0460282 0.0423387 3.73855e-05
6 0.886229 0.966062 0.0389755 0.0450269 3.7491e-05
6 0.588159 0.645833 0.0419451 0.0846774 3.75501e-05
6 0.616926 0.977823 0.0371195 0.030914 3.76396e-05
6 0.294915 0.00705645 0.0300668 0.0141129 3.76921e-05
6 0.422791 0.00873656 0.0118782 0.0174731 3.77596e-05
6 0.29974 0.0204973 0.045657 0.0409946 3.78285e-05
6 0.158129 0.0168011 0.0393467 0.0336022 3.7872e-05
6 0.4098 0.565524 0.0593912 0.0477151 3.83305e-05
6 0.643467 0.0127688 0.0248701 0.0255376 3.83356e-05
6 0.190609 0.610215 0.0441722 0.0752688 3.83404e-05
6 0.00927988 0.554435 0.0126206 0.259409 3.83494e-05
6 0.391797 0.970094 0.0486266 0.0396505 3.83737e-05
2 0.511321 0.977823 0.977357 0.0443548 3.83756e-05
5 0.907758 0.214046 0.17706 0.249328 3.84045e-05
6 0.143467 0.576277 0.180772 0.328629 3.84781e-05
7 0.345954 0.427755 0.0319228 0.104167 3.85174e-05
5 0.229584 0.0339382 0.166667 0.0678763 3.8537e-05
6 0.227171 0.539651 0.0237565 0.0362903 3.85638e-05
6 0.233296 0.00638441 0.0337788 0.0127688 3.87326e-05
6 0.612658 0.567876 0.101336 0.0604839 3.89795e-05
6 0.981811 0.959341 0.0244989 0.0813172 3.90126e-05
6 0.523571 0.518145 0.0159614 0.0443548 3.9056e-05
6 0.0900148 0.0477151 0.0872309 0.0954301 3.91369e-05
7 0.589272 0.394825 0.0523385 0.12836 3.92258e-05
6 0.241463 0.545027 0.0248701 0.0403226 3.92407e-05
6 0.303452 0.518481 0.0256125 0.0342742 3.93616e-05
6 0.476986 0.0104167 0.0408315 0.0208333 3.94985e-05
5 0.33853 0.0500672 0.321455 0.100134 3.9534e-05
9 0.620082 0.00100806 0.0270973 0.00201613 3.95796e-05
6 0.662027 0.0131048 0.0204157 0.0262097 3.96232e-05
5 0.608018 0.217406 0.265776 0.213038 3.96331e-05
9 0.991091 0.96875 0.0178174 0.0625 3.96664e-05
6 0.477171 0.00705645 0.0241277 0.0141129 3.97785e-05
6 0.859317 0.00302419 0.047513 0.00604839 3.98302e-05
6 0.663697 0.539315 0.224202 0.139113 3.99654e-05
6 0.993875 0.216062 0.0122494 0.213038 3.99806e-05
6 0.324239 0.495296 0.0471418 0.0443548 3.99841e-05
6 0.687268 0.015121 0.0233853 0.0248656 4.0022e-05
6 0.559948 0.512097 0.0233853 0.0430108 4.00346e-05
6 0.530995 0.0137769 0.0204157 0.0275538 4.01837e-05
6 0.0324796 0.951277 0.0545657 0.0866935 4.0224e-05
6 0.597996 0.507056 0.0215293 0.0369624 4.03543e-05
6 0.159428 0.0144489 0.0211581 0.0194892 4.04645e-05
7 0.626021 0.419355 0.0352635 0.0994624 4.05083e-05
6 0.988864 0.975806 0.0155902 0.0483871 4.05258e-05
6 0.284521 0.512433 0.028582 0.0409946 4.05285e-05
6 0.694135 0.599126 0.047513 0.0571237 4.05532e-05
6 0.158315 0.972446 0.0389755 0.0403226 4.06543e-05
6 0.88363 0.949597 0.0352635 0.100806 4.07891e-05
6 0.742947 0.516129 0.0330364 0.0524194 4.07972e-05
6 0.414811 0.0211694 0.0679287 0.0423387 4.0811e-05
6 0.412398 0.00571237 0.0764662 0.0114247 4.09091e-05
6 0.989607 0.264449 0.0118782 0.118952 4.09111e-05
6 0.737565 0.978831 0.0415739 0.0423387 4.09415e-05
6 0.79343 0.979167 0.0412027 0.0416667 4.09803e-05
6 0.159243 0.570901 0.0252413 0.046371 4.09934e-05
6 0.462324 0.00436828 0.0657016 0.00873656 4.10249e-05
9 0.604491 1 0.0649592 0 4.10716e-05
6 0.839458 0.925403 0.09317 0.130376 4.11729e-05
6 0.812546 0.559812 0.0653304 0.0833333 4.12054e-05
7 0.325538 0.413642 0.0593912 0.124328 4.12164e-05
6 0.321084 0.0252016 0.0371195 0.0504032 4.12241e-05
6 0.736823 0.59879 0.0482554 0.0712366 4.12624e-05
6 0.992205 0.0114247 0.0118782 0.0228495 4.13012e-05
6 0.0569785 0.139449 0.0582777 0.116263 4.13429e-05
6 0.00501114 0.443884 0.0100223 0.125672 4.14564e-05
6 0.99536 0.261089 0.00927988 0.101478 4.14676e-05
6 0.344284 0.629368 0.0389755 0.0611559 4.17174e-05
2 0.176689 0.393481 0.149963 0.188844 4.21242e-05
6 0.988679 0.342406 0.0144766 0.122984 4.21785e-05
6 0.263177 0.530242 0.103192 0.0819892 4.22231e-05
9 0.931515 1 0.0746102 0 4.225e-05
6 0.832777 0.471438 0.0241277 0.0409946 4.2289e-05
6 0.38196 0.00537634 0.0764662 0.0107527 4.2346e-05
6 0.719005 0.492944 0.0222717 0.0396505 4.24035e-05
6 0.162769 0.00840054 0.0211581 0.0168011 4.24757e-05
6 0.272643 0.00571237 0.0278396 0.0114247 4.25347e-05
7 0.719376 0.424395 0.0126206 0.0745968 4.2571e-05
6 0.866926 0.062836 0.0649592 0.0880376 4.27483e-05
6 0.973274 0.533266 0.0534521 0.200941 4.28392e-05
6 0.918337 0.920699 0.0230141 0.0336022 4.2853e-05
9 0.640869 1 0.0686711 0 4.28934e-05
6 0.707869 0.0137769 0.0259837 0.0235215 4.29332e-05
6 0.837973 0.0265457 0.0204157 0.0530914 4.29334e-05
6 0.572383 0.672043 0.0660728 0.0913979 4.2946e-05
6 0.8415 0.521169 0.0660728 0.112231 4.30023e-05
6 0.819228 0.979167 0.0371195 0.0416667 4.3014e-05
6 0.963808 0.927419 0.0486266 0.145161 4.30249e-05
6 0.980141 0.046371 0.0397179 0.0927419 4.31189e-05
4 0.613957 0.830981 0.573125 0.140457 4.31298e-05
6 0.985895 0.062164 0.0193022 0.0826613 4.32708e-05
6 0.372309 0.0635081 0.135115 0.0651882 4.33001e-05
7 0.512064 0.381384 0.0278396 0.159274 4.33653e-05
6 0.89588 0.973118 0.0501114 0.0537634 4.33961e-05
6 0.984781 0.476815 0.030438 0.239919 4.3552e-05
6 0.369339 0.0235215 0.0445434 0.047043 4.35812e-05
6 0.936711 0.0346102 0.0233853 0.0490591 4.36032e-05
6 0.0451002 0.0295699 0.0902004 0.0591398 4.3694e-05
6 0.305122 0.483535 0.064588 0.0732527 4.37814e-05
6 0.304195 0.612903 0.0181886 0.0403226 4.38187e-05
6 0.750371 0.935484 0.0686711 0.100806 4.38831e-05
9 0.825909 0.997984 0.0979955 0.00403226 4.39235e-05
6 0.668337 0.0772849 0.0441722 0.063172 4.40379e-05
6 0.165182 0.621304 0.0259837 0.0571237 4.41276e-05
6 0.769117 0.980175 0.0415739 0.0396505 4.42832e-05
9 0.294915 0.990255 0.0219005 0.0194892 4.43223e-05
7 0.815145 0.405242 0.043801 0.094086 4.44579e-05
6 0.704343 0.994624 0.0360059 0.0107527 4.4476e-05
9 0.380475 0.991599 0.279881 0.0168011 4.45854e-05
6 0.54046 0.657258 0.0334076 0.0712366 4.45963e-05
7 0.700631 0.36996 0.0708983 0.113575 4.46085e-05
6 0.83389 0.00604839 0.0233853 0.0120968 4.46228e-05
6 0.994432 0.215726 0.0111359 0.0927419 4.47988e-05
6 0.695805 0.00638441 0.0226429 0.0127688 4.48388e-05
6 0.541945 0.602487 0.03415 0.0651882 4.49007e-05
6 0.0536377 0.492272 0.0790646 0.182124 4.50127e-05
6 0.491277 0.653226 0.0345212 0.0913979 4.50867e-05
5 0.620082 0.954973 0.404974 0.0900538 4.5129e-05
6 0.994061 0.327285 0.0118782 0.142473 4.52173e-05
6 0.292316 0.0221774 0.146622 0.0443548 4.52583e-05
6 0.895509 0.989583 0.0397179 0.0208333 4.52696e-05
6 0.203229 0.577621 0.0174462 0.0369624 4.52896e-05
6 0.784892 0.49664 0.0196733 0.0295699 4.54624e-05
0 0.00426875 0.888777 0.00853749 0.122984 4.55765e-05
6 0.990906 0.106855 0.0115071 0.0954301 4.57247e-05
7 0.645137 0.408938 0.017075 0.0799731 4.62506e-05
7 0.308834 0.40793 0.118782 0.153226 4.63422e-05
6 0.445991 0.49496 0.0412027 0.0423387 4.64162e-05
6 0.172235 0.943548 0.0527097 0.0900538 4.71613e-05
9 0.570898 0.990927 0.115813 0.0181452 4.72361e-05
9 0.861915 1 0.064588 0 4.73074e-05
6 0.581106 0.0114247 0.0946548 0.0228495 4.73283e-05
6 0.159614 0.538979 0.0185598 0.0322581 4.73958e-05
6 0.886043 0.534946 0.0846325 0.157258 4.74349e-05
6 0.0081663 0.40961 0.0118782 0.114919 4.7547e-05
9 0.0883445 0.966062 0.144766 0.0678763 4.75887e-05
5 0.677988 0.0325941 0.182257 0.0651882 4.78243e-05
9 0.218077 0.992271 0.0352635 0.015457 4.80132e-05
9 0.824425 1 0.0690423 0 4.8043e-05
5 0.767075 0.0225134 0.19562 0.0450269 4.81335e-05
6 0.509465 0.0107527 0.0278396 0.0215054 4.81461e-05
5 0.716964 0.944892 0.402004 0.077957 4.81633e-05
6 0.739607 0.577285 0.0263549 0.0416667 4.81965e-05
6 0.50167 0.461022 0.049369 0.0524194 4.82799e-05
6 0.423534 0.483871 0.0267261 0.0430108 4.83722e-05
6 0.97216 0.195228 0.0556793 0.234543 4.84069e-05
6 0.742576 0.990591 0.032294 0.0188172 4.84073e-05
6 0.638827 0.500672 0.0400891 0.0362903 4.84261e-05
9 0.749072 1 0.0727543 0 4.84283e-05
6 0.28712 0.545027 0.0219005 0.0362903 4.84467e-05
6 0.292687 0.0124328 0.049369 0.0248656 4.86638e-05
6 0.77487 0.588374 0.0345212 0.0571237 4.87392e-05
6 0.735152 0.588374 0.0248701 0.0383065 4.87661e-05
6 0.308834 0.00638441 0.0259837 0.0127688 4.88484e-05
6 0.468263 0.00336022 0.0345212 0.00672043 4.89307e-05
9 0.786934 1 0.0712695 0 4.89331e-05
6 0.230698 0.0114247 0.0538233 0.0228495 4.89807e-05
6 0.488307 0.0137769 0.049369 0.0275538 4.92275e-05
6 0.718263 0.0383065 0.0423163 0.047043 4.92477e-05
6 0.655345 0.487231 0.108018 0.061828 4.93328e-05
6 0.188196 0.607863 0.130661 0.132392 4.94419e-05
6 0.768374 0.990927 0.0334076 0.0181452 4.95455e-05
9 0.676689 1 0.0697847 0 4.95601e-05
6 0.432442 0.00235215 0.0326652 0.0047043 4.97015e-05
6 0.788604 0.0201613 0.0634744 0.0403226 4.9726e-05
6 0.182071 0.522849 0.0241277 0.0376344 5.01139e-05
7 0.627506 0.393145 0.015219 0.103495 5.01391e-05
7 0.353192 0.423723 0.0137342 0.0759409 5.0188e-05
6 0.689124 0.015793 0.0694135 0.031586 5.04195e-05
6 0.592799 0.459677 0.0289532 0.063172 5.04511e-05
5 0.0562361 0.976479 0.112472 0.047043 5.06267e-05
8 0.951373 0.990927 0.0972532 0.0181452 5.07028e-05
6 0.75631 0.00638441 0.0226429 0.0127688 5.07093e-05
9 0.869154 0.990255 0.0412027 0.0194892 5.07428e-05
6 0.707313 0.0208333 0.0478842 0.0416667 5.07467e-05
6 0.270601 0.0104167 0.0460282 0.0208333 5.07576e-05
5 0.746845 0.335349 0.50631 0.670699 5.07735e-05
6 0.989235 0.43078 0.0215293 0.282258 5.09895e-05
6 0.293987 0.983871 0.0319228 0.0322581 5.10406e-05
9 0.208055 0.983871 0.0605048 0.0322581 5.11325e-05
6 0.73441 0.603159 0.136971 0.140457 5.12136e-05
6 0.139198 0.582325 0.134373 0.179435 5.12997e-05
6 0.897364 0.953629 0.0449146 0.061828 5.13555e-05
6 0.407016 0.501344 0.0181886 0.030914 5.14901e-05
6 0.730512 0.949261 0.0400891 0.078629 5.16538e-05
6 0.24369 0.993952 0.0441722 0.0120968 5.16992e-05
6 0.255754 0.992944 0.0311804 0.0141129 5.17956e-05
6 0.829993 0.504704 0.0363771 0.0443548 5.18711e-05
2 0.534892 0.432124 0.595397 0.134409 5.1974e-05
6 0.721232 0.623656 0.0215293 0.0403226 5.20193e-05
6 0.264291 0.529234 0.0267261 0.0342742 5.20678e-05
6 0.629176 0.976142 0.0319228 0.031586 5.21864e-05
9 0.681329 0.988239 0.0278396 0.0235215 5.21995e-05
6 0.729399 0.0510753 0.0430586 0.047043 5.24503e-05
6 0.819042 0.990927 0.0308092 0.0181452 5.25034e-05
9 0.667595 0.980175 0.0389755 0.0396505 5.3038e-05
6 0.695249 0.566868 0.108389 0.0840054 5.30406e-05
6 0.444506 0.635417 0.0449146 0.0987903 5.31175e-05
9 0.713252 1 0.0723831 0 5.31313e-05
6 0.755011 0.0094086 0.0371195 0.0188172 5.31737e-05
6 0.536006 0.0285618 0.0571641 0.0571237 5.32196e-05
9 0.657016 0.99328 0.0482554 0.0134409 5.32884e-05
6 0.919451 0.926075 0.0296956 0.119624 5.35878e-05
6 0.793244 0.990591 0.03415 0.0188172 5.36282e-05
6 0.279324 0.983535 0.0337788 0.0329301 5.41844e-05
5 0.871752 0.175739 0.256496 0.261425 5.43072e-05
6 0.262249 0.537298 0.0523385 0.0517473 5.43687e-05
6 0.809577 0.00235215 0.0527097 0.0047043 5.43837e-05
6 0.320898 0.00638441 0.0256125 0.0127688 5.44035e-05
5 0.390312 0.0221774 0.249814 0.0443548 5.44466e-05
0 0.987936 0.885417 0.0115071 0.163306 5.49349e-05
5 0.635672 0.0517473 0.349295 0.103495 5.50152e-05
6 0.61637 0.508737 0.0278396 0.0416667 5.51682e-05
6 0.517446 0.603831 0.0430586 0.0853495 5.51933e-05
5 0.796214 0.989247 0.407572 0.0215054 5.54089e-05
6 0.695063 0.489919 0.0909428 0.0685484 5.55655e-05
6 0.988122 0.334677 0.0237565 0.197581 5.56011e-05
6 0.657944 0.0188172 0.0293244 0.0376344 5.56927e-05
9 0.667595 0.988911 0.0300668 0.0221774 5.57584e-05
6 0.852636 0.52621 0.0207869 0.0336022 5.58128e-05
6 0.957869 0.464046 0.0805494 0.210349 5.58243e-05
6 0.194878 0.540995 0.0334076 0.0376344 5.59604e-05
5 0.23905 0.179772 0.478099 0.359543 5.61015e-05
6 0.681515 0.00604839 0.0193022 0.0120968 5.61683e-05
6 0.620453 0.538642 0.0419451 0.0450269 5.6223e-05
6 0.554009 0.000672043 0.0196733 0.00134409 5.62362e-05
6 0.143653 0.990591 0.0593912 0.0188172 5.62879e-05
7 0.278025 0.151882 0.0400891 0.215054 5.64068e-05
6 0.31069 0.53125 0.125464 0.078629 5.64649e-05
6 0.314217 0.585013 0.189681 0.116263 5.64742e-05
6 0.278953 0.527218 0.0211581 0.031586 5.64916e-05
6 0.680587 0.0094086 0.0315516 0.0188172 5.65286e-05
6 0.90386 0.926075 0.0445434 0.0577957 5.66456e-05
6 0.465479 0.607191 0.0296956 0.0530914 5.6672e-05
6 0.515033 0.521169 0.0181886 0.046371 5.67672e-05
6 0.479399 0.00302419 0.0330364 0.00604839 5.69643e-05
6 0.43337 0.0107527 0.0256125 0.0215054 5.70678e-05
6 0.218448 0.993952 0.0449146 0.0120968 5.70746e-05
6 0.409243 0.531922 0.0560505 0.0356183 5.71988e-05
6 0.755382 0.993616 0.0430586 0.0127688 5.72027e-05
6 0.844284 0.509073 0.0374907 0.0450269 5.72134e-05
6 0.623979 0.589382 0.0579065 0.0604839 5.72618e-05
6 0.302895 0.561828 0.0215293 0.0336022 5.76161e-05
6 0.985709 0.00571237 0.028582 0.0114247 5.76195e-05
7 0.551225 0.385081 0.0497402 0.120968 5.78661e-05
7 0.631403 0.409274 0.013363 0.0927419 5.7934e-05
6 0.497773 0.030578 0.060876 0.0611559 5.80316e-05
6 0.464736 0.525202 0.0348924 0.031586 5.81872e-05
9 0.463808 0.991263 0.211952 0.0174731 5.82221e-05
6 0.440052 0.0144489 0.0523385 0.0288978 5.8341e-05
6 0.463994 0.495632 0.0319228 0.0342742 5.84767e-05
10 0.996102 0.909946 0.0077951 0.107527 5.85297e-05
6 0.782851 0.00369624 0.0601336 0.00739247 5.86313e-05
6 0.716964 0.0571237 0.113215 0.0806452 5.86321e-05
9 0.615442 0.99832 0.077951 0.00336022 5.86335e-05
8 0.971604 0.962702 0.0567929 0.0745968 5.86963e-05
5 0.609688 0.927083 0.338159 0.0692204 5.88985e-05
6 0.517075 0.965054 0.0222717 0.0443548 5.89999e-05
9 0.790646 0.998992 0.0927988 0.00201613 5.91988e-05
9 0.121381 0.990927 0.095026 0.0181452 5.92832e-05
9 0.931515 0.979839 0.0463994 0.0403226 5.95318e-05
9 0.975687 0.987903 0.0486266 0.0241935 5.97599e-05
6 0.553638 0.0147849 0.0270973 0.0295699 5.97615e-05
6 0.958241 0.0396505 0.0746102 0.0793011 5.9809e-05
6 0.789161 0.0903898 0.124722 0.0880376 6.00999e-05
6 0.509837 0.00571237 0.0196733 0.0114247 6.02261e-05
7 0.167223 0.379368 0.0723831 0.109543 6.03815e-05
6 0.991091 0.282594 0.0178174 0.159274 6.06271e-05
6 0.195063 0.616263 0.0219005 0.0416667 6.0643e-05
6 0.179844 0.556116 0.0916852 0.0866935 6.06607e-05
6 0.810505 0.561828 0.136229 0.181452 6.08716e-05
6 0.834076 0.0047043 0.0126206 0.0094086 6.09143e-05
6 0.592984 0.00403226 0.0300668 0.00806452 6.09955e-05
6 0.854491 0.453965 0.0267261 0.0598118 6.11133e-05
6 0.732554 0.0204973 0.0367483 0.0409946 6.11332e-05
9 0.907758 0.974798 0.0998515 0.0504032 6.14658e-05
5 0.695434 0.0204973 0.200817 0.0409946 6.14984e-05
9 0.0291388 0.990591 0.0582777 0.0188172 6.17029e-05
6 0.833519 0.0164651 0.0219005 0.0329301 6.17539e-05
6 0.395137 0.599462 0.0553081 0.0577957 6.17576e-05
6 0.318671 0.0120968 0.0404603 0.0241935 6.19289e-05
9 0.900705 1 0.0664439 0 6.19324e-05
6 0.387713 0.498656 0.0300668 0.0362903 6.20322e-05
6 0.553267 0.650874 0.0382331 0.0853495 6.21219e-05
6 0.74703 0.532594 0.113215 0.0920699 6.23938e-05
6 0.203972 0.515121 0.0916852 0.12164 6.2413e-05
6 0.469376 0.0241935 0.0657016 0.0483871 6.25374e-05
6 0.220304 0.580981 0.0226429 0.0396505 6.28648e-05
6 0.0315516 0.918011 0.0631032 0.163978 6.29162e-05
6 0.181886 0.5 0.0571641 0.0712366 6.29198e-05
6 0.313103 0.0120968 0.0783222 0.0241935 6.29694e-05
6 0.363029 0.511089 0.0215293 0.0409946 6.30003e-05
6 0.731626 0.993616 0.0386043 0.0127688 6.30054e-05
6 0.268931 0.992271 0.0308092 0.015457 6.30139e-05
6 0.217706 0.603831 0.0404603 0.0544355 6.30193e-05
9 0.842056 0.984543 0.208983 0.030914 6.30276e-05
6 0.675575 0.0248656 0.0363771 0.0497312 6.30919e-05
6 0.56997 0.00403226 0.032294 0.00806452 6.31151e-05
6 0.710097 0.0524194 0.0408315 0.0443548 6.31856e-05
6 0.505568 0.600134 0.279881 0.221774 6.32114e-05
6 0.856533 0.977151 0.0486266 0.0456989 6.32337e-05
6 0.27951 0.56082 0.0230141 0.0329301 6.33368e-05
6 0.411656 0.502016 0.0408315 0.0336022 6.36752e-05
6 0.989792 0.583333 0.0174462 0.13172 6.37065e-05
5 0.707313 0.250336 0.2268 0.206317 6.4242e-05
6 0.903489 0.939852 0.0593912 0.120296 6.44949e-05
6 0.10412 0.941532 0.0894581 0.0725806 6.45074e-05
6 0.237008 0.605511 0.0441722 0.0524194 6.45137e-05
6 0.710653 0.550739 0.0211581 0.0342742 6.47451e-05
6 0.758723 0.508065 0.0712695 0.063172 6.48139e-05
9 0.701745 0.988911 0.0181886 0.0221774 6.48866e-05
6 0.583148 0.015457 0.0296956 0.030914 6.49987e-05
6 0.603007 0.53293 0.0337788 0.047043 6.50633e-05
6 0.145509 0.947917 0.0534521 0.078629 6.54819e-05
6 0.643467 0.603159 0.0389755 0.0477151 6.55441e-05
5 0.565887 0.0346102 0.183742 0.0692204 6.56821e-05
6 0.58853 0.0047043 0.0560505 0.0094086 6.61658e-05
6 0.881589 0.994288 0.0504826 0.0114247 6.62214e-05
6 0.55902 0.0238575 0.0267261 0.0329301 6.62433e-05
6 0.540832 0.00268817 0.0311804 0.00537634 6.64867e-05
6 0.615627 0.00638441 0.0642168 0.0127688 6.66319e-05
6 0.769117 0.132392 0.0230141 0.0268817 6.67245e-05
6 0.258909 0.61828 0.018931 0.0564516 6.72531e-05
6 0.644581 0.0181452 0.0300668 0.0362903 6.73948e-05
6 0.676875 0.0211694 0.0196733 0.0262097 6.78178e-05
6 0.509465 0.00134409 0.0196733 0.00268817 6.79991e-05
6 0.519673 0.0248656 0.0274684 0.0497312 6.80123e-05
9 0.641054 0.991263 0.0393467 0.0174731 6.81476e-05
6 0.832405 0.0047043 0.0419451 0.0094086 6.81608e-05
9 0.751856 0.998992 0.0842613 0.00201613 6.84932e-05
6 0.508352 0.964382 0.0219005 0.0443548 6.8511e-05
5 0.546028 0.12332 0.852264 0.24664 6.85209e-05
9 0.778396 0.981519 0.0794358 0.0369624 6.85285e-05
6 0.269117 0.604839 0.143281 0.106183 6.8573e-05
5 0.71418 0.125 0.571641 0.25 6.8767e-05
6 0.487194 0.00336022 0.0575353 0.00672043 6.89552e-05
6 0.870082 0.900538 0.105419 0.137097 6.91488e-05
6 0.448404 0.00974462 0.0215293 0.0194892 6.92979e-05
7 0.530438 0.710685 0.0519673 0.143145 6.95122e-05
6 0.906459 0.969758 0.0593912 0.0537634 7.02795e-05
7 0.706756 0.408266 0.0378619 0.0947581 7.06951e-05
6 0.696548 0.528898 0.0582777 0.0577957 7.07105e-05
6 0.555494 0.0127688 0.0144766 0.0255376 7.08494e-05
5 0.886785 0.808804 0.226429 0.382392 7.12622e-05
5 0.188567 0.991599 0.377134 0.0168011 7.13108e-05
5 0.320341 0.0107527 0.190794 0.0215054 7.17712e-05
6 0.801967 0.487567 0.0605048 0.0907258 7.17864e-05
6 0.253341 0.570229 0.0226429 0.0356183 7.19587e-05
6 0.289903 0.53293 0.043801 0.0443548 7.20351e-05
6 0.462138 0.481855 0.0326652 0.0443548 7.22458e-05
6 0.0551225 0.132056 0.0412027 0.213038 7.22617e-05
6 0.509837 0.0168011 0.0263549 0.0336022 7.27268e-05
6 0.529324 0.00302419 0.0326652 0.00604839 7.27846e-05
6 0.641611 0.528226 0.0426875 0.0443548 7.28259e-05
6 0.669451 0.00504032 0.0181886 0.0100806 7.31748e-05
6 0.329993 0.598118 0.0193022 0.0416667 7.36627e-05
6 0.668708 0.00873656 0.0300668 0.0174731 7.37351e-05
6 0.21585 0.569892 0.0204157 0.0389785 7.40749e-05
6 0.987008 0.267473 0.0259837 0.180108 7.4414e-05
6 0.391611 0.557124 0.0482554 0.0497312 7.46106e-05
9 0.376763 0.982191 0.047513 0.0342742 7.46435e-05
6 0.719191 0.00806452 0.0256125 0.016129 7.46558e-05
6 0.811062 0.511761 0.0519673 0.0571237 7.47115e-05
6 0.289161 0.492944 0.0126206 0.0288978 7.47596e-05
6 0.717335 0.589718 0.0374907 0.0557796 7.48745e-05
6 0.493133 0.609207 0.0337788 0.0772849 7.49412e-05
6 0.347996 0.0235215 0.0374907 0.047043 7.51984e-05
6 0.274684 0.569556 0.0207869 0.0356183 7.52794e-05
6 0.557721 0.0396505 0.0449146 0.0793011 7.53989e-05
5 0.216036 0.24664 0.242762 0.350806 7.54278e-05
6 0.277283 0.490591 0.0660728 0.077957 7.56015e-05
6 0.744061 0.00604839 0.0226429 0.0120968 7.58686e-05
5 0.538047 0 0.148107 0 7.64706e-05
9 0.929102 0.958669 0.0504826 0.0826613 7.65884e-05
6 0.714736 0.519825 0.104306 0.0826613 7.6777e-05
6 0.662398 0.0114247 0.0634744 0.0228495 7.7177e-05
6 0.168151 0.993616 0.0519673 0.0127688 7.72521e-05
9 0.53879 0.99496 0.275056 0.0100806 7.73511e-05
6 0.788419 0.0850134 0.0571641 0.0732527 7.73713e-05
6 0.501114 0.538642 0.221232 0.120296 7.758e-05
6 0.817558 0.498656 0.0181886 0.0336022 7.75813e-05
5 0.365999 0.876344 0.50631 0.130376 7.76985e-05
6 0.68931 0.557124 0.0497402 0.0443548 7.77175e-05
6 0.0382331 0.0571237 0.0764662 0.114247 7.80202e-05
6 0.241648 0.493616 0.0712695 0.0772849 7.80436e-05
5 0.690238 0.00336022 0.131774 0.00672043 7.83437e-05
6 0.1585 0.556788 0.0200445 0.0409946 7.83943e-05
6 0.0220861 0.0124328 0.0441722 0.0248656 7.84327e-05
6 0.193393 0.993952 0.0504826 0.0120968 7.89919e-05
4 0.0358203 0.610887 0.0530809 0.459677 7.90347e-05
9 0.295657 0.992271 0.032294 0.015457 7.90515e-05
6 0.657387 0.0047043 0.0200445 0.0094086 7.95411e-05
6 0.227543 0.595766 0.0215293 0.0369624 7.95676e-05
6 0.194878 0.601815 0.0200445 0.0409946 7.98486e-05
6 0.228471 0.615591 0.0219005 0.0376344 7.99631e-05
6 0.919636 0.943548 0.0567929 0.0349462 8.04699e-05
9 0.62732 0.987903 0.0319228 0.0241935 8.09987e-05
6 0.457313 0.0107527 0.0230141 0.0215054 8.12815e-05
5 0.286563 0.972446 0.359317 0.0551075 8.13242e-05
6 0.48905 0.490927 0.0337788 0.0383065 8.17394e-05
9 0.537676 0.994288 0.101336 0.0114247 8.19675e-05
5 0.266889 0.00571237 0.146251 0.0114247 8.19849e-05
6 0.0573497 0.130376 0.032294 0.0887097 8.22336e-05
6 0.204157 0.613575 0.0193022 0.0362903 8.24873e-05
7 0.709725 0.423051 0.0103935 0.0759409 8.24968e-05
6 0.435041 0.00974462 0.013363 0.0194892 8.25459e-05
6 0.832591 0.484879 0.0334076 0.0369624 8.27194e-05
6 0.816073 0.510753 0.018931 0.0336022 8.3408e-05
9 0.480883 0.982527 0.0545657 0.0349462 8.37263e-05
6 0.73144 0.00638441 0.0256125 0.0127688 8.38404e-05
6 0.781366 0.99328 0.0452858 0.0134409 8.39387e-05
5 0.473645 0.190524 0.0631032 0.160618 8.42431e-05
6 0.837231 0.0141129 0.0115071 0.0268817 8.44456e-05
6 0.359317 0.00504032 0.030438 0.0100806 8.46947e-05
7 0.738122 0.371304 0.125835 0.12164 8.48583e-05
6 0.656459 0.00840054 0.0315516 0.0168011 8.50557e-05
6 0.534892 0.015121 0.0482554 0.0302419 8.5201e-05
5 0.147736 0.316868 0.295471 0.633737 8.54282e-05
3 0.768745 0.535618 0.462509 0.928763 8.54866e-05
9 0.693022 0.979503 0.030438 0.0409946 8.55627e-05
6 0.0081663 0.367608 0.0118782 0.108871 8.56587e-05
6 0.569042 0.458669 0.0274684 0.0504032 8.57948e-05
6 0.994432 0.0759409 0.0111359 0.151882 8.60566e-05
6 0.562361 0.00268817 0.0541945 0.00537634 8.71295e-05
6 0.437082 0.661962 0.0642168 0.112903 8.72294e-05
6 0.838344 0.482527 0.0449146 0.077957 8.73068e-05
6 0.444506 0.563172 0.0530809 0.063172 8.74974e-05
5 0.847996 0.898185 0.304009 0.118952 8.75475e-05
6 0.698033 0.573253 0.0204157 0.0336022 8.7895e-05
9 0.456385 0.015121 0.0337788 0.0302419 8.79736e-05
5 0.511878 0.163306 0.0682999 0.135753 8.82016e-05
9 0.416852 0.984543 0.0319228 0.030914 8.82295e-05
6 0.644395 0.0047043 0.0207869 0.0094086 8.85389e-05
6 0.385857 0.528898 0.0337788 0.0376344 8.85562e-05
9 0.49536 0.974126 0.0567929 0.0517473 8.89585e-05
6 0.712695 0.502352 0.0430586 0.0490591 8.89724e-05
6 0.917409 0.94086 0.0939124 0.063172 8.90048e-05
6 0.833519 0.0120968 0.0100223 0.0241935 8.90459e-05
9 0.278768 0.992944 0.0326652 0.0141129 8.92082e-05
6 0.00853749 0.372312 0.013363 0.232527 8.93384e-05
6 0.267075 0.613911 0.0181886 0.0342742 8.9413e-05
9 0.628619 0.992271 0.0523385 0.015457 8.99271e-05
6 0.418894 0.517809 0.0308092 0.0329301 9.02627e-05
5 0.312546 0.918683 0.480327 0.162634 9.03887e-05
5 0.368411 0.0134409 0.134001 0.0268817 9.09497e-05
9 0.65219 1 0.0720119 0 9.14254e-05
6 0.715664 0.523185 0.0549369 0.0598118 9.14677e-05
7 0.829621 0.41297 0.0311804 0.0974462 9.17007e-05
5 0.619339 0.0171371 0.214922 0.0342742 9.20145e-05
7 0.573682 0.415323 0.049369 0.102151 9.22078e-05
6 0.636785 0.0094086 0.0671863 0.0188172 9.25027e-05
6 0.708797 0.00739247 0.0241277 0.0147849 9.27017e-05
6 0.573682 0.570229 0.0701559 0.0584677 9.32648e-05
3 0.0850037 0.597782 0.170007 0.804435 9.33318e-05
6 0.419822 0.49496 0.0215293 0.0342742 9.35021e-05
6 0.511693 0.0144489 0.0137342 0.0288978 9.35489e-05
5 0.752227 0.252352 0.495546 0.504704 9.35848e-05
5 0.954714 0.0766129 0.0905716 0.153226 9.37848e-05
6 0.270416 0.604167 0.0404603 0.0537634 9.42339e-05
7 0.348181 0.413306 0.017075 0.0860215 9.45509e-05
6 0.347624 0.00571237 0.0270973 0.0114247 9.48864e-05
6 0.73608 0.0204973 0.123979 0.0409946 9.49134e-05
6 0.317186 0.591398 0.0204157 0.0416667 9.50795e-05
6 0.730327 0.0100806 0.0404603 0.0201613 9.56693e-05
5 0.641425 0.0127688 0.129176 0.0255376 9.58207e-05
9 0.390497 0.985215 0.0334076 0.0295699 9.67236e-05
9 0.516889 0.980175 0.0330364 0.0396505 9.68337e-05
9 0.693022 0.988911 0.0237565 0.0221774 9.71512e-05
9 0.44098 0.97379 0.0393467 0.0524194 9.72702e-05
5 0.212138 0.937164 0.424276 0.125672 9.75319e-05
6 0.707869 0.0114247 0.0393467 0.0228495 9.80368e-05
6 0.283222 0.594758 0.0230141 0.0389785 9.81824e-05
5 0.532851 0.254704 0.278768 0.163978 9.83572e-05
6 0.169822 0.568548 0.0278396 0.047043 9.88297e-05
6 0.987379 0.153898 0.0252413 0.189516 9.9039e-05
6 0.270973 0.59375 0.0222717 0.0409946 9.90727e-05
6 0.774313 0.120296 0.060876 0.0739247 9.91653e-05
5 0.737565 0.00403226 0.122494 0.00806452 9.97477e-05
6 0.591128 0.577285 0.0404603 0.0497312 0.000100319
6 0.582591 0.00201613 0.0204157 0.00403226 0.000100436
6 0.815702 0.542339 0.0196733 0.0255376 0.00010072
6 0.570898 0.0107527 0.0252413 0.0215054 0.000100827
5 0.802895 0.0826613 0.394209 0.165323 0.000100994
4 0.753341 0.812164 0.493318 0.315188 0.000101066
6 0.515219 0.556788 0.0423163 0.0571237 0.000101301
9 0.667409 0.992271 0.0415739 0.015457 0.000101455
5 0.635672 0.881048 0.439866 0.142473 0.000101933
6 0.239421 0.580309 0.0549369 0.0557796 0.00010205
6 0.302895 0.594758 0.0207869 0.0389785 0.000102065
9 0.421307 0.976815 0.0579065 0.0383065 0.0001029
6 0.994432 0.596438 0.0111359 0.144489 0.000103468
6 0.822197 0.0725806 0.0326652 0.0873656 0.000103594
9 0.467335 0.986559 0.0311804 0.0268817 0.000103827
6 0.205085 0.597782 0.0181886 0.0356183 0.000103845
6 0.364143 0.566196 0.0356347 0.0369624 0.000104165
9 0.232554 0.985215 0.0597624 0.0295699 0.000104285
6 0.923348 0.932796 0.0426875 0.030914 0.000104589
6 0.00501114 0.37668 0.0100223 0.114919 0.000104755
3 0.606719 0.492272 0.609874 0.551747 0.000104982
6 0.30902 0.535618 0.0419451 0.0389785 0.000105177
6 0.292502 0.525874 0.0178174 0.0342742 0.000105319
9 0.96882 0.994624 0.0482554 0.0107527 0.000105715
6 0.736266 0.563844 0.107275 0.0927419 0.000106113
5 0.234039 0.114583 0.468077 0.229167 0.00010632
5 0.948033 0.200605 0.103935 0.313844 0.000106543
6 0.828693 0.490255 0.0196733 0.0342742 0.000106625
3 0.778211 0.582661 0.443578 0.487903 0.000106655
6 0.986266 0.93918 0.0274684 0.12164 0.000107286
6 0.517261 0.00336022 0.0300668 0.00672043 0.000107295
6 0.722903 0.554435 0.0256125 0.0336022 0.000107731
7 0.661099 0.424395 0.0593912 0.104167 0.000108134
5 0.499814 0.0450269 0.257981 0.0900538 0.0001082
5 0.0452858 0.133065 0.0905716 0.237903 0.00010867
6 0.490906 0.565524 0.0345212 0.0544355 0.000109069
6 0.775798 0.585013 0.0831477 0.118952 0.000109118
6 0.21882 0.599462 0.0211581 0.0376344 0.00010941
6 0.357275 0.0117608 0.045657 0.0235215 0.000109494
9 0.810505 0.989583 0.0575353 0.0208333 0.000109753
6 0.53248 0.00268817 0.0538233 0.00537634 0.000110091
6 0.539347 0.554435 0.0378619 0.0443548 0.000110498
9 0.705828 0.984543 0.0530809 0.030914 0.000111531
6 0.52023 0.0147849 0.0159614 0.0295699 0.000111812
6 0.76856 0.0873656 0.045657 0.0645161 0.000112495
6 0.283036 0.615255 0.0196733 0.0369624 0.000113774
4 0.194878 0.783602 0.389755 0.432796 0.000113839
5 0.241834 0.016129 0.12732 0.0322581 0.000113843
6 0.668337 0.581989 0.0463994 0.0577957 0.00011387
6 0.347996 0.569892 0.0449146 0.0456989 0.000114159
5 0.469376 0.00100806 0.168894 0.00201613 0.00011437
6 0.608946 0.0191532 0.0256125 0.0383065 0.000114837
9 0.450074 0.987903 0.0426875 0.0241935 0.000115081
6 0.290646 0.510753 0.0155902 0.0336022 0.000115213
0 0.990163 0.874328 0.0196733 0.251344 0.000115902
6 0.215479 0.575269 0.0515961 0.0591398 0.000116147
6 0.21752 0.613575 0.0178174 0.0376344 0.000116421
6 0.633074 0.0047043 0.0241277 0.0094086 0.000116675
9 0.684855 1 0.0668151 0 0.000117682
6 0.824981 0.0292339 0.0389755 0.0584677 0.00011798
9 0.430401 0.983871 0.0352635 0.0322581 0.000118211
9 0.856719 0.988239 0.0601336 0.0235215 0.000118479
7 0.522086 0.36996 0.0619896 0.0866935 0.000119505
9 0.717335 1 0.0694135 0 0.000119609
9 0.928545 0.993616 0.0553081 0.0127688 0.000119768
6 0.281923 0.548387 0.0619896 0.0551075 0.00011987
6 0.313289 0.572917 0.0207869 0.0356183 0.000120017
7 0.819228 0.40457 0.0178174 0.130376 0.000120156
6 0.563103 0.468078 0.0178174 0.0396505 0.000120607
9 0.545471 0.987567 0.0389755 0.0248656 0.000121708
5 0.833519 0.892137 0.332962 0.215726 0.000122232
6 0.727357 0.497312 0.0746102 0.0645161 0.000122422
6 0.562546 0.490927 0.0219005 0.0409946 0.000123366
6 0.796956 0.537634 0.0222717 0.0268817 0.000123516
6 0.578693 0.015121 0.0274684 0.0302419 0.000123562
6 0.989235 0.53125 0.017075 0.122984 0.000123801
6 0.506496 0.488575 0.0374907 0.047043 0.000124205
9 0.453972 0.00336022 0.03415 0.00672043 0.000124409
6 0.753526 0.507392 0.0259837 0.0282258 0.000125159
9 0.506867 0.987903 0.028582 0.0241935 0.000125467
6 0.808092 0.505712 0.0267261 0.0517473 0.000126748
6 0.282665 0.578293 0.0241277 0.0342742 0.000127019
6 0.167223 0.536626 0.0219005 0.0329301 0.00012845
6 0.255568 0.553091 0.0478842 0.0510753 0.00012913
6 0.711767 0.583669 0.0219005 0.0356183 0.000130365
6 0.344284 0.531922 0.0389755 0.0477151 0.000130485
9 0.403489 0.985215 0.0311804 0.0295699 0.000131318
6 0.230698 0.573925 0.301039 0.198925 0.000132047
5 0.508723 0.178427 0.337416 0.254704 0.000132414
9 0.389013 0.989583 0.180401 0.0208333 0.000132423
5 0.639013 0.00235215 0.139941 0.0047043 0.000133284
6 0.193578 0.52957 0.0226429 0.0336022 0.00013475
6 0.991463 0.493616 0.017075 0.132392 0.000135353
9 0.379733 0.990927 0.0348924 0.0181452 0.000136308
9 0.342242 0.981855 0.0386043 0.0362903 0.000136349
6 0.854863 0.449933 0.0519673 0.0893817 0.000136609
7 0.817558 0.418683 0.0716407 0.145161 0.000136679
6 0.794543 0.515457 0.0181886 0.0295699 0.000137302
6 0.631589 0.00873656 0.0360059 0.0174731 0.000137337
6 0.98905 0.538306 0.0219005 0.25672 0.000137396
6 0.146808 0.538979 0.0902004 0.0819892 0.000137485
5 0.100594 0.983535 0.201188 0.0329301 0.000137666
9 0.518374 0.99328 0.0315516 0.0134409 0.000137965
6 0.988493 0.906922 0.0163326 0.186156 0.000139698
6 0.827951 0.0641801 0.0144766 0.0638441 0.000142454
6 0.442279 0.52957 0.0545657 0.0389785 0.000142613
6 0.414625 0.558468 0.0319228 0.0362903 0.000143875
6 0.51392 0.519489 0.045657 0.0443548 0.000143966
6 0.994432 0.969758 0.0111359 0.0604839 0.000143984
9 0.55735 0.981855 0.045657 0.0362903 0.000144176
6 0.640683 0.578293 0.0371195 0.0409946 0.000144775
6 0.266333 0.567876 0.118411 0.0752688 0.000145441
5 0.389755 0.00268817 0.15516 0.00537634 0.000145477
5 0.174647 0.916331 0.349295 0.101478 0.00014563
6 0.257424 0.589718 0.0463994 0.0544355 0.000146754
9 0.381218 0.980847 0.0408315 0.0383065 0.000146854
9 0.527468 0.983199 0.0460282 0.030914 0.00014734
6 0.342428 0.587366 0.0426875 0.0456989 0.000147648
6 0.991463 0.387433 0.017075 0.140457 0.000148123
5 0.499072 0.195228 0.05902 0.143145 0.000148368
9 0.517817 0.987903 0.0289532 0.0241935 0.000148437
5 0.505011 0.938172 0.690794 0.123656 0.000148792
6 0.994432 0.0645161 0.0111359 0.0900538 0.000150039
6 0.580921 0.0124328 0.0163326 0.0248656 0.000150489
6 0.375464 0.504368 0.032294 0.0356183 0.000151558
5 0.633074 0.931116 0.388641 0.133737 0.000152609
6 0.536377 0.495296 0.0296956 0.0416667 0.000152825
4 0.49536 0.767473 0.734595 0.259409 0.00015332
6 0.618968 0.00571237 0.0226429 0.0114247 0.000153962
6 0.00742391 0.0688844 0.0118782 0.137769 0.00015409
9 0.667595 0.984543 0.173348 0.030914 0.000154516
6 0.370824 0.528562 0.0393467 0.0396505 0.000155163
9 0.69265 0.992944 0.0334076 0.0141129 0.000155782
6 0.778768 0.534946 0.0452858 0.0564516 0.000158345
9 0.582591 0.981519 0.0434298 0.0369624 0.000158493
9 0.330178 0.988911 0.0300668 0.0221774 0.000159065
6 0.433742 0.520161 0.032294 0.0362903 0.000159282
7 0.608389 0.421707 0.0408315 0.102823 0.00015984
6 0.59317 0.0131048 0.0274684 0.0262097 0.00015993
7 0.8415 0.429099 0.0460282 0.113575 0.000160812
9 0.507795 0.982863 0.0460282 0.0329301 0.000161178
9 0.580735 0.991935 0.0330364 0.016129 0.000161262
9 0.906273 0.991935 0.0612472 0.016129 0.000162684
0 0.00723831 0.87668 0.0107647 0.24664 0.00016328
6 0.571826 0.0245296 0.0434298 0.0490591 0.000168221
6 0.617112 0.0100806 0.0345212 0.0201613 0.000168614
9 0.49239 0.983871 0.0367483 0.0322581 0.000169476
6 0.8866 0.937836 0.0716407 0.0772849 0.000169755
6 0.736637 0.568548 0.049369 0.0524194 0.000171331
6 0.840572 0.545027 0.0463994 0.0672043 0.000172363
6 0.540275 0.540323 0.494061 0.233871 0.000172706
6 0.265776 0.574261 0.0527097 0.0517473 0.000173827
6 0.572569 0.0198253 0.0241277 0.0342742 0.000174395
6 0.7049 0.577285 0.0489978 0.0483871 0.000175272
6 0.595212 0.0100806 0.0159614 0.0201613 0.000175372
9 0.505939 0.982527 0.0378619 0.0349462 0.000175835
9 0.532108 0.981855 0.0419451 0.0362903 0.000176538
9 0.568114 0.986559 0.0360059 0.0255376 0.000177335
9 0.567929 0.991935 0.0319228 0.016129 0.000180238
6 0.257053 0.597782 0.0204157 0.0436828 0.000180401
6 0.355976 0.50504 0.0282108 0.0369624 0.000181129
6 0.60876 0.00672043 0.017075 0.0134409 0.000183331
9 0.409243 0.982527 0.062732 0.0349462 0.000184065
5 0.708241 0.97547 0.349666 0.0490591 0.000184154
9 0.568857 0.978159 0.0605048 0.0369624 0.000184478
6 0.312361 0.56922 0.049369 0.0443548 0.000185483
6 0.292687 0.613911 0.0181886 0.0356183 0.000186739
9 0.833519 0.990255 0.0567929 0.0194892 0.000187333
5 0.15219 0.97379 0.30438 0.0524194 0.000187833
9 0.748701 0.984543 0.0682999 0.030914 0.000188676
9 0.491648 0.992608 0.0300668 0.0147849 0.000190247
3 0.849295 0.608871 0.301411 0.751344 0.000193204
6 0.787676 0.531586 0.081663 0.0887097 0.000195987
6 0.00705271 0.0554435 0.00890869 0.0853495 0.000196005
6 0.182628 0.541667 0.0237565 0.0322581 0.000197492
6 0.991648 0.441532 0.0167038 0.138441 0.000199125
9 0.916481 0.987231 0.0764662 0.0255376 0.000200582
9 0.341314 0.990255 0.0426875 0.0194892 0.000202051
6 0.385301 0.569556 0.0326652 0.0342742 0.000202747
9 0.259651 0.987231 0.062732 0.0255376 0.000204078
6 0.994061 0.544355 0.0118782 0.135753 0.00020426
9 0.44265 0.991599 0.0315516 0.0168011 0.000206454
6 0.669265 0.542003 0.0519673 0.0517473 0.000210494
7 0.49703 0.367944 0.0838901 0.0961021 0.000210664
6 0.615256 0.565524 0.0434298 0.0409946 0.000211658
9 0.505197 0.99328 0.030438 0.0134409 0.000212071
6 0.783964 0.514113 0.0185598 0.0295699 0.000212477
5 0.499258 0.984879 0.521901 0.0302419 0.000212876
9 0.542131 0.980847 0.2951 0.0383065 0.000215963
7 0.477728 0.396841 0.077951 0.117608 0.000217352
6 0.741091 0.53461 0.0241277 0.031586 0.000218703
9 0.494618 0.989583 0.045657 0.0208333 0.000219139
9 0.530624 0.990591 0.0426875 0.0188172 0.000219307
6 0.294172 0.577957 0.0835189 0.0551075 0.000221846
9 0.308092 0.991599 0.0319228 0.0168011 0.000222233
9 0.468077 0.992944 0.0296956 0.0141129 0.000222806
9 0.47977 0.986895 0.0293244 0.0262097 0.000223063
9 0.469005 0.983199 0.0352635 0.0336022 0.000224642
6 0.435969 0.59375 0.0412027 0.0692204 0.000225453
6 0.555865 0.575269 0.0374907 0.0497312 0.000227187
6 0.591685 0.553763 0.0400891 0.0403226 0.000231006
9 0.580921 0.987231 0.0348924 0.0241935 0.000231035
6 0.293059 0.594758 0.0241277 0.0403226 0.00023642
6 0.848181 0.467742 0.0378619 0.0524194 0.000236783
6 0.545657 0.46707 0.0497402 0.0537634 0.00023879
7 0.817186 0.422715 0.0115071 0.0806452 0.000239511
9 0.317929 0.982863 0.0352635 0.0342742 0.000240099
6 0.758909 0.568212 0.0248701 0.031586 0.000240771
6 0.564588 0.553763 0.0408315 0.0416667 0.000241369
6 0.286006 0.563508 0.0397179 0.0436828 0.000245457
6 0.422977 0.506384 0.0278396 0.0383065 0.000249464
6 0.825167 0.510081 0.0185598 0.0336022 0.000252251
6 0.73144 0.571573 0.0248701 0.031586 0.000253977
9 0.317743 0.989247 0.0282108 0.0215054 0.000255022
6 0.435783 0.558804 0.030438 0.0383065 0.000267293
6 0.744432 0.519825 0.0233853 0.0302419 0.000268003
9 0.405716 0.982191 0.030438 0.0356183 0.000269994
6 0.581663 0.498992 0.18931 0.105511 0.000270819
5 0.831106 0.25336 0.333333 0.319892 0.000270836
9 0.463994 0.983535 0.0586489 0.0329301 0.000271398
6 0.5915 0.521169 0.028582 0.0423387 0.00027208
7 0.478842 0.678427 0.0489978 0.133737 0.000274845
9 0.404046 0.992271 0.0278396 0.015457 0.000276089
9 0.355419 0.992944 0.0508537 0.0141129 0.000277563
6 0.474759 0.570229 0.0489978 0.0880376 0.000284541
9 0.429473 0.991263 0.0296956 0.0174731 0.000286276
6 0.432999 0.503696 0.0278396 0.0329301 0.000287036
9 0.605976 0.986895 0.0412027 0.0262097 0.000291509
5 0.508166 0.96203 0.77951 0.0759409 0.000293971
5 0.797142 0.926075 0.405716 0.147849 0.000295553
2 0.287676 0.382728 0.449889 0.215726 0.000297851
6 0.834633 0.554099 0.0233853 0.0369624 0.000299843
9 0.430401 0.981519 0.0345212 0.0369624 0.000302224
9 0.44395 0.97547 0.0965108 0.0490591 0.000306908
2 0.2951 0.386761 0.258352 0.163306 0.000308118
6 0.298812 0.572917 0.0230141 0.0329301 0.00031705
9 0.543987 0.977151 0.0894581 0.0456989 0.000321088
5 0.5 0.0124328 0.320713 0.0248656 0.000327
6 0.79974 0.540659 0.0523385 0.0477151 0.000329822
6 0.290646 0.569892 0.0237565 0.0336022 0.000331863
5 0.292316 0.241599 0.545286 0.37836 0.000334146
9 0.681886 0.987567 0.0571641 0.0248656 0.000337301
8 0.991091 0.944556 0.0126206 0.110887 0.000338523
6 0.57127 0.503024 0.0371195 0.0436828 0.000339935
9 0.381218 0.982191 0.0786934 0.0356183 0.000341435
6 0.237008 0.580645 0.0270973 0.0443548 0.000342544
6 0.230141 0.55914 0.0571641 0.0483871 0.000343515
6 0.760393 0.519489 0.0256125 0.0295699 0.000346172
6 0.707498 0.552755 0.047513 0.0490591 0.000351174
6 0.78879 0.568548 0.0207869 0.0336022 0.000360257
9 0.456013 0.981519 0.0367483 0.0369624 0.000364331
6 0.776912 0.117272 0.0193022 0.0262097 0.000368878
9 0.607647 0.980175 0.0497402 0.0396505 0.000370101
6 0.598367 0.490591 0.0311804 0.0349462 0.00037327
9 0.330735 0.992608 0.043801 0.0147849 0.000373295
6 0.308278 0.587366 0.0345212 0.0456989 0.000378204
6 0.760765 0.549395 0.0701559 0.0732527 0.000380671
7 0.7049 0.420699 0.0935412 0.126344 0.000385349
6 0.193764 0.555108 0.176689 0.151882 0.000386093
9 0.615627 0.990255 0.0486266 0.0194892 0.000390177
9 0.567372 0.99328 0.0471418 0.0134409 0.000402314
6 0.991648 0.94254 0.0167038 0.093414 0.000410752
3 0.225316 0.546035 0.450631 0.679435 0.000411739
9 0.43634 0.980511 0.275056 0.0389785 0.00041433
9 0.394024 0.992271 0.0449146 0.015457 0.000415751
5 0.867298 0.978495 0.265405 0.0430108 0.000418263
6 0.174276 0.555108 0.0270973 0.0416667 0.000419185
9 0.593912 0.984879 0.167038 0.0302419 0.000419796
9 0.28582 0.988575 0.0601336 0.0228495 0.000422093
5 0.717892 0.204637 0.461767 0.347446 0.000430159
9 0.418151 0.99328 0.0404603 0.0134409 0.000436514
6 0.659057 0.497312 0.0441722 0.0389785 0.000443387
2 0.511878 0.359879 0.39124 0.18078 0.000443814
6 0.467892 0.650874 0.0842613 0.110887 0.000451191
6 0.59948 0.506384 0.0400891 0.0530914 0.000452791
6 0.23144 0.571237 0.0248701 0.0349462 0.000465926
9 0.511136 0.989583 0.060876 0.0208333 0.00047438
9 0.436154 0.982527 0.0638456 0.0349462 0.000487513
5 0.84948 0.962366 0.301039 0.0752688 0.000488234
6 0.573682 0.501008 0.0181886 0.0369624 0.000490289
6 0.533408 0.581653 0.0601336 0.0907258 0.000498478
6 0.204714 0.520161 0.045657 0.047043 0.000503388
9 0.544729 0.983871 0.05902 0.0322581 0.000503508
5 0.478842 0.235887 0.548627 0.258065 0.000505486
9 0.573497 0.985887 0.0712695 0.0282258 0.000539443
6 0.581106 0.488575 0.0382331 0.0483871 0.000549722
6 0.716778 0.567204 0.0378619 0.0349462 0.000560774
9 0.455271 0.993616 0.0449146 0.0127688 0.000562923
6 0.697105 0.500336 0.0415739 0.0436828 0.000567059
6 0.466407 0.609879 0.045657 0.0826613 0.00057806
6 0.719005 0.579637 0.0215293 0.0356183 0.000587308
6 0.52951 0.537634 0.0397179 0.0430108 0.000592282
7 0.508537 0.400874 0.0861173 0.122984 0.000594814
8 0.99369 0.911626 0.0126206 0.176747 0.000607512
2 0.733296 0.376344 0.490349 0.221774 0.00061261
9 0.317186 0.985551 0.172606 0.0288978 0.000612991
9 0.592613 0.988911 0.0486266 0.0221774 0.000622439
6 0.752227 0.524866 0.0278396 0.0295699 0.000645936
6 0.474944 0.53125 0.0553081 0.046371 0.000671175
9 0.542131 0.993616 0.0463994 0.0127688 0.000673199
6 0.777654 0.552419 0.0282108 0.0336022 0.000674164
6 0.713066 0.571573 0.0222717 0.0275538 0.000681266
6 0.528211 0.571573 0.0408315 0.0584677 0.000705272
5 0.505382 0.0739247 0.718263 0.147849 0.000705869
6 0.76856 0.540659 0.032294 0.0302419 0.00070729
6 0.501485 0.584341 0.0452858 0.0799731 0.000712135
2 0.730327 0.396169 0.224573 0.170027 0.000748713
6 0.8415 0.531922 0.0185598 0.0288978 0.000777694
6 0.780624 0.56754 0.0534521 0.0557796 0.000781266
6 0.467706 0.550403 0.0400891 0.0604839 0.000816949
6 0.295471 0.584341 0.0326652 0.0356183 0.000882298
6 0.762249 0.566532 0.0538233 0.0389785 0.000886312
6 0.775056 0.125672 0.0252413 0.0295699 0.000910243
6 0.758909 0.515793 0.0404603 0.0423387 0.000925086
5 0.503712 0.0288978 0.635486 0.0577957 0.000934782
9 0.606162 0.986223 0.0786934 0.0275538 0.000944211
9 0.479955 0.993616 0.0415739 0.0127688 0.000945611
6 0.748701 0.533602 0.0452858 0.0416667 0.0009501
6 0.57127 0.476478 0.0185598 0.030914 0.00098642
6 0.527283 0.664987 0.0649592 0.12164 0.00100161
6 0.5 0.610551 0.0638456 0.108199 0.00116299
6 0.544915 0.531586 0.0534521 0.0604839 0.00118542
6 0.771158 0.118952 0.0219005 0.0551075 0.00120657
4 0.502413 0.653898 0.451002 0.30914 0.00132966
9 0.312175 0.988911 0.0564217 0.0221774 0.00136346
3 0.5 0.436492 1 0.362231 0.00138013
6 0.184298 0.548051 0.0515961 0.0638441 0.0014416
5 0.5 0.899194 1 0.201613 0.00144545
6 0.500186 0.535954 0.0441722 0.0477151 0.00153026
6 0.498144 0.65457 0.077951 0.120968 0.00156082
6 0.770787 0.119288 0.0159614 0.0221774 0.00157517
6 0.726615 0.507729 0.0397179 0.0436828 0.00168089
6 0.843541 0.554771 0.0248701 0.0342742 0.00309663
6 0.582405 0.482863 0.0148478 0.031586 0.00439917
6 0.577209 0.486223 0.0163326 0.0342742 0.00475419
6 0.842428 0.546707 0.018931 0.0248656 0.00648518
6 0.590572 0.498992 0.0289532 0.0396505 0.00918174
6 0.185226 0.553091 0.0356347 0.0362903 0.0182414
6 0.770045 0.574933 0.0345212 0.0383065 0.0562159
6 0.587231 0.489247 0.0215293 0.0295699 0.151816
3 0.5 0.539315 1 0.829973 0.616021
4 0.497402 0.664315 0.933927 0.383737 0.836259
2 0.500371 0.358871 0.762435 0.223118 0.849823
5 0.502042 0.200269 0.830364 0.391129 0.87799
