6 0.27266 0.579568 0.0178306 0.0289953 2.87168e-05
5 0.660847 0.0515846 0.338782 0.103169 2.88142e-05
6 0.486999 0.623061 0.153789 0.121376 2.88467e-05
6 0.679049 0.137559 0.0267459 0.0269724 2.88692e-05
6 0.235327 0.00303439 0.070951 0.00606878 2.8888e-05
6 0.811664 0.170937 0.0200594 0.037087 2.89142e-05
7 0.624257 0.452124 0.0880386 0.0923803 2.89988e-05
6 0.964896 0.393122 0.0308321 0.124073 2.90576e-05
9 0.781761 0.548887 0.0360327 0.0350641 2.91041e-05
6 0.812964 0.0812542 0.0256315 0.149022 2.91284e-05
6 0.0995542 0.524275 0.142645 0.256912 2.91878e-05
6 0.679978 0.0832771 0.0308321 0.0330411 2.92295e-05
7 0.211553 0.443695 0.100669 0.141605 2.92457e-05
6 0.239413 0.584963 0.0144874 0.0249494 2.92695e-05
6 0.482541 0.528658 0.063893 0.0674309 2.92723e-05
6 0.554606 0.569117 0.0163447 0.0485502 2.93307e-05
6 0.080052 0.518206 0.044948 0.0613621 2.93476e-05
7 0.496471 0.44673 0.0234027 0.0694538 2.93832e-05
6 0.289747 0.0340526 0.18425 0.0681052 2.94087e-05
7 0.341196 0.491908 0.0345468 0.0964262 2.95826e-05
6 0.243128 0.994606 0.0538633 0.0107889 2.95888e-05
9 0.544205 0.988537 0.0401189 0.0229265 2.95931e-05
5 0.644131 0 0.142645 0 2.96082e-05
6 0.570951 0.00134862 0.0230312 0.00269724 2.96237e-05
6 0.291976 0.0111261 0.03789 0.0222522 2.96623e-05
6 0.961924 0.959204 0.0761516 0.0815914 2.96688e-05
6 0.192236 0.623736 0.0278603 0.0323668 2.96705e-05
6 0.718982 0.0660823 0.0672363 0.063385 2.97371e-05
7 0.519874 0.465273 0.0404903 0.0809171 2.97736e-05
6 0.966382 0.401888 0.0434621 0.28321 2.97833e-05
6 0.443165 0.0552933 0.0326894 0.0701281 2.97983e-05
6 0.201895 0.019555 0.0523774 0.0391099 2.98221e-05
7 0.122771 0.422792 0.0843239 0.183412 2.98775e-05
7 0.494985 0.469993 0.032318 0.15644 2.99215e-05
6 0.553678 0.000674309 0.0219168 0.00134862 2.99695e-05
5 0.510587 0.227579 0.245542 0.321645 3.00738e-05
6 0.506501 0.0296696 0.0204309 0.0593392 3.01058e-05
5 0.726226 0.136548 0.186478 0.140931 3.01942e-05
6 0.961181 0.0138233 0.0776374 0.0276467 3.02441e-05
6 0.825409 0.595078 0.0326894 0.037087 3.02917e-05
6 0.498328 0.704653 0.0271174 0.0606878 3.03145e-05
6 0.666419 0.661497 0.0200594 0.0337154 3.03794e-05
6 0.359584 0.0563048 0.0326894 0.0896831 3.04273e-05
9 0.677563 1 0.0653789 0 3.04827e-05
7 0.702266 0.434255 0.0902675 0.0809171 3.05366e-05
6 0.551263 0.102832 0.0572065 0.100472 3.06361e-05
6 0.168648 0.0815914 0.0668648 0.113284 3.06506e-05
6 0.656204 0.993594 0.0382615 0.0128119 3.06507e-05
6 0.4961 0.962913 0.0650074 0.0539447 3.07635e-05
6 0.257987 0.0074174 0.0174591 0.0148348 3.08504e-05
6 0.648403 0.562036 0.0286033 0.0384356 3.09334e-05
6 0.366456 0.00168577 0.0219168 0.00337154 3.09591e-05
6 0.807207 0.164531 0.038633 0.0755226 3.09787e-05
6 0.332095 0.0232637 0.0534918 0.0451787 3.10287e-05
6 0.288076 0.551247 0.0605498 0.0667566 3.11108e-05
9 0.733284 0.986851 0.064636 0.026298 3.11252e-05
6 0.132987 0.596089 0.0193165 0.0350641 3.11348e-05
6 0.142273 0.597775 0.0193165 0.0316925 3.11734e-05
6 0.437407 0.75354 0.0300892 0.0734997 3.12169e-05
6 0.581166 0.125759 0.0234027 0.0411328 3.12283e-05
6 0.990899 0.415374 0.0182021 0.330411 3.12499e-05
8 0.0447623 0.994606 0.0895245 0.0107889 3.13191e-05
6 0.729941 0.115307 0.0193165 0.028321 3.13756e-05
6 0.230869 0.202967 0.0308321 0.0269724 3.13821e-05
6 0.925334 0.425152 0.0884101 0.124747 3.14896e-05
6 0.0529346 0.5853 0.0471768 0.0687795 3.15332e-05
6 0.365156 0.127107 0.0267459 0.026298 3.15333e-05
6 0.463782 0.0144976 0.0234027 0.0289953 3.1551e-05
7 0.237556 0.516858 0.0130015 0.0451787 3.15517e-05
6 0.478455 0.0296696 0.0185736 0.0566419 3.16594e-05
6 0.286776 0.684423 0.0393759 0.0755226 3.17014e-05
6 0.59714 0.889413 0.0390045 0.045853 3.17626e-05
6 0.694651 0.666217 0.0222883 0.0445044 3.1796e-05
6 0.419019 0.139919 0.0208024 0.0357384 3.19197e-05
9 0.623886 0.983817 0.105869 0.0323668 3.20092e-05
6 0.381686 0.00573163 0.0791233 0.0114633 3.21124e-05
6 0.0999257 0.584963 0.101783 0.165206 3.21224e-05
6 0.341568 0.694875 0.0382615 0.0748483 3.21434e-05
6 0.440193 0.023938 0.0668648 0.0478759 3.21784e-05
6 0.642088 0.0134862 0.0338039 0.0269724 3.22991e-05
6 0.357541 0.023938 0.0338039 0.0478759 3.23154e-05
7 0.160475 0.468982 0.0326894 0.08294 3.25672e-05
6 0.805721 0.606204 0.0185736 0.0296696 3.25673e-05
6 0.628343 0.140931 0.0286033 0.0269724 3.25968e-05
6 0.677377 0.66588 0.0211738 0.0478759 3.2634e-05
6 0.180163 0.669589 0.0230312 0.0350641 3.26665e-05
6 0.990156 0.00505732 0.0115156 0.0101146 3.26725e-05
6 0.52136 0.0583277 0.0382615 0.116655 3.26798e-05
6 0.990342 0.266689 0.0141159 0.265003 3.27143e-05
6 0.285104 0.686784 0.155646 0.165206 3.27264e-05
6 0.282504 0.993931 0.0338039 0.0121376 3.28036e-05
5 0.167348 0.0249494 0.163076 0.0498989 3.28312e-05
6 0.905832 0.560013 0.0612927 0.0937289 3.28709e-05
7 0.754829 0.49056 0.0237741 0.0842886 3.29342e-05
9 0.34584 0.000674309 0.0297177 0.00134862 3.29378e-05
6 0.00464339 0.0600135 0.00928678 0.109238 3.29819e-05
6 0.729941 0.978422 0.0438336 0.0431558 3.30032e-05
6 0.167348 0.582603 0.0182021 0.0269724 3.30202e-05
6 0.682764 0.00505732 0.0334324 0.0101146 3.30214e-05
6 0.367199 0.130142 0.0954681 0.114633 3.30364e-05
6 0.544391 0.523601 0.0137444 0.0559676 3.31298e-05
6 0.767459 0.607215 0.0282318 0.0316925 3.31972e-05
6 0.504086 0.0225893 0.0705795 0.0451787 3.32774e-05
6 0.733655 0.658463 0.190193 0.166554 3.33249e-05
6 0.995542 0.625759 0.0089153 0.151045 3.33299e-05
6 0.989227 0.61025 0.0148588 0.113284 3.33615e-05
7 0.556464 0.465947 0.0245171 0.13621 3.33682e-05
6 0.654718 0.551922 0.0308321 0.0357384 3.33816e-05
6 0.719911 0.0708024 0.142645 0.0714767 3.34152e-05
6 0.804049 0.994606 0.0590639 0.0107889 3.34479e-05
9 0.432764 0.982805 0.0586924 0.0330411 3.34578e-05
6 0.619242 0.61025 0.0193165 0.0418071 3.35034e-05
6 0.00947251 0.318611 0.0115156 0.0856372 3.35255e-05
6 0.573923 0.00269724 0.0237741 0.00539447 3.35437e-05
6 0.288819 0.579906 0.0152303 0.0296696 3.36022e-05
6 0.0492199 0.603844 0.0984398 0.333783 3.36115e-05
6 0.641902 0.607215 0.0193165 0.0411328 3.36506e-05
5 0.363113 0.948415 0.348811 0.0775455 3.3665e-05
6 0.567236 0.128793 0.0178306 0.0391099 3.37299e-05
6 0.817608 0.628793 0.0237741 0.0316925 3.37691e-05
6 0.00668648 0.00708024 0.013373 0.0141605 3.38034e-05
6 0.723626 0.0549562 0.0312036 0.0734997 3.38453e-05
9 0.708952 0.985502 0.0657504 0.0289953 3.38875e-05
6 0.679421 0.62913 0.0193165 0.0296696 3.39296e-05
6 0.381686 0.538773 0.0241456 0.045853 3.40101e-05
7 0.632244 0.446392 0.0230312 0.074174 3.41207e-05
6 0.154532 0.604181 0.0170877 0.028321 3.41915e-05
6 0.810736 0.154754 0.019688 0.0424815 3.42168e-05
6 0.644131 0.980782 0.0579495 0.0384356 3.42181e-05
6 0.0408618 0.0178692 0.0817236 0.0357384 3.43904e-05
6 0.665862 0.0856372 0.0308321 0.0822657 3.44257e-05
6 0.569651 0.065408 0.0345468 0.0687795 3.45021e-05
6 0.237927 0.552933 0.0107727 0.0256237 3.46133e-05
6 0.526189 0.435603 0.0716939 0.0674309 3.47588e-05
6 0.00408618 0.984828 0.00817236 0.0303439 3.47922e-05
6 0.233841 0.197572 0.0442051 0.0822657 3.49037e-05
6 0.989785 0.0448415 0.00928678 0.0788941 3.4922e-05
7 0.231241 0.489211 0.057578 0.12205 3.50428e-05
5 0.222511 0.209036 0.109212 0.161834 3.51368e-05
6 0.920134 0.58058 0.0468053 0.107889 3.51608e-05
6 0.832838 0.0242751 0.0624071 0.0485502 3.52153e-05
6 0.142831 0.603844 0.0486627 0.054619 3.5224e-05
4 0.0176449 0.688469 0.0352897 0.384356 3.52364e-05
7 0.468239 0.479434 0.0330609 0.0849629 3.52454e-05
6 0.17422 0.657788 0.0438336 0.0708024 3.53159e-05
6 0.447437 0.00606878 0.0776374 0.0121376 3.53697e-05
6 0.524146 0.976399 0.0698365 0.0472016 3.54011e-05
6 0.693722 0.630142 0.0204309 0.0303439 3.55651e-05
6 0.476783 0 0.0330609 0 3.55992e-05
9 0.343982 0.982468 0.0430906 0.0350641 3.56142e-05
7 0.432949 0.722859 0.0679792 0.109238 3.56495e-05
9 0.662147 0.987525 0.0635215 0.0249494 3.56683e-05
6 0.606612 0.121038 0.0208024 0.0289953 3.56696e-05
6 0.404346 0.665543 0.0211738 0.0539447 3.57699e-05
9 0.607727 0.978085 0.0601783 0.0438301 3.57948e-05
6 0.329681 0.026298 0.0895245 0.0525961 3.58951e-05
6 0.367756 0.540459 0.0178306 0.0330411 3.59167e-05
5 0.468425 0.318948 0.0728083 0.160486 3.59428e-05
6 0.194837 0.102158 0.0605498 0.103169 3.59641e-05
6 0.596768 0.514161 0.0159733 0.0384356 3.60298e-05
6 0.192236 0.0431558 0.0546062 0.0863115 3.60754e-05
6 0.192236 0.557316 0.0152303 0.0276467 3.61773e-05
6 0.995542 0.516858 0.0089153 0.158463 3.64543e-05
6 0.282689 0.593729 0.0193165 0.0276467 3.64579e-05
6 0.630572 0.00202293 0.032318 0.00404585 3.64884e-05
6 0.322251 0 0.0263744 0 3.65159e-05
6 0.693722 0.136548 0.0256315 0.0249494 3.65809e-05
6 0.47864 0.0391099 0.0293462 0.0782198 3.67583e-05
6 0.622585 0.00842886 0.0170877 0.0168577 3.67979e-05
6 0.153046 0.582266 0.0163447 0.026298 3.67983e-05
6 0.989413 0.210384 0.0211738 0.249494 3.68597e-05
6 0.253157 0.585974 0.0263744 0.0242751 3.69249e-05
6 0.681278 0.143291 0.0423477 0.0465273 3.69427e-05
6 0.486441 0.108564 0.0397474 0.0822657 3.69438e-05
6 0.362741 0.134862 0.0390045 0.045853 3.69659e-05
6 0.619428 0.013149 0.0293462 0.026298 3.70106e-05
3 0.180535 0.717127 0.36107 0.565745 3.70166e-05
5 0.799777 0.013149 0.165676 0.026298 3.70454e-05
6 0.33451 0.0225893 0.0345468 0.0451787 3.70857e-05
6 0.0518202 0.151719 0.0783804 0.0849629 3.71114e-05
6 0.794391 0.934255 0.102897 0.13149 3.71546e-05
9 0.493685 0.00842886 0.0245171 0.0168577 3.717e-05
6 0.466568 0.107552 0.0297177 0.0559676 3.72595e-05
5 0.442608 0.997977 0.403046 0.00404585 3.734e-05
6 0.740899 0.584963 0.0531204 0.054619 3.7381e-05
6 0.543834 0.542144 0.0163447 0.0498989 3.74457e-05
6 0.110327 0.00303439 0.0185736 0.00606878 3.74553e-05
9 0.356798 0.991234 0.0308321 0.017532 3.75294e-05
6 0.995728 0.325017 0.00854383 0.0836143 3.75352e-05
9 0.714896 1 0.0657504 0 3.75429e-05
6 0.412147 0.536413 0.0278603 0.0411328 3.75964e-05
6 0.594354 0.577883 0.0416048 0.0350641 3.76523e-05
9 0.614227 0.994606 0.104383 0.0107889 3.77135e-05
7 0.486256 0.860081 0.02526 0.0492245 3.77194e-05
6 0.23997 0.19555 0.0312036 0.0296696 3.78489e-05
6 0.717311 0.584963 0.0527489 0.0532704 3.79083e-05
6 0.145802 0.0586649 0.0887816 0.11733 3.79438e-05
9 0.480869 0.00944032 0.0256315 0.0188806 3.79983e-05
9 0.331352 0.99056 0.0364042 0.0188806 3.80282e-05
6 0.666605 0.580917 0.0412333 0.0451787 3.81058e-05
6 0.994056 0.160148 0.0118871 0.132839 3.82089e-05
6 0.142273 0.5853 0.038633 0.0445044 3.82368e-05
6 0.322251 0.554619 0.0442051 0.0559676 3.82944e-05
6 0.582095 0.0114633 0.0185736 0.0229265 3.83497e-05
6 0.532132 0.0273095 0.0642645 0.054619 3.84551e-05
6 0.214153 0.697235 0.22474 0.226568 3.84614e-05
6 0.434993 0.97269 0.0720654 0.054619 3.84982e-05
6 0.993871 0.301753 0.0122585 0.223196 3.87492e-05
6 0.404346 0.656777 0.151189 0.101146 3.88071e-05
5 0.673291 0.101483 0.164562 0.100472 3.88564e-05
7 0.501857 0.489548 0.02526 0.0701281 3.88794e-05
6 0.658618 0.0947404 0.0341753 0.0343897 3.88833e-05
7 0.290305 0.473365 0.0850669 0.130816 3.89057e-05
6 0.615528 0.121376 0.0215453 0.028321 3.90105e-05
5 0.246471 0.0225893 0.187593 0.0451787 3.90863e-05
5 0.802006 0.279501 0.128529 0.265003 3.91082e-05
5 0.692051 0.9265 0.46211 0.146999 3.92128e-05
9 0.575223 0.971679 0.397845 0.0566419 3.92826e-05
6 0.265416 0.673297 0.0598068 0.0708024 3.92884e-05
9 0.207281 0.617667 0.0208024 0.0296696 3.93592e-05
6 0.615899 0.123736 0.0334324 0.0424815 3.94253e-05
7 0.385587 0.456844 0.0497771 0.0964262 3.9446e-05
6 0.359955 0.0519218 0.0215453 0.0337154 3.95723e-05
6 0.289562 0.686784 0.018945 0.0357384 3.95926e-05
6 0.0895245 0.613958 0.0661218 0.0788941 3.96684e-05
6 0.64153 0.989211 0.0586924 0.0215779 3.96752e-05
6 0.410475 0.62441 0.127786 0.0795684 3.97354e-05
6 0.553863 0.540121 0.0148588 0.0418071 4.00246e-05
6 0.343796 0.597438 0.0182021 0.0310182 4.00315e-05
6 0.382429 0.118004 0.018945 0.0323668 4.00594e-05
6 0.333024 0.632839 0.0256315 0.0519218 4.02618e-05
5 0.641345 0.871207 0.453566 0.130816 4.03628e-05
9 0.795691 0.554282 0.0356612 0.0310182 4.03659e-05
6 0.190936 0.666217 0.0304606 0.0350641 4.04393e-05
6 0.582838 0.0350641 0.0787519 0.0701281 4.04671e-05
6 0.403789 0.601146 0.0520059 0.0357384 4.05033e-05
7 0.723254 0.50944 0.0349183 0.0883345 4.05978e-05
6 0.317236 0.669926 0.02526 0.0397842 4.06433e-05
6 0.542162 0.569791 0.018945 0.0525961 4.06589e-05
6 0.370542 0.161834 0.0375186 0.0404585 4.06623e-05
6 0.398774 0.120364 0.0204309 0.0343897 4.06687e-05
6 0.990528 0.181726 0.00854383 0.118004 4.06723e-05
6 0.535661 0.0512475 0.0416048 0.0701281 4.07046e-05
6 0.696137 0.140931 0.0356612 0.0418071 4.08619e-05
6 0.989785 0.11497 0.0152303 0.229939 4.08908e-05
5 0.734584 0.0168577 0.189079 0.0337154 4.09005e-05
5 0.270059 0.953136 0.433135 0.0937289 4.09868e-05
7 0.385773 0.483479 0.0300892 0.0809171 4.10052e-05
9 0.398217 0.991908 0.11367 0.0161834 4.10093e-05
6 0.00910104 0.325017 0.0167162 0.190155 4.10765e-05
6 0.290676 0.594403 0.0174591 0.026298 4.10878e-05
6 0.595654 0.121713 0.0248886 0.0357384 4.11155e-05
2 0.0503343 0.4882 0.100669 0.273769 4.11874e-05
5 0.0549777 0.0111261 0.109955 0.0222522 4.12165e-05
9 0.984398 1 0.0312036 0 4.12375e-05
6 0.834881 0.128119 0.0917533 0.13621 4.12915e-05
6 0.306464 0.981119 0.0468053 0.0377613 4.13404e-05
6 0.619799 0.640256 0.0248886 0.0478759 4.13477e-05
6 0.205238 0.545853 0.144502 0.140931 4.14742e-05
6 0.573923 0.668914 0.0720654 0.0822657 4.15431e-05
9 0.649703 1 0.089153 0 4.16022e-05
7 0.51133 0.745111 0.0390045 0.107889 4.16034e-05
7 0.438893 0.482468 0.0271174 0.0910317 4.173e-05
6 0.190193 0.644976 0.0282318 0.0303439 4.17613e-05
6 0.123143 0.580243 0.018945 0.0316925 4.17616e-05
6 0.40416 0.124073 0.0401189 0.0418071 4.19428e-05
6 0.406204 0.607552 0.0219168 0.0445044 4.20835e-05
6 0.0731798 0.519218 0.076523 0.168577 4.21622e-05
6 0.72344 0.574848 0.0375186 0.0330411 4.22592e-05
8 0.34584 0.017532 0.0364042 0.0350641 4.22781e-05
6 0.577266 0.0107889 0.0869242 0.0215779 4.23542e-05
5 0.279718 0.284221 0.158247 0.266352 4.24494e-05
6 0.920134 0.627107 0.0341753 0.0539447 4.24712e-05
6 0.203938 0.00101146 0.0564636 0.00202293 4.25033e-05
9 0.929606 1 0.0746657 0 4.25961e-05
5 0.737184 0.450101 0.525631 0.900202 4.26039e-05
6 0.719168 0.0805799 0.0222883 0.0236008 4.26088e-05
6 0.107541 0.0155091 0.0672363 0.0310182 4.26376e-05
6 0.692979 0.980782 0.0442051 0.0384356 4.27254e-05
6 0.98997 0.00472016 0.0200594 0.00944032 4.29207e-05
5 0.743128 0.929872 0.39636 0.0849629 4.30117e-05
6 0.100297 0.00876602 0.0193165 0.017532 4.31418e-05
6 0.406575 0.120701 0.0263744 0.0256237 4.31696e-05
5 0.580795 0.0478759 0.241828 0.0957519 4.32436e-05
6 0.718054 0.0289953 0.0750371 0.0579906 4.32719e-05
5 0.747957 0.134862 0.504086 0.269724 4.34336e-05
6 0.730498 0.992245 0.0367756 0.0155091 4.34667e-05
6 0.919019 0.610924 0.107727 0.138908 4.35714e-05
6 0.994056 0.410654 0.0118871 0.161834 4.36357e-05
6 0.16679 0.602495 0.0319465 0.0303439 4.37116e-05
7 0.780275 0.47033 0.0442051 0.0748483 4.38295e-05
5 0.175892 0.990897 0.351783 0.0182063 4.38672e-05
6 0.416233 0.110249 0.0397474 0.0883345 4.38955e-05
6 0.281204 0.689818 0.0208024 0.0377613 4.38991e-05
6 0.63373 0.0101146 0.0178306 0.0202293 4.402e-05
9 0.506872 0.0074174 0.0248886 0.0148348 4.41034e-05
6 0.719725 0.0876601 0.032318 0.0337154 4.43406e-05
9 0.405646 0.0104518 0.0230312 0.0209036 4.43477e-05
6 0.980869 0.407283 0.0382615 0.173972 4.43691e-05
6 0.657318 0.0883345 0.0248886 0.0202293 4.43726e-05
6 0.437407 0.105192 0.0531204 0.0728254 4.44712e-05
6 0.703009 0.135873 0.0219168 0.0236008 4.4555e-05
6 0.507244 0.0401214 0.0330609 0.0802428 4.46481e-05
6 0.988484 0.0613621 0.0230312 0.105192 4.47593e-05
6 0.968611 0.577546 0.0627786 0.271746 4.47637e-05
6 0.385401 0.54383 0.0434621 0.0573163 4.47696e-05
7 0.813336 0.450775 0.0352897 0.0896831 4.48506e-05
5 0.368314 0.927849 0.509287 0.144302 4.491e-05
6 0.170877 0.00539447 0.0601783 0.0107889 4.49589e-05
6 0.641902 0.548213 0.0141159 0.0404585 4.49822e-05
9 0.458395 0.986851 0.0445765 0.026298 4.5192e-05
6 0.230312 0.555968 0.0453195 0.0613621 4.52177e-05
6 0.993128 0.561362 0.0137444 0.242077 4.52979e-05
9 0.751857 1 0.0653789 0 4.53466e-05
4 0.0382615 0.673297 0.0564636 0.455158 4.53901e-05
6 0.228083 0.684761 0.0200594 0.0330411 4.54294e-05
6 0.622771 0.129804 0.155646 0.103169 4.56118e-05
6 0.77916 0.993931 0.0553492 0.0121376 4.56782e-05
6 0.40899 0.969993 0.0520059 0.0438301 4.57205e-05
9 0.210067 0.535401 0.0159733 0.0337154 4.58201e-05
6 0.489599 0.054619 0.0460624 0.0782198 4.58438e-05
6 0.678863 0.0121376 0.0479198 0.0242751 4.59077e-05
6 0.990713 0.349629 0.0185736 0.216453 4.60171e-05
6 0.360884 0.669252 0.0248886 0.0411328 4.62908e-05
6 0.493499 0.0296696 0.019688 0.0566419 4.64314e-05
6 0.269502 0.586986 0.019688 0.0249494 4.64349e-05
6 0.208767 0.682401 0.0156018 0.0364127 4.64416e-05
9 0.246843 0.654754 0.377786 0.242751 4.64442e-05
6 0.515973 0.697235 0.0393759 0.105192 4.64498e-05
6 0.446137 0.62441 0.0520059 0.0674309 4.64874e-05
6 0.595097 0.115644 0.0423477 0.0532704 4.65936e-05
6 0.0271174 0.0144976 0.0542348 0.0289953 4.68005e-05
6 0.633172 0.639582 0.277489 0.143628 4.70067e-05
5 0.769131 0.984491 0.397103 0.0310182 4.70278e-05
4 0.510958 0.702293 0.273031 0.227242 4.70672e-05
6 0.704681 0.130816 0.026003 0.0822657 4.72256e-05
6 0.00371471 0.169252 0.00742942 0.110587 4.72298e-05
6 0.993685 0.103844 0.01263 0.128119 4.73483e-05
6 0.242756 0.593392 0.0182021 0.0323668 4.73952e-05
2 0.21211 0.402562 0.210253 0.163183 4.74047e-05
6 0.989042 0.0937289 0.00928678 0.102495 4.74646e-05
2 0.889116 0.433243 0.197994 0.158463 4.75247e-05
4 0.0113299 0.76298 0.0226597 0.421443 4.77261e-05
6 0.0475483 0.195887 0.077266 0.140931 4.77271e-05
6 0.368871 0.692178 0.0319465 0.0856372 4.77731e-05
7 0.353083 0.49292 0.00928678 0.063385 4.77867e-05
7 0.467125 0.45145 0.0464339 0.0950775 4.7819e-05
6 0.43555 0.535401 0.0204309 0.0431558 4.78724e-05
6 0.630386 0.144976 0.0401189 0.045853 4.78733e-05
6 0.810921 0.634862 0.122585 0.127444 4.80016e-05
6 0.544948 0.984154 0.0520059 0.0316925 4.80446e-05
2 0.357541 0.459541 0.368128 0.113958 4.80709e-05
6 0.259287 0.553945 0.0557207 0.0613621 4.81746e-05
6 0.906204 0.584289 0.0486627 0.0681052 4.8242e-05
7 0.34714 0.4882 0.0806092 0.113284 4.83002e-05
6 0.632058 0.674309 0.0352897 0.0768712 4.83421e-05
6 0.195208 0.936615 0.105869 0.12677 4.83756e-05
7 0.437779 0.454484 0.0464339 0.105192 4.84012e-05
6 0.562036 0.5735 0.0445765 0.0384356 4.85575e-05
7 0.739413 0.438301 0.131129 0.103844 4.85818e-05
0 0.00984398 0.862441 0.0107727 0.275118 4.86791e-05
6 0.267831 0.99528 0.0482912 0.00944032 4.87498e-05
9 0.717682 1 0.0876672 0 4.88971e-05
6 0.242385 0.201281 0.0501486 0.0424815 4.89324e-05
7 0.538076 0.46561 0.0367756 0.144976 4.89535e-05
9 0.368314 0.021915 0.0248886 0.0438301 4.90544e-05
6 0.642831 0.530344 0.0115156 0.0559676 4.90858e-05
6 0.57838 0.543156 0.0690936 0.054619 4.9203e-05
6 0.626672 0.608901 0.198366 0.109238 4.92321e-05
7 0.535661 0.449427 0.0222883 0.0708024 4.94089e-05
9 0.399703 0.972016 0.351412 0.0559676 4.94092e-05
6 0.919391 0.516521 0.0690936 0.111935 4.94502e-05
7 0.36237 0.489211 0.0308321 0.0775455 4.95732e-05
6 0.260587 0.676669 0.018945 0.0397842 4.96507e-05
6 0.989599 0.566082 0.0163447 0.11261 4.97147e-05
6 0.192051 0.659474 0.0468053 0.0660823 4.97873e-05
5 0.169762 0.0745111 0.164933 0.149022 4.98928e-05
6 0.144874 0.00303439 0.0631501 0.00606878 5.00728e-05
6 0.594168 0.654754 0.0382615 0.0445044 5.01394e-05
5 0.0939822 0.219825 0.187964 0.439649 5.03504e-05
9 0.544205 0.994606 0.0408618 0.0107889 5.03648e-05
6 0.989227 0.592043 0.0185736 0.303439 5.06095e-05
6 0.98997 0.268375 0.0104012 0.118678 5.06824e-05
6 0.834695 0.627782 0.0430906 0.0566419 5.09368e-05
6 0.344539 0.0384356 0.0367756 0.0768712 5.10232e-05
7 0.961367 0.234997 0.0482912 0.12205 5.13334e-05
6 0.376857 0.134525 0.0330609 0.08294 5.16442e-05
6 0.117756 0.610924 0.0601783 0.0593392 5.16543e-05
6 0.00464339 0.188132 0.00705795 0.0971005 5.16836e-05
7 0.485327 0.73702 0.0375186 0.130816 5.17309e-05
2 0.708767 0.468982 0.199851 0.111261 5.18108e-05
5 0.736627 0.0542819 0.211738 0.108564 5.1894e-05
9 0.825037 1 0.0668648 0 5.19977e-05
6 0.438893 0.515846 0.0122585 0.0579906 5.20361e-05
6 0.342125 0.642953 0.0208024 0.0357384 5.20835e-05
3 0.687964 0.625421 0.442793 0.343223 5.21805e-05
5 0.649146 0.994606 0.446137 0.0107889 5.21834e-05
6 0.603083 0.49764 0.0107727 0.0566419 5.23376e-05
5 0.953195 0.997303 0.0936107 0.00539447 5.26248e-05
5 0.948737 0.0192178 0.102526 0.0384356 5.26498e-05
6 0.505572 0.129804 0.0542348 0.0815914 5.26799e-05
6 0.679235 0.646325 0.0219168 0.0478759 5.27128e-05
5 0.740342 0.00438301 0.118871 0.00876602 5.27931e-05
6 0.693722 0.58766 0.0523774 0.0465273 5.27959e-05
6 0.70821 0.589346 0.0234027 0.0337154 5.28091e-05
6 0.560178 0.53675 0.0289747 0.0418071 5.28206e-05
6 0.220468 0.650034 0.0910104 0.0876601 5.31581e-05
5 0.319837 0.985502 0.416048 0.0289953 5.3163e-05
6 0.0107727 0.0616993 0.0215453 0.123399 5.32606e-05
6 0.445022 0.588334 0.0527489 0.0451787 5.33067e-05
7 0.593239 0.45145 0.0668648 0.100472 5.33115e-05
6 0.665119 0.0815914 0.0219168 0.0229265 5.33438e-05
7 0.78399 0.488874 0.0219168 0.0944032 5.3364e-05
5 0.167533 0.143628 0.141159 0.191504 5.34209e-05
6 0.743871 0.199258 0.0271174 0.0357384 5.34628e-05
6 0.52786 0.0343897 0.0356612 0.0687795 5.35628e-05
6 0.329123 0.634187 0.0200594 0.0289953 5.36302e-05
7 0.712853 0.486514 0.0193165 0.0856372 5.36406e-05
6 0.650631 0.548887 0.0144874 0.0377613 5.37342e-05
9 0.788076 1 0.0664933 0 5.39738e-05
6 0.392831 0.107552 0.0523774 0.0505732 5.40819e-05
6 0.810178 0.588672 0.0237741 0.0337154 5.41237e-05
2 0.48737 0.878624 0.615156 0.168577 5.41377e-05
6 0.573551 0.0212407 0.0245171 0.0424815 5.44348e-05
9 0.862184 1 0.0653789 0 5.46637e-05
5 0.328195 0.0593392 0.216568 0.118678 5.47319e-05
6 0.66549 0.0863115 0.0330609 0.0350641 5.48589e-05
6 0.0668648 0.260958 0.0824666 0.218476 5.48919e-05
5 0.128715 0.281861 0.117756 0.318274 5.49097e-05
6 0.643759 0.63149 0.0185736 0.0397842 5.49631e-05
9 0.494428 0.986851 0.0408618 0.026298 5.5057e-05
6 0.239599 0.939649 0.0906389 0.111261 5.50904e-05
6 0.535847 0.126096 0.0523774 0.101146 5.51428e-05
7 0.737556 0.465273 0.0650074 0.0957519 5.51707e-05
6 0.348254 0.00977748 0.0278603 0.019555 5.52147e-05
6 0.593054 0.523601 0.0144874 0.0357384 5.52848e-05
6 0.98737 0.12441 0.02526 0.182738 5.53061e-05
6 0.821322 0.648348 0.0408618 0.0613621 5.5334e-05
6 0.469168 0.981794 0.0527489 0.0364127 5.55418e-05
6 0.00538633 0.188469 0.0100297 0.192178 5.55729e-05
5 0.964339 0.25118 0.0668648 0.259609 5.55784e-05
6 0.355684 0.603844 0.0182021 0.0357384 5.58084e-05
6 0.76393 0.632502 0.0568351 0.0539447 5.58201e-05
6 0.637259 0.00168577 0.0657504 0.00337154 5.58733e-05
7 0.827637 0.485502 0.0215453 0.0836143 5.61852e-05
9 0.519874 0.00876602 0.0271174 0.017532 5.62426e-05
5 0.672734 0.0347269 0.193908 0.0694538 5.62448e-05
6 0.297363 0.664531 0.0300892 0.0438301 5.65088e-05
9 0.575966 0.992245 0.114785 0.0155091 5.68406e-05
6 0.602712 0.978759 0.0479198 0.0330411 5.69502e-05
9 0.469168 0.992583 0.0423477 0.0148348 5.69631e-05
5 0.166419 0.126433 0.332838 0.252866 5.69959e-05
6 0.226783 0.55091 0.0115156 0.0269724 5.70031e-05
6 0.990899 0.305125 0.0167162 0.108564 5.70395e-05
6 0.174591 0.613621 0.0846954 0.11733 5.72186e-05
6 0.539004 0.696898 0.0282318 0.0842886 5.72736e-05
6 0.368314 0.661497 0.0286033 0.0512475 5.73298e-05
6 0.607169 0.631153 0.0182021 0.0404585 5.73794e-05
7 0.207838 0.488874 0.0605498 0.11733 5.74317e-05
5 0.579681 0.974713 0.638559 0.0505732 5.76019e-05
6 0.645245 0.678692 0.0326894 0.0438301 5.76284e-05
6 0.660475 0.663857 0.026003 0.0559676 5.76892e-05
6 0.610698 0.00303439 0.0572065 0.00606878 5.77735e-05
9 0.683135 1 0.0757801 0 5.78926e-05
9 0.569651 0.980445 0.0546062 0.0391099 5.80497e-05
6 0.693536 0.992583 0.0364042 0.0148348 5.80506e-05
6 0.14023 0.52967 0.0872957 0.142279 5.80773e-05
6 0.0100297 0.950775 0.01263 0.0890088 5.81739e-05
6 0.822623 0.0596763 0.0367756 0.0761969 5.83186e-05
6 0.16159 0.0337154 0.064636 0.0674309 5.85406e-05
8 0.0417905 0.880984 0.0679792 0.238031 5.85871e-05
6 0.419391 0.00236008 0.0208024 0.00472016 5.88758e-05
6 0.238113 0.572825 0.0163447 0.0330411 5.89821e-05
7 0.445208 0.479096 0.0932392 0.118004 5.90506e-05
7 0.767273 0.466285 0.031575 0.0896831 5.91469e-05
6 0.33581 0.00809171 0.0237741 0.0161834 5.92981e-05
6 0.267273 0.597775 0.0204309 0.0236008 5.93855e-05
6 0.731984 0.175657 0.0241456 0.0276467 5.94091e-05
6 0.7526 0.17532 0.0364042 0.0364127 5.97709e-05
6 0.995171 0.572488 0.00965825 0.148348 6.00808e-05
7 0.556092 0.446392 0.0557207 0.0971005 6.0107e-05
9 0.429792 0.0104518 0.0222883 0.0209036 6.021e-05
7 0.229012 0.533041 0.0137444 0.0330411 6.02128e-05
5 0.836181 0.309171 0.089153 0.240728 6.0416e-05
6 0.988856 0.275455 0.0222883 0.192178 6.0646e-05
6 0.255944 0.57822 0.0193165 0.0289953 6.06566e-05
8 0.151932 0.312542 0.111441 0.153068 6.08082e-05
6 0.602526 0.0124747 0.0319465 0.0249494 6.08325e-05
6 0.417719 0.106204 0.0278603 0.0411328 6.08717e-05
6 0.737927 0.193189 0.0278603 0.0869858 6.10529e-05
7 0.151932 0.493257 0.0274889 0.0694538 6.12993e-05
6 0.00854383 0.528321 0.013373 0.11261 6.13577e-05
5 0.72214 0.0316925 0.155275 0.063385 6.14222e-05
7 0.623143 0.477411 0.058321 0.0890088 6.14613e-05
6 0.588039 0.120027 0.0757801 0.0795684 6.16165e-05
6 0.378715 0.610587 0.018945 0.0343897 6.1727e-05
6 0.643016 0.572488 0.0326894 0.0404585 6.17334e-05
7 0.736441 0.488874 0.0219168 0.0876601 6.1761e-05
6 0.702823 0.124073 0.0222883 0.0296696 6.17647e-05
9 0.665862 0.987862 0.235884 0.0242751 6.18291e-05
7 0.55182 0.47269 0.0404903 0.0863115 6.19426e-05
7 0.511887 0.44909 0.0274889 0.0782198 6.19998e-05
6 0.306835 0.0202293 0.0222883 0.0404585 6.21141e-05
6 0.373886 0.167903 0.044948 0.0944032 6.21876e-05
9 0.569465 0.992245 0.0438336 0.0155091 6.23963e-05
5 0.903418 0.221173 0.193165 0.335806 6.24439e-05
6 0.317793 0.628793 0.0241456 0.0316925 6.26759e-05
4 0.768202 0.884693 0.463596 0.180715 6.28542e-05
5 0.863484 0.272084 0.160847 0.348618 6.28803e-05
6 0.469539 0.0118004 0.0185736 0.0236008 6.29694e-05
6 0.537333 0.57114 0.0375186 0.0377613 6.30506e-05
5 0.813893 0.0879973 0.15156 0.13149 6.31099e-05
6 0.634287 0.660148 0.0219168 0.0418071 6.33457e-05
6 0.558692 0.70027 0.03789 0.0748483 6.33925e-05
5 0.500371 0.0347269 0.271917 0.0694538 6.36258e-05
7 0.523774 0.450775 0.0200594 0.0761969 6.3689e-05
9 0.456724 0.0104518 0.0256315 0.0209036 6.39773e-05
9 0.470097 0.0111261 0.0286033 0.0222522 6.40671e-05
6 0.47344 0.019555 0.0627786 0.0391099 6.4098e-05
6 0.412704 0.698247 0.0312036 0.0775455 6.4164e-05
6 0.729569 0.0451787 0.0319465 0.0229265 6.42959e-05
6 0.949666 0.616655 0.0731798 0.165206 6.44067e-05
6 0.387816 0.666891 0.0683507 0.0687795 6.48965e-05
9 0.582838 0.0134862 0.0349183 0.0269724 6.49844e-05
7 0.824666 0.465947 0.051263 0.0836143 6.52085e-05
7 0.465082 0.435266 0.0869242 0.0937289 6.53551e-05
6 0.723997 0.596763 0.0349183 0.0377613 6.53811e-05
6 0.828938 0.0566419 0.0605498 0.107889 6.5597e-05
6 0.449851 0.528321 0.0193165 0.0384356 6.56196e-05
6 0.494056 0.0397842 0.0304606 0.0795684 6.56749e-05
5 0.289933 0.00236008 0.127415 0.00472016 6.58082e-05
9 0.58581 0.971342 0.0735513 0.0573163 6.58309e-05
5 0.274146 0.0165206 0.131501 0.0330411 6.59454e-05
6 0.659547 0.140931 0.0308321 0.0768712 6.60954e-05
6 0.139859 0.582266 0.019688 0.0289953 6.61126e-05
6 0.696694 0.561362 0.0672363 0.0492245 6.61205e-05
6 0.388001 0.691167 0.0286033 0.0876601 6.62168e-05
6 0.208952 0.579568 0.018945 0.0316925 6.62676e-05
6 0.557207 0.0198921 0.0208024 0.0397842 6.64291e-05
6 0.739227 0.100809 0.0267459 0.0343897 6.64588e-05
9 0.443908 0.00977748 0.0215453 0.019555 6.70127e-05
5 0.829495 0.103169 0.34101 0.206339 6.70711e-05
6 0.370171 0.0124747 0.018945 0.0249494 6.73078e-05
6 0.567793 0.118678 0.032318 0.0647336 6.74598e-05
6 0.803492 0.628456 0.0178306 0.0296696 6.74805e-05
6 0.408432 0.585974 0.0360327 0.0391099 6.75596e-05
7 0.51133 0.468307 0.0486627 0.153068 6.78142e-05
7 0.653046 0.477411 0.0705795 0.0944032 6.78467e-05
9 0.305906 0.991908 0.0434621 0.0161834 6.8196e-05
6 0.591939 0.0185435 0.031575 0.037087 6.82728e-05
7 0.229198 0.496966 0.0185736 0.0606878 6.85948e-05
6 0.252786 0.650708 0.0664933 0.0782198 6.86019e-05
6 0.382244 0.0209036 0.0185736 0.0418071 6.88037e-05
5 0.880944 0.266352 0.238113 0.505732 6.90059e-05
5 0.215082 0.921443 0.370728 0.11261 6.90597e-05
2 0.943351 0.526972 0.0991828 0.193527 6.94231e-05
9 0.570579 0.983817 0.0579495 0.0323668 6.96054e-05
6 0.345097 0.0300067 0.0237741 0.0397842 6.969e-05
6 0.201895 0.554282 0.0650074 0.0660823 6.98597e-05
6 0.379643 0.127782 0.026003 0.0236008 6.99697e-05
6 0.581724 0.977748 0.0505201 0.0323668 6.99988e-05
6 0.371843 0.648685 0.0817236 0.0728254 7.01192e-05
6 0.734584 0.0997977 0.0263744 0.0768712 7.01485e-05
5 0.663076 0.0161834 0.190193 0.0323668 7.05107e-05
5 0.684621 0.00202293 0.1211 0.00404585 7.05971e-05
9 0.901189 1 0.0653789 0 7.0979e-05
6 0.6289 0.125421 0.0832095 0.0674309 7.12037e-05
9 0.230498 0.594403 0.0182021 0.026298 7.12208e-05
6 0.732727 0.0849629 0.0234027 0.0242751 7.14583e-05
6 0.53399 0.523601 0.0367756 0.0640593 7.17588e-05
6 0.63893 0.506069 0.0141159 0.0451787 7.18179e-05
8 0.971582 0.954147 0.0568351 0.091706 7.19465e-05
6 0.28659 0.589009 0.0375186 0.0424815 7.20459e-05
6 0.169205 0.546527 0.0464339 0.0761969 7.20468e-05
9 0.762259 0.586312 0.111441 0.0991234 7.20933e-05
6 0.558507 0.00236008 0.0598068 0.00472016 7.22974e-05
9 0.444279 0.982805 0.0475483 0.0343897 7.25529e-05
6 0.293276 0.994606 0.0486627 0.0107889 7.28219e-05
6 0.661404 0.661497 0.0664933 0.0579906 7.30438e-05
6 0.429792 0.67296 0.064636 0.0930546 7.33553e-05
9 0.330423 0.994943 0.0494056 0.0101146 7.33727e-05
6 0.596954 0.695212 0.0475483 0.0876601 7.34099e-05
7 0.201337 0.489211 0.0178306 0.0667566 7.34892e-05
6 0.539376 0.653068 0.0289747 0.065408 7.38727e-05
7 0.594539 0.484491 0.0352897 0.0856372 7.42624e-05
9 0.518388 0 0.145245 0 7.43088e-05
7 0.800892 0.485502 0.0215453 0.0863115 7.43495e-05
9 0.395988 0.0107889 0.0237741 0.0215779 7.48626e-05
8 0.968611 0.991908 0.0516345 0.0161834 7.50536e-05
6 0.160104 0.487188 0.089896 0.16116 7.51501e-05
6 0.356241 0.628456 0.0230312 0.0364127 7.51611e-05
6 0.58321 0.00202293 0.0267459 0.00404585 7.52612e-05
6 0.315193 0.667229 0.0531204 0.0600135 7.53278e-05
6 0.276374 0.598449 0.0237741 0.026298 7.58967e-05
5 0.324851 0.021915 0.188336 0.0438301 7.60214e-05
6 0.507801 0.600809 0.41679 0.213082 7.65121e-05
6 0.754458 0.993594 0.0534918 0.0128119 7.67624e-05
6 0.302935 0.648348 0.0256315 0.0330411 7.69342e-05
6 0.729569 0.0505732 0.0445765 0.0391099 7.72596e-05
6 0.254272 0.649359 0.0256315 0.0310182 7.73463e-05
5 0.807207 0.151382 0.103269 0.151719 7.75373e-05
6 0.274146 0.669252 0.0237741 0.0411328 7.77121e-05
9 0.391159 0.984491 0.0482912 0.0310182 7.79778e-05
6 0.637073 0.0114633 0.0520059 0.0229265 7.80614e-05
7 0.82448 0.480445 0.0798663 0.12205 7.82719e-05
6 0.735884 0.187458 0.0230312 0.0310182 7.94689e-05
6 0.558507 0.0114633 0.0130015 0.0229265 7.97019e-05
9 0.281947 0.63857 0.229569 0.130816 7.99699e-05
6 0.310736 0.625084 0.125186 0.0903574 8.01476e-05
6 0.7539 0.190829 0.0397474 0.0944032 8.02805e-05
5 0.580795 0.0121376 0.218796 0.0242751 8.07446e-05
5 0.251114 0.254889 0.502229 0.412677 8.07711e-05
6 0.240527 0.627107 0.0204309 0.028321 8.13569e-05
2 0.505758 0.97269 0.789376 0.054619 8.15714e-05
6 0.645245 0.144302 0.0408618 0.0498989 8.2066e-05
6 0.390416 0.123736 0.0289747 0.026298 8.24757e-05
6 0.388373 0.630142 0.0204309 0.0343897 8.27994e-05
6 0.436478 0.525961 0.0111441 0.0350641 8.28376e-05
6 0.258544 0.600472 0.0208024 0.026298 8.35006e-05
6 0.589896 0.53439 0.0170877 0.037087 8.35466e-05
6 0.228455 0.630479 0.0193165 0.0296696 8.3569e-05
9 0.219354 0.531018 0.0144874 0.0357384 8.36353e-05
6 0.660847 0.147674 0.0631501 0.0782198 8.37116e-05
7 0.221211 0.517195 0.0137444 0.0431558 8.37666e-05
6 0.307021 0.0074174 0.0152303 0.0148348 8.40479e-05
6 0.731241 0.659811 0.0531204 0.065408 8.42801e-05
6 0.629829 0.993257 0.0657504 0.0134862 8.47546e-05
6 0.170505 0.585637 0.0423477 0.0465273 8.48867e-05
6 0.0993685 0.00337154 0.0211738 0.00674309 8.49585e-05
6 0.468425 0.129467 0.0497771 0.0755226 8.52218e-05
6 0.350297 0.660148 0.0616642 0.0647336 8.52567e-05
6 0.388187 0.130479 0.0430906 0.0424815 8.52595e-05
9 0.342682 0.992583 0.0434621 0.0148348 8.55939e-05
6 0.718425 0.993931 0.0475483 0.0121376 8.58123e-05
6 0.210624 0.618678 0.0534918 0.0734997 8.60076e-05
6 0.10234 0.00674309 0.0360327 0.0134862 8.7216e-05
6 0.406204 0.0148348 0.0152303 0.0296696 8.75413e-05
6 0.57578 0.605192 0.0750371 0.0532704 8.77607e-05
2 0.968054 0.483817 0.063893 0.233985 8.79278e-05
6 0.668276 0.994606 0.0527489 0.0107889 8.79967e-05
6 0.79922 0.551922 0.0508915 0.0708024 8.80867e-05
6 0.383358 0.0128119 0.013373 0.0256237 8.83913e-05
5 0.123886 0.307822 0.247771 0.615644 8.89189e-05
7 0.686293 0.482468 0.0858098 0.108564 8.91373e-05
6 0.574851 0.0111261 0.0152303 0.0222522 8.94764e-05
5 0.170134 0.910991 0.340267 0.178018 9.00883e-05
6 0.370728 0.600135 0.0408618 0.045853 9.0415e-05
8 0.97604 0.986851 0.0479198 0.026298 9.08358e-05
9 0.443351 0.989885 0.0501486 0.0202293 9.11203e-05
6 0.257801 0.618341 0.0245171 0.0350641 9.13049e-05
6 0.668648 0.122724 0.0698365 0.0849629 9.15094e-05
6 0.323366 0.0209036 0.0271174 0.0418071 9.16517e-05
6 0.209138 0.664194 0.0185736 0.0350641 9.16598e-05
6 0.00742942 0.0957519 0.0148588 0.148348 9.18792e-05
6 0.802006 0.659137 0.0230312 0.0384356 9.23414e-05
6 0.424777 0.616993 0.0412333 0.0593392 9.2374e-05
6 0.067422 0.583951 0.112556 0.217127 9.24764e-05
6 0.395059 0.013149 0.0152303 0.026298 9.27897e-05
9 0.21471 0.597438 0.0200594 0.028321 9.29958e-05
6 0.00854383 0.921106 0.01263 0.157788 9.3121e-05
6 0.388187 0.634862 0.0482912 0.0492245 9.32706e-05
9 0.494428 0.982805 0.0475483 0.0343897 9.34036e-05
4 0.782875 0.782198 0.43425 0.435603 9.35525e-05
9 0.541605 0.986177 0.0683507 0.0276467 9.35821e-05
6 0.171805 0.61733 0.0404903 0.0478759 9.36694e-05
7 0.723254 0.487188 0.0200594 0.0856372 9.38777e-05
9 0.205052 0.555293 0.0178306 0.026298 9.42473e-05
9 0.591196 0.988537 0.18685 0.0229265 9.49017e-05
9 0.368685 0.984828 0.0397474 0.0303439 9.5189e-05
6 0.466382 0.70263 0.0330609 0.0768712 9.54674e-05
6 0.422548 0.023938 0.0219168 0.0478759 9.57004e-05
9 0.684807 0.9882 0.0642645 0.0236008 9.59434e-05
9 0.808135 0.574174 0.0226597 0.0316925 9.61176e-05
9 0.368499 0.994268 0.0326894 0.0114633 9.67364e-05
6 0.744242 0.182401 0.0806092 0.0775455 9.67461e-05
9 0.218611 0.550573 0.0167162 0.0289953 9.68656e-05
6 0.380201 0.630142 0.0234027 0.0411328 9.72461e-05
6 0.820208 0.601821 0.0497771 0.065408 9.73719e-05
6 0.513559 0.650708 0.0367756 0.074174 9.74654e-05
6 0.00445765 0.962239 0.0089153 0.0755226 9.76615e-05
5 0.506129 0.142616 0.304235 0.178692 9.77214e-05
6 0.663633 0.135536 0.0226597 0.0242751 9.81223e-05
9 0.415862 0 0.143759 0 9.85401e-05
6 0.459695 0.57822 0.0308321 0.0357384 9.92031e-05
5 0.451709 0.138233 0.852897 0.172623 9.9389e-05
6 0.711738 0.665206 0.0364042 0.0478759 0.000100018
7 0.769131 0.49292 0.0219168 0.0903574 0.000100103
5 0.528789 0.274444 0.0657504 0.157788 0.000100216
2 0.289376 0.412677 0.513373 0.164531 0.000100426
5 0.834324 0.368173 0.331352 0.736345 0.000100682
6 0.22864 0.578557 0.0144874 0.0337154 0.000100812
6 0.484212 0.569117 0.032318 0.0472016 0.000100822
5 0.438336 0.0182063 0.262259 0.0364127 0.000101025
2 0.893016 0.514498 0.169391 0.184761 0.000101028
9 0.406204 0.980445 0.0456909 0.0391099 0.000101777
2 0.294577 0.484154 0.420505 0.229265 0.000102102
5 0.471582 0.0650708 0.365156 0.130142 0.000102436
6 0.779903 0.148685 0.0872957 0.101821 0.000102657
6 0.219354 0.628793 0.019688 0.0276467 0.000103678
5 0.249071 0.0778827 0.498143 0.155765 0.000103897
6 0.366085 0.608564 0.019688 0.0384356 0.000103915
5 0.321508 0.0124747 0.130386 0.0249494 0.000104598
9 0.51133 0.986177 0.0716939 0.0276467 0.00010536
6 0.31445 0.603169 0.0456909 0.0492245 0.000105597
6 0.432578 0.57822 0.0300892 0.0424815 0.00010571
5 0.518945 0.0937289 0.96211 0.187458 0.000106035
6 0.00390045 0.21679 0.00780089 0.103169 0.000106529
6 0.22864 0.596426 0.0382615 0.0451787 0.000106827
6 0.733284 0.0940661 0.0215453 0.0249494 0.000107097
9 0.356241 0.995617 0.0460624 0.00876602 0.000107388
9 0.494056 0.993257 0.03789 0.0134862 0.000108575
6 0.349926 0.557991 0.0282318 0.0424815 0.00010861
6 0.359212 0.544167 0.01263 0.0323668 0.000109495
7 0.229012 0.512812 0.0137444 0.0465273 0.000109922
6 0.357355 0.572151 0.02526 0.0438301 0.000110043
6 0.685921 0.638908 0.152675 0.0896831 0.000111295
7 0.351412 0.515509 0.0148588 0.0734997 0.000111709
9 0.407689 0.986514 0.0419762 0.0269724 0.000111843
6 0.812036 0.637896 0.03789 0.0498989 0.000111876
2 0.817051 0.487862 0.365899 0.238031 0.000112154
6 0.465453 0.494606 0.0631501 0.072151 0.000112301
4 0.230869 0.797707 0.461738 0.404585 0.000112463
6 0.49127 0.70027 0.0352897 0.104518 0.000113407
6 0.34584 0.573162 0.0356612 0.0485502 0.000113616
5 0.243871 0.973028 0.309435 0.0539447 0.000113617
6 0.00687221 0.150708 0.0137444 0.177343 0.000114126
6 0.454681 0.0144976 0.0170877 0.0289953 0.000114231
7 0.767459 0.488874 0.0482912 0.0903574 0.000114291
7 0.190007 0.489211 0.0152303 0.072151 0.000115057
6 0.593054 0.00708024 0.0204309 0.0141605 0.000115605
5 0.881129 0.983817 0.237741 0.0323668 0.000115917
5 0.732541 0.0782198 0.534918 0.15644 0.000117754
6 0.217311 0.550236 0.0505201 0.107889 0.000117807
6 0.239413 0.643291 0.0174591 0.0269724 0.000117814
6 0.357727 0.555631 0.0141159 0.0377613 0.000118252
6 0.539933 0.0124747 0.0256315 0.0249494 0.000119215
6 0.668276 0.556979 0.0572065 0.0472016 0.000119725
6 0.632244 0.63385 0.0282318 0.0472016 0.000119762
6 0.351412 0.557316 0.013373 0.0384356 0.000120624
6 0.316493 0.647674 0.0170877 0.0357384 0.000121103
6 0.439264 0.701955 0.0300892 0.0768712 0.00012133
6 0.637816 0.530681 0.0185736 0.0391099 0.000122074
9 0.21601 0.579568 0.019688 0.026298 0.000122179
5 0.535661 0.95617 0.632244 0.0876601 0.000123054
6 0.382987 0.585974 0.0297177 0.0391099 0.000123062
7 0.81315 0.484491 0.0193165 0.0869858 0.000123667
6 0.00501486 0.556979 0.0100297 0.114633 0.000123833
5 0.675892 0.979096 0.365899 0.0418071 0.000124741
6 0.21601 0.620027 0.0345468 0.0438301 0.000124954
6 0.61107 0.0101146 0.0468053 0.0202293 0.000124956
6 0.00947251 0.553608 0.0144874 0.227916 0.000125321
6 0.664004 0.632165 0.0182021 0.0276467 0.000125389
7 0.505201 0.860755 0.0304606 0.0600135 0.000126951
6 0.986813 0.324005 0.0263744 0.173297 0.000127388
6 0.423477 0.0148348 0.0156018 0.0296696 0.00012791
6 0.66549 0.641942 0.0219168 0.0323668 0.000128349
6 0.43945 0.519218 0.00668648 0.0350641 0.000128553
6 0.323737 0.00775455 0.019688 0.0155091 0.000128752
6 0.744614 0.640256 0.0182021 0.0343897 0.000129507
9 0.512259 0.00202293 0.0616642 0.00404585 0.000130284
9 0.480684 0.9882 0.0505201 0.0236008 0.000130317
8 0.346397 0.000337154 0.113299 0.000674309 0.000130502
6 0.666048 0.140931 0.0371471 0.0445044 0.000132421
6 0.518016 0.994606 0.0605498 0.0107889 0.000135362
6 0.593982 0.620364 0.0401189 0.0350641 0.000135364
6 0.219539 0.659474 0.0208024 0.0323668 0.000135687
6 0.510587 0.565745 0.0338039 0.0472016 0.000135799
6 0.738856 0.631153 0.100297 0.0647336 0.000135821
9 0.273403 0.582603 0.0720654 0.0498989 0.000137572
6 0.443908 0.0229265 0.0193165 0.045853 0.00013819
2 0.655646 0.449764 0.378157 0.124073 0.00013893
3 0.859398 0.61261 0.281204 0.774781 0.00014134
9 0.769131 0.621713 0.104383 0.0930546 0.000141739
6 0.195765 0.607552 0.0319465 0.0404585 0.000141832
6 0.211738 0.648685 0.0193165 0.0323668 0.00014268
6 0.66419 0.00977748 0.0698365 0.019555 0.000143175
6 0.947808 0.171274 0.083581 0.26298 0.000143622
6 0.358284 0.645314 0.0226597 0.0472016 0.000144646
9 0.592125 0.992583 0.0616642 0.0148348 0.000144955
9 0.429421 0.988537 0.0364042 0.0229265 0.000145061
9 0.469168 0 0.123328 0 0.000145386
9 0.429606 0.00337154 0.0553492 0.00674309 0.000145397
6 0.64153 0.516521 0.00742942 0.0404585 0.000146044
6 0.480126 0.0118004 0.0278603 0.0236008 0.000146692
3 0.187779 0.608901 0.375557 0.405934 0.000147225
5 0.218053 0.924815 0.436107 0.150371 0.000147775
6 0.693165 0.642616 0.026003 0.0404585 0.000150027
6 0.00557207 0.30445 0.0111441 0.0991234 0.000151971
2 0.505015 0.416723 0.330238 0.142953 0.000152184
6 0.344168 0.601146 0.0367756 0.0438301 0.000153159
9 0.778789 0.600472 0.0508915 0.0613621 0.00015422
6 0.626114 0.61261 0.0419762 0.0478759 0.000154346
6 0.505944 0.0128119 0.0267459 0.0256237 0.000156859
6 0.479569 0.628456 0.0534918 0.0944032 0.00015737
6 0.520431 0.0118004 0.0215453 0.0236008 0.000157444
6 0.505944 0.511463 0.064636 0.0802428 0.000157646
6 0.237556 0.628456 0.0404903 0.0445044 0.000158176
5 0.480312 0.275792 0.0653789 0.173972 0.000158499
6 0.745171 0.185435 0.0393759 0.0377613 0.000158564
6 0.31575 0.00944032 0.0564636 0.0188806 0.000159759
6 0.558321 0.648348 0.0334324 0.0667566 0.000160539
6 0.602155 0.600472 0.0356612 0.0492245 0.000161028
6 0.531761 0.501686 0.0716939 0.0930546 0.00016164
6 0.561107 0.599461 0.0330609 0.0472016 0.000163463
6 0.36627 0.553608 0.0267459 0.0391099 0.000163606
6 0.643202 0.666217 0.0182021 0.0498989 0.00016406
6 0.39023 0.660486 0.0211738 0.0492245 0.000164458
2 0.938893 0.435603 0.114785 0.218476 0.000164466
6 0.298477 0.632165 0.0278603 0.0316925 0.00016458
7 0.496843 0.861767 0.0211738 0.0498989 0.000165026
6 0.685736 0.613958 0.0497771 0.0478759 0.000166536
7 0.534547 0.730951 0.0490342 0.132165 0.000166548
9 0.212296 0.588672 0.0367756 0.0404585 0.000167863
5 0.776003 0.919757 0.447994 0.160486 0.000170382
7 0.719539 0.487525 0.0497771 0.0903574 0.000171436
6 0.493314 0.0114633 0.026003 0.0229265 0.000171559
9 0.555535 0.994606 0.0568351 0.0107889 0.00017261
6 0.704123 0.604518 0.070951 0.0694538 0.000173171
6 0.0521917 0.242077 0.0880386 0.128119 0.000176862
6 0.633544 0.641942 0.0546062 0.0485502 0.000177969
9 0.603455 0.987188 0.0612927 0.0256237 0.000180133
7 0.80052 0.463924 0.0527489 0.091706 0.000180563
6 0.280089 0.606878 0.0408618 0.045853 0.000180709
9 0.316308 0.987188 0.183878 0.0256237 0.000182159
6 0.540305 0.607889 0.0330609 0.0451787 0.000183886
9 0.395059 0.989211 0.0464339 0.0215779 0.000184377
6 0.221582 0.649359 0.0367756 0.0418071 0.000184455
9 0.571508 0.989211 0.0724368 0.0215779 0.000184893
6 0.445208 0.0158463 0.0137444 0.0316925 0.000185543
6 0.585253 0.00775455 0.0211738 0.0155091 0.000186203
6 0.617199 0.628793 0.0382615 0.0384356 0.000186441
7 0.349369 0.53911 0.0130015 0.0505732 0.000188885
2 0.507429 0.495617 0.483655 0.178018 0.000191693
6 0.429606 0.0144976 0.0159733 0.0289953 0.000192201
5 0.100297 0.984828 0.200594 0.0303439 0.000192462
7 0.358841 0.533715 0.00965825 0.0303439 0.000196301
9 0.260773 0.610924 0.140416 0.0997977 0.00019787
6 0.482169 0.586312 0.0616642 0.0559676 0.000199309
6 0.607912 0.646999 0.0397474 0.0559676 0.000207198
5 0.540119 0.987188 0.346211 0.0256237 0.000207382
5 0.864227 0.333109 0.271545 0.30209 0.000208029
7 0.278975 0.480108 0.156761 0.164531 0.000208872
9 0.456538 0.993931 0.0549777 0.0121376 0.000213371
9 0.742756 0.588672 0.031575 0.0337154 0.000213436
6 0.0432764 0.239717 0.0865527 0.320297 0.000214125
9 0.311107 0.989548 0.0754086 0.0209036 0.000214869
9 0.418462 0.00876602 0.0754086 0.017532 0.000215747
6 0.809064 0.142616 0.0579495 0.119353 0.000216416
6 0.344539 0.642616 0.044948 0.0418071 0.000217727
6 0.607355 0.541133 0.0215453 0.0384356 0.000220387
5 0.840825 0.945044 0.318351 0.109912 0.000226201
6 0.28659 0.644302 0.0947251 0.0748483 0.000226797
9 0.339896 0.0101146 0.0594354 0.0202293 0.000227059
5 0.496285 0.00674309 0.268945 0.0134862 0.000231726
6 0.489413 0.654417 0.0330609 0.0708024 0.000232084
9 0.390788 0.00269724 0.0438336 0.00539447 0.000233688
8 0.0282318 0.989548 0.0564636 0.0209036 0.000240123
6 0.00687221 0.259272 0.0115156 0.189481 0.000240737
7 0.718239 0.48584 0.0991828 0.124747 0.000241548
6 0.271174 0.624073 0.0326894 0.0330411 0.000245783
9 0.751857 0.561699 0.0468053 0.0364127 0.000247978
3 0.872028 0.607552 0.255944 0.574511 0.000248402
9 0.381501 0.994606 0.0468053 0.0107889 0.000248579
9 0.41679 0.989211 0.0453195 0.0215779 0.000249199
6 0.00482912 0.26062 0.00965825 0.111261 0.00025051
9 0.46341 0.00236008 0.0560921 0.00472016 0.000256219
6 0.792905 0.601146 0.0397474 0.0505732 0.000257872
6 0.192608 0.591369 0.0293462 0.0350641 0.000258224
6 0.530646 0.0182063 0.0293462 0.0364127 0.000259555
9 0.361627 0.989885 0.0761516 0.0202293 0.00026419
9 0.202266 0.595078 0.0204309 0.026298 0.000265023
5 0.504272 0.0236008 0.490713 0.0472016 0.00026584
5 0.940193 0.261295 0.115156 0.37559 0.000268522
6 0.81445 0.0802428 0.0486627 0.109238 0.000268685
9 0.413076 0.986177 0.152303 0.0276467 0.000274735
9 0.794948 0.58766 0.0245171 0.0357384 0.000274914
6 0.61367 0.550236 0.0267459 0.0404585 0.000275485
6 0.668276 0.625084 0.051263 0.0431558 0.000275786
6 0.708767 0.653742 0.0208024 0.0316925 0.000276189
6 0.764302 0.635536 0.019688 0.0289953 0.000276347
5 0.158061 0.962576 0.316122 0.0748483 0.000276371
5 0.20208 0.321645 0.173848 0.242751 0.00028644
6 0.311478 0.643291 0.0486627 0.0431558 0.000287442
2 0.761701 0.4265 0.429792 0.167903 0.000291093
9 0.431092 0.993931 0.0471768 0.0121376 0.000292169
6 0.646545 0.657788 0.0308321 0.0384356 0.000294502
2 0.194094 0.473028 0.183135 0.163857 0.000296082
6 0.696694 0.633176 0.0404903 0.0377613 0.000297367
7 0.159918 0.483142 0.044948 0.138233 0.000297591
2 0.0824666 0.439649 0.110698 0.222522 0.000301824
6 0.341196 0.629467 0.0300892 0.0397842 0.000302577
9 0.4961 0.991234 0.0776374 0.017532 0.00030376
6 0.60364 0.535401 0.0156018 0.0242751 0.000305177
0 0.507987 0.450438 0.0813522 0.091706 0.00030835
8 0.0347325 0.952798 0.0694651 0.0944032 0.000313657
6 0.732355 0.66116 0.0211738 0.0411328 0.000316442
6 0.407689 0.622387 0.0375186 0.0418071 0.000317519
6 0.606798 0.516521 0.0137444 0.0404585 0.000325176
9 0.588782 0.00910317 0.0750371 0.0182063 0.000336452
6 0.465267 0.659474 0.0308321 0.0498989 0.000337194
9 0.798663 0.571814 0.0222883 0.028321 0.000345832
7 0.506315 0.723871 0.064636 0.140931 0.00034589
9 0.487927 0.00606878 0.0783804 0.0121376 0.000347002
7 0.773774 0.477748 0.089153 0.135536 0.000351331
6 0.48867 0.611935 0.0338039 0.0505732 0.000351404
6 0.462667 0.618678 0.032318 0.0397842 0.000351772
5 0.504643 0.380647 0.533804 0.213756 0.000352505
6 0.224926 0.644639 0.019688 0.0269724 0.000358353
6 0.673291 0.63621 0.0241456 0.0397842 0.000363168
5 0.285475 0.299056 0.348068 0.318948 0.000367196
5 0.0618499 0.257923 0.100669 0.488874 0.000368451
6 0.530461 0.597775 0.0661218 0.0748483 0.000370555
7 0.466382 0.707013 0.083581 0.0977748 0.000380973
9 0.306835 0.579906 0.0401189 0.0498989 0.000388752
6 0.500929 0.486851 0.0887816 0.0957519 0.000391204
6 0.27396 0.653742 0.0256315 0.026298 0.000392522
5 0.504829 0.28085 0.064636 0.157114 0.00039534
6 0.368314 0.632165 0.0308321 0.0397842 0.000395928
6 0.281947 0.631827 0.0572065 0.0525961 0.000411061
3 0.122771 0.61261 0.245542 0.646662 0.000436447
6 0.566679 0.0074174 0.0345468 0.0148348 0.000439439
6 0.18555 0.581591 0.0219168 0.026298 0.00044128
6 0.242199 0.57586 0.0364042 0.0647336 0.000445882
6 0.530089 0.645651 0.038633 0.0964262 0.000453719
6 0.683321 0.642279 0.058321 0.0438301 0.000459136
9 0.388559 0.987525 0.0780089 0.0249494 0.000460369
9 0.778789 0.600809 0.0300892 0.0337154 0.000466312
6 0.787704 0.634187 0.0412333 0.0519218 0.000468889
9 0.781946 0.636548 0.02526 0.0377613 0.000473059
6 0.283432 0.651382 0.0438336 0.0445044 0.000479636
9 0.783061 0.574511 0.0222883 0.0310182 0.00048574
8 0.924406 0.358058 0.113299 0.161834 0.000487168
6 0.652117 0.637896 0.0241456 0.0431558 0.000490403
6 0.403418 0.651045 0.0319465 0.0519218 0.000504048
6 0.372214 0.646999 0.0289747 0.0465273 0.000534253
6 0.794762 0.652731 0.0167162 0.0364127 0.000538623
6 0.435921 0.660823 0.031575 0.0498989 0.000568489
9 0.36107 0.00809171 0.0416048 0.0161834 0.000571012
9 0.200594 0.586312 0.0193165 0.026298 0.000582288
6 0.533804 0.596089 0.0364042 0.0566419 0.000585421
7 0.354383 0.535064 0.0118871 0.0465273 0.000595542
4 0.5 0.830748 1 0.265678 0.000621528
6 0.465267 0.67296 0.0664933 0.0903574 0.0006226
6 0.434621 0.623399 0.0326894 0.0397842 0.000633638
9 0.306649 0.625759 0.0479198 0.0485502 0.000643441
9 0.534547 0.00505732 0.0676077 0.0101146 0.000685617
6 0.659547 0.644639 0.0263744 0.045853 0.000692526
6 0.801449 0.648348 0.0167162 0.0424815 0.000721619
9 0.389116 0.00674309 0.0271174 0.0134862 0.000777824
6 0.603269 0.526298 0.01263 0.0316925 0.00078711
5 0.506129 0.0748483 0.688336 0.149697 0.000795579
9 0.768016 0.61733 0.0456909 0.0465273 0.000812517
9 0.433135 0.0074174 0.0267459 0.0148348 0.000814897
6 0.191865 0.585637 0.0159733 0.0276467 0.000816571
6 0.524889 0.667229 0.0705795 0.115307 0.000839188
6 0.723068 0.658463 0.0271174 0.0478759 0.000841144
7 0.171434 0.491571 0.0278603 0.0809171 0.000883544
6 0.73607 0.557316 0.0813522 0.0600135 0.000892327
5 0.0923105 0.336143 0.128157 0.4147 0.000901685
6 0.383915 0.646325 0.0293462 0.0478759 0.000930604
2 0.778418 0.46561 0.273031 0.147674 0.000934043
6 0.585438 0.00640593 0.0401189 0.0128119 0.000935551
9 0.416048 0.00674309 0.0312036 0.0134862 0.000937351
6 0.285661 0.638233 0.0282318 0.0316925 0.000970527
7 0.178306 0.489885 0.01263 0.0748483 0.00100232
9 0.513744 0.00539447 0.0364042 0.0107889 0.00103739
9 0.746471 0.578557 0.0345468 0.0269724 0.00111089
5 0.505572 0.299056 0.415305 0.302765 0.00111515
5 0.752972 0.313216 0.421991 0.308159 0.00112087
6 0.506129 0.595415 0.0486627 0.0579906 0.00113281
2 0.267831 0.436278 0.280832 0.17532 0.00117509
6 0.711181 0.644302 0.019688 0.0303439 0.0012117
5 0.5013 0.986851 0.557578 0.026298 0.00125824
9 0.461181 0.00472016 0.0338039 0.00944032 0.00131554
6 0.790862 0.635536 0.0222883 0.0343897 0.00133121
9 0.757429 0.63149 0.0237741 0.0357384 0.00139846
6 0.712853 0.638233 0.0557207 0.054619 0.00140323
7 0.353083 0.524949 0.00705795 0.0465273 0.00175681
9 0.769502 0.626433 0.0293462 0.0310182 0.00182483
6 0.730684 0.635536 0.0282318 0.0357384 0.00185973
9 0.486813 0.00438301 0.0330609 0.00876602 0.00205214
5 0.496285 0.933918 0.846954 0.132165 0.00222686
6 0.284361 0.650371 0.0286033 0.0289953 0.00230964
6 0.697623 0.571814 0.0364042 0.0377613 0.00246271
9 0.533618 0.00337154 0.032318 0.00674309 0.00258583
6 0.496843 0.673635 0.0776374 0.111935 0.00281135
4 0.508544 0.689818 0.496285 0.285907 0.00283226
6 0.707467 0.605192 0.0367756 0.0424815 0.0029157
6 0.728826 0.628456 0.0586924 0.0472016 0.0037978
5 0.505572 0.166554 0.877415 0.333109 0.00431247
9 0.26523 0.61025 0.0341753 0.0418071 0.00554643
9 0.272103 0.586649 0.0293462 0.0404585 0.00571038
9 0.760958 0.574174 0.0427192 0.0451787 0.00586838
9 0.758915 0.577546 0.0289747 0.0276467 0.0210093
6 0.720468 0.640593 0.0308321 0.0377613 0.0212069
2 0.504643 0.510789 0.926077 0.362104 0.0456469
3 0.5 0.609238 1 0.618341 0.263797
2 0.503529 0.439987 0.738113 0.198921 0.843027
4 0.498328 0.689818 0.890416 0.377613 0.846491
5 0.5 0.298382 0.819465 0.371544 0.863535
