5 0.0652819 0.962466 0.130564 0.075067 1.76625e-05
6 0.244993 0.0140751 0.139095 0.0281501 1.77228e-05
6 0.460868 0.484584 0.0270772 0.041555 1.77234e-05
7 0.886499 0.478217 0.0207715 0.109249 1.77405e-05
9 0.668398 0.975201 0.0356083 0.0495979 1.77544e-05
6 0.431009 0.0224531 0.0178042 0.0341823 1.77643e-05
9 0.639466 0.994303 0.10905 0.0113941 1.77963e-05
5 0.854414 0.0469169 0.291172 0.0938338 1.78421e-05
6 0.342544 0.975871 0.0426558 0.0482574 1.78431e-05
7 0.44566 0.442359 0.0055638 0.0790885 1.78554e-05
7 0.395772 0.440349 0.00964392 0.077748 1.7873e-05
6 0.479414 0.669571 0.0196588 0.0536193 1.78735e-05
7 0.544139 0.861595 0.0222552 0.0824397 1.78857e-05
6 0.620363 0.933646 0.027819 0.0428954 1.78965e-05
6 0.359421 0.0231233 0.0200297 0.0301609 1.79226e-05
5 0.139651 1 0.266691 0 1.79671e-05
6 0.964206 0.165214 0.0426558 0.0958445 1.80102e-05
5 0.0165059 0.856903 0.0330119 0.232574 1.8013e-05
4 0.436758 0.696716 0.376484 0.203083 1.80698e-05
9 0.451039 1 0.0630564 0 1.80811e-05
6 0.0836424 0.539544 0.0530415 0.19437 1.81201e-05
6 0.836981 0.0797587 0.0107567 0.159517 1.8124e-05
6 0.619807 0.0851206 0.0526706 0.0643432 1.81401e-05
9 0.466988 0.995979 0.111276 0.0080429 1.81584e-05
6 0.494251 0.629357 0.0307864 0.0670241 1.81603e-05
6 0.613687 0.00301609 0.0255935 0.00603217 1.8187e-05
5 0.652448 0.155496 0.250742 0.253351 1.82227e-05
5 0.807122 0.873324 0.326409 0.134048 1.82459e-05
7 0.238501 0.248995 0.0526706 0.266086 1.82537e-05
6 0.137982 0.530161 0.0511869 0.0924933 1.82918e-05
6 0.499073 0.564343 0.0196588 0.0603217 1.83116e-05
6 0.984607 0.270442 0.0307864 0.262064 1.83243e-05
6 0.497404 0.963137 0.0867953 0.0737265 1.83454e-05
6 0.1773 0.00536193 0.0675074 0.0107239 1.8354e-05
6 0.633717 0.119973 0.0166914 0.0335121 1.84013e-05
5 0.844399 0.175603 0.311202 0.321716 1.84021e-05
6 0.252967 0.58445 0.0207715 0.0321716 1.842e-05
7 0.392619 0.409182 0.0204006 0.0663539 1.84293e-05
6 0.0684347 0.0227882 0.0626855 0.038874 1.84609e-05
7 0.494251 0.86126 0.0204006 0.0469169 1.84812e-05
9 0.667841 1 0.0916172 0 1.8516e-05
6 0.874073 0.655161 0.0738131 0.106568 1.85359e-05
9 0.414132 1 0.0589763 0 1.85431e-05
6 0.215504 0.0016756 0.0749258 0.00335121 1.85498e-05
5 0.900964 0.0217828 0.198071 0.0435657 1.85693e-05
9 0.313056 1 0.138724 0 1.86349e-05
7 0.363501 0.446381 0.0163205 0.0857909 1.86748e-05
6 0.259273 0.631032 0.0749258 0.115952 1.86789e-05
6 0.63112 0.100871 0.0159496 0.0261394 1.86792e-05
6 0.993694 0.184316 0.0126113 0.107239 1.86792e-05
5 0.802856 0.302949 0.0827151 0.218499 1.87006e-05
6 0.535979 0.965818 0.0252226 0.038874 1.87041e-05
6 0.395772 0.0134048 0.022997 0.0268097 1.87048e-05
6 0.136684 0.607239 0.113872 0.13807 1.87494e-05
4 0.0554525 0.804625 0.110905 0.343834 1.87578e-05
7 0.632233 0.676609 0.0241098 0.0717158 1.87885e-05
6 0.430638 0.00134048 0.0192878 0.00268097 1.8811e-05
6 0.617953 0.645442 0.0252226 0.0509383 1.88237e-05
6 0.599777 0.0247989 0.018546 0.0294906 1.8853e-05
3 0.729414 0.5 0.541172 1 1.8873e-05
6 0.579562 0.586461 0.0248516 0.0402145 1.88757e-05
6 0.57474 0.573056 0.0174332 0.0428954 1.89255e-05
5 0.838835 0.155496 0.131677 0.262735 1.89449e-05
5 0.556009 0.854893 0.38724 0.0824397 1.89481e-05
6 0.593472 0.967828 0.0363501 0.0643432 1.89555e-05
6 0.350705 0.606568 0.0248516 0.0428954 1.89829e-05
6 0.469028 0.494303 0.0285608 0.0422252 1.90739e-05
6 0.427856 0.0968499 0.023368 0.0261394 1.90913e-05
6 0.295623 0.969169 0.0452522 0.0522788 1.9123e-05
6 0.486091 0.961796 0.0218843 0.0402145 1.91398e-05
9 0.332715 1 0.0905045 0 1.91525e-05
6 0.178598 0.90315 0.0827151 0.156166 1.91688e-05
6 0.712537 0.678619 0.106083 0.125335 1.91749e-05
6 0.298776 0.900469 0.0916172 0.109249 1.9213e-05
6 0.0906899 0.00670241 0.0515579 0.0134048 1.92165e-05
6 0.420438 0.543901 0.0293027 0.0422252 1.92347e-05
6 0.645772 0.645442 0.0237389 0.0455764 1.92538e-05
6 0.481639 0.488271 0.0196588 0.0449062 1.9256e-05
6 0.252596 0.615617 0.0244807 0.0475871 1.92608e-05
6 0.34477 0.908847 0.0574926 0.0737265 1.92668e-05
6 0.249815 0.532172 0.212537 0.310992 1.92884e-05
6 0.631862 0.544906 0.03227 0.0375335 1.93317e-05
5 0.528746 0.107574 0.356454 0.174933 1.93611e-05
6 0.576224 0.151139 0.0352374 0.058311 1.93715e-05
6 0.671736 0.949062 0.115727 0.101877 1.93905e-05
6 0.988131 0.396783 0.0126113 0.126005 1.94757e-05
6 0.607567 0.970509 0.0281899 0.0308311 1.94903e-05
6 0.28635 0.51307 0.0155786 0.0328418 1.95599e-05
9 0.869065 0.992627 0.115727 0.0147453 1.95646e-05
6 0.44566 0.968164 0.027819 0.0315013 1.95792e-05
6 0.880378 0.562332 0.0604599 0.121984 1.9597e-05
6 0.52207 0.509048 0.013724 0.0462466 1.95976e-05
5 0.946958 0.189678 0.106083 0.265416 1.96041e-05
5 0.93954 0.112265 0.12092 0.16555 1.96172e-05
6 0.569547 0.0707105 0.119065 0.0676944 1.96246e-05
5 0.232381 0.297922 0.0901335 0.207105 1.96612e-05
5 0.747404 0.141086 0.505193 0.282172 1.96824e-05
6 0.544139 0.97252 0.0363501 0.0321716 1.96917e-05
6 0.4273 0.0995308 0.0393175 0.0422252 1.97111e-05
7 0.378709 0.41622 0.018546 0.104558 1.97125e-05
6 0.30434 0.550603 0.0218843 0.0355228 1.97439e-05
6 0.00500742 0.0794236 0.0100148 0.0824397 1.97508e-05
9 0.485534 0.00502681 0.0875371 0.0100536 1.97649e-05
6 0.609236 0.019437 0.0166914 0.0321716 1.97878e-05
6 0.556751 0.0157507 0.0281899 0.0301609 1.98566e-05
6 0.919881 0.103552 0.0660237 0.0676944 1.98668e-05
6 0.690467 0.609584 0.0211424 0.0328418 1.98862e-05
9 0.525408 1 0.0634273 0 1.9942e-05
6 0.354043 0.547252 0.0218843 0.0328418 1.99568e-05
5 0.100334 0.0552949 0.200668 0.11059 2.01028e-05
6 0.318435 0.645442 0.112389 0.120643 2.01657e-05
7 0.390764 0.412198 0.0382047 0.0831099 2.01704e-05
9 0.968101 0.938338 0.0563798 0.123324 2.01966e-05
6 0.351818 0.0204424 0.0819733 0.0408847 2.02262e-05
6 0.435645 0.0790885 0.0567507 0.0710456 2.02411e-05
6 0.314911 0.613941 0.0200297 0.0335121 2.03091e-05
6 0.587908 0.651475 0.0400593 0.0576407 2.03359e-05
6 0.307864 0.990952 0.0511869 0.0180965 2.03491e-05
6 0.527448 0.529155 0.0207715 0.0395442 2.03526e-05
6 0.871847 0.641086 0.140579 0.260724 2.03715e-05
6 0.989243 0.34685 0.0118694 0.114611 2.04287e-05
6 0.593472 0.00368633 0.0281899 0.00737265 2.04321e-05
9 0.631306 1 0.0875371 0 2.04335e-05
6 0.819547 0.922587 0.0656528 0.142761 2.0452e-05
2 0.642062 0.453083 0.214392 0.123324 2.04713e-05
6 0.580304 0.0512735 0.0241098 0.0341823 2.04743e-05
7 0.520772 0.858244 0.0237389 0.05563 2.04744e-05
6 0.404303 0.00201072 0.0237389 0.00402145 2.05056e-05
6 0.837908 0.00469169 0.0652819 0.00938338 2.05328e-05
6 0.709755 0.645107 0.0204006 0.0382038 2.05554e-05
6 0.967544 0.408512 0.064911 0.30496 2.05595e-05
6 0.449926 0.458445 0.0215134 0.0589812 2.05716e-05
9 0.358123 0.98626 0.0241098 0.0274799 2.06229e-05
6 0.468472 0.016756 0.119436 0.0335121 2.06326e-05
6 0.561573 0.0824397 0.0215134 0.0335121 2.06424e-05
6 0.495178 0.956769 0.0289317 0.0408847 2.06471e-05
6 0.355341 0.922587 0.060089 0.149464 2.06483e-05
6 0.356825 0.00100536 0.0333828 0.00201072 2.0653e-05
6 0.331231 0.953753 0.0675074 0.0670241 2.07899e-05
6 0.542841 0.473525 0.0270772 0.0516086 2.0798e-05
6 0.988316 0.430965 0.0196588 0.315013 2.07988e-05
6 0.29043 0.592493 0.0222552 0.0321716 2.08269e-05
9 0.087908 1 0.0534125 0 2.0842e-05
5 0.953635 0.00837802 0.09273 0.016756 2.08502e-05
5 0.288576 0.102212 0.190653 0.11059 2.09109e-05
6 0.729599 0.938003 0.113501 0.123995 2.09139e-05
6 0.736832 0.0127346 0.0804896 0.0254692 2.09376e-05
6 0.477374 0.469169 0.0385757 0.0616622 2.09778e-05
9 0.102374 0.987936 0.0712166 0.0241287 2.10832e-05
6 0.56862 0.0680295 0.0534125 0.058311 2.11952e-05
6 0.691766 0.464477 0.0956973 0.10992 2.11956e-05
6 0.45382 0.48626 0.0152077 0.0341823 2.12013e-05
6 0.545623 0.524129 0.203264 0.123324 2.12092e-05
6 0.902819 0.927614 0.108309 0.136729 2.12262e-05
6 0.264651 0.00502681 0.0901335 0.0100536 2.12506e-05
6 0.835126 0.0606568 0.0122404 0.105228 2.12584e-05
4 0.00704748 0.863271 0.014095 0.22118 2.12729e-05
7 0.521884 0.394102 0.0222552 0.107239 2.12797e-05
6 0.603116 0.488941 0.0155786 0.0542895 2.12878e-05
7 0.352374 0.40181 0.0897626 0.125335 2.13282e-05
6 0.696031 0.944705 0.0478487 0.0851206 2.14727e-05
6 0.606454 0.0016756 0.0244807 0.00335121 2.14755e-05
6 0.736276 0.57071 0.0326409 0.0422252 2.15218e-05
6 0.873145 0.904826 0.10905 0.159517 2.15827e-05
6 0.35497 0.551273 0.037092 0.0462466 2.15876e-05
9 0.341988 0.98626 0.0318991 0.0274799 2.15912e-05
5 0.471625 0.24933 0.0775223 0.206434 2.15961e-05
0 0.987018 0.824062 0.0222552 0.351877 2.17109e-05
6 0.280786 0.59618 0.0178042 0.0274799 2.17119e-05
6 0.233865 0.636059 0.0211424 0.0469169 2.17322e-05
6 0.909496 0.550268 0.0578635 0.151475 2.17737e-05
5 0.436202 0.100201 0.222552 0.109249 2.18767e-05
6 0.543769 0.57004 0.014095 0.0462466 2.18849e-05
6 0.433976 0.610925 0.226261 0.162869 2.19173e-05
7 0.528746 0.859249 0.0218843 0.101877 2.19186e-05
7 0.641691 0.431971 0.0118694 0.097185 2.19235e-05
6 0.663761 0.614611 0.0166914 0.0335121 2.19785e-05
6 0.394288 0.00435657 0.0333828 0.00871314 2.20896e-05
9 0.237945 1 0.132418 0 2.2115e-05
5 0.265579 0.165214 0.531157 0.245979 2.21315e-05
9 0.0413576 0.00301609 0.0582344 0.00603217 2.21385e-05
6 0.774481 0.00737265 0.0838279 0.0147453 2.22114e-05
6 0.809718 0.00636729 0.0704748 0.0127346 2.2239e-05
6 0.988316 0.016756 0.023368 0.0335121 2.22533e-05
6 0.617211 0.651139 0.0637982 0.0864611 2.2293e-05
6 0.508717 0.0130697 0.0255935 0.0261394 2.23282e-05
9 0.332901 0.979893 0.0730712 0.0402145 2.23291e-05
6 0.259088 0.990282 0.0419139 0.019437 2.24062e-05
6 0.633346 0.539544 0.0189169 0.0294906 2.24173e-05
6 0.674518 0.531166 0.0204006 0.0408847 2.24421e-05
9 0.15319 1 0.0615727 0 2.24602e-05
6 0.355898 0.65248 0.0908754 0.107909 2.2517e-05
9 0.681194 1 0.320104 0 2.25388e-05
6 0.371662 0.969169 0.0222552 0.0428954 2.26409e-05
6 0.993509 0.358579 0.0129822 0.121984 2.26804e-05
6 0.58253 0.00368633 0.0626855 0.00737265 2.26915e-05
6 0.445475 0.011059 0.014095 0.022118 2.27286e-05
6 0.403375 0.578753 0.0166914 0.0449062 2.27485e-05
6 0.331231 0.593164 0.0178042 0.0348525 2.27682e-05
6 0.479414 0.0157507 0.0285608 0.0315013 2.27856e-05
5 0.670438 0.0713807 0.183605 0.0810992 2.2801e-05
7 0.637797 0.432306 0.0419139 0.105898 2.28054e-05
6 0.474036 0.022118 0.0853116 0.0442359 2.30119e-05
6 0.37908 0.55563 0.0163205 0.0321716 2.30269e-05
7 0.414132 0.444035 0.00630564 0.0743968 2.30938e-05
6 0.649295 0.933311 0.186573 0.0529491 2.31105e-05
6 0.139837 0.211461 0.0296736 0.0489276 2.32305e-05
6 0.512055 0.65382 0.023368 0.0717158 2.32851e-05
6 0.704748 0.989611 0.0534125 0.0207775 2.33149e-05
6 0.633346 0.952078 0.0471068 0.0958445 2.33589e-05
6 0.414318 0.556635 0.0178042 0.0408847 2.3405e-05
5 0.0626855 0.142091 0.125371 0.242627 2.3422e-05
6 0.716988 0.993298 0.055638 0.0134048 2.34457e-05
5 0.312315 0.0489276 0.282641 0.0978552 2.34643e-05
9 0.376855 1 0.0615727 0 2.35158e-05
6 0.53431 0.00469169 0.0738131 0.00938338 2.36437e-05
9 0.557863 0.978887 0.0548961 0.0422252 2.36547e-05
6 0.642433 0.550603 0.018546 0.0328418 2.3689e-05
6 0.363687 0.527145 0.0174332 0.0328418 2.38062e-05
2 0.680082 0.392091 0.193991 0.214477 2.38605e-05
6 0.393175 0.658512 0.0778932 0.099866 2.40104e-05
7 0.530601 0.859584 0.0218843 0.0502681 2.4031e-05
6 0.509644 0.019437 0.0422849 0.038874 2.41418e-05
6 0.620178 0.0237936 0.0934718 0.0475871 2.41447e-05
6 0.576595 0.0144102 0.100519 0.0288204 2.41503e-05
5 0.302114 0.256367 0.604228 0.512735 2.41564e-05
7 0.55434 0.862265 0.0241098 0.0743968 2.42341e-05
6 0.948999 0.582105 0.069362 0.25134 2.42441e-05
6 0.480712 0.0298257 0.0548961 0.0516086 2.42459e-05
5 0.83865 0.880027 0.3227 0.239946 2.42662e-05
6 0.33049 0.582105 0.0200297 0.0261394 2.42902e-05
6 0.498145 0.175603 0.0578635 0.13807 2.43212e-05
6 0.605527 0.0123995 0.0211424 0.0247989 2.43928e-05
7 0.566766 0.862265 0.0192878 0.0368633 2.44023e-05
9 0.273182 1 0.308234 0 2.45664e-05
9 0.563984 1 0.0612018 0 2.45845e-05
6 0.553598 0.600536 0.231083 0.134048 2.4651e-05
6 0.720141 0.939678 0.0552671 0.107239 2.46949e-05
5 0.938613 0.477882 0.064911 0.292225 2.4862e-05
6 0.625742 0.099866 0.0163205 0.0294906 2.4937e-05
6 0.381491 0.0231233 0.0248516 0.0462466 2.49982e-05
6 0.993138 0.412198 0.013724 0.142091 2.50391e-05
6 0.74388 0.635054 0.0849406 0.102547 2.51407e-05
6 0.269473 0.547587 0.0174332 0.0321716 2.51911e-05
6 0.49796 0.464812 0.0374629 0.0797587 2.52212e-05
3 0.184904 0.709115 0.369807 0.581769 2.52304e-05
6 0.646699 0.981568 0.0745549 0.0368633 2.52337e-05
6 0.645215 0.902145 0.146513 0.0630027 2.52378e-05
6 0.656714 0.647453 0.0849406 0.0924933 2.53003e-05
6 0.395586 0.976877 0.0389466 0.0368633 2.53136e-05
6 0.61684 0.548257 0.0170623 0.0321716 2.53393e-05
7 0.656343 0.433981 0.0982938 0.101206 2.54774e-05
5 0.84069 0.016756 0.162092 0.0335121 2.55867e-05
7 0.373516 0.451743 0.0259644 0.0536193 2.5661e-05
9 0.670623 0.992627 0.0333828 0.0147453 2.56849e-05
7 0.265208 0.244303 0.0667656 0.274129 2.57016e-05
6 0.416358 0.0016756 0.0196588 0.00335121 2.57473e-05
7 0.890208 0.48626 0.0356083 0.204424 2.57928e-05
7 0.545994 0.862601 0.0222552 0.041555 2.58724e-05
7 0.306751 0.434316 0.0341246 0.0683646 2.58911e-05
6 0.577522 0.967493 0.0289317 0.0274799 2.58925e-05
6 0.450297 0.692359 0.0408012 0.0871314 2.59175e-05
7 0.450668 0.394772 0.0400593 0.0844504 2.60494e-05
6 0.573071 0.0271448 0.0252226 0.0301609 2.60762e-05
7 0.58865 0.414209 0.0378338 0.108579 2.60797e-05
7 0.631862 0.438003 0.0159496 0.0918231 2.61563e-05
9 0.190467 1 0.0634273 0 2.62029e-05
7 0.376298 0.398794 0.0522997 0.0965147 2.62216e-05
6 0.00593472 0.0325067 0.0074184 0.060992 2.64348e-05
0 0.0102003 0.843164 0.013724 0.313673 2.64357e-05
6 0.528375 0.571046 0.0152077 0.0509383 2.64925e-05
9 0.723108 1 0.13316 0 2.65681e-05
2 0.5 0.957105 1 0.0857909 2.66139e-05
9 0.0827151 0.989611 0.0504451 0.0207775 2.67783e-05
6 0.494622 0.674263 0.023368 0.0643432 2.68608e-05
9 0.263724 1 0.0637982 0 2.69113e-05
9 0.956788 0.981233 0.0864243 0.0375335 2.70213e-05
6 0.555453 0.982574 0.0389466 0.0335121 2.70795e-05
5 0.229228 0.103552 0.376855 0.182976 2.70828e-05
9 0.226818 1 0.0641691 0 2.71871e-05
6 0.396884 0.083445 0.0660237 0.0690349 2.72746e-05
6 0.618694 0.47118 0.0445104 0.0737265 2.73252e-05
6 0.368138 0.595174 0.0166914 0.0375335 2.73557e-05
6 0.449555 0.967828 0.0467359 0.041555 2.73786e-05
6 0.606083 0.597855 0.0267062 0.0375335 2.74636e-05
7 0.404859 0.442694 0.0055638 0.0824397 2.74771e-05
9 0.633531 0.979223 0.0437685 0.041555 2.75242e-05
9 0.932122 1 0.0749258 0 2.76363e-05
6 0.441209 0.467828 0.294881 0.0938338 2.76438e-05
6 0.987945 0.412534 0.0241098 0.27681 2.7669e-05
6 0.221068 0.905496 0.0875371 0.150134 2.77075e-05
6 0.34069 0.550603 0.0226261 0.0341823 2.77216e-05
6 0.218101 0.995308 0.0489614 0.00938338 2.77241e-05
6 0.467174 0.454759 0.0159496 0.0730563 2.78165e-05
5 0.504637 0.241622 0.0448813 0.158847 2.78252e-05
7 0.394473 0.433311 0.0204006 0.0676944 2.78641e-05
6 0.567137 0.0227882 0.0801187 0.0455764 2.79297e-05
2 0.740542 0.910188 0.518917 0.179625 2.79788e-05
6 0.385571 0.970174 0.111647 0.0596515 2.80958e-05
6 0.694547 0.0596515 0.0582344 0.0549598 2.8104e-05
5 0.366283 0.869303 0.43954 0.213137 2.81683e-05
6 0.670067 0.0120643 0.0515579 0.0241287 2.8185e-05
6 0.298405 0.529491 0.0663947 0.0924933 2.82327e-05
6 0.291172 0.547922 0.0178042 0.0328418 2.82601e-05
6 0.406343 0.516086 0.420994 0.179625 2.83461e-05
6 0.315467 0.706099 0.0723294 0.113271 2.83567e-05
6 0.584013 0.0284853 0.0352374 0.0395442 2.85937e-05
6 0.282456 0.990617 0.050816 0.0187668 2.86349e-05
6 0.382047 0.948391 0.0578635 0.0656836 2.86601e-05
6 0.41339 0.647788 0.0367211 0.0569705 2.86681e-05
6 0.381491 0.00502681 0.083457 0.0100536 2.87122e-05
6 0.738131 0.608579 0.0341246 0.0482574 2.88622e-05
6 0.773553 0.631032 0.0708457 0.0864611 2.90074e-05
9 0.543583 0.98626 0.0344955 0.0274799 2.90182e-05
9 0.583272 0.977547 0.0612018 0.0449062 2.90763e-05
9 0.38724 1 0.153561 0 2.91324e-05
5 0.938984 0.994638 0.122033 0.0107239 2.91753e-05
6 0.634644 0.955764 0.0400593 0.0442359 2.91818e-05
9 0.990171 0.965147 0.0196588 0.0697051 2.92759e-05
9 0.338093 1 0.0612018 0 2.92937e-05
6 0.274295 0.571716 0.0166914 0.0294906 2.93233e-05
9 0.60701 0.992292 0.0344955 0.0154155 2.93967e-05
6 0.688798 0.540214 0.041543 0.0495979 2.93977e-05
9 0.301372 1 0.0634273 0 2.94542e-05
5 0.433234 0.968164 0.37908 0.0596515 2.94672e-05
6 0.649295 0.687332 0.0760386 0.115952 2.94963e-05
5 0.919325 0.0656836 0.16135 0.0710456 2.95211e-05
6 0.289503 0.0120643 0.0945846 0.0241287 2.9535e-05
6 0.36684 0.548928 0.0163205 0.0348525 2.95494e-05
9 0.0836424 0.981903 0.087908 0.036193 2.96046e-05
6 0.557863 0.536863 0.0155786 0.0321716 2.96277e-05
5 0.694362 0.0144102 0.153561 0.0288204 2.96558e-05
6 0.468101 0.011059 0.0259644 0.022118 2.97607e-05
7 0.837537 0.0593164 0.00445104 0.0676944 2.98826e-05
6 0.265208 0.634048 0.256677 0.282842 3.00312e-05
9 0.656714 0.991622 0.0441395 0.016756 3.00379e-05
5 0.309347 0.0566354 0.568991 0.113271 3.00384e-05
4 0.0155786 0.824397 0.0311573 0.319035 3.01434e-05
7 0.531899 0.915214 0.0126113 0.097185 3.02964e-05
8 0.928969 0.961126 0.0612018 0.077748 3.03485e-05
5 0.716061 0.00201072 0.159125 0.00402145 3.0358e-05
6 0.811758 0.606568 0.139837 0.266756 3.03808e-05
6 0.989429 0.0365282 0.0211424 0.0730563 3.05211e-05
2 0.18138 0.507708 0.36276 0.401475 3.0528e-05
2 0.228672 0.926944 0.457344 0.146113 3.06305e-05
9 0.519473 0.987601 0.0359792 0.0247989 3.07065e-05
9 0.972552 0.984249 0.0511869 0.0315013 3.0708e-05
5 0.31658 0.0294906 0.214763 0.0589812 3.07523e-05
6 0.729228 0.989611 0.0482196 0.0207775 3.1146e-05
6 0.409125 0.11126 0.0267062 0.0321716 3.11763e-05
2 0.106825 0.526475 0.14095 0.351877 3.12241e-05
6 0.286536 0.947386 0.0552671 0.0864611 3.12277e-05
6 0.567322 0.966488 0.03227 0.0670241 3.12326e-05
5 0.0841988 0.312668 0.13724 0.33311 3.12337e-05
6 0.994622 0.272453 0.0107567 0.099866 3.12419e-05
6 0.00890208 0.462131 0.0163205 0.103887 3.12897e-05
6 0.631862 0.644102 0.027819 0.0495979 3.13312e-05
6 0.394844 0.525804 0.0248516 0.0395442 3.13521e-05
6 0.980712 0.0117292 0.0385757 0.0234584 3.14882e-05
5 0.781157 0.06937 0.211424 0.13874 3.15347e-05
9 0.979228 0.612265 0.0385757 0.0395442 3.15507e-05
6 0.371847 0.0241287 0.0226261 0.0482574 3.15539e-05
6 0.607381 0.608914 0.0189169 0.0422252 3.16513e-05
9 0.115542 0.991287 0.0782641 0.0174263 3.16774e-05
6 0.0819733 0.470845 0.0675074 0.25 3.177e-05
6 0.438984 0.704424 0.0344955 0.0710456 3.17897e-05
7 0.524852 0.407507 0.0111276 0.0871314 3.18346e-05
9 0.494622 0.988271 0.0337537 0.0234584 3.19102e-05
9 0.556751 0.992627 0.0385757 0.0147453 3.19221e-05
9 0.600705 1 0.0582344 0 3.20543e-05
9 0.0942136 0.962466 0.0712166 0.075067 3.2068e-05
5 0.813242 0.91555 0.373516 0.120643 3.20695e-05
6 0.580119 0.55429 0.0178042 0.0348525 3.20761e-05
5 0.795067 0.345174 0.409866 0.690349 3.21571e-05
6 0.4477 0.981568 0.041543 0.0355228 3.21835e-05
6 0.280601 0.619303 0.0181751 0.0281501 3.22544e-05
9 0.827151 0.998324 0.0956973 0.00335121 3.23229e-05
5 0.488501 0.876676 0.977003 0.246649 3.2351e-05
6 0.948813 0.094504 0.0497033 0.0710456 3.23808e-05
5 0.174518 0.15315 0.160608 0.284853 3.23894e-05
6 0.406714 0.628016 0.0433976 0.0656836 3.2405e-05
6 0.423591 0.973525 0.09273 0.0529491 3.24272e-05
6 0.556936 0.967158 0.0404303 0.0348525 3.24974e-05
6 0.255749 0.602547 0.0196588 0.0428954 3.25706e-05
5 0.243138 0.821716 0.355712 0.206434 3.25823e-05
7 0.618694 0.444035 0.0712166 0.119973 3.26059e-05
6 0.991283 0.264075 0.0107567 0.100536 3.27015e-05
5 0.349777 0.984249 0.416914 0.0315013 3.27776e-05
6 0.668769 0.947721 0.0311573 0.104558 3.28503e-05
5 0.653375 0.0341823 0.438056 0.0683646 3.28648e-05
6 0.00630564 0.0552949 0.00890208 0.0730563 3.30444e-05
6 0.253524 0.544571 0.0582344 0.106568 3.30669e-05
6 0.510757 0.464142 0.0311573 0.0770777 3.30691e-05
6 0.382233 0.0117292 0.0174332 0.0234584 3.331e-05
8 0.00686202 0.821716 0.013724 0.356568 3.33571e-05
7 0.920994 0.476877 0.0586053 0.169571 3.34507e-05
7 0.264095 0.432641 0.106825 0.168231 3.35333e-05
6 0.963279 0.187668 0.0593472 0.242627 3.36632e-05
5 0.691024 0.262399 0.13724 0.247319 3.37288e-05
7 0.485349 0.377011 0.0604599 0.0891421 3.37291e-05
5 0.368509 0.00938338 0.145772 0.0187668 3.3747e-05
9 0.36684 0.991287 0.312315 0.0174263 3.39603e-05
6 0.311016 0.500335 0.0293027 0.0489276 3.42094e-05
6 0.987203 0.343834 0.0255935 0.227882 3.43724e-05
6 0.740356 0.544236 0.0430267 0.0643432 3.44023e-05
9 0.682863 0.991622 0.0474777 0.016756 3.44568e-05
6 0.637797 0.534182 0.0574926 0.0442359 3.4518e-05
5 0.492953 0 0.195846 0 3.46779e-05
6 0.344585 0.594169 0.331602 0.184316 3.46952e-05
6 0.766877 0.602547 0.111647 0.179625 3.47e-05
5 0.136313 0.0174263 0.178412 0.0348525 3.47262e-05
5 0.176929 0.879357 0.353858 0.225201 3.4746e-05
7 0.622589 0.690349 0.0663947 0.108579 3.4755e-05
6 0.558976 0.465147 0.00890208 0.0549598 3.47606e-05
6 0.11684 0.545912 0.0793769 0.205764 3.48178e-05
6 0.242767 0.995308 0.0493323 0.00938338 3.48395e-05
5 0.143361 0.993298 0.286721 0.0134048 3.48766e-05
6 0.593472 0.976206 0.0385757 0.0315013 3.49453e-05
6 0.687129 0.0117292 0.0797478 0.0234584 3.49797e-05
5 0.238316 0.331769 0.476632 0.663539 3.50249e-05
6 0.551743 0.562668 0.0196588 0.0422252 3.50385e-05
6 0.382047 0.970509 0.0274481 0.038874 3.50918e-05
6 0.836239 0.0465818 0.0293027 0.0730563 3.51449e-05
6 0.135386 0.469169 0.09273 0.115281 3.53246e-05
6 0.656343 0.00737265 0.110163 0.0147453 3.53556e-05
6 0.807493 0.0536193 0.0459941 0.0978552 3.56095e-05
9 0.359792 0.989276 0.0378338 0.0214477 3.57006e-05
6 0.772255 0.584115 0.0586053 0.0636729 3.58993e-05
6 0.970883 0.598525 0.0285608 0.0482574 3.5929e-05
6 0.333642 0.57071 0.0270772 0.0301609 3.59451e-05
9 0.0467359 0.00904826 0.0689911 0.0180965 3.61732e-05
6 0.318249 0.993298 0.0563798 0.0134048 3.62271e-05
6 0.523924 0.543566 0.0255935 0.041555 3.62721e-05
6 0.545252 0.00938338 0.0207715 0.0187668 3.62979e-05
9 0.533012 0.979223 0.0482196 0.041555 3.63008e-05
6 0.467915 0.0264745 0.0396884 0.0529491 3.64787e-05
6 0.615542 0.577748 0.106454 0.0737265 3.67222e-05
6 0.411536 0.563338 0.193249 0.107909 3.6781e-05
6 0.708086 0.905161 0.0890208 0.128016 3.69454e-05
6 0.269659 0.54122 0.0378338 0.0489276 3.69644e-05
7 0.509088 0.693029 0.0382047 0.115281 3.7296e-05
5 0.833642 0.303954 0.332715 0.299598 3.74709e-05
6 0.375927 0.517426 0.18138 0.119303 3.76733e-05
6 0.0652819 0.415214 0.0808605 0.173592 3.78781e-05
5 0.366283 0 0.178412 0 3.80178e-05
6 0.987389 0.157842 0.0155786 0.16555 3.80587e-05
6 0.446773 0.632373 0.046365 0.0784182 3.80681e-05
6 0.289503 0.52882 0.0241098 0.041555 3.80922e-05
9 0.469585 0.993298 0.037092 0.0134048 3.80946e-05
5 0.89095 0.0797587 0.218101 0.159517 3.81334e-05
5 0.283568 0.938003 0.544139 0.123995 3.82947e-05
5 0.250742 0.142761 0.195846 0.22118 3.8427e-05
5 0.768361 0.0140751 0.184347 0.0281501 3.86359e-05
6 0.667656 0.939343 0.0326409 0.0435657 3.88362e-05
6 0.870734 0.520107 0.0619436 0.117962 3.88684e-05
9 0.823813 1 0.0675074 0 3.88834e-05
6 0.990171 0.0244638 0.0100148 0.0489276 3.90535e-05
6 0.372218 0.0117292 0.0144659 0.0234584 3.90858e-05
7 0.528746 0.404155 0.0189169 0.121984 3.93354e-05
6 0.0179896 0.00703753 0.0359792 0.0140751 3.93807e-05
6 0.591988 0.596515 0.0170623 0.0375335 3.97119e-05
6 0.416172 0.530161 0.0289317 0.041555 3.97802e-05
5 0.890764 0.122989 0.178412 0.204424 3.98318e-05
9 0.65115 0.995979 0.153932 0.0080429 3.98335e-05
6 0.0102003 0.466488 0.0196588 0.233244 4.00321e-05
6 0.584384 0.0264745 0.0196588 0.0301609 4.00559e-05
9 0.861276 1 0.0652819 0 4.02749e-05
9 0.967174 0.993633 0.0656528 0.0127346 4.04341e-05
6 0.281343 0.547587 0.0189169 0.0294906 4.04707e-05
5 0.0814169 0.209786 0.162834 0.193029 4.07095e-05
7 0.40319 0.468164 0.0074184 0.05563 4.07294e-05
9 0.692878 0.994303 0.0563798 0.0113941 4.07926e-05
6 0.518731 0.00904826 0.0218843 0.0180965 4.10052e-05
6 0.518361 0.0227882 0.0352374 0.0455764 4.1131e-05
6 0.22181 0.613941 0.0497033 0.0549598 4.11535e-05
5 0.232938 0.104223 0.465875 0.208445 4.11614e-05
6 0.721625 0.547252 0.0204006 0.0341823 4.12564e-05
6 0.99184 0.213472 0.014095 0.205764 4.13975e-05
6 0.457159 0.0120643 0.03227 0.0241287 4.14347e-05
9 0.409496 0.00502681 0.0630564 0.0100536 4.14419e-05
9 0.425445 0.994638 0.0919881 0.0107239 4.14718e-05
9 0.68342 0.984584 0.0701039 0.0308311 4.15316e-05
5 0.203635 0.0264745 0.168398 0.0529491 4.15609e-05
6 0.622774 0.966823 0.0304154 0.0341823 4.1619e-05
9 0.637611 1 0.0608309 0 4.1689e-05
6 0.464021 0.701072 0.0378338 0.080429 4.1695e-05
6 0.975519 0.617627 0.0489614 0.105228 4.20609e-05
6 0.542285 0.536193 0.018546 0.0375335 4.21023e-05
9 0.366098 0.994638 0.0905045 0.0107239 4.21204e-05
9 0.037092 0.935992 0.074184 0.128016 4.21792e-05
9 0.749629 1 0.0682493 0 4.23212e-05
6 0.31658 0.935992 0.0797478 0.099866 4.23645e-05
7 0.556936 0.864276 0.0241098 0.0355228 4.25137e-05
6 0.68546 0.598861 0.106083 0.0904826 4.25938e-05
9 0.711981 1 0.0663947 0 4.25957e-05
5 0.889651 0.318029 0.184347 0.240617 4.25963e-05
6 0.492953 0.0100536 0.0252226 0.0201072 4.26493e-05
6 0.617396 0.0107239 0.0982938 0.0214477 4.28376e-05
6 0.300816 0.504357 0.0445104 0.0690349 4.32211e-05
5 0.487018 0.183981 0.356083 0.274129 4.32794e-05
6 0.293027 0.992962 0.0548961 0.0140751 4.34041e-05
5 0.715319 0.818365 0.415801 0.239946 4.34557e-05
9 0.464206 0.996314 0.0953264 0.00737265 4.34984e-05
7 0.332344 0.477547 0.022997 0.0596515 4.36046e-05
9 0.0389466 0.987601 0.0474777 0.0247989 4.37092e-05
6 0.804896 0.0928284 0.0563798 0.185657 4.37711e-05
6 0.251113 0.928954 0.097181 0.135389 4.38343e-05
9 0.674703 1 0.0623145 0 4.38369e-05
6 0.723294 0.564343 0.0163205 0.0308311 4.39502e-05
9 0.786721 1 0.0682493 0 4.39677e-05
6 0.0445104 0.693365 0.0749258 0.33311 4.41066e-05
7 0.899481 0.252346 0.10089 0.133378 4.42207e-05
6 0.269659 0.994638 0.0467359 0.0107239 4.44447e-05
6 0.556936 0.0100536 0.0226261 0.0201072 4.44475e-05
6 0.486276 0.522788 0.0400593 0.0549598 4.45308e-05
6 0.337166 0.588807 0.022997 0.0328418 4.4542e-05
9 0.644473 0.993298 0.0315282 0.0134048 4.46503e-05
9 0.0574926 0.95878 0.0237389 0.0824397 4.47142e-05
6 0.709199 0.58445 0.0408012 0.0455764 4.4722e-05
6 0.556936 0.0254692 0.0344955 0.0509383 4.47352e-05
6 0.990171 0.122654 0.0100148 0.107239 4.47485e-05
6 0.984607 0.0884719 0.0307864 0.140751 4.48947e-05
5 0.0497033 0.0137399 0.0994065 0.0274799 4.49723e-05
6 0.408568 0.968499 0.0330119 0.0630027 4.51709e-05
6 0.571958 0.0254692 0.0304154 0.0509383 4.52271e-05
9 0.331788 0.990617 0.0485905 0.0187668 4.53372e-05
6 0.531714 0.0227882 0.0330119 0.0455764 4.54201e-05
6 0.437129 0.454088 0.0152077 0.0489276 4.56929e-05
8 0.0324555 0.788539 0.064911 0.374665 4.62292e-05
6 0.994436 0.218164 0.0111276 0.094504 4.62561e-05
6 0.335868 0.59752 0.130935 0.114611 4.63401e-05
6 0.261128 0.593499 0.0445104 0.0784182 4.64546e-05
5 0.951224 0.327413 0.0975519 0.370643 4.6695e-05
6 0.506306 0.00938338 0.0237389 0.0187668 4.67819e-05
9 0.607567 0.98559 0.0348665 0.0261394 4.68185e-05
6 0.531899 0.00871314 0.0207715 0.0174263 4.68342e-05
7 0.764095 0.27681 0.0778932 0.179625 4.69069e-05
3 0.124258 0.514745 0.248516 0.770777 4.69453e-05
6 0.29618 0.61193 0.0263353 0.036193 4.70088e-05
6 0.991654 0.0144102 0.0166914 0.0288204 4.7098e-05
7 0.902263 0.482574 0.0545252 0.13941 4.71337e-05
6 0.982938 0.408847 0.0341246 0.231903 4.74446e-05
9 0.580861 0.985925 0.0422849 0.0281501 4.76619e-05
9 0.531714 0.992627 0.0352374 0.0147453 4.77025e-05
6 0.265022 0.618633 0.0285608 0.038874 4.86073e-05
9 0.541914 0.989611 0.0445104 0.0207775 4.91448e-05
9 0.159681 0.998324 0.0893917 0.00335121 4.92123e-05
5 0.283754 0.0646783 0.25 0.129357 4.98848e-05
6 0.603116 0.544906 0.0170623 0.0335121 5.03459e-05
4 0.838835 0.776139 0.322329 0.398123 5.11381e-05
6 0.588279 0.0144102 0.0504451 0.0288204 5.11598e-05
5 0.165616 0.271448 0.233309 0.264075 5.12637e-05
6 0.527634 0.491622 0.0114985 0.0449062 5.13568e-05
6 0.648739 0.473525 0.0719585 0.0810992 5.17402e-05
6 0.434904 0.969504 0.0515579 0.060992 5.20005e-05
6 0.985163 0.274464 0.0296736 0.212466 5.21853e-05
6 0.994436 0.131367 0.0111276 0.112601 5.23433e-05
5 0.837352 0.111595 0.325297 0.22319 5.23569e-05
2 0.75204 0.493298 0.49592 0.355228 5.23591e-05
6 0.43138 0.496649 0.0244807 0.0348525 5.24746e-05
7 0.435274 0.412869 0.0344955 0.108579 5.30972e-05
7 0.591988 0.688338 0.0593472 0.103217 5.31196e-05
6 0.487018 0.572386 0.229228 0.140751 5.3131e-05
2 0.538947 0.446716 0.517804 0.128016 5.31647e-05
6 0.990912 0.211461 0.0107567 0.0918231 5.33749e-05
6 0.343101 0.993633 0.0541543 0.0127346 5.36503e-05
6 0.574369 0.531166 0.0181751 0.0315013 5.36786e-05
6 0.516506 0.523794 0.0374629 0.0529491 5.37195e-05
6 0.610349 0.0107239 0.0574926 0.0214477 5.39551e-05
6 0.493509 0.656501 0.0337537 0.0730563 5.41093e-05
7 0.541358 0.42929 0.0248516 0.0931635 5.47002e-05
6 0.990727 0.00904826 0.0118694 0.0180965 5.51173e-05
6 0.721254 0.615617 0.0181751 0.0341823 5.56093e-05
6 0.990727 0.044571 0.018546 0.0891421 5.57667e-05
9 0.432307 0.982574 0.0359792 0.0348525 5.6003e-05
6 0.590875 0.545241 0.018546 0.0341823 5.67689e-05
6 0.493509 0.0264745 0.0404303 0.0529491 5.71872e-05
9 0.579191 0.998995 0.216988 0.00201072 5.73378e-05
4 0.295067 0.786863 0.590134 0.379357 5.76443e-05
6 0.338835 0.0080429 0.0708457 0.0160858 5.78558e-05
9 0.504822 0.996649 0.0890208 0.00670241 5.80332e-05
6 0.724777 0.565684 0.0534125 0.0831099 5.81037e-05
9 0.44158 0.00435657 0.0619436 0.00871314 5.81772e-05
6 0.572515 0.011059 0.0204006 0.022118 5.82529e-05
5 0.441766 0.93063 0.454006 0.0931635 5.83486e-05
7 0.447144 0.427279 0.0293027 0.097185 5.84127e-05
5 0.749073 0.222185 0.139095 0.349196 5.84401e-05
2 0.869065 0.468499 0.181009 0.269437 5.84929e-05
9 0.900779 1 0.0626855 0 5.88056e-05
3 0.857752 0.6813 0.284496 0.637399 5.95509e-05
6 0.604414 0.527145 0.0552671 0.0449062 5.97812e-05
6 0.570475 0.97319 0.0949555 0.0536193 5.98119e-05
6 0.378895 0.59618 0.050816 0.0636729 5.98466e-05
5 0.433049 0.0589812 0.275593 0.117962 6.00175e-05
5 0.681194 0.947386 0.273368 0.105228 6.02048e-05
5 0.803969 0.294236 0.162834 0.261394 6.02194e-05
6 0.405972 0.532172 0.027819 0.0455764 6.02521e-05
5 0.919139 0.0358579 0.161721 0.0636729 6.05919e-05
6 0.584384 0.0264745 0.0255935 0.0529491 6.08004e-05
9 0.455675 0.987601 0.03227 0.0247989 6.09245e-05
7 0.571217 0.455094 0.0200297 0.0764075 6.10918e-05
6 0.345141 0.590483 0.0619436 0.080429 6.11598e-05
5 0.191951 0.0821046 0.148739 0.164209 6.1224e-05
5 0.282826 0.0211126 0.205119 0.0422252 6.14953e-05
6 0.763539 0.588472 0.242953 0.36193 6.15284e-05
6 0.722552 0.59685 0.0163205 0.0355228 6.1753e-05
9 0.567878 0.987936 0.0474777 0.0241287 6.18733e-05
7 0.324555 0.443365 0.0482196 0.122654 6.21325e-05
6 0.681936 0.584786 0.0218843 0.0301609 6.22915e-05
5 0.218286 0.990952 0.41951 0.0180965 6.27317e-05
3 0.682863 0.59618 0.505935 0.506032 6.28517e-05
9 0.0550816 0.995308 0.0678783 0.00938338 6.30818e-05
9 0.789132 0.999665 0.0827151 0.000670241 6.31402e-05
6 0.433976 0.48559 0.0155786 0.0382038 6.34004e-05
7 0.527819 0.4313 0.00816024 0.0864611 6.36189e-05
9 0.619436 0.977212 0.0437685 0.0455764 6.36987e-05
5 0.692322 0.130697 0.251113 0.132708 6.40592e-05
8 0.990912 0.935992 0.0181751 0.119973 6.40607e-05
5 0.43954 0.887735 0.464392 0.106568 6.42089e-05
6 0.70549 0.545912 0.0252226 0.0355228 6.43114e-05
6 0.283197 0.930295 0.0916172 0.117962 6.4825e-05
9 0.392062 0.990952 0.0318991 0.0180965 6.55335e-05
6 0.567507 0.974531 0.0341246 0.0281501 6.59085e-05
6 0.390579 0.606903 0.0207715 0.0435657 6.6437e-05
7 0.529117 0.709786 0.0493323 0.120643 6.66348e-05
9 0.669325 0.995308 0.0515579 0.00938338 6.69792e-05
3 0.083457 0.635389 0.166914 0.729223 6.70025e-05
6 0.990356 0.106903 0.0148368 0.213807 6.7055e-05
5 0.658939 0.0519437 0.307493 0.103887 6.71705e-05
6 0.680823 0.609584 0.0255935 0.0422252 6.72388e-05
5 0.0626855 0.0395442 0.110534 0.0790885 6.73441e-05
6 0.398924 0.466488 0.0204006 0.038874 6.77981e-05
6 0.00537834 0.0140751 0.0107567 0.0281501 6.78673e-05
5 0.108123 0.20945 0.216246 0.314343 6.80306e-05
6 0.563056 0.682306 0.0482196 0.0884719 6.83412e-05
5 0.525408 0.258378 0.0574926 0.184316 6.85988e-05
9 0.631677 0.98693 0.0363501 0.0261394 6.87318e-05
6 0.264466 0.584115 0.0897626 0.0985255 6.87597e-05
6 0.360905 0.605563 0.022997 0.0422252 6.87602e-05
5 0.435645 0.841153 0.449926 0.115281 6.91392e-05
6 0.431009 0.52882 0.0363501 0.0348525 6.92726e-05
5 0.641691 0.995979 0.333086 0.0080429 6.9351e-05
9 0.456417 0.981233 0.0433976 0.0375335 7.01984e-05
9 0.0281899 0.995643 0.0563798 0.00871314 7.09643e-05
6 0.66135 0.535858 0.0267062 0.0368633 7.16722e-05
6 0.618694 0.545576 0.12908 0.0844504 7.17075e-05
6 0.665616 0.950067 0.0471068 0.0489276 7.18202e-05
9 0.0701039 0.977547 0.0222552 0.0341823 7.22206e-05
6 0.409866 0.970174 0.0289317 0.0341823 7.27725e-05
6 0.391877 0.555295 0.0159496 0.0341823 7.31065e-05
6 0.364429 0.565684 0.0923591 0.0710456 7.34142e-05
6 0.591617 0.583445 0.014095 0.0341823 7.35185e-05
6 0.3648 0.00837802 0.0552671 0.016756 7.43676e-05
9 0.507789 0.979893 0.0526706 0.0402145 7.48734e-05
2 0.558791 0.422922 0.257047 0.119303 7.51406e-05
6 0.588835 0.592158 0.0419139 0.0422252 7.52255e-05
6 0.547849 0.492627 0.0148368 0.0455764 7.52463e-05
6 0.61276 0.522118 0.0170623 0.0442359 7.58834e-05
6 0.262797 0.602212 0.023368 0.0341823 7.59339e-05
5 0.397441 0.0134048 0.211053 0.0268097 7.59623e-05
6 0.629451 0.586461 0.0222552 0.0308311 7.62638e-05
5 0.0893917 0.98492 0.178783 0.0301609 7.63931e-05
6 0.554711 0.520442 0.0152077 0.0328418 7.69758e-05
7 0.338279 0.434987 0.0882789 0.0857909 7.71547e-05
2 0.627967 0.436662 0.417656 0.233914 7.7946e-05
9 0.591803 0.989276 0.0522997 0.0214477 7.79543e-05
7 0.382789 0.434316 0.0778932 0.112601 7.84475e-05
6 0.419881 0.962131 0.0326409 0.0341823 7.88652e-05
6 0.948999 0.0991957 0.0701039 0.151475 8.04108e-05
7 0.37092 0.431635 0.0170623 0.0737265 8.06685e-05
6 0.418954 0.975871 0.0330119 0.0308311 8.07121e-05
6 0.594214 0.0244638 0.0237389 0.0489276 8.07205e-05
6 0.405044 0.106568 0.0890208 0.0563003 8.08489e-05
5 0.897997 0.984249 0.204006 0.0315013 8.11315e-05
9 0.481083 0.990617 0.0430267 0.0187668 8.1303e-05
7 0.509458 0.432641 0.0152077 0.0931635 8.15281e-05
9 0.605527 0.992962 0.0545252 0.0140751 8.16418e-05
7 0.433605 0.42929 0.0163205 0.0918231 8.19113e-05
7 0.610905 0.433981 0.0333828 0.101206 8.21634e-05
9 0.0569362 0.979893 0.0226261 0.0187668 8.24838e-05
6 0.00853116 0.0201072 0.0170623 0.0402145 8.27582e-05
5 0.772626 0.988606 0.454748 0.0227882 8.30467e-05
5 0.752967 0.0884719 0.494065 0.176944 8.32116e-05
6 0.696773 0.546247 0.0204006 0.0335121 8.34133e-05
6 0.380564 0.607239 0.022997 0.0428954 8.36121e-05
9 0.431751 0.993298 0.0274481 0.0134048 8.38963e-05
6 0.596625 0.632038 0.0500742 0.080429 8.42592e-05
9 0.507233 0.992627 0.0389466 0.0147453 8.49559e-05
6 0.244993 0.619638 0.149481 0.173592 8.56452e-05
7 0.475519 0.421917 0.0341246 0.114611 8.613e-05
6 0.638539 0.00871314 0.0678783 0.0174263 8.64312e-05
7 0.577151 0.410523 0.0178042 0.121314 8.64603e-05
6 0.585312 0.0147453 0.018546 0.0294906 8.67342e-05
6 0.418212 0.482909 0.0389466 0.0529491 8.68121e-05
9 0.608309 0.985255 0.0823442 0.0294906 8.76566e-05
2 0.297107 0.398123 0.149852 0.152815 8.79079e-05
6 0.410979 0.101877 0.0504451 0.0857909 8.83485e-05
6 0.480341 0.0134048 0.0474777 0.0268097 8.84348e-05
6 0.987574 0.131367 0.0248516 0.123324 8.99355e-05
6 0.0343101 0.0144102 0.0686202 0.0288204 9.01822e-05
5 0.852559 0.253016 0.10868 0.256702 9.1058e-05
6 0.38928 0.011059 0.0560089 0.022118 9.12555e-05
6 0.355156 0.496984 0.0359792 0.0422252 9.13551e-05
6 0.587537 0.520442 0.117953 0.0958445 9.17096e-05
9 0.411721 0.00938338 0.0489614 0.0187668 9.19062e-05
5 0.696031 0.980898 0.303783 0.0382038 9.30014e-05
9 0.380378 0.993633 0.0871662 0.0127346 9.31044e-05
6 0.563427 0.564008 0.195846 0.097185 9.31156e-05
5 0.651521 0.025134 0.249629 0.0502681 9.35233e-05
2 0.290616 0.406836 0.380193 0.207775 9.47732e-05
3 0.244993 0.620979 0.489985 0.650804 9.48549e-05
9 0.343286 0.995979 0.0856825 0.0080429 9.58045e-05
6 0.741098 0.584786 0.0497033 0.0516086 9.60869e-05
5 0.80638 0.115281 0.116469 0.186327 9.61886e-05
6 0.00704748 0.0117292 0.00816024 0.0234584 9.64856e-05
6 0.298591 0.535523 0.0356083 0.0509383 9.69339e-05
6 0.405972 0.495979 0.0730712 0.0549598 9.69794e-05
6 0.541172 0.492292 0.0155786 0.0475871 9.70926e-05
9 0.63112 0.992962 0.0485905 0.0140751 9.72214e-05
6 0.752782 0.904491 0.0953264 0.136059 9.78403e-05
6 0.709199 0.553954 0.0445104 0.0516086 9.88097e-05
6 0.676001 0.548928 0.0849406 0.0831099 0.00010004
5 0.26632 0.237265 0.189169 0.254692 0.000101565
6 0.529859 0.516756 0.0152077 0.0402145 0.000101821
6 0.347366 0.935992 0.0589763 0.0770777 0.000101869
6 0.511313 0.65248 0.0367211 0.105228 0.000102303
9 0.0554525 0.990617 0.027819 0.0187668 0.000103358
9 0.752226 1 0.0749258 0 0.00010342
9 0.555082 0.993633 0.0612018 0.0127346 0.000103665
9 0.0897626 0.992292 0.0645401 0.0154155 0.000103916
5 0.320104 0.00603217 0.174332 0.0120643 0.000104446
5 0.190282 0.248995 0.380564 0.448391 0.000105492
6 0.988687 0.191689 0.0226261 0.144772 0.000105871
6 0.375742 0.526475 0.0207715 0.0395442 0.000105932
6 0.617025 0.532842 0.0181751 0.0335121 0.000106454
6 0.655415 0.55429 0.231454 0.124665 0.000106726
9 0.304525 0.997989 0.0816024 0.00402145 0.000107173
5 0.525779 0.0241287 0.275593 0.0482574 0.000107412
7 0.61276 0.438673 0.0148368 0.0931635 0.000107497
6 0.322886 0.542225 0.129451 0.140751 0.000107916
5 0.932122 0.0207775 0.135757 0.041555 0.000108376
6 0.466988 0.653485 0.0400593 0.0737265 0.000108537
6 0.994065 0.0841153 0.0118694 0.0958445 0.000108745
5 0.244065 0.917225 0.399852 0.122654 0.00010983
6 0.478487 0.578418 0.0586053 0.0643432 0.000109929
7 0.513168 0.406166 0.023368 0.132708 0.000109977
6 0.437685 0.668231 0.0615727 0.0965147 0.000112539
6 0.618509 0.608914 0.0218843 0.0408847 0.000113583
6 0.133531 0.523794 0.0845697 0.128016 0.000113718
6 0.439355 0.649464 0.0352374 0.0536193 0.000113897
9 0.267804 1 0.0764095 0 0.000114019
5 0.64132 0.884718 0.40727 0.128686 0.000114052
5 0.19566 0.10992 0.39132 0.219839 0.000114511
6 0.572329 0.518432 0.340504 0.177614 0.000115381
6 0.381306 0.590818 0.018546 0.0422252 0.000115767
5 0.742396 0.895777 0.501855 0.208445 0.000117272
6 0.389095 0.58244 0.018546 0.0375335 0.000119755
6 0.659866 0.588472 0.397626 0.198391 0.000120431
8 0.928227 0.989611 0.0604599 0.0207775 0.000121565
2 0.384458 0.416555 0.301558 0.142761 0.000121976
6 0.408197 0.101542 0.0522997 0.0408847 0.000121984
9 0.372033 0.977212 0.0318991 0.0455764 0.000123592
6 0.359792 0.589812 0.0259644 0.0375335 0.000123605
7 0.495549 0.406836 0.0200297 0.131367 0.000123996
7 0.541543 0.433646 0.0111276 0.0871314 0.00012472
6 0.411165 0.595174 0.0367211 0.0455764 0.000125015
7 0.599221 0.432976 0.0248516 0.104558 0.000125179
2 0.347181 0.404155 0.557122 0.324397 0.000125465
7 0.906899 0.493298 0.0719585 0.285523 0.000125632
9 0.53023 0.993968 0.0545252 0.0120643 0.00012621
6 0.564355 0.496649 0.162834 0.0670241 0.000128479
9 0.405415 0.992962 0.0445104 0.0140751 0.000128479
6 0.566951 0.489946 0.0248516 0.0469169 0.000128513
6 0.00853116 0.00502681 0.0111276 0.0100536 0.000128642
6 0.594399 0.0130697 0.0159496 0.0261394 0.000128761
7 0.483309 0.397788 0.0393175 0.0864611 0.00012981
9 0.195475 1 0.0704748 0 0.000130661
7 0.48201 0.410858 0.0129822 0.13941 0.000131335
9 0.444362 0.989611 0.0408012 0.0207775 0.000131923
9 0.579748 0.992627 0.0645401 0.0147453 0.000134339
6 0.290059 0.577413 0.0504451 0.0636729 0.000135089
9 0.43954 0.00871314 0.0422849 0.0174263 0.00013528
5 0.718286 0.922587 0.390579 0.0797587 0.000135751
6 0.428227 0.97118 0.0293027 0.0563003 0.000135992
9 0.483123 0.98559 0.0708457 0.0288204 0.000138009
9 0.515764 0.0080429 0.121291 0.0160858 0.000139558
6 0.630935 0.59685 0.0222552 0.0328418 0.000139634
6 0.468472 0.536193 0.041543 0.0576407 0.000140182
9 0.533197 0.98492 0.0849406 0.0301609 0.000141583
9 0.230527 1 0.069362 0 0.000142083
6 0.62704 0.964142 0.107196 0.0717158 0.000142743
0 0.9898 0.0841153 0.0107567 0.105228 0.000142765
6 0.328079 0.537869 0.0374629 0.0462466 0.000143059
5 0.29451 0.969839 0.357567 0.0603217 0.00014372
7 0.478487 0.428284 0.0103858 0.0871314 0.000144124
9 0.715319 1 0.0752967 0 0.000145734
7 0.488316 0.685657 0.0396884 0.0911528 0.000145814
9 0.431194 0.993968 0.0404303 0.0120643 0.000145921
6 0.363131 0.57071 0.0452522 0.0449062 0.000146225
6 0.558234 0.508713 0.0200297 0.0348525 0.000147544
7 0.35293 0.422922 0.0226261 0.0790885 0.000147746
9 0.0688056 0.955764 0.0263353 0.0884719 0.000148153
9 0.462166 0.0097185 0.055638 0.019437 0.000150394
6 0.347923 0.580094 0.0385757 0.0462466 0.000150526
7 0.569918 0.431971 0.0441395 0.0931635 0.000151373
7 0.562315 0.410858 0.0178042 0.116622 0.000151963
6 0.310645 0.52882 0.0255935 0.0522788 0.000152096
6 0.5625 0.0103887 0.0522997 0.0207775 0.00015216
9 0.0476632 0.977882 0.0953264 0.0442359 0.000152668
5 0.164503 0.94571 0.329006 0.108579 0.000154561
4 0.680823 0.674933 0.401706 0.27748 0.000154849
6 0.625556 0.58445 0.0500742 0.0509383 0.000155012
6 0.59069 0.490952 0.023368 0.0529491 0.0001553
5 0.657456 0.0123995 0.211795 0.0247989 0.000155519
6 0.533012 0.537534 0.0356083 0.0455764 0.000156038
5 0.644288 0.968834 0.247033 0.0623324 0.000156291
9 0.572886 0.993298 0.0990356 0.0134048 0.000156576
6 0.580119 0.576407 0.0534125 0.0589812 0.000161342
6 0.655786 0.544571 0.0274481 0.0328418 0.000161932
6 0.377596 0.492627 0.0311573 0.0428954 0.000162025
7 0.420994 0.41555 0.0170623 0.108579 0.000162124
9 0.644659 0.989611 0.0853116 0.0207775 0.000162414
5 0.591246 0.984584 0.240356 0.0308311 0.00016271
5 0.491469 0.994303 0.330861 0.0113941 0.000163541
6 0.357752 0.518767 0.0745549 0.0656836 0.000165172
6 0.432678 0.48492 0.0330119 0.0422252 0.000166045
6 0.562871 0.637735 0.0374629 0.0837802 0.000168685
6 0.570475 0.520442 0.022997 0.0408847 0.000171712
6 0.406899 0.563673 0.0281899 0.0348525 0.000174863
9 0.064911 0.988606 0.0267062 0.0227882 0.00017489
5 0.742211 0.228217 0.515579 0.456434 0.000174937
7 0.583272 0.446046 0.0367211 0.0931635 0.000179031
6 0.358309 0.516421 0.0318991 0.0462466 0.000181508
9 0.407456 0.985255 0.0337537 0.0294906 0.000182176
6 0.561016 0.591823 0.0441395 0.0522788 0.000183055
6 0.636684 0.577078 0.0330119 0.0348525 0.00018311
5 0.48405 0.209786 0.0519288 0.154155 0.000183571
9 0.389837 0.981903 0.198813 0.036193 0.000183658
9 0.455119 0.993968 0.0482196 0.0120643 0.000185593
6 0.704377 0.606903 0.0452522 0.060992 0.000185747
6 0.304525 0.606568 0.0252226 0.038874 0.000185882
6 0.402819 0.575067 0.0385757 0.0455764 0.000187148
5 0.49796 0.00938338 0.309718 0.0187668 0.000187505
5 0.344585 0.239611 0.390208 0.30496 0.000187767
6 0.590319 0.532842 0.0285608 0.036193 0.000187938
9 0.618323 0.989611 0.0430267 0.0207775 0.000190218
5 0.807122 0.924263 0.385757 0.151475 0.000191613
7 0.452151 0.42929 0.0118694 0.0904826 0.00019166
5 0.897441 0.22319 0.155415 0.331099 0.000191686
6 0.266135 0.588137 0.0359792 0.0435657 0.000192249
6 0.346996 0.58244 0.0226261 0.0348525 0.000194754
9 0.679896 0.997989 0.0719585 0.00402145 0.000195211
6 0.429711 0.970174 0.0241098 0.0274799 0.000195269
6 0.65523 0.558646 0.0656528 0.0516086 0.000195372
6 0.312315 0.595845 0.0259644 0.0428954 0.000198513
7 0.752596 0.275469 0.0793769 0.316354 0.000199286
9 0.504822 0.993633 0.055638 0.0127346 0.000201664
6 0.588835 0.565013 0.0382047 0.0335121 0.000204325
6 0.536907 0.00770777 0.0522997 0.0154155 0.000205572
7 0.468101 0.696381 0.0652819 0.107239 0.000209039
6 0.617767 0.550938 0.0411721 0.0428954 0.000210699
6 0.381677 0.507708 0.10089 0.0690349 0.000215284
0 0.994065 0.0928284 0.0118694 0.185657 0.000223979
6 0.547478 0.518432 0.0326409 0.0382038 0.000225632
9 0.380749 0.985255 0.0330119 0.0294906 0.000225712
9 0.406528 0.98559 0.0667656 0.0288204 0.000227719
9 0.430638 0.987936 0.0274481 0.0241287 0.000228006
5 0.589392 0.98693 0.412463 0.0261394 0.00023205
5 0.49184 0.0931635 0.900593 0.186327 0.000235481
6 0.601447 0.525134 0.0166914 0.0435657 0.000237436
6 0.677485 0.559987 0.0359792 0.0382038 0.000241021
5 0.707159 0.958445 0.449184 0.0831099 0.00024124
6 0.435274 0.574062 0.0344955 0.0355228 0.000245777
5 0.658568 0.242627 0.308976 0.317694 0.0002491
7 0.60089 0.439343 0.0126113 0.097185 0.000249593
5 0.831788 0.950737 0.336424 0.0985255 0.000249788
6 0.386684 0.57004 0.0255935 0.0382038 0.00025487
9 0.370178 0.992962 0.0400593 0.0140751 0.000259826
6 0.378524 0.519437 0.0530415 0.0549598 0.000261835
6 0.701224 0.563673 0.0293027 0.0348525 0.000262109
6 0.67118 0.547922 0.0248516 0.0355228 0.000264267
6 0.656343 0.607574 0.0270772 0.0435657 0.000265256
7 0.527077 0.420241 0.0623145 0.101877 0.000265605
5 0.877967 0.257708 0.244065 0.515416 0.000270127
6 0.535979 0.514075 0.0170623 0.0335121 0.000270419
7 0.318991 0.408512 0.0437685 0.0824397 0.000270889
6 0.634644 0.608244 0.0304154 0.0449062 0.000273905
6 0.605156 0.495308 0.0404303 0.0630027 0.000285486
6 0.373331 0.58445 0.0337537 0.0402145 0.000286381
7 0.41135 0.4437 0.0296736 0.0965147 0.000289193
7 0.466988 0.412534 0.014095 0.128016 0.000289589
6 0.471254 0.59752 0.0396884 0.0770777 0.000293298
6 0.68954 0.577748 0.0526706 0.0522788 0.000293569
7 0.348108 0.478552 0.0545252 0.0831099 0.000296214
6 0.464021 0.56937 0.0356083 0.0382038 0.000297065
6 0.646699 0.933981 0.0715875 0.121314 0.000300477
9 0.512055 0.00770777 0.0522997 0.0154155 0.000310779
5 0.143917 0.978887 0.287834 0.0422252 0.000316616
6 0.540059 0.598525 0.0348665 0.0576407 0.00032952
9 0.418027 0.988271 0.0356083 0.0234584 0.000334713
7 0.579933 0.451743 0.0100148 0.0884719 0.000342771
6 0.661721 0.594169 0.0192878 0.0301609 0.000343102
5 0.526706 0.902815 0.686944 0.182306 0.000348343
7 0.849592 0.259048 0.064911 0.152145 0.000350279
6 0.572329 0.509718 0.0430267 0.0676944 0.000355868
5 0.502411 0.0234584 0.413576 0.0469169 0.000357528
6 0.507233 0.602547 0.482567 0.24933 0.000360902
6 0.5 0.545912 0.0534125 0.0636729 0.0003613
9 0.381862 0.98559 0.0589763 0.0288204 0.000362922
7 0.339206 0.407842 0.0337537 0.0837802 0.000364731
6 0.643731 0.938003 0.0626855 0.058311 0.000372178
6 0.685831 0.601542 0.201039 0.16555 0.000376144
6 0.561016 0.493968 0.0100148 0.0563003 0.000383767
6 0.414688 0.456769 0.0155786 0.058311 0.000391851
7 0.324184 0.466823 0.0274481 0.0569705 0.000391945
6 0.617025 0.580764 0.0204006 0.0315013 0.000405948
6 0.54618 0.506702 0.0159496 0.0375335 0.000414141
6 0.488687 0.566354 0.0389466 0.0455764 0.00043598
8 0.346625 0.548593 0.443249 0.330429 0.000446604
6 0.436944 0.604558 0.0356083 0.0455764 0.000448233
6 0.244622 0.606903 0.0515579 0.0650134 0.000451489
7 0.324555 0.420241 0.018546 0.0723861 0.000465272
6 0.613687 0.594169 0.0211424 0.0382038 0.00047101
6 0.68546 0.597185 0.0304154 0.0348525 0.000473156
6 0.316951 0.487601 0.0641691 0.0891421 0.000477627
6 0.514837 0.567024 0.0378338 0.0442359 0.000478467
6 0.384644 0.5 0.0563798 0.0428954 0.000480742
6 0.414132 0.488941 0.0226261 0.0435657 0.000485265
7 0.571402 0.418231 0.0181751 0.0911528 0.000496523
6 0.531157 0.637399 0.0474777 0.0965147 0.000514054
3 0.124073 0.598861 0.231825 0.658847 0.00051429
5 0.872774 0.980228 0.254451 0.0395442 0.000517587
6 0.463093 0.606568 0.0352374 0.0482574 0.000529567
6 0.535794 0.583445 0.0701039 0.0690349 0.00053267
6 0.40319 0.518767 0.0192878 0.0428954 0.000540739
6 0.684162 0.59685 0.0656528 0.060992 0.00055592
6 0.549889 0.466153 0.0293027 0.0784182 0.000561245
6 0.3023 0.593834 0.0563798 0.0495979 0.000565541
7 0.371847 0.443365 0.03227 0.0985255 0.000570863
6 0.561387 0.560657 0.0426558 0.0355228 0.000595777
6 0.604043 0.587802 0.0159496 0.0348525 0.000605306
6 0.482381 0.643097 0.0522997 0.117292 0.000633812
7 0.301558 0.432306 0.0838279 0.128686 0.000642054
6 0.338464 0.52748 0.0285608 0.0495979 0.000652485
5 0.507789 0.214812 0.0801187 0.191019 0.000685322
6 0.373887 0.512399 0.0252226 0.0529491 0.000699396
6 0.540987 0.564678 0.0404303 0.0395442 0.000720534
5 0.501113 0.0633378 0.542285 0.126676 0.00075789
3 0.84069 0.602212 0.306009 0.632038 0.000758138
6 0.658383 0.560322 0.0393175 0.0348525 0.000776904
7 0.499073 0.412198 0.0790059 0.100536 0.000785132
6 0.695104 0.585121 0.0281899 0.0321716 0.000916407
6 0.40727 0.466823 0.0126113 0.058311 0.000980901
6 0.550445 0.512399 0.616469 0.271448 0.000982513
5 0.49592 0.81937 0.690653 0.185657 0.00107546
6 0.309904 0.521783 0.0485905 0.05563 0.00107901
6 0.64707 0.594839 0.0552671 0.0516086 0.00109639
6 0.530972 0.576743 0.0396884 0.0529491 0.00111607
6 0.557307 0.500335 0.0107567 0.0382038 0.00111707
6 0.412092 0.502681 0.0170623 0.0348525 0.00116451
6 0.502782 0.618968 0.0574926 0.0743968 0.0012066
6 0.396513 0.508043 0.0267062 0.0522788 0.00124482
6 0.52819 0.665885 0.0682493 0.109249 0.00127702
7 0.561944 0.440349 0.0103858 0.077748 0.00127908
6 0.507047 0.592158 0.0474777 0.05563 0.0012867
6 0.644473 0.594839 0.0797478 0.0837802 0.00134386
6 0.474036 0.661193 0.0919881 0.101206 0.00150821
5 0.496847 0.976877 0.507047 0.0462466 0.00160624
7 0.341988 0.4437 0.0385757 0.0844504 0.00163015
7 0.412463 0.43063 0.0126113 0.0770777 0.00165287
5 0.49388 0.937332 0.683605 0.125335 0.0017153
6 0.579377 0.51508 0.0133531 0.0328418 0.00182245
4 0.312685 0.70878 0.397626 0.300938 0.00186767
6 0.303598 0.593499 0.0300445 0.0315013 0.00187622
6 0.589577 0.519102 0.0226261 0.0341823 0.00188253
6 0.316395 0.557641 0.0571217 0.0697051 0.00228368
7 0.569362 0.438673 0.0111276 0.0904826 0.00247124
6 0.653932 0.593164 0.0207715 0.0281501 0.00252304
7 0.576039 0.440684 0.0133531 0.109249 0.00282103
6 0.24388 0.61193 0.0293027 0.0495979 0.0029768
6 0.696588 0.600871 0.0318991 0.0368633 0.00349829
6 0.498331 0.663874 0.0760386 0.0784182 0.00452819
6 0.387611 0.502011 0.0318991 0.0335121 0.00466349
6 0.559533 0.508713 0.0396884 0.041555 0.00485922
6 0.569918 0.505362 0.0196588 0.038874 0.00562508
6 0.577151 0.513405 0.0252226 0.0402145 0.00709162
6 0.334199 0.494303 0.0378338 0.0449062 0.00726183
6 0.646142 0.598525 0.0326409 0.0335121 0.00793934
6 0.395401 0.510054 0.0200297 0.0294906 0.00950954
7 0.347737 0.439678 0.0122404 0.0683646 0.0286581
7 0.331046 0.469839 0.0374629 0.0844504 0.0356046
6 0.576966 0.502346 0.0181751 0.0355228 0.0623821
6 0.402077 0.504357 0.0126113 0.0408847 0.0729993
7 0.343101 0.437668 0.0155786 0.0831099 0.129737
7 0.331046 0.434987 0.0248516 0.075067 0.146122
8 0.325668 0.51508 0.0630564 0.0757373 0.357961
4 0.499073 0.676609 0.714021 0.325067 0.742408
3 0.506862 0.613271 0.964763 0.595174 0.743338
5 0.500556 0.22185 0.613131 0.36059 0.906085
2 0.496291 0.387399 0.575668 0.202413 0.912032
