7 0.481447 0.445491 0.0575139 0.103634 2.6154e-05
6 0.376994 0.00437416 0.0341373 0.00874832 2.61644e-05
6 0.559184 0.600606 0.205566 0.100269 2.61733e-05
6 0.668646 0.00908479 0.0244898 0.0181696 2.61837e-05
6 0.323191 0.624495 0.0690167 0.0888291 2.62207e-05
5 0.804082 0.0148048 0.15436 0.0296097 2.62475e-05
2 0.715399 0.839166 0.477922 0.135935 2.63292e-05
6 0.657328 0.585128 0.0293135 0.0437416 2.63753e-05
8 0.11744 0.971063 0.0567718 0.0578735 2.63799e-05
9 0.337477 1 0.0686456 0 2.65131e-05
6 0.92115 0.94751 0.0701299 0.0995962 2.65524e-05
6 0.189239 0.143674 0.0311688 0.0652759 2.66052e-05
6 0.453247 0.53432 0.0159555 0.0323015 2.66153e-05
6 0.394249 0.986541 0.0374768 0.0269179 2.66604e-05
9 0.604267 1 0.0679035 0 2.66639e-05
6 0.437291 0.00942126 0.0152134 0.0188425 2.67257e-05
6 0.0684601 0.00538358 0.0411874 0.0107672 2.67513e-05
6 0.47885 0.973082 0.0218924 0.0376851 2.68156e-05
6 0.471429 0.0238896 0.0797774 0.0477793 2.68214e-05
6 0.681633 0.121803 0.0474954 0.0323015 2.689e-05
6 0.582189 0.00471063 0.0267161 0.00942126 2.68961e-05
6 0.573655 0.603634 0.0215213 0.0444145 2.69238e-05
9 0.00890538 0.978129 0.0096475 0.0437416 2.69675e-05
6 0.287384 0.628196 0.0374768 0.0746972 2.69772e-05
6 0.515584 0.118775 0.0463822 0.0666218 2.69957e-05
6 0.491651 0.0141319 0.0207792 0.0282638 2.7025e-05
6 0.944898 0.126178 0.110204 0.120458 2.70751e-05
6 0.69666 0.524226 0.019666 0.0323015 2.70909e-05
6 0.00408163 0.286003 0.00816326 0.0861373 2.71399e-05
6 0.589425 0.621804 0.0211503 0.0430686 2.71466e-05
6 0.681076 0.980821 0.0411874 0.038358 2.72266e-05
6 0.923562 0.882907 0.096475 0.113055 2.73107e-05
7 0.518924 0.436406 0.0137291 0.0720054 2.73181e-05
6 0.53859 0.0141319 0.0686456 0.0282638 2.73374e-05
6 0.445826 0.00168237 0.0664193 0.00336474 2.73612e-05
7 0.657514 0.430686 0.111317 0.0995962 2.73668e-05
6 0.0756957 0.161507 0.0601113 0.0403768 2.73733e-05
6 0.230798 0.992261 0.0526902 0.0154778 2.73995e-05
6 0.07718 0.1107 0.0430427 0.0814267 2.74156e-05
6 0.0532468 0.169583 0.0374768 0.039031 2.74683e-05
7 0.629128 0.430013 0.0337662 0.0928668 2.74863e-05
7 0.647495 0.432705 0.00890538 0.076716 2.74989e-05
6 0.287941 0.624832 0.0831169 0.102961 2.75277e-05
6 0.516512 0.0750336 0.0504638 0.0666218 2.75475e-05
7 0.481262 0.426312 0.0237477 0.135262 2.75664e-05
6 0.20872 0 0.0493506 0 2.76173e-05
7 0.469202 0.424293 0.0159555 0.125841 2.76515e-05
7 0.605937 0.442127 0.012616 0.0619112 2.77162e-05
6 0.591466 0.970054 0.0408163 0.0598923 2.77205e-05
6 0.16846 0.97611 0.0371058 0.0477793 2.78143e-05
6 0.359369 0.563594 0.0226345 0.038358 2.78357e-05
6 0.156586 0.132571 0.0230056 0.0269179 2.78782e-05
6 0.00834879 0.227793 0.0100186 0.0787349 2.78959e-05
6 0.622263 0.144684 0.0289425 0.0363392 2.80406e-05
6 0.333395 0.00437416 0.0782931 0.00874832 2.80482e-05
6 0.789981 0.568304 0.0215213 0.0370121 2.81169e-05
6 0.986642 0.27288 0.0267161 0.241588 2.81375e-05
4 0.984416 0.713324 0.0311688 0.348587 2.81513e-05
6 0.130427 0.00134589 0.0233766 0.00269179 2.8164e-05
9 0.989425 0.997645 0.0211503 0.00471063 2.81868e-05
9 0.191095 1 0.0653061 0 2.82213e-05
6 0.497217 0.51817 0.0185529 0.0484522 2.82604e-05
2 0.50872 0.444818 0.407421 0.125168 2.8267e-05
6 0.0836735 0.554845 0.038961 0.104307 2.83278e-05
6 0.00816326 0.0181696 0.0163265 0.0363392 2.83434e-05
6 0.128386 0.00504711 0.0304267 0.0100942 2.83702e-05
6 0.445826 0.00942126 0.0159555 0.0188425 2.84331e-05
10 0.991651 0.881898 0.0100186 0.11642 2.84567e-05
0 0.988683 0.814267 0.0211503 0.371467 2.84949e-05
6 0.657328 0.981494 0.0434137 0.0370121 2.85446e-05
6 0.292208 0.993271 0.0315399 0.013459 2.86845e-05
6 0.804267 0.938089 0.0300557 0.123822 2.86924e-05
6 0.65974 0.134926 0.0601113 0.0585464 2.87362e-05
6 0.679406 0.635935 0.0207792 0.0349933 2.87423e-05
6 0.942672 0.0847914 0.110946 0.0605653 2.87645e-05
6 0.00742115 0.233849 0.0148423 0.158143 2.87848e-05
6 0.447495 0.051144 0.0141002 0.025572 2.87988e-05
5 0.44564 0.1393 0.89128 0.2786 2.88227e-05
6 0.355659 0.993943 0.0307978 0.0121131 2.89112e-05
6 0.0664193 0.195828 0.0690167 0.0632571 2.8951e-05
7 0.746939 0.439098 0.064564 0.137954 2.90328e-05
5 0.677922 0.00740242 0.149165 0.0148048 2.90635e-05
6 0.578108 0.0366756 0.0875696 0.0733513 2.91479e-05
7 0.223748 0.230148 0.0274583 0.142665 2.91892e-05
6 0.621336 0.140646 0.0174397 0.0228802 2.92359e-05
6 0.72616 0.932032 0.0779221 0.125168 2.93141e-05
6 0.971985 0.14502 0.0434137 0.0975774 2.93263e-05
6 0.0979592 0.582773 0.120223 0.222073 2.93734e-05
5 0.301299 0.224428 0.296104 0.286003 2.93774e-05
7 0.553803 0.426649 0.0226345 0.090175 2.93865e-05
6 0.772913 0.102624 0.0519481 0.120458 2.94496e-05
5 0.410761 0.994953 0.435622 0.0100942 2.94714e-05
6 0.382746 0.972746 0.0248609 0.0343203 2.95879e-05
0 0.988497 0.877524 0.0103896 0.148048 2.95981e-05
6 0.28757 0.6393 0.0222635 0.0403768 2.96284e-05
6 0.556586 0.978129 0.045269 0.0356662 2.96735e-05
6 0.371985 0.519515 0.0144712 0.0323015 2.97048e-05
6 0.994991 0.0450875 0.0100186 0.090175 2.97205e-05
6 0.167347 0.13459 0.0215213 0.0309556 2.98049e-05
7 0.468646 0.44179 0.00742115 0.077389 2.98478e-05
6 0.410575 0.967362 0.0478664 0.0450875 2.98891e-05
6 0.3 0.614401 0.0181818 0.0336474 2.99091e-05
6 0.581262 0.971736 0.0382189 0.0363392 2.994e-05
8 0.927644 0.989233 0.03859 0.0215343 3.00221e-05
6 0.574397 0.622476 0.0237477 0.0497981 3.01147e-05
5 0.408534 0.280283 0.355473 0.213324 3.01257e-05
6 0.617811 0.576716 0.0207792 0.0349933 3.01438e-05
10 0.195176 0.91218 0.0400742 0.175639 3.01743e-05
6 0.304082 0.540377 0.0144712 0.0282638 3.02925e-05
5 0.0410019 0.00370121 0.0820037 0.00740242 3.02934e-05
4 0.803154 0.76817 0.393692 0.463661 3.0417e-05
6 0.20334 0.574024 0.0586271 0.0605653 3.0428e-05
9 0.00853432 0.974428 0.0170686 0.051144 3.05595e-05
6 0.230427 0.00370121 0.0593692 0.00740242 3.05685e-05
6 0.618553 0.972746 0.0363636 0.0545087 3.05709e-05
7 0.572356 0.432032 0.00927644 0.0672948 3.05815e-05
8 0.985158 0.94751 0.0133581 0.10498 3.0584e-05
5 0.124304 0.105653 0.14397 0.0915209 3.06015e-05
6 0.315028 0.933378 0.071243 0.118439 3.06735e-05
6 0.188868 0.149731 0.019295 0.0397039 3.07894e-05
7 0.381447 0.441454 0.00816326 0.0619112 3.08072e-05
6 0.57885 0.480485 0.045269 0.0740242 3.09096e-05
6 0.717625 0.54576 0.019295 0.0376851 3.09595e-05
9 0.510019 0.978466 0.0886827 0.0430686 3.12165e-05
6 0.359369 0.00572005 0.0486085 0.0114401 3.12275e-05
5 0.286271 0.95996 0.386271 0.0800808 3.12533e-05
6 0.643043 0.133917 0.0296846 0.0861373 3.12603e-05
6 0.182746 0.158143 0.0241187 0.0403768 3.14351e-05
6 0.124304 0.888627 0.0883117 0.115074 3.14513e-05
6 0.931169 0.398385 0.0352505 0.0753701 3.14952e-05
6 0.143228 0.973419 0.0393321 0.0531629 3.14953e-05
5 0.0467532 0.0420592 0.0935065 0.0733513 3.15334e-05
6 0.501484 0.0346568 0.11243 0.0693136 3.15512e-05
6 0.722449 0.493943 0.136549 0.12786 3.158e-05
6 0.559184 0.520861 0.0155844 0.0363392 3.15908e-05
6 0.588683 0.685733 0.044898 0.0955585 3.15985e-05
6 0.104824 0.175976 0.0345083 0.0302826 3.16953e-05
6 0.261967 0.51817 0.0170686 0.0296097 3.17761e-05
8 0.204824 0.992934 0.0556586 0.0141319 3.19511e-05
6 0.190538 0.147712 0.0604824 0.111036 3.22349e-05
6 0.118738 0.18035 0.0356215 0.0309556 3.22491e-05
6 0.557328 0.492261 0.0267161 0.0464334 3.22893e-05
6 0.386827 0.00269179 0.0619666 0.00538358 3.23498e-05
6 0.882189 0.403096 0.0538033 0.0928668 3.23755e-05
5 0.166048 0.0605653 0.229685 0.121131 3.24251e-05
6 0.90167 0.196501 0.0942486 0.0686406 3.24606e-05
6 0.317996 0.103634 0.0423006 0.0349933 3.24652e-05
5 0.832839 0.110363 0.334323 0.220727 3.24974e-05
6 0.305751 0.981494 0.0400742 0.0370121 3.25347e-05
6 0.954174 0.399731 0.0567718 0.183042 3.26943e-05
6 0.693692 0.992598 0.032282 0.0148048 3.2716e-05
6 0.659184 0.0158143 0.0307978 0.0275908 3.27502e-05
5 0.525417 0.257402 0.0504638 0.154105 3.27749e-05
5 0.566605 0.957268 0.51577 0.0854643 3.27938e-05
10 0.995362 0.862382 0.00927644 0.127187 3.2847e-05
6 0.384972 0.0124495 0.0612245 0.0248991 3.29681e-05
9 0.913358 0.992261 0.0983302 0.0154778 3.31134e-05
6 0.562709 0.0100942 0.0189239 0.0201884 3.32548e-05
6 0.871429 0.885935 0.125788 0.150067 3.32755e-05
6 0.18256 0 0.0497217 0 3.32974e-05
5 0.16846 0.0151413 0.17885 0.0302826 3.33224e-05
6 0.542301 0.563257 0.0204082 0.0363392 3.33335e-05
6 0.255473 0.539367 0.0285714 0.0437416 3.33561e-05
6 0.333024 0.551817 0.0204082 0.0282638 3.34199e-05
6 0.304824 0.514468 0.0122449 0.0302826 3.34544e-05
6 0.445826 0.0730148 0.0523191 0.0652759 3.35091e-05
6 0.606865 0.979475 0.051577 0.0410498 3.35277e-05
7 0.557143 0.428331 0.0560297 0.0827725 3.35449e-05
6 0.261039 0.504038 0.044898 0.0578735 3.35474e-05
6 0.080705 0.186406 0.0300557 0.0619112 3.3581e-05
4 0.357885 0.781965 0.71577 0.394347 3.36508e-05
6 0.939703 0.201548 0.120594 0.1393 3.37513e-05
8 0.97551 0.977793 0.0445269 0.0444145 3.38171e-05
6 0.95603 0.0982503 0.0404453 0.122476 3.38404e-05
6 0.236549 0.132571 0.0345083 0.0592194 3.38512e-05
6 0.484045 0.554509 0.0174397 0.0309556 3.38551e-05
6 0.159184 0.171938 0.0244898 0.0356662 3.38784e-05
10 0.00816326 0.880215 0.0118738 0.125168 3.38954e-05
6 0.318182 0.561575 0.0248609 0.0343203 3.39798e-05
6 0.112987 0.00471063 0.0589981 0.00942126 3.40202e-05
6 0.493506 0.123149 0.0423006 0.0672948 3.40836e-05
6 0.868831 0.468708 0.0307978 0.0612382 3.41528e-05
5 0.321521 0.0178331 0.155473 0.0356662 3.41529e-05
6 0.101113 0.406797 0.0589981 0.202557 3.43338e-05
6 0.706865 0.587147 0.0237477 0.038358 3.44525e-05
6 0.566048 0.0141319 0.0538033 0.0282638 3.45322e-05
6 0.378293 0.526918 0.0166976 0.0524899 3.45696e-05
6 0.347124 0.545087 0.153247 0.10498 3.46035e-05
6 0.0532468 0.193136 0.0337662 0.0363392 3.46557e-05
6 0.319295 0.635935 0.025603 0.0403768 3.47056e-05
6 0.151206 0.482503 0.0359926 0.0780619 3.47117e-05
6 0.806865 0.939098 0.025603 0.0598923 3.47247e-05
6 0.954545 0.0174966 0.0909091 0.0349933 3.47501e-05
6 0.00500928 0.0201884 0.0100186 0.0403768 3.48717e-05
4 0.602412 0.873486 0.738775 0.235532 3.49496e-05
6 0.757885 0.500336 0.0486085 0.0787349 3.50629e-05
6 0.664935 0.536676 0.0816327 0.0598923 3.50871e-05
9 0.640816 1 0.0682746 0 3.51398e-05
5 0.309833 0.905451 0.423748 0.189098 3.51861e-05
7 0.512801 0.416218 0.0244898 0.160834 3.53202e-05
6 0.0523191 0.210633 0.0326531 0.0363392 3.5654e-05
6 0.378108 0.560565 0.0215213 0.0363392 3.56939e-05
6 0.33154 0.992934 0.032282 0.0141319 3.56999e-05
6 0.428386 0.537012 0.0166976 0.0282638 3.57276e-05
9 0.228015 1 0.0664193 0 3.57516e-05
6 0.588683 0.568641 0.131725 0.0565276 3.57773e-05
6 0.742672 0.99428 0.0478664 0.0114401 3.57774e-05
6 0.367161 0.545424 0.0174397 0.0302826 3.5855e-05
7 0.532653 0.40747 0.0397032 0.0854643 3.58616e-05
6 0.680891 0.992598 0.0319109 0.0148048 3.58741e-05
6 0.118553 0.013459 0.032282 0.0269179 3.59316e-05
6 0.0658627 0.0726783 0.0189239 0.0524899 3.59676e-05
4 0.965492 0.697174 0.0690167 0.409152 3.60091e-05
4 0.157699 0.743607 0.315399 0.41319 3.60151e-05
6 0.489981 0.516151 0.0137291 0.0417227 3.60224e-05
5 0.415955 0 0.12616 0 3.60834e-05
9 0.057885 0.970727 0.0200371 0.0235532 3.61694e-05
6 0.871614 0.510094 0.0356215 0.0592194 3.62066e-05
6 0.437291 0.671265 0.077551 0.10969 3.62874e-05
9 0.680705 0.997981 0.0909091 0.00403769 3.63976e-05
6 0.920037 0.538358 0.0500928 0.0753701 3.66077e-05
6 0.317625 0.0336474 0.173655 0.0672948 3.66573e-05
6 0.605751 0.992598 0.038961 0.0148048 3.68025e-05
6 0.0756957 0.0777254 0.0571429 0.0504711 3.69287e-05
6 0.388312 0.542732 0.0278293 0.0356662 3.69292e-05
9 0.301484 1 0.0671614 0 3.70129e-05
9 0.264564 1 0.0660482 0 3.7068e-05
5 0.926345 0.0366756 0.14731 0.0733513 3.70733e-05
6 0.0871985 0.905114 0.0935065 0.100942 3.70779e-05
6 0.797959 0.94751 0.0463822 0.0699865 3.71074e-05
6 0.818182 0.99428 0.0556586 0.0114401 3.7171e-05
6 0.466976 0.00302826 0.0738404 0.00605653 3.72643e-05
6 0.268646 0.520861 0.019295 0.0282638 3.72793e-05
2 0.126531 0.41319 0.207792 0.293405 3.74522e-05
6 0.370686 0.0111036 0.0215213 0.0222073 3.75525e-05
4 0.987941 0.651077 0.0241187 0.302153 3.76616e-05
7 0.482004 0.682032 0.0415584 0.140646 3.77258e-05
9 0.161039 0.997981 0.0890538 0.00403769 3.77839e-05
6 0.847495 0.946501 0.0549165 0.0854643 3.78844e-05
6 0.305566 0.993271 0.032282 0.013459 3.79803e-05
7 0.524304 0.425639 0.0326531 0.100269 3.79956e-05
9 0.832653 0.986878 0.0653061 0.026245 3.81755e-05
4 0.0128015 0.708277 0.025603 0.420592 3.82062e-05
5 0.229314 0.0999327 0.0994434 0.137954 3.82404e-05
6 0.42282 0.976447 0.0471243 0.0376851 3.82416e-05
6 0.224675 0.0457604 0.0612245 0.0794078 3.82747e-05
2 0.374768 0.421602 0.676067 0.361373 3.83327e-05
6 0.604638 0.564603 0.0181818 0.0349933 3.84193e-05
6 0.467904 0.551817 0.0141002 0.0282638 3.84487e-05
6 0.591466 0.604643 0.0178108 0.0370121 3.84642e-05
6 0.754174 0.590175 0.0285714 0.0417227 3.85169e-05
0 0.00946197 0.0824361 0.0159555 0.0746972 3.86219e-05
6 0.650278 0.0100942 0.0419295 0.0201884 3.87808e-05
5 0.774583 0.0730148 0.096846 0.115074 3.87814e-05
7 0.470872 0.409825 0.0541744 0.0928668 3.88192e-05
6 0.895362 0.470054 0.0467532 0.077389 3.88426e-05
5 0.492579 0.128197 0.240074 0.104307 3.89209e-05
6 0.783302 0.0972409 0.03859 0.0477793 3.91328e-05
6 0.0500928 0.0763795 0.0222635 0.0558546 3.91884e-05
6 0.354731 0.108008 0.0333952 0.0181696 3.92916e-05
6 0.739703 0.580081 0.0189239 0.0296097 3.94314e-05
3 0.270501 0.403769 0.541002 0.807537 3.94898e-05
6 0.557514 0.00605653 0.0226345 0.0121131 3.95146e-05
9 0.677365 1 0.0671614 0 3.95343e-05
6 0.0810761 0.208277 0.0263451 0.0397039 3.95504e-05
6 0.570315 0.00605653 0.0230056 0.0121131 3.95735e-05
5 0.793692 0.11642 0.0972171 0.149394 3.98197e-05
6 0.653803 0.549125 0.0304267 0.0403768 3.98206e-05
5 0.341002 0.983176 0.239703 0.0336474 3.99358e-05
6 0.00445269 0.23755 0.00890538 0.0726783 3.99383e-05
6 0.225232 0.0541723 0.122449 0.102961 3.99485e-05
6 0.643414 0.992598 0.0356215 0.0148048 3.99632e-05
6 0.881633 0.528264 0.0267161 0.0430686 4.00156e-05
6 0.574397 0.00672948 0.0890538 0.013459 4.01086e-05
7 0.63321 0.433042 0.0107607 0.0706595 4.01473e-05
9 0.198145 0.998654 0.0897959 0.00269179 4.0188e-05
7 0.616883 0.431359 0.00779221 0.0605653 4.02321e-05
6 0.511317 0.615411 0.207792 0.160834 4.02387e-05
6 0.00723562 0.0178331 0.00853432 0.0356662 4.02485e-05
6 0.238961 0.127524 0.0215213 0.0397039 4.03452e-05
6 0.130612 0.0161507 0.0437848 0.0323015 4.04245e-05
6 0.897959 0.950202 0.0638219 0.0861373 4.05252e-05
6 0.708534 0.518843 0.0159555 0.0323015 4.0561e-05
6 0.966605 0.950202 0.0608534 0.0995962 4.06193e-05
5 0.496104 0.345222 0.0801484 0.149394 4.06813e-05
6 0.0886827 0.43607 0.0474954 0.129206 4.07228e-05
6 0.660668 0.00572005 0.0293135 0.0114401 4.07483e-05
9 0.00705009 0.996635 0.0141002 0.00672948 4.07975e-05
6 0.581447 0.981494 0.045269 0.0370121 4.10001e-05
6 0.11744 0.115747 0.0463822 0.051144 4.10703e-05
6 0.253247 0.516151 0.012987 0.0296097 4.10753e-05
5 0.288497 0.123486 0.207421 0.163526 4.12308e-05
6 0.868831 0.993607 0.0500928 0.012786 4.12589e-05
2 0.69833 0.434724 0.575139 0.366083 4.1265e-05
6 0.38961 0.60498 0.0155844 0.0309556 4.13426e-05
6 0.468089 0.992934 0.0352505 0.0141319 4.13683e-05
3 0.170501 0.731494 0.341002 0.537012 4.13709e-05
6 0.679963 0.548116 0.0211503 0.0289367 4.15072e-05
6 0.510761 0.00605653 0.0218924 0.0121131 4.16057e-05
9 0.00463822 0.985868 0.00927644 0.0282638 4.16057e-05
6 0.415955 0.547779 0.0155844 0.0309556 4.17585e-05
6 0.169759 0.993271 0.0493506 0.013459 4.17928e-05
6 0.987384 0.536676 0.0244898 0.333109 4.18417e-05
6 0.23692 0.12786 0.0337662 0.130552 4.18796e-05
6 0.933952 0.408143 0.0556586 0.172948 4.19902e-05
6 0.138776 0.114738 0.0244898 0.026245 4.20334e-05
6 0.958442 0.250336 0.0831169 0.15747 4.21589e-05
6 0.614286 0.00672948 0.0864564 0.013459 4.22023e-05
6 0.639703 0.979812 0.0437848 0.0403768 4.22074e-05
6 0.857514 0.427322 0.0482375 0.0753701 4.2226e-05
6 0.634323 0.565612 0.0226345 0.0316285 4.22623e-05
6 0.418924 0.979139 0.0445269 0.0417227 4.22646e-05
6 0.955659 0.104643 0.0367347 0.0450875 4.23611e-05
6 0.381633 0.981494 0.0404453 0.0370121 4.2608e-05
8 0.0703154 0.994616 0.0456401 0.0107672 4.27052e-05
6 0.766419 0.593203 0.0463822 0.0585464 4.29378e-05
9 0.964564 0.977456 0.0263451 0.038358 4.29641e-05
9 0.713358 1 0.0693878 0 4.31184e-05
6 0.255473 0.993271 0.0500928 0.013459 4.31228e-05
6 0.689981 0.583782 0.0233766 0.0356662 4.31806e-05
5 0.48961 0.253701 0.032282 0.125168 4.32816e-05
5 0.736178 0.983849 0.390353 0.0323015 4.33378e-05
6 0.650835 0.532638 0.0155844 0.0329744 4.33782e-05
6 0.00593692 0.006393 0.0118738 0.012786 4.34018e-05
6 0.739889 0.538358 0.0742115 0.0726783 4.34041e-05
5 0.792208 0.372476 0.415584 0.444818 4.34848e-05
6 0.642857 0.13459 0.0330241 0.0403768 4.34856e-05
6 0.192208 0.960969 0.0222635 0.0780619 4.34877e-05
6 0.619852 0.975437 0.0307978 0.0302826 4.35022e-05
6 0.715584 0.133917 0.058256 0.0565276 4.36083e-05
6 0.590909 0.523553 0.0122449 0.0336474 4.36409e-05
6 0.356957 0.658816 0.0178108 0.0376851 4.36744e-05
6 0.62987 0.661844 0.0285714 0.0423957 4.37996e-05
6 0.22282 0.600269 0.0233766 0.0376851 4.39814e-05
6 0.691837 0.105316 0.0656772 0.0356662 4.40521e-05
6 0.601113 0.524226 0.0163265 0.0323015 4.41405e-05
9 0.0588126 0.976447 0.0137291 0.0228802 4.41884e-05
6 0.469388 0.0111036 0.117996 0.0222073 4.4263e-05
6 0.988868 0.340175 0.0222635 0.199865 4.42886e-05
6 0.580519 0.992934 0.0359926 0.0141319 4.43023e-05
6 0.307236 0.541723 0.0474954 0.0403768 4.4388e-05
5 0.0658627 0.0171602 0.131725 0.0343203 4.44631e-05
8 0.974026 0.955922 0.03859 0.0720054 4.45792e-05
6 0.631169 0.992261 0.0356215 0.0154778 4.46234e-05
6 0.510761 0.00437416 0.0753247 0.00874832 4.46602e-05
6 0.64026 0.988223 0.0345083 0.0235532 4.48473e-05
6 0.405937 0.991925 0.0363636 0.0161507 4.48791e-05
2 0.539147 0.982167 0.921707 0.0356662 4.50192e-05
6 0.227829 0.649731 0.0282004 0.0598923 4.51392e-05
6 0.616883 0.527254 0.0189239 0.0302826 4.52042e-05
6 0.994805 0.519179 0.0103896 0.158143 4.55238e-05
6 0.194063 0.970054 0.025974 0.0289367 4.55995e-05
9 0.750093 1 0.0686456 0 4.56002e-05
6 0.654917 0.139973 0.0222635 0.0215343 4.58986e-05
6 0.656215 0.990579 0.0456401 0.0188425 4.59387e-05
6 0.930612 0.933715 0.120965 0.132571 4.5958e-05
6 0.384601 0.562584 0.0634508 0.0565276 4.60711e-05
5 0.504453 0.248991 0.0345083 0.130552 4.61125e-05
6 0.0311688 0.0137954 0.0623377 0.0275908 4.61651e-05
6 0.147124 0.466353 0.0597403 0.0995962 4.62309e-05
6 0.642115 0.129879 0.0204082 0.025572 4.63613e-05
6 0.118924 0.193136 0.0307978 0.0282638 4.6476e-05
6 0.130612 0.0124495 0.0274583 0.0248991 4.65521e-05
6 0.511132 0.526245 0.0263451 0.0430686 4.67025e-05
2 0.637291 0.374159 0.497588 0.158816 4.67674e-05
6 0.490909 0.572678 0.138033 0.0820996 4.68019e-05
6 0.442301 0.548452 0.0148423 0.0282638 4.68551e-05
6 0.793692 0.99428 0.0534323 0.0114401 4.68616e-05
6 0.273098 0.619448 0.0222635 0.0370121 4.68777e-05
6 0.707236 0.562584 0.0230056 0.0363392 4.69577e-05
6 0.411874 0.542059 0.0319109 0.0329744 4.7096e-05
6 0.270315 0.537685 0.0181818 0.0296097 4.72054e-05
6 0.641187 0.544078 0.0237477 0.0343203 4.73582e-05
9 0.30538 1 0.0756957 0 4.73659e-05
6 0.0717996 0.169919 0.0352505 0.0343203 4.74095e-05
6 0.543785 0.981494 0.0463822 0.0370121 4.75668e-05
5 0.617625 0.05821 0.280891 0.111036 4.75695e-05
6 0.989796 0.0309556 0.0204082 0.0619112 4.75892e-05
6 0.543043 0.992934 0.0374768 0.0141319 4.78815e-05
6 0.157699 0 0.0556586 0 4.78947e-05
6 0.0892393 0.910161 0.13321 0.167564 4.78954e-05
6 0.649722 0.560565 0.0252319 0.0336474 4.79239e-05
6 0.626902 0.128197 0.0946197 0.0720054 4.80975e-05
8 0.895176 0.992261 0.0567718 0.0154778 4.8216e-05
5 0.216883 0.823688 0.372913 0.196501 4.82545e-05
5 0.0864564 0.0804172 0.172913 0.0881561 4.84067e-05
9 0.187384 0.977793 0.21744 0.0444145 4.85511e-05
6 0.391466 0.534657 0.0178108 0.0316285 4.85517e-05
6 0.630427 0.54677 0.0237477 0.0329744 4.85563e-05
6 0.280891 0.99428 0.0467532 0.0114401 4.86215e-05
6 0.434694 0.965343 0.0686456 0.0693136 4.86413e-05
6 0.578108 0.54576 0.0200371 0.0309556 4.87358e-05
6 0.453618 0.548116 0.0159555 0.0275908 4.88579e-05
5 0.195176 0.100942 0.390353 0.201884 4.88662e-05
6 0.613729 0.659825 0.0200371 0.0397039 4.95497e-05
6 0.107236 0.196164 0.0326531 0.0289367 4.95724e-05
6 0.717625 0.521871 0.0230056 0.0370121 4.9672e-05
6 0.656215 0.143338 0.0352505 0.0376851 5.00275e-05
6 0.369388 0.0979139 0.0441558 0.0397039 5.02492e-05
6 0.0846011 0.463324 0.0667903 0.226783 5.03442e-05
6 0.573098 0.563594 0.0218924 0.0370121 5.03875e-05
6 0.148237 0.436743 0.0805195 0.117093 5.0698e-05
6 0.251391 0.551144 0.156215 0.196501 5.08769e-05
6 0.00890538 0.952221 0.00890538 0.0699865 5.08831e-05
6 0.768646 0.993943 0.0493506 0.0121131 5.11353e-05
9 0.0443414 0.978466 0.0500928 0.0430686 5.11919e-05
9 0.787384 1 0.0682746 0 5.12687e-05
7 0.543599 0.431359 0.0096475 0.0726783 5.13373e-05
6 0.735622 0.896703 0.0842301 0.206595 5.13874e-05
2 0.149351 0.410498 0.298701 0.445491 5.14611e-05
9 0.715399 1 0.0942486 0 5.14685e-05
9 0.932096 1 0.0794063 0 5.14744e-05
6 0.272913 0.565949 0.0189239 0.025572 5.18315e-05
9 0.823748 1 0.0697588 0 5.18729e-05
6 0.541558 0.97039 0.0589981 0.0417227 5.18936e-05
6 0.071243 0.546097 0.0697588 0.186406 5.19494e-05
6 0.989796 0.26817 0.0204082 0.238896 5.2002e-05
5 0.692579 0.259758 0.14731 0.20996 5.22597e-05
5 0.874768 0.0797443 0.250464 0.147376 5.25505e-05
6 0.907607 0.514805 0.0423006 0.064603 5.26333e-05
5 0.389981 0.057537 0.266419 0.115074 5.27232e-05
6 0.935807 0.511104 0.0601113 0.127187 5.27239e-05
5 0.827829 0.922275 0.344341 0.0854643 5.28585e-05
6 0.875325 0.10969 0.0534323 0.0228802 5.28757e-05
6 0.508534 0.0114401 0.0352505 0.0228802 5.29336e-05
6 0.759555 0.577052 0.0207792 0.0329744 5.30595e-05
6 0.437291 0.646366 0.0367347 0.0572005 5.31559e-05
5 0.802968 0.233513 0.107607 0.220727 5.32102e-05
7 0.58961 0.432369 0.00667904 0.0746972 5.32911e-05
7 0.602226 0.432369 0.00816326 0.0706595 5.35068e-05
6 0.365121 0.577389 0.136549 0.0861373 5.355e-05
3 0.836735 0.410834 0.326531 0.821669 5.36885e-05
5 0.1859 0.990915 0.3718 0.0181696 5.37945e-05
6 0.213915 0.936406 0.0293135 0.0612382 5.38028e-05
9 0.233395 0.999664 0.0801484 0.000672947 5.38631e-05
9 0.791095 1 0.0957328 0 5.39149e-05
2 0.364935 0.397712 0.309833 0.164199 5.41945e-05
6 0.0842301 0.146366 0.0541744 0.0585464 5.42104e-05
6 0.381447 0.992598 0.0326531 0.0148048 5.42931e-05
6 0.14397 0.993271 0.0497217 0.013459 5.43885e-05
9 0.751763 1 0.0890538 0 5.48635e-05
6 0.220779 0.559556 0.0178108 0.0316285 5.48823e-05
6 0.99128 0.0763795 0.0152134 0.152759 5.48916e-05
5 0.72282 0.0689771 0.206308 0.123149 5.49998e-05
6 0.909091 0.421602 0.0512059 0.132571 5.50516e-05
6 0.0899814 0.193136 0.025603 0.0269179 5.51165e-05
6 0.637662 0.613392 0.15102 0.0854643 5.52101e-05
6 0.498887 0.55249 0.0241187 0.0363392 5.53378e-05
7 0.512059 0.431696 0.0163265 0.0921938 5.53917e-05
6 0.261781 0.54576 0.0782931 0.0740242 5.5458e-05
6 0.0907236 0.125505 0.0500928 0.0370121 5.59599e-05
9 0.860668 1 0.0664193 0 5.60512e-05
9 0.984045 1 0.0319109 0 5.61181e-05
6 0.604824 0.534657 0.0185529 0.026245 5.62278e-05
0 0.00834879 0.759421 0.0115028 0.311575 5.62682e-05
6 0.706493 0.63358 0.0200371 0.038358 5.64326e-05
6 0.444898 0.977456 0.0467532 0.0450875 5.64851e-05
10 0.203154 0.919583 0.0204082 0.152759 5.66069e-05
5 0.516698 0.0777254 0.234137 0.0868102 5.67794e-05
6 0.791651 0.533311 0.0174397 0.0370121 5.6809e-05
6 0.505566 0.572005 0.0189239 0.0349933 5.70344e-05
6 0.892208 0.591184 0.119852 0.233513 5.7041e-05
6 0.176994 0.152086 0.0423006 0.0632571 5.71707e-05
6 0.134323 0.00168237 0.0549165 0.00336474 5.71783e-05
6 0.406494 0.646366 0.0300557 0.0370121 5.72337e-05
6 0.256772 0.94179 0.0608534 0.10969 5.74256e-05
5 0.534323 0.929677 0.541002 0.1393 5.75351e-05
9 0.571243 0.982503 0.0612245 0.0349933 5.75481e-05
6 0.664007 0.568641 0.0263451 0.0363392 5.75807e-05
6 0.223748 0.605316 0.0489796 0.0679677 5.76394e-05
6 0.885343 0.512113 0.0311688 0.0632571 5.77384e-05
5 0.892579 0.188762 0.167347 0.124495 5.7816e-05
6 0.635807 0.144684 0.0270872 0.039031 5.78659e-05
6 0.572913 0.527254 0.0178108 0.0316285 5.79337e-05
6 0.137291 0.103634 0.0348794 0.051144 5.80269e-05
6 0.270686 0.583445 0.0248609 0.0323015 5.81897e-05
6 0.641187 0.976447 0.0326531 0.0336474 5.82659e-05
6 0.704824 0.993607 0.0478664 0.012786 5.82761e-05
6 0.464193 0.648385 0.0371058 0.0572005 5.82783e-05
9 0.826716 0.997645 0.0994434 0.00471063 5.85031e-05
5 0.819109 0.984186 0.263822 0.0316285 5.85278e-05
6 0.174954 0.171265 0.0797774 0.0787349 5.85367e-05
9 0.057885 0.979475 0.0333952 0.0208614 5.86434e-05
6 0.553061 0.579408 0.019666 0.0363392 5.86678e-05
6 0.551577 0.535666 0.0166976 0.0242261 5.87626e-05
6 0.89462 0.423957 0.0512059 0.0820996 5.8917e-05
4 0.0521336 0.653432 0.0842301 0.515478 5.89549e-05
6 0.463451 0.967362 0.0630798 0.0450875 5.90694e-05
6 0.749907 0.621467 0.0222635 0.0410498 5.91867e-05
6 0.330056 0.613392 0.0174397 0.0329744 5.92509e-05
6 0.988868 0.203567 0.0141002 0.106999 5.95148e-05
6 0.694249 0.546433 0.019295 0.0296097 5.97006e-05
5 0.125232 0.0972409 0.250464 0.194482 5.97625e-05
6 0.131169 0.519515 0.0397032 0.0834455 5.97633e-05
9 0.480891 0.981157 0.0393321 0.0376851 5.98206e-05
6 0.117625 0.137281 0.0326531 0.0282638 5.99087e-05
5 0.715955 0.908143 0.439703 0.183715 5.99836e-05
6 0.465863 0.531292 0.012987 0.0356662 6.01328e-05
8 0.116327 0.991925 0.0612245 0.0161507 6.0142e-05
6 0.119109 0.00168237 0.0222635 0.00336474 6.01651e-05
6 0.517254 0.575707 0.0200371 0.0370121 6.04594e-05
6 0.986827 0.196501 0.0263451 0.148048 6.04969e-05
6 0.918924 0.468708 0.0656772 0.0948856 6.08988e-05
6 0.481262 0.516151 0.0185529 0.0471063 6.09524e-05
9 0.959926 0.98856 0.0371058 0.0228802 6.09968e-05
6 0.976994 0.00740242 0.0460111 0.0148048 6.10622e-05
6 0.342672 0.566622 0.025603 0.0376851 6.12903e-05
6 0.699258 0.512113 0.0204082 0.039031 6.14185e-05
6 0.692579 0.498654 0.0820037 0.090175 6.15412e-05
6 0.334879 0.0975774 0.0612245 0.0323015 6.1775e-05
6 0.0439703 0.119785 0.0337662 0.0376851 6.178e-05
6 0.695362 0.533647 0.0742115 0.0699865 6.18272e-05
6 0.724675 0.562921 0.0237477 0.0370121 6.19829e-05
5 0.0602968 0.980821 0.120594 0.038358 6.25337e-05
6 0.366976 0.620121 0.0163265 0.0343203 6.26432e-05
7 0.484416 0.432705 0.012987 0.0726783 6.28186e-05
6 0.576438 0.65646 0.0567718 0.0868102 6.28286e-05
6 0.893321 0.112046 0.0797774 0.105653 6.28896e-05
6 0.52987 0.523217 0.0163265 0.0410498 6.32222e-05
6 0.235993 0.536339 0.0564007 0.0686406 6.33022e-05
7 0.497588 0.438089 0.0207792 0.138627 6.34768e-05
6 0.234694 0.138291 0.0211503 0.0329744 6.38351e-05
5 0.488312 0.17362 0.351763 0.191117 6.40508e-05
6 0.250464 0.574697 0.304267 0.261104 6.42518e-05
6 0.357699 0.647376 0.0222635 0.039031 6.42745e-05
5 0.297588 0.296433 0.425974 0.327725 6.4555e-05
6 0.634137 0.139637 0.0155844 0.0248991 6.4856e-05
6 0.300371 0.567631 0.0233766 0.038358 6.48857e-05
5 0.528571 0.0306191 0.313544 0.0612382 6.49705e-05
6 0.703711 0.130552 0.064193 0.10498 6.51706e-05
6 0.551948 0.968035 0.0679035 0.06393 6.56918e-05
5 0.931169 0.0114401 0.137662 0.0228802 6.59025e-05
6 0.429499 0.549125 0.0166976 0.0296097 6.59322e-05
6 0.602968 0.978802 0.0378479 0.0343203 6.65055e-05
6 0.377365 0.617093 0.0185529 0.0309556 6.71246e-05
6 0.280334 0.923284 0.0834879 0.12786 6.72839e-05
6 0.985343 0.127524 0.0293135 0.115074 6.73248e-05
5 0.238961 0.918573 0.363636 0.0834455 6.78172e-05
6 0.186085 0.173284 0.0233766 0.0760431 6.79919e-05
6 0.34731 0.06393 0.150649 0.0659489 6.81425e-05
6 0.919852 0.124159 0.0504638 0.0302826 6.8248e-05
6 0.871243 0.48755 0.0474954 0.0948856 6.82792e-05
5 0.317254 0.00538358 0.156586 0.0107672 6.84027e-05
6 0.0972171 0.518843 0.0638219 0.142665 6.85034e-05
6 0.104267 0.137954 0.0311688 0.0309556 6.88055e-05
2 0.893878 0.418237 0.177365 0.232167 6.88229e-05
6 0.168646 0.151077 0.0218924 0.0397039 6.88639e-05
6 0.788683 0.5821 0.0500928 0.0699865 6.8916e-05
6 0.988312 0.260094 0.0152134 0.105653 6.91944e-05
6 0.641002 0.655451 0.0204082 0.0336474 6.92305e-05
6 0.870872 0.44852 0.03859 0.0706595 6.92881e-05
6 0.289796 0.546097 0.0178108 0.0302826 6.93217e-05
6 0.592764 0.650404 0.032282 0.051817 6.93543e-05
6 0.703896 0.542732 0.0163265 0.0370121 6.93794e-05
5 0.398145 0.00975774 0.20334 0.0195155 6.96344e-05
6 0.181262 0.186743 0.0278293 0.0410498 6.96661e-05
9 0.479592 0.98755 0.0397032 0.0248991 6.96926e-05
6 0.25436 0.532638 0.0159555 0.0289367 6.97608e-05
6 0.250278 0.589502 0.0204082 0.0349933 6.97692e-05
6 0.225603 0.606999 0.142486 0.170929 6.99855e-05
5 0.474954 0.101615 0.405195 0.139973 7.06884e-05
0 0.993135 0.84825 0.0137291 0.303499 7.07913e-05
7 0.527087 0.430013 0.0115028 0.0794078 7.10206e-05
6 0.658998 0.490242 0.0979592 0.0921938 7.1188e-05
6 0.0326531 0.215007 0.0400742 0.0706595 7.13133e-05
6 0.0864564 0.0743607 0.0207792 0.0504711 7.15556e-05
9 0.387013 0.984859 0.0756957 0.0302826 7.21829e-05
6 0.369388 0.642328 0.0307978 0.0423957 7.22861e-05
6 0.368646 0.99428 0.0441558 0.0114401 7.25034e-05
9 0.0569573 0.989569 0.0300557 0.0208614 7.25358e-05
6 0.604453 0.60969 0.0163265 0.0323015 7.27487e-05
6 0.372171 0.537012 0.0267161 0.0349933 7.28336e-05
6 0.553061 0.549125 0.019666 0.0296097 7.32637e-05
6 0.99128 0.0259085 0.0100186 0.051817 7.33191e-05
5 0.175325 0.249327 0.145826 0.251009 7.34438e-05
6 0.99462 0.275236 0.0107607 0.114401 7.34618e-05
6 0.405751 0.550471 0.0293135 0.0336474 7.35238e-05
6 0.792022 0.516487 0.0137291 0.038358 7.3787e-05
9 0.991651 0.9714 0.0166976 0.0572005 7.43657e-05
6 0.990909 0.155451 0.0174397 0.222073 7.47373e-05
9 0.120965 0.0868102 0.0497217 0.0565276 7.52104e-05
7 0.560482 0.683715 0.0367347 0.10498 7.52577e-05
5 0.866976 0.284657 0.266048 0.230148 7.53497e-05
5 0.889981 0.0982503 0.173284 0.090175 7.58713e-05
6 0.7282 0.588493 0.019666 0.0302826 7.5953e-05
9 0.269759 1 0.0727273 0 7.60118e-05
6 0.567161 0.547779 0.0204082 0.0336474 7.66356e-05
0 0.989796 0.923284 0.00927644 0.126514 7.6696e-05
2 0.869388 0.418237 0.261224 0.323688 7.67522e-05
5 0.559926 0.00302826 0.194434 0.00605653 7.70788e-05
6 0.126531 0.929004 0.133581 0.141992 7.74571e-05
6 0.525603 0.56393 0.0174397 0.0376851 7.7518e-05
6 0.61948 0.621804 0.019666 0.0403768 7.75568e-05
6 0.019666 0.00504711 0.0393321 0.0100942 7.78024e-05
6 0.216141 0.939098 0.0359926 0.121803 7.79562e-05
6 0.591466 0.98755 0.0497217 0.0248991 7.79778e-05
6 0.347681 0.567295 0.0534323 0.0565276 7.82239e-05
6 0.348052 0.0884926 0.0660482 0.0370121 7.83478e-05
6 0.317996 0.551144 0.0504638 0.0471063 7.90308e-05
6 0.536549 0.560565 0.193692 0.0726783 7.91441e-05
6 0.380891 0.658479 0.0189239 0.0343203 7.92469e-05
6 0.933766 0.101952 0.0359926 0.0450875 7.92504e-05
6 0.190909 0.962651 0.0137291 0.0464334 7.96581e-05
7 0.493878 0.423957 0.0415584 0.0969044 7.98315e-05
6 0.0801484 0.190108 0.0267161 0.0289367 7.98592e-05
6 0.773655 0.513122 0.0378479 0.0531629 7.99662e-05
7 0.555659 0.432369 0.00779221 0.0720054 8.09076e-05
6 0.992579 0.0137954 0.0148423 0.0275908 8.14839e-05
6 0.754174 0.505047 0.0107607 0.0289367 8.17923e-05
6 0.332282 0.564939 0.0241187 0.0370121 8.20621e-05
5 0.222449 0.935397 0.444898 0.129206 8.20931e-05
6 0.973284 0.335801 0.0534323 0.192463 8.22521e-05
6 0.755288 0.531292 0.0174397 0.0302826 8.22661e-05
6 0.405566 0.582436 0.0474954 0.0450875 8.2557e-05
3 0.744527 0.603297 0.451577 0.493271 8.29461e-05
6 0.111688 0.947174 0.0779221 0.0989233 8.30497e-05
6 0.00445269 0.96467 0.00890538 0.0612382 8.32841e-05
6 0.239147 0.619448 0.0248609 0.0370121 8.35991e-05
6 0.624304 0.49428 0.0545455 0.0679677 8.36969e-05
6 0.604267 0.993607 0.0567718 0.012786 8.40484e-05
6 0.502783 0.543405 0.38961 0.163526 8.40823e-05
6 0.0697588 0.143338 0.0289425 0.0376851 8.41005e-05
6 0.374211 0.547106 0.0463822 0.0403768 8.48106e-05
9 0.179035 0.984522 0.0768089 0.0309556 8.49852e-05
6 0.505195 0.544415 0.0263451 0.0336474 8.50775e-05
9 0.308534 0.987887 0.0604824 0.0242261 8.51609e-05
6 0.439332 0.55148 0.0408163 0.0531629 8.51721e-05
6 0.489239 0.0104307 0.064193 0.0208614 8.54243e-05
9 0.9 1 0.064193 0 8.56321e-05
6 0.361967 0.617766 0.236364 0.12786 8.61782e-05
6 0.538776 0.52288 0.019295 0.039031 8.62566e-05
5 0.242672 0.846568 0.485343 0.306864 8.67778e-05
6 0.907421 0.492934 0.0545455 0.077389 8.68627e-05
6 0.782004 0.515814 0.0204082 0.0356662 8.69108e-05
5 0.902041 0.975437 0.195918 0.0491252 8.71742e-05
6 0.992393 0.20895 0.0152134 0.136608 8.74399e-05
6 0.941558 0.0898385 0.0538033 0.0558546 8.74651e-05
6 0.263636 0.540713 0.0181818 0.0289367 8.75326e-05
9 0.5282 0.98755 0.0523191 0.0248991 8.75375e-05
9 0.332096 0.987887 0.0586271 0.0242261 8.76584e-05
6 0.723933 0.504038 0.0623377 0.0780619 8.79592e-05
6 0.376809 0.60397 0.0166976 0.0289367 8.82113e-05
6 0.438404 0.969717 0.0597403 0.0430686 8.91472e-05
6 0.631911 0.619112 0.0237477 0.0349933 8.93122e-05
6 0.116327 0.0107672 0.0233766 0.0215343 9.05388e-05
6 0.630798 0.979139 0.0319109 0.0323015 9.15556e-05
9 0.506122 0.993607 0.03859 0.012786 9.1771e-05
6 0.44564 0.538022 0.0133581 0.0275908 9.22588e-05
6 0.874397 0.948856 0.0604824 0.0861373 9.23249e-05
6 0.230427 0.617093 0.0222635 0.0376851 9.25163e-05
6 0.392579 0.992598 0.0497217 0.0148048 9.34931e-05
6 0.280705 0.635935 0.019666 0.0376851 9.36384e-05
6 0.379406 0.542396 0.0159555 0.0323015 9.38235e-05
6 0.683302 0.548789 0.051577 0.0477793 9.39357e-05
6 0.504267 0.561911 0.025974 0.0323015 9.42886e-05
6 0.387013 0.615074 0.057885 0.0497981 9.48831e-05
6 0.639703 0.568977 0.10538 0.0572005 9.5089e-05
10 0.996104 0.909152 0.00779221 0.117093 9.57476e-05
6 0.73859 0.620794 0.0248609 0.038358 9.57756e-05
6 0.667347 0.992934 0.0471243 0.0141319 9.58599e-05
6 0.769202 0.561238 0.0230056 0.0296097 9.60106e-05
6 0.92115 0.105989 0.0404453 0.0397039 9.60585e-05
6 0.723006 0.553163 0.229685 0.142665 9.6841e-05
9 0.0454545 0.0804172 0.0456401 0.06393 9.71061e-05
4 0.294249 0.690444 0.42449 0.349933 9.72654e-05
3 0.0758813 0.595559 0.151763 0.808883 9.74844e-05
6 0.568646 0.53533 0.0181818 0.0275908 9.76181e-05
8 0.91744 0.968708 0.058256 0.0625841 9.79692e-05
6 0.884601 0.490579 0.0393321 0.0659489 9.87135e-05
5 0.676994 0.974092 0.395176 0.051817 9.91311e-05
6 0.616141 0.538695 0.0367347 0.0329744 9.97598e-05
6 0.344712 0.548789 0.0489796 0.0450875 0.000100083
0 0.00296846 0.894011 0.00593692 0.136608 0.000101289
5 0.378108 0.975774 0.431911 0.0484522 0.00010145
6 0.175325 0.17362 0.0330241 0.0726783 0.00010148
6 0.989239 0.150404 0.0141002 0.106999 0.000101544
6 0.539147 0.579744 0.0200371 0.0356662 0.000102131
6 0.0903525 0.114738 0.0211503 0.0329744 0.000102488
6 0.62987 0.992598 0.0523191 0.0148048 0.000102878
5 0.616698 0.986878 0.242672 0.026245 0.000103066
6 0.337848 0.585464 0.0434137 0.0430686 0.000103143
6 0.614657 0.642665 0.0293135 0.0417227 0.000103423
6 0.771985 0.621804 0.0337662 0.0444145 0.000103605
6 0.991837 0.00841184 0.012616 0.0168237 0.000103608
6 0.274583 0.597241 0.0170686 0.0356662 0.0001038
9 0.579777 0.993607 0.051577 0.012786 0.000104924
6 0.138033 0.103297 0.025974 0.0275908 0.000104926
9 0.433024 0.985868 0.0564007 0.0282638 0.000105024
6 0.441558 0.577052 0.0512059 0.0450875 0.000105556
5 0.749165 0.0942127 0.50167 0.188425 0.000105762
6 0.738033 0.596904 0.0207792 0.0349933 0.000105768
6 0.766234 0.541386 0.0801484 0.0814267 0.000105852
9 0.417996 0.991925 0.051577 0.0161507 0.00010598
6 0.437477 0.539367 0.0274583 0.0356662 0.000106464
6 0.994991 0.16319 0.0100186 0.108345 0.000106833
6 0.282375 0.541386 0.0185529 0.0275908 0.000106934
9 0.516883 0.984859 0.324304 0.0302826 0.000106949
6 0.288312 0.546433 0.0393321 0.0363392 0.000107281
6 0.737662 0.559892 0.0230056 0.0349933 0.000107834
6 0.228386 0.567631 0.0723562 0.077389 0.000107993
6 0.542301 0.993943 0.0538033 0.0121131 0.000108647
6 0.540074 0.650067 0.0315399 0.0794078 0.000108724
6 0.718553 0.632234 0.0218924 0.0356662 0.000108739
2 0.62115 0.405451 0.33692 0.119112 0.000109969
6 0.434694 0.6107 0.0560297 0.0612382 0.000110039
5 0.2859 0.104307 0.5718 0.208614 0.000110571
5 0.174397 0.251346 0.348794 0.502692 0.000110713
6 0.318924 0.616083 0.0330241 0.0423957 0.000112704
6 0.60872 0.622476 0.0166976 0.0417227 0.000112734
6 0.0541744 0.139637 0.0319109 0.0410498 0.000112955
9 0.518738 0.980821 0.045269 0.038358 0.000113423
6 0.359184 0.0942127 0.0987013 0.0565276 0.000113439
6 0.251948 0.578062 0.0615955 0.0686406 0.000113717
6 0.514657 0.653432 0.0326531 0.0861373 0.00011396
6 0.633766 0.604643 0.0222635 0.0316285 0.000114391
6 0.678479 0.571669 0.0248609 0.0370121 0.000114674
10 0.991095 0.903432 0.0178108 0.193136 0.000114869
5 0.864378 0.892328 0.271243 0.110363 0.000115031
9 0.453803 0.982503 0.0831169 0.0349933 0.000115721
5 0.736364 0.201548 0.527273 0.403096 0.000116231
5 0.127273 0.856326 0.254545 0.135262 0.000116618
6 0.528757 0.578735 0.0170686 0.0363392 0.000117071
6 0.0786642 0.0730148 0.0215213 0.0504711 0.000117151
6 0.986271 0.276581 0.0274583 0.146703 0.000118134
4 0.845269 0.787685 0.309462 0.337147 0.000118134
6 0.48256 0.631561 0.0552876 0.11642 0.000118292
6 0.119481 0.0972409 0.0378479 0.0316285 0.000119087
6 0.366234 0.657806 0.0170686 0.0370121 0.000119143
5 0.194249 0.890646 0.388497 0.0975774 0.000119323
6 0.186085 0.177995 0.0189239 0.0329744 0.000121632
5 0.115584 0.199529 0.191837 0.280619 0.000122239
6 0.367718 0.605989 0.0178108 0.0316285 0.00012256
6 0.6282 0.591521 0.261967 0.141319 0.000122856
6 0.335436 0.635599 0.0304267 0.0437416 0.000123238
6 0.990353 0.0561911 0.0111317 0.102961 0.000123853
6 0.333395 0.0905114 0.150278 0.0908479 0.000123957
6 0.651206 0.637281 0.0252319 0.039031 0.000125009
6 0.49295 0.650067 0.0337662 0.076716 0.000125533
6 0.992764 0.100606 0.0144712 0.11642 0.000125599
6 0.391837 0.658143 0.0170686 0.0296097 0.000125669
6 0.643043 0.530283 0.0222635 0.0376851 0.000127107
6 0.633581 0.644347 0.0248609 0.0343203 0.000127972
6 0.378479 0.526581 0.0141002 0.026245 0.000128555
6 0.587013 0.536003 0.0170686 0.0302826 0.000129754
6 0.995733 0.95323 0.00853432 0.0881561 0.000130292
9 0.0680891 0.978802 0.0204082 0.0329744 0.000131236
6 0.59462 0.546433 0.0352505 0.0376851 0.000131491
6 0.200742 0.960969 0.0215213 0.0780619 0.000131825
6 0.665677 0.54004 0.0378479 0.0343203 0.000132083
6 0.606308 0.636272 0.0178108 0.0343203 0.000132115
6 0.621521 0.609354 0.0200371 0.0370121 0.000132638
6 0.306679 0.582436 0.151763 0.100269 0.000134461
6 0.731911 0.541386 0.0174397 0.0302826 0.000134939
5 0.493506 0.0144684 0.175881 0.0289367 0.000136575
6 0.7859 0.528937 0.0319109 0.0497981 0.000137197
6 0.461781 0.535666 0.0285714 0.0363392 0.00013915
5 0.889054 0.998654 0.221892 0.00269179 0.00013996
5 0.493878 0.00201884 0.169944 0.00403769 0.00014037
6 0.238961 0.517497 0.0304267 0.0349933 0.000140795
5 0.747681 0.243271 0.0957328 0.233513 0.000142806
3 0.236178 0.612719 0.472356 0.73284 0.000142923
8 0.102968 0.990579 0.205937 0.0188425 0.00014319
9 0.481076 0.993271 0.0508349 0.013459 0.000143624
5 0.122078 0.981157 0.244156 0.0376851 0.000144856
6 0.67885 0.593203 0.0226345 0.0343203 0.000145977
8 0.025974 0.991925 0.0519481 0.0161507 0.000147704
6 0.886456 0.929677 0.125417 0.140646 0.00014847
9 0.422078 0.983176 0.208905 0.0336474 0.000148491
6 0.0699443 0.108008 0.0337662 0.0370121 0.000148746
8 0.916883 0.992598 0.057885 0.0148048 0.000149324
6 0.727087 0.54677 0.0218924 0.0302826 0.00015255
9 0.444341 0.991252 0.0538033 0.0174966 0.000153726
5 0.700371 0.253701 0.328386 0.293405 0.000154262
6 0.287384 0.57537 0.0211503 0.0323015 0.000156543
6 0.306308 0.584791 0.0434137 0.0471063 0.000157368
6 0.113729 0.103297 0.0745826 0.0464334 0.000157699
9 0.542115 0.982167 0.0653061 0.0356662 0.000158095
6 0.755659 0.56393 0.0233766 0.0336474 0.000158471
6 0.762894 0.927995 0.0957328 0.126514 0.000159179
6 0.115584 0.517497 0.0545455 0.0942127 0.000159821
6 0.144712 0.942127 0.0853432 0.10498 0.00016068
6 0.618182 0.98856 0.0534323 0.0228802 0.000160811
6 0.116698 0.437079 0.0768089 0.124495 0.000160918
6 0.624119 0.524563 0.0141002 0.0343203 0.000161887
6 0.987755 0.0935397 0.0141002 0.0982503 0.000162737
6 0.354917 0.634589 0.0204082 0.0430686 0.000163013
6 0.363636 0.620458 0.0378479 0.039031 0.000164916
6 0.126902 0.118102 0.0393321 0.0275908 0.000165961
6 0.688683 0.636945 0.0200371 0.0370121 0.000166648
6 0.130241 0.493271 0.0556586 0.0942127 0.000167425
6 0.237848 0.527591 0.0222635 0.0323015 0.000167951
6 0.896661 0.111036 0.0805195 0.039031 0.000168321
6 0.413544 0.566958 0.0307978 0.0343203 0.000168757
8 0.949722 0.992261 0.100557 0.0154778 0.000170184
6 0.702783 0.519515 0.0118738 0.0282638 0.000170935
2 0.694434 0.436406 0.363265 0.213324 0.000172262
9 0.414657 0.98183 0.0909091 0.0363392 0.000174608
6 0.75269 0.559892 0.0419295 0.0497981 0.000175302
6 0.315028 0.571669 0.0467532 0.0531629 0.000175523
6 0.561224 0.635599 0.0352505 0.0814267 0.000176925
5 0.674397 0.117429 0.174768 0.0989233 0.000177367
6 0.596289 0.632234 0.0437848 0.0679677 0.000177524
6 0.644898 0.541386 0.0474954 0.0437416 0.000177583
6 0.705937 0.638964 0.0382189 0.0464334 0.000179216
6 0.351763 0.0979139 0.071243 0.10969 0.000179628
6 0.354731 0.0955585 0.0445269 0.0215343 0.000181096
5 0.186642 0.222746 0.373284 0.375505 0.000183617
6 0.10538 0.119448 0.03859 0.0289367 0.000185419
6 0.561967 0.540713 0.0330241 0.0316285 0.000186173
7 0.789425 0.214334 0.025603 0.117766 0.000188825
5 0.167718 0.961978 0.335436 0.0760431 0.000189613
7 0.507421 0.402423 0.0627087 0.0888291 0.000193606
6 0.386456 0.565949 0.0278293 0.0363392 0.000197522
6 0.703711 0.530283 0.0137291 0.0363392 0.000198524
6 0.0671614 0.135935 0.0474954 0.0444145 0.000200087
7 0.236178 0.237214 0.0664193 0.152759 0.000203303
6 0.354174 0.60397 0.025603 0.0370121 0.000204892
9 0.0647495 0.986541 0.0300557 0.0269179 0.000205559
6 0.714471 0.537685 0.0330241 0.0430686 0.000208544
6 0.090167 0.146366 0.025974 0.0316285 0.000208601
5 0.798701 0.953567 0.402597 0.0928668 0.00020965
6 0.748794 0.514468 0.03859 0.0437416 0.000213283
6 0.199629 0.960296 0.0148423 0.051144 0.000214232
6 0.639889 0.610027 0.0181818 0.0316285 0.000214396
6 0.410204 0.614401 0.0300557 0.0363392 0.000215467
5 0.814657 0.919583 0.370686 0.160834 0.000216255
6 0.366419 0.644347 0.0174397 0.0316285 0.000217594
6 0.640631 0.639973 0.0181818 0.0309556 0.000217678
5 0.866048 0.980821 0.267904 0.038358 0.000219516
6 0.176067 0.176312 0.0278293 0.0336474 0.000221834
6 0.991095 0.96467 0.0141002 0.0706595 0.000222155
9 0.992208 0.938425 0.0155844 0.104307 0.000223346
6 0.634508 0.533984 0.0282004 0.0370121 0.000223419
6 0.0829314 0.169919 0.0307978 0.0289367 0.000226809
6 0.669017 0.553499 0.202597 0.0989233 0.000228027
6 0.477922 0.569314 0.0541744 0.0497981 0.000232666
6 0.629128 0.550471 0.0575139 0.0471063 0.000233252
9 0.0682746 0.955922 0.0304267 0.0881561 0.000233936
6 0.689796 0.126178 0.0794063 0.0612382 0.000234747
5 0.530983 0.137281 0.598887 0.259758 0.00023602
6 0.353247 0.102961 0.057885 0.0444145 0.000237034
7 0.226345 0.238896 0.0111317 0.222073 0.000237252
8 0.95974 0.995962 0.0805195 0.00807537 0.000240731
6 0.620408 0.630552 0.0400742 0.0524899 0.000240931
5 0.834137 0.154105 0.331725 0.266487 0.000244943
6 0.65269 0.605989 0.0311688 0.0356662 0.000245278
7 0.78961 0.218708 0.0274583 0.279946 0.000246332
6 0.127644 0.106999 0.0423006 0.0323015 0.000250903
6 0.390538 0.648048 0.0181818 0.0282638 0.000251383
0 0.993692 0.922948 0.012616 0.154105 0.00025142
7 0.221521 0.22712 0.0133581 0.121803 0.000254032
6 0.281262 0.588493 0.019295 0.0289367 0.000260407
6 0.371058 0.588829 0.0460111 0.0444145 0.000263668
6 0.320408 0.601279 0.025603 0.0316285 0.000264601
6 0.735993 0.577725 0.0345083 0.0410498 0.000264743
6 0.717996 0.602624 0.306494 0.171602 0.000264774
0 0.00890538 0.874159 0.0118738 0.251682 0.000265002
6 0.581633 0.58782 0.0567718 0.051817 0.000265274
6 0.388312 0.622476 0.0285714 0.0349933 0.000267161
6 0.289796 0.591857 0.0222635 0.0316285 0.000272743
5 0.850278 0.891319 0.299443 0.217362 0.00027711
6 0.0521336 0.107672 0.0337662 0.039031 0.000280217
6 0.473098 0.548116 0.0348794 0.0450875 0.000281903
5 0.304082 0.266824 0.174026 0.256393 0.000284779
6 0.0825603 0.151077 0.0285714 0.0329744 0.000284989
6 0.535807 0.547443 0.0630798 0.0572005 0.000286749
6 0.00742115 0.181696 0.0096475 0.0780619 0.000287221
6 0.00612245 0.118775 0.0122449 0.0746972 0.000290126
6 0.488868 0.53533 0.0278293 0.0397039 0.000291554
6 0.698145 0.538022 0.0315399 0.0397039 0.000292073
6 0.642115 0.615074 0.0337662 0.0336474 0.000294107
6 0.261596 0.548789 0.0311688 0.0329744 0.000294249
9 0.518182 0.993943 0.0523191 0.0121131 0.000297067
6 0.381076 0.646366 0.0207792 0.0289367 0.000297264
6 0.257328 0.563594 0.0419295 0.0572005 0.000304841
6 0.687199 0.59253 0.0831169 0.0612382 0.000309746
6 0.641002 0.571332 0.038961 0.0376851 0.000311958
6 0.23525 0.942799 0.064564 0.0874832 0.000314522
6 0.272542 0.602961 0.13321 0.0995962 0.000314813
6 0.785158 0.616083 0.0267161 0.0450875 0.000318525
3 0.858442 0.577725 0.283117 0.73284 0.000319966
6 0.375139 0.531292 0.0133581 0.0329744 0.000322509
6 0.0799629 0.118775 0.032282 0.0329744 0.000322648
6 0.632468 0.524563 0.0181818 0.0343203 0.000327059
7 0.210946 0.229812 0.0300557 0.257739 0.000327069
6 0.617625 0.565612 0.0374768 0.0356662 0.000336814
6 0.515584 0.596568 0.0300557 0.0598923 0.000337423
6 0.108163 0.10397 0.0426716 0.0343203 0.00033791
5 0.484972 0.0844549 0.728015 0.16891 0.000346332
6 0.00686456 0.185061 0.0137291 0.129206 0.000346812
6 0.294805 0.601279 0.0241187 0.038358 0.000359018
6 0.588126 0.565276 0.03859 0.0323015 0.000360327
6 0.0372913 0.13358 0.0359926 0.0504711 0.000360829
6 0.472913 0.597241 0.0419295 0.0760431 0.000379166
6 0.275139 0.59926 0.0404453 0.0491252 0.000387031
6 0.093692 0.10498 0.0337662 0.0349933 0.000387271
6 0.490538 0.597241 0.0326531 0.0531629 0.000388686
6 0.236549 0.538695 0.0315399 0.0356662 0.000391019
6 0.344898 0.609354 0.0656772 0.0625841 0.000391152
6 0.276252 0.566285 0.0404453 0.0477793 0.000393396
6 0.771057 0.523553 0.0244898 0.0349933 0.000401772
6 0.203525 0.942463 0.0307978 0.0598923 0.000401904
6 0.596289 0.595895 0.0363636 0.0423957 0.000412241
6 0.781818 0.59354 0.0296846 0.0444145 0.000414782
6 0.774954 0.583782 0.0300557 0.0410498 0.000416609
6 0.535436 0.59253 0.0564007 0.0854643 0.000430161
6 0.736178 0.591521 0.126902 0.109017 0.000435446
3 0.121707 0.596904 0.238961 0.695828 0.000436093
6 0.462709 0.564939 0.0319109 0.0343203 0.000439679
6 0.437106 0.567295 0.0304267 0.0323015 0.000443509
8 0.093692 0.966353 0.0738404 0.0672948 0.000444802
6 0.461781 0.597914 0.0330241 0.0423957 0.000447426
6 0.235807 0.55821 0.0211503 0.0289367 0.00046165
6 0.301855 0.600942 0.0538033 0.0417227 0.000469821
6 0.288126 0.59354 0.0426716 0.0497981 0.000475361
6 0.00482375 0.189435 0.0096475 0.0693136 0.000475603
6 0.725788 0.558883 0.0474954 0.0477793 0.000488195
5 0.503525 0.259421 0.0697588 0.199865 0.000489522
6 0.475696 0.657806 0.0912801 0.131225 0.000489546
6 0.0810761 0.104643 0.0330241 0.0343203 0.0005068
6 0.532653 0.543742 0.032282 0.0417227 0.000508823
6 0.227273 0.52288 0.0204082 0.0309556 0.000513127
6 0.730427 0.638291 0.025603 0.0464334 0.000518189
6 0.77384 0.569314 0.0270872 0.0336474 0.000522371
6 0.769944 0.536003 0.0244898 0.0329744 0.000555674
6 0.229499 0.573015 0.0330241 0.0356662 0.000559988
6 0.351391 0.618775 0.0252319 0.0464334 0.000571145
6 0.434879 0.60498 0.0319109 0.0403768 0.000572823
6 0.724861 0.621131 0.0812616 0.0874832 0.000585038
6 0.6859 0.617766 0.0226345 0.0430686 0.00058954
6 0.344898 0.631561 0.025603 0.0464334 0.000596492
8 0.971614 0.960969 0.0567718 0.0780619 0.00059673
6 0.654731 0.62214 0.0285714 0.0450875 0.000606278
5 0.501855 0.0148048 0.348423 0.0296097 0.000611249
6 0.518182 0.536003 0.0226345 0.0329744 0.000618905
6 0.54026 0.590175 0.0289425 0.0484522 0.000623881
6 0.00871985 0.0484522 0.00927644 0.0847914 0.00062967
8 0.0909091 0.991252 0.0690167 0.0174966 0.000640301
6 0.491651 0.566285 0.0319109 0.0370121 0.000650016
6 0.537291 0.538358 0.0207792 0.025572 0.00065527
6 0.499814 0.545424 0.0489796 0.0477793 0.000660341
6 0.562338 0.578735 0.0337662 0.0471063 0.000672289
8 0.970501 0.992261 0.0538033 0.0154778 0.000683868
7 0.20538 0.240242 0.0293135 0.148048 0.000726717
6 0.627644 0.609017 0.0441558 0.039031 0.000741261
6 0.744898 0.54105 0.0300557 0.0376851 0.000743876
6 0.777551 0.52961 0.0226345 0.0349933 0.000759425
6 0.562152 0.562921 0.0371058 0.0316285 0.000767788
6 0.715213 0.59253 0.0300557 0.0423957 0.00081775
9 0.0423006 0.0999327 0.0423006 0.051817 0.000827459
6 0.285343 0.612719 0.0207792 0.0356662 0.000838297
2 0.507236 0.422611 0.0957328 0.110363 0.000849385
6 0.735622 0.589839 0.0456401 0.0491252 0.000872972
7 0.215584 0.236205 0.0178108 0.15074 0.000878385
5 0.237291 0.241925 0.0597403 0.337147 0.000894055
6 0.711688 0.606662 0.0282004 0.0329744 0.00090376
6 0.763636 0.547443 0.0341373 0.038358 0.000925808
5 0.50334 0.0477793 0.497588 0.0955585 0.000934255
6 0.00482375 0.147039 0.0096475 0.0706595 0.000992576
6 0.668831 0.595222 0.032282 0.0343203 0.00108195
6 0.528015 0.52288 0.0096475 0.0296097 0.00108623
3 0.50538 0.545424 0.704267 0.376178 0.00116285
6 0.68757 0.596568 0.0319109 0.0356662 0.00117848
8 0.0345083 0.983849 0.0549165 0.0323015 0.00119396
6 0.722078 0.605316 0.0393321 0.0450875 0.0012154
2 0.118738 0.909825 0.237477 0.114401 0.00121615
5 0.501484 0.984859 0.545826 0.0302826 0.00123167
6 0.337291 0.603634 0.0274583 0.0309556 0.0012355
6 0.517254 0.556864 0.0289425 0.0356662 0.00132115
8 0.0332096 0.961305 0.0664193 0.077389 0.0013708
6 0.67718 0.60498 0.0244898 0.0282638 0.00139325
6 0.690909 0.564603 0.0400742 0.0430686 0.0014692
6 0.673098 0.560229 0.0512059 0.0464334 0.00154678
6 0.504082 0.620121 0.0597403 0.0868102 0.00155673
5 0.496104 0.933042 0.779963 0.133917 0.0016583
6 0.662894 0.632571 0.0285714 0.0457604 0.00168078
6 0.748423 0.530283 0.0170686 0.0336474 0.00168916
6 0.528942 0.545087 0.0152134 0.0282638 0.00172282
0 0.00593692 0.0736878 0.0118738 0.106999 0.00179673
6 0.503525 0.583109 0.0437848 0.0558546 0.00184222
6 0.667347 0.609017 0.0345083 0.0349933 0.00186929
6 0.537106 0.554172 0.0278293 0.0302826 0.00187423
2 0.139703 0.90646 0.279406 0.187079 0.00189082
6 0.342115 0.615074 0.0356215 0.0363392 0.00203155
6 0.669944 0.614401 0.0523191 0.051144 0.00216084
6 0.530983 0.580417 0.0363636 0.051817 0.00228041
6 0.5282 0.663526 0.0634508 0.113055 0.00241741
4 0.511688 0.65074 0.481633 0.290713 0.00250385
6 0.242486 0.578062 0.0367347 0.0417227 0.00263613
7 0.220779 0.234522 0.0163265 0.271198 0.00266945
6 0.287755 0.602288 0.0189239 0.0323015 0.00271734
6 0.497217 0.657806 0.0742115 0.0975774 0.00272816
6 0.525974 0.53432 0.0144712 0.0282638 0.00350408
6 0.239889 0.585464 0.0204082 0.0349933 0.00389787
6 0.72449 0.619785 0.0307978 0.051144 0.00623552
6 0.242857 0.575707 0.0226345 0.0302826 0.0225349
6 0.6718 0.619448 0.0300557 0.0370121 0.0476645
4 0.498516 0.666218 0.860482 0.393001 0.800271
5 0.504824 0.253701 0.5859 0.324361 0.854786
2 0.501299 0.403769 0.569202 0.192463 0.858764
