6 0.800334 0.0851777 0.04264 0.0482897 2.03379e-05
6 0.358732 0.103286 0.0278087 0.0295104 2.03694e-05
7 0.470523 0.398055 0.00889878 0.0663984 2.04026e-05
6 0.502595 0.601274 0.0196515 0.0449363 2.04703e-05
0 0.00296626 0.872233 0.00593252 0.140174 2.04866e-05
6 0.892844 0.027163 0.0452354 0.0395708 2.04903e-05
9 0.908231 1 0.183537 0 2.05094e-05
6 0.454765 0.512072 0.0166852 0.0382294 2.05229e-05
6 0.581387 0.637156 0.0252132 0.0348759 2.0638e-05
6 0.304042 0.0107311 0.0563589 0.0214621 2.06529e-05
6 0.995551 0.01945 0.00889878 0.0389001 2.06716e-05
7 0.569522 0.704225 0.0229885 0.0885312 2.06944e-05
6 0.0763812 0.530516 0.0348535 0.100604 2.07014e-05
6 0.419911 0.0140845 0.0337412 0.028169 2.07255e-05
6 0.4099 0.465124 0.00926956 0.0382294 2.07279e-05
9 0.302002 1 0.06637 0 2.0744e-05
6 0.287912 0.513414 0.0285502 0.036888 2.07488e-05
6 0.128661 0.468813 0.0815721 0.268276 2.07705e-05
6 0.441046 0.509725 0.0122358 0.0362173 2.08134e-05
6 0.578977 0.938296 0.0248424 0.0590208 2.08273e-05
6 0.0300334 0.00469484 0.0600667 0.00938967 2.09343e-05
6 0.906563 0.199531 0.0363367 0.0717639 2.09472e-05
6 0.778458 0.506707 0.0218762 0.0462777 2.09528e-05
6 0.538932 0.0228035 0.0248424 0.0402415 2.09645e-05
6 0.444383 0.0942321 0.0174268 0.0248156 2.10843e-05
6 0.392659 0.963112 0.0304042 0.0496311 2.11323e-05
5 0.212458 0.964453 0.424917 0.0710932 2.11578e-05
4 0.960882 0.648893 0.0782351 0.412475 2.11856e-05
6 0.657026 0.51945 0.0207638 0.0342052 2.12365e-05
5 0.959214 0.0100604 0.0815721 0.0201207 2.12367e-05
6 0.128847 0.579812 0.0826845 0.227364 2.125e-05
6 0.451613 0.01945 0.0393029 0.0389001 2.13034e-05
6 0.517798 0.983233 0.0389321 0.0335345 2.13047e-05
6 0.36003 0.619048 0.0274379 0.0549966 2.13295e-05
7 0.443085 0.399396 0.0318873 0.082495 2.13311e-05
6 0.540415 0.979879 0.0537634 0.0402415 2.13887e-05
6 0.634965 0.00905433 0.0278087 0.0181087 2.14194e-05
6 0.213014 0.573105 0.0530219 0.054326 2.14488e-05
6 0.739896 0.573776 0.0292918 0.0355466 2.14576e-05
6 0.985539 0.0647217 0.0185391 0.0583501 2.14831e-05
9 0.96422 1 0.071561 0 2.14967e-05
5 0.591212 0.0855131 0.133852 0.0771294 2.15215e-05
6 0.405265 0.00804829 0.0200222 0.0160966 2.1557e-05
9 0.136448 0.00402414 0.0444939 0.00804829 2.15708e-05
5 0.756211 0.323273 0.139043 0.254863 2.16263e-05
4 0.924731 0.62173 0.110493 0.358149 2.16365e-05
5 0.136077 0.0720993 0.212088 0.121395 2.16402e-05
6 0.389692 0.522803 0.0192807 0.0288397 2.16816e-05
6 0.382647 0.0127431 0.091954 0.0254863 2.1686e-05
6 0.888765 0.366868 0.0415276 0.0724346 2.16938e-05
6 0.990916 0.00670691 0.0181683 0.0134138 2.1731e-05
6 0.644234 0.948021 0.0493141 0.0757881 2.17439e-05
8 0.00296626 0.125084 0.00593252 0.103957 2.1744e-05
6 0.754913 0.532193 0.0296626 0.0409121 2.1771e-05
6 0.621802 0.531522 0.0229885 0.0315225 2.17796e-05
7 0.525028 0.704225 0.0385614 0.151576 2.18218e-05
6 0.597701 0.495976 0.0304042 0.0449363 2.18438e-05
6 0.930478 0.477867 0.121246 0.275654 2.18659e-05
6 0.0326288 0.123072 0.0533927 0.0355466 2.19011e-05
6 0.741379 0.0117371 0.0685947 0.0234742 2.19029e-05
6 0.398962 0.00469484 0.0281795 0.00938967 2.19351e-05
5 0.893215 0.971831 0.213571 0.056338 2.19515e-05
6 0.525955 0.573105 0.0196515 0.0422535 2.19978e-05
6 0.893585 0.0855131 0.0296626 0.0288397 2.20008e-05
6 0.606229 0.57277 0.0222469 0.0375587 2.20246e-05
6 0.365962 0.660966 0.0185391 0.0422535 2.20537e-05
6 0.314238 0.932596 0.0685947 0.129443 2.20594e-05
7 0.487023 0.389671 0.0144605 0.150235 2.20673e-05
6 0.672043 0.0214621 0.0248424 0.0254863 2.20685e-05
6 0.476641 0.0288397 0.0685947 0.0576794 2.20737e-05
6 0.57842 0.485915 0.0452354 0.0583501 2.20816e-05
9 0.284761 0.983903 0.0541342 0.0321932 2.20873e-05
5 0.124583 0.121395 0.249166 0.221328 2.21756e-05
6 0.344828 0.923877 0.0363367 0.0677398 2.21856e-05
9 0.543196 0.979209 0.0519095 0.0415828 2.22056e-05
6 0.420653 0.896043 0.0530219 0.0992622 2.2207e-05
6 0.648498 0.578806 0.0266963 0.0415828 2.22643e-05
6 0.605302 0.99061 0.0441231 0.0187793 2.22769e-05
6 0.93604 0.140174 0.0589544 0.0992622 2.23072e-05
6 0.706526 0.637827 0.0226177 0.0362173 2.23295e-05
6 0.955506 0.00838364 0.0659993 0.0167673 2.24354e-05
6 0.0163144 0.207914 0.0326288 0.152918 2.24491e-05
6 0.920282 0.515426 0.045977 0.082495 2.24537e-05
6 0.414905 0.64118 0.0185391 0.0482897 2.24597e-05
5 0.21802 0.815895 0.365591 0.264923 2.25931e-05
9 0.1231 0.00838364 0.0689655 0.0167673 2.26231e-05
9 0.96663 0.974849 0.034112 0.036888 2.26775e-05
6 0.482759 0.0217975 0.0177976 0.0395708 2.26955e-05
6 0.607898 0.00704225 0.0300334 0.0140845 2.27359e-05
6 0.219874 0.103286 0.0296626 0.191818 2.27497e-05
6 0.330923 0.0258216 0.06637 0.0516432 2.27633e-05
6 0.519095 0.0526492 0.0385614 0.105298 2.27919e-05
5 0.273267 0.0268276 0.111235 0.0536553 2.28982e-05
6 0.0083426 0.144534 0.0122358 0.0744467 2.2924e-05
6 0.602707 0.982562 0.037449 0.0348759 2.29347e-05
6 0.94772 0.19886 0.0778643 0.153588 2.29812e-05
9 0.307008 0.991616 0.103819 0.0167673 2.30212e-05
6 0.585465 0.515426 0.0148313 0.0355466 2.30913e-05
6 0.984242 0.416164 0.0315165 0.281019 2.31005e-05
6 0.923063 0.56841 0.0856507 0.161636 2.31265e-05
6 0.617167 0.524145 0.0226177 0.0288397 2.31516e-05
6 0.994253 0.163649 0.0114943 0.0952381 2.32031e-05
5 0.548016 0.903756 0.903967 0.192488 2.32127e-05
5 0.130886 0.0415828 0.167594 0.0831657 2.32133e-05
6 0.71802 0.643528 0.0307749 0.0422535 2.32272e-05
6 0.193734 0.516767 0.0656285 0.0757881 2.32306e-05
6 0.527067 0.534876 0.0270671 0.036888 2.32843e-05
6 0.858732 0.0211268 0.0348535 0.0422535 2.32922e-05
5 0.35558 0.0399061 0.423433 0.0798122 2.33459e-05
6 0.675936 0.530852 0.0237301 0.0315225 2.34075e-05
6 0.662403 0.146881 0.0278087 0.0362173 2.34296e-05
6 0.253615 0.472837 0.0192807 0.0348759 2.34348e-05
5 0.716722 0.124748 0.133482 0.101945 2.34379e-05
6 0.619021 0.537559 0.149425 0.117371 2.35604e-05
5 0.192807 0.00972502 0.114201 0.01945 2.35976e-05
9 0.264924 1 0.06637 0 2.36109e-05
7 0.587319 0.68444 0.0452354 0.0959088 2.36206e-05
6 0.15647 0.339705 0.0608083 0.0757881 2.36492e-05
6 0.494438 0.555332 0.0226177 0.0375587 2.36681e-05
6 0.346125 0.0291751 0.054505 0.0583501 2.36781e-05
9 0.42881 0.987257 0.121246 0.0254863 2.37005e-05
6 0.606415 0.969484 0.0967742 0.0610329 2.37184e-05
6 0.505933 0.106304 0.0241009 0.0905433 2.37259e-05
9 0.368743 0.993628 0.0485725 0.0127431 2.3757e-05
6 0.392659 0.641851 0.0311457 0.045607 2.37936e-05
6 0.590471 0.0811536 0.0700779 0.0617036 2.38329e-05
7 0.481461 0.398055 0.0114943 0.0717639 2.38502e-05
6 0.59492 0.0073776 0.0300334 0.0147552 2.39001e-05
5 0.368558 0.933602 0.430108 0.0684105 2.39098e-05
6 0.820171 0.0117371 0.0148313 0.0234742 2.39117e-05
6 0.620319 0.573441 0.0215054 0.0402415 2.40184e-05
6 0.985169 0.0811536 0.0296626 0.105969 2.40908e-05
6 0.0921394 0.1167 0.0745273 0.0442656 2.4093e-05
6 0.716352 0.525151 0.0215054 0.0348759 2.41199e-05
5 0.317204 0.993964 0.358547 0.0120724 2.41939e-05
6 0.521876 0.52381 0.0307749 0.0724346 2.42006e-05
7 0.467927 0.368209 0.0563589 0.0912139 2.42149e-05
6 0.769003 0.547284 0.0252132 0.0402415 2.42265e-05
6 0.539118 0.655265 0.0318873 0.0630449 2.42333e-05
6 0.465517 0.582495 0.0181683 0.0382294 2.42337e-05
6 0.00852799 0.0992622 0.017056 0.136821 2.44505e-05
5 0.817204 0.978203 0.314423 0.0435949 2.44518e-05
6 0.988877 0.379276 0.0177976 0.107981 2.44644e-05
5 0.593066 0.300805 0.528365 0.274313 2.44653e-05
6 0.0190953 0.107981 0.0381906 0.0321932 2.45016e-05
6 0.442158 0.526492 0.0144605 0.028169 2.45181e-05
6 0.517427 0.546948 0.0226177 0.036888 2.45381e-05
6 0.505376 0.10228 0.0155729 0.0315225 2.46202e-05
6 0.462736 0.493293 0.0274379 0.0409121 2.46404e-05
6 0.601594 0.96613 0.0278087 0.0462777 2.47753e-05
9 0.641453 1 0.0689655 0 2.47882e-05
6 0.667223 0.992287 0.0574713 0.0154259 2.4835e-05
6 0.628105 0.0191147 0.0422692 0.0382294 2.4887e-05
6 0.466444 0.650905 0.034112 0.0744467 2.49289e-05
6 0.162032 0.302482 0.0956618 0.250838 2.49645e-05
6 0.435855 0.0395708 0.107156 0.0791415 2.50606e-05
6 0.220615 0.00570087 0.0348535 0.0114017 2.50794e-05
5 0.374119 0.173374 0.748239 0.346747 2.50798e-05
4 0.986466 0.804158 0.0196515 0.214621 2.51601e-05
6 0.532814 0.614353 0.278828 0.171697 2.51645e-05
6 0.523359 0.656606 0.0411568 0.0751174 2.52194e-05
4 0.983686 0.759222 0.0326288 0.335345 2.52258e-05
5 0.467557 0.0865191 0.116426 0.0791415 2.53058e-05
6 0.467742 0.515761 0.0129774 0.0442656 2.53451e-05
4 0.241194 0.879276 0.482388 0.237425 2.53801e-05
5 0.214498 0.07277 0.216166 0.14554 2.53904e-05
6 0.870782 0.45171 0.0478309 0.0811536 2.54384e-05
6 0.289396 0.458753 0.0129774 0.0335345 2.55126e-05
6 0.0407861 0.503689 0.0467186 0.103286 2.55663e-05
5 0.669818 0.957747 0.420096 0.084507 2.56426e-05
6 0.98591 0.0362173 0.0281795 0.0724346 2.56641e-05
6 0.994438 0.552314 0.0111235 0.150905 2.56856e-05
6 0.761772 0.468478 0.0300334 0.0556673 2.57201e-05
6 0.659993 0.142857 0.0155729 0.0201207 2.57429e-05
5 0.652577 0.036888 0.430849 0.073776 2.57446e-05
9 0.349092 0.992958 0.107898 0.0140845 2.5908e-05
5 0.639785 0.0794769 0.162773 0.0865191 2.6024e-05
6 0.678161 0.638498 0.0200222 0.0362173 2.60837e-05
6 0.529477 0.991616 0.0407861 0.0167673 2.61072e-05
6 0.00982573 0.0187793 0.0196515 0.0375587 2.6143e-05
6 0.451984 0.98055 0.034112 0.0389001 2.61915e-05
6 0.788283 0.0117371 0.0348535 0.0234742 2.62088e-05
6 0.626437 0.0144199 0.025584 0.0288397 2.62428e-05
6 0.372265 0.598256 0.0266963 0.0549966 2.62435e-05
6 0.843344 0.0140845 0.0389321 0.028169 2.63582e-05
6 0.233037 0.0100604 0.0433815 0.0201207 2.63696e-05
6 0.85558 0.358149 0.0678532 0.0938967 2.64591e-05
6 0.429551 0.50939 0.0152021 0.0355466 2.64604e-05
6 0.148128 0.94165 0.0901001 0.0965795 2.64633e-05
6 0.0129774 0.0251509 0.0259548 0.0503018 2.64785e-05
6 0.715981 0.552649 0.0355951 0.0442656 2.64786e-05
6 0.716908 0.991952 0.0559881 0.0160966 2.65147e-05
6 0.993882 0.49061 0.0122358 0.152247 2.65534e-05
5 0.266036 0.20389 0.15165 0.257545 2.65801e-05
6 0.455135 0.530852 0.0181683 0.0315225 2.6595e-05
9 0.309418 0.984239 0.0648869 0.0315225 2.66526e-05
5 0.129032 0.128437 0.143122 0.141516 2.66575e-05
6 0.510938 0.486251 0.0296626 0.0442656 2.68197e-05
6 0.920838 0.0352113 0.0396737 0.0449363 2.68516e-05
6 0.230997 0.563716 0.068224 0.0972502 2.6905e-05
6 0.702447 0.547954 0.0248424 0.0375587 2.69202e-05
9 0.152762 1 0.0615499 0 2.69515e-05
6 0.730812 0.581489 0.0304042 0.0389001 2.69564e-05
7 0.217278 0.245137 0.0155729 0.142857 2.6963e-05
6 0.28921 0.629779 0.0504264 0.0751174 2.70212e-05
6 0.991287 0.0251509 0.0100111 0.0503018 2.70261e-05
6 0.580089 0.983568 0.0530219 0.0328638 2.70387e-05
6 0.527252 0.518109 0.0237301 0.0462777 2.70401e-05
6 0.516129 0.528504 0.148313 0.0818243 2.70581e-05
5 0.723953 0.0331992 0.157582 0.0663984 2.70604e-05
6 0.959214 0.0757881 0.0533927 0.0751174 2.71254e-05
6 0.409529 0.487928 0.0114943 0.0409121 2.71493e-05
6 0.791991 0.992958 0.057842 0.0140845 2.72179e-05
5 0.885799 0.0171026 0.228402 0.0342052 2.72188e-05
6 0.489618 0.516097 0.0166852 0.0516432 2.72329e-05
6 0.964776 0.125419 0.0393029 0.0402415 2.73375e-05
6 0.449203 0.0157612 0.0241009 0.0301811 2.73959e-05
6 0.243604 0.615359 0.0192807 0.036888 2.74068e-05
6 0.464034 0.569081 0.120504 0.0704225 2.74444e-05
5 0.834075 0.0908786 0.33185 0.181757 2.75048e-05
6 0.178902 0.305164 0.0989989 0.139504 2.7581e-05
6 0.689841 0.639839 0.0218762 0.0389001 2.7611e-05
6 0.692251 0.992287 0.0541342 0.0154259 2.76182e-05
7 0.528921 0.365862 0.0456062 0.0744467 2.7738e-05
6 0.503337 0.555332 0.0233593 0.0402415 2.77723e-05
6 0.668335 0.640174 0.0329996 0.0462777 2.77844e-05
6 0.304783 0.544266 0.0200222 0.0355466 2.7801e-05
6 0.230256 0.615359 0.0185391 0.0355466 2.78299e-05
6 0.292547 0.525822 0.0192807 0.0321932 2.78509e-05
6 0.317204 0.539235 0.0211346 0.0389001 2.78838e-05
6 0.212644 0.00905433 0.0559881 0.0181087 2.792e-05
6 0.572673 0.027163 0.0411568 0.054326 2.79236e-05
6 0.762514 0.530852 0.100482 0.118712 2.79467e-05
6 0.648128 0.028169 0.0496848 0.056338 2.79539e-05
6 0.870597 0.0251509 0.0378198 0.0355466 2.80141e-05
4 0.0116796 0.757545 0.0233593 0.420523 2.80281e-05
6 0.867816 0.113682 0.0604375 0.0489604 2.81529e-05
6 0.163886 0.414152 0.0697071 0.122736 2.81977e-05
6 0.613459 0.0187793 0.0270671 0.0348759 2.83274e-05
6 0.513348 0.0620389 0.0604375 0.0811536 2.834e-05
6 0.498702 0.517103 0.017056 0.0576794 2.83973e-05
3 0.235261 0.517438 0.470523 0.965124 2.84031e-05
9 0.504079 0.992287 0.037449 0.0154259 2.841e-05
6 0.553949 0.493628 0.0126066 0.0603622 2.84671e-05
6 0.428254 0.524816 0.0163144 0.0261569 2.84839e-05
6 0.739896 0.0536553 0.0552466 0.0764588 2.85156e-05
6 0.766036 0.620389 0.31739 0.343394 2.85237e-05
5 0.844271 0.207243 0.131257 0.25218 2.86389e-05
6 0.321654 0.638162 0.020393 0.0395708 2.87016e-05
9 0.22729 1 0.068224 0 2.87499e-05
6 0.466073 0.531187 0.0133482 0.0362173 2.87575e-05
6 0.00889878 0.156606 0.0177976 0.160295 2.87666e-05
6 0.909344 0.0570087 0.0307749 0.0415828 2.87683e-05
6 0.81739 0.993628 0.059696 0.0127431 2.87779e-05
6 0.897108 0.449363 0.0493141 0.0831657 2.88499e-05
6 0.544308 0.573776 0.0207638 0.0409121 2.89061e-05
7 0.797924 0.243796 0.017056 0.109323 2.89104e-05
7 0.46904 0.697518 0.0526511 0.1556 2.89212e-05
6 0.492399 0.893025 0.0378198 0.0771294 2.90241e-05
6 0.341861 0.639504 0.0526511 0.0838364 2.90325e-05
6 0.36485 0.497317 0.0126066 0.0301811 2.90431e-05
6 0.601594 0.52884 0.0211346 0.0301811 2.9089e-05
4 0.804412 0.715292 0.391175 0.569417 2.9182e-05
6 0.587319 0.571429 0.0200222 0.0402415 2.91929e-05
5 0.520578 0.258216 0.0622914 0.17438 2.92136e-05
6 0.0537634 0.440309 0.0704486 0.231388 2.92439e-05
6 0.907675 0.119718 0.18465 0.129443 2.92917e-05
6 0.34835 0.109993 0.054505 0.0549966 2.93328e-05
6 0.990916 0.155936 0.0114943 0.0972502 2.93844e-05
6 0.588432 0.537894 0.102336 0.0724346 2.94042e-05
6 0.231554 0.00469484 0.0292918 0.00938967 2.94061e-05
6 0.416018 0.98055 0.0318873 0.0389001 2.94177e-05
9 0.038376 0.987592 0.0604375 0.0248156 2.95378e-05
6 0.995551 0.13615 0.00889878 0.0858484 2.95532e-05
6 0.604746 0.0134138 0.0444939 0.0268276 2.96433e-05
6 0.00389321 0.983903 0.00778643 0.0321932 2.96652e-05
6 0.131257 0.0861838 0.0519095 0.0918846 2.97209e-05
6 0.119763 0.96613 0.0926956 0.0677398 2.97462e-05
6 0.677419 0.0157612 0.0393029 0.0315225 2.97941e-05
5 0.102707 0.266264 0.0986281 0.190476 2.97953e-05
7 0.46941 0.393696 0.0326288 0.0818243 2.97964e-05
6 0.221172 0.0774648 0.0270671 0.0395708 2.98451e-05
6 0.0183537 0.0499665 0.0367075 0.0999329 2.98679e-05
6 0.378569 0.521797 0.0192807 0.028169 2.995e-05
6 0.246941 0.557009 0.0229885 0.0382294 2.9966e-05
6 0.0179829 0.0995976 0.0359659 0.0892019 2.99799e-05
5 0.666296 0.125755 0.134965 0.101274 3.00097e-05
6 0.385057 0.945674 0.0418984 0.0804829 3.00916e-05
6 0.654616 0.254863 0.179088 0.179745 3.01395e-05
6 0.589915 0.659289 0.0229885 0.0469484 3.01677e-05
6 0.380052 0.558015 0.0200222 0.0348759 3.02002e-05
9 0.334446 0.983568 0.0667408 0.0328638 3.02126e-05
7 0.223026 0.234071 0.0107527 0.107311 3.02514e-05
6 0.491843 0.0757881 0.0507972 0.0751174 3.02795e-05
6 0.289766 0.635144 0.020393 0.0375587 3.02842e-05
6 0.597887 0.018444 0.0337412 0.0342052 3.03091e-05
5 0.718762 0.0804829 0.149425 0.0912139 3.03624e-05
6 0.346125 0.487592 0.0181683 0.0321932 3.03687e-05
6 0.414349 0.523474 0.0159436 0.0288397 3.04015e-05
6 0.45254 0.598927 0.0211346 0.0389001 3.04311e-05
6 0.244902 0.920859 0.0745273 0.136821 3.05249e-05
6 0.54505 0.0181087 0.106785 0.0362173 3.05688e-05
6 0.768446 0.565392 0.211717 0.225352 3.05706e-05
6 0.362254 0.642186 0.0444939 0.0704225 3.05884e-05
6 0.769373 0.566063 0.0504264 0.0603622 3.0629e-05
6 0.00667408 0.0321932 0.00815721 0.0617036 3.07906e-05
6 0.0250278 0.381623 0.0500556 0.122066 3.08056e-05
6 0.37931 0.48994 0.0133482 0.0328638 3.09277e-05
6 0.992214 0.0120724 0.0155729 0.0241449 3.09419e-05
6 0.354097 0.661972 0.0207638 0.0429242 3.09792e-05
6 0.278828 0.574111 0.0155729 0.0308518 3.09792e-05
6 0.654987 0.932596 0.0470894 0.134809 3.1049e-05
6 0.379867 0.638498 0.0174268 0.0335345 3.1077e-05
6 0.00889878 0.191147 0.0155729 0.0778001 3.10917e-05
7 0.497961 0.387324 0.0222469 0.153588 3.11303e-05
6 0.615499 0.490946 0.0504264 0.0523139 3.11632e-05
6 0.0300334 0.10664 0.0474601 0.084507 3.12041e-05
6 0.389507 0.0248156 0.0463478 0.0496311 3.12188e-05
7 0.480905 0.379946 0.0177976 0.113347 3.13279e-05
6 0.418242 0.954058 0.0326288 0.0918846 3.13747e-05
6 0.737857 0.0321932 0.0259548 0.045607 3.14629e-05
6 0.894883 0.101945 0.0433815 0.0362173 3.14736e-05
6 0.508899 0.969148 0.0582128 0.0617036 3.17015e-05
6 0.920838 0.491952 0.0567297 0.15493 3.1732e-05
6 0.947164 0.47552 0.0671116 0.162307 3.18063e-05
6 0.71802 0.501341 0.0634038 0.0704225 3.19199e-05
5 0.690397 0.134474 0.240267 0.149564 3.19627e-05
7 0.290137 0.425889 0.0522803 0.101945 3.22773e-05
6 0.575454 0.115694 0.0200222 0.0181087 3.24693e-05
6 0.908973 0.494299 0.0537634 0.0885312 3.24821e-05
6 0.707267 0.643192 0.192436 0.197183 3.25679e-05
6 0.880793 0.0885312 0.0448647 0.0321932 3.261e-05
6 0.342232 0.511402 0.0266963 0.0435949 3.26515e-05
6 0.122358 0.909792 0.0986281 0.10664 3.26547e-05
5 0.125881 0.0734406 0.251761 0.146881 3.28128e-05
9 0.965517 0.948357 0.0533927 0.103286 3.28399e-05
9 0.417316 0.992287 0.0478309 0.0154259 3.28478e-05
6 0.535966 0.104628 0.0574713 0.0496311 3.29025e-05
2 0.684464 0.394031 0.232851 0.15493 3.30273e-05
6 0.557471 0.536217 0.0211346 0.0301811 3.30333e-05
6 0.506674 0.534876 0.0218762 0.0435949 3.32006e-05
6 0.345755 0.932596 0.0559881 0.0999329 3.32408e-05
9 0.456248 0.991952 0.0522803 0.0160966 3.32426e-05
5 0.271413 0.00972502 0.101594 0.01945 3.3311e-05
9 0.479792 0.991952 0.0355951 0.0160966 3.33761e-05
6 0.94568 0.0462777 0.0863923 0.0925553 3.34266e-05
6 0.506303 0.517103 0.0233593 0.0509725 3.35281e-05
6 0.48591 0.490946 0.0248424 0.045607 3.35556e-05
9 0.678161 1 0.0667408 0 3.35576e-05
6 0.511309 0.0328638 0.051168 0.0657277 3.35661e-05
6 0.921023 0.102951 0.126066 0.0731053 3.35998e-05
6 0.40749 0.617706 0.0192807 0.0348759 3.36333e-05
6 0.436967 0.580148 0.0493141 0.056338 3.37146e-05
9 0.145532 0.00704225 0.059696 0.0140845 3.37345e-05
6 0.0583982 0.538229 0.0671116 0.236754 3.38601e-05
5 0.736003 0.0583501 0.212829 0.1167 3.38659e-05
6 0.357249 0.0073776 0.0418984 0.0147552 3.38671e-05
6 0.00611791 0.0828303 0.0122358 0.0717639 3.38773e-05
6 0.26993 0.634474 0.0177976 0.0375587 3.39088e-05
7 0.520578 0.380282 0.0163144 0.130114 3.39986e-05
9 0.197998 0.99061 0.106044 0.0187793 3.40108e-05
6 0.684835 0.641851 0.0719318 0.0858484 3.40987e-05
6 0.465888 0.54896 0.0166852 0.0342052 3.41861e-05
6 0.348906 0.534876 0.0222469 0.0382294 3.41955e-05
6 0.441973 0.95674 0.0348535 0.0865191 3.42605e-05
6 0.509084 0.0264923 0.0185391 0.0422535 3.42675e-05
6 0.304227 0.615023 0.0329996 0.0469484 3.42766e-05
9 0.885243 0.00435949 0.0389321 0.00871898 3.43081e-05
6 0.140341 0.0851777 0.0189099 0.0308518 3.44166e-05
9 0.714683 1 0.0723026 0 3.44321e-05
6 0.366148 0.56271 0.0263255 0.0402415 3.44377e-05
6 0.265109 0.532193 0.0926956 0.0999329 3.45357e-05
6 0.2297 0.0724346 0.0270671 0.0362173 3.47232e-05
9 0.58046 0.990946 0.0604375 0.0181087 3.48344e-05
6 0.542269 0.521462 0.0174268 0.0449363 3.49061e-05
5 0.572488 0.0258216 0.129774 0.0516432 3.4979e-05
5 0.800704 0.255869 0.0300334 0.204561 3.50018e-05
6 0.730812 0.483903 0.057842 0.0851777 3.50853e-05
4 0.484613 0.669014 0.173526 0.160295 3.51036e-05
6 0.721913 0.57277 0.0207638 0.0348759 3.53053e-05
6 0.11865 0.110329 0.0786059 0.0637156 3.53186e-05
6 0.903597 0.0154259 0.0548758 0.0308518 3.53825e-05
6 0.577308 0.960094 0.0333704 0.0798122 3.54694e-05
6 0.404524 0.622401 0.0385614 0.056338 3.57507e-05
6 0.740823 0.0331992 0.0333704 0.0663984 3.57902e-05
6 0.679644 0.551308 0.0326288 0.0429242 3.58854e-05
6 0.414905 0.559356 0.0185391 0.0348759 3.60143e-05
7 0.299221 0.403421 0.0363367 0.0851777 3.6126e-05
6 0.530404 0.215962 0.0448647 0.111335 3.61281e-05
6 0.775677 0.0700872 0.0689655 0.0757881 3.61677e-05
6 0.93363 0.14118 0.057842 0.0462777 3.62872e-05
6 0.520578 0.10664 0.0252132 0.0898726 3.63059e-05
5 0.493326 0.113682 0.198369 0.110664 3.63586e-05
6 0.895069 0.355466 0.0600667 0.179745 3.63814e-05
9 0.480534 0.979879 0.0422692 0.0402415 3.6431e-05
5 0.79848 0.353789 0.40304 0.696848 3.64419e-05
6 0.504449 0.0238095 0.101965 0.047619 3.64541e-05
6 0.8769 0.101945 0.0489433 0.0375587 3.65413e-05
6 0.991287 0.126425 0.0152021 0.180416 3.67101e-05
6 0.991287 0.00871898 0.0129774 0.017438 3.68226e-05
6 0.373563 0.00637156 0.0396737 0.0127431 3.71817e-05
6 0.70356 0.52884 0.0218762 0.0315225 3.7187e-05
6 0.441602 0.559356 0.017056 0.0362173 3.73627e-05
6 0.715054 0.531187 0.0989989 0.0925553 3.73719e-05
6 0.943641 0.0362173 0.0600667 0.0523139 3.74623e-05
6 0.693178 0.548625 0.0233593 0.0389001 3.75382e-05
6 0.695588 0.485915 0.0771227 0.0731053 3.75695e-05
6 0.28921 0.485915 0.0148313 0.0328638 3.76374e-05
5 0.225436 0.100604 0.097145 0.131455 3.76946e-05
6 0.939006 0.0593561 0.0708194 0.0717639 3.77249e-05
9 0.0456062 0.0211268 0.0912125 0.0422535 3.77594e-05
6 0.454394 0.55332 0.020393 0.0362173 3.78025e-05
6 0.616055 0.618377 0.0263255 0.0415828 3.78129e-05
6 0.269373 0.507042 0.0196515 0.0335345 3.78183e-05
6 0.572859 0.117036 0.0867631 0.0744467 3.78543e-05
6 0.344457 0.625755 0.0296626 0.0536553 3.78647e-05
6 0.709863 0.578135 0.0241009 0.0389001 3.79221e-05
6 0.996107 0.95104 0.00778643 0.0898726 3.79644e-05
9 0.915647 0.991616 0.06637 0.0167673 3.79762e-05
6 0.319429 0.506372 0.0211346 0.0335345 3.80138e-05
6 0.86967 0.382294 0.0559881 0.0885312 3.8026e-05
9 0.75102 1 0.0708194 0 3.81625e-05
6 0.461809 0.0144199 0.108639 0.0288397 3.82805e-05
9 0.190211 1 0.0652577 0 3.83141e-05
6 0.738413 0.930248 0.0952911 0.139504 3.84006e-05
6 0.906748 0.379946 0.0582128 0.102616 3.84644e-05
4 0.51891 0.759893 0.671487 0.261569 3.84963e-05
6 0.909344 0.119718 0.0300334 0.0395708 3.862e-05
6 0.756211 0.588531 0.0285502 0.0395708 3.86682e-05
5 0.842417 0.24715 0.239525 0.256875 3.87011e-05
6 0.437523 0.648223 0.0333704 0.0744467 3.87327e-05
6 0.365777 0.618042 0.0211346 0.0315225 3.87331e-05
6 0.441416 0.500671 0.0367075 0.0435949 3.92086e-05
5 0.244531 0.104963 0.489062 0.209926 3.92585e-05
7 0.389878 0.400067 0.00926956 0.113347 3.9337e-05
6 0.653133 0.633467 0.0241009 0.0409121 3.94058e-05
6 0.67779 0.5389 0.167594 0.137492 3.94615e-05
6 0.428254 0.980885 0.0304042 0.0382294 3.96422e-05
6 0.371709 0.0382294 0.059696 0.0764588 3.9752e-05
6 0.542084 0.54829 0.0222469 0.0342052 3.99684e-05
7 0.354283 0.415828 0.105673 0.132797 4.00674e-05
6 0.519651 0.10161 0.0166852 0.0315225 4.01391e-05
6 0.520208 0.0268276 0.0266963 0.0469484 4.01742e-05
6 0.037449 0.263246 0.074898 0.212609 4.02067e-05
6 0.70634 0.947015 0.0593252 0.105969 4.03577e-05
5 0.223582 0.0606975 0.149055 0.0985916 4.05402e-05
6 0.538932 0.488598 0.0315165 0.0422535 4.06219e-05
0 0.993882 0.910127 0.0122358 0.179745 4.08654e-05
6 0.261772 0.569081 0.0615499 0.0798122 4.08708e-05
9 0.389321 0.992287 0.106785 0.0154259 4.10619e-05
6 0.400445 0.01945 0.0430108 0.0389001 4.11271e-05
6 0.680571 0.619383 0.025584 0.0435949 4.11353e-05
5 0.513348 0.0399061 0.138302 0.0798122 4.11369e-05
5 0.290693 0.0949027 0.188357 0.121395 4.12351e-05
4 0.292918 0.779343 0.585836 0.441315 4.12618e-05
6 0.907675 0.93226 0.091954 0.0938967 4.14895e-05
6 0.00889878 0.00402414 0.0148313 0.00804829 4.15037e-05
8 0.0350389 0.959088 0.0700779 0.0818243 4.17604e-05
5 0.0960326 0.167337 0.158695 0.25285 4.18236e-05
6 0.930664 0.0788062 0.0215054 0.0462777 4.18433e-05
6 0.35558 0.0164319 0.0467186 0.0328638 4.19037e-05
6 0.852058 0.0674044 0.0363367 0.0328638 4.1913e-05
6 0.245643 0.599933 0.0396737 0.0596915 4.19685e-05
6 0.641083 0.551979 0.0304042 0.0389001 4.21171e-05
9 0.989618 0.969148 0.0207638 0.0617036 4.21942e-05
6 0.745643 0.588196 0.0207638 0.0362173 4.22924e-05
6 0.213941 0.247485 0.0355951 0.209256 4.24253e-05
7 0.387468 0.39839 0.0207638 0.0925553 4.25522e-05
6 0.00723026 0.0144199 0.0100111 0.0288397 4.25732e-05
6 0.527809 0.106304 0.0218762 0.0744467 4.27135e-05
6 0.657026 0.489269 0.0593252 0.0556673 4.28333e-05
6 0.734149 0.0305164 0.0667408 0.0610329 4.28762e-05
5 0.0808306 0.0338699 0.161661 0.0677398 4.29232e-05
9 0.974972 0.987257 0.0500556 0.0254863 4.29785e-05
6 0.90026 0.0788062 0.114201 0.0637156 4.29806e-05
6 0.0952911 0.269953 0.0489433 0.102616 4.3128e-05
2 0.870226 0.330651 0.192807 0.240107 4.31602e-05
9 0.555061 0.991616 0.0593252 0.0167673 4.32318e-05
5 0.732666 0.320926 0.534668 0.641851 4.34219e-05
6 0.570263 0.973843 0.0430108 0.045607 4.34771e-05
9 0.386541 0.978873 0.0812013 0.0422535 4.35748e-05
6 0.494624 0.964789 0.0571005 0.0583501 4.37908e-05
6 0.661476 0.0100604 0.0385614 0.0201207 4.39991e-05
6 0.131813 0.0127431 0.0515387 0.0254863 4.41973e-05
6 0.278272 0.558685 0.0181683 0.028169 4.42326e-05
6 0.364664 0.508384 0.0159436 0.0295104 4.42341e-05
6 0.44568 0.0841717 0.0585836 0.0623742 4.42864e-05
6 0.984613 0.265594 0.0307749 0.182428 4.44254e-05
6 0.614757 0.617371 0.0571005 0.0704225 4.48503e-05
6 0.929922 0.177062 0.140156 0.151576 4.49915e-05
6 0.00815721 0.0580148 0.0111235 0.0851777 4.51326e-05
6 0.986652 0.131791 0.0266963 0.114688 4.51759e-05
6 0.463293 0.95607 0.04264 0.0449363 4.52228e-05
6 0.778828 0.575453 0.0233593 0.0375587 4.52539e-05
6 0.793289 0.0422535 0.0960326 0.0778001 4.52953e-05
6 0.525399 0.982227 0.0637746 0.0355466 4.52991e-05
6 0.39099 0.561368 0.0189099 0.0348759 4.53299e-05
6 0.384131 0.502012 0.0281795 0.0328638 4.53865e-05
6 0.34112 0.526492 0.0207638 0.0362173 4.55227e-05
7 0.531516 0.399396 0.0307749 0.0959088 4.55436e-05
2 0.292176 0.362173 0.461253 0.2334 4.55795e-05
6 0.464961 0.978873 0.0593252 0.0422535 4.5593e-05
6 0.145717 0.411469 0.0860215 0.246144 4.56314e-05
5 0.284575 0.930919 0.559511 0.138162 4.57416e-05
6 0.871895 0.332663 0.0737857 0.207914 4.59691e-05
6 0.413052 0.607311 0.219503 0.141516 4.60967e-05
5 0.73452 0.0224681 0.16092 0.0449363 4.63353e-05
6 0.378013 0.622736 0.0189099 0.0301811 4.64929e-05
6 0.664627 0.537894 0.0760104 0.0576794 4.65953e-05
6 0.922692 0.422871 0.0559881 0.15493 4.69757e-05
6 0.250463 0.51006 0.208009 0.264923 4.69905e-05
6 0.743975 0.563716 0.020393 0.0355466 4.71031e-05
6 0.555988 0.978538 0.0671116 0.0429242 4.71863e-05
5 0.579533 0.047619 0.222469 0.0952381 4.74201e-05
6 0.338339 0.52448 0.0960326 0.0764588 4.74767e-05
6 0.493141 0.927901 0.051168 0.0771294 4.75857e-05
6 0.856693 0.0127431 0.0381906 0.0254863 4.78518e-05
6 0.567482 0.619718 0.020393 0.0402415 4.78741e-05
6 0.714498 0.575453 0.0519095 0.0684105 4.79851e-05
6 0.0215054 0.146211 0.0430108 0.0885312 4.80018e-05
9 0.861698 1 0.0726733 0 4.80105e-05
6 0.67779 0.592891 0.340378 0.217304 4.81475e-05
6 0.353912 0.521462 0.0211346 0.0315225 4.84596e-05
6 0.306452 0.523139 0.0248424 0.0335345 4.84797e-05
6 0.35317 0.618712 0.020393 0.0342052 4.85301e-05
6 0.0411568 0.133803 0.0823137 0.172368 4.85414e-05
6 0.0337412 0.415828 0.0370782 0.118042 4.85457e-05
6 0.642566 0.530181 0.0229885 0.0288397 4.86729e-05
6 0.292918 0.591549 0.0177976 0.0402415 4.86837e-05
6 0.341491 0.637827 0.0192807 0.0389001 4.88525e-05
5 0.218762 0.127767 0.057842 0.150905 4.88705e-05
6 0.0647015 0.162978 0.0456062 0.0295104 4.8906e-05
6 0.267149 0.491952 0.0226177 0.0342052 4.90414e-05
7 0.21561 0.18947 0.0270671 0.146881 4.91036e-05
9 0.789581 1 0.0693363 0 4.91647e-05
6 0.529106 0.546278 0.0222469 0.0328638 4.93466e-05
5 0.667594 0.97619 0.286615 0.047619 4.93736e-05
6 0.727475 0.55332 0.0548758 0.0657277 4.9386e-05
6 0.429922 0.559021 0.0181683 0.0342052 4.9451e-05
6 0.0350389 0.0147552 0.0700779 0.0295104 4.95088e-05
6 0.398591 0.0144199 0.0266963 0.0288397 4.95124e-05
6 0.426214 0.964118 0.0285502 0.0489604 4.96729e-05
6 0.231739 0.516097 0.0400445 0.0516432 4.96844e-05
6 0.403967 0.559691 0.0196515 0.0355466 4.97256e-05
6 0.873563 0.0177733 0.0867631 0.0355466 4.98191e-05
6 0.605673 0.947686 0.037449 0.0778001 4.99223e-05
6 0.365406 0.637492 0.0189099 0.0355466 5.0138e-05
6 0.66815 0.949363 0.0541342 0.0865191 5.04469e-05
5 0.188172 0.986586 0.319244 0.0268276 5.04936e-05
5 0.380052 0.984574 0.418984 0.0308518 5.06119e-05
5 0.292918 0.056338 0.188357 0.112676 5.07903e-05
2 0.298665 0.372904 0.166481 0.170355 5.09157e-05
5 0.890619 0.132126 0.211346 0.264252 5.1113e-05
6 0.232851 0.589537 0.0163144 0.045607 5.12092e-05
6 0.222099 0.942991 0.0585836 0.114017 5.12528e-05
6 0.573786 0.0103957 0.0278087 0.0207914 5.13704e-05
5 0.212829 0.0187793 0.182425 0.0375587 5.1708e-05
6 0.390619 0.0110664 0.0485725 0.0221328 5.20186e-05
6 0.329255 0.535882 0.0318873 0.0469484 5.20279e-05
6 0.00908417 0.0962441 0.0144605 0.0717639 5.20733e-05
6 0.617538 0.55835 0.0315165 0.0409121 5.21287e-05
6 0.884501 0.534205 0.150167 0.294433 5.22911e-05
2 0.74657 0.481221 0.506859 0.492958 5.23317e-05
5 0.881535 0.909457 0.210975 0.138162 5.25079e-05
6 0.7703 0.48994 0.0322581 0.0462777 5.25865e-05
5 0.257323 0.201543 0.0726733 0.307847 5.26452e-05
9 0.826103 1 0.0704486 0 5.29033e-05
6 0.574342 0.108652 0.0215054 0.0201207 5.2923e-05
9 0.929366 1 0.0782351 0 5.30262e-05
6 0.883574 0.400067 0.0467186 0.125419 5.33853e-05
6 0.326474 0.491616 0.0196515 0.0321932 5.36491e-05
6 0.395996 0.596915 0.0215054 0.0429242 5.38354e-05
6 0.390063 0.00603622 0.0318873 0.0120724 5.39338e-05
6 0.563589 0.109323 0.0266963 0.0684105 5.3959e-05
6 0.353912 0.639504 0.020393 0.036888 5.43825e-05
6 0.340934 0.558685 0.0226177 0.0415828 5.43898e-05
6 0.553949 0.54829 0.0215054 0.0342052 5.45856e-05
5 0.888024 0.0818243 0.223953 0.0965795 5.4599e-05
6 0.352985 0.563716 0.0274379 0.0409121 5.47123e-05
6 0.0489433 0.148558 0.0726733 0.0757881 5.48888e-05
6 0.327586 0.617706 0.0871339 0.0818243 5.50157e-05
6 0.951798 0.0248156 0.0904709 0.0496311 5.50824e-05
9 0.392288 0.991281 0.0504264 0.017438 5.52043e-05
7 0.563589 0.678068 0.0393029 0.105969 5.5461e-05
6 0.95495 0.279678 0.0723026 0.183769 5.63937e-05
5 0.775491 0.124748 0.449017 0.249497 5.64072e-05
6 0.769188 0.502347 0.020393 0.0362173 5.68719e-05
6 0.219689 0.101274 0.0278087 0.0536553 5.7233e-05
6 0.0517241 0.132126 0.059696 0.0308518 5.73487e-05
4 0.856878 0.780349 0.286244 0.365526 5.74322e-05
6 0.767149 0.526828 0.0437523 0.0449363 5.74684e-05
6 0.712644 0.61603 0.0355951 0.0449363 5.76192e-05
6 0.373007 0.0164319 0.0452354 0.0315225 5.783e-05
3 0.125324 0.428907 0.250649 0.857814 5.78378e-05
6 0.255654 0.485245 0.0515387 0.0798122 5.78855e-05
6 0.527067 0.10228 0.0166852 0.0274983 5.80581e-05
6 0.282536 0.928571 0.0912125 0.142857 5.81044e-05
6 0.577308 0.0154259 0.0452354 0.0308518 5.81225e-05
6 0.377642 0.508719 0.0174268 0.0315225 5.82479e-05
6 0.329811 0.559021 0.0278087 0.047619 5.82651e-05
6 0.908417 0.426224 0.0519095 0.0851777 5.8581e-05
6 0.366333 0.520456 0.0185391 0.0308518 5.87319e-05
6 0.439377 0.977867 0.0637746 0.0442656 5.87331e-05
5 0.203189 0.32495 0.406377 0.440644 5.88975e-05
5 0.296255 0.211938 0.59251 0.366197 5.89132e-05
7 0.483129 0.687793 0.0415276 0.124078 5.89643e-05
6 0.908973 0.0875252 0.0322581 0.0355466 5.91752e-05
6 0.406007 0.527498 0.0296626 0.0382294 5.92043e-05
6 0.406563 0.585513 0.0530219 0.0617036 5.94368e-05
6 0.630145 0.559356 0.0352243 0.0429242 5.96544e-05
6 0.439006 0.948021 0.0667408 0.103957 5.97755e-05
6 0.589359 0.514755 0.0359659 0.0422535 5.99897e-05
6 0.299036 0.528504 0.0819429 0.0858484 6.00359e-05
0 0.00889878 0.857143 0.0111235 0.285714 6.04143e-05
6 0.409344 0.502347 0.028921 0.0402415 6.08707e-05
6 0.435669 0.955064 0.0556174 0.0482897 6.08774e-05
7 0.29125 0.388665 0.0774935 0.122736 6.11256e-05
6 0.741379 0.0171026 0.0233593 0.0342052 6.12161e-05
9 0.984427 1 0.0311457 0 6.15025e-05
5 0.159622 0.256539 0.16129 0.217975 6.15947e-05
6 0.387468 0.527163 0.0385614 0.0389001 6.18501e-05
6 0.0296626 0.104292 0.0370782 0.0435949 6.20066e-05
6 0.415647 0.599262 0.0163144 0.0395708 6.23225e-05
6 0.295699 0.507713 0.020393 0.0362173 6.26448e-05
9 0.605302 0.990946 0.0634038 0.0181087 6.26655e-05
6 0.921023 0.103957 0.0719318 0.0536553 6.27352e-05
9 0.0897293 0.991616 0.0837968 0.0167673 6.31408e-05
9 0.629403 0.985245 0.0737857 0.0295104 6.34718e-05
6 0.393956 0.628773 0.0211346 0.0395708 6.3809e-05
5 0.0828699 0.102951 0.16574 0.0999329 6.42482e-05
6 0.592696 0.583501 0.0285502 0.0389001 6.4273e-05
6 0.551168 0.49061 0.0107527 0.0395708 6.44268e-05
6 0.00760104 0.92723 0.0100111 0.14554 6.48042e-05
6 0.552836 0.578806 0.0207638 0.0375587 6.48455e-05
7 0.217464 0.234071 0.0100111 0.0925553 6.50796e-05
6 0.645347 0.0154259 0.0500556 0.0308518 6.51514e-05
6 0.296626 0.599933 0.0215054 0.0328638 6.60634e-05
6 0.591769 0.55332 0.0318873 0.0402415 6.62702e-05
5 0.89099 0.00972502 0.160178 0.01945 6.65594e-05
6 0.589915 0.526157 0.0266963 0.0315225 6.65797e-05
6 0.0400445 0.125755 0.0734149 0.0704225 6.68371e-05
6 0.862996 0.0898726 0.105673 0.0684105 6.69488e-05
6 0.99036 0.960094 0.0140897 0.0798122 6.74455e-05
6 0.477568 0.574111 0.0585836 0.0590208 6.76983e-05
6 0.378383 0.514085 0.0292918 0.0328638 6.77611e-05
6 0.6637 0.52951 0.0215054 0.0301811 6.7872e-05
5 0.0747126 0.0130785 0.149425 0.0261569 6.80559e-05
6 0.62106 0.591549 0.181683 0.146211 6.80832e-05
6 0.715795 0.531858 0.0433815 0.0469484 6.81365e-05
6 0.85762 0.0892019 0.0444939 0.0818243 6.81572e-05
6 0.56155 0.115359 0.0174268 0.0228035 6.82775e-05
6 0.956433 0.124413 0.0530219 0.0838364 6.9113e-05
6 0.303115 0.617036 0.020393 0.0335345 6.92536e-05
6 0.65647 0.628437 0.0819429 0.0979209 6.92816e-05
6 0.497405 0.982227 0.0604375 0.0355466 6.93002e-05
6 0.263812 0.600268 0.0189099 0.0321932 6.94993e-05
2 0.100853 0.373239 0.0815721 0.267606 6.95692e-05
6 0.301075 0.493628 0.0177976 0.0348759 6.96996e-05
6 0.00926956 0.952716 0.0103819 0.0798122 6.97578e-05
6 0.390063 0.577129 0.114943 0.0771294 7.01848e-05
5 0.91231 0.0503018 0.17538 0.100604 7.02791e-05
6 0.004264 0.963447 0.00852799 0.0731053 7.02891e-05
6 0.662403 0.0207914 0.0611791 0.0415828 7.04741e-05
6 0.437709 0.533199 0.0292918 0.0335345 7.06959e-05
6 0.153875 0.516097 0.106044 0.157612 7.09189e-05
6 0.0524657 0.152918 0.0619207 0.0348759 7.11129e-05
6 0.580831 0.552314 0.0641453 0.054326 7.15846e-05
5 0.17538 0.220657 0.35076 0.441315 7.17091e-05
6 0.902299 0.952381 0.133852 0.0952381 7.21415e-05
6 0.13274 0.0888665 0.0489433 0.036888 7.21444e-05
2 0.168521 0.401073 0.279199 0.379611 7.26292e-05
6 0.151835 0.328974 0.0960326 0.130785 7.27229e-05
5 0.734334 0.218981 0.531331 0.437961 7.27419e-05
6 0.755284 0.56338 0.0229885 0.0362173 7.28419e-05
6 0.57842 0.579477 0.0207638 0.0375587 7.28859e-05
6 0.948461 0.375587 0.0689655 0.24279 7.29051e-05
6 0.357249 0.509054 0.0189099 0.0321932 7.29398e-05
6 0.604375 0.55835 0.0311457 0.0395708 7.31541e-05
6 0.432888 0.553655 0.0485725 0.0583501 7.31716e-05
5 0.549685 0.962106 0.694475 0.0757881 7.34246e-05
6 0.376159 0.0228035 0.0648869 0.045607 7.41545e-05
5 0.847794 0.0482897 0.304412 0.0965795 7.43383e-05
6 0.579533 0.520791 0.0266963 0.054326 7.43501e-05
6 0.566741 0.580483 0.0241009 0.0395708 7.44097e-05
6 0.340934 0.620389 0.0196515 0.0362173 7.51504e-05
6 0.49036 0.650905 0.0433815 0.107981 7.54383e-05
2 0.146644 0.376928 0.163515 0.273642 7.55456e-05
5 0.853356 0.0224681 0.174638 0.0449363 7.56309e-05
9 0.529663 0.991952 0.0589544 0.0160966 7.57751e-05
6 0.987208 0.193494 0.025584 0.129443 7.57838e-05
6 0.406377 0.536553 0.0452354 0.0469484 7.61051e-05
9 0.901743 1 0.0689655 0 7.61372e-05
5 0.311272 0.255869 0.152392 0.183099 7.62002e-05
6 0.600667 0.612676 0.102336 0.0892019 7.65002e-05
6 0.248053 0.521127 0.0304042 0.0362173 7.65279e-05
2 0.38617 0.379276 0.337783 0.13615 7.66516e-05
9 0.505191 0.992287 0.0552466 0.0154259 7.75394e-05
5 0.139229 0.0231388 0.173155 0.0462777 7.7605e-05
7 0.791806 0.241449 0.0174268 0.134138 7.78867e-05
6 0.36485 0.529175 0.034112 0.0375587 7.81752e-05
6 0.216908 0.118042 0.0415276 0.0925553 7.86818e-05
5 0.563218 0.00804829 0.229143 0.0160966 7.88458e-05
8 0.93604 0.988263 0.11828 0.0234742 7.8896e-05
6 0.654245 0.547284 0.0300334 0.0362173 7.91419e-05
6 0.397664 0.643863 0.0634038 0.073776 7.92171e-05
9 0.480905 0.992622 0.0526511 0.0147552 7.92202e-05
6 0.453096 0.581154 0.0200222 0.0355466 7.94961e-05
6 0.100667 0.950034 0.0915832 0.0999329 7.95686e-05
5 0.51205 0.0720993 0.16611 0.107981 7.96499e-05
5 0.240267 0.0808182 0.480534 0.161636 7.9763e-05
6 0.553393 0.511066 0.0181683 0.0415828 8.00715e-05
4 0.214498 0.702213 0.428995 0.445339 8.08827e-05
6 0.59974 0.637827 0.020393 0.0389001 8.12693e-05
6 0.790693 0.0784708 0.0552466 0.156942 8.13547e-05
6 0.332963 0.488598 0.0207638 0.0342052 8.16956e-05
5 0.193363 0.915493 0.386726 0.12609 8.18265e-05
6 0.747868 0.502347 0.0474601 0.0536553 8.23904e-05
9 0.965888 0.992622 0.0526511 0.0147552 8.29346e-05
5 0.8033 0.893696 0.3934 0.161636 8.29448e-05
3 0.916759 0.6167 0.166481 0.707579 8.33771e-05
6 0.622729 0.556338 0.0619207 0.0556673 8.34304e-05
6 0.265295 0.535547 0.0396737 0.0409121 8.40373e-05
5 0.752503 0.22334 0.0752688 0.33937 8.42692e-05
6 0.562662 0.107311 0.0181683 0.0214621 8.44135e-05
6 0.580089 0.622401 0.0196515 0.0415828 8.45165e-05
6 0.439192 0.66063 0.0604375 0.0885312 8.58136e-05
6 0.757694 0.494299 0.0241009 0.0348759 8.7018e-05
5 0.88617 0.960765 0.22766 0.0784708 8.77622e-05
6 0.554505 0.526492 0.0211346 0.0308518 8.82386e-05
4 0.5 0.86452 0.873192 0.270959 8.82842e-05
6 0.279199 0.605969 0.0177976 0.0261569 8.95691e-05
2 0.872636 0.391683 0.254727 0.481556 8.98488e-05
6 0.319614 0.613011 0.0222469 0.0415828 9.05394e-05
6 0.427327 0.596579 0.0189099 0.0342052 9.08336e-05
5 0.471821 0.963783 0.52614 0.0724346 9.09846e-05
6 0.0932518 0.129108 0.0500556 0.0342052 9.15017e-05
6 0.659251 0.629443 0.0407861 0.0583501 9.15843e-05
6 0.290323 0.632126 0.330738 0.259557 9.20476e-05
6 0.88135 0.355801 0.0719318 0.110664 9.27294e-05
6 0.689841 0.535882 0.0456062 0.0402415 9.27976e-05
6 0.714127 0.588196 0.0363367 0.0415828 9.32755e-05
6 0.250649 0.513414 0.0571005 0.0663984 9.34213e-05
5 0.369114 0.975184 0.322951 0.0496311 9.35474e-05
6 0.885614 0.0244802 0.0500556 0.0489604 9.40178e-05
7 0.0943641 0.317907 0.0552466 0.171697 9.41734e-05
7 0.386726 0.404091 0.00964034 0.0838364 9.45197e-05
6 0.693363 0.552314 0.0548758 0.0556673 9.47878e-05
6 0.360771 0.579477 0.0192807 0.0335345 9.50942e-05
6 0.764924 0.566398 0.0244716 0.0355466 9.51611e-05
6 0.776233 0.92723 0.0997405 0.144199 9.54133e-05
6 0.375788 0.586854 0.0515387 0.0710932 9.54318e-05
6 0.561921 0.496647 0.0248424 0.0422535 9.54929e-05
6 0.263997 0.562039 0.0185391 0.0268276 9.60861e-05
6 0.292362 0.571764 0.0189099 0.0288397 9.69073e-05
6 0.333519 0.501677 0.0322581 0.0321932 9.72207e-05
6 0.267519 0.605634 0.0404153 0.056338 9.74792e-05
6 0.464776 0.530516 0.0285502 0.0335345 9.75987e-05
6 0.605488 0.642186 0.0318873 0.0596915 9.76403e-05
6 0.245273 0.503689 0.0189099 0.0375587 9.78942e-05
6 0.31739 0.559356 0.0304042 0.0442656 9.80081e-05
6 0.256396 0.616365 0.0189099 0.0335345 9.82905e-05
6 0.994438 0.0593561 0.0111235 0.118712 9.89683e-05
6 0.3363 0.52381 0.0422692 0.0415828 9.91163e-05
6 0.683352 0.58719 0.0259548 0.0382294 9.92077e-05
2 0.380052 0.422871 0.467186 0.221999 9.9446e-05
6 0.94531 0.10664 0.0381906 0.0389001 9.94936e-05
5 0.733778 0.246144 0.180942 0.234742 0.000101751
6 0.514461 0.568075 0.147201 0.0778001 0.000101891
6 0.41472 0.601274 0.0344828 0.0449363 0.000102124
6 0.66092 0.559021 0.0507972 0.0556673 0.000104865
6 0.366333 0.586854 0.0266963 0.0321932 0.000104879
6 0.261772 0.572435 0.0177976 0.0301811 0.00010501
6 0.612347 0.535547 0.0456062 0.0409121 0.000105567
6 0.294587 0.55835 0.0189099 0.0315225 0.00010608
6 0.683723 0.595238 0.0519095 0.0610329 0.000106395
6 0.577864 0.601945 0.0196515 0.036888 0.000106812
6 0.986837 0.0992622 0.0241009 0.105969 0.00010761
5 0.780497 0.219987 0.0867631 0.28169 0.000107641
6 0.295699 0.498659 0.0329996 0.0342052 0.000108092
5 0.88172 0.990275 0.236559 0.01945 0.00010814
6 0.349462 0.497653 0.0871339 0.0724346 0.000108225
5 0.390063 0.0439302 0.21802 0.0878605 0.000108383
6 0.567112 0.0975855 0.0478309 0.054326 0.000110659
6 0.767519 0.593897 0.0771227 0.105298 0.000111546
6 0.603819 0.619383 0.020393 0.0449363 0.000112411
6 0.645717 0.5389 0.0396737 0.0342052 0.000112569
6 0.256396 0.492287 0.0344828 0.0442656 0.000112645
6 0.756581 0.576794 0.0241009 0.0362173 0.000112868
4 0.764924 0.712944 0.470152 0.422535 0.000112918
9 0.0302188 0.991952 0.0604375 0.0160966 0.000113463
3 0.283463 0.546613 0.564701 0.549966 0.000113676
6 0.429551 0.583836 0.0189099 0.0315225 0.000114181
6 0.378013 0.490946 0.0396737 0.045607 0.000114369
6 0.377271 0.583501 0.0189099 0.028169 0.000114884
6 0.895625 0.402415 0.0507972 0.0818243 0.000115823
6 0.785873 0.595573 0.0211346 0.0442656 0.00011608
5 0.712088 0.0798122 0.575825 0.159624 0.000116757
6 0.389507 0.602951 0.0404153 0.0442656 0.000116872
6 0.739711 0.575788 0.0504264 0.0570087 0.000117392
6 0.375973 0.535882 0.0496848 0.0496311 0.00011786
6 0.449017 0.965124 0.0571005 0.0536553 0.000119017
6 0.54746 0.508384 0.0159436 0.0442656 0.000119126
6 0.615869 0.60228 0.0259548 0.0348759 0.000119265
6 0.326288 0.589202 0.0274379 0.0395708 0.000119316
6 0.588802 0.631455 0.045977 0.0731053 0.00011933
6 0.747497 0.510396 0.0192807 0.0308518 0.000119353
6 0.290879 0.542924 0.0433815 0.0449363 0.00012066
5 0.228217 0.199531 0.071561 0.29175 0.000120757
6 0.573971 0.585513 0.068224 0.0670691 0.000121271
6 0.647201 0.598927 0.0537634 0.0590208 0.000122937
6 0.280126 0.633132 0.0166852 0.0362173 0.000123211
6 0.298665 0.572099 0.126437 0.114017 0.0001237
6 0.282351 0.493293 0.106415 0.11603 0.000124119
6 0.223396 0.0918846 0.0478309 0.0804829 0.000124858
6 0.983871 0.103286 0.0189099 0.056338 0.000124982
6 0.910271 0.100268 0.0237301 0.036888 0.000125698
6 0.587505 0.568746 0.130145 0.0657277 0.000125843
6 0.730997 0.596244 0.158324 0.144869 0.000126216
7 0.791806 0.241449 0.0196515 0.32998 0.000127698
5 0.170745 0.162978 0.341491 0.325956 0.000130647
6 0.63274 0.583836 0.0337412 0.0409121 0.000131156
6 0.264182 0.583836 0.0367075 0.0449363 0.000131268
5 0.292733 0.0221328 0.159066 0.0442656 0.000132065
6 0.729514 0.523139 0.0218762 0.0321932 0.000133994
5 0.325918 0.210932 0.331479 0.267606 0.000135044
6 0.664998 0.585848 0.0285502 0.0382294 0.000135578
6 0.376529 0.595573 0.0189099 0.0308518 0.000136363
6 0.644049 0.625755 0.0415276 0.0509725 0.00013686
6 0.0329996 0.406439 0.0659993 0.266935 0.000137895
6 0.25584 0.500671 0.0192807 0.0382294 0.000139645
6 0.314423 0.594903 0.0244716 0.0429242 0.000141721
6 0.944568 0.130114 0.0537634 0.0375587 0.000143268
6 0.316463 0.525486 0.0307749 0.0422535 0.000143445
6 0.664442 0.539906 0.0363367 0.0348759 0.000143975
6 0.92195 0.0590208 0.0278087 0.0442656 0.00014491
6 0.383574 0.556003 0.0611791 0.0576794 0.000146146
5 0.706711 0.981891 0.435298 0.0362173 0.000146188
6 0.735818 0.53387 0.0329996 0.0415828 0.000146258
3 0.091954 0.622736 0.183908 0.754527 0.000147337
6 0.402484 0.595909 0.0196515 0.0355466 0.000149198
6 0.571005 0.516097 0.0222469 0.0409121 0.000150311
6 0.256025 0.565057 0.0189099 0.0274983 0.000153349
5 0.110308 0.993293 0.220615 0.0134138 0.000155384
6 0.613274 0.580818 0.0926956 0.0549966 0.000155765
6 0.578606 0.544601 0.0226177 0.0348759 0.000156388
6 0.394142 0.585848 0.0192807 0.0274983 0.00015691
6 0.331294 0.627431 0.0211346 0.0422535 0.000157172
7 0.485725 0.391013 0.045977 0.0992622 0.000158393
6 0.989803 0.937626 0.020393 0.105969 0.000161049
7 0.512792 0.393025 0.0422692 0.101945 0.000162706
6 0.29848 0.578471 0.0207638 0.0328638 0.000162837
6 0.560438 0.637156 0.0441231 0.104628 0.000162881
5 0.667037 0.216298 0.384872 0.278337 0.000163429
6 0.528921 0.551979 0.384501 0.210597 0.000164802
6 0.355024 0.551643 0.224323 0.138833 0.000164988
6 0.943641 0.115359 0.0667408 0.0482897 0.000165504
6 0.992584 0.0462777 0.0148313 0.0831657 0.000170346
6 0.664257 0.018444 0.0945495 0.036888 0.000170547
6 0.294216 0.522133 0.170931 0.144199 0.000171015
5 0.225436 0.202549 0.034112 0.268276 0.000171173
6 0.344642 0.537559 0.0456062 0.0529846 0.000172769
6 0.29162 0.61167 0.0389321 0.0496311 0.00017288
6 0.33908 0.572435 0.0975158 0.0892019 0.000173265
6 0.247497 0.491616 0.0166852 0.0389001 0.000173511
6 0.343159 0.60664 0.147942 0.122736 0.000173519
6 0.738042 0.507042 0.0122358 0.028169 0.000175634
6 0.150538 0.3833 0.0882462 0.112005 0.000175747
6 0.468854 0.544936 0.0433815 0.0556673 0.000178654
6 0.995921 0.0425889 0.00815721 0.0798122 0.000179493
6 0.882462 0.0137492 0.0504264 0.0274983 0.000182717
6 0.511494 0.651576 0.0441231 0.0985916 0.000183946
6 0.269744 0.618042 0.0218762 0.0315225 0.000184678
6 0.253615 0.578135 0.0185391 0.0335345 0.000185643
6 0.330367 0.578471 0.0215054 0.0328638 0.00018655
6 0.778643 0.607981 0.0252132 0.0503018 0.000188682
6 0.541713 0.597921 0.0326288 0.0637156 0.000188805
6 0.866333 0.0925553 0.0456062 0.0389001 0.000188973
6 0.790508 0.0714286 0.0422692 0.047619 0.000191591
5 0.484427 0.211938 0.0515387 0.144869 0.000194513
5 0.508899 0.212944 0.0404153 0.113347 0.000195221
5 0.193178 0.953387 0.363367 0.093226 0.000196302
6 0.31053 0.500671 0.06637 0.0731053 0.000197161
6 0.930478 0.107646 0.0315165 0.0355466 0.000199482
6 0.921394 0.122066 0.0363367 0.0335345 0.000204141
6 0.315536 0.498323 0.0229885 0.0335345 0.00020538
6 0.586578 0.533535 0.0407861 0.0382294 0.000207082
6 0.570078 0.115694 0.0285502 0.0328638 0.000207801
6 0.568409 0.112005 0.0185391 0.0201207 0.000211833
6 0.249166 0.586184 0.0222469 0.0469484 0.000211882
6 0.561364 0.539906 0.0355951 0.0442656 0.000214023
6 0.49073 0.606975 0.0367075 0.0630449 0.000217429
6 0.491657 0.52951 0.0311457 0.036888 0.000218347
6 0.307564 0.588196 0.0226177 0.0402415 0.00021905
6 0.291435 0.62173 0.0222469 0.0295104 0.000221593
5 0.785873 0.11603 0.120504 0.136821 0.00022555
6 0.570263 0.544266 0.0222469 0.0342052 0.000226431
6 0.307749 0.498659 0.0177976 0.0328638 0.000227821
6 0.436411 0.621395 0.0519095 0.0623742 0.000232144
6 0.515573 0.52448 0.0352243 0.0389001 0.000234442
5 0.107341 0.9611 0.214683 0.0778001 0.000234694
6 0.292176 0.614688 0.222469 0.161636 0.000235139
5 0.618465 0.0157612 0.199481 0.0315225 0.000237963
6 0.437523 0.60161 0.0296626 0.0442656 0.000240561
2 0.633852 0.411469 0.413422 0.204561 0.000243771
6 0.737671 0.516432 0.0159436 0.0321932 0.00024708
6 0.626622 0.599598 0.0526511 0.0496311 0.000250721
5 0.388395 0.0157612 0.194661 0.0315225 0.000250913
6 0.66333 0.615023 0.0296626 0.0402415 0.000251657
6 0.465332 0.607311 0.0304042 0.0422535 0.000252677
6 0.595106 0.596579 0.0385614 0.0435949 0.000256855
6 0.767334 0.578471 0.0270671 0.0395708 0.00025971
6 0.539118 0.525822 0.0378198 0.0375587 0.000261452
3 0.530404 0.455064 0.836114 0.345406 0.000270259
5 0.101594 0.918176 0.200964 0.107311 0.000274544
6 0.920282 0.0885312 0.0259548 0.0362173 0.000285726
7 0.216166 0.193494 0.0229885 0.350771 0.000289808
5 0.751947 0.91784 0.496107 0.164319 0.000294114
6 0.962736 0.103957 0.0441231 0.0509725 0.000295646
6 0.344642 0.585178 0.0248424 0.0422535 0.000301342
6 0.316834 0.576123 0.0404153 0.0496311 0.000309752
6 0.995365 0.0959088 0.00926956 0.0791415 0.000310997
6 0.33908 0.578135 0.0456062 0.0482897 0.000311576
6 0.991101 0.12106 0.0133482 0.0704225 0.000312135
5 0.503152 0.0308518 0.395996 0.0617036 0.000314437
6 0.601965 0.604628 0.0226177 0.036888 0.000319373
6 0.68502 0.597585 0.0189099 0.0308518 0.000333354
6 0.401001 0.584842 0.0189099 0.0295104 0.000336291
6 0.991101 0.0767941 0.0126066 0.0717639 0.000342413
7 0.500742 0.684105 0.0700779 0.163649 0.000344631
5 0.661661 0.0338699 0.145717 0.0677398 0.000345966
6 0.389692 0.58283 0.0370782 0.0321932 0.000356359
6 0.382647 0.623407 0.0548758 0.0570087 0.000359224
6 0.462736 0.567404 0.0296626 0.0321932 0.000369808
5 0.790323 0.94165 0.419355 0.1167 0.000373133
6 0.56878 0.593897 0.0348535 0.054326 0.000384913
5 0.84594 0.180416 0.30812 0.347418 0.000386989
5 0.833889 0.97049 0.332221 0.0590208 0.000389964
5 0.925102 0.0238095 0.149796 0.047619 0.000399668
5 0.492584 0.0935614 0.839822 0.187123 0.000408516
6 0.576937 0.527163 0.0207638 0.0308518 0.000414542
3 0.152206 0.571764 0.304412 0.837693 0.000417569
5 0.148498 0.928571 0.296997 0.142857 0.000436366
6 0.705043 0.594903 0.0537634 0.0670691 0.000436801
6 0.473489 0.606975 0.057842 0.0965795 0.000438803
6 0.993882 0.10161 0.0122358 0.132126 0.000442791
6 0.306822 0.573776 0.0196515 0.0301811 0.000450571
6 0.593993 0.631455 0.0177976 0.0315225 0.000452189
6 0.351872 0.584842 0.0237301 0.0321932 0.000461487
6 0.412125 0.581489 0.0307749 0.028169 0.000470275
5 0.115313 0.978203 0.230627 0.0435949 0.000473405
6 0.50723 0.589202 0.0519095 0.0757881 0.000501827
6 0.299592 0.586854 0.0355951 0.0576794 0.000517785
6 0.355209 0.552649 0.0467186 0.0509725 0.000520401
6 0.438821 0.579477 0.0278087 0.028169 0.000520771
6 0.315165 0.5778 0.0222469 0.0328638 0.000525162
6 0.503522 0.547619 0.0444939 0.0610329 0.000550002
6 0.919726 0.105298 0.0292918 0.0321932 0.00057182
3 0.852243 0.578135 0.295514 0.749832 0.000573971
6 0.281795 0.500671 0.0519095 0.0489604 0.000584023
7 0.47868 0.645205 0.0786059 0.144869 0.000610315
6 0.27957 0.620389 0.0192807 0.0295104 0.000613145
6 0.63756 0.606975 0.0315165 0.0348759 0.000636574
6 0.568965 0.530516 0.0329996 0.0335345 0.000637719
6 0.329626 0.596244 0.051168 0.0482897 0.000678327
6 0.776974 0.589873 0.0248424 0.0435949 0.000684765
5 0.508899 0.127767 0.509826 0.179074 0.000729239
6 0.310159 0.54829 0.0389321 0.047619 0.00074047
6 0.492028 0.564386 0.0348535 0.0355466 0.000742935
6 0.614201 0.580148 0.0411568 0.0348759 0.000755142
6 0.356322 0.609993 0.051168 0.0489604 0.000772718
6 0.652948 0.593897 0.034112 0.0382294 0.000781001
6 0.660363 0.60228 0.0244716 0.0348759 0.00080046
6 0.515573 0.560027 0.0381906 0.0375587 0.000816338
6 0.587875 0.565057 0.0396737 0.0342052 0.000816636
6 0.99036 0.0982562 0.0111235 0.0596915 0.000843176
6 0.695773 0.599598 0.025584 0.0375587 0.000860708
2 0.49518 0.372904 0.0960326 0.0979209 0.000865917
5 0.503522 0.0670691 0.500556 0.134138 0.000875344
5 0.53096 0.984909 0.53096 0.0301811 0.000878308
6 0.531887 0.603286 0.0582128 0.0985916 0.000910928
6 0.531146 0.547619 0.0404153 0.0449363 0.000915854
6 0.348906 0.501677 0.0326288 0.0429242 0.000935636
6 0.541157 0.559021 0.0381906 0.0355466 0.000941675
6 0.694475 0.589202 0.0355951 0.036888 0.000948097
6 0.595476 0.612676 0.0266963 0.0382294 0.000999045
4 0.510197 0.65493 0.409344 0.266264 0.00100051
5 0.50482 0.213615 0.0812013 0.191147 0.00101094
6 0.705784 0.598592 0.0322581 0.0422535 0.00105127
6 0.597701 0.622736 0.017056 0.036888 0.00108852
6 0.56637 0.561033 0.037449 0.0355466 0.00121346
5 0.526696 0.933937 0.719689 0.132126 0.00123161
6 0.297553 0.52448 0.037449 0.0469484 0.00138426
6 0.790508 0.0902079 0.0667408 0.0811536 0.00167959
6 0.308306 0.505366 0.0352243 0.0382294 0.00224955
6 0.502595 0.620389 0.0730441 0.0885312 0.00244393
6 0.527994 0.652918 0.0637746 0.128102 0.00275049
6 0.650723 0.606975 0.0363367 0.0362173 0.0139746
4 0.50482 0.644199 0.821283 0.432596 0.875105
2 0.501483 0.369215 0.575825 0.201878 0.889843
5 0.501854 0.214956 0.553578 0.309188 0.901277
