6 0.733708 0.496276 0.024479 0.0582261 1.5312e-05
6 0.969567 0.257278 0.0608667 0.235613 1.53792e-05
7 0.487761 0.47258 0.0208402 0.109682 1.54783e-05
7 0.60172 0.517603 0.0112471 0.0589032 1.54995e-05
6 0.301356 0.0687204 0.0238174 0.137441 1.55701e-05
6 0.857261 0.162153 0.0671518 0.0629655 1.55947e-05
6 0.580549 0.449221 0.0866689 0.098172 1.56038e-05
6 0.543169 0.102573 0.0291102 0.0548409 1.56373e-05
6 0.993384 0.160122 0.0132319 0.0859851 1.57276e-05
6 0.834271 0.0196344 0.052266 0.0270819 1.57405e-05
6 0.993053 0.905552 0.0138935 0.188896 1.57481e-05
6 0.0425074 0.159445 0.0783989 0.152336 1.57992e-05
6 0.709891 0.957007 0.0224942 0.0859851 1.58306e-05
6 0.710387 0.477319 0.0267946 0.100203 1.58568e-05
9 0.109494 0.0247123 0.0403573 0.0494245 1.58905e-05
7 0.518525 0.487136 0.0122395 0.136087 1.59126e-05
6 0.797387 0.0951253 0.11611 0.119838 1.59462e-05
6 0.704433 0.436696 0.050612 0.121869 1.59507e-05
6 0.496196 0.0629655 0.0178631 0.0460393 1.59724e-05
6 0.737347 0.564997 0.0310949 0.0737982 1.60564e-05
6 0.631823 0.000338524 0.0218326 0.000677048 1.60608e-05
6 0.118756 0.968179 0.0727754 0.0636425 1.61113e-05
2 0.604201 0.39912 0.427721 0.192959 1.61944e-05
6 0.834105 0.007109 0.0532584 0.014218 1.61951e-05
6 0.585676 0.00338524 0.0162091 0.00677048 1.62532e-05
6 0.589646 0.00541638 0.0248098 0.0108328 1.62581e-05
6 0.874793 0.954638 0.0301025 0.0555179 1.62825e-05
7 0.495534 0.735613 0.0370493 0.222749 1.62885e-05
6 0.228581 0.316859 0.0959312 0.140826 1.63284e-05
6 0.217995 0.0250508 0.0344029 0.0501016 1.63744e-05
5 0.313265 0.13541 0.388356 0.255924 1.6383e-05
6 0.717334 0.144888 0.0181938 0.0379147 1.6394e-05
6 0.537546 0.0599188 0.0330797 0.0683819 1.64045e-05
6 0.0760834 0.440081 0.0304333 0.083954 1.64527e-05
6 0.268277 0.515572 0.0165399 0.0480704 1.64595e-05
7 0.427555 0.52302 0.0135627 0.0629655 1.64773e-05
6 0.285974 0.962762 0.019517 0.0609343 1.6483e-05
6 0.541515 0.0998646 0.0145551 0.0304672 1.65022e-05
5 0.93351 0.953622 0.13298 0.0927556 1.65022e-05
9 0.867185 0.0311442 0.0492888 0.0622884 1.65717e-05
6 0.797221 0.800948 0.0681442 0.104265 1.65763e-05
6 0.968243 0.598511 0.0608667 0.398104 1.65813e-05
4 0.0145551 0.59411 0.0291102 0.435342 1.66358e-05
6 0.26778 0.99086 0.0512736 0.0182803 1.67257e-05
5 0.389514 0.328368 0.169699 0.153013 1.67436e-05
9 0.0291102 0.0101557 0.0443268 0.0203114 1.69209e-05
6 0.129507 0.17671 0.0241482 0.0514557 1.69496e-05
6 0.379755 0.654705 0.0198478 0.0433311 1.69692e-05
2 0.285809 0.432972 0.32352 0.432634 1.69811e-05
10 0.783493 0.948544 0.0234866 0.102911 1.72407e-05
6 0.53953 0.566012 0.0132319 0.0582261 1.72806e-05
6 0.890837 0.131009 0.0317565 0.0480704 1.72862e-05
6 0.992722 0.34631 0.0145551 0.117129 1.72865e-05
5 0.207906 0.892688 0.415812 0.214624 1.72985e-05
4 0.974859 0.688558 0.0502812 0.394042 1.73542e-05
9 0.563844 0.978334 0.0731062 0.0433311 1.74039e-05
6 0.930533 0.168923 0.0310949 0.114421 1.74079e-05
5 0.929044 0.836831 0.141912 0.326337 1.74135e-05
6 0.553424 0.350372 0.0284486 0.0643196 1.74512e-05
2 0.57873 0.437035 0.212703 0.165877 1.74952e-05
9 0.880913 0.0176033 0.0264638 0.0270819 1.75063e-05
6 0.890506 0.957346 0.0324181 0.0528097 1.75135e-05
6 0.304664 0.0216655 0.0390341 0.0433311 1.75282e-05
6 0.705921 0.637779 0.0344029 0.056872 1.76e-05
7 0.436818 0.485105 0.0301025 0.109005 1.76346e-05
5 0.144558 0.957685 0.289117 0.084631 1.76413e-05
7 0.306318 0.232905 0.0138935 0.124577 1.76747e-05
6 0.380251 0.083954 0.0446576 0.0406229 1.77273e-05
6 0.406219 0.981381 0.0469732 0.0372376 1.77851e-05
9 0.0580549 0.975965 0.0188554 0.0236967 1.7798e-05
6 0.920278 0.947867 0.0562355 0.104265 1.78283e-05
6 0.279027 0.517942 0.0234866 0.0460393 1.78454e-05
7 0.466755 0.474611 0.0152167 0.0974949 1.78547e-05
6 0.762653 0.574137 0.0287794 0.0690589 1.78635e-05
9 0.129507 0.0162492 0.0380417 0.0324983 1.79221e-05
6 0.00876613 0.450914 0.0155475 0.117806 1.79343e-05
7 0.517698 0.444144 0.0178631 0.155721 1.7975e-05
4 0.241482 0.7065 0.33212 0.366283 1.79778e-05
6 0.781012 0.468179 0.0549123 0.098172 1.80251e-05
6 0.650182 0.0423155 0.110155 0.084631 1.80262e-05
6 0.4957 0.0710901 0.0400265 0.0920785 1.80446e-05
6 0.494542 0.0385917 0.0410189 0.0771835 1.80629e-05
6 0.992888 0.732566 0.0142243 0.431957 1.8063e-05
7 0.430367 0.532498 0.00793913 0.0602573 1.80853e-05
6 0.261826 0.609343 0.0347337 0.0663507 1.8253e-05
6 0.264472 0.0230196 0.0744294 0.0460393 1.82766e-05
6 0.616441 0.0514557 0.0817069 0.0893703 1.82773e-05
6 0.951869 0.367637 0.068475 0.264049 1.82774e-05
6 0.301356 0.063304 0.0132319 0.0494245 1.82797e-05
6 0.735693 0.519634 0.027787 0.0521327 1.82834e-05
6 0.511578 0.557211 0.0135627 0.0649966 1.82958e-05
6 0.538703 0.0531483 0.0162091 0.0345295 1.83894e-05
6 0.729573 0.148951 0.0512736 0.131347 1.84395e-05
6 0.969401 0.94956 0.0420112 0.0643196 1.85161e-05
6 0.465762 0.661476 0.0172015 0.0528097 1.8541e-05
8 0.420609 0.964794 0.0525968 0.070413 1.85413e-05
2 0.554085 0.980027 0.455177 0.0399458 1.85482e-05
6 0.605359 0.536561 0.0125703 0.0440081 1.85652e-05
6 0.554582 0.590386 0.0168707 0.0487475 1.86258e-05
10 0.76745 0.94956 0.0231558 0.10088 1.86704e-05
6 0.0855111 0.361882 0.0664902 0.23629 1.87661e-05
6 0.118591 0.452268 0.0532584 0.150305 1.88e-05
6 0.619914 0.964455 0.0363877 0.0710901 1.88396e-05
6 0.476679 0.517603 0.0436652 0.0995261 1.88844e-05
6 0.604367 0.679418 0.024479 0.0467163 1.8924e-05
0 0.00942772 0.819228 0.0129011 0.361544 1.89505e-05
6 0.41697 0.533175 0.0387033 0.069736 1.89733e-05
9 0.0603705 0.0013541 0.0287794 0.00270819 1.89775e-05
6 0.989249 0.930603 0.0215018 0.138795 1.89818e-05
6 0.930533 0.172647 0.0264638 0.0487475 1.90176e-05
9 0.88389 0.0270819 0.0463116 0.0541638 1.90225e-05
6 0.605193 0.590724 0.0287794 0.0521327 1.90415e-05
3 0.0671518 0.61476 0.134304 0.770481 1.90632e-05
6 0.301356 0.962424 0.0191862 0.0616114 1.90674e-05
9 0.0964274 0.0013541 0.0287794 0.00270819 1.90757e-05
6 0.581376 0.353758 0.0115779 0.0345295 1.90836e-05
4 0.00959312 0.767772 0.0191862 0.327691 1.91329e-05
6 0.577407 0.65132 0.0215018 0.0406229 1.91816e-05
6 0.0304333 0.336493 0.0608667 0.259986 1.92545e-05
6 0.377109 0.0111713 0.0383725 0.0223426 1.92623e-05
6 0.348991 0.640826 0.0330797 0.0616114 1.93322e-05
6 0.60387 0.962085 0.0400265 0.0758294 1.94495e-05
8 0.54168 0.974949 0.0453192 0.0501016 1.94505e-05
5 0.208237 0.237644 0.416474 0.475288 1.948e-05
6 0.640754 0.542654 0.0138935 0.0412999 1.95004e-05
6 0.513397 0.962424 0.0529276 0.0751523 1.95068e-05
7 0.287959 0.242722 0.019517 0.148274 1.95209e-05
7 0.593616 0.314489 0.0215018 0.103588 1.95366e-05
6 0.33179 0.637441 0.0357261 0.056195 1.96597e-05
7 0.478994 0.463778 0.0138935 0.144888 1.968e-05
5 0.290936 0.259648 0.0678134 0.248477 1.97136e-05
6 0.494211 0.0013541 0.0205094 0.00270819 1.97225e-05
6 0.444261 0.00947867 0.0377109 0.0189573 1.9901e-05
6 0.988257 0.331754 0.0188554 0.125931 1.99585e-05
6 0.0368839 0.452268 0.0479656 0.108328 1.99632e-05
6 0.969401 0.123223 0.0301025 0.0622884 1.99925e-05
5 0.870327 0.929587 0.259345 0.140826 2.00391e-05
5 0.350149 0.028436 0.138604 0.056872 2.01119e-05
6 0.416639 0.973595 0.0883229 0.0528097 2.01224e-05
8 0.511082 0.971564 0.052266 0.056872 2.0142e-05
9 0.950877 0.014218 0.0565663 0.028436 2.01508e-05
6 0.48346 0.964794 0.0453192 0.070413 2.02483e-05
6 0.232054 0.0216655 0.0843533 0.0433311 2.03378e-05
10 0.72395 0.9587 0.0215018 0.0825999 2.03589e-05
9 0.880251 0.0199729 0.0469732 0.0345295 2.04672e-05
5 0.498015 0.152336 0.0922924 0.131347 2.04734e-05
5 0.70526 0.31415 0.125041 0.188219 2.0481e-05
10 0.754218 0.955653 0.0205094 0.0886933 2.04861e-05
6 0.542673 0.0108328 0.0287794 0.0216655 2.05163e-05
6 0.99173 0.424848 0.0165399 0.336493 2.05538e-05
6 0.10387 0.106297 0.0238174 0.0812458 2.06061e-05
6 0.00843533 0.251862 0.0148859 0.306026 2.0666e-05
5 0.561363 0.123223 0.107178 0.111036 2.0689e-05
6 0.992888 0.255247 0.0142243 0.236967 2.0736e-05
6 0.0664902 0.0182803 0.0807145 0.0365606 2.07481e-05
6 0.722957 0.394381 0.050612 0.140149 2.07517e-05
6 0.650844 0.953961 0.0314257 0.0920785 2.07783e-05
9 0.467416 0.987813 0.0549123 0.0243737 2.0859e-05
6 0.363381 0.656737 0.0572279 0.106974 2.08712e-05
6 0.532914 0.102573 0.0271254 0.0494245 2.09274e-05
6 0.889845 0.148274 0.027787 0.0501016 2.09475e-05
6 0.353126 0.525728 0.0201786 0.0399458 2.09593e-05
9 0.0367185 0.00338524 0.0582203 0.00677048 2.10107e-05
7 0.445088 0.486798 0.0122395 0.0758294 2.10156e-05
6 0.194178 0.0754909 0.0846841 0.0873392 2.11264e-05
2 0.67863 0.382871 0.427721 0.379824 2.11598e-05
6 0.552597 0.661137 0.24909 0.164523 2.11732e-05
6 0.693516 0.989844 0.050612 0.0203114 2.1183e-05
6 0.500331 0.352742 0.0327489 0.0866622 2.12413e-05
6 0.55392 0.679418 0.0248098 0.0737982 2.12598e-05
6 0.718822 0.481043 0.021171 0.0832769 2.12994e-05
5 0.0989084 0.958362 0.197817 0.0832769 2.13066e-05
6 0.318062 0.0186188 0.0367185 0.0372376 2.13251e-05
6 0.891829 0.939743 0.0535892 0.120515 2.13437e-05
6 0.591135 0.0162492 0.042342 0.0324983 2.13445e-05
6 0.543169 0.678741 0.0271254 0.0765064 2.13688e-05
6 0.408204 0.540961 0.0926232 0.0853081 2.14707e-05
7 0.618425 0.522343 0.0109163 0.0575491 2.15308e-05
6 0.835594 0.168246 0.0846841 0.0805687 2.15924e-05
6 0.548958 0.349018 0.0281178 0.0318213 2.16051e-05
6 0.664075 0.954638 0.029441 0.0907244 2.17453e-05
6 0.52084 0.0958023 0.029441 0.056195 2.17454e-05
6 0.371154 0.119499 0.0774065 0.167231 2.17721e-05
6 0.806318 0.520311 0.0578895 0.10088 2.17952e-05
6 0.466755 0.0504401 0.066821 0.0900474 2.18506e-05
6 0.290936 0.0230196 0.050612 0.0460393 2.18825e-05
6 0.834271 0.493907 0.0674826 0.232227 2.19624e-05
6 0.369335 0.523697 0.0181938 0.0440081 2.20462e-05
4 0.0137281 0.773189 0.0274562 0.436019 2.20726e-05
6 0.478994 0.661476 0.0205094 0.0541638 2.2087e-05
10 0.738505 0.9587 0.0201786 0.0825999 2.2091e-05
6 0.0681442 0.14455 0.0430036 0.118483 2.212e-05
6 0.496196 0.324306 0.0509428 0.070413 2.21375e-05
6 0.995865 0.124238 0.00826993 0.0900474 2.21562e-05
6 0.55392 0.640487 0.0215018 0.0433311 2.21601e-05
6 0.890341 0.127285 0.0625207 0.0758294 2.22052e-05
6 0.00529276 0.462762 0.0105855 0.113067 2.22497e-05
6 0.994542 0.247461 0.0109163 0.0995261 2.22739e-05
6 0.401257 0.54367 0.0132319 0.0473934 2.23146e-05
6 0.0535892 0.0819228 0.0919616 0.083954 2.23512e-05
6 0.766623 0.967163 0.0135627 0.0616114 2.24658e-05
6 0.318889 0.614083 0.0271254 0.0528097 2.24857e-05
6 0.681111 0.670955 0.0582203 0.104265 2.24973e-05
6 0.204102 0.194651 0.0588819 0.0751523 2.25431e-05
8 0.994376 0.127624 0.0112471 0.179418 2.25998e-05
7 0.550943 0.738321 0.0287794 0.233582 2.26662e-05
6 0.658121 0.682803 0.0307641 0.0589032 2.2694e-05
6 0.531426 0.0995261 0.0142243 0.028436 2.27112e-05
6 0.281508 0.492214 0.0258022 0.0880162 2.28e-05
9 0.508766 0.378131 0.0185246 0.0683819 2.29267e-05
6 0.866854 0.907583 0.108171 0.165877 2.29306e-05
6 0.652332 0.533175 0.0185246 0.0521327 2.29442e-05
6 0.431856 0.845295 0.0274562 0.0765064 2.2999e-05
6 0.296229 0.131686 0.047304 0.113067 2.30042e-05
6 0.980814 0.056195 0.0383725 0.11239 2.30072e-05
9 0.0615283 0.97021 0.123057 0.0595802 2.30098e-05
9 0.896791 0.00304672 0.0436652 0.00609343 2.31099e-05
6 0.735693 0.0216655 0.0582203 0.0433311 2.31472e-05
6 0.405061 0.654705 0.0201786 0.0379147 2.32317e-05
5 0.223784 0.88084 0.427721 0.117806 2.32765e-05
6 0.615283 0.539607 0.0119087 0.041977 2.32982e-05
9 0.974859 0.985443 0.0416805 0.0291131 2.33127e-05
6 0.791267 0.820244 0.105855 0.152336 2.35293e-05
6 0.218326 0.47021 0.0774065 0.110359 2.36819e-05
7 0.668707 0.691605 0.0387033 0.113067 2.36878e-05
6 0.339398 0.667569 0.0932848 0.136764 2.37308e-05
6 0.986272 0.351726 0.0274562 0.224103 2.37688e-05
6 0.597916 0.0250508 0.0367185 0.0501016 2.37844e-05
6 0.00430036 0.234936 0.00860073 0.147596 2.38563e-05
5 0.687727 0.0897089 0.314919 0.159106 2.4011e-05
5 0.587661 0.0636425 0.116771 0.111036 2.40398e-05
9 0.852795 0.0368991 0.0793913 0.0737982 2.41019e-05
5 0.849653 0.971564 0.300695 0.056872 2.41623e-05
6 0.757856 0.0186188 0.0661594 0.0372376 2.41642e-05
6 0.0147205 0.149289 0.029441 0.15369 2.41823e-05
7 0.518359 0.482735 0.00860073 0.083954 2.42024e-05
6 0.53341 0 0.0175323 0 2.42115e-05
9 0.921601 0.987475 0.052266 0.0250508 2.42151e-05
6 0.727423 0.654367 0.0284486 0.0629655 2.42523e-05
6 0.185246 0.195328 0.0516044 0.0643196 2.42868e-05
7 0.45832 0.486798 0.00826993 0.0812458 2.43265e-05
6 0.887694 0.150305 0.0545815 0.0622884 2.43442e-05
6 0.540688 0.126269 0.0254714 0.0683819 2.43803e-05
6 0.555409 0.616114 0.0198478 0.0460393 2.44519e-05
6 0.00843533 0.460393 0.0142243 0.262695 2.44915e-05
9 0.43996 0.986459 0.0568971 0.0270819 2.4502e-05
6 0.00727754 0.0765064 0.0125703 0.153013 2.45214e-05
9 0.0314257 0.973257 0.0357261 0.0372376 2.46468e-05
7 0.307807 0.256601 0.026133 0.134056 2.46702e-05
6 0.599074 0.601557 0.234866 0.241706 2.46816e-05
6 0.522329 0.0897089 0.0145551 0.0264049 2.47148e-05
9 0.0564009 0.983751 0.0367185 0.0270819 2.47631e-05
6 0.527952 0.637441 0.021171 0.0453622 2.48404e-05
6 0.782997 0.965471 0.0145551 0.0636425 2.50195e-05
7 0.480483 0.486459 0.00760834 0.0819228 2.50476e-05
6 0.677969 0.958023 0.0254714 0.083954 2.50755e-05
6 0.00926232 0.0352065 0.0185246 0.070413 2.51208e-05
6 0.181938 0.158768 0.0602051 0.056195 2.5181e-05
6 0.33212 0.0223426 0.0641747 0.0446852 2.53352e-05
7 0.528945 0.483074 0.00992392 0.0751523 2.53364e-05
6 0.988587 0.0436696 0.022825 0.0873392 2.53376e-05
8 0.436322 0.990183 0.0509428 0.0196344 2.53515e-05
6 0.282501 0.650982 0.0238174 0.0534868 2.53886e-05
6 0.520179 0.0372376 0.0274562 0.0744753 2.5476e-05
6 0.193682 0.0176033 0.0605359 0.0352065 2.55567e-05
6 0.99388 0.957685 0.0122395 0.084631 2.55581e-05
6 0.569964 0.122884 0.0165399 0.0250508 2.55913e-05
7 0.589481 0.317536 0.00727754 0.147596 2.56039e-05
6 0.647205 0.968517 0.0267946 0.0602573 2.57371e-05
6 0.140423 0.151659 0.0314257 0.083954 2.57459e-05
5 0.414324 0.0693974 0.140589 0.102234 2.58463e-05
6 0.617102 0.678402 0.0559047 0.104265 2.5863e-05
6 0.19517 0.135748 0.0681442 0.0534868 2.5873e-05
6 0.633973 0.961408 0.0347337 0.0771835 2.58853e-05
5 0.379755 0.301625 0.632484 0.60325 2.59086e-05
7 0.586503 0.465809 0.0238174 0.0880162 2.59746e-05
6 0.418624 0.685173 0.0373801 0.0812458 2.61277e-05
6 0.752894 0.968856 0.0125703 0.0609343 2.61603e-05
6 0.0664902 0.106635 0.0370493 0.0941097 2.62404e-05
10 0.634469 0.969871 0.0337413 0.0602573 2.62789e-05
6 0.0643401 0.125931 0.11214 0.108328 2.62924e-05
6 0.572114 0.126947 0.0307641 0.0467163 2.62939e-05
2 0.208237 0.31889 0.13265 0.246445 2.63641e-05
6 0.624876 0.537576 0.0383725 0.0677048 2.64097e-05
7 0.243798 0.233582 0.0833609 0.13541 2.64157e-05
6 0.0104201 0.0480704 0.0208402 0.0961408 2.64354e-05
6 0.627357 0.558903 0.0188554 0.0440081 2.6511e-05
7 0.473867 0.678402 0.0645055 0.158429 2.65458e-05
6 0.410354 0.00372376 0.0221634 0.00744753 2.66235e-05
6 0.542177 0.614083 0.0191862 0.0446852 2.66322e-05
9 0.545815 0.987136 0.0502812 0.0257278 2.68408e-05
6 0.0926232 0.104942 0.027787 0.083954 2.68664e-05
6 0.587992 0.155721 0.0982468 0.127285 2.6933e-05
6 0.217499 0.00304672 0.026133 0.00609343 2.69899e-05
6 0.331128 0.963101 0.0224942 0.0589032 2.71351e-05
6 0.689878 0.631009 0.0267946 0.0473934 2.72427e-05
6 0.661098 0.969871 0.0248098 0.0589032 2.72462e-05
5 0.119087 0.0605958 0.238174 0.121192 2.72523e-05
6 0.0969236 0.107312 0.0251406 0.0372376 2.72562e-05
6 0.708898 0.968179 0.0158783 0.0636425 2.726e-05
6 0.620741 0.51151 0.0704598 0.0900474 2.72705e-05
5 0.462289 0.300609 0.329143 0.192282 2.73493e-05
6 0.717665 0.634394 0.029441 0.0473934 2.75534e-05
6 0.316573 0.962762 0.0198478 0.0609343 2.76025e-05
6 0.918128 0.97698 0.0499504 0.0446852 2.76201e-05
3 0.205425 0.719364 0.41085 0.561273 2.76724e-05
5 0.710552 0.936357 0.446576 0.115098 2.77983e-05
6 0.602216 0.513879 0.0334105 0.0717671 2.79011e-05
9 0.866027 0.0203114 0.0370493 0.0257278 2.79465e-05
6 0.572941 0.483751 0.0721138 0.098172 2.80256e-05
9 0.0573933 0.957007 0.0367185 0.0859851 2.80325e-05
6 0.566159 0.118822 0.0585511 0.0765064 2.80614e-05
6 0.590804 0.549086 0.027787 0.0460393 2.80799e-05
9 0.205425 1 0.218988 0 2.81097e-05
6 0.918624 0.104265 0.0191862 0.0541638 2.81452e-05
6 0.309295 0.878808 0.0740986 0.148951 2.82328e-05
6 0.737347 0.97021 0.0125703 0.0595802 2.82975e-05
6 0.00793913 0.0230196 0.00793913 0.0460393 2.83145e-05
7 0.549785 0.7109 0.027787 0.102911 2.83901e-05
9 0.0830301 0.00169262 0.0291102 0.00338524 2.84586e-05
6 0.43996 0.958362 0.0463116 0.0832769 2.84746e-05
5 0.534734 0.076845 0.439629 0.144211 2.85967e-05
7 0.431525 0.50677 0.0155475 0.0819228 2.8663e-05
6 0.83212 0.778605 0.0803837 0.115098 2.8836e-05
6 0.694178 0.959039 0.0248098 0.0819228 2.88898e-05
6 0.762322 0.609343 0.0380417 0.0825999 2.89959e-05
2 0.351307 0.431618 0.225604 0.205146 2.90138e-05
6 0.387198 0.504401 0.100893 0.116452 2.90692e-05
9 0.498015 0.992891 0.0512736 0.014218 2.90885e-05
7 0.421436 0.482058 0.00926232 0.0717671 2.91626e-05
7 0.689381 0.67434 0.0357261 0.0758294 2.92116e-05
6 0.528614 0.516588 0.277208 0.144888 2.92188e-05
9 0.0697982 0.00406229 0.0443268 0.00812458 2.93829e-05
7 0.505954 0.485105 0.0102547 0.0954638 2.96845e-05
9 0.917962 0.0138795 0.0535892 0.027759 2.97125e-05
6 0.989745 0.261002 0.0158783 0.0954638 2.97216e-05
7 0.415978 0.48172 0.0373801 0.107651 2.98016e-05
6 0.539199 0.12153 0.0152167 0.0250508 2.98088e-05
6 0.377109 0.52302 0.00992392 0.0399458 2.98399e-05
6 0.805987 0.908598 0.0949388 0.180095 2.99296e-05
7 0.588488 0.312796 0.00992392 0.0609343 2.99607e-05
5 0.640423 0.0693974 0.127026 0.103588 3.00703e-05
6 0.991234 0.182126 0.0148859 0.0812458 3.00818e-05
6 0.545154 0.962085 0.0443268 0.0758294 3.01241e-05
8 0.00231558 0.0859851 0.00463116 0.143534 3.03484e-05
7 0.448396 0.696005 0.0360569 0.0947867 3.03536e-05
6 0.722627 0.969194 0.0142243 0.0616114 3.05683e-05
4 0.756699 0.617129 0.166391 0.356804 3.0637e-05
6 0.988091 0.900135 0.0218326 0.199729 3.06484e-05
6 0.512405 0.0548409 0.0105855 0.0446852 3.07445e-05
6 0.263645 0.910291 0.101886 0.17671 3.07612e-05
5 0.409362 0.997969 0.341052 0.00406229 3.08698e-05
9 0.116275 0.0162492 0.0757526 0.0324983 3.09059e-05
6 0.0115779 0.0870007 0.0231558 0.125254 3.09494e-05
7 0.610155 0.497292 0.0221634 0.0805687 3.10686e-05
6 0.152332 0.133378 0.0453192 0.0460393 3.10879e-05
6 0.541184 0.65369 0.0231558 0.056195 3.11723e-05
6 0.500496 0.353758 0.027787 0.042654 3.12056e-05
7 0.495369 0.485105 0.00694674 0.0859851 3.12907e-05
6 0.0716176 0.432634 0.047304 0.211239 3.13372e-05
3 0.737678 0.488152 0.524644 0.976303 3.13378e-05
6 0.55392 0.118822 0.0181938 0.0236967 3.14016e-05
6 0.287463 0.547055 0.14952 0.356127 3.14284e-05
6 0.204929 0.00507786 0.0347337 0.0101557 3.14344e-05
6 0.518194 0.119499 0.0592127 0.109005 3.14745e-05
6 0.614125 0.97698 0.0334105 0.0460393 3.14836e-05
6 0.528614 0.00236967 0.0145551 0.00473934 3.1664e-05
6 0.934833 0.105619 0.0238174 0.0514557 3.17041e-05
6 0.98776 0.220718 0.0238174 0.132701 3.17588e-05
7 0.48346 0.710562 0.0387033 0.122546 3.17999e-05
6 0.953688 0.0203114 0.0866689 0.0406229 3.18206e-05
6 0.689216 0.021327 0.0559047 0.042654 3.19733e-05
6 0.539199 0.116791 0.0582203 0.0900474 3.21231e-05
6 0.25918 0.572106 0.0281178 0.0636425 3.21514e-05
6 0.311942 0.0538253 0.0502812 0.102234 3.22489e-05
6 0.315084 0.631009 0.0248098 0.0501016 3.22502e-05
9 0.956996 0.962424 0.0860073 0.0751523 3.23447e-05
6 0.568144 0.611036 0.0221634 0.0412999 3.23573e-05
6 0.530268 0.58937 0.0198478 0.0521327 3.23953e-05
6 0.919285 0.170955 0.0231558 0.0467163 3.25218e-05
6 0.572114 0.962085 0.047304 0.0758294 3.25323e-05
7 0.654151 0.65369 0.130003 0.141503 3.2578e-05
5 0.388025 0.177725 0.154813 0.211916 3.26192e-05
7 0.707906 0.261341 0.0482964 0.31415 3.26443e-05
5 0.855938 0.0765064 0.288124 0.153013 3.28155e-05
6 0.0959312 0.138456 0.0959312 0.0900474 3.28621e-05
6 0.541019 0.589709 0.0175323 0.0487475 3.29738e-05
6 0.432848 0.539946 0.022825 0.056195 3.29746e-05
6 0.321039 0.515572 0.111479 0.224103 3.33097e-05
9 0.0378763 0.988152 0.0453192 0.0236967 3.33605e-05
6 0.403076 0.561273 0.0221634 0.0433311 3.34047e-05
5 0.261991 0.0660122 0.226927 0.132024 3.34467e-05
2 0.817731 0.947529 0.364539 0.104942 3.35103e-05
6 0.494376 0.0159106 0.0400265 0.0318213 3.35951e-05
5 0.466589 0.0616114 0.121403 0.102911 3.37824e-05
7 0.610817 0.468179 0.0109163 0.0941097 3.38794e-05
6 0.560701 0.0189573 0.0509428 0.0379147 3.41104e-05
6 0.549454 0.36019 0.0158783 0.0324983 3.4127e-05
6 0.36305 0.0186188 0.0645055 0.0372376 3.4183e-05
6 0.463612 0.0192959 0.0611975 0.0385917 3.42675e-05
6 0.720311 0.562288 0.0367185 0.0534868 3.42961e-05
7 0.554251 0.463439 0.0102547 0.0670278 3.43562e-05
6 0.558717 0.501016 0.027787 0.0636425 3.43821e-05
6 0.792756 0.313473 0.107509 0.154367 3.44031e-05
6 0.467913 0.640826 0.0241482 0.0440081 3.44437e-05
6 0.0344029 0.15606 0.0509428 0.0941097 3.47644e-05
9 0.109494 0.00169262 0.0291102 0.00338524 3.49719e-05
6 0.502812 0.662153 0.0238174 0.0582261 3.50318e-05
6 0.711876 0.504401 0.0344029 0.0812458 3.50726e-05
9 0.0325835 0.940081 0.0592127 0.119838 3.51874e-05
6 0.307311 0.47935 0.0172015 0.0880162 3.52e-05
6 0.887694 0.970887 0.0512736 0.0446852 3.53364e-05
9 0.0567317 0.00914015 0.0413497 0.0182803 3.54578e-05
6 0.415316 0.581923 0.0175323 0.0345295 3.5593e-05
6 0.25091 0.516926 0.114787 0.178064 3.57029e-05
6 0.910189 0.150305 0.0234866 0.0460393 3.57321e-05
6 0.00909692 0.0744753 0.0102547 0.120515 3.58983e-05
6 0.638439 0.55281 0.0641747 0.0995261 3.60165e-05
7 0.563182 0.465132 0.0274562 0.0974949 3.60175e-05
7 0.468243 0.483412 0.00628515 0.0798917 3.60793e-05
6 0.981145 0.97258 0.0377109 0.0548409 3.60825e-05
9 0.467086 0.991537 0.0449884 0.0169262 3.61751e-05
6 0.873966 0.150305 0.0416805 0.0880162 3.62692e-05
6 0.714191 0.0230196 0.0502812 0.0460393 3.6485e-05
6 0.50827 0.976642 0.0466424 0.0440081 3.64931e-05
5 0.656467 0.968856 0.551439 0.0622884 3.65565e-05
8 0.603209 0.99323 0.0453192 0.013541 3.65822e-05
5 0.293583 0.838524 0.415812 0.17671 3.66073e-05
6 0.675984 0.970887 0.019517 0.0582261 3.6672e-05
6 0.737678 0.524374 0.0780681 0.0995261 3.67132e-05
6 0.219815 0.056195 0.0903076 0.0920785 3.68103e-05
9 0.869004 0.00609343 0.0549123 0.0121869 3.69174e-05
7 0.484287 0.47258 0.0105855 0.0920785 3.69714e-05
6 0.484949 0.519634 0.0284486 0.0656737 3.7049e-05
6 0.325008 0.496953 0.0545815 0.0934326 3.71623e-05
6 0.80483 0.467163 0.073437 0.116452 3.72954e-05
5 0.196328 0.169939 0.159113 0.124577 3.74151e-05
6 0.959477 0.218348 0.0572279 0.110359 3.74372e-05
6 0.43996 0.0226811 0.0754218 0.0453622 3.74561e-05
6 0.263811 0.597495 0.0459808 0.1239 3.75343e-05
5 0.692193 0.0247123 0.127357 0.0494245 3.76553e-05
6 0.419782 0.971564 0.0509428 0.041977 3.77202e-05
6 0.601886 0.581246 0.0181938 0.0345295 3.79541e-05
6 0.804499 0.412999 0.0860073 0.143534 3.80573e-05
5 0.378432 0.954299 0.438637 0.0914015 3.81901e-05
6 0.422924 0.00236967 0.019517 0.00473934 3.82694e-05
6 0.114125 0.473595 0.0721138 0.293162 3.83319e-05
5 0.482964 0.957346 0.948726 0.0853081 3.8349e-05
6 0.362885 0.953284 0.0363877 0.0934326 3.84486e-05
6 0.988918 0.0304672 0.0115779 0.0609343 3.85166e-05
6 0.597089 0.00372376 0.0191862 0.00744753 3.85194e-05
6 0.760668 0.903521 0.0989084 0.172647 3.85653e-05
5 0.519186 0.325322 0.100893 0.195667 3.90807e-05
6 0.79689 0.163169 0.0846841 0.200406 3.91325e-05
6 0.628349 0.975965 0.0320873 0.0480704 3.93291e-05
6 0.597751 0.976303 0.0310949 0.0473934 3.93732e-05
6 0.513232 0.34868 0.0115779 0.0460393 3.94103e-05
9 0.852464 0.00880163 0.0628515 0.0176033 3.94482e-05
9 0.537546 0.354773 0.0291102 0.0324983 3.96629e-05
6 0.972213 0.912661 0.0516044 0.174678 3.97118e-05
5 0.555574 0.034868 0.137942 0.069736 3.98155e-05
7 0.290109 0.637779 0.0661594 0.128639 3.9875e-05
6 0.557063 0.124577 0.0330797 0.0473934 3.99456e-05
5 0.444261 0.0964793 0.156798 0.134733 4.01239e-05
9 0.88389 0.00473934 0.0350645 0.00947867 4.01463e-05
9 0.52696 0.992891 0.0502812 0.014218 4.01781e-05
9 0.214522 1 0.071783 0 4.02148e-05
8 0.00281178 0.145227 0.00562355 0.150982 4.03926e-05
8 0.00529276 0.171632 0.0105855 0.343263 4.0629e-05
6 0.194343 0.0236967 0.105524 0.0473934 4.07854e-05
6 0.831624 0.0162492 0.0707906 0.0324983 4.09359e-05
6 0.530764 0.12153 0.0142243 0.0250508 4.10219e-05
6 0.692855 0.970548 0.0188554 0.0589032 4.1041e-05
6 0.268111 0.540284 0.0598743 0.0609343 4.11821e-05
6 0.596427 0.980704 0.066821 0.0385917 4.12287e-05
6 0.721965 0.0365606 0.0863381 0.0731212 4.14601e-05
6 0.988422 0.0602573 0.0152167 0.120515 4.14954e-05
6 0.521998 0.619499 0.0284486 0.0663507 4.15424e-05
6 0.554912 0.0765064 0.0843533 0.117806 4.15717e-05
5 0.186735 0.132024 0.37347 0.264049 4.1717e-05
6 0.990407 0.0308057 0.0191862 0.0616114 4.17897e-05
6 0.560867 0.547393 0.0320873 0.0548409 4.22503e-05
6 0.509759 0.00304672 0.0158783 0.00609343 4.23032e-05
8 0.405392 0.988152 0.0519352 0.0236967 4.26105e-05
6 0.461131 0.535206 0.0284486 0.0575491 4.28378e-05
6 0.304003 0.43128 0.0443268 0.132701 4.28416e-05
6 0.581376 0.976303 0.0347337 0.0473934 4.28966e-05
6 0.00479656 0.172986 0.00959312 0.141503 4.30519e-05
6 0.228415 0.418416 0.0817069 0.128639 4.33971e-05
6 0.532418 0.1239 0.0254714 0.0460393 4.34404e-05
6 0.617268 0.000677048 0.0191862 0.0013541 4.34513e-05
7 0.546642 0.485105 0.0102547 0.0792146 4.34556e-05
9 0.131988 0.0209885 0.0403573 0.041977 4.3714e-05
5 0.0980814 0.104942 0.154482 0.0974949 4.3803e-05
6 0.635792 0.611036 0.144228 0.149628 4.39346e-05
6 0.420939 0.0111713 0.0347337 0.0223426 4.39481e-05
6 0.733708 0.561273 0.021171 0.0473934 4.41272e-05
6 0.466093 0.965132 0.042342 0.069736 4.44063e-05
6 0.591465 0.583615 0.0178631 0.0379147 4.44453e-05
7 0.468243 0.712255 0.0373801 0.17197 4.46379e-05
7 0.438472 0.718348 0.0274562 0.161137 4.4652e-05
6 0.644228 0.657075 0.0241482 0.0412999 4.50222e-05
3 0.818723 0.505416 0.362554 0.875423 4.50628e-05
6 0.58915 0.626947 0.0205094 0.0501016 4.51603e-05
4 0.0540853 0.574137 0.0989084 0.593094 4.52047e-05
6 0.390672 0.652674 0.0158783 0.0406229 4.52511e-05
6 0.663083 0.0182803 0.0572279 0.0365606 4.53099e-05
6 0.00876613 0.00778605 0.0122395 0.0155721 4.55319e-05
5 0.502646 0.0379147 0.136619 0.0758294 4.55469e-05
6 0.478333 0.97698 0.0390341 0.0406229 4.5672e-05
6 0.796229 0.572106 0.111148 0.188219 4.62156e-05
6 0.269765 0.542993 0.0248098 0.0473934 4.63867e-05
8 0.572941 0.992552 0.0535892 0.0148951 4.65327e-05
6 0.215349 0.0101557 0.0416805 0.0203114 4.65557e-05
5 0.731393 0.151659 0.0985776 0.169262 4.66417e-05
7 0.435495 0.522343 0.0115779 0.0941097 4.67811e-05
5 0.305987 0.321598 0.0714522 0.228842 4.68915e-05
6 0.986768 0.269465 0.0264638 0.182803 4.72016e-05
9 0.627192 0.977657 0.0760834 0.0446852 4.74988e-05
6 0.989084 0.0108328 0.0158783 0.0216655 4.75204e-05
6 0.797718 0.47258 0.13265 0.232905 4.76564e-05
6 0.513397 0.0524712 0.0224942 0.104942 4.76636e-05
9 0.854284 0.0243737 0.0631823 0.0338524 4.77845e-05
6 0.493219 0.663507 0.0191862 0.056872 4.79823e-05
7 0.600893 0.469533 0.022825 0.0927556 4.83939e-05
6 0.151671 0.155721 0.0420112 0.0514557 4.85046e-05
6 0.438141 0.631686 0.0360569 0.0663507 4.85115e-05
6 0.518194 0.0321598 0.00893153 0.0331754 4.85481e-05
6 0.129673 0.132363 0.0251406 0.0507786 4.861e-05
6 0.385379 0.02065 0.0648363 0.0412999 4.87486e-05
6 0.257856 0.594787 0.102878 0.174001 4.89516e-05
5 0.791929 0.824645 0.416143 0.208531 4.91754e-05
6 0.911843 0.128978 0.0175323 0.0521327 4.93559e-05
6 0.0395303 0.335816 0.0691366 0.117806 4.97461e-05
6 0.316738 0.61239 0.0658286 0.106297 5.01119e-05
7 0.588488 0.470887 0.0105855 0.084631 5.01278e-05
5 0.140258 0.138795 0.204433 0.0947867 5.10174e-05
5 0.140589 0.0687204 0.24876 0.107651 5.12188e-05
6 0.652663 0.558903 0.0191862 0.0494245 5.12722e-05
5 0.314092 0.150305 0.0559047 0.204469 5.15038e-05
9 0.517367 0.360528 0.0178631 0.0372376 5.15833e-05
6 0.438637 0.977657 0.0390341 0.0446852 5.17697e-05
7 0.591796 0.495261 0.00926232 0.0805687 5.18728e-05
6 0.870989 0.136425 0.0284486 0.0453622 5.20441e-05
6 0.00694674 0.0155721 0.0138935 0.0311442 5.25762e-05
6 0.687562 0.643534 0.0446576 0.0683819 5.26119e-05
9 0.0443268 0.0169262 0.0615283 0.0338524 5.27137e-05
5 0.612967 0.0291131 0.125703 0.0582261 5.29759e-05
6 0.73222 0.533175 0.0413497 0.0656737 5.32678e-05
5 0.915647 0.0771835 0.168707 0.0934326 5.34697e-05
6 0.993549 0.0687204 0.0129011 0.126608 5.34859e-05
9 0.179788 0.00947867 0.0532584 0.0189573 5.36191e-05
5 0.941283 0.0375762 0.117433 0.0751523 5.36561e-05
6 0.752564 0.542993 0.0251406 0.0677048 5.37707e-05
5 0.69087 0.172986 0.114125 0.194313 5.39606e-05
6 0.455012 0.648274 0.0301025 0.0480704 5.39725e-05
6 0.535065 0.537915 0.0393649 0.0724441 5.40677e-05
6 0.347502 0.95633 0.0340721 0.0873392 5.41533e-05
6 0.992392 0.0196344 0.0152167 0.0392688 5.41565e-05
6 0.540026 0.975288 0.0387033 0.0440081 5.42183e-05
5 0.715845 0.883209 0.56831 0.233582 5.47904e-05
9 0.892326 0.0101557 0.047304 0.0203114 5.48837e-05
9 0.0760834 0.014218 0.0509428 0.028436 5.494e-05
6 0.0858419 0.111713 0.0347337 0.0406229 5.50019e-05
6 0.577572 0.611374 0.021171 0.0406229 5.50313e-05
4 0.712372 0.653013 0.392656 0.38524 5.5183e-05
6 0.717665 0.589032 0.0420112 0.0595802 5.52317e-05
6 0.439133 0.593771 0.0188554 0.0446852 5.55142e-05
6 0.523983 0.593433 0.0178631 0.0521327 5.5997e-05
6 0.984949 0.108666 0.0301025 0.127962 5.62632e-05
0 0.00810453 0.146242 0.0148859 0.264049 5.62747e-05
6 0.714522 0.114421 0.0119087 0.028436 5.69954e-05
7 0.299868 0.247123 0.0115779 0.123223 5.70832e-05
6 0.510089 0.0169262 0.0350645 0.0338524 5.71305e-05
6 0.453523 0.589032 0.0205094 0.0487475 5.71643e-05
6 0.516209 0.641503 0.0254714 0.0467163 5.75256e-05
6 0.529772 0.58937 0.260337 0.165877 5.75324e-05
2 0.303176 0.423494 0.092954 0.2065 5.78119e-05
6 0.812603 0.0358835 0.136619 0.0717671 5.81202e-05
5 0.54168 0.978673 0.476017 0.042654 5.84504e-05
6 0.359907 0.964116 0.0284486 0.0555179 5.85502e-05
6 0.38174 0.549763 0.0555739 0.0785376 5.90612e-05
6 0.0926232 0.15132 0.0324181 0.0521327 5.93468e-05
6 0.305326 0.638456 0.0390341 0.0663507 5.93889e-05
5 0.827489 0.99763 0.345022 0.00473934 5.97087e-05
6 0.496361 0.644211 0.0267946 0.0440081 5.97582e-05
6 0.735528 0.589032 0.0254714 0.0555179 6.01047e-05
6 0.960139 0.147935 0.0519352 0.156398 6.05137e-05
5 0.697321 0.0450237 0.175323 0.0900474 6.10125e-05
6 0.607013 0.00169262 0.0218326 0.00338524 6.12402e-05
6 0.743301 0.53893 0.0224942 0.0514557 6.12597e-05
9 0.106351 0.00880163 0.0406881 0.0176033 6.15411e-05
6 0.522163 0.00372376 0.0122395 0.00744753 6.16804e-05
6 0.029441 0.034868 0.0588819 0.069736 6.1694e-05
6 0.716507 0.498984 0.0555739 0.136764 6.18421e-05
6 0.724281 0.492552 0.0155475 0.0534868 6.21878e-05
9 0.243963 1 0.0737678 0 6.23024e-05
5 0.956831 0.0890318 0.0863381 0.0941097 6.23959e-05
6 0.611148 0.0162492 0.0559047 0.0324983 6.25712e-05
6 0.699967 0.0609343 0.0602051 0.0934326 6.2918e-05
5 0.312934 0.0914015 0.0714522 0.182803 6.29202e-05
6 0.379424 0.953284 0.0410189 0.0934326 6.34004e-05
7 0.715845 0.246784 0.0310949 0.15369 6.3406e-05
6 0.781012 0.438727 0.0714522 0.109682 6.34476e-05
6 0.407873 0.958362 0.0575587 0.0832769 6.37782e-05
6 0.879094 0.15132 0.0281178 0.0467163 6.40202e-05
6 0.513728 0.0291131 0.00992392 0.0338524 6.40482e-05
5 0.744128 0.972918 0.432352 0.0541638 6.42562e-05
5 0.761826 0.0396073 0.175323 0.0792146 6.42776e-05
6 0.416308 0.0162492 0.0545815 0.0324983 6.42842e-05
6 0.674826 0.660122 0.0264638 0.056872 6.42977e-05
6 0.716672 0.614421 0.0301025 0.0534868 6.45475e-05
5 0.391168 0.0494245 0.213364 0.098849 6.48205e-05
6 0.823189 0.831754 0.0889845 0.10088 6.53096e-05
6 0.566325 0.976303 0.0383725 0.0433311 6.54506e-05
7 0.556236 0.687204 0.0446576 0.121869 6.57733e-05
6 0.453523 0.604942 0.0264638 0.0399458 6.57742e-05
6 0.635296 0.0159106 0.0552431 0.0318213 6.59578e-05
6 0.116441 0.13304 0.0291102 0.0480704 6.60755e-05
6 0.278697 0.540623 0.0201786 0.0412999 6.62771e-05
7 0.611479 0.498984 0.0102547 0.0731212 6.63712e-05
2 0.248594 0.383209 0.178961 0.28436 6.66509e-05
9 0.537215 0.362898 0.0185246 0.0352065 6.67481e-05
6 0.732385 0.537915 0.0231558 0.0440081 6.74044e-05
7 0.73867 0.241029 0.0152167 0.134056 6.74652e-05
9 0.782666 1 0.0787297 0 6.76163e-05
6 0.48528 0.645904 0.0231558 0.0582261 6.8142e-05
7 0.497519 0.486459 0.0344029 0.104942 6.8598e-05
9 0.630169 1 0.176646 0 6.8611e-05
6 0.956831 0.155383 0.0420112 0.0629655 6.88374e-05
7 0.431194 0.487475 0.00760834 0.0812458 6.94075e-05
6 0.462455 0.59174 0.213033 0.116452 6.98918e-05
6 0.43996 0.654705 0.0185246 0.0487475 7.02037e-05
5 0.101224 0.0230196 0.144889 0.0460393 7.02506e-05
6 0.7261 0.507109 0.024479 0.0487475 7.03043e-05
6 0.301356 0.496276 0.0271254 0.0677048 7.0403e-05
6 0.711545 0.530806 0.0449884 0.0744753 7.05997e-05
6 0.342871 0.557211 0.0248098 0.0446852 7.0609e-05
6 0.484783 0.59411 0.0168707 0.0534868 7.06279e-05
6 0.596097 0.63067 0.0529276 0.0710901 7.18041e-05
6 0.711214 0.522004 0.202448 0.287068 7.18126e-05
6 0.522494 0.616452 0.0181938 0.0467163 7.18452e-05
6 0.752894 0.629993 0.0469732 0.0941097 7.27935e-05
6 0.525637 0.65369 0.024479 0.0575491 7.30579e-05
6 0.980979 0.0243737 0.0380417 0.0487475 7.31141e-05
6 0.377109 0.592079 0.151505 0.197021 7.3227e-05
6 0.0544161 0.120853 0.0301025 0.0548409 7.32441e-05
6 0.986437 0.189235 0.0271254 0.142857 7.33793e-05
2 0.839067 0.414353 0.11611 0.335816 7.40419e-05
6 0.470228 0.609343 0.0208402 0.0352065 7.50014e-05
6 0.21783 0.587339 0.112802 0.285037 7.50935e-05
6 0.409692 0.548747 0.0347337 0.0494245 7.51396e-05
5 0.051439 0.0253893 0.102878 0.0507786 7.53195e-05
2 0.380748 0.458362 0.39431 0.285714 7.58826e-05
6 0.304995 0.491198 0.052266 0.140149 7.60711e-05
6 0.0740986 0.102573 0.0337413 0.0453622 7.62386e-05
7 0.528118 0.712255 0.0301025 0.098849 7.63172e-05
6 0.529772 0.472241 0.0519352 0.069736 7.63609e-05
7 0.565498 0.470548 0.0109163 0.0920785 7.67811e-05
7 0.494376 0.704468 0.0301025 0.098172 7.67943e-05
6 0.517863 0.596818 0.0181938 0.0521327 7.72765e-05
5 0.814257 0.963778 0.371485 0.0724441 7.72889e-05
6 0.661098 0.528098 0.0625207 0.0853081 7.80638e-05
3 0.23255 0.510494 0.465101 0.779959 7.90562e-05
9 0.329309 1 0.0691366 0 7.91826e-05
5 0.368177 0.0870007 0.123718 0.0954638 7.9245e-05
6 0.605855 0.0101557 0.0387033 0.0203114 7.93483e-05
6 0.988587 0.156398 0.0188554 0.105619 7.9427e-05
6 0.616275 0.553825 0.0284486 0.0406229 8.01174e-05
6 0.438141 0.594448 0.0360569 0.0582261 8.12961e-05
6 0.354945 0.524374 0.0661594 0.0819228 8.17163e-05
6 0.56219 0.661476 0.0320873 0.0717671 8.20322e-05
6 0.418955 0.595125 0.0545815 0.0785376 8.22578e-05
9 0.148859 0.00270819 0.0383725 0.00541638 8.26784e-05
6 0.509759 0.511171 0.0403573 0.0717671 8.27548e-05
7 0.603374 0.472241 0.00926232 0.0873392 8.31554e-05
9 0.158617 0.0179418 0.0499504 0.0318213 8.33654e-05
6 0.525306 0.0605958 0.0595435 0.118483 8.35697e-05
6 0.0368839 0.447529 0.0737678 0.33717 8.43314e-05
5 0.611809 0.049763 0.201456 0.0995261 8.46524e-05
5 0.770923 0.155383 0.458154 0.310765 8.47666e-05
7 0.600232 0.49323 0.0102547 0.0859851 8.48836e-05
6 0.717499 0.111713 0.0621899 0.17197 8.49499e-05
6 0.0175323 0.021327 0.0350645 0.042654 8.49528e-05
6 0.590638 0.625931 0.151836 0.107651 8.51069e-05
4 0.819715 0.571429 0.125041 0.398104 8.57194e-05
6 0.363381 0.631009 0.0248098 0.056872 8.59447e-05
6 0.344856 0.967502 0.0274562 0.0541638 8.60255e-05
6 0.989745 0.115775 0.0185246 0.124577 8.60483e-05
6 0.521006 0.0145565 0.027787 0.0291131 8.66496e-05
9 0.635461 0.998646 0.0807145 0.00270819 8.68777e-05
6 0.504466 0.636087 0.0218326 0.0440081 8.70819e-05
6 0.0588819 0.38084 0.0760834 0.119838 8.71263e-05
6 0.479656 0.637102 0.0231558 0.0406229 8.8518e-05
5 0.596924 0.262695 0.446907 0.186865 8.89633e-05
6 0.69699 0.532498 0.0205094 0.0399458 8.89875e-05
6 0.405888 0.627285 0.0443268 0.0534868 8.92964e-05
6 0.953523 0.259309 0.0565663 0.108328 8.93802e-05
6 0.511413 0.324306 0.0330797 0.0595802 8.9804e-05
6 0.0492888 0.12153 0.0549123 0.0710901 9.01848e-05
5 0.792756 0.910968 0.414489 0.178064 9.09427e-05
9 0.29441 1 0.194509 0 9.19023e-05
6 0.558882 0.580907 0.0380417 0.0758294 9.23281e-05
9 0.273239 1 0.076745 0 9.25756e-05
9 0.131326 0.00203114 0.0310949 0.00406229 9.39119e-05
6 0.940787 0.176371 0.118425 0.168585 9.45549e-05
6 0.809792 0.159445 0.070129 0.069736 9.52558e-05
5 0.319715 0.969871 0.454846 0.0602573 9.60018e-05
6 0.37562 0.972241 0.0400265 0.0514557 9.62422e-05
9 0.872147 0.014218 0.0711214 0.028436 9.64209e-05
9 0.160933 0.0148951 0.0810453 0.0297901 9.6517e-05
2 0.227092 0.49323 0.122064 0.291808 9.65602e-05
6 0.461131 0.97698 0.0370493 0.0406229 9.66619e-05
6 0.71386 0.0781991 0.0390341 0.0954638 9.75014e-05
6 0.959147 0.106297 0.0367185 0.0541638 9.92208e-05
9 0.302514 1 0.0744294 0 9.95118e-05
6 0.430367 0.588355 0.0165399 0.0433311 9.95562e-05
6 0.419947 0.647596 0.0373801 0.0643196 0.000100437
2 0.799868 0.3761 0.138935 0.287745 0.00010062
5 0.554912 0.0914015 0.151836 0.132701 0.000101381
6 0.310949 0.0406229 0.0641747 0.0812458 0.000101943
5 0.584684 0.263033 0.143897 0.202437 0.000101977
9 0.752564 1 0.0747602 0 0.00010282
5 0.51654 0.874408 0.753225 0.251185 0.000104221
6 0.564671 0.620853 0.0403573 0.0541638 0.000104957
6 0.576083 0.637102 0.0201786 0.0352065 0.000106207
6 0.920443 0.144888 0.0281178 0.108328 0.00010678
5 0.525471 0.23392 0.0453192 0.165877 0.00010711
7 0.52299 0.47021 0.0152167 0.107651 0.000107602
5 0.89001 0.0189573 0.131988 0.0379147 0.000108625
6 0.591465 0.655044 0.0317565 0.0507786 0.00010874
6 0.712537 0.584631 0.0165399 0.0480704 0.000109408
6 0.511743 0.352065 0.0304333 0.0473934 0.000109731
6 0.0621899 0.134394 0.0555739 0.0602573 0.000109784
6 0.117929 0.153351 0.0287794 0.0480704 0.000109932
6 0.00463116 0.127285 0.00926232 0.117806 0.000110321
7 0.527291 0.715301 0.0396957 0.168585 0.000110918
4 0.725107 0.784022 0.486933 0.362898 0.000111539
5 0.210718 0.315166 0.37777 0.46784 0.000111572
5 0.299206 0.0406229 0.139266 0.0812458 0.000112982
6 0.523817 0.0558565 0.0162091 0.111713 0.000113445
6 0.627522 0.652336 0.0198478 0.0412999 0.000113715
6 0.0944426 0.13067 0.0320873 0.0487475 0.000114861
6 0.0822031 0.141503 0.0314257 0.0528097 0.000115163
7 0.540357 0.719025 0.0367185 0.19499 0.000115227
6 0.634469 0.641503 0.0377109 0.0534868 0.000115764
6 0.466093 0.663846 0.0396957 0.0778605 0.000115844
5 0.319881 0.250846 0.0999008 0.287745 0.000116192
6 0.60569 0.629316 0.0198478 0.0494245 0.000116361
6 0.480152 0.597495 0.0142243 0.0412999 0.000117034
6 0.106848 0.150982 0.0284486 0.0487475 0.000118194
6 0.0828647 0.116114 0.071783 0.0643196 0.000118578
6 0.751902 0.574475 0.0344029 0.0805687 0.000119033
6 0.392491 0.975288 0.0466424 0.0494245 0.000119395
5 0.258187 0.821936 0.453523 0.352065 0.000119986
6 0.932352 0.126608 0.0327489 0.0974949 0.000120216
6 0.269765 0.57346 0.0334105 0.0717671 0.000121222
5 0.699471 0.118145 0.160437 0.18348 0.000122839
6 0.105855 0.129993 0.0284486 0.0473934 0.000123163
6 0.929044 0.150982 0.0274562 0.0473934 0.000123795
6 0.129838 0.155044 0.0320873 0.0460393 0.000124897
6 0.528945 0.0236967 0.0416805 0.0473934 0.000124916
6 0.940787 0.14455 0.0602051 0.0643196 0.000125621
6 0.932683 0.125931 0.026133 0.0541638 0.000125678
6 0.568971 0.64218 0.0224942 0.0399458 0.000125697
5 0.698313 0.0717671 0.125703 0.115098 0.000125921
6 0.403407 0.588693 0.0215018 0.0385917 0.000126164
6 0.642574 0.555518 0.0340721 0.0440081 0.000128441
5 0.290605 0.119838 0.183592 0.211239 0.000129607
9 0.723123 1 0.076745 0 0.0001301
7 0.295898 0.250169 0.0201786 0.203791 0.000131355
5 0.313927 0.260325 0.0476348 0.264726 0.000131507
6 0.714357 0.528775 0.026133 0.0433311 0.000131554
7 0.497023 0.473257 0.0155475 0.116452 0.000132347
7 0.51472 0.319567 0.0125703 0.0907244 0.00013275
6 0.0783989 0.118822 0.0377109 0.110359 0.00013328
6 0.509924 0.0524712 0.0770757 0.104942 0.000133738
6 0.708733 0.544008 0.0982468 0.13067 0.000133822
9 0.715845 1 0.19517 0 0.000133857
6 0.518028 0.0524712 0.0258022 0.0792146 0.000134653
9 0.693847 0.999662 0.0777373 0.000677048 0.000136933
6 0.620245 0.584631 0.021171 0.042654 0.000137045
6 0.946576 0.123223 0.029441 0.0541638 0.00013742
6 0.615944 0.650305 0.0191862 0.0372376 0.000138793
5 0.752068 0.265741 0.114125 0.2891 0.000140169
6 0.51257 0.656398 0.0320873 0.0589032 0.000141082
7 0.511247 0.47021 0.0340721 0.133378 0.000142051
9 0.167218 0.00575491 0.0420112 0.0115098 0.000142078
6 0.00578895 0.0809072 0.0115779 0.113067 0.000142916
6 0.462124 0.634394 0.291102 0.173324 0.000143658
7 0.438472 0.500677 0.00893153 0.0792146 0.000144934
6 0.725604 0.131686 0.0129011 0.0318213 0.000145396
6 0.512405 0.616114 0.0185246 0.0446852 0.000146674
3 0.125372 0.541977 0.250744 0.916046 0.000146748
6 0.518359 0.0477319 0.0112471 0.0385917 0.000146918
6 0.241978 0.381517 0.120079 0.167231 0.000147689
5 0.854449 0.063981 0.291102 0.106297 0.000148447
6 0.49388 0.614421 0.0238174 0.0372376 0.000148645
2 0.804995 0.414015 0.194178 0.475965 0.000148677
6 0.721138 0.135748 0.0165399 0.0318213 0.000148845
7 0.733377 0.248477 0.0191862 0.188219 0.000150417
6 0.690705 0.52742 0.042342 0.0812458 0.000151056
5 0.200132 0.100542 0.183262 0.126608 0.000151176
6 0.505127 0.61239 0.0185246 0.0385917 0.00015232
5 0.793417 0.258294 0.153159 0.203791 0.000154103
7 0.656302 0.6652 0.0562355 0.111713 0.000157043
6 0.478829 0.586662 0.0466424 0.0548409 0.000158661
9 0.129342 0.00677048 0.0416805 0.013541 0.000158842
6 0.480483 0.613067 0.0175323 0.0372376 0.000159181
6 0.525802 0.035545 0.0254714 0.0710901 0.000161021
5 0.177142 0.041977 0.200794 0.083954 0.000162684
6 0.665564 0.589709 0.0238174 0.0406229 0.000163719
6 0.736024 0.634733 0.0330797 0.0589032 0.000164447
2 0.826993 0.270481 0.23222 0.363575 0.000164459
5 0.620576 0.179079 0.193186 0.217332 0.000164823
6 0.742971 0.594787 0.0926232 0.15369 0.000166223
7 0.727092 0.240014 0.0138935 0.142857 0.000166473
6 0.951869 0.126608 0.0532584 0.0744753 0.000167215
5 0.934502 0.118822 0.130996 0.127962 0.000167631
6 0.348826 0.599526 0.0426728 0.0710901 0.000168399
6 0.289117 0.638118 0.042342 0.0724441 0.000168403
6 0.525471 0.0308057 0.0102547 0.0412999 0.000171988
5 0.317565 0.913676 0.441283 0.167231 0.000172196
6 0.50612 0.596479 0.0152167 0.0473934 0.00017421
6 0.296229 0.539946 0.022825 0.0440081 0.000174677
5 0.711049 0.248138 0.100893 0.229519 0.00017621
6 0.277539 0.566012 0.0231558 0.0541638 0.000176216
6 0.712868 0.569397 0.021171 0.0406229 0.000177026
6 0.388852 0.552133 0.0188554 0.0440081 0.000177304
6 0.419782 0.650643 0.0165399 0.041977 0.000178285
6 0.341217 0.588016 0.0770757 0.118483 0.000180262
7 0.510255 0.716655 0.0466424 0.164523 0.000183864
6 0.347833 0.628301 0.0201786 0.0460393 0.000186248
6 0.920774 0.142857 0.0320873 0.0501016 0.000187741
5 0.775554 0.124238 0.212041 0.15369 0.00019183
6 0.920112 0.129993 0.0208402 0.0541638 0.000193201
6 0.655144 0.595125 0.022825 0.0379147 0.000195751
6 0.0524314 0.375423 0.0916308 0.241706 0.000196228
6 0.387529 0.610697 0.0519352 0.104265 0.000198015
9 0.158948 0.021327 0.0486272 0.042654 0.000198652
6 0.511413 0.592756 0.0165399 0.056195 0.000201056
6 0.557063 0.636764 0.0469732 0.0968179 0.000203763
5 0.229739 0.198037 0.459477 0.396073 0.000205044
6 0.718988 0.123561 0.0486272 0.0914015 0.000211626
6 0.705425 0.612728 0.124049 0.189573 0.000212016
6 0.94608 0.249831 0.0807145 0.184157 0.000213426
7 0.738174 0.247461 0.0221634 0.321598 0.000215384
5 0.507774 0.988152 0.650347 0.0236967 0.000215432
5 0.227754 0.975288 0.455508 0.0494245 0.00021568
6 0.269765 0.592756 0.0466424 0.0602573 0.000217278
5 0.389018 0.121192 0.242144 0.167908 0.000218831
6 0.584353 0.58497 0.0539199 0.0731212 0.000218928
5 0.148363 0.0176033 0.143897 0.0352065 0.000220268
6 0.705425 0.522004 0.019517 0.0433311 0.000222583
5 0.490572 0.125592 0.691366 0.251185 0.000222865
5 0.651671 0.264726 0.154151 0.264049 0.000226487
7 0.299868 0.659106 0.0360569 0.0643196 0.000226878
6 0.679127 0.557211 0.0383725 0.0622884 0.000229904
6 0.665399 0.657075 0.0234866 0.0589032 0.000230719
6 0.660106 0.555179 0.0215018 0.0392688 0.000231514
5 0.716507 0.211578 0.566986 0.423155 0.000237805
6 0.416804 0.621869 0.142904 0.0873392 0.000241834
7 0.549289 0.469533 0.0201786 0.0914015 0.000256097
6 0.329639 0.521666 0.0215018 0.0372376 0.00026076
3 0.891333 0.575829 0.217334 0.823968 0.000275302
6 0.340556 0.583277 0.0254714 0.0467163 0.000276237
6 0.604697 0.648274 0.0205094 0.0399458 0.00027853
5 0.50827 0.944821 0.621568 0.110359 0.000278571
6 0.595435 0.601219 0.0337413 0.0446852 0.00027947
5 0.176977 0.913338 0.353953 0.173324 0.00028091
7 0.510751 0.470548 0.0152167 0.129993 0.000289122
6 0.354284 0.55281 0.0482964 0.0629655 0.000289986
6 0.810288 0.168923 0.100232 0.110359 0.000295736
6 0.439464 0.611713 0.0215018 0.0453622 0.000298037
5 0.842375 0.0240352 0.122064 0.0480704 0.000298805
5 0.161098 0.974611 0.322196 0.0507786 0.000300198
6 0.0762488 0.119499 0.0320873 0.0507786 0.00031469
4 0.341879 0.656398 0.288786 0.312119 0.000318335
6 0.565002 0.585985 0.0383725 0.0440081 0.00032568
6 0.714687 0.50677 0.022825 0.0494245 0.000333791
2 0.510255 0.440081 0.0777373 0.123223 0.000344376
5 0.61429 0.117129 0.236851 0.146242 0.000347673
6 0.39001 0.596141 0.0271254 0.042654 0.000353789
6 0.674661 0.633717 0.0248098 0.0487475 0.000358779
5 0.300198 0.858158 0.600397 0.283683 0.000364178
6 0.489911 0.668923 0.0416805 0.121869 0.000375271
6 0.308634 0.606297 0.0337413 0.0521327 0.000377483
5 0.875951 0.0341909 0.201786 0.0683819 0.000378545
6 0.720146 0.125931 0.0251406 0.129993 0.000388918
6 0.532749 0.668923 0.0373801 0.129993 0.000395037
7 0.29656 0.244076 0.0274562 0.360867 0.000395403
6 0.680119 0.598849 0.0886537 0.114421 0.000407437
6 0.712703 0.59174 0.0605359 0.139472 0.000407501
7 0.543334 0.476303 0.0102547 0.109005 0.000410528
6 0.710056 0.547732 0.0274562 0.0528097 0.000411904
5 0.503639 0.0609343 0.254383 0.121869 0.000413299
5 0.384717 0.227488 0.356599 0.334462 0.000417231
6 0.625703 0.607651 0.0889845 0.103588 0.000418011
6 0.540523 0.589709 0.0516044 0.100203 0.00044786
6 0.380251 0.551794 0.0188554 0.041977 0.000463477
6 0.528614 0.587339 0.0377109 0.0765064 0.000474976
6 0.29656 0.577522 0.0797221 0.123223 0.000475651
3 0.220642 0.568382 0.226265 0.777928 0.000479949
6 0.463612 0.627624 0.0340721 0.0487475 0.000485807
6 0.659444 0.63067 0.022825 0.0453622 0.000488448
5 0.510751 0.105281 0.132319 0.174001 0.000496285
6 0.295071 0.560934 0.0251406 0.0453622 0.000502613
6 0.71998 0.120176 0.0109163 0.0236967 0.000505832
6 0.289944 0.615437 0.0353953 0.0555179 0.000525476
6 0.481972 0.6239 0.0774065 0.138795 0.000534418
6 0.700959 0.600542 0.0284486 0.0622884 0.000534738
6 0.537215 0.582938 0.0410189 0.0487475 0.000550362
6 0.432848 0.605958 0.0248098 0.0406229 0.000578501
6 0.484783 0.633717 0.0446576 0.105619 0.000579849
9 0.156632 0.0098172 0.0479656 0.0196344 0.000589599
6 0.463116 0.592079 0.0291102 0.0412999 0.000608297
6 0.407377 0.605619 0.0406881 0.0412999 0.000613178
6 0.666391 0.633717 0.019517 0.0446852 0.000652644
7 0.551108 0.478334 0.0105855 0.0927556 0.000656584
6 0.693186 0.594787 0.0254714 0.0467163 0.000669072
5 0.726265 0.234936 0.0387033 0.261341 0.000686409
6 0.365366 0.549425 0.0221634 0.042654 0.000709661
6 0.3174 0.584631 0.0426728 0.0683819 0.000758291
6 0.744955 0.607989 0.0357261 0.0934326 0.000769254
6 0.489911 0.625592 0.0310949 0.0663507 0.000770742
6 0.301852 0.508125 0.0201786 0.0399458 0.000772122
6 0.505293 0.593771 0.0479656 0.0690589 0.000841747
6 0.492392 0.588355 0.029441 0.041977 0.000846047
5 0.50827 0.271496 0.0625207 0.189573 0.000861444
6 0.320708 0.587001 0.134634 0.189573 0.000890578
6 0.716176 0.125254 0.0145551 0.0324983 0.000936334
3 0.787794 0.56432 0.268277 0.74543 0.000966134
5 0.646543 0.23629 0.317896 0.346649 0.000982007
5 0.391664 0.253554 0.183262 0.26608 0.00100803
6 0.418955 0.626269 0.0400265 0.0352065 0.00102312
6 0.51472 0.586662 0.0383725 0.0440081 0.00107415
6 0.356434 0.590386 0.019517 0.0365606 0.00108707
7 0.503639 0.661137 0.0916308 0.157752 0.00111354
6 0.671518 0.605958 0.024479 0.0473934 0.00111535
8 0.239993 0.258971 0.139266 0.18348 0.00115398
6 0.64919 0.608666 0.0611975 0.0649966 0.0011648
5 0.810453 0.140826 0.293748 0.251862 0.00116812
6 0.353291 0.545362 0.0231558 0.0399458 0.00118477
6 0.347172 0.602911 0.0181938 0.0467163 0.00122334
7 0.702117 0.668585 0.0565663 0.0995261 0.00124592
6 0.619914 0.631009 0.0218326 0.0365606 0.00125318
6 0.692689 0.565335 0.0344029 0.0460393 0.00125587
6 0.401919 0.620853 0.021171 0.0392688 0.00127672
6 0.309295 0.509817 0.0310949 0.0717671 0.00134427
6 0.668541 0.597495 0.0482964 0.0440081 0.00143202
6 0.371154 0.620853 0.0224942 0.0433311 0.00145671
4 0.507774 0.646919 0.415481 0.283683 0.00154888
6 0.355772 0.613406 0.0181938 0.0406229 0.00156628
6 0.298048 0.575829 0.0357261 0.0480704 0.00161053
6 0.354284 0.556195 0.0317565 0.0399458 0.00196313
6 0.623222 0.611374 0.0330797 0.0460393 0.00200252
6 0.339894 0.596818 0.0353953 0.0494245 0.00207476
6 0.716507 0.122884 0.0297718 0.0589032 0.00219055
6 0.37744 0.608328 0.0496196 0.0629655 0.00221245
6 0.69302 0.583954 0.0430036 0.0886933 0.00222885
6 0.420774 0.628639 0.0178631 0.0385917 0.0022882
6 0.278531 0.61916 0.0271254 0.0643196 0.00231935
3 0.311446 0.592079 0.467416 0.601896 0.00234686
6 0.337248 0.547732 0.0181938 0.0352065 0.00247349
5 0.503804 0.252877 0.134965 0.240352 0.00252865
6 0.436322 0.641165 0.0191862 0.0365606 0.00266549
6 0.670361 0.554841 0.0281178 0.0440081 0.0027861
2 0.505458 0.467163 0.128349 0.115098 0.00285804
2 0.206087 0.220379 0.259345 0.310765 0.00297213
7 0.717168 0.657414 0.0370493 0.0866622 0.00297503
6 0.341548 0.540961 0.0168707 0.0379147 0.00298906
6 0.530433 0.628301 0.0618591 0.116452 0.0030263
6 0.650678 0.605958 0.0350645 0.041977 0.00311375
6 0.428879 0.637779 0.022825 0.0352065 0.00381003
6 0.633311 0.607312 0.0221634 0.0406229 0.00384573
6 0.508435 0.643534 0.0588819 0.0914015 0.00505076
6 0.682269 0.603588 0.0340721 0.0548409 0.00522587
6 0.600066 0.634055 0.0191862 0.0345295 0.00574395
6 0.370989 0.603927 0.0234866 0.0392688 0.00603235
5 0.206748 0.108666 0.255375 0.217332 0.00647574
6 0.358419 0.592417 0.0400265 0.0446852 0.00732794
6 0.389348 0.616791 0.0218326 0.041977 0.0078918
6 0.676977 0.571429 0.0221634 0.0487475 0.00969271
6 0.630499 0.621192 0.0218326 0.0358835 0.0157925
3 0.522163 0.48172 0.632154 0.367637 0.0276172
6 0.69699 0.579553 0.0224942 0.0392688 0.0327385
5 0.50215 0.132024 0.412173 0.182803 0.0330681
2 0.509262 0.368314 0.538207 0.299255 0.0359107
6 0.311942 0.5413 0.0205094 0.0521327 0.0432233
6 0.378101 0.61239 0.0224942 0.0453622 0.0591638
6 0.310288 0.514218 0.0218326 0.042654 0.0861432
6 0.688885 0.583615 0.0221634 0.0392688 0.0930135
6 0.639927 0.616791 0.0248098 0.0406229 0.107168
6 0.681608 0.580569 0.0208402 0.0412999 0.107226
6 0.317896 0.570413 0.0251406 0.0412999 0.13033
6 0.332451 0.574475 0.027787 0.042654 0.530783
3 0.514886 0.602573 0.815415 0.739336 0.552714
4 0.513893 0.649628 0.65994 0.409614 0.845035
2 0.506781 0.444144 0.453854 0.190928 0.901969
5 0.515217 0.261679 0.449553 0.31889 0.938689
