3 0.858123 0.408238 0.283754 0.70931 3.30115e-05
6 0.491283 0.524113 0.0293027 0.0596115 3.30943e-05
6 0.870734 0.516745 0.0330119 0.0636303 3.31563e-05
6 0.757418 0.922639 0.0534125 0.0931011 3.31743e-05
6 0.706046 0.974548 0.0448813 0.0509042 3.31922e-05
6 0.756677 0.474883 0.12092 0.158071 3.32327e-05
6 0.99592 0.974213 0.00816024 0.0421969 3.33465e-05
6 0.240912 0.0133958 0.0530415 0.0267917 3.3387e-05
7 0.596625 0.427997 0.00853116 0.0803751 3.34951e-05
5 0.417285 0.00435365 0.134273 0.0087073 3.35365e-05
6 0.529303 0.0984595 0.0178042 0.0294709 3.35762e-05
6 0.176187 0.115539 0.0408012 0.0475553 3.36052e-05
6 0.456973 0.0154052 0.0281899 0.0308104 3.36552e-05
6 0.528375 0.550234 0.0159496 0.0328198 3.37117e-05
6 0.184718 0.940723 0.0689911 0.101139 3.38559e-05
6 0.119622 0.985599 0.0530415 0.0288011 3.38621e-05
7 0.520957 0.375754 0.0352374 0.0736772 3.38674e-05
6 0.908012 0.425988 0.0586053 0.0991293 3.38702e-05
6 0.658012 0.00736772 0.0430267 0.0147354 3.39133e-05
9 0.0289317 0.00669792 0.0578635 0.0133958 3.40213e-05
6 0.784681 0.0760214 0.0174332 0.0328198 3.40268e-05
6 0.240912 0.927328 0.0374629 0.145345 3.40295e-05
6 0.651521 0.0308104 0.118323 0.0616209 3.41703e-05
7 0.485349 0.384796 0.0166914 0.0703282 3.44679e-05
6 0.779488 0.416946 0.0456231 0.074347 3.45215e-05
7 0.517433 0.37207 0.014095 0.0529136 3.45826e-05
7 0.465319 0.427997 0.0189169 0.0817147 3.45852e-05
6 0.729414 0.974548 0.0493323 0.0509042 3.46266e-05
6 0.279674 0.992967 0.0318991 0.0140656 3.47314e-05
6 0.797292 0.118218 0.0715875 0.142666 3.47433e-05
6 0.431936 0.0164099 0.0456231 0.0328198 3.48718e-05
6 0.616469 0.0137307 0.0333828 0.0274615 3.4874e-05
6 0.445846 0.0204287 0.0222552 0.035499 3.49845e-05
5 0.777077 0.221701 0.0697329 0.243804 3.50565e-05
6 0.529117 0.495646 0.0100148 0.0348292 3.50626e-05
6 0.628153 0.989953 0.0352374 0.0200938 3.50841e-05
6 0.415801 0.69223 0.037092 0.0770261 3.50954e-05
6 0.995178 0.520094 0.00964392 0.16142 3.52391e-05
6 0.67322 0.013061 0.0608309 0.0261219 3.52476e-05
5 0.581602 0.972873 0.619436 0.0542532 3.52771e-05
2 0.676558 0.442063 0.586053 0.249163 3.53187e-05
6 0.706046 0.00669792 0.0396884 0.0133958 3.53426e-05
6 0.0986647 0.524447 0.120178 0.155392 3.53634e-05
6 0.405786 0.514066 0.014095 0.0341594 3.53853e-05
6 0.505749 0.518084 0.0204006 0.0488948 3.55305e-05
6 0.119993 0.516075 0.0374629 0.0636303 3.55554e-05
6 0.421921 0.035499 0.0285608 0.0361688 3.56015e-05
6 0.37908 0.983255 0.0378338 0.0334896 3.56132e-05
6 0.266877 0.992297 0.0344955 0.0154052 3.56194e-05
6 0.193064 0.977227 0.0396884 0.0455459 3.56973e-05
6 0.743694 0.0133958 0.0393175 0.0227729 3.57198e-05
6 0.871847 0.429337 0.0515579 0.0857334 3.57686e-05
6 0.192136 0.991293 0.0341246 0.0174146 3.58234e-05
6 0.242211 0.623912 0.22997 0.277964 3.58919e-05
6 0.0159496 0.0763563 0.0200297 0.0683188 3.59091e-05
7 0.660052 0.429672 0.112389 0.101139 3.60929e-05
6 0.678783 0.989618 0.0356083 0.0207636 3.6154e-05
5 0.394659 0.0850636 0.430267 0.152713 3.61769e-05
6 0.0858679 0.0991293 0.0515579 0.0348292 3.62265e-05
8 0.944918 0.292699 0.0804896 0.286671 3.62324e-05
6 0.464948 0.0174146 0.0567507 0.0348292 3.6233e-05
6 0.658012 0.0391829 0.060089 0.0783657 3.63159e-05
6 0.470141 0.0120563 0.0189169 0.0241125 3.63623e-05
6 0.691395 0.497321 0.0459941 0.0488948 3.63921e-05
9 0.953635 0.0877428 0.09273 0.0736772 3.64195e-05
6 0.464763 0.971199 0.0363501 0.0576021 3.6541e-05
6 0.466246 0.965171 0.0489614 0.0509042 3.65483e-05
6 0.566024 0.546551 0.0200297 0.0281313 3.66708e-05
6 0.691024 0.630275 0.0630564 0.0750167 3.67255e-05
6 0.153746 0.974213 0.050816 0.051574 3.68548e-05
6 0.670067 0.947756 0.0515579 0.0830543 3.69342e-05
6 0.553227 0.0221031 0.0404303 0.0442063 3.69568e-05
6 0.553042 0.493637 0.0163205 0.0267917 3.70331e-05
6 0.441766 0.0227729 0.0267062 0.0455459 3.70767e-05
6 0.121662 0.328533 0.113501 0.149364 3.7099e-05
8 0.882047 0.991962 0.0534125 0.016075 3.71267e-05
6 0.571402 0.540857 0.0263353 0.0341594 3.71803e-05
6 0.802485 0.518084 0.0827151 0.107837 3.72678e-05
6 0.994807 0.46651 0.0103858 0.135968 3.73171e-05
6 0.193806 0.507703 0.0975519 0.111186 3.73517e-05
9 0.0650964 0.981581 0.106454 0.0368386 3.73862e-05
6 0.565653 0.982251 0.0333828 0.035499 3.73965e-05
9 0.404303 0.977227 0.0378338 0.0455459 3.74561e-05
6 0.260757 0.535164 0.0281899 0.0375084 3.74824e-05
6 0.524852 0.025787 0.0363501 0.0314802 3.75224e-05
6 0.0159496 0.0555928 0.0318991 0.111186 3.75713e-05
6 0.563427 0.0103818 0.0660237 0.0207636 3.76369e-05
6 0.895215 0.380442 0.0634273 0.103148 3.76452e-05
6 0.810831 0.103148 0.0215134 0.0455459 3.77537e-05
6 0.329377 0.635633 0.0267062 0.0442063 3.77538e-05
0 0.993323 0.843269 0.0133531 0.313463 3.77724e-05
5 0.807863 0.300402 0.384273 0.600804 3.78103e-05
4 0.0102003 0.801072 0.0204006 0.304086 3.7842e-05
6 0.603672 0.989618 0.0359792 0.0207636 3.78439e-05
6 0.616654 0.0850636 0.0441395 0.0589417 3.79022e-05
9 0.00500742 0.985934 0.0100148 0.0281313 3.7904e-05
9 0.678042 1 0.0645401 0 3.79644e-05
6 0.857196 0.120228 0.0244807 0.0448761 3.80325e-05
6 0.317322 0.0542532 0.0530415 0.0468855 3.81733e-05
6 0.284125 0.922974 0.0489614 0.0884126 3.81911e-05
6 0.946217 0.153048 0.107567 0.0703282 3.82086e-05
6 0.503338 0.553918 0.0178042 0.0348292 3.82961e-05
6 0.739614 0.555258 0.0252226 0.0348292 3.8407e-05
9 0.310274 0.981246 0.0745549 0.0375084 3.84375e-05
6 0.459384 0.0113865 0.0159496 0.0227729 3.85794e-05
6 0.783383 0.00435365 0.0459941 0.0087073 3.85976e-05
8 0.854043 0.972539 0.0337537 0.054923 3.87099e-05
6 0.795623 0.11152 0.0430267 0.0823845 3.88543e-05
7 0.588279 0.456463 0.00667656 0.0609511 3.89586e-05
6 0.292841 0.992632 0.03227 0.0147354 3.89672e-05
6 0.274295 0.46852 0.0270772 0.0381782 3.89756e-05
9 0.300631 1 0.064911 0 3.89824e-05
6 0.403932 0.0133958 0.0459941 0.0267917 3.90924e-05
6 0.22997 0.980241 0.0363501 0.0395177 3.91288e-05
6 0.196958 0.527127 0.022997 0.0509042 3.92531e-05
6 0.368694 0.517415 0.0170623 0.0328198 3.9294e-05
4 0.70753 0.80509 0.584941 0.389819 3.95524e-05
6 0.960497 0.962157 0.0307864 0.0448761 3.95555e-05
5 0.953079 0.861353 0.0730712 0.277294 3.95575e-05
9 0.0836424 1 0.0567507 0 3.97698e-05
6 0.94566 0.649029 0.0663947 0.368386 3.97844e-05
6 0.640764 0.640991 0.0389466 0.0495646 3.98423e-05
6 0.210312 0.567649 0.111276 0.111855 3.99284e-05
9 0.262982 1 0.0645401 0 3.99802e-05
6 0.821031 0.105827 0.0196588 0.038848 4.00847e-05
6 0.717174 0.489953 0.013724 0.035499 4.02413e-05
6 0.962908 0.303081 0.0652819 0.178835 4.02543e-05
6 0.632975 0.540857 0.0196588 0.0288011 4.0279e-05
6 0.215319 0.991628 0.0330119 0.0167448 4.02845e-05
6 0.503524 0.434695 0.0522997 0.0790355 4.03524e-05
7 0.592544 0.399531 0.0107567 0.0663094 4.04734e-05
6 0.797107 0.947086 0.0445104 0.0843938 4.04877e-05
6 0.361276 0.638312 0.0333828 0.0468855 4.05069e-05
6 0.34273 0.932686 0.0637982 0.102478 4.06684e-05
6 0.526521 0.0274615 0.0537834 0.0509042 4.0707e-05
6 0.390022 0.618553 0.0181751 0.0314802 4.07112e-05
6 0.763353 0.505693 0.0244807 0.0361688 4.07854e-05
6 0.255378 0.926658 0.0382047 0.146685 4.07879e-05
7 0.50612 0.377093 0.0159496 0.0991293 4.08574e-05
5 0.478672 0.253516 0.0767804 0.200268 4.08716e-05
6 0.493509 0.0227729 0.0374629 0.0361688 4.08931e-05
8 0.793212 0.975218 0.0419139 0.0495646 4.10151e-05
6 0.0843843 0.412592 0.0589763 0.186202 4.10213e-05
6 0.318249 0.925653 0.0497033 0.148694 4.10735e-05
6 0.958457 0.104488 0.0408012 0.111186 4.11329e-05
9 0.0083457 0.991628 0.0114985 0.0167448 4.11982e-05
6 0.786165 0.572672 0.0426558 0.0602813 4.13923e-05
6 0.316951 0.0147354 0.0493323 0.0294709 4.14235e-05
6 0.870178 0.103818 0.0400593 0.0964501 4.14695e-05
6 0.74592 0.460817 0.018546 0.0308104 4.15984e-05
6 0.482938 0.025787 0.0259644 0.051574 4.16919e-05
6 0.208642 0.593436 0.0226261 0.0415271 4.1752e-05
6 0.260015 0.444072 0.0348665 0.0696584 4.18643e-05
6 0.704377 0.989283 0.0393175 0.0214334 4.1929e-05
9 0.152077 1 0.0623145 0 4.19818e-05
6 0.240356 0.991962 0.0318991 0.016075 4.20229e-05
6 0.486091 0.108506 0.027819 0.048225 4.21759e-05
6 0.551001 0.0214334 0.0226261 0.0294709 4.2185e-05
6 0.392619 0.989618 0.0374629 0.0207636 4.22717e-05
7 0.483865 0.425988 0.0144659 0.0843938 4.23515e-05
9 0.344585 0.997656 0.0912463 0.00468855 4.23679e-05
6 0.132047 0.494307 0.0459941 0.0750167 4.24368e-05
6 0.258531 0.590087 0.018546 0.0361688 4.2441e-05
6 0.466803 0.549565 0.0166914 0.0301407 4.24509e-05
7 0.539874 0.429672 0.00778932 0.074347 4.24559e-05
6 0.773368 0.00971199 0.0385757 0.019424 4.24571e-05
8 0.831973 0.992632 0.041543 0.0147354 4.25935e-05
6 0.898368 0.121902 0.0422849 0.0843938 4.26073e-05
7 0.519102 0.378768 0.0159496 0.101139 4.27389e-05
6 0.262982 0.437709 0.018546 0.0435365 4.28621e-05
6 0.101632 0.412257 0.0578635 0.0997991 4.29942e-05
6 0.490542 0.00535834 0.0701039 0.0107167 4.30244e-05
6 0.92155 0.424313 0.0604599 0.16276 4.3087e-05
6 0.989243 0.982251 0.014095 0.035499 4.31028e-05
6 0.00408012 0.945077 0.00816024 0.0750167 4.31193e-05
9 0.9477 0.0800402 0.0526706 0.0730074 4.31476e-05
6 0.59069 0.567984 0.0189169 0.0375084 4.32537e-05
5 0.140764 0.966845 0.281528 0.0663094 4.32804e-05
6 0.769844 0.593771 0.027819 0.0421969 4.33119e-05
2 0.389095 0.408908 0.265579 0.122572 4.34127e-05
5 0.528932 0.0997991 0.328635 0.139317 4.34357e-05
8 0.85701 0.992297 0.046365 0.0154052 4.34496e-05
6 0.776706 0.454454 0.0178042 0.035499 4.36005e-05
6 0.300074 0.485934 0.128338 0.103818 4.36947e-05
9 0.927671 1 0.0749258 0 4.38334e-05
6 0.343101 0.518419 0.0155786 0.03215 4.38824e-05
6 0.246476 0.465506 0.027819 0.0361688 4.39593e-05
9 0.714206 1 0.0656528 0 4.40068e-05
8 0.828635 0.975887 0.0281899 0.048225 4.41453e-05
6 0.802856 0.106832 0.0241098 0.0328198 4.41839e-05
7 0.5523 0.389149 0.0830861 0.105827 4.42211e-05
6 0.00890208 0.138982 0.0111276 0.0756865 4.42562e-05
6 0.46977 0.941393 0.0419139 0.0770261 4.42753e-05
5 0.196588 0.106497 0.178783 0.121902 4.43351e-05
6 0.120549 0.117549 0.0430267 0.0381782 4.43572e-05
6 0.64095 0.634628 0.0192878 0.0381782 4.4421e-05
6 0.496847 0.17582 0.0560089 0.119893 4.4619e-05
7 0.486647 0.391494 0.0148368 0.153382 4.46354e-05
9 0.0584199 0.977562 0.0174332 0.0221031 4.47945e-05
6 0.221625 0.441393 0.0493323 0.0562626 4.49843e-05
0 0.988687 0.673141 0.0174332 0.372405 4.49978e-05
6 0.250556 0.0502344 0.0545252 0.100469 4.50216e-05
5 0.321588 0.0937709 0.146884 0.116544 4.50434e-05
5 0.762426 0.0365037 0.408383 0.0730074 4.50469e-05
7 0.522812 0.409578 0.0404303 0.102478 4.51528e-05
6 0.35497 0.978232 0.0400593 0.0435365 4.51987e-05
6 0.483494 0.0264568 0.0715875 0.0529136 4.52311e-05
7 0.528004 0.449431 0.00853116 0.0736772 4.53293e-05
6 0.431194 0.531815 0.0159496 0.03215 4.53521e-05
9 0.00612018 0.995646 0.0122404 0.0087073 4.53571e-05
6 0.434347 0.512726 0.014095 0.0328198 4.54978e-05
8 0.958457 0.0512391 0.0615727 0.0984595 4.55451e-05
6 0.882604 0.405224 0.0678783 0.0991293 4.55463e-05
9 0.0374629 0.0170797 0.0749258 0.0341594 4.55611e-05
6 0.258346 0.569658 0.0204006 0.035499 4.59128e-05
9 0.226261 1 0.0645401 0 4.60422e-05
6 0.131677 0.990958 0.060089 0.0180844 4.62949e-05
5 0.833828 0.0853985 0.146884 0.135968 4.63324e-05
6 0.811202 0.0107167 0.0267062 0.0214334 4.64262e-05
9 0.563984 0.988948 0.213279 0.0221031 4.65582e-05
7 0.521699 0.425988 0.0211424 0.0937709 4.65698e-05
6 0.579562 0.0184193 0.0938427 0.0368386 4.66097e-05
3 0.16951 0.743804 0.339021 0.512391 4.66101e-05
6 0.412648 0.558272 0.147255 0.0716678 4.69838e-05
9 0.858865 0.0090422 0.0456231 0.0180844 4.70543e-05
6 0.822144 0.0110516 0.0337537 0.0221031 4.71133e-05
6 0.0550816 0.109846 0.0671365 0.0401875 4.71848e-05
6 0.919696 0.179169 0.0686202 0.067649 4.72034e-05
5 0.751113 0.300067 0.497774 0.352311 4.73517e-05
6 0.516691 0.990288 0.0385757 0.019424 4.73555e-05
6 0.741283 0.428667 0.0560089 0.0937709 4.7404e-05
6 0.520957 0.523108 0.147997 0.0576021 4.74089e-05
6 0.895215 0.0689886 0.0485905 0.054923 4.74493e-05
9 0.189169 1 0.0623145 0 4.7488e-05
6 0.165987 0.522103 0.144288 0.16142 4.76447e-05
9 0.439169 0.988948 0.187685 0.0221031 4.76849e-05
9 0.307122 0.997991 0.09273 0.00401875 4.77481e-05
9 0.566209 0.989953 0.0359792 0.0200938 4.80699e-05
6 0.239243 0.526122 0.13724 0.158741 4.80711e-05
6 0.605341 0.600804 0.022997 0.0415271 4.82668e-05
9 0.638724 0.974883 0.258902 0.0502344 4.83239e-05
6 0.688613 0.507368 0.114614 0.0770261 4.83482e-05
6 0.766506 0.542532 0.0270772 0.0442063 4.84022e-05
6 0.535979 0.505693 0.114243 0.0589417 4.8476e-05
6 0.025408 0.0087073 0.050816 0.0174146 4.85171e-05
6 0.591988 0.0180844 0.0304154 0.0294709 4.85281e-05
6 0.794881 0.932016 0.074184 0.133289 4.85581e-05
5 0.158568 0.944407 0.317136 0.111186 4.86988e-05
6 0.51632 0.0823845 0.0511869 0.0669792 4.89301e-05
6 0.254636 0.613195 0.0218843 0.0328198 4.8993e-05
6 0.34273 0.530476 0.0178042 0.0281313 4.90735e-05
6 0.517619 0.978567 0.0426558 0.0428667 4.9106e-05
6 0.41339 0.535164 0.0144659 0.0308104 4.91255e-05
6 0.870549 0.0900871 0.041543 0.0421969 4.91428e-05
6 0.492211 0.979571 0.041543 0.0408573 4.93059e-05
6 0.258531 0.0103818 0.0378338 0.0207636 4.9388e-05
6 0.544139 0.0234427 0.0289317 0.0468855 4.94846e-05
6 0.385015 0.035499 0.0400593 0.070998 4.9509e-05
6 0.46365 0.982585 0.0341246 0.0348292 4.96797e-05
6 0.349221 0.635633 0.0255935 0.038848 4.97067e-05
6 0.00574926 0.041862 0.0114985 0.0622907 5.0071e-05
5 0.849963 0.0445412 0.300074 0.0890824 5.00955e-05
6 0.385386 0.0207636 0.0734421 0.0415271 5.01005e-05
6 0.492953 0.103818 0.0192878 0.0375084 5.02781e-05
5 0.267248 0.00937709 0.173961 0.0187542 5.02815e-05
5 0.318806 0.0589417 0.231825 0.111186 5.03287e-05
6 0.0100148 0.954454 0.0118694 0.070998 5.04328e-05
6 0.316024 0.927662 0.0445104 0.0643001 5.06228e-05
9 0.428598 0.990288 0.0293027 0.019424 5.0639e-05
6 0.344214 0.540857 0.0215134 0.035499 5.06454e-05
9 0.871662 0.0308104 0.0519288 0.0616209 5.06738e-05
5 0.132975 0.0649699 0.26595 0.12994 5.08465e-05
6 0.733309 0.00736772 0.0445104 0.0147354 5.12157e-05
9 0.750185 1 0.0641691 0 5.13679e-05
6 0.0498887 0.466845 0.0723294 0.200938 5.1375e-05
9 0.269102 0.997991 0.0901335 0.00401875 5.14045e-05
6 0.407641 0.635633 0.0259644 0.0375084 5.14188e-05
9 0.455675 0.978232 0.0752967 0.0435365 5.15181e-05
6 0.216246 0.470194 0.0830861 0.105827 5.15633e-05
6 0.0205861 0.148359 0.0411721 0.0997991 5.15679e-05
6 0.667656 0.632284 0.0215134 0.0401875 5.16902e-05
6 0.780415 0.0177495 0.0801187 0.035499 5.17098e-05
6 0.691951 0.518754 0.0204006 0.0301407 5.18879e-05
6 0.605898 0.0090422 0.0218843 0.0180844 5.19256e-05
6 0.958642 0.0984595 0.03227 0.0562626 5.21364e-05
6 0.494436 0.108841 0.0281899 0.0770261 5.21532e-05
6 0.617767 0.584059 0.0255935 0.0348292 5.21845e-05
6 0.243138 0.616544 0.0307864 0.0421969 5.22479e-05
6 0.438613 0.983255 0.0293027 0.0334896 5.22489e-05
6 0.485349 0.105492 0.0166914 0.035499 5.23311e-05
8 0.905601 0.970864 0.046365 0.0582719 5.24792e-05
9 0.878709 0.0087073 0.0467359 0.0174146 5.25332e-05
9 0.567693 0.977227 0.0404303 0.0455459 5.28962e-05
6 0.448628 0.497656 0.027819 0.048225 5.29199e-05
6 0.170067 0.102478 0.0226261 0.0361688 5.292e-05
6 0.243694 0.437709 0.0318991 0.0368386 5.30777e-05
6 0.365542 0.538848 0.0960682 0.0716678 5.31159e-05
6 0.491283 0.990623 0.0374629 0.0187542 5.32111e-05
6 0.531343 0.00468855 0.0656528 0.00937709 5.33591e-05
6 0.747404 0.437709 0.0178042 0.0301407 5.33951e-05
6 0.481083 0.0144005 0.0274481 0.0288011 5.34106e-05
6 0.886128 0.0860683 0.0422849 0.0368386 5.3412e-05
6 0.193249 0.446082 0.0215134 0.0442063 5.34341e-05
6 0.929711 0.0810449 0.013724 0.054923 5.34984e-05
6 0.616469 0.596115 0.0207715 0.0308104 5.35242e-05
3 0.213835 0.518419 0.427671 0.854655 5.35353e-05
6 0.543954 0.534159 0.0204006 0.0314802 5.36148e-05
6 0.252782 0.596785 0.0241098 0.0401875 5.39741e-05
3 0.0795623 0.617214 0.159125 0.765573 5.42105e-05
2 0.0441395 0.382117 0.0882789 0.268587 5.43602e-05
6 0.397255 0.0137307 0.0207715 0.0274615 5.43778e-05
2 0.539874 0.980911 0.920252 0.0381782 5.46029e-05
6 0.354414 0.990623 0.0344955 0.0187542 5.47525e-05
9 0.542099 0.978232 0.0419139 0.0435365 5.48548e-05
6 0.602374 0.638647 0.0192878 0.0381782 5.48973e-05
6 0.766691 0.916946 0.055638 0.166109 5.52349e-05
2 0.176372 0.384796 0.283754 0.359679 5.52803e-05
6 0.26799 0.559946 0.0196588 0.03215 5.52821e-05
6 0.572515 0.00401875 0.0270772 0.00803751 5.53787e-05
8 0.795252 0.990288 0.0511869 0.019424 5.55596e-05
6 0.540616 0.989953 0.0374629 0.0200938 5.55696e-05
6 0.228301 0.51708 0.0241098 0.0415271 5.56893e-05
6 0.718657 0.0411922 0.0671365 0.0823845 5.59168e-05
0 0.00352374 0.890824 0.00704748 0.121902 5.60972e-05
9 0.871847 0.00401875 0.0411721 0.00803751 5.61699e-05
2 0.772255 0.400201 0.131306 0.19357 5.63367e-05
6 0.117582 0.441058 0.0689911 0.0971199 5.65021e-05
6 0.33049 0.978902 0.037092 0.0421969 5.65703e-05
6 0.743509 0.989283 0.0552671 0.0214334 5.66934e-05
5 0.0597181 0.013061 0.119436 0.0261219 5.68424e-05
5 0.447329 0.132619 0.894659 0.265238 5.68615e-05
6 0.658383 0.0154052 0.0422849 0.0227729 5.69054e-05
9 0.914132 0.985934 0.171736 0.0281313 5.71444e-05
6 0.270215 0.618888 0.0752967 0.0897522 5.73687e-05
6 0.539317 0.551239 0.135015 0.0509042 5.76368e-05
6 0.18342 0.472204 0.0307864 0.0468855 5.77333e-05
6 0.285423 0.914936 0.0582344 0.170127 5.77566e-05
9 0.786721 1 0.0652819 0 5.7806e-05
6 0.0943991 0.103818 0.0604599 0.0884126 5.80072e-05
5 0.196588 0.0421969 0.220326 0.0843938 5.80279e-05
4 0.501669 0.866376 0.83049 0.267247 5.82386e-05
6 0.290245 0.518754 0.023368 0.035499 5.83871e-05
6 0.381677 0.615204 0.0897626 0.0850636 5.83968e-05
9 0.893546 0.975218 0.212908 0.0495646 5.85043e-05
6 0.731083 0.914936 0.0571217 0.170127 5.85623e-05
6 0.0524852 0.123242 0.050816 0.0375084 5.87275e-05
5 0.786165 0.120228 0.427671 0.240455 5.8976e-05
7 0.586239 0.431346 0.0107567 0.109846 5.9128e-05
6 0.737203 0.0137307 0.0604599 0.0274615 5.91653e-05
6 0.576224 0.663094 0.0560089 0.0830543 5.91705e-05
6 0.551743 0.546551 0.0189169 0.0294709 5.91796e-05
6 0.483309 0.0107167 0.0170623 0.0214334 5.92631e-05
6 0.749258 0.0887475 0.0192878 0.0877428 5.9648e-05
6 0.441395 0.54789 0.0148368 0.0294709 5.96594e-05
7 0.448813 0.429337 0.0148368 0.0750167 5.98464e-05
6 0.676929 0.519089 0.0200297 0.03215 5.99003e-05
6 0.693991 0.989618 0.0541543 0.0207636 5.99212e-05
6 0.504637 0.0462157 0.0589763 0.0924313 5.99296e-05
6 0.617953 0.619223 0.0304154 0.0395177 5.9944e-05
6 0.450482 0.625251 0.046365 0.0770261 6.01777e-05
6 0.826595 0.061286 0.0248516 0.035499 6.03353e-05
6 0.593472 0.635968 0.0541543 0.083724 6.03888e-05
6 0.378524 0.595111 0.283012 0.156062 6.04164e-05
6 0.443249 0.0103818 0.0170623 0.0207636 6.04311e-05
6 0.994622 0.929337 0.0107567 0.141326 6.06022e-05
5 0.299703 0.239786 0.578635 0.479571 6.06162e-05
9 0.823813 1 0.0645401 0 6.06355e-05
6 0.31862 0.991628 0.0311573 0.0167448 6.08793e-05
2 0.697144 0.394173 0.340875 0.244474 6.13008e-05
6 0.950668 0.469859 0.0667656 0.217683 6.13065e-05
6 0.120178 0.0924313 0.0467359 0.0401875 6.15578e-05
8 0.908197 0.992632 0.0582344 0.0147354 6.16264e-05
6 0.871847 0.494307 0.0411721 0.0683188 6.17493e-05
6 0.60497 0.56564 0.0215134 0.0381782 6.20805e-05
6 0.434904 0.657066 0.0663947 0.103148 6.21146e-05
6 0.514837 0.545211 0.0244807 0.0334896 6.22349e-05
5 0.341432 0.00468855 0.172478 0.00937709 6.2237e-05
6 0.854228 0.883121 0.129822 0.164099 6.2317e-05
6 0.990727 0.0900871 0.0155786 0.180174 6.23403e-05
6 0.503338 0.100134 0.0170623 0.035499 6.24951e-05
6 0.871105 0.104823 0.03227 0.0421969 6.27148e-05
6 0.503153 0.531145 0.0144659 0.0308104 6.28293e-05
8 0.936944 0.989283 0.100148 0.0214334 6.29416e-05
2 0.238872 0.388145 0.0623145 0.134628 6.29862e-05
9 0.660794 0.988948 0.0775223 0.0221031 6.3123e-05
6 0.504266 0.104823 0.0263353 0.0783657 6.32131e-05
6 0.76224 0.492297 0.0163205 0.03215 6.33222e-05
5 0.744251 0.882786 0.464021 0.234427 6.3603e-05
6 0.658197 0.636638 0.0248516 0.051574 6.367e-05
5 0.821588 0.0281313 0.146884 0.0562626 6.38729e-05
5 0.515579 0.0877428 0.18546 0.0790355 6.42343e-05
0 0.988501 0.831882 0.022997 0.336236 6.45066e-05
6 0.723479 0.512056 0.0738131 0.074347 6.46502e-05
6 0.514466 0.653382 0.0326409 0.0971199 6.5028e-05
7 0.42322 0.43436 0.0133531 0.0890824 6.5089e-05
6 0.00853116 0.0378433 0.00964392 0.0582719 6.5094e-05
9 0.629637 0.981246 0.0871662 0.0375084 6.54445e-05
6 0.341617 0.991293 0.0326409 0.0174146 6.56679e-05
5 0.256491 0.956464 0.406899 0.087073 6.57159e-05
6 0.104414 0.124246 0.0641691 0.0381782 6.57916e-05
6 0.303969 0.639652 0.0315282 0.0495646 6.58531e-05
6 0.479043 0.497991 0.0122404 0.0328198 6.61629e-05
9 0.861461 1 0.0641691 0 6.62657e-05
3 0.878153 0.687877 0.243694 0.624246 6.63017e-05
6 0.527077 0.534494 0.0200297 0.03215 6.63073e-05
6 0.194177 0.990958 0.050816 0.0180844 6.65601e-05
6 0.892062 0.528466 0.12908 0.249163 6.6701e-05
5 0.716432 0.0117214 0.146513 0.0234427 6.71724e-05
6 0.606454 0.0133958 0.0593472 0.0267917 6.74758e-05
6 0.209013 0.578031 0.023368 0.0415271 6.77075e-05
6 0.755007 0.87073 0.0315282 0.16075 6.77348e-05
6 0.661721 0.0234427 0.0593472 0.0468855 6.78633e-05
6 0.751669 0.523443 0.0248516 0.0341594 6.78936e-05
6 0.620734 0.568989 0.0218843 0.0381782 6.79344e-05
6 0.503338 0.514735 0.014095 0.0301407 6.79998e-05
6 0.351447 0.519089 0.0122404 0.03215 6.80994e-05
9 0.44158 0.978567 0.0337537 0.0428667 6.84977e-05
6 0.231269 0.991962 0.0485905 0.016075 6.85906e-05
6 0.56046 0.534494 0.0178042 0.0308104 6.86752e-05
6 0.379822 0.533155 0.0192878 0.03215 6.86757e-05
6 0.206788 0.446752 0.0204006 0.0348292 6.89394e-05
6 0.493138 0.529471 0.0189169 0.0314802 6.90378e-05
6 0.293954 0.991962 0.0485905 0.016075 6.9287e-05
6 0.727559 0.497321 0.121291 0.109176 6.9695e-05
6 0.727188 0.5499 0.0211424 0.0308104 6.98373e-05
5 0.881491 0.0539183 0.21773 0.0931011 6.99125e-05
6 0.83661 0.104488 0.0359792 0.107167 6.99981e-05
6 0.408012 0.0304756 0.0378338 0.0609511 7.00182e-05
5 0.246105 0.91795 0.456602 0.16008 7.03127e-05
6 0.433049 0.0120563 0.0263353 0.0241125 7.04533e-05
6 0.00482196 0.96718 0.00964392 0.0643001 7.075e-05
9 0.125927 0.989953 0.116098 0.0200938 7.08142e-05
6 0.383717 0.00602813 0.0315282 0.0120563 7.08165e-05
6 0.441951 0.512726 0.0114985 0.0301407 7.08853e-05
5 0.44158 0.971534 0.513724 0.0569324 7.09349e-05
6 0.24184 0.029136 0.0630564 0.0582719 7.09753e-05
6 0.559718 0.518084 0.0148368 0.0314802 7.11752e-05
5 0.616283 0.0535834 0.241469 0.107167 7.13127e-05
6 0.899295 0.121902 0.03227 0.0442063 7.13362e-05
6 0.166728 0.0843938 0.0181751 0.0281313 7.14947e-05
6 0.217545 0.446082 0.0315282 0.0361688 7.15467e-05
6 0.116283 0.109846 0.0901335 0.172806 7.16e-05
6 0.500742 0.536839 0.344956 0.144005 7.18922e-05
6 0.984236 0.198928 0.0315282 0.141996 7.23868e-05
6 0.50816 0.0294709 0.060089 0.0589417 7.2425e-05
6 0.507604 0.0090422 0.0226261 0.0180844 7.25069e-05
6 0.909866 0.139652 0.0252226 0.0488948 7.27406e-05
6 0.120734 0.102143 0.0574926 0.0810449 7.28693e-05
6 0.625556 0.610516 0.0515579 0.0609511 7.3091e-05
6 0.755564 0.879437 0.037092 0.070998 7.31743e-05
6 0.963093 0.143001 0.0567507 0.0810449 7.33286e-05
6 0.42155 0.0144005 0.0307864 0.0288011 7.35219e-05
6 0.718843 0.0127261 0.0497033 0.0227729 7.36314e-05
6 0.594214 0.550234 0.037092 0.035499 7.36998e-05
9 0.593843 0.0200938 0.0400593 0.0401875 7.39555e-05
6 0.777819 0.581715 0.0267062 0.0421969 7.40556e-05
6 0.272626 0.944407 0.0504451 0.0910918 7.43416e-05
9 0.231639 0.998326 0.0849406 0.00334896 7.44457e-05
9 0.618509 0.990288 0.0522997 0.019424 7.45267e-05
6 0.494436 0.0150703 0.0326409 0.0301407 7.45789e-05
9 0.594028 0.00267917 0.0307864 0.00535834 7.48217e-05
6 0.942878 0.104488 0.0289317 0.048225 7.49395e-05
6 0.171736 0.513396 0.0289317 0.0609511 7.50459e-05
6 0.544881 0.0123912 0.0200297 0.0247823 7.5171e-05
6 0.706602 0.512726 0.0170623 0.0314802 7.55932e-05
6 0.718657 0.989283 0.0545252 0.0214334 7.56503e-05
6 0.496476 0.0100469 0.0218843 0.0200938 7.57175e-05
6 0.414874 0.546551 0.0174332 0.0348292 7.57548e-05
5 0.726261 0.077361 0.405786 0.150703 7.57813e-05
6 0.879266 0.333222 0.0953264 0.12793 7.60732e-05
4 0.0113131 0.758205 0.0226261 0.400536 7.61596e-05
5 0.893546 0.0776959 0.111276 0.0669792 7.63926e-05
6 0.230527 0.441393 0.0352374 0.0375084 7.69523e-05
6 0.76632 0.58004 0.0727003 0.0857334 7.74376e-05
8 0.958642 0.0539183 0.0827151 0.0636303 7.75571e-05
6 0.988872 0.0562626 0.0200297 0.104488 7.76344e-05
9 0.583086 0.00401875 0.0311573 0.00803751 7.78774e-05
6 0.154488 0.989618 0.0597181 0.0207636 7.80528e-05
6 0.290987 0.528466 0.0174332 0.03215 7.81247e-05
6 0.666914 0.527796 0.0170623 0.0294709 7.82234e-05
6 0.64299 0.552579 0.0293027 0.0375084 7.82254e-05
9 0.58049 0.989618 0.0511869 0.0207636 7.85452e-05
5 0.0862389 0.174481 0.172478 0.13061 7.86605e-05
6 0.25 0.0227729 0.0408012 0.0375084 7.8719e-05
6 0.656528 0.534829 0.0178042 0.0301407 7.89927e-05
6 0.119622 0.383456 0.0886499 0.109176 7.92636e-05
6 0.329748 0.990623 0.0318991 0.0187542 7.94457e-05
6 0.377411 0.0180844 0.0389466 0.0361688 7.94731e-05
6 0.539317 0.497656 0.0155786 0.0227729 7.99224e-05
8 0.269102 0.874079 0.538205 0.251842 8.01012e-05
5 0.109236 0.0853985 0.170994 0.0596115 8.02353e-05
6 0.748145 0.0840589 0.014095 0.0314802 8.03839e-05
6 0.636684 0.534829 0.0871662 0.0502344 8.04031e-05
5 0.934533 0.00435365 0.130935 0.0087073 8.05512e-05
5 0.939911 0.0606162 0.120178 0.119893 8.18469e-05
6 0.428412 0.983925 0.0259644 0.03215 8.22475e-05
6 0.215319 0.485934 0.0211424 0.0381782 8.2321e-05
6 0.65319 0.624581 0.0445104 0.0636303 8.23611e-05
6 0.857381 0.0753516 0.0804896 0.0689886 8.23828e-05
6 0.769844 0.948091 0.0552671 0.0931011 8.28127e-05
4 0.185831 0.729069 0.371662 0.35566 8.32499e-05
7 0.495364 0.433691 0.023368 0.126591 8.32941e-05
6 0.300074 0.9357 0.0497033 0.087073 8.3657e-05
9 0.408754 0.990288 0.0749258 0.019424 8.37082e-05
6 0.996476 0.953784 0.00704748 0.0803751 8.38079e-05
6 0.158383 0.939049 0.0712166 0.0991293 8.38803e-05
6 0.228672 0.61286 0.0255935 0.038848 8.41047e-05
5 0.0702893 0.0458808 0.140579 0.0917616 8.41865e-05
7 0.5102 0.410918 0.0166914 0.12793 8.46999e-05
6 0.276706 0.615204 0.0333828 0.051574 8.48595e-05
6 0.757604 0.578031 0.0218843 0.0348292 8.51112e-05
9 0.900408 1 0.0671365 0 8.51499e-05
6 0.315467 0.508707 0.0411721 0.051574 8.5911e-05
5 0.88724 0.00770261 0.166914 0.0154052 8.616e-05
6 0.320289 0.616209 0.0218843 0.038848 8.64626e-05
9 0.058049 0.990288 0.0330119 0.019424 8.6652e-05
6 0.823442 0.0894173 0.0222552 0.035499 8.68725e-05
6 0.36684 0.533825 0.0207715 0.0281313 8.72127e-05
9 0.160608 0.995311 0.0860534 0.00937709 8.7375e-05
6 0.56658 0.510047 0.0181751 0.0301407 8.78348e-05
6 0.991283 0.962827 0.0152077 0.074347 8.79344e-05
6 0.505564 0.0127261 0.0356083 0.0254521 8.8157e-05
5 0.315467 0.0237776 0.227374 0.0475553 8.83608e-05
5 0.289874 0.336236 0.404674 0.293369 8.84236e-05
6 0.256491 0.436705 0.0211424 0.0348292 8.85175e-05
6 0.625742 0.533155 0.0178042 0.0308104 8.89448e-05
9 0.42934 0.973208 0.0285608 0.0535834 8.90983e-05
6 0.492396 0.0897522 0.0426558 0.0736772 8.94319e-05
6 0.403561 0.632284 0.0437685 0.0522438 8.9516e-05
6 0.731639 0.604823 0.0612018 0.0803751 8.95285e-05
6 0.389837 0.64367 0.0623145 0.070998 8.97944e-05
6 0.157641 0.0860683 0.0333828 0.0810449 9.00266e-05
5 0.708642 0.982251 0.426187 0.035499 9.00972e-05
6 0.841617 0.118218 0.022997 0.0421969 9.01702e-05
6 0.630193 0.615204 0.0170623 0.0341594 9.09204e-05
5 0.59273 0.00669792 0.143175 0.0133958 9.12713e-05
6 0.915801 0.0797053 0.0155786 0.0522438 9.1336e-05
6 0.489614 0.0137307 0.060089 0.0274615 9.13776e-05
6 0.631491 0.591762 0.185089 0.113195 9.16091e-05
6 0.264651 0.455124 0.0204006 0.035499 9.18991e-05
6 0.384829 0.0157401 0.0255935 0.0274615 9.2144e-05
6 0.768175 0.579036 0.022997 0.0368386 9.21681e-05
5 0.31658 0.215338 0.183605 0.271266 9.2381e-05
6 0.592915 0.542867 0.0189169 0.0368386 9.26317e-05
8 0.995549 0.045211 0.00890208 0.090422 9.27956e-05
6 0.478672 0.531145 0.0211424 0.0294709 9.34672e-05
9 0.197515 0.997656 0.0827151 0.00468855 9.35459e-05
6 0.374073 0.013061 0.023368 0.0234427 9.39881e-05
5 0.677485 0.0361688 0.214021 0.0723376 9.40077e-05
7 0.49796 0.388145 0.0181751 0.12927 9.44358e-05
6 0.492582 0.51641 0.0215134 0.03215 9.45682e-05
2 0.110163 0.312458 0.220326 0.253851 9.49137e-05
6 0.621662 0.487609 0.0578635 0.0509042 9.50055e-05
6 0.761869 0.417616 0.0793769 0.0997991 9.50404e-05
6 0.629822 0.583724 0.0237389 0.0301407 9.53012e-05
6 0.284681 0.486939 0.0226261 0.038848 9.53815e-05
5 0.217359 0.237776 0.434718 0.475553 9.54231e-05
6 0.616098 0.64501 0.0437685 0.0669792 9.57638e-05
5 0.709384 0.944742 0.465504 0.110516 9.58937e-05
6 0.749629 0.591427 0.0311573 0.0455459 9.59102e-05
6 0.851817 0.0857334 0.0344955 0.070998 9.6014e-05
6 0.488131 0.563295 0.127596 0.0750167 9.63043e-05
6 0.933791 0.13061 0.0359792 0.0348292 9.63145e-05
6 0.625371 0.520764 0.0178042 0.035499 9.65089e-05
5 0.0880935 0.991628 0.176187 0.0167448 9.66115e-05
2 0.223479 0.392163 0.130193 0.19357 9.66971e-05
6 0.341246 0.535499 0.0430267 0.0368386 9.67324e-05
6 0.473294 0.495646 0.0289317 0.0415271 9.68733e-05
5 0.184162 0.912592 0.368323 0.0931011 9.72202e-05
5 0.170067 0.121232 0.340134 0.242465 9.73637e-05
6 0.505193 0.989953 0.0541543 0.0200938 9.76337e-05
6 0.632604 0.572338 0.0255935 0.0368386 9.79777e-05
6 0.207159 0.932016 0.069362 0.133289 9.7998e-05
6 0.531528 0.0144005 0.0348665 0.0288011 9.80325e-05
6 0.51632 0.518419 0.0215134 0.0375084 9.82328e-05
6 0.0055638 0.125586 0.0111276 0.0649699 9.90545e-05
6 0.717174 0.553248 0.0248516 0.0348292 9.94699e-05
6 0.559162 0.635633 0.0426558 0.0803751 9.94883e-05
5 0.108494 0.0267917 0.216988 0.0535834 0.000100051
5 0.407085 0.0542532 0.234792 0.108506 0.000100729
6 0.723294 0.0231078 0.0682493 0.0462157 0.000100792
6 0.170809 0.492632 0.0293027 0.051574 0.00010083
6 0.485163 0.494307 0.0274481 0.0415271 0.000101439
6 0.438798 0.646685 0.0341246 0.0703282 0.000101541
6 0.69566 0.943068 0.0597181 0.100469 0.000101671
6 0.239429 0.521098 0.0471068 0.0442063 0.000101682
5 0.188056 0.873074 0.376113 0.119893 0.00010178
6 0.402263 0.534829 0.0189169 0.0288011 0.0001019
6 0.763724 0.535499 0.129822 0.180174 0.000102171
2 0.289503 0.486604 0.450668 0.374414 0.00010264
6 0.593101 0.0087073 0.0267062 0.0174146 0.000102702
4 0.316395 0.803416 0.632789 0.393168 0.000103106
6 0.746476 0.946752 0.0589763 0.106497 0.000103395
5 0.875 0.107502 0.25 0.215003 0.000103396
6 0.303969 0.533155 0.0181751 0.03215 0.00010399
6 0.581046 0.025787 0.0856825 0.051574 0.00010423
6 0.40931 0.0157401 0.0248516 0.0314802 0.000104866
6 0.212166 0.524782 0.197329 0.304756 0.000104889
6 0.0654674 0.116544 0.107938 0.0616209 0.000105384
9 0.468101 0.989618 0.0511869 0.0207636 0.000105674
6 0.854414 0.104488 0.0255935 0.038848 0.000105677
6 0.931565 0.104488 0.0196588 0.0415271 0.000105688
7 0.506491 0.37006 0.0478487 0.0877428 0.000106306
6 0.994065 0.137642 0.0118694 0.0810449 0.00010631
6 0.254636 0.991962 0.0500742 0.016075 0.000106988
6 0.0105712 0.11353 0.0211424 0.0810449 0.00010762
6 0.376669 0.58071 0.0189169 0.0294709 0.000108354
6 0.709384 0.523108 0.0204006 0.0348292 0.000109464
6 0.530601 0.989283 0.0552671 0.0214334 0.000109602
9 0.561202 0.990623 0.0734421 0.0187542 0.000110359
6 0.4273 0.0368386 0.0430267 0.0736772 0.000110403
6 0.560274 0.0123912 0.0285608 0.0247823 0.000110904
6 0.655786 0.547555 0.0222552 0.0328198 0.000111769
9 0.443435 0.990288 0.0456231 0.019424 0.000111787
5 0.113131 0.0974548 0.226261 0.126591 0.000112336
6 0.466432 0.49866 0.009273 0.0274615 0.000112559
6 0.750185 0.445412 0.0359792 0.0576021 0.000112674
6 0.266691 0.519089 0.0652819 0.0843938 0.000114756
5 0.892804 0.104153 0.204006 0.137307 0.000115137
6 0.853301 0.106162 0.0901335 0.0716678 0.000115481
6 0.521328 0.524782 0.0189169 0.0314802 0.000115522
6 0.948257 0.139317 0.0537834 0.120563 0.000115872
6 0.522255 0.00803751 0.0237389 0.016075 0.000116632
6 0.562315 0.0103818 0.0155786 0.0207636 0.000117119
6 0.671921 0.549565 0.124258 0.0917616 0.000117124
7 0.584941 0.43436 0.00593472 0.0810449 0.000117705
6 0.987018 0.128265 0.0259644 0.107837 0.000118238
6 0.762426 0.568654 0.0433976 0.0495646 0.000118644
7 0.434162 0.435365 0.0152077 0.0910918 0.000119065
2 0.254636 0.374079 0.269659 0.174816 0.000119881
6 0.7602 0.460147 0.0552671 0.0669792 0.000121419
6 0.659866 0.495311 0.0734421 0.0622907 0.000121673
5 0.50408 0.211319 0.0348665 0.114534 0.000121966
6 0.440838 0.529806 0.0114985 0.0294709 0.000122021
6 0.353301 0.53215 0.0166914 0.0288011 0.000122043
2 0.829377 0.398192 0.341246 0.382451 0.000122107
5 0.824926 0.879102 0.350148 0.122572 0.000122512
5 0.516877 0.00133958 0.170994 0.00267917 0.000122671
6 0.321773 0.61353 0.109421 0.0924313 0.00012291
6 0.627967 0.546216 0.0200297 0.0314802 0.00012304
6 0.437685 0.50067 0.0200297 0.035499 0.000124002
6 0.722366 0.944742 0.0656528 0.107837 0.000124046
6 0.764651 0.452445 0.0218843 0.0314802 0.000124157
6 0.490912 0.649699 0.03227 0.0977897 0.000124407
6 0.0074184 0.0981246 0.014095 0.134628 0.000125535
9 0.868694 0.0187542 0.0467359 0.0375084 0.000126009
6 0.764837 0.567314 0.0215134 0.0375084 0.000126329
6 0.934533 0.143336 0.046365 0.0442063 0.000127224
6 0.756306 0.483925 0.0400593 0.067649 0.000128027
5 0.894844 0.181179 0.210312 0.184193 0.000128085
6 0.134088 0.0880777 0.0359792 0.035499 0.000128826
6 0.248516 0.494977 0.0244807 0.0361688 0.000129479
2 0.625742 0.391829 0.33457 0.140656 0.000130178
6 0.402634 0.545546 0.0218843 0.0314802 0.000131504
6 0.542841 0.59645 0.0352374 0.0435365 0.000131717
6 0.247033 0.944742 0.0467359 0.083724 0.000131735
9 0.071773 0.992967 0.0500742 0.0140656 0.000132
6 0.575853 0.494307 0.0344955 0.0468855 0.000132177
6 0.305638 0.520429 0.0178042 0.0361688 0.000132247
6 0.606825 0.542197 0.0200297 0.0341594 0.000132336
7 0.495178 0.389819 0.0445104 0.0937709 0.000132349
9 0.389651 0.980911 0.202893 0.0381782 0.000132603
6 0.410608 0.538513 0.0304154 0.0308104 0.000133077
9 0.338464 0.991628 0.0760386 0.0167448 0.000133101
5 0.779303 0.142331 0.146142 0.16142 0.000133154
6 0.989429 0.145345 0.0189169 0.101808 0.000133509
6 0.564726 0.594106 0.0396884 0.0415271 0.000134413
7 0.523183 0.429672 0.00778932 0.0850636 0.000135249
6 0.465319 0.648024 0.0359792 0.0783657 0.000135944
5 0.167099 0.0184193 0.195475 0.0368386 0.000136088
6 0.143731 0.122572 0.0411721 0.0428667 0.000136127
6 0.762611 0.538848 0.0534125 0.0542532 0.000136687
0 0.00816024 0.877093 0.0133531 0.245814 0.000137164
5 0.250927 0.0304756 0.17322 0.0609511 0.000137848
6 0.6875 0.61286 0.0248516 0.048225 0.000139698
5 0.115727 0.978232 0.231454 0.0435365 0.000140465
6 0.355712 0.557602 0.0304154 0.035499 0.000141001
6 0.520215 0.0120563 0.0367211 0.0241125 0.000142428
6 0.91951 0.139317 0.0393175 0.0884126 0.000142437
6 0.331046 0.558272 0.023368 0.0341594 0.000142758
5 0.911165 0.0214334 0.177671 0.0428667 0.000143688
6 0.342174 0.558272 0.023368 0.0328198 0.000144137
6 0.236461 0.932686 0.0775223 0.123912 0.000144297
6 0.560274 0.537843 0.0337537 0.0334896 0.000144502
6 0.852374 0.0880777 0.0259644 0.0341594 0.000145053
6 0.364985 0.551574 0.0252226 0.0314802 0.000145293
6 0.214948 0.53215 0.0790059 0.074347 0.000146458
7 0.242767 0.43637 0.0500742 0.138647 0.000147088
2 0.887982 0.301072 0.182493 0.19491 0.000147455
6 0.215134 0.463831 0.0207715 0.0328198 0.000148346
5 0.24388 0.0961152 0.48776 0.19223 0.000148644
6 0.239058 0.594106 0.0307864 0.0415271 0.000149592
6 0.600705 0.581045 0.0471068 0.0435365 0.000149678
6 0.00964392 0.0736772 0.0103858 0.0843938 0.000149821
9 0.868694 0.0190891 0.0867953 0.0381782 0.000150132
6 0.566766 0.529806 0.0170623 0.0281313 0.00015081
6 0.428969 0.0254521 0.0730712 0.0509042 0.000154981
6 0.593843 0.538848 0.0830861 0.0502344 0.000155983
6 0.10293 0.106162 0.114614 0.0582719 0.000157135
5 0.769844 0.0140656 0.144288 0.0281313 0.000158965
6 0.387426 0.634293 0.0263353 0.0415271 0.000160196
6 0.731083 0.614534 0.0356083 0.0488948 0.000160351
6 0.710312 0.611855 0.0259644 0.0462157 0.000160872
6 0.616283 0.551574 0.087908 0.0475553 0.000161032
6 0.591988 0.602478 0.0378338 0.0341594 0.000161088
6 0.424332 0.554588 0.0474777 0.0495646 0.000161382
6 0.766135 0.57937 0.243694 0.288011 0.000161447
5 0.236276 0.251507 0.0719585 0.236437 0.000161863
6 0.363872 0.541192 0.037092 0.0334896 0.000162322
6 0.387055 0.573677 0.0530415 0.0475553 0.000164958
5 0.772626 0.0545881 0.25816 0.109176 0.000165221
6 0.240727 0.535834 0.0341246 0.0401875 0.000165707
6 0.461981 0.50134 0.023368 0.0341594 0.000165902
6 0.927856 0.173811 0.129451 0.13061 0.00016603
6 0.737574 0.58205 0.0241098 0.0348292 0.00016619
6 0.427856 0.0210985 0.0300445 0.0368386 0.000166277
5 0.782085 0.913932 0.435831 0.172137 0.000166293
9 0.0354229 0.98292 0.0708457 0.0341594 0.000166848
5 0.746847 0.0703282 0.506306 0.140656 0.000167737
9 0.976076 0.981246 0.0448813 0.0375084 0.000168414
6 0.193435 0.46785 0.0226261 0.0408573 0.000168743
9 0.956788 0.994307 0.050816 0.0113865 0.000168893
6 0.753524 0.495646 0.0218843 0.0375084 0.000169269
6 0.272441 0.61286 0.0226261 0.0348292 0.000173421
5 0.404117 0.0227729 0.242953 0.0455459 0.000173444
6 0.381306 0.54789 0.0215134 0.0294709 0.000173611
6 0.716061 0.59578 0.212537 0.19223 0.000173844
5 0.517248 0.0154052 0.163576 0.0308104 0.000176126
6 0.0417285 0.129605 0.0634273 0.105157 0.00017664
6 0.582159 0.0137307 0.0300445 0.0247823 0.000176663
5 0.844956 0.0241125 0.217359 0.048225 0.000176887
6 0.515579 0.595445 0.0341246 0.0576021 0.000179786
6 0.726817 0.608841 0.0211424 0.03215 0.000180595
6 0.917656 0.124581 0.0244807 0.0348292 0.000180994
9 0.0339392 0.979571 0.0500742 0.0408573 0.000181285
6 0.206231 0.464501 0.0200297 0.0314802 0.000183919
5 0.486276 0.216008 0.0504451 0.131949 0.000186588
9 0.0719585 0.979571 0.0281899 0.0341594 0.000189389
6 0.737574 0.59779 0.0263353 0.0368386 0.000189574
6 0.181009 0.505023 0.0252226 0.054923 0.000189737
6 0.823442 0.106162 0.0511869 0.0569324 0.000189906
6 0.105156 0.107167 0.0671365 0.0442063 0.00019004
6 0.160052 0.0887475 0.0241098 0.0301407 0.000192734
6 0.949555 0.138312 0.0437685 0.0448761 0.000193014
6 0.574926 0.544541 0.0526706 0.0348292 0.000193546
6 0.551187 0.527796 0.0163205 0.0294709 0.000194441
6 0.490727 0.602143 0.0318991 0.0669792 0.000197403
6 0.374258 0.559611 0.0393175 0.0368386 0.000197411
7 0.520401 0.390824 0.0749258 0.114534 0.000198822
5 0.347923 0.231413 0.410237 0.268587 0.000202439
6 0.194177 0.507033 0.0226261 0.054923 0.000207327
6 0.627967 0.560281 0.0519288 0.0381782 0.000207704
6 0.229043 0.537843 0.0270772 0.0428667 0.000208888
6 0.209755 0.551239 0.0218843 0.0401875 0.000210721
6 0.273182 0.526122 0.0226261 0.0341594 0.000211031
5 0.523553 0.0127261 0.303042 0.0254521 0.00021189
6 0.826595 0.0797053 0.0537834 0.0683188 0.000211946
6 0.325482 0.534159 0.0196588 0.0381782 0.000212247
6 0.920623 0.138982 0.0296736 0.0421969 0.000212578
9 0.0311573 0.953784 0.0586053 0.0924313 0.000212784
6 0.515579 0.495981 0.0281899 0.0395177 0.000212883
9 0.429896 0.98493 0.0578635 0.0301407 0.000213169
6 0.300074 0.50067 0.0808605 0.0703282 0.000213544
6 0.410979 0.606162 0.0311573 0.0375084 0.000217647
6 0.50408 0.601474 0.272997 0.199598 0.000219121
6 0.572886 0.022438 0.0337537 0.0448761 0.000222294
9 0.382789 0.98359 0.0808605 0.0328198 0.000223741
0 0.992025 0.0810449 0.013724 0.0857334 0.000224801
6 0.256677 0.563965 0.0816024 0.0669792 0.000225382
6 0.345697 0.588078 0.0912463 0.0776959 0.000228406
5 0.838464 0.947756 0.323071 0.104488 0.000229437
6 0.687315 0.541862 0.0704748 0.0495646 0.000233927
6 0.581788 0.577696 0.0604599 0.0435365 0.000234352
6 0.246662 0.510382 0.0289317 0.0415271 0.000235234
6 0.251298 0.573342 0.0226261 0.0348292 0.000235596
6 0.0055638 0.0810449 0.0111276 0.0830543 0.000237372
5 0.827522 0.205291 0.344956 0.342264 0.000238571
5 0.668583 0.201942 0.406157 0.352981 0.000238769
6 0.388539 0.542532 0.0300445 0.0308104 0.000239978
5 0.500742 0.0368386 0.326409 0.0736772 0.000240528
6 0.635757 0.537508 0.0459941 0.0301407 0.000240844
3 0.744436 0.594106 0.472552 0.576021 0.000243664
6 0.688613 0.568319 0.0270772 0.0341594 0.000244188
5 0.240727 0.241125 0.143175 0.281313 0.000245411
6 0.705675 0.537173 0.0204006 0.03215 0.00024764
6 0.767248 0.436035 0.0500742 0.0723376 0.000247718
6 0.668212 0.538178 0.0204006 0.0301407 0.000247896
9 0.964392 0.98426 0.0667656 0.0314802 0.000248339
6 0.313613 0.554588 0.0745549 0.0696584 0.000248461
6 0.618138 0.605827 0.0352374 0.0368386 0.000248902
7 0.482196 0.67582 0.0445104 0.156731 0.000252997
6 0.583272 0.0090422 0.0270772 0.0180844 0.000253302
6 0.893917 0.0971199 0.0630564 0.054923 0.000253436
8 0.0912463 0.970194 0.0719585 0.0596115 0.000256397
6 0.203264 0.51507 0.0200297 0.0522438 0.000256672
6 0.533754 0.49866 0.0296736 0.051574 0.000260203
6 0.131491 0.108171 0.0471068 0.0448761 0.000262944
5 0.146699 0.240121 0.293398 0.480241 0.000262962
6 0.207715 0.531145 0.0215134 0.0468855 0.000263275
5 0.123145 0.323175 0.246291 0.521768 0.000263949
5 0.731083 0.0267917 0.221068 0.0535834 0.000264036
6 0.202337 0.487609 0.0204006 0.0428667 0.000264108
5 0.714948 0.213329 0.147255 0.267247 0.000265086
6 0.444918 0.568319 0.0522997 0.0475553 0.000265108
6 0.403004 0.575687 0.0500742 0.035499 0.000265322
6 0.643175 0.61219 0.0222552 0.0401875 0.000269839
6 0.0389466 0.133624 0.0593472 0.0368386 0.000272579
6 0.215875 0.518084 0.0222552 0.0488948 0.000272727
6 0.35293 0.615539 0.0478487 0.0643001 0.000275837
6 0.332901 0.613195 0.023368 0.0408573 0.00027613
6 0.376669 0.602478 0.0589763 0.0408573 0.00027714
9 0.0445104 0.976892 0.0890208 0.0462157 0.000277226
6 0.14503 0.103818 0.0452522 0.0910918 0.000279702
6 0.690467 0.537173 0.0218843 0.0294709 0.000280019
0 0.994065 0.0783657 0.0118694 0.148694 0.000284354
6 0.950111 0.114869 0.050816 0.0529136 0.000286813
6 0.838093 0.0713329 0.0367211 0.0462157 0.000289925
5 0.104043 0.171132 0.208086 0.251172 0.000293615
6 0.693435 0.585733 0.0270772 0.0328198 0.000296011
6 0.429711 0.590757 0.0619436 0.0576021 0.000296803
6 0.315282 0.613865 0.0497033 0.0502344 0.000298633
6 0.285423 0.563295 0.0300445 0.0334896 0.000299077
6 0.251669 0.559946 0.0248516 0.0308104 0.000300277
6 0.282085 0.611186 0.023368 0.0314802 0.000301439
6 0.456973 0.53215 0.0326409 0.0314802 0.000304641
9 0.0715875 0.958808 0.0356083 0.0823845 0.000305385
6 0.841617 0.100804 0.037092 0.0529136 0.000305478
6 0.987203 0.0964501 0.0114985 0.0696584 0.00030562
5 0.604414 0.0207636 0.199184 0.0415271 0.000308734
8 0.927671 0.968855 0.0474777 0.0622907 0.000308928
6 0.591803 0.516075 0.0448813 0.0582719 0.000309592
6 0.632047 0.601139 0.0267062 0.0408573 0.000317831
6 0.463464 0.59645 0.0344955 0.0488948 0.00032034
6 0.364429 0.584729 0.027819 0.0334896 0.000327988
6 0.562685 0.572672 0.0378338 0.0509042 0.000330292
6 0.613131 0.522773 0.0237389 0.0395177 0.000332201
6 0.751298 0.569993 0.0218843 0.03215 0.000332779
4 0.178783 0.847957 0.357567 0.304086 0.000332935
6 0.669696 0.544206 0.0367211 0.0301407 0.000336305
6 0.573813 0.0103818 0.0237389 0.0207636 0.000336904
5 0.192878 0.21065 0.385757 0.342264 0.000337288
9 0.582159 0.0133958 0.0604599 0.0267917 0.000337503
6 0.552856 0.511052 0.0181751 0.0294709 0.000337874
9 0.962908 0.977227 0.0274481 0.0348292 0.000338717
6 0.280972 0.507033 0.0419139 0.0428667 0.000339647
6 0.311573 0.542197 0.0378338 0.0368386 0.000344533
6 0.72385 0.517415 0.0374629 0.0408573 0.000345494
6 0.477003 0.514735 0.018546 0.0368386 0.000348376
9 0.0697329 0.987274 0.0378338 0.0254521 0.000349808
6 0.591617 0.503014 0.0126113 0.0334896 0.000349814
6 0.259273 0.475553 0.018546 0.0375084 0.00035546
6 0.271884 0.495646 0.0267062 0.0428667 0.000356476
6 0.645772 0.574347 0.0830861 0.0435365 0.000359014
4 0.269659 0.649699 0.391691 0.400536 0.00036437
2 0.38316 0.42063 0.462166 0.203617 0.000364544
6 0.842544 0.100469 0.023368 0.0361688 0.000366786
6 0.628153 0.591762 0.0433976 0.0408573 0.000367831
6 0.528561 0.538178 0.554154 0.263228 0.000374589
6 0.410794 0.555593 0.03227 0.0328198 0.000378794
6 0.385571 0.601474 0.0211424 0.038848 0.000379753
6 0.460312 0.51507 0.018546 0.0294709 0.000386345
6 0.69362 0.51507 0.0519288 0.048225 0.000388384
6 0.720141 0.526122 0.0204006 0.0341594 0.000388742
6 0.469214 0.504019 0.00964392 0.0234427 0.000392032
6 0.603858 0.512391 0.0252226 0.0361688 0.000393813
6 0.732196 0.503684 0.0422849 0.054923 0.000395602
6 0.56046 0.504019 0.0267062 0.035499 0.00039702
6 0.440467 0.533825 0.0218843 0.0294709 0.00039849
6 0.540245 0.525452 0.0166914 0.0301407 0.00039961
6 0.272812 0.609176 0.148739 0.172137 0.000406264
6 0.290059 0.542532 0.0259644 0.0375084 0.000407719
6 0.915987 0.110516 0.0255935 0.038848 0.000424391
4 0.853116 0.80643 0.293769 0.330877 0.000424427
6 0.253338 0.496651 0.0430267 0.051574 0.000425369
6 0.900593 0.100134 0.0363501 0.0421969 0.000436473
9 0.959013 0.986939 0.0374629 0.0261219 0.000438787
6 0.469214 0.513731 0.0163205 0.0348292 0.000443754
6 0.837908 0.0830543 0.0252226 0.0334896 0.000447849
6 0.334755 0.573677 0.0226261 0.0341594 0.000454395
9 0.0283754 0.989953 0.0567507 0.0200938 0.000455701
6 0.216617 0.536504 0.0237389 0.0455459 0.000458768
6 0.70382 0.572003 0.143546 0.0897522 0.000471554
6 0.746476 0.539518 0.0226261 0.0381782 0.000472331
6 0.677671 0.538178 0.022997 0.0314802 0.00047467
8 0.0897626 0.990288 0.0667656 0.019424 0.000480241
5 0.505193 0.0301407 0.424332 0.0602813 0.000488204
7 0.503895 0.668788 0.0612018 0.173476 0.000488721
5 0.478487 0.0897522 0.727003 0.179504 0.000506923
6 0.279117 0.51641 0.023368 0.0415271 0.000508154
6 0.759829 0.460482 0.0263353 0.0421969 0.000512436
6 0.317507 0.532485 0.0215134 0.038848 0.000520669
9 0.962537 0.959143 0.0437685 0.0817147 0.000551145
6 0.342915 0.568654 0.0433976 0.038848 0.000552861
6 0.464021 0.526457 0.0244807 0.03215 0.000592951
6 0.323813 0.584394 0.0259644 0.0328198 0.00060198
6 0.719028 0.605827 0.0196588 0.0301407 0.000611539
6 0.437129 0.601139 0.0344955 0.0421969 0.000621131
6 0.356639 0.578701 0.027819 0.0375084 0.000659705
5 0.49592 0.932351 0.765579 0.135298 0.000676335
5 0.501855 0.987609 0.574184 0.0247823 0.000683726
6 0.220512 0.555593 0.0300445 0.0381782 0.000688735
6 0.14707 0.104823 0.0382047 0.0462157 0.000693974
6 0.485349 0.525117 0.027819 0.0334896 0.000703586
6 0.471068 0.605157 0.0474777 0.090422 0.000706008
6 0.380935 0.571333 0.0333828 0.0308104 0.000706185
6 0.313242 0.628935 0.0241098 0.0442063 0.000723125
7 0.5 0.409578 0.0764095 0.102478 0.000725768
6 0.563613 0.550234 0.0374629 0.0314802 0.000746231
6 0.732752 0.527796 0.0448813 0.0683188 0.00075432
6 0.472923 0.538513 0.0430267 0.0348292 0.000768818
6 0.23201 0.579705 0.0619436 0.090422 0.000769926
6 0.190838 0.492297 0.0241098 0.0522438 0.000779048
3 0.514651 0.474883 0.81046 0.498326 0.000783945
2 0.878524 0.324849 0.242953 0.320161 0.000788361
6 0.720326 0.59578 0.037092 0.0555928 0.000799516
6 0.278004 0.594441 0.03227 0.0421969 0.000819506
5 0.505935 0.124246 0.551187 0.206966 0.000864998
6 0.540059 0.544541 0.0356083 0.03215 0.000865801
5 0.504822 0.219692 0.0808605 0.176825 0.000904083
6 0.307307 0.587408 0.0270772 0.0415271 0.000917003
6 0.664874 0.581045 0.0293027 0.0341594 0.000924776
6 0.675631 0.554923 0.0485905 0.0395177 0.000930156
6 0.239614 0.560951 0.0267062 0.0314802 0.000953391
6 0.438242 0.557267 0.0315282 0.03215 0.000957892
5 0.8648 0.978902 0.270401 0.0421969 0.000984046
5 0.502596 0.0586068 0.504451 0.117214 0.000988727
6 0.562685 0.523778 0.0304154 0.0294709 0.000989634
6 0.657641 0.592096 0.0274481 0.03215 0.000999916
6 0.349036 0.606832 0.0296736 0.038848 0.00100608
6 0.668027 0.59645 0.0593472 0.0569324 0.00102258
6 0.502226 0.534159 0.0363501 0.0381782 0.00103573
6 0.615542 0.547555 0.03227 0.035499 0.00106135
6 0.726261 0.573342 0.0548961 0.0750167 0.00108113
6 0.348108 0.592096 0.0597181 0.048225 0.00108189
3 0.280415 0.541862 0.560831 0.634963 0.00108466
6 0.744622 0.511052 0.0285608 0.0375084 0.00111669
6 0.675816 0.581715 0.0534125 0.0488948 0.0011412
6 0.489243 0.553248 0.0348665 0.0361688 0.00114327
6 0.231083 0.566309 0.0311573 0.035499 0.00115281
6 0.378524 0.631614 0.0211424 0.0348292 0.00116688
6 0.298776 0.573007 0.0582344 0.0596115 0.00117835
6 0.301929 0.5499 0.0244807 0.0375084 0.00118762
3 0.12908 0.565305 0.25816 0.727395 0.00118947
6 0.462352 0.551574 0.0337537 0.0368386 0.00120366
6 0.290801 0.601808 0.0816024 0.083724 0.00123191
6 0.650593 0.598459 0.0356083 0.0301407 0.00127642
6 0.58661 0.524113 0.0189169 0.0475553 0.0013516
6 0.270401 0.569658 0.0408012 0.0381782 0.00135994
9 0.922107 0.98426 0.060089 0.0314802 0.00137455
6 0.474221 0.565975 0.0500742 0.0589417 0.00140348
6 0.695289 0.550904 0.0433976 0.0395177 0.00140937
6 0.659681 0.607167 0.0330119 0.0529136 0.00142977
6 0.531528 0.520429 0.014095 0.0294709 0.00149526
6 0.306936 0.571668 0.0270772 0.0368386 0.0015128
6 0.646884 0.578031 0.0385757 0.0294709 0.00152093
6 0.682122 0.59645 0.0252226 0.0368386 0.0015622
6 0.592174 0.535499 0.0300445 0.0381782 0.00160632
6 0.523553 0.661755 0.0641691 0.1286 0.00164871
3 0.849592 0.568989 0.300816 0.800402 0.0016665
6 0.237203 0.575352 0.0285608 0.0361688 0.00170884
6 0.674518 0.604488 0.0263353 0.0488948 0.00173662
6 0.53227 0.530476 0.0504451 0.0415271 0.00174746
6 0.529488 0.506363 0.0107567 0.0241125 0.00174968
6 0.310831 0.556932 0.0341246 0.0395177 0.00176933
6 0.527634 0.578031 0.0367211 0.0629605 0.00193752
6 0.767062 0.432686 0.0267062 0.038848 0.0020843
6 0.290616 0.606497 0.0285608 0.0435365 0.0023974
6 0.536721 0.510382 0.0178042 0.0294709 0.00283893
6 0.347181 0.584059 0.0289317 0.0348292 0.00292477
6 0.300816 0.608841 0.0274481 0.0455459 0.00294169
6 0.255564 0.50134 0.0289317 0.0341594 0.00296514
6 0.494622 0.653048 0.0745549 0.0910918 0.00299283
6 0.676558 0.585064 0.0318991 0.0368386 0.00313535
6 0.499629 0.587743 0.0422849 0.0689886 0.00318041
6 0.736461 0.516075 0.027819 0.051574 0.00373368
6 0.353116 0.596115 0.0304154 0.0348292 0.00386751
6 0.500742 0.622237 0.0771513 0.0884126 0.00396671
6 0.711239 0.573342 0.046365 0.0375084 0.00397895
6 0.528375 0.513396 0.0166914 0.0234427 0.00400157
4 0.508717 0.652043 0.476632 0.300737 0.00411189
6 0.253153 0.525787 0.0344955 0.038848 0.0044159
6 0.379451 0.615539 0.0207715 0.038848 0.00460623
6 0.510015 0.544876 0.0437685 0.0488948 0.00468598
6 0.228672 0.58138 0.0300445 0.0401875 0.0050817
6 0.729043 0.577361 0.0241098 0.0334896 0.00517022
6 0.37092 0.607837 0.0274481 0.0301407 0.00565248
6 0.731825 0.527796 0.0289317 0.0361688 0.00647344
6 0.598479 0.521768 0.0226261 0.0522438 0.0117123
6 0.721439 0.583389 0.0289317 0.03215 0.0173635
6 0.667285 0.598794 0.0311573 0.03215 0.0238213
6 0.340319 0.590757 0.03227 0.03215 0.039882
6 0.718843 0.591427 0.0207715 0.0281313 0.04072
6 0.593286 0.514735 0.0159496 0.0421969 0.0448159
6 0.278375 0.556932 0.0441395 0.0582719 0.0711076
6 0.294325 0.576021 0.0307864 0.0375084 0.0851117
6 0.266506 0.510047 0.0315282 0.035499 0.196922
6 0.292841 0.588078 0.0419139 0.0428667 0.256893
4 0.497033 0.654052 0.865727 0.432016 0.844802
5 0.503338 0.232083 0.603116 0.326189 0.905085
2 0.499073 0.374414 0.605712 0.208975 0.922642
