6 0.89745 0.402013 0.0498891 0.163758 1.20424e-05
6 0.445491 0.968792 0.0388027 0.0463087 1.20471e-05
6 0.121766 0.0312081 0.0594974 0.0624161 1.21129e-05
6 0.362343 0.00671141 0.0624538 0.0134228 1.21297e-05
6 0.933851 0.962416 0.0391722 0.0751678 1.2138e-05
6 0.931449 0.473826 0.0661493 0.0979866 1.21554e-05
5 0.0105322 0.122819 0.0210643 0.245638 1.21687e-05
6 0.626016 0.604362 0.253511 0.218121 1.21939e-05
6 0.559867 0.128859 0.0280857 0.12349 1.22113e-05
6 0.192166 0.989597 0.0443459 0.0208054 1.22385e-05
6 0.0428677 0.374161 0.0857354 0.372483 1.22631e-05
6 0.589431 0.487248 0.0162602 0.042953 1.22714e-05
4 0.38969 0.609396 0.228751 0.275168 1.22923e-05
6 0.990946 0.170805 0.0181079 0.294631 1.23402e-05
6 0.331116 0.510738 0.0325203 0.0510067 1.23479e-05
6 0.89782 0.984228 0.0380636 0.0275168 1.23759e-05
6 0.0964523 0.968792 0.0317812 0.0315436 1.24889e-05
6 0.556541 0.665101 0.0362158 0.0711409 1.24897e-05
6 0.973762 0.96745 0.0413895 0.047651 1.25201e-05
6 0.213045 0.915436 0.018847 0.169128 1.25292e-05
6 0.21711 0.0104027 0.0395418 0.0181208 1.2539e-05
4 0.00813008 0.71443 0.0162602 0.232886 1.25614e-05
6 0.144494 0.0288591 0.0620843 0.0577181 1.25887e-05
6 0.393385 0.556376 0.0424982 0.0657718 1.25978e-05
6 0.0552476 0.247651 0.0735403 0.263087 1.26063e-05
0 0.995565 0.701342 0.00886918 0.181208 1.26175e-05
6 0.207871 0.355369 0.0624538 0.145638 1.2623e-05
6 0.725425 0.248993 0.0532151 0.171812 1.26324e-05
6 0.757576 0.0057047 0.0288248 0.00872483 1.26562e-05
6 0.871582 0.399329 0.0609756 0.194631 1.2657e-05
6 0.871582 0.432215 0.0898004 0.319463 1.26684e-05
6 0.00535846 0.424832 0.0107169 0.130201 1.27045e-05
6 0.990392 0.385906 0.0169993 0.119463 1.27212e-05
6 0.928492 0.267785 0.0772358 0.14094 1.27296e-05
0 0.980044 0.752685 0.0273466 0.35906 1.27679e-05
6 0.673319 0.0318792 0.052476 0.0637584 1.27752e-05
6 0.902254 0.0228188 0.086844 0.0456376 1.27788e-05
6 0.346452 0.96745 0.0277162 0.0463087 1.27926e-05
6 0.339616 0.446644 0.0325203 0.0530201 1.28581e-05
6 0.686807 0.624161 0.104582 0.118121 1.28642e-05
6 0.747044 0.0305369 0.0424982 0.0610738 1.28657e-05
5 0.343126 0.170134 0.119364 0.204698 1.28924e-05
4 0.0169993 0.537248 0.0339985 0.400671 1.28951e-05
6 0.801367 0.928523 0.0210643 0.0852349 1.29023e-05
6 0.0761271 0.494966 0.141168 0.298658 1.29151e-05
6 0.0140429 0.404027 0.0280857 0.177181 1.29293e-05
10 0.830377 0.966107 0.0310421 0.0677852 1.29372e-05
6 0.181818 0.0489933 0.0849963 0.0751678 1.29378e-05
6 0.281042 0.402013 0.0328899 0.0765101 1.29479e-05
6 0.326312 0.925503 0.0739098 0.144966 1.29508e-05
6 0.394309 0.0224832 0.0317812 0.0449664 1.2956e-05
6 0.760902 0.966443 0.0317812 0.0456376 1.29756e-05
6 0.906689 0.241275 0.0912786 0.148322 1.29821e-05
7 0.495381 0.38557 0.0129342 0.106711 1.30402e-05
5 0.893939 0.980873 0.212121 0.038255 1.30518e-05
6 0.93422 0.011745 0.045085 0.0234899 1.3119e-05
6 0.544531 0.516107 0.0269771 0.0697987 1.3124e-05
6 0.644494 0.461409 0.0413895 0.0691275 1.31283e-05
5 0.0145972 0.213758 0.0291944 0.352349 1.31406e-05
6 0.846083 0.0197987 0.0683666 0.0395973 1.31827e-05
6 0.182742 0.405369 0.0683666 0.102013 1.31917e-05
6 0.35218 0.473154 0.0192166 0.0362416 1.31939e-05
6 0.289357 0.271812 0.0458241 0.130201 1.32128e-05
6 0.45048 0.0318792 0.0362158 0.0637584 1.32257e-05
6 0.0949741 0.0328859 0.0613452 0.0657718 1.32262e-05
6 0.610126 0.525503 0.0938655 0.136913 1.32284e-05
6 0.604213 0.527181 0.0399113 0.0583893 1.32573e-05
7 0.485033 0.977852 0.0306726 0.0442953 1.33015e-05
6 0.102919 0.966443 0.0535846 0.0671141 1.33038e-05
6 0.921101 0.539262 0.0654102 0.207383 1.33523e-05
6 0.994087 0.412416 0.0118256 0.114765 1.33661e-05
6 0.709719 0.040604 0.0151515 0.0221477 1.33715e-05
6 0.215632 0.967785 0.0240207 0.0362416 1.34262e-05
6 0.213045 0.95906 0.0321508 0.0818792 1.34394e-05
6 0.316704 0.0181208 0.0406504 0.0362416 1.34568e-05
7 0.616778 0.362752 0.037694 0.125503 1.34583e-05
6 0.309867 0.396309 0.0957132 0.140268 1.34614e-05
6 0.728012 0.514765 0.0413895 0.0657718 1.34834e-05
6 0.165188 0.897315 0.0761271 0.205369 1.35212e-05
6 0.558389 0.61443 0.0391722 0.057047 1.35336e-05
6 0.395233 0.469128 0.0506282 0.0765101 1.35653e-05
6 0.105691 0.00973154 0.0487805 0.0194631 1.35755e-05
5 0.881929 0.955705 0.236142 0.0885906 1.35799e-05
9 0.94235 0.988926 0.0332594 0.0221477 1.3609e-05
6 0.713969 0.0305369 0.0140429 0.0208054 1.36102e-05
4 0.980783 0.76443 0.0384331 0.347651 1.36225e-05
6 0.68034 0.596644 0.0251293 0.0416107 1.36363e-05
6 0.667591 0.463758 0.0373245 0.0510067 1.36421e-05
6 0.743718 0.53255 0.0764967 0.118792 1.36686e-05
6 0.725979 0.486913 0.0299335 0.0489933 1.36963e-05
6 0.488359 0.191611 0.0454545 0.140268 1.37438e-05
6 0.596083 0.0271812 0.0428677 0.0543624 1.37464e-05
6 0.0569106 0.495973 0.0739098 0.230872 1.37542e-05
6 0.159091 0.463423 0.086844 0.20604 1.37758e-05
6 0.359387 0.965436 0.0254989 0.047651 1.38191e-05
6 0.392461 0.516779 0.17221 0.213423 1.38483e-05
5 0.743902 0.230537 0.512195 0.461074 1.38825e-05
6 0.245196 0.974161 0.0240207 0.0516779 1.39172e-05
6 0.255543 0.492953 0.0469327 0.057047 1.39258e-05
9 0.0683666 0.961745 0.0428677 0.0765101 1.39438e-05
6 0.786216 0.544295 0.0661493 0.132886 1.3946e-05
6 0.994087 0.899664 0.0118256 0.200671 1.39704e-05
6 0.0449002 0.0278523 0.0875831 0.0557047 1.39996e-05
6 0.579084 0.0090604 0.0206948 0.0114094 1.40665e-05
6 0.19235 0.876846 0.0484109 0.165772 1.40995e-05
6 0.73374 0.965101 0.0321508 0.0469799 1.4107e-05
6 0.46711 0.564094 0.0325203 0.104027 1.4114e-05
6 0.138766 0.176174 0.0328899 0.0865772 1.41193e-05
6 0.160015 0.947315 0.075388 0.0825503 1.41253e-05
2 0.626386 0.941946 0.747228 0.116107 1.41328e-05
5 0.931449 0.85 0.137103 0.3 1.414e-05
6 0.528455 0.541946 0.0391722 0.0691275 1.41613e-05
5 0.312823 0.166107 0.141537 0.308054 1.41726e-05
6 0.715262 0.486577 0.0291944 0.0684564 1.41972e-05
6 0.961013 0.40302 0.0550628 0.230201 1.42139e-05
6 0.379342 0.00369128 0.0240207 0.00738255 1.42158e-05
6 0.586659 0.562081 0.0247598 0.0503356 1.42622e-05
6 0.536216 0.0161074 0.0332594 0.0268456 1.42768e-05
6 0.231338 0.986577 0.0354767 0.0255034 1.43175e-05
6 0.77014 0.442953 0.0864745 0.136913 1.43236e-05
6 0.493718 0.0325503 0.0288248 0.0651007 1.43716e-05
6 0.589061 0.663087 0.0339985 0.0711409 1.43717e-05
6 0.620288 0.575503 0.120843 0.149664 1.43886e-05
6 0.157797 0.316779 0.0798226 0.267114 1.44279e-05
6 0.281042 0.488591 0.0358463 0.0510067 1.44461e-05
6 0.556911 0.978523 0.0487805 0.042953 1.44851e-05
6 0.168884 0.199329 0.045085 0.151678 1.45315e-05
6 0.0258684 0.97953 0.030303 0.0275168 1.45497e-05
10 0.988174 0.815436 0.0192166 0.157047 1.45752e-05
6 0.182742 0.955705 0.0388027 0.0885906 1.46136e-05
4 0.0537694 0.763423 0.107539 0.337584 1.46547e-05
6 0.343126 0.508054 0.0343681 0.0483221 1.46654e-05
6 0.512749 0.541946 0.0351072 0.0691275 1.47053e-05
5 0.615115 0.976846 0.531042 0.0463087 1.47276e-05
0 0.0145972 0.851678 0.0151515 0.29396 1.48006e-05
6 0.318367 0.57349 0.0218034 0.0436242 1.48763e-05
6 0.258684 0.462416 0.0413895 0.0536913 1.49193e-05
6 0.283259 0.0221477 0.0432373 0.0442953 1.49237e-05
6 0.441796 0.0409396 0.111973 0.0818792 1.49258e-05
6 0.752772 0.563423 0.0273466 0.0610738 1.49404e-05
6 0.752402 0.428859 0.0487805 0.0912752 1.49507e-05
7 0.0600517 0.968792 0.0321508 0.0624161 1.49517e-05
6 0.208056 0.0322148 0.0953437 0.0644295 1.50183e-05
6 0.437361 0.57651 0.0624538 0.138255 1.50218e-05
6 0.435698 0.627852 0.0325203 0.0838926 1.50274e-05
6 0.970621 0.0553691 0.0314117 0.0543624 1.50438e-05
6 0.985772 0.662081 0.0284553 0.434228 1.50555e-05
6 0.862158 0.960738 0.037694 0.0785235 1.52174e-05
6 0.343681 0.949329 0.0739098 0.101342 1.52182e-05
6 0.593311 0.0124161 0.0299335 0.014094 1.53233e-05
6 0.188655 0.880201 0.0469327 0.0610738 1.53248e-05
6 0.696231 0.946309 0.0628234 0.107383 1.53354e-05
6 0.0109017 0.418121 0.0158906 0.29396 1.53724e-05
6 0.0109017 0.613758 0.0218034 0.121477 1.54348e-05
6 0.231153 0.607718 0.0513673 0.057047 1.54818e-05
6 0.0109017 0.0345638 0.0218034 0.0691275 1.55232e-05
6 0.995196 0.563758 0.00960828 0.154362 1.55273e-05
6 0.988359 0.463087 0.0232816 0.416107 1.55473e-05
6 0.329453 0.537919 0.0232816 0.038255 1.55667e-05
6 0.0814856 0.0127517 0.0380636 0.0214765 1.56074e-05
6 0.239098 0.0261745 0.0665189 0.052349 1.57481e-05
5 0.628418 0.0865772 0.370658 0.161074 1.57655e-05
2 0.682742 0.321477 0.117886 0.150336 1.57845e-05
5 0.485218 0.893289 0.929786 0.213423 1.57903e-05
6 0.00480414 0.471141 0.00960828 0.122148 1.58033e-05
6 0.96286 0.304362 0.0742794 0.266443 1.58696e-05
6 0.897081 0.88557 0.106061 0.145638 1.58992e-05
6 0.570769 0.596644 0.0424982 0.10604 1.59332e-05
6 0.666482 0.476175 0.0218034 0.038255 1.59641e-05
6 0.530303 0.322148 0.0495196 0.110067 1.59673e-05
6 0.728751 0.593624 0.0288248 0.0503356 1.59782e-05
6 0.253141 0.00637584 0.0199557 0.00872483 1.5994e-05
6 0.523282 0.201678 0.0480414 0.0973154 1.60192e-05
5 0.980599 0.865772 0.0388027 0.257718 1.60574e-05
6 0.33167 0.595638 0.0395418 0.0557047 1.61075e-05
2 0.257761 0.3 0.176275 0.316779 1.61575e-05
6 0.709534 0.510738 0.0362158 0.0604027 1.62058e-05
6 0.662971 0.484899 0.0805617 0.114765 1.6242e-05
6 0.708795 0.0456376 0.0384331 0.0697987 1.63246e-05
6 0.00646711 0.0312081 0.0129342 0.0624161 1.63593e-05
6 0.230968 0.975839 0.0428677 0.042953 1.63599e-05
6 0.352919 0.50302 0.022912 0.0409396 1.64074e-05
6 0.37694 0.580537 0.0288248 0.052349 1.64138e-05
6 0.43459 0.571477 0.0332594 0.0825503 1.64375e-05
6 0.207687 0.926175 0.0399113 0.0818792 1.64963e-05
7 0.592018 0.381208 0.0354767 0.150336 1.65144e-05
6 0.569845 0.0536913 0.0118256 0.0362416 1.65897e-05
5 0.421101 0.97349 0.456393 0.0436242 1.6591e-05
0 0.00314117 0.875168 0.00628234 0.147651 1.65921e-05
3 0.679601 0.5 0.640798 1 1.6599e-05
6 0.985033 0.257718 0.0299335 0.307383 1.66443e-05
5 0.492609 0.926846 0.502587 0.146309 1.67831e-05
6 0.692905 0.00536913 0.0317812 0.0107383 1.67906e-05
6 0.541759 0.0513423 0.0406504 0.0503356 1.67914e-05
6 0.723947 0.441611 0.0280857 0.0442953 1.68369e-05
6 0.139135 0.174497 0.0484109 0.144966 1.68447e-05
6 0.495565 0.969128 0.0288248 0.0483221 1.69038e-05
6 0.871027 0.0211409 0.0820399 0.0422819 1.69173e-05
6 0.592757 0.616779 0.0384331 0.0510067 1.69472e-05
6 0.633777 0.531208 0.0251293 0.0489933 1.69784e-05
6 0.633777 0.496644 0.0221729 0.042953 1.70068e-05
6 0.708795 0.0587248 0.0169993 0.0328859 1.70506e-05
6 0.232262 0.949329 0.0535846 0.0852349 1.70641e-05
6 0.182557 0.360403 0.0746489 0.10604 1.71014e-05
6 0.104582 0.975168 0.0413895 0.0496644 1.71328e-05
6 0.657982 0.969463 0.0269771 0.0409396 1.71426e-05
6 0.185698 0.966779 0.0291944 0.038255 1.71472e-05
9 0.632299 1 0.0842572 0 1.71663e-05
5 0.441242 0.0503356 0.203252 0.100671 1.71724e-05
6 0.244272 0.987919 0.0339985 0.0241611 1.72053e-05
6 0.39745 0.522483 0.026238 0.0489933 1.72113e-05
6 0.416667 0.954698 0.0365854 0.090604 1.72253e-05
6 0.539172 0.0442953 0.0214339 0.0174497 1.72288e-05
9 0.991316 0.984228 0.011456 0.0315436 1.73245e-05
6 0.385255 0.571477 0.078714 0.101342 1.73357e-05
6 0.843681 0.990268 0.0546933 0.0194631 1.73429e-05
6 0.412786 0.454027 0.0362158 0.0691275 1.74148e-05
6 0.720067 0.394631 0.033629 0.0738255 1.74169e-05
6 0.235033 0.557383 0.0561715 0.104027 1.74249e-05
6 0.875277 0.974497 0.0306726 0.042953 1.7429e-05
6 0.562639 0.0291946 0.0705839 0.0583893 1.74406e-05
6 0.408906 0.00872483 0.0380636 0.0161074 1.74557e-05
7 0.609202 0.397315 0.0476718 0.144966 1.74716e-05
6 0.411308 0.0265101 0.0894309 0.0530201 1.7474e-05
6 0.181079 0.0214765 0.0709534 0.042953 1.7495e-05
8 0.976164 0.996644 0.0380636 0.00671141 1.75497e-05
6 0.132114 0.97047 0.0277162 0.0348993 1.75841e-05
6 0.748152 0.00637584 0.0210643 0.0100671 1.76475e-05
2 0.55765 0.373154 0.271988 0.249664 1.76665e-05
3 0.207871 0.430537 0.415743 0.861074 1.77157e-05
6 0.316519 0.513423 0.0314117 0.0510067 1.77188e-05
6 0.226349 0.565101 0.120103 0.279195 1.77369e-05
6 0.775499 0.381544 0.109756 0.168456 1.77629e-05
6 0.00406504 0.945302 0.00813008 0.109396 1.77691e-05
6 0.558389 0.0513423 0.014782 0.0328859 1.77729e-05
6 0.90595 0.972483 0.0439763 0.0402685 1.77767e-05
6 0.205469 0.964094 0.0243902 0.0328859 1.78252e-05
6 0.765521 0.00872483 0.026238 0.0134228 1.78947e-05
7 0.497783 0.372148 0.0251293 0.185906 1.79171e-05
6 0.160754 0.905369 0.0731707 0.0966443 1.7967e-05
6 0.693829 0.538926 0.0314117 0.0496644 1.80351e-05
6 0.25037 0.433893 0.063932 0.0771812 1.80808e-05
7 0.745196 0.196644 0.0469327 0.252349 1.81027e-05
6 0.703437 0.896309 0.086844 0.156376 1.81469e-05
6 0.388581 0.00503356 0.0469327 0.0100671 1.81499e-05
6 0.570399 0.0879195 0.0210643 0.0550336 1.8233e-05
6 0.145233 0.971812 0.0273466 0.0362416 1.83829e-05
6 0.688101 0.644631 0.0436068 0.106711 1.8395e-05
6 0.0121951 0.495302 0.0243902 0.169128 1.85061e-05
6 0.891353 0.95302 0.0458241 0.0939597 1.85209e-05
4 0.00979305 0.805705 0.0195861 0.286577 1.86004e-05
6 0.337214 0.0224832 0.0654102 0.0449664 1.872e-05
6 0.990022 0.499664 0.0184775 0.105369 1.87216e-05
5 0.228012 0.189933 0.456024 0.379866 1.87461e-05
6 0.521249 0.970134 0.0247598 0.0449664 1.87857e-05
6 0.895233 0.334228 0.0388027 0.171812 1.88413e-05
6 0.141353 0.969463 0.0461936 0.0610738 1.88435e-05
6 0.506652 0.276174 0.0643016 0.0825503 1.88763e-05
6 0.989098 0.566107 0.0173688 0.108054 1.89301e-05
10 0.988544 0.898993 0.0177384 0.148322 1.90344e-05
6 0.936807 0.97349 0.0332594 0.0395973 1.908e-05
6 0.795455 0.294966 0.167406 0.267785 1.91003e-05
5 0.883962 0.790268 0.232077 0.419463 1.91292e-05
6 0.00498891 0.536913 0.00997783 0.124832 1.91751e-05
6 0.657243 0.00771812 0.0461936 0.0154362 1.91887e-05
5 0.586105 0.0318792 0.189209 0.0557047 1.92028e-05
6 0.303585 0.51443 0.0314117 0.0530201 1.92093e-05
6 0.612713 0.655034 0.0369549 0.0697987 1.92122e-05
6 0.00979305 0.565772 0.0195861 0.112752 1.92986e-05
6 0.682188 0.448993 0.037694 0.0590604 1.93191e-05
6 0.253511 0.963423 0.0399113 0.0731544 1.9349e-05
6 0.130636 0.951342 0.0757576 0.0731544 1.93552e-05
6 0.097561 0.902349 0.0997783 0.145638 1.93726e-05
6 0.591648 0.0318792 0.0243902 0.0154362 1.93785e-05
6 0.36493 0.541611 0.0269771 0.0456376 1.94322e-05
6 0.573725 0.0583893 0.0284553 0.0738255 1.94604e-05
6 0.610865 0.474497 0.037694 0.0711409 1.94746e-05
6 0.164449 0.960067 0.0347376 0.0798658 1.9488e-05
6 0.508869 0.0657718 0.120473 0.131544 1.94899e-05
6 0.776423 0.615772 0.045085 0.0637584 1.94928e-05
6 0.922764 0.969463 0.0421286 0.0436242 1.95011e-05
6 0.00794531 0.064094 0.0158906 0.128188 1.95312e-05
6 0.218219 0.99094 0.0454545 0.0181208 1.95636e-05
6 0.80303 0.897651 0.0177384 0.204698 1.95763e-05
6 0.524575 0.598322 0.026238 0.047651 1.95968e-05
6 0.391907 0.0033557 0.018847 0.00671141 1.96219e-05
6 0.31541 0.534228 0.0203252 0.0416107 1.96359e-05
5 0.68071 0.952349 0.44272 0.095302 1.96887e-05
6 0.454176 0.0114094 0.0251293 0.0161074 1.96931e-05
6 0.533075 0.970805 0.0291944 0.0409396 1.96975e-05
6 0.316334 0.602685 0.0790835 0.128859 1.977e-05
6 0.783075 0.975503 0.0384331 0.0395973 1.97917e-05
6 0.670547 0.969799 0.0269771 0.0442953 1.98354e-05
6 0.98374 0.0439597 0.0325203 0.0879195 1.98396e-05
6 0.40558 0.00637584 0.018847 0.0100671 1.99706e-05
6 0.405211 0.0338926 0.0461936 0.0677852 1.9998e-05
6 0.344974 0.590604 0.0388027 0.0590604 2.00126e-05
6 0.261641 0.535906 0.0295639 0.047651 2.0023e-05
6 0.122506 0.952013 0.0447154 0.0959732 2.00383e-05
6 0.292313 0.555034 0.0694752 0.127517 2.00815e-05
4 0.733186 0.66443 0.34442 0.397315 2.02206e-05
7 0.327975 1 0.0816704 0 2.0224e-05
7 0.507761 1 0.0798226 0 2.03281e-05
7 0.505913 0.694631 0.0332594 0.216107 2.03296e-05
6 0.354028 0.540268 0.0258684 0.0456376 2.036e-05
6 0.294346 0.485235 0.0343681 0.0483221 2.03984e-05
6 0.984109 0.392282 0.0317812 0.316107 2.04389e-05
6 0.27088 0.972483 0.0325203 0.0389262 2.04507e-05
5 0.29102 0.0932886 0.161493 0.159732 2.0465e-05
6 0.593496 0.978188 0.0495196 0.0436242 2.04747e-05
6 0.567627 0.0738255 0.00960828 0.0550336 2.04873e-05
6 0.616962 0.040604 0.0365854 0.0261745 2.05152e-05
6 0.557834 0.960067 0.0572801 0.0798658 2.05218e-05
4 0.992794 0.757718 0.0144124 0.245638 2.05535e-05
5 0.220621 0.832215 0.435329 0.186577 2.05872e-05
6 0.368071 0.0033557 0.0332594 0.00671141 2.06314e-05
2 0.49575 0.227852 0.110495 0.138926 2.07348e-05
6 0.431449 0.449329 0.0291944 0.0758389 2.07467e-05
6 0.32816 0.447651 0.0266075 0.0469799 2.0816e-05
5 0.888027 0.059396 0.0960828 0.0879195 2.08744e-05
6 0.304139 0.0325503 0.0288248 0.0651007 2.09012e-05
9 0.662417 1 0.0794531 0 2.09308e-05
6 0.606245 0.563423 0.0254989 0.0489933 2.09348e-05
6 0.584812 0.637919 0.0587583 0.105369 2.09361e-05
6 0.294346 0.972148 0.0284553 0.0422819 2.09467e-05
6 0.420732 0.966779 0.0343681 0.0463087 2.09975e-05
6 0.305248 0.0416107 0.082779 0.0832215 2.10306e-05
6 0.543607 0.538255 0.0317812 0.0590604 2.10408e-05
6 0.72136 0.473826 0.0495196 0.0604027 2.10817e-05
6 0.968958 0.0634228 0.059867 0.126846 2.12201e-05
6 0.266815 0.973154 0.0509978 0.0536913 2.12861e-05
6 0.533814 0.0281879 0.0506282 0.0563758 2.13212e-05
6 0.638027 0.65 0.0417591 0.0731544 2.13897e-05
6 0.991316 0.430201 0.0166297 0.120805 2.14166e-05
7 0.484294 0.376175 0.0469327 0.160403 2.1581e-05
6 0.890798 0.97349 0.0314117 0.0395973 2.15992e-05
6 0.739283 0.293289 0.04915 0.138255 2.16071e-05
6 0.257391 0.986913 0.0314117 0.0248322 2.16106e-05
2 0.133038 0.297987 0.0731707 0.355705 2.16359e-05
4 0.0127494 0.75604 0.0254989 0.404698 2.1665e-05
6 0.581855 0.506376 0.0254989 0.0677852 2.16708e-05
6 0.707317 0.0651007 0.0273466 0.130201 2.16929e-05
6 0.859941 0.979195 0.0266075 0.0416107 2.17522e-05
6 0.818551 0.399329 0.0702143 0.107383 2.1764e-05
5 0.657798 0.0291946 0.148559 0.0583893 2.18301e-05
5 0.649298 0.920134 0.503326 0.159732 2.18394e-05
6 0.489653 0.488926 0.111604 0.152349 2.18858e-05
6 0.978197 0.0567114 0.0436068 0.113423 2.20522e-05
6 0.214523 0.976174 0.0380636 0.0369128 2.20818e-05
6 0.298781 0.558389 0.033629 0.0778523 2.21223e-05
6 0.182557 0.321477 0.102735 0.154362 2.21901e-05
6 0.719882 0.624497 0.0362158 0.0946309 2.22611e-05
6 0.640983 0.0479866 0.104582 0.0812081 2.23501e-05
6 0.72173 0.443624 0.151515 0.256376 2.2377e-05
6 0.1966 0.268456 0.0931264 0.14094 2.23772e-05
6 0.601811 0.955705 0.0631929 0.0885906 2.24269e-05
6 0.130266 0.985235 0.0314117 0.0268456 2.24852e-05
6 0.18422 0.975168 0.0461936 0.0402685 2.25021e-05
6 0.557834 0.512416 0.145233 0.112081 2.25421e-05
6 0.253141 0.408389 0.148559 0.290604 2.26436e-05
6 0.580931 0.449329 0.037694 0.0879195 2.2711e-05
4 0.715817 0.685235 0.568367 0.609396 2.27571e-05
6 0.918699 0.954698 0.052476 0.090604 2.27867e-05
6 0.572801 0.596309 0.0317812 0.0610738 2.28649e-05
6 0.217849 0.0194631 0.0617147 0.0389262 2.30028e-05
6 0.658352 0.948658 0.0602365 0.102685 2.30539e-05
6 0.678677 0.602013 0.0683666 0.0966443 2.30548e-05
6 0.785846 0.56745 0.0949741 0.243624 2.30911e-05
6 0.27864 0.92349 0.0643016 0.124832 2.31017e-05
6 0.683666 0.969799 0.0288248 0.0416107 2.31685e-05
6 0.770325 0.517114 0.0373245 0.0503356 2.31798e-05
10 0.846637 0.966107 0.030303 0.0677852 2.32381e-05
6 0.177384 0.927181 0.0820399 0.113423 2.32763e-05
6 0.155765 0.986242 0.0314117 0.0261745 2.3317e-05
7 0.509978 0.327181 0.0295639 0.175168 2.33186e-05
6 0.407982 0.966779 0.0325203 0.0503356 2.3325e-05
6 0.0705839 0.428859 0.0724316 0.216107 2.33262e-05
6 0.411863 0.547987 0.0469327 0.0771812 2.33407e-05
6 0.584072 0.523826 0.0210643 0.0409396 2.33453e-05
0 0.0105322 0.758054 0.0144124 0.328188 2.34254e-05
6 0.640613 0.47953 0.0284553 0.0530201 2.34321e-05
6 0.983001 0.113758 0.0339985 0.202013 2.34838e-05
6 0.973208 0.0130872 0.0424982 0.0261745 2.35841e-05
6 0.378973 0.558054 0.0395418 0.0597315 2.36131e-05
6 0.533259 0.985906 0.0362158 0.0281879 2.36871e-05
5 0.682927 0.195302 0.121951 0.212081 2.36993e-05
6 0.619549 0.622819 0.0617147 0.0885906 2.37248e-05
6 0.331486 0.475839 0.0702143 0.0993289 2.37249e-05
6 0.571508 0.531208 0.0351072 0.0543624 2.37838e-05
6 0.948263 0.49698 0.103474 0.275839 2.38359e-05
6 0.356615 0.00436242 0.0391722 0.00872483 2.39637e-05
6 0.245196 0.0100671 0.0277162 0.0134228 2.40486e-05
6 0.333888 0.539933 0.0388027 0.0744966 2.41321e-05
6 0.790466 0.989933 0.0421286 0.0201342 2.41323e-05
6 0.194198 0.292953 0.0631929 0.0946309 2.41964e-05
6 0.911308 0.404027 0.0657797 0.22953 2.45688e-05
6 0.866038 0.318121 0.0587583 0.308725 2.45991e-05
6 0.86918 0.99094 0.0546933 0.0181208 2.46331e-05
6 0.00702143 0.0271812 0.00886918 0.0503356 2.46588e-05
5 0.59867 0.139597 0.538803 0.163758 2.46637e-05
6 0.740946 0.551007 0.0347376 0.0496644 2.46919e-05
6 0.650776 0.606711 0.0724316 0.0872483 2.47271e-05
9 0.153178 1 0.0846268 0 2.4757e-05
6 0.595528 0.0167785 0.0513673 0.033557 2.48432e-05
6 0.934959 0.0221477 0.0702143 0.0442953 2.49456e-05
6 0.302476 0.00469799 0.018847 0.00939597 2.49781e-05
6 0.749446 0.939597 0.0554324 0.0966443 2.50282e-05
6 0.931264 0.407383 0.0657797 0.102013 2.50408e-05
6 0.662786 0.64698 0.0439763 0.0751678 2.50615e-05
6 0.342572 0.541946 0.0325203 0.0503356 2.50743e-05
6 0.162602 0.977181 0.0266075 0.0456376 2.51344e-05
6 0.988359 0.320805 0.0232816 0.362416 2.51881e-05
4 0.136733 0.67953 0.273466 0.516107 2.5325e-05
6 0.843866 0.982215 0.0232816 0.0355705 2.53991e-05
6 0.500924 0.0305369 0.0920177 0.0610738 2.55191e-05
9 0.994826 0.99094 0.0103474 0.0181208 2.55832e-05
6 0.20473 0.267785 0.059867 0.0899329 2.56263e-05
7 0.577236 0.396309 0.0487805 0.160403 2.56683e-05
8 0.964708 0.976174 0.0439763 0.047651 2.57195e-05
6 0.0849963 0.381208 0.0687361 0.221477 2.57632e-05
6 0.994272 0.558054 0.011456 0.301342 2.59565e-05
5 0.237251 0.0265101 0.166297 0.0530201 2.60155e-05
6 0.570953 0.557383 0.0325203 0.057047 2.60747e-05
6 0.559682 0.0889262 0.0195861 0.057047 2.61307e-05
7 0.0940503 0.968456 0.0395418 0.0630872 2.6159e-05
6 0.699557 0.0459732 0.11456 0.0919463 2.62308e-05
2 0.232816 0.92651 0.465632 0.14698 2.63417e-05
6 0.0820399 0.0191275 0.0591279 0.038255 2.63466e-05
6 0.403178 0.96443 0.0443459 0.0711409 2.63887e-05
6 0.615115 0.578524 0.0698448 0.10604 2.63995e-05
6 0.370658 0.0802013 0.135994 0.142953 2.64695e-05
6 0.00554324 0.631544 0.0110865 0.124832 2.64904e-05
6 0.933851 0.470805 0.075388 0.227517 2.65507e-05
6 0.680525 0.477517 0.0321508 0.0503356 2.65853e-05
5 0.356245 0.0372483 0.168514 0.0744966 2.66224e-05
6 0.143755 0.98557 0.030303 0.0248322 2.66269e-05
5 0.983925 0.91745 0.0321508 0.165101 2.66385e-05
9 0.0456393 0.976846 0.0912786 0.0463087 2.6661e-05
6 0.720067 0.975168 0.0395418 0.0442953 2.66911e-05
6 0.451035 0.0187919 0.0454545 0.0375839 2.67432e-05
2 0.908721 0.163423 0.161863 0.305369 2.67544e-05
6 0.611234 0.978188 0.0399113 0.038255 2.69684e-05
6 0.219882 0.910067 0.0421286 0.0912752 2.70367e-05
6 0.569475 0.980537 0.0561715 0.0389262 2.72873e-05
5 0.289911 0.0244966 0.123799 0.0489933 2.74015e-05
6 0.197524 0.949329 0.0476718 0.0691275 2.74146e-05
6 0.956763 0.0822148 0.0864745 0.157718 2.74576e-05
6 0.764967 0.0201342 0.0517369 0.0402685 2.75276e-05
6 0.780118 0.537584 0.0421286 0.0684564 2.76803e-05
6 0.524945 0.56443 0.0343681 0.0630872 2.77204e-05
9 0.966186 0.96443 0.0380636 0.0711409 2.80966e-05
6 0.259793 0.974832 0.0266075 0.0503356 2.81177e-05
8 0.732816 0.870134 0.534368 0.259732 2.81646e-05
6 0.953622 0.969799 0.0254989 0.0241611 2.81668e-05
6 0.0463784 0.0667785 0.0927568 0.128188 2.81871e-05
6 0.199002 0.971141 0.026238 0.0483221 2.82572e-05
6 0.469697 0.0426175 0.0206948 0.0637584 2.84185e-05
6 0.820399 0.269799 0.0606061 0.0993289 2.8421e-05
6 0.204176 0.428523 0.133407 0.228859 2.84601e-05
6 0.92184 0.983221 0.0454545 0.0295302 2.85186e-05
6 0.993902 0.401007 0.0121951 0.283893 2.85229e-05
6 0.095898 0.982886 0.0380636 0.0261745 2.86252e-05
6 0.690687 0.478523 0.075388 0.116779 2.86664e-05
6 0.737251 0.605369 0.0487805 0.0832215 2.86748e-05
6 0.769401 0.98557 0.0354767 0.0248322 2.86892e-05
5 0.592942 1 0.281966 0 2.87069e-05
6 0.438285 0.959396 0.052476 0.0812081 2.87138e-05
6 0.667591 0.487248 0.0484109 0.0671141 2.87868e-05
6 0.72949 0.430537 0.0266075 0.0516779 2.87941e-05
6 0.462676 0.0395973 0.00960828 0.0241611 2.88055e-05
6 0.71711 0.593289 0.0254989 0.0442953 2.88426e-05
6 0.989653 0.183893 0.0206948 0.343624 2.89981e-05
6 0.693829 0.0718121 0.0432373 0.130201 2.90017e-05
6 0.97136 0.937248 0.0506282 0.125503 2.90124e-05
6 0.555987 0.556376 0.0254989 0.0550336 2.91011e-05
7 0.520695 0.368456 0.00960828 0.128859 2.91015e-05
5 0.392646 0.116779 0.400222 0.165101 2.91191e-05
6 0.641537 0.971812 0.0539542 0.0563758 2.92333e-05
6 0.630081 0.614765 0.0325203 0.0563758 2.92833e-05
6 0.511271 0.61443 0.0447154 0.0825503 2.93267e-05
6 0.00498891 0.58255 0.00997783 0.108725 2.94987e-05
6 0.406689 0.014094 0.0358463 0.0281879 2.95084e-05
7 0.120473 1 0.0820399 0 2.95179e-05
5 0.743348 0.0768456 0.141537 0.153691 2.98982e-05
5 0.921471 0.0332215 0.127494 0.066443 3.01132e-05
6 0.641353 0.494966 0.0402809 0.0651007 3.01586e-05
6 0.496674 0.959732 0.0480414 0.0805369 3.02572e-05
4 0.863452 0.820134 0.273097 0.359732 3.03285e-05
6 0.81116 0.975168 0.0155211 0.0416107 3.04765e-05
6 0.431633 0.0328859 0.0399113 0.0657718 3.04905e-05
6 0.604952 0.986913 0.0583888 0.0261745 3.05119e-05
6 0.952143 0.0362416 0.0957132 0.0724832 3.06208e-05
7 0.532151 0.362416 0.037694 0.136913 3.06744e-05
5 0.529749 0.122819 0.0506282 0.128859 3.07778e-05
6 0.953067 0.404698 0.0938655 0.233557 3.0796e-05
6 0.130451 0.0161074 0.067997 0.0322148 3.08173e-05
6 0.988359 0.0305369 0.0166297 0.0610738 3.08257e-05
7 0.523836 0.375839 0.0676275 0.195973 3.0892e-05
6 0.461013 0.493624 0.0949741 0.0932886 3.09759e-05
6 0.896157 0.99094 0.0539542 0.0181208 3.11171e-05
6 0.535107 0.56443 0.0428677 0.0926175 3.11187e-05
6 0.709719 0.595638 0.0853659 0.144295 3.11228e-05
6 0.665928 0.968792 0.0317812 0.0624161 3.12946e-05
6 0.5085 0.984899 0.0295639 0.0302013 3.15128e-05
9 0.961567 0.977517 0.0258684 0.0261745 3.1515e-05
6 0.689579 0.0191275 0.0546933 0.038255 3.1522e-05
6 0.978012 0.980873 0.0380636 0.038255 3.16561e-05
9 0.952328 0.990604 0.0266075 0.0187919 3.16775e-05
6 0.439394 0.515101 0.0931264 0.0973154 3.16888e-05
6 0.991685 0.0755034 0.0166297 0.151007 3.17847e-05
3 0.109387 0.893624 0.218773 0.212752 3.17952e-05
9 0.991685 0.960403 0.0166297 0.0791946 3.1804e-05
5 0.72949 0.110403 0.0731707 0.208725 3.18241e-05
6 0.357354 0.492282 0.0480414 0.0530201 3.18514e-05
6 0.120473 0.977181 0.0421286 0.0375839 3.19732e-05
6 0.902254 0.980201 0.0654102 0.0395973 3.19963e-05
5 0.239283 0.157047 0.196231 0.304698 3.20776e-05
2 0.195492 0.298993 0.161123 0.341611 3.21428e-05
2 0.843496 0.322148 0.129712 0.303356 3.2343e-05
6 0.705839 0.62047 0.0317812 0.0718121 3.23681e-05
7 0.521064 0.369128 0.0206948 0.185235 3.24476e-05
6 0.589061 0.0446309 0.0221729 0.0261745 3.2509e-05
5 0.525684 0.17953 0.078714 0.175168 3.25185e-05
6 0.881005 0.95 0.0946046 0.1 3.2662e-05
6 0.710643 0.969128 0.030303 0.061745 3.27244e-05
6 0.985772 0.0244966 0.0284553 0.0489933 3.28965e-05
6 0.393016 0.0120805 0.0365854 0.0241611 3.29021e-05
9 0.0301183 0.968456 0.0602365 0.0550336 3.29371e-05
6 0.244642 0.016443 0.0487805 0.0328859 3.30043e-05
6 0.443089 0.0372483 0.0118256 0.0127517 3.30864e-05
6 0.00849963 0.0127517 0.0133038 0.0255034 3.31004e-05
10 0.201035 0.95906 0.0295639 0.0818792 3.31086e-05
2 0.112343 0.238591 0.224686 0.477181 3.32195e-05
6 0.734294 0.00503356 0.0236511 0.0100671 3.32539e-05
6 0.833149 0.314765 0.0705839 0.185235 3.33092e-05
6 0.559682 0.0328859 0.0247598 0.0657718 3.34054e-05
6 0.629342 0.561409 0.022912 0.0395973 3.34467e-05
5 0.788064 0.969799 0.423873 0.0604027 3.35108e-05
6 0.812823 0.963087 0.0254989 0.0738255 3.35586e-05
6 0.303954 0.0231544 0.0454545 0.0463087 3.3559e-05
5 0.577236 1 0.568367 0 3.35626e-05
5 0.284368 0.0459732 0.199926 0.0919463 3.37265e-05
6 0.745381 0.984899 0.0317812 0.0234899 3.37323e-05
6 0.645418 0.972483 0.0306726 0.0375839 3.37682e-05
6 0.628234 0.97953 0.0325203 0.0355705 3.38286e-05
9 0.694013 1 0.0768662 0 3.39017e-05
6 0.291574 0.514765 0.030303 0.0536913 3.39251e-05
6 0.734848 0.476175 0.0535846 0.0865772 3.39607e-05
6 0.809867 0.0241611 0.0742794 0.0483221 3.39887e-05
6 0.428123 0.0110738 0.0166297 0.0127517 3.40561e-05
6 0.0593126 0.0184564 0.0587583 0.0369128 3.42608e-05
9 0.962121 0.975168 0.0343681 0.0456376 3.43286e-05
6 0.516814 0.971812 0.0365854 0.0563758 3.43441e-05
2 0.837953 0.107047 0.114191 0.134899 3.44653e-05
3 0.683481 0.534564 0.437177 0.497315 3.4508e-05
5 0.965632 0.16443 0.0687361 0.328859 3.4541e-05
6 0.200111 0.931544 0.0439763 0.136913 3.467e-05
10 0.740761 0.967114 0.0291944 0.0657718 3.4731e-05
6 0.0227273 0.090604 0.0454545 0.181208 3.47398e-05
6 0.741131 0.434564 0.0388027 0.057047 3.50602e-05
5 0.595528 0.977517 0.454915 0.0449664 3.51641e-05
6 0.435514 0.0100671 0.0291944 0.0161074 3.5167e-05
6 0.393939 0.525168 0.0983001 0.151007 3.51817e-05
6 0.482631 0.604362 0.0443459 0.066443 3.52691e-05
6 0.467295 0.0402685 0.00702143 0.033557 3.53155e-05
6 0.576127 0.0694631 0.014782 0.0342282 3.5394e-05
6 0.433666 0.977517 0.0439763 0.0395973 3.54592e-05
6 0.734664 0.481879 0.0798226 0.173154 3.5669e-05
9 0.167406 0.989933 0.0480414 0.0201342 3.5759e-05
6 0.470436 0.603356 0.0421286 0.0966443 3.57691e-05
6 0.342203 0.592282 0.0554324 0.0919463 3.59046e-05
6 0.719512 0.00604027 0.0192166 0.0120805 3.60015e-05
6 0.494087 0.980201 0.045085 0.0395973 3.61449e-05
6 0.541205 0.981544 0.0535846 0.0369128 3.61467e-05
5 0.0870288 0.241275 0.149667 0.428859 3.62237e-05
6 0.713599 0.455705 0.0236511 0.033557 3.64418e-05
6 0.263858 0.551007 0.0768662 0.112752 3.65084e-05
6 0.0101626 0.552013 0.0151515 0.291946 3.65731e-05
6 0.709904 0.567114 0.059867 0.0778523 3.66472e-05
5 0.141353 0.0644295 0.127494 0.110067 3.67507e-05
6 0.677753 0.54396 0.0251293 0.047651 3.68797e-05
7 0.470436 0.619463 0.0635625 0.189262 3.6908e-05
6 0.833703 0.401342 0.0746489 0.166443 3.71265e-05
6 0.71748 0.554362 0.2051 0.310067 3.7385e-05
6 0.367701 0.958054 0.030303 0.0838926 3.74832e-05
9 0.182557 1 0.0739098 0 3.75165e-05
6 0.616962 0.525168 0.0454545 0.0785235 3.77795e-05
0 0.988174 0.669128 0.0214339 0.393289 3.78282e-05
6 0.291389 0.436577 0.109017 0.192617 3.7948e-05
7 0.511641 0.368792 0.00997783 0.130872 3.80495e-05
6 0.731338 0.98557 0.0347376 0.0234899 3.80619e-05
6 0.301922 0.55 0.0184775 0.0422819 3.81209e-05
6 0.0920177 0.945973 0.0657797 0.108054 3.8151e-05
6 0.510902 0.0583893 0.0521064 0.116779 3.82204e-05
0 0.81116 0.907047 0.0243902 0.120134 3.82497e-05
6 0.650406 0.54094 0.0280857 0.0469799 3.83093e-05
6 0.407982 0.523826 0.0487805 0.0610738 3.83512e-05
6 0.48374 0.0583893 0.0347376 0.116779 3.83672e-05
6 0.708241 0.538591 0.0232816 0.0395973 3.85862e-05
6 0.621766 0.566107 0.0240207 0.0489933 3.86025e-05
6 0.371951 0.966779 0.0269771 0.0516779 3.86217e-05
6 0.261271 0.552685 0.045085 0.066443 3.86712e-05
6 0.376201 0.139262 0.124908 0.188591 3.89848e-05
9 0.0667036 0.982215 0.0454545 0.0355705 3.92772e-05
6 0.605876 0.490268 0.0203252 0.0449664 3.92898e-05
6 0.706024 0.478188 0.0314117 0.047651 3.95408e-05
6 0.241685 0.991611 0.0421286 0.0167785 3.97798e-05
6 0.46286 0.0090604 0.0144124 0.0127517 3.99012e-05
4 0.240392 0.724161 0.336659 0.334228 3.99627e-05
6 0.420916 0.0147651 0.0162602 0.0147651 4.02891e-05
2 0.268293 0.401678 0.536585 0.57651 4.04291e-05
6 0.987251 0.0157718 0.0210643 0.0315436 4.04806e-05
2 0.813008 0.946644 0.373984 0.106711 4.0703e-05
6 0.42184 0.0184564 0.0306726 0.0328859 4.09385e-05
6 0.465817 0.054698 0.00776053 0.057047 4.10909e-05
6 0.247413 0.427852 0.105322 0.179195 4.11142e-05
2 0.68071 0.312081 0.182557 0.232215 4.14837e-05
6 0.725425 0.96745 0.0280857 0.0651007 4.16804e-05
6 0.266815 0.390268 0.0243902 0.0503356 4.18975e-05
5 0.38082 1 0.29527 0 4.19761e-05
6 0.308574 0.527181 0.0554324 0.0879195 4.20016e-05
6 0.435698 0.0345638 0.0317812 0.0342282 4.22023e-05
6 0.359017 0.540268 0.0439763 0.0751678 4.26247e-05
6 0.158167 0.0154362 0.0694752 0.0308725 4.26313e-05
6 0.628788 0.48557 0.0351072 0.0597315 4.26582e-05
6 0.433481 0.033557 0.014782 0.0147651 4.26709e-05
6 0.825573 0.51443 0.0931264 0.259732 4.27101e-05
6 0.556726 0.534228 0.0218034 0.0536913 4.30383e-05
9 0.213415 1 0.0824095 0 4.31894e-05
6 0.420177 0.979866 0.0532151 0.0402685 4.32687e-05
10 0.756467 0.96745 0.0266075 0.0651007 4.34158e-05
6 0.0587583 0.359396 0.0716925 0.251678 4.34341e-05
6 0.715632 0.449664 0.063932 0.118121 4.37293e-05
6 0.476164 0.0261745 0.0129342 0.0268456 4.38834e-05
6 0.105876 0.0177852 0.0750185 0.0355705 4.39876e-05
6 0.51238 0.571477 0.0447154 0.0718121 4.41536e-05
6 0.582964 0.50604 0.0173688 0.042953 4.41552e-05
2 0.165928 0.230201 0.145602 0.255034 4.41915e-05
6 0.580007 0.0724832 0.0254989 0.0657718 4.42522e-05
6 0.68034 0.618792 0.0273466 0.0442953 4.43882e-05
6 0.781966 0.939262 0.0583888 0.1 4.44233e-05
6 0.650776 0.599329 0.0236511 0.0456376 4.44952e-05
6 0.398374 0.501678 0.022912 0.0463087 4.46638e-05
9 0.268662 1 0.0813008 0 4.50795e-05
2 0.050813 0.208054 0.101626 0.35302 4.51974e-05
6 0.361419 0.0251678 0.0931264 0.0503356 4.52012e-05
8 0.989837 0.922819 0.0203252 0.150336 4.55898e-05
6 0.529933 0.964094 0.0480414 0.0718121 4.56081e-05
6 0.693274 0.597651 0.0317812 0.0503356 4.56508e-05
6 0.592387 0.0473154 0.0354767 0.0543624 4.56962e-05
6 0.386548 0.0191275 0.0724316 0.038255 4.57575e-05
6 0.988544 0.95302 0.0162602 0.0832215 4.57887e-05
6 0.268108 0.32349 0.0801922 0.166443 4.5803e-05
6 0.316888 0.557047 0.0203252 0.0416107 4.58248e-05
6 0.57816 0.0402685 0.011456 0.0187919 4.5973e-05
5 0.316704 0.954362 0.387287 0.0912752 4.6018e-05
6 0.644678 0.985906 0.0388027 0.0241611 4.6335e-05
0 0.995196 0.837248 0.00960828 0.183221 4.64663e-05
7 0.925536 1 0.0905395 0 4.67726e-05
6 0.535107 0.454362 0.0583888 0.085906 4.69919e-05
2 0.816888 0.983557 0.366223 0.0328859 4.72102e-05
6 0.662786 0.980537 0.0240207 0.0389262 4.72899e-05
4 0.746859 0.76745 0.476718 0.314765 4.74844e-05
9 0.054878 0.970805 0.0232816 0.0208054 4.78513e-05
6 0.318921 0.557718 0.0613452 0.0926175 4.79708e-05
6 0.347191 0.962081 0.0469327 0.0758389 4.82034e-05
6 0.287509 0.962752 0.0354767 0.0744966 4.82097e-05
6 0.628788 0.0298658 0.0424982 0.0181208 4.84003e-05
6 0.302846 0.961409 0.0439763 0.0771812 4.84891e-05
6 0.0291944 0.0355705 0.0583888 0.0711409 4.86588e-05
6 0.270695 0.518121 0.0291944 0.0483221 4.87798e-05
6 0.462676 0.452685 0.0495196 0.0798658 4.90188e-05
6 0.585735 0.578188 0.0509978 0.0704698 4.91341e-05
6 0.658352 0.0201342 0.071323 0.0402685 4.92791e-05
6 0.477642 0.0305369 0.0314117 0.0610738 4.93594e-05
6 0.629712 0.011745 0.0465632 0.0181208 4.95539e-05
6 0.406504 0.984564 0.0480414 0.0308725 4.96404e-05
6 0.498337 0.6 0.0454545 0.0765101 4.9704e-05
6 0.450111 0.979866 0.0465632 0.0402685 4.97211e-05
6 0.485403 0.613758 0.0461936 0.142953 4.97949e-05
6 0.392831 0.52349 0.0509978 0.0805369 4.98557e-05
6 0.709904 0.0365772 0.0295639 0.0731544 4.99291e-05
6 0.28677 0.478859 0.226903 0.344295 4.99636e-05
6 0.764043 0.571477 0.0691057 0.179195 5.00128e-05
9 0.112528 1 0.225055 0 5.00174e-05
6 0.705469 0.594631 0.0280857 0.0456376 5.01251e-05
5 0.920177 0.0775168 0.152993 0.114765 5.01518e-05
6 0.291574 0.549664 0.0325203 0.0456376 5.02705e-05
6 0.448263 0.045302 0.0258684 0.0436242 5.03875e-05
5 0.370103 0.136577 0.21323 0.273154 5.04577e-05
6 0.469327 0.962416 0.0428677 0.0751678 5.07652e-05
6 0.553215 0.095302 0.0421286 0.104698 5.08252e-05
6 0.620473 0.0469799 0.0458241 0.085906 5.09453e-05
6 0.781781 0.967114 0.0291944 0.0657718 5.11045e-05
6 0.38932 0.975839 0.0484109 0.042953 5.12619e-05
9 0.716371 1 0.207317 0 5.164e-05
6 0.466556 0.60906 0.0232816 0.0583893 5.16874e-05
9 0.039357 0.987919 0.0558019 0.0241611 5.17854e-05
9 0.967849 0.989262 0.0362158 0.0214765 5.23809e-05
6 0.693459 0.472148 0.0232816 0.0328859 5.24596e-05
6 0.562269 0.0731544 0.0144124 0.0496644 5.24986e-05
6 0.734479 0.920134 0.0898004 0.154362 5.25872e-05
5 0.121397 0.960403 0.242794 0.0791946 5.26002e-05
6 0.318551 0.563758 0.0354767 0.0630872 5.30775e-05
6 0.129712 0.927181 0.107908 0.132215 5.31867e-05
6 0.714523 0.596309 0.0447154 0.0731544 5.3241e-05
6 0.740392 0.978859 0.018847 0.0422819 5.34699e-05
6 0.0899852 0.978523 0.0602365 0.042953 5.35892e-05
9 0.965447 0.975168 0.0691057 0.0496644 5.3616e-05
6 0.708056 0.985906 0.0332594 0.0228188 5.38721e-05
6 0.619919 0.497987 0.0395418 0.052349 5.40777e-05
5 0.644863 0.175503 0.223208 0.285235 5.40996e-05
6 0.720067 0.424161 0.0402809 0.0657718 5.41653e-05
7 0.575573 0.377517 0.00997783 0.130872 5.41677e-05
5 0.513304 0.0674497 0.354767 0.132215 5.45121e-05
9 0.724501 1 0.0757576 0 5.46085e-05
4 0.486881 0.819799 0.83629 0.321477 5.46182e-05
6 0.552291 0.585906 0.178492 0.226846 5.52898e-05
6 0.709165 0.979195 0.0192166 0.0416107 5.53027e-05
6 0.445861 0.0449664 0.011456 0.0187919 5.58576e-05
2 0.388396 0.341946 0.237251 0.250336 5.5931e-05
6 0.609017 0.584564 0.0354767 0.0456376 5.59441e-05
5 0.153178 0.151342 0.306356 0.302685 5.64241e-05
6 0.692905 0.47349 0.0406504 0.057047 5.64849e-05
7 0.57779 0.369799 0.018847 0.17047 5.65063e-05
6 0.728012 0.539933 0.037694 0.0543624 5.6827e-05
6 0.967295 0.0614094 0.0654102 0.0758389 5.69672e-05
6 0.432742 0.0194631 0.0502587 0.0389262 5.71421e-05
6 0.642646 0.612416 0.0273466 0.0516779 5.72415e-05
6 0.56153 0.0151007 0.0151515 0.0248322 5.73322e-05
6 0.693274 0.57651 0.0258684 0.0469799 5.76604e-05
3 0.150222 0.554027 0.300443 0.891946 5.78041e-05
4 0.239098 0.768792 0.478197 0.392617 5.82454e-05
6 0.715447 0.436242 0.0258684 0.0496644 5.82632e-05
6 0.670177 0.986242 0.0328899 0.0221477 5.91463e-05
6 0.478197 0.979195 0.0384331 0.0416107 5.96652e-05
6 0.694383 0.986913 0.0347376 0.0221477 5.97971e-05
9 0.844789 1 0.0768662 0 6.00907e-05
9 0.0938655 0.989262 0.0517369 0.0214765 6.03e-05
5 0.658352 0.104362 0.174797 0.180537 6.03046e-05
6 0.55765 0.626846 0.0413895 0.124832 6.04635e-05
6 0.82779 0.430537 0.119734 0.271812 6.08129e-05
6 0.781412 0.979866 0.0181079 0.0402685 6.09706e-05
5 0.199002 0.0973154 0.162971 0.178523 6.13299e-05
6 0.00628234 0.98557 0.0125647 0.0288591 6.13331e-05
6 0.576866 0.047651 0.0118256 0.0268456 6.14766e-05
3 0.845159 0.454027 0.309682 0.908054 6.16252e-05
5 0.19697 1 0.393939 0 6.17091e-05
6 0.499261 0.472148 0.24612 0.185906 6.18849e-05
6 0.751109 0.412416 0.0299335 0.0704698 6.18966e-05
2 0.88119 0.297315 0.108278 0.408054 6.19534e-05
6 0.286031 0.977517 0.0258684 0.0449664 6.24203e-05
6 0.954176 0.983893 0.0310421 0.0308725 6.25537e-05
6 0.563562 0.0214765 0.037694 0.042953 6.26096e-05
6 0.526977 0.529866 0.141168 0.19396 6.28466e-05
7 0.594974 0.392282 0.0162602 0.132215 6.30169e-05
6 0.307834 0.478188 0.0310421 0.0463087 6.31804e-05
6 0.734848 0.0194631 0.0454545 0.0389262 6.32301e-05
6 0.302846 0.539262 0.0284553 0.0463087 6.3467e-05
9 0.756098 1 0.0776053 0 6.35393e-05
6 0.572062 0.511409 0.0243902 0.0550336 6.37981e-05
6 0.356984 0.0151007 0.0613452 0.0302013 6.38675e-05
6 0.334442 0.574832 0.0347376 0.0530201 6.40399e-05
0 0.995011 0.91745 0.00997783 0.159732 6.43986e-05
6 0.72136 0.571812 0.0354767 0.0550336 6.4684e-05
5 0.176829 0.89396 0.353659 0.10604 6.48742e-05
5 0.502217 1 0.297118 0 6.50142e-05
9 0.143385 0.99094 0.0443459 0.0181208 6.54372e-05
6 0.52088 0.0211409 0.0277162 0.0234899 6.55726e-05
6 0.87269 0.92349 0.134885 0.144966 6.56441e-05
6 0.73337 0.426846 0.0654102 0.151678 6.57937e-05
6 0.117886 0.989597 0.0487805 0.0208054 6.58672e-05
6 0.613082 0.0348993 0.0517369 0.0697987 6.58929e-05
6 0.755728 0.978188 0.0184775 0.0436242 6.58942e-05
6 0.760347 0.576174 0.0314117 0.0758389 6.60229e-05
6 0.68071 0.461409 0.0236511 0.0503356 6.6098e-05
5 0.14782 0.97953 0.295639 0.0409396 6.61188e-05
6 0.918699 0.989597 0.0583888 0.0208054 6.62123e-05
6 0.93459 0.241946 0.0820399 0.279866 6.66748e-05
6 0.711197 0.00939597 0.0158906 0.0120805 6.76025e-05
7 0.512749 0.37047 0.0195861 0.190604 6.76108e-05
6 0.769401 0.965772 0.0266075 0.0684564 6.82755e-05
6 0.735218 0.563758 0.0484109 0.0885906 6.84006e-05
6 0.797672 0.979195 0.0166297 0.0416107 6.91055e-05
5 0.737435 0.0328859 0.136364 0.0657718 6.94931e-05
6 0.952698 0.95906 0.0391722 0.0818792 6.9975e-05
6 0.76626 0.99094 0.0454545 0.0181208 7.00195e-05
6 0.581116 0.0520134 0.0240207 0.0503356 7.02568e-05
6 0.464708 0.97953 0.0388027 0.0409396 7.03161e-05
6 0.52014 0.987584 0.0388027 0.0248322 7.0381e-05
6 0.267369 0.990604 0.0439763 0.0187919 7.03982e-05
6 0.691426 0.62047 0.0332594 0.0543624 7.04225e-05
9 0.0417591 0.949664 0.0657797 0.100671 7.05206e-05
6 0.278825 0.53255 0.0498891 0.0758389 7.07304e-05
6 0.704915 0.574497 0.0210643 0.0402685 7.09391e-05
6 0.629342 0.989597 0.0487805 0.0208054 7.14667e-05
6 0.579453 0.495302 0.0561715 0.0671141 7.17608e-05
2 0.789172 0.407383 0.405395 0.57047 7.23689e-05
6 0.724871 0.978523 0.0181079 0.042953 7.23743e-05
6 0.328529 0.976174 0.0317812 0.0436242 7.32193e-05
9 0.814856 1 0.0820399 0 7.47228e-05
5 0.115669 0.0305369 0.198078 0.0610738 7.49412e-05
9 0.20473 1 0.22099 0 7.59822e-05
2 0.236696 0.319128 0.36105 0.371141 7.73548e-05
2 0.706208 0.325839 0.414634 0.332215 7.76153e-05
9 0.0301183 0.988255 0.0535846 0.0234899 7.82134e-05
6 0.73799 0.3 0.0339985 0.0818792 7.82718e-05
6 0.217849 0.565436 0.0676275 0.165772 7.9629e-05
6 0.716556 0.450671 0.0406504 0.0651007 7.9669e-05
6 0.715447 0.538926 0.0509978 0.0979866 8.01108e-05
6 0.679416 0.972819 0.0306726 0.0543624 8.01887e-05
6 0.222099 0.575839 0.0539542 0.0872483 8.06875e-05
6 0.00997783 0.960738 0.0118256 0.0718121 8.07896e-05
6 0.436807 0.501342 0.045085 0.052349 8.08067e-05
6 0.607354 0.0161074 0.0373245 0.0147651 8.14851e-05
6 0.394863 0.500336 0.0476718 0.0516779 8.28164e-05
6 0.470621 0.00838926 0.018847 0.014094 8.2962e-05
6 0.00628234 0.968792 0.0125647 0.0624161 8.32156e-05
6 0.302846 0.45302 0.0550628 0.122148 8.34449e-05
6 0.710089 0.0211409 0.0343681 0.0422819 8.37772e-05
6 0.261826 0.302013 0.0328899 0.0711409 8.37801e-05
9 0.037694 0.979866 0.0583888 0.0348993 8.40055e-05
6 0.694752 0.971812 0.0310421 0.0563758 8.42469e-05
6 0.657243 0.616443 0.0321508 0.0489933 8.4397e-05
6 0.333149 0.560067 0.0269771 0.0409396 8.50035e-05
6 0.481338 0.00939597 0.0218034 0.0147651 8.5321e-05
9 0.0572801 0.968456 0.0221729 0.0630872 8.66302e-05
10 0.799704 0.964765 0.022912 0.0704698 8.69485e-05
6 0.616223 0.0305369 0.0358463 0.014094 8.75841e-05
6 0.380081 0.960403 0.0506282 0.0791946 8.8192e-05
6 0.494642 0.0127517 0.026238 0.0187919 8.87268e-05
6 0.014782 0.0191275 0.0295639 0.038255 8.94108e-05
6 0.597931 0.497651 0.0325203 0.0409396 8.96889e-05
6 0.563932 0.0791946 0.0236511 0.107383 9.00863e-05
6 0.317443 0.964094 0.0384331 0.0718121 9.00952e-05
0 0.81153 0.902349 0.0369549 0.195302 9.01986e-05
6 0.936622 0.380537 0.0772358 0.232215 9.0669e-05
6 0.341833 0.978859 0.0458241 0.0422819 9.07291e-05
6 0.281227 0.530201 0.105691 0.186577 9.13952e-05
2 0.873245 0.218792 0.0628234 0.195973 9.21063e-05
6 0.768293 0.978859 0.0192166 0.0422819 9.21108e-05
6 0.61493 0.494966 0.0192166 0.0436242 9.45785e-05
9 0.0600517 0.989933 0.0232816 0.0201342 9.47192e-05
6 0.00868441 0.941275 0.0144124 0.11745 9.48225e-05
6 0.693644 0.560738 0.0288248 0.0463087 9.58501e-05
0 0.00960828 0.856376 0.0133038 0.287248 9.59194e-05
6 0.72986 0.991275 0.045085 0.0174497 9.6986e-05
6 0.663526 0.597315 0.0254989 0.0563758 9.83738e-05
6 0.351626 0.483893 0.0291944 0.0416107 9.87768e-05
5 0.842942 0.148993 0.314117 0.297987 9.89995e-05
6 0.669438 0.622148 0.0343681 0.0510067 0.000100753
6 0.653917 0.99094 0.0432373 0.0181208 0.000100804
6 0.633777 0.575839 0.0458241 0.0671141 0.000101097
6 0.735772 0.400671 0.0421286 0.0993289 0.000101586
6 0.291574 0.989933 0.0436068 0.0201342 0.000101615
7 0.779379 0.578859 0.0443459 0.130872 0.000101719
6 0.77051 0.595638 0.0406504 0.0798658 0.000102315
6 0.681079 0.597987 0.0465632 0.0630872 0.000104327
6 0.633407 0.0298658 0.0583888 0.0597315 0.000104569
2 0.903917 1 0.192166 0 0.000104819
5 0.498152 0.152685 0.0502587 0.152349 0.000105875
6 0.5898 0.523826 0.0421286 0.0530201 0.000106849
6 0.990761 0.926846 0.0169993 0.146309 0.000106859
9 0.0554324 0.986913 0.0391722 0.0261745 0.00011013
5 0.182003 0.0375839 0.254619 0.0751678 0.000111743
6 0.46748 0.0184564 0.0354767 0.0369128 0.000112422
6 0.994826 0.966779 0.0103474 0.066443 0.000112654
6 0.31153 0.97953 0.0399113 0.0409396 0.000114093
6 0.358647 0.97953 0.0447154 0.0409396 0.000114337
6 0.518477 0.0315436 0.0236511 0.0241611 0.000114475
6 0.491685 0.0218121 0.0484109 0.0436242 0.000115169
6 0.363452 0.581544 0.0314117 0.0691275 0.000115905
8 0.0417591 1 0.0835181 0 0.000117908
6 0.711197 0.538926 0.123799 0.205369 0.000118249
6 0.341463 0.474497 0.0221729 0.0389262 0.000119819
6 0.564117 0.492282 0.0380636 0.0463087 0.000119835
5 0.722469 0.12651 0.200296 0.195302 0.000120023
6 0.718034 0.538591 0.0273466 0.038255 0.000120148
5 0.213784 0.965101 0.427568 0.0697987 0.000120254
6 0.515521 0.0355705 0.0473023 0.061745 0.000120632
5 0.514597 0.955034 0.735772 0.0899329 0.000121111
5 0.697524 0.052349 0.267184 0.104698 0.000122137
9 0.80765 1 0.198448 0 0.000122431
6 0.363452 0.558725 0.0269771 0.047651 0.000127346
5 0.892646 0.0563758 0.214708 0.112752 0.000129712
6 0.621766 0.6 0.0306726 0.0483221 0.000130527
0 0.801183 0.923826 0.0428677 0.128188 0.000130639
6 0.676645 0.981879 0.022912 0.0362416 0.00013226
6 0.706578 0.991275 0.0428677 0.0174497 0.000133127
6 0.319106 0.989262 0.0454545 0.0214765 0.000134126
6 0.511271 0.0151007 0.0218034 0.0208054 0.000136617
6 0.654841 0.578859 0.110865 0.106711 0.000136669
6 0.681264 0.991275 0.0417591 0.0174497 0.000140671
5 0.312454 0.141611 0.624908 0.283221 0.000141141
6 0.692166 0.981208 0.022912 0.0375839 0.000142206
6 0.484294 0.485906 0.056541 0.0711409 0.00014618
4 0.812823 0.596309 0.341094 0.589933 0.000146391
6 0.47099 0.508054 0.0506282 0.108725 0.000146786
6 0.525314 0.0496644 0.0388027 0.0711409 0.000147964
6 0.703622 0.460403 0.0266075 0.0536913 0.000149352
6 0.344974 0.568456 0.112712 0.162416 0.000151864
6 0.557834 0.508725 0.0380636 0.0577181 0.000151886
6 0.61918 0.0181208 0.0602365 0.0362416 0.000152698
6 0.767923 0.561409 0.0258684 0.0704698 0.000153501
5 0.20473 0.972819 0.40946 0.0543624 0.000153957
6 0.465078 0.057047 0.0158906 0.0885906 0.000154924
5 0.541759 0.958389 0.427199 0.0832215 0.000155198
6 0.406504 0.499329 0.0421286 0.0791946 0.0001596
6 0.707502 0.554027 0.0225425 0.0422819 0.000160846
6 0.463969 0.0536913 0.00776053 0.0402685 0.000163335
6 0.37694 0.97953 0.0487805 0.0409396 0.000164765
5 0.757761 0.88255 0.484479 0.134228 0.000169498
7 0.502587 0.362416 0.0561715 0.17047 0.000173951
6 0.276977 0.449664 0.0580192 0.102013 0.000176491
6 0.317258 0.566779 0.233186 0.269128 0.000183784
3 0.218219 0.482886 0.335181 0.925503 0.000184798
6 0.50813 0.0224832 0.0413895 0.0449664 0.000185387
5 0.652069 0.174832 0.424612 0.337584 0.000186455
6 0.288987 0.537919 0.0221729 0.0342282 0.000186913
6 0.641537 0.540268 0.0790835 0.144966 0.000188063
5 0.209165 0.904362 0.394679 0.191275 0.000188345
6 0.344605 0.559396 0.0484109 0.0731544 0.000189268
6 0.619364 0.0332215 0.0613452 0.0409396 0.000195396
4 0.514228 0.575839 0.332225 0.328859 0.000195505
6 0.72173 0.552685 0.0339985 0.0422819 0.000198634
6 0.628418 0.544631 0.0476718 0.0597315 0.000199163
5 0.759239 0.194631 0.481523 0.389262 0.000208745
6 0.695307 0.457383 0.0225425 0.0409396 0.000208868
6 0.499815 0.447315 0.0698448 0.0744966 0.0002121
6 0.302661 0.458725 0.0443459 0.0557047 0.000213592
6 0.975979 0.0342282 0.0480414 0.0684564 0.000217209
6 0.328529 0.470805 0.0332594 0.0422819 0.00021815
5 0.733925 0.0798658 0.402809 0.112752 0.000234413
3 0.890798 0.542617 0.218404 0.893289 0.000241617
2 0.164449 0.224161 0.291944 0.346309 0.000245571
6 0.269771 0.419128 0.0391722 0.1 0.000246596
3 0.0916482 0.448658 0.183296 0.850336 0.000248039
6 0.550628 0.6 0.030303 0.0604027 0.000249763
6 0.636364 0.568792 0.0251293 0.0436242 0.000259093
6 0.27864 0.541611 0.0317812 0.0416107 0.000261459
0 0.98762 0.821477 0.0218034 0.357047 0.000262187
6 0.476903 0.563758 0.0831486 0.206711 0.000264711
6 0.656689 0.554698 0.045085 0.0771812 0.000267755
5 0.513858 0.136242 0.0461936 0.130201 0.000270949
6 0.53289 0.482215 0.0495196 0.0610738 0.000282161
6 0.50388 0.474497 0.0691057 0.0550336 0.00028274
6 0.740946 0.410403 0.0295639 0.0624161 0.000283568
6 0.526053 0.516779 0.0484109 0.0832215 0.000288019
6 0.460273 0.517114 0.0388027 0.0718121 0.000296796
6 0.645418 0.541275 0.0432373 0.0838926 0.000307134
8 0.026238 0.989933 0.0517369 0.0201342 0.000313852
6 0.316334 0.466107 0.0280857 0.038255 0.000314999
5 0.805802 0.901007 0.375831 0.197987 0.000315918
6 0.679601 0.544631 0.110865 0.138926 0.000318358
6 0.528455 0.045302 0.0184775 0.014094 0.000325804
5 0.219512 0.921476 0.439024 0.103356 0.000332863
2 0.850702 0.235235 0.222469 0.330872 0.000333073
7 0.5898 0.372148 0.014782 0.184564 0.000353418
6 0.676275 0.551342 0.0487805 0.0744966 0.00035407
6 0.439209 0.515101 0.0277162 0.0610738 0.000364971
6 0.354582 0.56443 0.0269771 0.042953 0.000366846
5 0.814856 0.0533557 0.284553 0.0785235 0.000382877
5 0.507021 0.988591 0.518847 0.0228188 0.00039451
6 0.269586 0.306376 0.0484109 0.109396 0.000403333
6 0.345528 0.566107 0.0288248 0.0530201 0.000415812
4 0.295085 0.605369 0.413525 0.471141 0.000438235
6 0.668884 0.573154 0.0325203 0.0456376 0.000443129
6 0.530303 0.0436242 0.0347376 0.0295302 0.000448909
6 0.525129 0.601678 0.0465632 0.0677852 0.000450637
6 0.619919 0.586577 0.0218034 0.0442953 0.000454915
5 0.515521 0.0426175 0.263119 0.0785235 0.000487109
6 0.539727 0.601007 0.0299335 0.057047 0.000500414
5 0.837398 0.064094 0.126386 0.109396 0.000506562
5 0.785846 0.922148 0.428307 0.0899329 0.000507716
5 0.375647 0.187584 0.370658 0.35906 0.000605078
8 0.0297487 0.963758 0.0594974 0.0724832 0.000606929
6 0.30765 0.462416 0.026238 0.0402685 0.000618581
6 0.527716 0.577517 0.0650406 0.165772 0.000805011
2 0.502402 0.343289 0.120843 0.180537 0.00083483
6 0.412417 0.507718 0.0288248 0.0449664 0.000839402
6 0.502217 0.532886 0.067997 0.100671 0.00088256
6 0.28677 0.449664 0.0347376 0.0657718 0.00120147
6 0.642461 0.580537 0.0269771 0.0402685 0.00128913
6 0.497228 0.577852 0.0750185 0.150336 0.00137336
5 0.509978 0.131544 0.107169 0.205369 0.00166273
6 0.630451 0.589262 0.0288248 0.052349 0.00261214
5 0.143755 0.0654362 0.277901 0.130872 0.00400993
6 0.423134 0.508389 0.0369549 0.0583893 0.00539693
6 0.665558 0.558389 0.0347376 0.0469799 0.0135645
6 0.654102 0.57651 0.0258684 0.042953 0.0157521
6 0.266075 0.422483 0.0258684 0.0624161 0.0208082
2 0.837398 0.143624 0.325203 0.287248 0.0216494
6 0.276053 0.441946 0.0369549 0.057047 0.0270044
5 0.174058 0.108725 0.348115 0.21745 0.039275
5 0.837953 0.0741611 0.298226 0.148322 0.251881
6 0.65946 0.566779 0.0225425 0.0355705 0.382203
4 0.509423 0.598993 0.72099 0.446309 0.753418
3 0.508684 0.498658 0.839985 0.868456 0.831551
5 0.502772 0.153691 0.505174 0.307383 0.878919
2 0.504065 0.332215 0.514412 0.291275 0.909242
