6 0.619734 0.461409 0.0110865 0.0543624 2.60253e-05
6 0.518293 0.927181 0.0380636 0.066443 2.60544e-05
7 0.874908 0.288591 0.130451 0.177181 2.60605e-05
6 0.26626 0.600336 0.14745 0.153691 2.60911e-05
6 0.633222 0.0677852 0.0218034 0.0281879 2.6117e-05
6 0.281227 0.985235 0.0295639 0.0228188 2.62388e-05
6 0.622136 0.560067 0.22136 0.124161 2.62786e-05
7 0.632299 0.37349 0.0110865 0.0812081 2.62853e-05
6 0.445861 0.710738 0.0195861 0.042953 2.62945e-05
6 0.429416 0.600336 0.0169993 0.0395973 2.62988e-05
6 0.359202 1 0.0643016 0 2.63078e-05
7 0.811899 0.151342 0.0192166 0.302685 2.63148e-05
5 0.619364 0.980873 0.551367 0.038255 2.63278e-05
6 0.842942 0.502013 0.0273466 0.0416107 2.6332e-05
6 0.766075 0.6 0.0192166 0.0402685 2.6377e-05
5 0.826127 0.195302 0.0535846 0.271141 2.64543e-05
6 0.630451 0.0718121 0.0295639 0.107383 2.64634e-05
6 0.618441 0.0513423 0.0136733 0.0234899 2.64768e-05
5 0.437361 0.0325503 0.165928 0.0651007 2.65142e-05
6 0.664449 0.53255 0.0162602 0.0261745 2.65359e-05
6 0.707502 0.482215 0.0277162 0.0328859 2.65756e-05
6 0.445307 0.668792 0.0206948 0.0449664 2.66167e-05
6 0.529564 0.0157718 0.0295639 0.0315436 2.66885e-05
6 0.616962 0.538591 0.0735403 0.0610738 2.669e-05
6 0.38969 0.463087 0.131929 0.0630872 2.6699e-05
6 0.440503 0.966779 0.0317812 0.066443 2.67285e-05
6 0.876386 0.0419463 0.109017 0.0838926 2.67568e-05
7 0.454176 0.375503 0.0317812 0.110738 2.67935e-05
6 0.441611 0.602013 0.0169993 0.0416107 2.68102e-05
6 0.846083 0.506376 0.0801922 0.102685 2.68369e-05
6 0.326866 0.593624 0.0173688 0.0302013 2.69107e-05
6 0.812084 0.654027 0.18884 0.289262 2.69372e-05
6 0.771803 0.956376 0.04915 0.0765101 2.6943e-05
6 0.706578 0.0134228 0.0362158 0.0268456 2.70056e-05
6 0.85255 0.0402685 0.037694 0.0805369 2.70227e-05
6 0.518847 0.95302 0.0436068 0.0630872 2.70363e-05
6 0.484109 0.0144295 0.0162602 0.0194631 2.70375e-05
6 0.512749 0.507383 0.0166297 0.0416107 2.70502e-05
6 0.740022 0.592617 0.0521064 0.0724832 2.7077e-05
6 0.718773 0.527181 0.0184775 0.0275168 2.70784e-05
6 0.436438 0.588255 0.0221729 0.0422819 2.71053e-05
6 0.805987 0.510403 0.0243902 0.0422819 2.71164e-05
6 0.788248 0.563087 0.0480414 0.0563758 2.7144e-05
9 0.0604213 0.990268 0.0269771 0.0194631 2.71585e-05
6 0.494272 0.974161 0.0291944 0.0315436 2.7161e-05
6 0.639135 0.476175 0.0121951 0.0221477 2.7162e-05
6 0.709534 0.60302 0.0620843 0.0785235 2.71702e-05
6 0.922949 0.524497 0.102365 0.144295 2.71781e-05
6 0.267554 0.98557 0.0310421 0.0234899 2.72325e-05
6 0.318182 0.525503 0.121951 0.0791946 2.72567e-05
6 0.792868 0.988926 0.0558019 0.0221477 2.72935e-05
5 0.0537694 0.973154 0.107539 0.0536913 2.73324e-05
6 0.0872136 0.427517 0.0561715 0.193289 2.74257e-05
6 0.445122 0.693289 0.0195861 0.042953 2.74605e-05
6 0.629712 0.992282 0.0406504 0.0154362 2.7495e-05
6 0.27051 0.502349 0.0421286 0.047651 2.75839e-05
6 0.330931 0.565436 0.0247598 0.0489933 2.75868e-05
6 0.792498 0.920805 0.0728012 0.114094 2.76132e-05
6 0.990207 0.982886 0.018847 0.0342282 2.76297e-05
6 0.552291 0.0100671 0.0218034 0.0161074 2.76505e-05
6 0.315595 0.470805 0.0731707 0.0879195 2.77541e-05
6 0.54139 0.694966 0.0258684 0.0637584 2.78679e-05
6 0.514043 0.0513423 0.0465632 0.0798658 2.79002e-05
6 0.482816 0.0550336 0.0225425 0.0241611 2.79092e-05
6 0.780673 0.557047 0.018847 0.0402685 2.79292e-05
6 0.270325 0.977181 0.0432373 0.0362416 2.79882e-05
6 0.279933 0.600336 0.0277162 0.0355705 2.79964e-05
6 0.0648559 0.484228 0.0661493 0.215436 2.80029e-05
5 0.742979 0.239933 0.514043 0.479866 2.80078e-05
6 0.939394 0.399664 0.0606061 0.192617 2.80953e-05
6 0.403548 0.542953 0.0184775 0.0295302 2.81052e-05
6 0.735403 0.0604027 0.0177384 0.0214765 2.8134e-05
6 0.494642 0.0157718 0.0314117 0.0315436 2.81619e-05
6 0.99575 0.511409 0.00849963 0.147651 2.82332e-05
7 0.543976 0.39094 0.0221729 0.0946309 2.8249e-05
6 0.790281 0.525839 0.0439763 0.0463087 2.82498e-05
6 0.738729 0.510067 0.0184775 0.0442953 2.82689e-05
6 0.604767 0.500671 0.0166297 0.0255034 2.836e-05
6 0.689763 0.047651 0.018847 0.0241611 2.842e-05
6 0.232077 0.566107 0.136733 0.157718 2.84231e-05
7 0.58204 0.369128 0.00813008 0.0885906 2.84493e-05
6 0.440503 0.50604 0.0155211 0.0348993 2.85029e-05
6 0.644863 0.061745 0.0236511 0.0295302 2.85492e-05
6 0.38119 0.491946 0.0358463 0.0295302 2.8568e-05
9 0.893755 0.991275 0.0572801 0.0174497 2.87534e-05
6 0.218773 0.964765 0.0436068 0.0704698 2.87982e-05
7 0.433112 0.704362 0.0569106 0.109396 2.88801e-05
6 0.641537 0.0681208 0.0362158 0.0503356 2.90029e-05
6 0.988544 0.582886 0.0155211 0.342953 2.90809e-05
6 0.0840724 0.510403 0.0543237 0.160403 2.91023e-05
6 0.557465 0.999329 0.0380636 0.00134228 2.9236e-05
6 0.290835 0.573825 0.0162602 0.0268456 2.92482e-05
6 0.254619 0.971476 0.0436068 0.0422819 2.92757e-05
6 0.11105 0.0822148 0.154841 0.136242 2.93241e-05
5 0.214523 0.187248 0.429047 0.374497 2.93618e-05
6 0.497598 0.447315 0.0439763 0.0557047 2.93992e-05
6 0.482446 0.474832 0.0173688 0.0409396 2.94599e-05
6 0.766075 0.578859 0.0280857 0.0436242 2.94805e-05
6 0.62731 0.493624 0.0742794 0.0557047 2.95046e-05
6 0.47986 0.0187919 0.0218034 0.0187919 2.9513e-05
6 0.0546933 0.427517 0.0628234 0.21745 2.95152e-05
7 0.581486 0.761745 0.018847 0.0590604 2.95263e-05
6 0.514412 0.476846 0.0169993 0.0395973 2.95851e-05
6 0.4915 0.0379195 0.0169993 0.0275168 2.96773e-05
6 0.359202 0.609396 0.359941 0.21745 2.97145e-05
6 0.612528 0.650336 0.0321508 0.0483221 2.97418e-05
2 0.105137 0.389933 0.203622 0.320805 2.97459e-05
6 0.40558 0.512081 0.0846268 0.0711409 2.98186e-05
6 0.291389 0.615101 0.0151515 0.0275168 2.98231e-05
7 0.421101 0.872148 0.0321508 0.0583893 3e-05
6 0.822801 0.925503 0.0779749 0.126174 3.00401e-05
6 0.874353 0.560403 0.0317812 0.0510067 3.00711e-05
6 0.580562 0.921812 0.0288248 0.0597315 3.00806e-05
6 0.0938655 0.122819 0.0502587 0.0604027 3.00874e-05
6 0.618995 0.636242 0.0569106 0.0778523 3.01937e-05
6 0.666482 0.593624 0.0203252 0.0328859 3.02131e-05
2 0.91408 0.280872 0.166667 0.262416 3.02407e-05
6 0.260532 0.558725 0.022912 0.0342282 3.02409e-05
6 0.511456 0.874497 0.0280857 0.0832215 3.02474e-05
6 0.524575 0.692282 0.0247598 0.0583893 3.02519e-05
6 0.314856 0.562752 0.0251293 0.0463087 3.02793e-05
6 0.715262 0.495302 0.0735403 0.0818792 3.04881e-05
6 0.456393 0.664765 0.0206948 0.0463087 3.05066e-05
5 0.717664 0.89698 0.457502 0.102685 3.06123e-05
6 0.444568 0.047651 0.0620843 0.0630872 3.06412e-05
6 0.722284 0.491946 0.0158906 0.033557 3.0644e-05
9 0.450665 0.973154 0.0506282 0.0536913 3.07096e-05
6 0.687177 0.0328859 0.0365854 0.0657718 3.07151e-05
6 0.813008 0.974497 0.0768662 0.0510067 3.07664e-05
6 0.951959 0.34094 0.0739098 0.232215 3.08119e-05
6 0.628788 0.0724832 0.0388027 0.0563758 3.08563e-05
6 0.646711 0.984564 0.0273466 0.0308725 3.08724e-05
6 0.353104 0.49094 0.114191 0.0744966 3.09071e-05
6 0.378973 0.911074 0.0365854 0.0637584 3.09117e-05
7 0.618256 0.373825 0.00886918 0.0832215 3.09175e-05
6 0.531042 0.471476 0.0125647 0.0328859 3.09329e-05
6 0.707317 0.605705 0.0177384 0.038255 3.09778e-05
6 0.355321 0.0244966 0.0240207 0.0208054 3.10041e-05
6 0.0570953 0.20302 0.0668884 0.0879195 3.13661e-05
6 0.511456 0.65302 0.0384331 0.0738255 3.14329e-05
6 0.169623 0.561074 0.108647 0.127517 3.14406e-05
0 0.996305 0.917114 0.00739098 0.152349 3.15456e-05
6 0.839431 0.560738 0.0240207 0.0516779 3.16345e-05
9 0.329823 1 0.0624538 0 3.16647e-05
7 0.482631 0.990268 0.0384331 0.0194631 3.17349e-05
6 0.905026 0.0590604 0.0776053 0.0590604 3.17453e-05
5 0.109756 0.773154 0.219512 0.453691 3.1796e-05
6 0.415743 0.544966 0.249076 0.132886 3.18594e-05
6 0.231707 0.541946 0.0487805 0.0516779 3.18668e-05
7 0.42184 0.376846 0.0195861 0.136242 3.18998e-05
6 0.221175 0.561074 0.0240207 0.0510067 3.1937e-05
6 0.65595 0.0459732 0.0243902 0.0234899 3.19689e-05
6 0.411493 0.684899 0.0417591 0.0744966 3.20139e-05
6 0.532151 0.492953 0.0199557 0.0302013 3.20554e-05
6 0.704361 0.983557 0.0332594 0.0328859 3.20833e-05
8 0.624723 1 0.173319 0 3.21402e-05
6 0.758869 0.0503356 0.0698448 0.0724832 3.22579e-05
6 0.746859 0.971141 0.0206948 0.0322148 3.22891e-05
6 0.572247 0.999329 0.0373245 0.00134228 3.22895e-05
6 0.183296 0.533893 0.022912 0.0422819 3.23244e-05
6 0.93459 0.457383 0.129342 0.294631 3.23938e-05
6 0.863082 0.561745 0.0912786 0.0805369 3.23975e-05
6 0.642831 0.0436242 0.0210643 0.0228188 3.24726e-05
6 0.966556 0.236577 0.0668884 0.19396 3.25245e-05
6 0.369734 0.033557 0.026238 0.0671141 3.25792e-05
6 0.853289 0.983893 0.0391722 0.0322148 3.26387e-05
6 0.936253 0.538926 0.0402809 0.0697987 3.2665e-05
6 0.919623 0.511409 0.0402809 0.0765101 3.271e-05
6 0.444013 0.417785 0.0269771 0.0838926 3.2846e-05
6 0.854582 0.503691 0.0388027 0.0516779 3.29557e-05
6 0.327605 0.976846 0.0461936 0.0463087 3.30735e-05
5 0.740577 0.061745 0.136733 0.085906 3.31071e-05
6 0.945491 0.154027 0.109017 0.216779 3.31449e-05
6 0.929047 0.121477 0.0916482 0.0993289 3.31456e-05
6 0.38082 0.630872 0.0232816 0.0536913 3.31682e-05
6 0.446415 0.646309 0.0184775 0.0416107 3.31746e-05
6 0.0997783 0.513087 0.0487805 0.0758389 3.32006e-05
6 0.551737 0.0197987 0.0369549 0.0395973 3.33134e-05
6 0.365484 0.0412752 0.0606061 0.066443 3.33701e-05
6 0.99612 0.565101 0.00776053 0.147651 3.34732e-05
6 0.592572 0.951007 0.0314117 0.0630872 3.34896e-05
6 0.798596 0.539933 0.0591279 0.0503356 3.34925e-05
6 0.460458 0.442282 0.0266075 0.052349 3.35245e-05
7 0.435144 0.362416 0.04102 0.127517 3.35441e-05
6 0.645972 0.0305369 0.0391722 0.0610738 3.35813e-05
6 0.618256 0.948658 0.0384331 0.066443 3.37693e-05
6 0.890059 0.55604 0.0269771 0.0637584 3.38157e-05
6 0.293237 0.491611 0.0558019 0.0691275 3.39269e-05
6 0.71286 0.594631 0.0192166 0.033557 3.39503e-05
6 0.112158 0.0181208 0.0668884 0.0362416 3.39598e-05
6 0.133222 0.433557 0.0779749 0.110067 3.40588e-05
6 0.655026 0.504362 0.0173688 0.0288591 3.40891e-05
6 0.216741 0.6 0.0476718 0.061745 3.42447e-05
0 0.0103474 0.876175 0.014782 0.247651 3.43229e-05
6 0.826497 0.958054 0.0343681 0.0838926 3.43953e-05
5 0.818921 0.969463 0.362158 0.0610738 3.44354e-05
6 0.503326 0.96443 0.0620843 0.0684564 3.44354e-05
9 0.723023 1 0.0631929 0 3.44934e-05
6 0.370658 0.972148 0.0221729 0.0342282 3.45031e-05
6 0.359017 0.874832 0.0661493 0.0771812 3.45701e-05
6 0.21711 0.581879 0.0210643 0.0402685 3.45717e-05
6 0.342387 0.59698 0.0210643 0.0288591 3.46091e-05
6 0.267369 0.6 0.04102 0.0510067 3.46911e-05
6 0.357539 0.0281879 0.0402809 0.042953 3.47026e-05
6 0.538433 0.486577 0.0125647 0.0281879 3.47381e-05
6 0.312823 0.0278523 0.0306726 0.0557047 3.47391e-05
6 0.472469 0.47349 0.0181079 0.0369128 3.48004e-05
6 0.633222 0.00671141 0.0232816 0.0134228 3.48428e-05
6 0.511826 0.999329 0.0421286 0.00134228 3.49986e-05
6 0.619734 0.998322 0.0288248 0.0033557 3.50209e-05
6 0.44235 0.581544 0.0155211 0.0436242 3.50939e-05
6 0.496859 0.0530201 0.0291944 0.0872483 3.50974e-05
6 0.358093 0.974161 0.0339985 0.0369128 3.54935e-05
6 0.827236 0.559396 0.165188 0.220805 3.55087e-05
6 0.691611 0.0533557 0.0254989 0.0744966 3.55104e-05
6 0.618441 0.97349 0.0388027 0.0530201 3.56017e-05
5 0.227642 0.0691275 0.138211 0.131544 3.56288e-05
6 0.457502 0.0456376 0.0199557 0.033557 3.5631e-05
4 0.462491 0.657718 0.272358 0.185235 3.56551e-05
6 0.29527 0.972483 0.0295639 0.0308725 3.56866e-05
6 0.773651 0.963758 0.0299335 0.0456376 3.56987e-05
6 0.428677 0.47349 0.0110865 0.0369128 3.57924e-05
6 0.482446 0.45604 0.0158906 0.0409396 3.58292e-05
6 0.874353 0.977181 0.0184775 0.0456376 3.58545e-05
6 0.133222 0.537248 0.0432373 0.0583893 3.5903e-05
6 0.466556 0.66443 0.0210643 0.0442953 3.59034e-05
6 0.52476 0.671141 0.0258684 0.0577181 3.59503e-05
5 0.528086 0.0275168 0.169254 0.0550336 3.61829e-05
7 0.521434 0.337248 0.0199557 0.141611 3.62309e-05
7 0.585366 0.395973 0.00813008 0.0751678 3.62725e-05
6 0.269586 0.570134 0.018847 0.0288591 3.62828e-05
6 0.697524 0.482886 0.0129342 0.0288591 3.64737e-05
6 0.208426 0.969463 0.0273466 0.0315436 3.6577e-05
6 0.917406 0.53255 0.0587583 0.0865772 3.6608e-05
6 0.53252 0.486242 0.0125647 0.0261745 3.66162e-05
6 0.478381 0.971476 0.0291944 0.057047 3.66332e-05
3 0.363082 0.542617 0.494826 0.524161 3.66842e-05
6 0.217295 0.596309 0.0199557 0.0369128 3.67025e-05
6 0.743533 0.987248 0.0258684 0.0187919 3.67524e-05
6 0.656689 0.618456 0.059867 0.0812081 3.67626e-05
6 0.34405 0.0496644 0.0413895 0.0899329 3.68229e-05
6 0.317997 0.572483 0.0890613 0.0778523 3.6936e-05
7 0.571323 0.386577 0.0546933 0.102013 3.6941e-05
6 0.348854 0.972148 0.0362158 0.0557047 3.698e-05
6 0.828899 0.0526846 0.0428677 0.105369 3.70074e-05
7 0.542498 0.346644 0.0192166 0.132215 3.70641e-05
6 0.133222 0.487248 0.0617147 0.0765101 3.70999e-05
6 0.339246 0.558389 0.0162602 0.0241611 3.71227e-05
6 0.676275 0.49094 0.0783444 0.0651007 3.71352e-05
9 0.0940503 0.988591 0.0558019 0.0228188 3.7156e-05
6 0.693829 0.502685 0.0136733 0.0295302 3.71753e-05
6 0.606061 0.481208 0.0140429 0.0241611 3.71825e-05
6 0.497598 0.035906 0.0668884 0.0718121 3.73079e-05
4 0.347007 0.879195 0.623799 0.228188 3.74507e-05
6 0.841648 0.0466443 0.0513673 0.0932886 3.74822e-05
6 0.582964 0.868792 0.0314117 0.0624161 3.75168e-05
6 0.240392 0.602349 0.0447154 0.0530201 3.75797e-05
6 0.322986 0.572148 0.218773 0.149664 3.75911e-05
6 0.583149 0.645302 0.0199557 0.0610738 3.76077e-05
5 0.905026 1 0.189948 0 3.761e-05
6 0.369549 0.0275168 0.030303 0.0375839 3.76666e-05
6 0.443644 0.971812 0.0277162 0.0348993 3.77357e-05
6 0.0705839 0.124161 0.0909091 0.191946 3.77621e-05
6 0.100148 0.485235 0.0517369 0.0738255 3.7924e-05
6 0.45898 0.0486577 0.0325203 0.0879195 3.79392e-05
6 0.618441 0.638255 0.0195861 0.0630872 3.79796e-05
6 0.322801 0.611074 0.0447154 0.0583893 3.80462e-05
6 0.444013 0.627852 0.018847 0.0409396 3.81092e-05
6 0.620288 0.0466443 0.0461936 0.0516779 3.83168e-05
6 0.49187 0.668121 0.0221729 0.047651 3.83259e-05
6 0.682927 0.064094 0.133777 0.125503 3.84518e-05
5 0.0657797 0.957718 0.131559 0.0845638 3.86654e-05
6 0.411308 0.562752 0.137472 0.066443 3.87259e-05
6 0.483555 0.757383 0.0269771 0.0543624 3.87583e-05
5 0.361234 0.97953 0.495565 0.0409396 3.87784e-05
6 0.468958 0.972483 0.0251293 0.0348993 3.88154e-05
6 0.207502 0.564765 0.0883222 0.0932886 3.88855e-05
6 0.841094 0.0758389 0.0473023 0.151678 3.88856e-05
6 0.210089 0.00939597 0.0328899 0.0187919 3.89558e-05
5 0.768477 0.10906 0.151146 0.196644 3.89953e-05
7 0.481153 0.72651 0.037694 0.125503 3.91187e-05
6 0.620843 0.00939597 0.0199557 0.0161074 3.91792e-05
8 0.00388027 0.904027 0.00776053 0.136913 3.91982e-05
6 0.103474 0.429195 0.059867 0.0959732 3.93114e-05
6 0.495935 0.997987 0.0436068 0.00402685 3.93664e-05
9 0.847561 1 0.0742794 0 3.94233e-05
8 0.00628234 0.960403 0.0125647 0.0791946 3.94389e-05
9 0.754804 1 0.0646711 0 3.94622e-05
6 0.665004 0.0533557 0.0291944 0.0302013 3.94877e-05
6 0.367886 0.0228188 0.0158906 0.0174497 3.96684e-05
9 0.816704 1 0.0768662 0 3.96932e-05
0 0.988914 0.841946 0.0177384 0.316107 3.97195e-05
6 0.828899 0.532886 0.0243902 0.0442953 3.97612e-05
6 0.409645 0.951678 0.0572801 0.0751678 3.97774e-05
6 0.465447 0.755034 0.0365854 0.0590604 3.9812e-05
6 0.662232 0.0590604 0.0421286 0.0483221 3.98491e-05
6 0.305063 0.0422819 0.0439763 0.0348993 4.00111e-05
6 0.797672 0.563758 0.0232816 0.042953 4.00557e-05
6 0.61031 0.490268 0.0306726 0.038255 4.00575e-05
6 0.486881 0.0228188 0.0528455 0.0456376 4.03879e-05
6 0.559313 0.668456 0.0247598 0.0577181 4.05378e-05
6 0.0626386 0.580537 0.0794531 0.244295 4.05507e-05
6 0.664634 0.97349 0.033629 0.0530201 4.05725e-05
6 0.830192 0.559732 0.0720621 0.0657718 4.06225e-05
6 0.134331 0.511074 0.0506282 0.0637584 4.06835e-05
6 0.17184 0.554362 0.052476 0.0536913 4.06992e-05
7 0.465632 0.869128 0.0295639 0.052349 4.07276e-05
6 0.804878 0.495302 0.0206948 0.0389262 4.10393e-05
6 0.510717 0.690268 0.0273466 0.0597315 4.10806e-05
6 0.375092 0.00604027 0.0258684 0.0120805 4.12107e-05
6 0.976164 0.981879 0.0395418 0.0281879 4.12321e-05
3 0.717849 0.587919 0.460089 0.437584 4.12805e-05
6 0.657058 0.0288591 0.0221729 0.0214765 4.13849e-05
6 0.265152 0.600336 0.0158906 0.0288591 4.14723e-05
6 0.469512 0.0439597 0.0203252 0.0328859 4.15189e-05
6 0.195307 0.97953 0.0269771 0.0395973 4.16854e-05
7 0.539357 0.724161 0.0402809 0.124832 4.16936e-05
6 0.52827 0.969128 0.0343681 0.061745 4.17027e-05
6 0.0513673 0.0926175 0.0990392 0.111409 4.1728e-05
6 0.437916 0.489597 0.0140429 0.0302013 4.18578e-05
6 0.603289 0.99094 0.0328899 0.0181208 4.19841e-05
6 0.68884 0.0107383 0.0280857 0.0201342 4.2105e-05
6 0.936807 0.536242 0.0576497 0.108725 4.21351e-05
6 0.336105 0.516443 0.0269771 0.0315436 4.21822e-05
7 0.619364 0.392953 0.0672579 0.110738 4.22032e-05
6 0.424058 0.639933 0.0254989 0.0731544 4.25187e-05
6 0.674612 0.607718 0.154102 0.169799 4.255e-05
6 0.298965 0.0577181 0.045085 0.0577181 4.25864e-05
6 0.378603 0.891946 0.0631929 0.0845638 4.26221e-05
9 0.0569106 0.98557 0.0413895 0.0288591 4.26317e-05
6 0.436622 0.948993 0.0572801 0.0711409 4.26345e-05
6 0.46711 0.997315 0.0421286 0.00536913 4.27337e-05
6 0.829823 0.558054 0.0247598 0.047651 4.27344e-05
9 0.787694 1 0.0683666 0 4.27756e-05
6 0.515706 0.529866 0.116408 0.0812081 4.279e-05
6 0.719512 0.508389 0.0184775 0.0302013 4.2823e-05
6 0.717849 0.978859 0.0476718 0.0422819 4.28517e-05
6 0.472469 0.458725 0.0166297 0.0328859 4.30195e-05
6 0.31153 0.00671141 0.022912 0.0134228 4.30307e-05
6 0.80728 0.519463 0.0631929 0.0644295 4.30468e-05
6 0.570399 0.872148 0.0417591 0.0798658 4.30586e-05
6 0.277531 0.559732 0.0162602 0.0295302 4.31275e-05
7 0.181449 0.194295 0.0384331 0.266443 4.31541e-05
6 0.59054 0.602013 0.0406504 0.0375839 4.32961e-05
6 0.31966 0.604362 0.0221729 0.038255 4.33055e-05
6 0.947524 0.480201 0.0650406 0.161745 4.33107e-05
5 0.507391 0.15906 0.0362158 0.151678 4.34377e-05
6 0.920732 0.495302 0.071323 0.0979866 4.35046e-05
6 0.70861 0.591946 0.0365854 0.052349 4.36602e-05
6 0.657428 0.0322148 0.0399113 0.0402685 4.37333e-05
5 0.315225 0.875168 0.386548 0.124832 4.37839e-05
6 0.691242 0.0536913 0.0380636 0.0389262 4.39592e-05
6 0.286401 0.538926 0.149298 0.131544 4.42188e-05
6 0.822062 0.981208 0.0439763 0.0375839 4.42725e-05
6 0.917775 0.980201 0.0720621 0.038255 4.43142e-05
6 0.542313 1 0.0380636 0 4.43347e-05
6 0.869734 0.92651 0.1068 0.134899 4.45807e-05
6 0.691242 0.606711 0.0195861 0.0389262 4.459e-05
6 0.360865 0.976174 0.0735403 0.047651 4.4663e-05
7 0.482631 0.335906 0.0576497 0.0892617 4.48106e-05
6 0.482077 0.0439597 0.018847 0.0288591 4.48252e-05
6 0.407058 0.787919 0.0232816 0.0630872 4.48717e-05
6 0.58204 0.674832 0.0199557 0.0624161 4.49326e-05
6 0.463045 0.567785 0.107169 0.085906 4.50434e-05
6 0.877494 0.531208 0.0269771 0.0463087 4.52399e-05
6 0.0979305 0.511409 0.133777 0.150336 4.52429e-05
4 0.562454 0.677852 0.283075 0.139597 4.52466e-05
6 0.570214 0.671141 0.022912 0.0604027 4.5255e-05
6 0.577051 0.466443 0.0484109 0.0536913 4.5285e-05
6 0.441981 0.986577 0.030303 0.0268456 4.5361e-05
6 0.513119 0.574161 0.116408 0.116107 4.53927e-05
6 0.606984 0.566779 0.0210643 0.0315436 4.54342e-05
6 0.231338 0.560403 0.0576497 0.0590604 4.54862e-05
6 0.497228 0.687584 0.026238 0.0530201 4.55253e-05
6 0.403178 0.481879 0.0103474 0.0255034 4.55944e-05
6 0.603843 0.94698 0.030303 0.0644295 4.56834e-05
7 0.451589 0.874161 0.0310421 0.0624161 4.56902e-05
6 0.593126 0.494966 0.0369549 0.0342282 4.58958e-05
6 0.227088 0.580537 0.0218034 0.0348993 4.59276e-05
6 0.00960828 0.124832 0.0192166 0.238926 4.6052e-05
6 0.693459 0.973826 0.0314117 0.052349 4.60739e-05
6 0.763119 0.917785 0.075388 0.128188 4.61493e-05
6 0.904656 0.55604 0.0325203 0.0637584 4.62402e-05
6 0.88895 0.514094 0.0417591 0.0630872 4.62718e-05
6 0.521988 0.126846 0.0484109 0.0926175 4.62734e-05
7 0.691242 0.180537 0.0535846 0.181208 4.63651e-05
6 0.471175 0.0469799 0.0332594 0.0912752 4.65854e-05
6 0.00739098 0.0563758 0.0133038 0.112752 4.66088e-05
6 0.851996 0.0211409 0.0299335 0.0328859 4.6667e-05
6 0.797672 0.960067 0.033629 0.0798658 4.67987e-05
6 0.873245 0.486577 0.0716925 0.0751678 4.68259e-05
6 0.0556171 0.210403 0.078714 0.244966 4.68818e-05
6 0.140244 0.0228188 0.0750185 0.0456376 4.69788e-05
6 0.728197 0.0315436 0.086105 0.0630872 4.70313e-05
7 0.555432 0.37349 0.0465632 0.102685 4.71076e-05
6 0.464708 0.647651 0.0195861 0.042953 4.71203e-05
3 0.0788987 0.592617 0.157797 0.814765 4.72064e-05
6 0.642092 0.00604027 0.0240207 0.0120805 4.72268e-05
6 0.417221 0.59698 0.0155211 0.0369128 4.72937e-05
6 0.487066 0.894966 0.0266075 0.0879195 4.73254e-05
6 0.311715 0.0147651 0.0365854 0.0295302 4.73287e-05
6 0.340909 0.577517 0.018847 0.0261745 4.73913e-05
6 0.466186 0.919128 0.0402809 0.0744966 4.75377e-05
6 0.286031 0.559732 0.0798226 0.0765101 4.75617e-05
6 0.538618 0.0479866 0.0484109 0.057047 4.75657e-05
6 0.407613 0.638926 0.0325203 0.0724832 4.76261e-05
6 0.424797 0.610067 0.0232816 0.0442953 4.7687e-05
9 0.959534 0.960738 0.0388027 0.0785235 4.79054e-05
5 0.22099 0.0318792 0.121951 0.0637584 4.80907e-05
6 0.28677 0.0271812 0.0872136 0.0543624 4.81675e-05
8 0.687177 1 0.164449 0 4.84631e-05
6 0.53714 0.459732 0.0439763 0.0604027 4.85578e-05
9 0.808204 1 0.202513 0 4.89548e-05
3 0.139135 0.448322 0.278271 0.849664 4.89662e-05
6 0.596083 1 0.0635625 0 4.90002e-05
6 0.254989 0.978188 0.0694752 0.0436242 4.90613e-05
6 0.678677 0.974832 0.0306726 0.0503356 4.91407e-05
5 0.150591 0.198658 0.301183 0.311409 4.93528e-05
6 0.428307 0.503356 0.0162602 0.0308725 4.94276e-05
6 0.638581 0.488926 0.0133038 0.0261745 4.95125e-05
6 0.357539 0.0248322 0.143016 0.0496644 4.96718e-05
6 0.120473 0.376846 0.0968219 0.144295 4.97843e-05
6 0.337953 0.505369 0.0328899 0.0402685 4.97992e-05
6 0.167775 0.989597 0.0502587 0.0208054 4.98361e-05
6 0.691611 1 0.0572801 0 5.01177e-05
6 0.0110865 0.964765 0.0140429 0.0704698 5.02375e-05
6 0.831116 0.508054 0.0251293 0.042953 5.03297e-05
6 0.395418 0.529866 0.0192166 0.0315436 5.05324e-05
6 0.556911 0.0244966 0.0628234 0.0489933 5.07645e-05
6 0.421656 0.475839 0.0133038 0.0362416 5.08151e-05
6 0.842942 0.99094 0.0487805 0.0181208 5.11181e-05
6 0.237251 0.577517 0.0458241 0.0422819 5.13747e-05
6 0.694383 0.471141 0.0532151 0.0697987 5.15728e-05
6 0.574649 0.644295 0.0657797 0.085906 5.16006e-05
5 0.382483 0.975503 0.175905 0.0489933 5.16115e-05
6 0.317258 0.969799 0.0306726 0.0604027 5.16855e-05
6 0.653732 0.494631 0.0643016 0.0550336 5.17142e-05
6 0.388766 0.656711 0.0347376 0.0677852 5.18167e-05
6 0.613452 0.59698 0.0384331 0.0395973 5.19231e-05
6 0.68884 0.0174497 0.0436068 0.0348993 5.21435e-05
6 0.804878 0.0248322 0.0716925 0.0496644 5.21472e-05
6 0.406319 0.607383 0.0277162 0.0483221 5.22676e-05
6 0.436622 0.0298658 0.0846268 0.0597315 5.22737e-05
6 0.667036 0.553691 0.0184775 0.0322148 5.23012e-05
6 0.646896 0.00973154 0.0284553 0.0194631 5.2564e-05
6 0.293422 0.593289 0.0421286 0.0483221 5.26776e-05
6 0.681818 0.987919 0.0310421 0.0174497 5.28202e-05
6 0.261826 0.016443 0.0550628 0.0328859 5.28617e-05
8 0.0166297 0.991611 0.0332594 0.0167785 5.28725e-05
6 0.868625 0.991275 0.0469327 0.0174497 5.29213e-05
6 0.347191 0.983557 0.0291944 0.0328859 5.29301e-05
6 0.457132 0.645302 0.0199557 0.0422819 5.30618e-05
6 0.254804 0.563423 0.0624538 0.0651007 5.35721e-05
6 0.481338 0.975503 0.0247598 0.0328859 5.35742e-05
6 0.690687 0.590268 0.0517369 0.0744966 5.36946e-05
6 0.117701 0.536242 0.0594974 0.0738255 5.37961e-05
6 0.390244 0.491946 0.0620843 0.0536913 5.38627e-05
6 0.65946 1 0.0587583 0 5.38759e-05
6 0.3034 0.974832 0.0487805 0.0503356 5.39618e-05
6 0.829453 0.0161074 0.0365854 0.0322148 5.41273e-05
6 0.355691 0.471141 0.056541 0.0711409 5.43342e-05
6 0.793052 0.610067 0.0569106 0.0912752 5.44531e-05
6 0.73762 0.491946 0.014782 0.0322148 5.46078e-05
6 0.752587 0.602013 0.287879 0.263087 5.46518e-05
6 0.218773 0.572148 0.0436068 0.0436242 5.47808e-05
6 0.205654 0.989933 0.0476718 0.0201342 5.49011e-05
7 0.456393 0.375839 0.0155211 0.138255 5.49601e-05
6 0.784553 0.976174 0.0643016 0.047651 5.49899e-05
6 0.843496 0.978859 0.0203252 0.0422819 5.51028e-05
6 0.758869 0.98557 0.0269771 0.0208054 5.5167e-05
5 0.739283 0.0244966 0.152624 0.0489933 5.51809e-05
6 0.82779 0.0261745 0.0517369 0.052349 5.52086e-05
5 0.909645 0.961409 0.18071 0.0771812 5.5324e-05
6 0.758315 0.612752 0.0192166 0.0442953 5.53995e-05
6 0.841648 0.488591 0.0469327 0.0590604 5.60354e-05
6 0.559682 0.647651 0.0321508 0.0590604 5.60718e-05
6 0.286585 0.518792 0.0203252 0.0281879 5.65975e-05
7 0.410939 0.394966 0.0133038 0.0838926 5.66049e-05
6 0.363267 0.614094 0.0716925 0.0872483 5.67322e-05
6 0.711382 0.505705 0.0192166 0.0288591 5.69877e-05
6 0.641537 0.59698 0.0399113 0.0342282 5.69946e-05
6 0.605506 0.539262 0.0173688 0.0315436 5.70408e-05
6 0.621582 0.462416 0.00886918 0.033557 5.71931e-05
6 0.687546 0.0422819 0.0321508 0.0322148 5.71994e-05
6 0.236142 0.0174497 0.0473023 0.0348993 5.73255e-05
6 0.725795 0.480201 0.0480414 0.066443 5.73418e-05
6 0.858463 0.978859 0.0184775 0.0422819 5.73854e-05
6 0.632668 0.042953 0.0177384 0.0228188 5.75863e-05
6 0.634516 0.637584 0.0221729 0.0671141 5.78641e-05
7 0.411308 0.418456 0.030303 0.0865772 5.78869e-05
6 0.621027 0.612081 0.0195861 0.0510067 5.81267e-05
6 0.00665188 0.117114 0.00813008 0.0946309 5.81517e-05
6 0.427384 0.486577 0.0136733 0.0295302 5.81799e-05
6 0.642461 0.0134228 0.0388027 0.0268456 5.84024e-05
7 0.544161 0.391275 0.0107169 0.0818792 5.84252e-05
6 0.530118 0.0248322 0.0624538 0.0496644 5.8637e-05
6 0.634885 0.0456376 0.030303 0.042953 5.86549e-05
6 0.359756 0.0298658 0.0358463 0.0597315 5.87393e-05
6 0.537509 0.486913 0.0351072 0.0369128 5.87523e-05
6 0.404287 0.596644 0.0184775 0.0362416 5.89845e-05
6 0.34017 0.591611 0.0424982 0.047651 5.90105e-05
6 0.328529 0.0483221 0.0879527 0.0738255 5.92991e-05
6 0.560421 0.489597 0.0365854 0.0342282 5.94437e-05
6 0.281227 0.989597 0.0458241 0.0208054 5.94853e-05
6 0.622321 0.982886 0.0672579 0.0342282 5.95545e-05
6 0.410384 0.0214765 0.0609756 0.042953 5.96315e-05
6 0.567812 0.985906 0.0358463 0.0228188 5.97138e-05
5 0.197154 0.873825 0.394309 0.252349 5.99287e-05
6 0.79139 0.60604 0.0284553 0.0536913 6.00747e-05
6 0.658721 0.0318792 0.135625 0.0637584 6.01975e-05
6 0.81153 0.962416 0.0310421 0.0751678 6.06143e-05
6 0.629157 0.977852 0.0402809 0.0322148 6.06289e-05
6 0.119364 0.458725 0.0746489 0.0892617 6.06408e-05
6 0.202513 0.554698 0.0480414 0.0530201 6.08565e-05
9 0.526423 0.977852 0.0469327 0.0442953 6.08795e-05
6 0.334812 0.525839 0.0177384 0.0302013 6.09327e-05
6 0.417221 0.655034 0.0354767 0.0510067 6.1191e-05
6 0.291205 0.602013 0.014782 0.0268456 6.12367e-05
6 0.219697 0.974832 0.0454545 0.0342282 6.13288e-05
6 0.650591 0.473826 0.056541 0.0550336 6.13441e-05
6 0.468958 0.0419463 0.059867 0.0624161 6.19276e-05
7 0.567997 0.374497 0.0118256 0.0939597 6.19787e-05
6 0.457502 0.972819 0.0280857 0.0342282 6.21293e-05
6 0.874353 0.505369 0.0465632 0.0577181 6.2206e-05
6 0.423134 0.584228 0.0258684 0.0503356 6.23285e-05
6 0.327051 0.562752 0.0184775 0.0261745 6.2391e-05
7 0.521803 0.334899 0.075388 0.126174 6.24026e-05
6 0.582779 0.0228188 0.0739098 0.0456376 6.25431e-05
6 0.464523 0.949329 0.0502587 0.0677852 6.26547e-05
6 0.289172 0.0181208 0.056541 0.0362416 6.2676e-05
6 0.560421 0.59698 0.0380636 0.0530201 6.27567e-05
6 0.259978 0.905034 0.0809313 0.122819 6.30489e-05
6 0.421471 0.916443 0.0498891 0.0892617 6.30695e-05
6 0.0631929 0.0130872 0.0657797 0.0261745 6.30812e-05
7 0.46748 0.357383 0.0347376 0.121477 6.32099e-05
7 0.533259 0.694966 0.0310421 0.0932886 6.34184e-05
6 0.427938 0.967785 0.0295639 0.0644295 6.37691e-05
6 0.0476718 0.0255034 0.0783444 0.0510067 6.40945e-05
6 0.00443459 0.122483 0.00886918 0.101342 6.41351e-05
6 0.669438 0.987919 0.0306726 0.0161074 6.42203e-05
5 0.451404 0.102013 0.594605 0.204027 6.43169e-05
9 0.0430525 0.944295 0.0631929 0.111409 6.43876e-05
6 0.439024 0.705705 0.0332594 0.0704698 6.46349e-05
6 0.0384331 0.487584 0.0709534 0.273154 6.46546e-05
6 0.00702143 0.0744966 0.00813008 0.107383 6.48733e-05
6 0.454361 0.64396 0.0321508 0.0879195 6.49425e-05
4 0.652439 0.810067 0.695122 0.304698 6.51124e-05
9 0.96323 0.97651 0.0735403 0.0469799 6.51135e-05
6 0.730968 0.987919 0.0280857 0.0187919 6.5202e-05
7 0.749076 0.17651 0.136733 0.193289 6.52966e-05
2 0.52901 0.424497 0.600517 0.167114 6.53726e-05
6 0.332964 0.606376 0.0236511 0.0422819 6.54012e-05
6 0.494087 0.914765 0.0465632 0.0778523 6.55654e-05
6 0.229675 0.989597 0.0535846 0.0208054 6.5709e-05
6 0.45048 0.916107 0.0436068 0.0818792 6.58708e-05
6 0.742979 0.991275 0.0388027 0.0174497 6.60157e-05
6 0.484294 0.0473154 0.0314117 0.0879195 6.62526e-05
6 0.902439 0.514094 0.0576497 0.0885906 6.63127e-05
6 0.331116 0.975168 0.0258684 0.0322148 6.65271e-05
6 0.494272 0.694966 0.0469327 0.0744966 6.6919e-05
6 0.409645 0.875168 0.04102 0.0912752 6.70405e-05
7 0.417221 0.394295 0.0140429 0.0798658 6.70466e-05
6 0.67646 0.56745 0.0949741 0.0798658 6.71312e-05
6 0.657243 0.987584 0.0291944 0.0154362 6.71549e-05
6 0.311345 0.035906 0.0210643 0.0288591 6.71659e-05
6 0.492609 0.651007 0.0384331 0.0765101 6.71937e-05
6 0.989653 0.955369 0.0125647 0.0771812 6.74675e-05
6 0.689394 0.0560403 0.0609756 0.0758389 6.7479e-05
5 0.29527 0.160403 0.59054 0.320805 6.82806e-05
6 0.677568 0.0372483 0.0203252 0.0208054 6.84774e-05
6 0.972099 0.988255 0.04102 0.0234899 6.86921e-05
6 0.5983 0.538591 0.0354767 0.0409396 6.93331e-05
6 0.00702143 0.12047 0.0118256 0.204698 6.94782e-05
7 0.481892 0.870805 0.0288248 0.0530201 6.97799e-05
6 0.827051 0.977181 0.0221729 0.0456376 6.98832e-05
6 0.618441 0.477852 0.0129342 0.0469799 7.00462e-05
6 0.69235 0.497315 0.0314117 0.0389262 7.00933e-05
6 0.642646 0.988255 0.0310421 0.0154362 7.01078e-05
6 0.00720621 0.0171141 0.0107169 0.0342282 7.02161e-05
6 0.426645 0.565772 0.0166297 0.0483221 7.05421e-05
6 0.74575 0.0221477 0.0635625 0.0442953 7.10649e-05
6 0.00683666 0.0348993 0.00776053 0.0697987 7.12283e-05
5 0.472284 1 0.424242 0 7.13171e-05
6 0.189394 0.0171141 0.0498891 0.0342282 7.17164e-05
6 0.622875 0.611074 0.0521064 0.0557047 7.18997e-05
6 0.255174 0.990604 0.0498891 0.0187919 7.30196e-05
3 0.883962 0.587248 0.232077 0.825503 7.30675e-05
6 0.681264 0.591275 0.0195861 0.0348993 7.32446e-05
6 0.314486 0.0620805 0.0487805 0.0946309 7.3259e-05
6 0.640429 0.499664 0.0169993 0.0315436 7.32901e-05
6 0.31929 0.494631 0.0487805 0.0550336 7.34553e-05
6 0.617701 0.5 0.0166297 0.0295302 7.35109e-05
6 0.410384 0.616107 0.0469327 0.0496644 7.35686e-05
6 0.304693 0.580201 0.0203252 0.038255 7.36181e-05
6 0.171656 0.0234899 0.0654102 0.0469799 7.36537e-05
6 0.347561 0.607383 0.0254989 0.0416107 7.37448e-05
7 0.512934 0.348993 0.0214339 0.139597 7.37756e-05
6 0.315225 0.512081 0.0169993 0.033557 7.38041e-05
5 0.484109 0.152013 0.0569106 0.144295 7.45322e-05
6 0.424797 0.474832 0.0291944 0.0422819 7.48419e-05
6 0.669438 0.571812 0.0181079 0.0348993 7.50963e-05
6 0.366962 0.00805369 0.0177384 0.0134228 7.51602e-05
6 0.0846268 0.125503 0.0857354 0.0899329 7.55242e-05
6 0.305617 0.560067 0.0184775 0.0261745 7.56326e-05
6 0.396157 0.969799 0.0332594 0.0402685 7.57115e-05
6 0.418699 0.971812 0.0288248 0.0375839 7.5915e-05
6 0.310421 0.57651 0.0177384 0.0268456 7.60168e-05
6 0.558574 0.975168 0.0343681 0.0295302 7.60339e-05
5 0.297487 0.0630872 0.136733 0.0926175 7.62422e-05
6 0.450665 0.475168 0.0181079 0.0389262 7.62691e-05
6 0.00480414 0.0778523 0.00960828 0.118121 7.66329e-05
6 0.00886918 0.944631 0.0140429 0.110738 7.66696e-05
7 0.494826 0.36745 0.0140429 0.0959732 7.70299e-05
0 0.00535846 0.886577 0.0107169 0.226846 7.7036e-05
6 0.627679 1 0.0587583 0 7.71672e-05
6 0.921101 0.925503 0.0927568 0.104698 7.76706e-05
6 0.382853 0.503691 0.0169993 0.0248322 7.78659e-05
6 0.403178 0.494966 0.0155211 0.0583893 7.79175e-05
6 0.889135 0.53557 0.037694 0.0550336 7.80172e-05
6 0.417221 0.576174 0.0184775 0.0328859 7.8637e-05
6 0.966001 0.0241611 0.059867 0.0483221 7.87951e-05
6 0.161493 0.0144295 0.0421286 0.0288591 7.92966e-05
6 0.712306 0.0184564 0.0550628 0.0369128 7.94088e-05
5 0.490761 0.0899329 0.206948 0.162416 7.94893e-05
6 0.718773 0.921476 0.0835181 0.139597 7.95326e-05
6 0.675166 0.503691 0.0243902 0.0302013 7.95838e-05
6 0.621582 0.580537 0.0192166 0.0375839 7.98632e-05
7 0.524205 0.36745 0.0129342 0.0892617 7.99771e-05
6 0.319106 0.974832 0.0247598 0.0302013 7.99773e-05
6 0.00628234 0.971476 0.0125647 0.057047 8.00961e-05
6 0.391537 0.874832 0.0558019 0.0785235 8.0391e-05
2 0.204545 0.401007 0.409091 0.342953 8.05795e-05
6 0.776053 0.590604 0.124908 0.154362 8.12017e-05
6 0.086105 0.00973154 0.052476 0.0194631 8.15073e-05
6 0.43071 0.972148 0.026238 0.0355705 8.16274e-05
5 0.843126 0.884899 0.313747 0.125503 8.1875e-05
6 0.312269 0.524161 0.0199557 0.0348993 8.19622e-05
5 0.166297 0.238926 0.332594 0.477852 8.21737e-05
6 0.511641 0.484564 0.0306726 0.042953 8.26696e-05
6 0.72136 0.582886 0.0251293 0.0315436 8.35253e-05
5 0.707132 0.15906 0.160754 0.287248 8.40447e-05
6 0.588507 0.686577 0.0424982 0.0926175 8.42885e-05
6 0.675721 0.00671141 0.0284553 0.0120805 8.43161e-05
7 0.540281 0.37349 0.0118256 0.0892617 8.47895e-05
5 0.467295 0.977852 0.444568 0.042953 8.52998e-05
6 0.47986 0.987919 0.0328899 0.0241611 8.53366e-05
6 0.318551 0.585235 0.0236511 0.0362416 8.54446e-05
6 0.367517 0.572148 0.137103 0.1 8.58457e-05
6 0.941057 0.585906 0.0853659 0.310067 8.59338e-05
6 0.202143 0.0248322 0.0687361 0.0496644 8.61015e-05
5 0.721175 0.147987 0.478566 0.295973 8.66124e-05
6 0.45085 0.681879 0.0362158 0.085906 8.70056e-05
6 0.706763 0.532215 0.0321508 0.033557 8.71444e-05
6 0.382114 0.50906 0.0288248 0.0261745 8.71828e-05
7 0.554509 0.37047 0.0203252 0.0993289 8.72187e-05
6 0.797672 0.976174 0.0240207 0.047651 8.79803e-05
6 0.402254 0.577517 0.137842 0.141611 8.83526e-05
6 0.707317 0.987584 0.0310421 0.0194631 8.83703e-05
6 0.718034 0.557383 0.0258684 0.0315436 8.84142e-05
6 0.740022 0.96745 0.0291944 0.0651007 8.86871e-05
5 0.49963 0.0459732 0.285292 0.0919463 8.87085e-05
9 0.418145 0.987248 0.0432373 0.0255034 9.05597e-05
6 0.775499 0.0348993 0.0816704 0.0697987 9.05702e-05
9 0.916667 0.988926 0.0654102 0.0221477 9.11896e-05
6 0.375277 0.543289 0.094235 0.0597315 9.18494e-05
6 0.660015 0.0057047 0.0295639 0.0114094 9.19336e-05
6 0.325018 0.577517 0.0166297 0.0234899 9.22192e-05
9 0.960828 0.977852 0.022912 0.0268456 9.26835e-05
6 0.629527 0.540604 0.0203252 0.0288591 9.30037e-05
6 0.317812 0.045302 0.030303 0.0275168 9.30557e-05
6 0.0133038 0.0489933 0.0266075 0.0979866 9.35438e-05
6 0.461197 0.698322 0.0339985 0.0718121 9.35562e-05
6 0.991131 0.927852 0.0155211 0.144295 9.3598e-05
6 0.35255 0.500336 0.0539542 0.0463087 9.36126e-05
6 0.503695 0.472819 0.0339985 0.0436242 9.36211e-05
5 0.797302 0.30302 0.405395 0.60604 9.36821e-05
6 0.669623 0.0328859 0.0384331 0.0657718 9.43201e-05
6 0.00646711 0.986242 0.0129342 0.0275168 9.46651e-05
6 0.757761 0.991275 0.0373245 0.0174497 9.50496e-05
6 0.663895 0.544631 0.143755 0.0838926 9.5088e-05
5 0.496305 0.0446309 0.178862 0.0771812 9.53852e-05
7 0.467295 0.375839 0.0121951 0.134228 9.54066e-05
5 0.86918 0.163758 0.261641 0.327517 9.64362e-05
6 0.544531 0.978188 0.0402809 0.0315436 9.6837e-05
6 0.660939 0.985235 0.0254989 0.0295302 9.76546e-05
6 0.291574 0.511074 0.0332594 0.038255 9.77684e-05
6 0.702143 0.591946 0.0192166 0.0348993 9.79415e-05
6 0.991316 0.0295302 0.0173688 0.0590604 9.79609e-05
6 0.608832 0.554027 0.0195861 0.0315436 9.84512e-05
6 0.00960828 0.0268456 0.0192166 0.0536913 9.95852e-05
6 0.646526 0.635235 0.0203252 0.0583893 0.000100021
4 0.832409 0.77651 0.335181 0.413423 0.000100093
6 0.0955285 0.564094 0.103104 0.149664 0.000100294
6 0.762565 0.966107 0.0240207 0.0369128 0.000100542
6 0.509608 0.980873 0.0413895 0.038255 0.000101575
6 0.617147 0.986577 0.0428677 0.0201342 0.000102042
6 0.141168 0.0114094 0.0473023 0.0228188 0.000102455
7 0.482816 0.375168 0.0129342 0.143624 0.000102525
6 0.904656 0.53255 0.037694 0.0557047 0.000102717
6 0.31966 0.0667785 0.0384331 0.0543624 0.000103207
6 0.253326 0.542953 0.0506282 0.0536913 0.000104348
4 0.315595 0.689262 0.362897 0.284564 0.000105015
6 0.682188 0.539262 0.0206948 0.0275168 0.000105277
6 0.604213 0.976174 0.059867 0.047651 0.000106044
6 0.625831 0.0255034 0.0764967 0.0510067 0.000106146
6 0.63119 0.565772 0.0184775 0.0322148 0.000107434
6 0.332779 0.584228 0.0195861 0.0369128 0.00010791
6 0.271619 0.576846 0.0443459 0.0409396 0.00010886
6 0.586659 0.562416 0.0631929 0.0644295 0.000109331
2 0.68034 0.344295 0.245381 0.169128 0.000109501
6 0.350517 0.56443 0.0299335 0.0348993 0.000110311
5 0.772358 0.96443 0.315595 0.0711409 0.000110546
6 0.605322 0.977852 0.0310421 0.0255034 0.000110667
5 0.316334 0.927517 0.410939 0.107383 0.000111443
6 0.355691 0.00637584 0.0277162 0.0127517 0.00011237
6 0.85255 0.0275168 0.0532151 0.0550336 0.000112387
7 0.694752 0.183893 0.0317812 0.284564 0.000112624
6 0.812084 0.977852 0.0218034 0.0442953 0.000113817
6 0.379712 0.0197987 0.0535846 0.0395973 0.000114313
6 0.112528 0.00872483 0.0402809 0.0174497 0.000114887
6 0.286401 0.530537 0.0192166 0.0315436 0.000115134
6 0.303215 0.530537 0.04102 0.0395973 0.000115681
6 0.676275 0.05 0.030303 0.0395973 0.00011576
6 0.894124 0.561409 0.108278 0.200671 0.000116044
5 0.0888766 0.163423 0.160015 0.326846 0.000116492
6 0.521434 0.975168 0.0428677 0.0375839 0.000116957
6 0.636179 0.612752 0.0232816 0.0510067 0.000117209
6 0.308019 0.977517 0.0365854 0.0328859 0.000118658
6 0.618071 0.475839 0.0432373 0.042953 0.000118818
6 0.616962 0.543289 0.0166297 0.0275168 0.000119138
6 0.723762 0.981544 0.0247598 0.0369128 0.000119798
6 0.292498 0.523154 0.0210643 0.0275168 0.000119826
6 0.329453 0.988255 0.0447154 0.0234899 0.000120201
6 0.580931 0.975839 0.0310421 0.0281879 0.000120242
7 0.494272 0.87349 0.0306726 0.057047 0.000120478
6 0.361604 0.983557 0.0424982 0.0328859 0.000120504
9 0.0402809 0.979195 0.0606061 0.0416107 0.000120577
6 0.0325203 0.0124161 0.0436068 0.0248322 0.000120883
6 0.499076 0.524832 0.268662 0.139597 0.000122929
6 0.714154 0.574832 0.0232816 0.0355705 0.000123519
6 0.670177 0.607718 0.04102 0.066443 0.000125502
6 0.674797 0.98557 0.0236511 0.0288591 0.000126784
6 0.32354 0.0268456 0.0883222 0.0442953 0.000127255
5 0.296009 0.971812 0.427199 0.0563758 0.000127293
6 0.995565 0.968792 0.00886918 0.0624161 0.000127512
6 0.689948 0.98557 0.0243902 0.0288591 0.000128505
6 0.319106 0.574832 0.0173688 0.0234899 0.000128895
6 0.732262 0.56443 0.0218034 0.033557 0.00012949
6 0.616593 0.0181208 0.0461936 0.0362416 0.000129886
6 0.693459 0.592617 0.0203252 0.0362416 0.000129912
9 0.554693 0.97651 0.0487805 0.0469799 0.00012994
2 0.48337 0.339597 0.107169 0.148993 0.000130042
4 0.252402 0.786577 0.504804 0.351678 0.00013029
6 0.374538 0.544966 0.0247598 0.0281879 0.000132161
6 0.493902 0.94094 0.0513673 0.0697987 0.000132894
9 0.528825 0.989597 0.0458241 0.0208054 0.000133178
9 0.956393 0.989933 0.0280857 0.0201342 0.000136354
9 0.455654 0.988255 0.0443459 0.0234899 0.000137111
6 0.77051 0.585235 0.0687361 0.0979866 0.000137385
6 0.733925 0.508054 0.0162602 0.0308725 0.000137519
6 0.403917 0.575168 0.022912 0.042953 0.000138789
6 0.39357 0.915772 0.0635625 0.0986577 0.000140608
6 0.9915 0.0751678 0.0155211 0.150336 0.000141456
6 0.692535 0.991611 0.0406504 0.0167785 0.000142159
6 0.356615 0.593624 0.022912 0.0315436 0.000143447
6 0.5983 0.574497 0.0436068 0.042953 0.000143626
6 0.903732 0.0909396 0.126016 0.151007 0.000143887
5 0.714523 0.94396 0.392092 0.105369 0.000143904
6 0.356245 0.518121 0.0177384 0.0268456 0.000143907
6 0.662786 0.63557 0.018847 0.0563758 0.000144094
6 0.716186 0.502013 0.0399113 0.0416107 0.000144245
6 0.541759 0.598993 0.0325203 0.0718121 0.000144417
6 0.482816 0.487584 0.0277162 0.0422819 0.000144574
6 0.677199 0.492953 0.0195861 0.0302013 0.000145579
6 0.726534 0.512081 0.0184775 0.0295302 0.00014627
6 0.506652 0.596644 0.296378 0.226846 0.000146279
6 0.318921 0.527181 0.0443459 0.038255 0.000146406
5 0.185698 0.921812 0.371397 0.151007 0.000146514
6 0.617147 0.478523 0.0103474 0.0255034 0.000146598
6 0.298411 0.560738 0.0203252 0.0328859 0.000146941
6 0.341463 0.531879 0.0258684 0.0369128 0.000147554
6 0.300074 0.523154 0.022912 0.0369128 0.000147783
6 0.409276 0.971812 0.0506282 0.0563758 0.000147936
6 0.435883 0.478859 0.0166297 0.0315436 0.000148318
6 0.736511 0.499664 0.0332594 0.0436242 0.00014854
6 0.768847 0.963087 0.0291944 0.0738255 0.000148905
6 0.645048 0.55906 0.0631929 0.0644295 0.000149312
6 0.588507 0.62349 0.0469327 0.0644295 0.000149393
6 0.439394 0.633557 0.067997 0.0912752 0.000149559
6 0.356984 0.0154362 0.0436068 0.0308725 0.000150613
6 0.291205 0.567785 0.0413895 0.0442953 0.000151793
6 0.3568 0.0228188 0.0683666 0.0456376 0.000152664
6 0.7051 0.577181 0.0214339 0.0322148 0.000152692
9 0.0315965 0.988926 0.0558019 0.0221477 0.000152938
6 0.654656 0.991946 0.0395418 0.0161074 0.000153244
8 0.0430525 1 0.086105 0 0.000153514
6 0.583333 0.972483 0.0506282 0.0550336 0.000154212
6 0.316704 0.567785 0.0184775 0.0255034 0.000155542
5 0.154472 0.969463 0.308943 0.0610738 0.000156245
5 0.83629 0.297315 0.327421 0.461745 0.000157832
6 0.276053 0.571141 0.0214339 0.0348993 0.000159007
5 0.615484 0.981208 0.389874 0.0375839 0.000161854
6 0.652069 0.602349 0.0395418 0.0530201 0.00016249
6 0.592202 0.555705 0.0417591 0.0322148 0.000163126
6 0.673319 0.0543624 0.0391722 0.0966443 0.000164149
2 0.83629 0.351342 0.259423 0.297315 0.000164434
6 0.677938 0.0255034 0.0602365 0.0510067 0.000164634
6 0.562084 0.686242 0.0421286 0.0798658 0.000165535
6 0.464339 0.492617 0.0284553 0.0375839 0.000166051
6 0.397635 0.595973 0.0509978 0.0671141 0.000167566
6 0.495565 0.97953 0.0509978 0.0409396 0.000168367
6 0.669438 0.0355705 0.0299335 0.0322148 0.000168525
6 0.591648 0.527852 0.0428677 0.0328859 0.000168534
6 0.386364 0.592282 0.0351072 0.038255 0.00016881
6 0.380636 0.972148 0.0421286 0.0557047 0.000169982
2 0.708426 0.334564 0.492979 0.19396 0.000171422
6 0.6517 0.542953 0.0173688 0.0281879 0.000172479
6 0.62269 0.484564 0.0125647 0.0456376 0.00017289
6 0.374538 0.566443 0.0728012 0.052349 0.000173447
6 0.626386 0.989933 0.0487805 0.0201342 0.000174155
6 0.407428 0.980873 0.0439763 0.038255 0.000174708
6 0.693644 0.580872 0.0332594 0.0395973 0.000174881
6 0.27088 0.551342 0.0354767 0.0395973 0.000177169
6 0.741685 0.560067 0.082779 0.118792 0.000179449
9 0.54139 0.986913 0.0362158 0.0261745 0.000181866
6 0.554509 0.874497 0.0439763 0.0590604 0.000182893
9 0.481892 0.987919 0.0509978 0.0241611 0.000186448
6 0.9915 0.0442953 0.0118256 0.0885906 0.000188801
6 0.415004 0.594966 0.0354767 0.038255 0.000193098
6 0.390613 0.479866 0.0339985 0.0442953 0.000195977
6 0.341463 0.521141 0.014782 0.0275168 0.000197175
6 0.717295 0.991611 0.0391722 0.0167785 0.000199486
6 0.54102 0.650671 0.0317812 0.0838926 0.000201027
6 0.414634 0.565101 0.0169993 0.0402685 0.000204043
6 0.517738 0.610738 0.0369549 0.0845638 0.000205518
6 0.284368 0.571477 0.0210643 0.0369128 0.000206164
6 0.781412 0.962752 0.0328899 0.0744966 0.000208186
6 0.436992 0.979866 0.0550628 0.0402685 0.000209053
5 0.806171 0.925503 0.387657 0.148993 0.000210015
6 0.305063 0.986577 0.0498891 0.0268456 0.00021084
7 0.530673 0.356711 0.0391722 0.108054 0.000211874
6 0.592018 0.978859 0.0362158 0.0302013 0.000212225
6 0.675905 0.496644 0.0406504 0.0402685 0.000213052
8 0.0299335 0.995638 0.0509978 0.00872483 0.000216317
6 0.667221 0.0107383 0.0328899 0.0201342 0.000216403
6 0.756282 0.577181 0.0277162 0.0362416 0.000218506
6 0.378603 0.983557 0.0351072 0.0328859 0.000219363
6 0.358832 0.527517 0.0199557 0.0308725 0.000222251
6 0.390244 0.604362 0.0214339 0.0436242 0.000223076
7 0.485033 0.374161 0.0380636 0.102685 0.000223619
6 0.518847 0.987584 0.0480414 0.0248322 0.000224184
6 0.58167 0.987919 0.0480414 0.0241611 0.000224228
6 0.435514 0.489933 0.0284553 0.033557 0.000226756
6 0.616778 0.565101 0.0162602 0.0295302 0.000227186
6 0.738544 0.980873 0.0225425 0.038255 0.000229443
6 0.738359 0.570805 0.0206948 0.0328859 0.000230478
5 0.90595 0.108725 0.188101 0.21745 0.000232509
6 0.464339 0.980537 0.0528455 0.0389262 0.000234618
6 0.788433 0.588591 0.026238 0.0469799 0.000235723
7 0.554324 0.377852 0.00960828 0.0926175 0.000236099
6 0.319475 0.0436242 0.0254989 0.0697987 0.00023663
6 0.727088 0.526846 0.0269771 0.0295302 0.000237083
6 0.783999 0.572819 0.0210643 0.0395973 0.000237212
6 0.571693 0.982886 0.0480414 0.0342282 0.000238458
6 0.317627 0.543289 0.0550628 0.0530201 0.000239955
6 0.42184 0.487248 0.0203252 0.0348993 0.000244566
6 0.327236 0.0479866 0.0314117 0.0436242 0.000249495
7 0.511271 0.691946 0.04102 0.118121 0.000252634
6 0.660015 0.0191275 0.0613452 0.038255 0.000254349
6 0.491131 0.614094 0.0354767 0.0805369 0.000254941
6 0.649667 0.611409 0.0221729 0.0483221 0.000255712
6 0.558019 0.628188 0.0436068 0.0577181 0.000257964
6 0.313008 0.0543624 0.0206948 0.0362416 0.000263832
8 0.0291944 0.964765 0.0583888 0.0704698 0.000264495
9 0.55728 0.987919 0.0473023 0.0241611 0.000271087
6 0.323725 0.0214765 0.0288248 0.042953 0.00027165
6 0.318182 0.040604 0.0184775 0.0248322 0.000273226
6 0.350333 0.585906 0.0273466 0.0375839 0.000274637
5 0.7585 0.888591 0.483001 0.220134 0.000274664
6 0.411308 0.528524 0.0288248 0.0355705 0.000284692
6 0.670362 0.60604 0.0221729 0.0456376 0.000288988
6 0.326127 0.572148 0.0498891 0.0449664 0.000289114
6 0.759054 0.550671 0.0391722 0.0436242 0.00029231
6 0.62694 0.497987 0.0306726 0.0362416 0.000297993
3 0.227827 0.561074 0.455654 0.715436 0.000299456
6 0.28677 0.541946 0.0332594 0.0395973 0.000304143
6 0.398189 0.49396 0.0136733 0.033557 0.000306113
6 0.393385 0.981879 0.04915 0.0362416 0.000308197
6 0.363821 0.601678 0.0232816 0.0395973 0.000308557
6 0.558389 0.563087 0.0384331 0.0510067 0.000309188
6 0.762565 0.558725 0.0240207 0.0409396 0.0003149
6 0.662602 0.494631 0.0192166 0.0295302 0.000315227
6 0.635809 0.580201 0.0284553 0.0409396 0.000319695
5 0.846268 0.945973 0.307465 0.108054 0.000326099
6 0.564486 0.526846 0.0484109 0.033557 0.00032969
6 0.768662 0.978523 0.0236511 0.042953 0.000332243
6 0.677014 0.578524 0.0221729 0.0362416 0.000333167
6 0.360126 0.563423 0.0218034 0.0261745 0.000336293
6 0.755913 0.967785 0.0284553 0.0644295 0.000337118
6 0.746305 0.554362 0.0447154 0.0563758 0.000339949
2 0.34054 0.344295 0.318921 0.213423 0.000343137
6 0.377494 0.604027 0.0240207 0.042953 0.000346153
6 0.351072 0.54094 0.030303 0.0322148 0.000353654
6 0.464523 0.652013 0.0362158 0.0624161 0.00035423
6 0.441611 0.654027 0.0332594 0.0583893 0.000354253
6 0.649483 0.496644 0.0151515 0.0308725 0.000362528
6 0.328899 0.052349 0.0391722 0.0832215 0.000362696
6 0.322432 0.00838926 0.0225425 0.014094 0.000373538
6 0.32354 0.0124161 0.0343681 0.0248322 0.000382182
6 0.470067 0.579866 0.0428677 0.0912752 0.000399471
6 0.726534 0.555705 0.0169993 0.0281879 0.000401145
6 0.617332 0.536913 0.0306726 0.0322148 0.000403426
6 0.349409 0.518792 0.0166297 0.0295302 0.000407907
6 0.412047 0.545638 0.0362158 0.0469799 0.000410172
6 0.537324 0.556376 0.0702143 0.0872483 0.000416911
6 0.604028 0.986913 0.0594974 0.0261745 0.00041952
6 0.780857 0.978188 0.0266075 0.0436242 0.000420052
6 0.433666 0.510403 0.0343681 0.0355705 0.000424802
6 0.435144 0.47047 0.00997783 0.0281879 0.000425027
6 0.652993 0.498658 0.030303 0.0362416 0.000435131
6 0.772173 0.608389 0.0225425 0.0463087 0.00043528
6 0.436068 0.527181 0.0310421 0.0355705 0.000436661
6 0.632299 0.554698 0.0199557 0.0302013 0.000438604
5 0.296933 0.176174 0.336659 0.352349 0.000440606
6 0.412786 0.495638 0.0192166 0.0328859 0.000445962
6 0.282705 0.55906 0.0310421 0.0375839 0.000469921
6 0.473947 0.522819 0.056541 0.042953 0.000473317
6 0.620658 0.556376 0.0314117 0.0308725 0.000478619
6 0.665373 0.560403 0.033629 0.0268456 0.000481847
6 0.505358 0.525168 0.651515 0.349664 0.000487869
6 0.388211 0.544631 0.0328899 0.0369128 0.000492124
6 0.478381 0.672148 0.04102 0.128188 0.00050525
6 0.659091 0.580537 0.0247598 0.0362416 0.000508421
5 0.887657 0.204027 0.224686 0.375839 0.000515074
6 0.463599 0.609732 0.0343681 0.0503356 0.000516649
6 0.73374 0.538926 0.0195861 0.033557 0.000528328
6 0.716741 0.543289 0.0343681 0.0328859 0.000529918
6 0.704361 0.560738 0.0776053 0.0731544 0.000533755
6 0.490392 0.561745 0.0362158 0.0483221 0.000546085
6 0.665004 0.549329 0.0528455 0.0422819 0.000556543
6 0.531966 0.52651 0.0373245 0.0422819 0.00058237
7 0.750554 0.171812 0.104213 0.343624 0.000593709
6 0.70048 0.562752 0.0218034 0.0328859 0.000594732
6 0.754989 0.980201 0.0243902 0.0395973 0.000596268
4 0.5 0.831208 1 0.173826 0.000624194
6 0.636733 0.546644 0.0339985 0.038255 0.000630263
6 0.361604 0.57953 0.0277162 0.0288591 0.000669624
6 0.66371 0.611409 0.0221729 0.0469799 0.00067051
6 0.391353 0.578859 0.0199557 0.0409396 0.00068038
6 0.4102 0.566107 0.0325203 0.0288591 0.000681771
6 0.394309 0.495302 0.030303 0.0322148 0.000683136
6 0.65595 0.548322 0.0214339 0.0268456 0.00070437
6 0.540096 0.554362 0.0388027 0.0469799 0.000710311
5 0.501293 0.172483 0.0742794 0.212081 0.000714148
6 0.440687 0.604027 0.0328899 0.0496644 0.000723268
6 0.366223 0.551678 0.0436068 0.0496644 0.00075311
6 0.475795 0.623154 0.0498891 0.105369 0.000790183
6 0.332964 0.0204698 0.0258684 0.0234899 0.000818262
3 0.834627 0.573154 0.330747 0.681879 0.00084446
6 0.675351 0.564765 0.0513673 0.038255 0.000881968
6 0.335366 0.0231544 0.0424982 0.0409396 0.000893406
6 0.471914 0.636913 0.0909091 0.119463 0.000914816
6 0.772542 0.592953 0.0240207 0.038255 0.000922793
7 0.504804 0.368456 0.0872136 0.134228 0.000949125
6 0.649298 0.572148 0.0251293 0.0395973 0.000992058
6 0.692166 0.553691 0.0280857 0.0322148 0.00103034
6 0.376201 0.563423 0.0273466 0.0315436 0.00103046
6 0.626386 0.486242 0.0140429 0.0261745 0.00109184
6 0.779379 0.601678 0.0243902 0.0489933 0.00109518
6 0.462491 0.563087 0.0351072 0.0442953 0.00110746
5 0.516814 0.961745 0.5 0.0765101 0.00114757
5 0.512565 0.921812 0.626016 0.156376 0.00122729
4 0.4915 0.668121 0.390244 0.293289 0.0012312
5 0.705469 0.218121 0.363636 0.314094 0.00124392
3 0.503695 0.411074 0.946046 0.342953 0.00139829
6 0.403917 0.498322 0.0280857 0.0288591 0.00141046
6 0.528086 0.559396 0.0384331 0.0637584 0.00145446
6 0.52476 0.643624 0.0739098 0.12349 0.00148474
5 0.502956 0.99396 0.669623 0.0120805 0.00150032
6 0.436438 0.571477 0.0317812 0.0355705 0.00152741
6 0.747044 0.553691 0.0277162 0.0348993 0.00154214
6 0.500554 0.522483 0.0476718 0.0436242 0.00160143
6 0.333149 0.00604027 0.0247598 0.0120805 0.0016567
6 0.501109 0.57651 0.045085 0.0791946 0.00168296
6 0.684959 0.561409 0.0210643 0.0328859 0.00182819
6 0.405211 0.494966 0.0144124 0.0275168 0.00186307
6 0.339246 0.0130872 0.0421286 0.0261745 0.00194241
5 0.511271 0.948993 0.972284 0.102013 0.00238658
6 0.639874 0.558054 0.026238 0.038255 0.0025323
6 0.369549 0.569799 0.0332594 0.0322148 0.00258701
6 0.495935 0.648993 0.0783444 0.0912752 0.00437385
6 0.73762 0.547651 0.0288248 0.0375839 0.00438622
6 0.702882 0.558725 0.0399113 0.0355705 0.00439705
6 0.398004 0.567785 0.0236511 0.0442953 0.00454001
6 0.649852 0.557047 0.0254989 0.033557 0.00652862
6 0.694013 0.568456 0.0280857 0.0362416 0.0149586
3 0.50425 0.574832 0.9915 0.733557 0.854196
2 0.505543 0.333557 0.617886 0.221477 0.872151
5 0.501478 0.184228 0.620103 0.368456 0.903014
4 0.501478 0.665436 0.790835 0.363087 0.913899
