6 0.695803 0.607935 0.0320555 0.0591796 1.85173e-05
5 0.120787 0.0749832 0.241573 0.149966 1.85498e-05
6 0.47918 0.0289173 0.0403173 0.0578346 1.85573e-05
6 0.348976 0.989576 0.0310641 0.0208473 1.85853e-05
6 0.770985 0.449899 0.0806345 0.0860794 1.85974e-05
6 0.053536 0.875588 0.0621282 0.248823 1.86584e-05
7 0.466292 0.845662 0.0191672 0.0450572 1.86687e-05
6 0.397389 0.0501009 0.0327165 0.0854069 1.87336e-05
6 0.104924 0.965366 0.0961666 0.069267 1.87738e-05
5 0.109385 0.777068 0.218771 0.445864 1.87888e-05
6 0.248348 0.286147 0.0499009 0.158036 1.8806e-05
6 0.986451 0.00806994 0.0224719 0.0161399 1.88645e-05
6 0.574851 0.565904 0.0254461 0.0544721 1.88939e-05
6 0.662756 0.951917 0.0327165 0.0961668 1.89203e-05
5 0.0918705 0.945192 0.183741 0.109617 1.89649e-05
6 0.30965 0.0554808 0.064772 0.102892 1.89676e-05
6 0.592697 0.152993 0.0399868 0.182246 1.90252e-05
6 0.375578 0.929388 0.0677462 0.126429 1.91165e-05
6 0.726537 0.541358 0.026768 0.0470746 1.91231e-05
6 0.138136 0.0995293 0.0231328 0.0390047 1.91453e-05
6 0.582287 0.987559 0.0350297 0.0248823 1.91718e-05
6 0.7039 0.96772 0.0376735 0.0645595 1.91971e-05
6 0.49967 0.00302623 0.0171844 0.00605245 1.92822e-05
7 0.346993 0.359449 0.0925314 0.129792 1.93917e-05
8 0.00677462 0.143578 0.0135492 0.116342 1.94625e-05
6 0.527264 0.647613 0.0241243 0.0632145 1.94654e-05
5 0.689524 0.86651 0.356576 0.256221 1.95115e-05
6 0.353767 0.0410222 0.0948447 0.0820444 1.95289e-05
7 0.602776 0.441157 0.0125578 0.0699395 1.95289e-05
6 0.98579 0.88803 0.0284204 0.223941 1.95575e-05
6 0.660773 0.963013 0.0241243 0.0618695 1.95687e-05
6 0.620952 0.987895 0.0290813 0.0242098 1.95788e-05
5 0.0755122 0.846671 0.151024 0.306658 1.9579e-05
6 0.195473 0.945864 0.0360212 0.108272 1.96028e-05
6 0.0715466 0.409213 0.125909 0.370545 1.9638e-05
6 0.459187 0.00470746 0.0228024 0.00941493 1.96389e-05
6 0.193159 0.31809 0.0624587 0.123739 1.96735e-05
6 0.603106 0.515804 0.0409782 0.0726295 1.96933e-05
6 0.533212 0.0480834 0.0280899 0.0544721 1.97267e-05
6 0.372274 0.402152 0.0551884 0.100874 1.97286e-05
5 0.0611368 0.985541 0.122274 0.0289173 1.97352e-05
6 0.00991408 0.462004 0.0165235 0.294553 1.97523e-05
6 0.49273 0.590787 0.0152016 0.0396772 1.98005e-05
6 0.00958361 0.153665 0.0191672 0.178211 1.98085e-05
6 0.641606 0.446537 0.0346993 0.0645595 1.98471e-05
6 0.382518 0.988904 0.0327165 0.0221923 1.99273e-05
6 0.733146 0.976126 0.0287508 0.0369872 1.99397e-05
6 0.193985 0.444183 0.054197 0.0921318 1.99663e-05
9 0.0550231 0.955615 0.0512227 0.0887693 2.01628e-05
6 0.120621 0.35306 0.0489095 0.180229 2.01859e-05
6 0.790978 0.927034 0.0505618 0.109617 2.02347e-05
6 0.285525 0.0635508 0.0634501 0.0961668 2.02537e-05
3 0.751157 0.5 0.497687 1 2.02744e-05
6 0.443159 0.541022 0.0330469 0.0450572 2.0279e-05
5 0.894911 0.0534633 0.210178 0.106927 2.02857e-05
6 0.265532 0.548083 0.080304 0.146604 2.03215e-05
6 0.267019 0.580027 0.0198282 0.0477471 2.03368e-05
6 0.808328 0.342972 0.0568407 0.0995293 2.03416e-05
7 0.627726 0.409213 0.0902181 0.152656 2.03711e-05
6 0.993225 0.382986 0.0135492 0.179556 2.04022e-05
6 0.769993 0.990249 0.0343688 0.0195024 2.04476e-05
6 0.271976 0.549092 0.135492 0.279085 2.0455e-05
6 0.230668 0.975118 0.0284204 0.0376597 2.04556e-05
6 0.818903 0.476463 0.0806345 0.105582 2.05317e-05
5 0.368473 0.066577 0.137475 0.0981843 2.05451e-05
6 0.812954 0.519839 0.0667548 0.103564 2.05489e-05
6 0.993721 0.927371 0.0125578 0.145259 2.05535e-05
6 0.590879 0.0585071 0.0118969 0.0349697 2.0566e-05
9 0.494052 0.986214 0.0403173 0.0262273 2.05888e-05
6 0.90813 0.333557 0.0601454 0.205783 2.05894e-05
6 0.0080965 0.281103 0.016193 0.228648 2.06137e-05
5 0.629214 0.229321 0.632518 0.458642 2.06298e-05
6 0.226371 0.0131137 0.0436219 0.0262273 2.06467e-05
6 0.433741 0.0655683 0.0109055 0.0168124 2.06473e-05
9 0.619299 0.971419 0.0337079 0.0571621 2.06911e-05
6 0.243225 0.990585 0.0330469 0.0188299 2.07058e-05
6 0.317416 0.97579 0.0518837 0.0484196 2.07516e-05
8 0.988268 0.825488 0.0115664 0.160726 2.08936e-05
6 0.222075 0.0490921 0.0356907 0.0443847 2.09439e-05
0 0.987442 0.677539 0.0178453 0.416274 2.0977e-05
6 0.82072 0.318426 0.0604759 0.113652 2.10577e-05
6 0.403338 0.0464022 0.0228024 0.0201748 2.10862e-05
6 0.80618 0.986886 0.0366821 0.0262273 2.10973e-05
6 0.345506 0.976463 0.0261071 0.0336247 2.11372e-05
6 0.944316 0.64963 0.0783212 0.390047 2.11712e-05
6 0.797753 0.00571621 0.0304032 0.0114324 2.11761e-05
6 0.768011 0.471755 0.0356907 0.0961668 2.11874e-05
6 0.808824 0.0211836 0.0399868 0.0423672 2.11893e-05
6 0.10228 0.346335 0.0584931 0.213853 2.1246e-05
6 0.655155 0.973773 0.0360212 0.0524546 2.12585e-05
5 0.666557 0.956624 0.409121 0.0867518 2.13062e-05
6 0.21811 0.532952 0.0270985 0.0571621 2.13311e-05
6 0.419035 0.977808 0.0264375 0.0390047 2.13399e-05
6 0.590714 0.607263 0.0194977 0.0470746 2.1355e-05
6 0.988103 0.297243 0.0178453 0.145259 2.13985e-05
6 0.592036 0.615333 0.0419696 0.0511096 2.14151e-05
6 0.22918 0.533625 0.0254461 0.0558171 2.14559e-05
6 0.20423 0.466039 0.0495704 0.0739744 2.14835e-05
6 0.752148 0.0174849 0.0482485 0.0349697 2.15089e-05
6 0.716457 0.976126 0.0522141 0.0477471 2.15316e-05
9 0.972075 0.948554 0.0558493 0.102892 2.1554e-05
6 0.22191 0.513114 0.13384 0.150639 2.16096e-05
6 0.465135 0.436785 0.0135492 0.061197 2.16522e-05
6 0.902181 0.268998 0.0812954 0.259583 2.16685e-05
6 0.893589 0.0242098 0.0667548 0.0390047 2.17179e-05
9 0.969266 0.972764 0.0370126 0.0477471 2.17184e-05
6 0.758097 0.429724 0.0198282 0.0511096 2.17276e-05
7 0.508592 0.386012 0.00991408 0.114324 2.17599e-05
6 0.207039 0.0541358 0.090879 0.0800269 2.17835e-05
4 0.385988 0.746469 0.701256 0.375252 2.18258e-05
6 0.640615 0.0070612 0.0366821 0.0141224 2.19205e-05
6 0.86963 0.476463 0.0578321 0.261601 2.19508e-05
6 0.585922 0.0487559 0.0270985 0.061197 2.20311e-05
5 0.385658 0.102219 0.191011 0.204438 2.21404e-05
7 0.524289 0.395427 0.00958361 0.0874243 2.21449e-05
6 0.0313946 0.373571 0.0621282 0.139206 2.21665e-05
6 0.58427 0.0437122 0.0125578 0.0255548 2.21775e-05
6 0.17267 0.0733019 0.0294118 0.0470746 2.22068e-05
6 0.307667 0.980498 0.0244547 0.0322798 2.22186e-05
6 0.304032 0.582717 0.0376735 0.062542 2.22522e-05
6 0.7885 0.510087 0.0898876 0.128447 2.226e-05
6 0.446134 0.0628783 0.0290813 0.0975118 2.22713e-05
6 0.766358 0.439812 0.0403173 0.0578346 2.22814e-05
6 0.0459352 0.238063 0.0687376 0.176194 2.23088e-05
6 0.678949 0.953934 0.0333774 0.0921318 2.23451e-05
6 0.559484 0.61466 0.0396563 0.0726295 2.23479e-05
5 0.382022 0.0279085 0.139458 0.0558171 2.23542e-05
6 0.45076 0.9731 0.0469266 0.0537996 2.24169e-05
6 0.7538 0.559852 0.0198282 0.0517821 2.24688e-05
6 0.980007 0.0578346 0.0399868 0.115669 2.24828e-05
6 0.491738 0.0440484 0.0680767 0.069267 2.2506e-05
6 0.35575 0.990249 0.0320555 0.0195024 2.25338e-05
9 0.0799736 0.0131137 0.0489095 0.0262273 2.25458e-05
6 0.419696 0.97041 0.0495704 0.0591796 2.25785e-05
2 0.878387 0.400471 0.109716 0.445864 2.25837e-05
6 0.987442 0.341291 0.0244547 0.35575 2.25931e-05
6 0.805188 0.444183 0.0452743 0.0759919 2.26469e-05
7 0.448282 0.438467 0.0122274 0.0605245 2.26641e-05
6 0.768341 0.412239 0.0185063 0.0537996 2.27775e-05
6 0.992895 0.257566 0.0142102 0.160054 2.27835e-05
2 0.843523 0.313383 0.151024 0.260928 2.28142e-05
6 0.844349 0.93544 0.0337079 0.129119 2.28554e-05
6 0.98232 0.121385 0.0353602 0.175521 2.29244e-05
7 0.555849 0.402824 0.0085922 0.0914593 2.29402e-05
9 0.440846 0.983524 0.0621282 0.0329523 2.30306e-05
6 0.271811 0.958978 0.0201586 0.0591796 2.30438e-05
6 0.849471 0.919301 0.0327165 0.0860794 2.31661e-05
6 0.57766 0.491594 0.0191672 0.0430397 2.31724e-05
6 0.686219 0.0289173 0.0717118 0.0578346 2.31909e-05
6 0.556015 0.988231 0.0360212 0.0235373 2.32001e-05
6 0.947125 0.261264 0.0693985 0.257566 2.32258e-05
6 0.153503 0.410222 0.0598149 0.325488 2.32264e-05
6 0.465796 0.266308 0.0525446 0.0591796 2.33049e-05
6 0.790978 0.515131 0.0307336 0.0645595 2.33206e-05
2 0.224884 0.321453 0.129874 0.336247 2.33709e-05
6 0.270654 0.980498 0.0224719 0.0349697 2.3411e-05
6 0.981824 0.972764 0.0363516 0.0544721 2.34113e-05
6 0.709352 0.592468 0.0677462 0.104909 2.34194e-05
6 0.554858 0.520847 0.0198282 0.0396772 2.35881e-05
9 0.106246 0.00302623 0.0300727 0.00605245 2.36199e-05
6 0.705717 0.455952 0.0208196 0.0443847 2.36236e-05
6 0.606576 0.0127774 0.0333774 0.0255548 2.36258e-05
6 0.138301 0.102892 0.0413087 0.0564896 2.36326e-05
6 0.988434 0.355077 0.0231328 0.429052 2.36368e-05
6 0.69382 0.955615 0.0333774 0.0887693 2.36526e-05
6 0.1269 0.375925 0.0667548 0.341627 2.37241e-05
3 0.276768 0.5 0.553536 1 2.3743e-05
6 0.916722 0.0386685 0.0826173 0.0342972 2.37545e-05
6 0.673992 0.604573 0.0228024 0.0497646 2.37598e-05
6 0.390284 0.263954 0.0396563 0.063887 2.38441e-05
9 0.181428 0.989913 0.0297422 0.0201748 2.39081e-05
6 0.287343 0.944519 0.0360212 0.110962 2.39554e-05
6 0.205221 0.535978 0.0304032 0.0564896 2.40247e-05
6 0.586418 0.0753194 0.0578321 0.119704 2.40597e-05
7 0.644415 0.448554 0.0145406 0.0551446 2.40631e-05
6 0.757105 0.952589 0.0310641 0.0948218 2.41156e-05
5 0.740747 0.0262273 0.109385 0.0524546 2.41932e-05
2 0.389954 0.345999 0.213483 0.160726 2.42422e-05
6 0.755453 0.531271 0.0191672 0.0578346 2.42983e-05
6 0.343853 0.924344 0.0677462 0.129792 2.43051e-05
6 0.726041 0.955279 0.0310641 0.0894418 2.43893e-05
6 0.886484 0.888366 0.101454 0.223268 2.44013e-05
5 0.743886 0.875588 0.512227 0.248823 2.45116e-05
6 0.396067 0.0477471 0.0181758 0.0255548 2.45325e-05
6 0.497852 0.0134499 0.0360212 0.0268998 2.45534e-05
6 0.61963 0.534297 0.0343688 0.0383322 2.45604e-05
6 0.777429 0.416611 0.0228024 0.062542 2.45841e-05
6 0.565929 0.0470746 0.0188367 0.0201748 2.46095e-05
6 0.631857 0.950572 0.0376735 0.0988568 2.47081e-05
6 0.490416 0.968393 0.0337079 0.0632145 2.47243e-05
6 0.383675 0.977135 0.0251157 0.0349697 2.48068e-05
6 0.569564 0.495293 0.0294118 0.0464022 2.48654e-05
9 0.94382 0.987559 0.0396563 0.0248823 2.48721e-05
6 0.345506 0.581372 0.0247852 0.0437122 2.49353e-05
6 0.243391 0.54035 0.0340383 0.0558171 2.49515e-05
9 0.847323 0.0178211 0.0416391 0.0356422 2.50896e-05
6 0.447621 0.639543 0.047918 0.0847344 2.50897e-05
5 0.375909 0.234028 0.644746 0.468056 2.51199e-05
6 0.504296 0.533625 0.0251157 0.0410222 2.52126e-05
6 0.676801 0.963349 0.02115 0.061197 2.52433e-05
6 0.320886 0.980161 0.0251157 0.0329523 2.52461e-05
9 0.947455 0.00437122 0.0442829 0.00874243 2.5259e-05
6 0.933741 0.414257 0.0690681 0.216543 2.52782e-05
6 0.272472 0.43813 0.0664243 0.0921318 2.53701e-05
6 0.468605 0.569267 0.0152016 0.0477471 2.53877e-05
6 0.40466 0.579018 0.0346993 0.0578346 2.54465e-05
6 0.747852 0.55918 0.0185063 0.0437122 2.54509e-05
6 0.989921 0.373907 0.0155321 0.130464 2.54525e-05
6 0.51768 0.536651 0.038004 0.0457297 2.56048e-05
6 0.847984 0.949563 0.0224719 0.0726295 2.5606e-05
9 0.121117 0.990585 0.0631196 0.0188299 2.56464e-05
6 0.626239 0.973436 0.0350297 0.0531271 2.56541e-05
6 0.99306 0.365837 0.0138797 0.332213 2.56813e-05
6 0.0973232 0.0901143 0.0287508 0.0537996 2.57042e-05
6 0.793457 0.0527909 0.0885658 0.0800269 2.57174e-05
6 0.342366 0.604909 0.0191672 0.0477471 2.57735e-05
6 0.772141 0.960659 0.0168539 0.062542 2.58524e-05
5 0.815102 0.159045 0.297753 0.300605 2.58832e-05
6 0.948612 0.364492 0.07039 0.236718 2.58998e-05
7 0.340549 0.426026 0.0201586 0.0517821 2.59763e-05
7 0.883344 0.264627 0.0383344 0.156691 2.59781e-05
6 0.858229 0.031271 0.0389954 0.062542 2.61256e-05
3 0.719927 0.5 0.560145 1 2.6221e-05
6 0.404825 0.0501009 0.0403173 0.0464022 2.62823e-05
6 0.344349 0.989576 0.0337079 0.0208473 2.63272e-05
6 0.708196 0.964022 0.0165235 0.0585071 2.63372e-05
2 0.325843 0.334566 0.449438 0.213181 2.63411e-05
6 0.776107 0.00571621 0.0287508 0.0114324 2.67128e-05
6 0.25694 0.990921 0.0294118 0.0181574 2.67199e-05
2 0.682089 0.337256 0.199603 0.199731 2.67257e-05
6 0.442994 0.955615 0.0512227 0.0887693 2.68436e-05
10 0.184567 0.971083 0.0247852 0.0578346 2.69108e-05
6 0.289326 0.0232011 0.0532056 0.0464022 2.69766e-05
6 0.131692 0.0786819 0.0214805 0.0336247 2.70055e-05
7 0.56345 0.680229 0.0469266 0.116342 2.70133e-05
6 0.295605 0.980498 0.0234633 0.0336247 2.70316e-05
6 0.153503 0.285138 0.0426305 0.221923 2.70992e-05
6 0.113847 0.0944855 0.09154 0.0800269 2.71698e-05
6 0.378883 0.611634 0.0432915 0.0733019 2.71826e-05
6 0.190516 0.488904 0.0353602 0.0564896 2.72248e-05
6 0.456709 0.0464022 0.0191672 0.0174849 2.7232e-05
6 0.692003 0.963685 0.02115 0.0578346 2.72732e-05
6 0.573199 0.955615 0.0432915 0.0887693 2.73101e-05
9 0.99306 0.998319 0.0138797 0.00336247 2.73848e-05
7 0.498017 0.399126 0.0138797 0.0975118 2.73862e-05
6 0.219927 0.988568 0.0346993 0.0228648 2.74393e-05
6 0.48232 0.393746 0.0386649 0.128447 2.75463e-05
5 0.265697 0.164089 0.042961 0.262273 2.7653e-05
6 0.98579 0.188299 0.0284204 0.240753 2.7701e-05
9 0.907964 0.00336247 0.0439524 0.00672495 2.77289e-05
9 0.0393258 0.98386 0.0528751 0.0309348 2.77303e-05
6 0.206378 0.958978 0.038004 0.0820444 2.78525e-05
6 0.830469 0.0184936 0.0403173 0.0369872 2.78629e-05
6 0.919696 0.0258911 0.064111 0.0356422 2.78944e-05
5 0.201751 0.141224 0.147059 0.197714 2.80062e-05
6 0.532221 0.400135 0.0684071 0.139879 2.80226e-05
6 0.449934 0.0564896 0.0208196 0.0242098 2.81219e-05
6 0.418705 0.0615333 0.0449438 0.062542 2.81324e-05
6 0.332948 0.981506 0.0399868 0.0369872 2.81348e-05
6 0.643754 0.962004 0.0396563 0.0585071 2.81511e-05
5 0.815268 0.0571621 0.315929 0.114324 2.81608e-05
3 0.813285 0.393746 0.37343 0.787492 2.82497e-05
6 0.822208 0.0305985 0.0608063 0.061197 2.8411e-05
4 0.518176 0.799596 0.64111 0.224613 2.85162e-05
7 0.137971 0.205447 0.0333774 0.128447 2.85601e-05
9 0.0551884 0.981843 0.0416391 0.0322798 2.85711e-05
6 0.09154 0.0729657 0.0277594 0.0504371 2.85773e-05
6 0.266028 0.411567 0.0204891 0.0403497 2.8626e-05
6 0.423827 0.971419 0.047918 0.0571621 2.86534e-05
6 0.790978 0.442165 0.037343 0.062542 2.86967e-05
6 0.451091 0.511432 0.0277594 0.061197 2.87443e-05
6 0.745208 0.989913 0.0330469 0.0201748 2.88023e-05
6 0.780238 0.531944 0.0270985 0.0618695 2.91032e-05
6 0.298414 0.922999 0.0879048 0.141896 2.91655e-05
7 0.160112 0.204438 0.0128883 0.107599 2.91991e-05
6 0.531395 0.0289173 0.0310641 0.0578346 2.91995e-05
6 0.64805 0.94889 0.0376735 0.102219 2.92436e-05
9 0.0872439 0.957297 0.0621282 0.0854069 2.92917e-05
6 0.870456 0.0712845 0.0508923 0.0874243 2.93158e-05
5 0.184402 0.85844 0.368804 0.237391 2.93981e-05
5 0.317911 0.951244 0.376735 0.0975118 2.94276e-05
6 0.130701 0.0796907 0.038004 0.0450572 2.96131e-05
6 0.741077 0.962677 0.0155321 0.0585071 2.98066e-05
6 0.00892267 0.037996 0.0178453 0.0759919 2.98215e-05
6 0.990416 0.0544721 0.0191672 0.108944 2.99358e-05
6 0.209022 0.0070612 0.0346993 0.0141224 2.99956e-05
6 0.719762 0.976463 0.0284204 0.0376597 3.00481e-05
6 0.280073 0.977471 0.048579 0.0450572 3.00727e-05
6 0.540648 0.500673 0.031725 0.0544721 3.01682e-05
6 0.837409 0.0450572 0.0561798 0.0901143 3.02527e-05
6 0.352776 0.607599 0.0545274 0.0827169 3.02811e-05
6 0.218936 0.00470746 0.0241243 0.00941493 3.03089e-05
6 0.779412 0.992939 0.0426305 0.0141224 3.04393e-05
6 0.434071 0.977808 0.0261071 0.0416947 3.05104e-05
9 0.599967 0.998319 0.243556 0.00336247 3.05547e-05
6 0.555519 0.482851 0.0145406 0.0403497 3.05963e-05
6 0.481494 0.00235373 0.0264375 0.00470746 3.06542e-05
6 0.71497 0.0238736 0.047918 0.0477471 3.06749e-05
6 0.624587 0.00336247 0.0224719 0.00672495 3.07232e-05
6 0.162756 0.227303 0.0102445 0.0833894 3.07347e-05
6 0.429941 0.541022 0.0231328 0.0410222 3.07784e-05
6 0.297753 0.411903 0.0409782 0.106927 3.08234e-05
6 0.512062 0.565904 0.0327165 0.0558171 3.08449e-05
6 0.567581 0.0514459 0.0340383 0.0477471 3.0971e-05
6 0.669531 0.44082 0.0442829 0.071957 3.09877e-05
6 0.242564 0.559516 0.0561798 0.0928043 3.11118e-05
7 0.585922 0.437458 0.0085922 0.071957 3.11442e-05
6 0.262393 0.0675857 0.0528751 0.0988568 3.1153e-05
6 0.417878 0.00605245 0.0346993 0.0121049 3.12056e-05
6 0.221249 0.314055 0.0664243 0.147949 3.12144e-05
5 0.136814 0.0430397 0.194316 0.0860794 3.12403e-05
7 0.572538 0.43544 0.00826173 0.0800269 3.13142e-05
6 0.763714 0.561197 0.0244547 0.0544721 3.13301e-05
5 0.76388 0.0537996 0.14772 0.107599 3.14619e-05
6 0.45803 0.0501009 0.0356907 0.0410222 3.17293e-05
6 0.85922 0.415602 0.0614673 0.199059 3.17958e-05
6 0.120456 0.136853 0.080965 0.132482 3.18819e-05
6 0.194812 0.518157 0.0439524 0.109617 3.19251e-05
6 0.571051 0.480498 0.0158625 0.0437122 3.19362e-05
6 0.417383 0.267317 0.0495704 0.0558171 3.19963e-05
6 0.862029 0.124748 0.0532056 0.163416 3.2023e-05
5 0.244547 0.0427034 0.142102 0.0854069 3.20412e-05
6 0.857237 0.953262 0.0634501 0.0746469 3.21713e-05
9 0.980172 0.990921 0.0389954 0.0181574 3.21984e-05
6 0.195968 0.974445 0.0489095 0.0511096 3.22256e-05
6 0.605089 0.952589 0.0469266 0.0948218 3.22803e-05
5 0.316094 0.0806994 0.124587 0.160054 3.23626e-05
6 0.0974884 0.031271 0.097158 0.062542 3.24712e-05
9 0.188202 0.988568 0.0690681 0.0228648 3.26534e-05
6 0.834435 0.919973 0.0251157 0.0874243 3.2777e-05
7 0.312459 0.382986 0.0624587 0.148621 3.27869e-05
6 0.264541 0.0363147 0.0677462 0.0726295 3.28567e-05
6 0.527759 0.583726 0.0171844 0.0470746 3.28756e-05
6 0.434237 0.567922 0.0456048 0.0517821 3.29107e-05
6 0.429445 0.444855 0.276603 0.0813719 3.29536e-05
6 0.747852 0.534634 0.0185063 0.0484196 3.30292e-05
6 0.207369 0.969065 0.0247852 0.0403497 3.30356e-05
6 0.19349 0.517821 0.0280899 0.0618695 3.31203e-05
6 0.187376 0.0242098 0.0720423 0.0484196 3.31904e-05
6 0.190185 0.961668 0.0320555 0.0551446 3.32726e-05
5 0.640945 0.930061 0.455717 0.110289 3.33624e-05
6 0.156147 0.0104237 0.0505618 0.0208473 3.33805e-05
6 0.282056 0.578682 0.0168539 0.0410222 3.34089e-05
6 0.396067 0.977471 0.0261071 0.0342972 3.34146e-05
6 0.732155 0.989913 0.0340383 0.0201748 3.34187e-05
6 0.69349 0.981843 0.037343 0.0363147 3.35063e-05
6 0.283543 0.981506 0.0237938 0.0342972 3.35362e-05
6 0.707039 0.977135 0.0287508 0.0363147 3.36335e-05
9 0.973562 0.984196 0.0528751 0.0316073 3.37263e-05
6 0.58113 0.990921 0.0465962 0.0181574 3.3821e-05
6 0.76074 0.551446 0.0442829 0.0685945 3.3872e-05
6 0.54197 0.519166 0.0224719 0.0376597 3.39361e-05
6 0.492895 0.570612 0.0194977 0.0450572 3.40115e-05
6 0.993556 0.317754 0.0128883 0.154001 3.40284e-05
6 0.987442 0.0793544 0.0251157 0.103564 3.40958e-05
6 0.521481 0.0195024 0.0132188 0.0188299 3.40999e-05
5 0.491738 0.0585071 0.163913 0.0901143 3.41909e-05
9 0.203239 0.998655 0.212161 0.00268998 3.42083e-05
6 0.591705 0.592132 0.237607 0.194351 3.42551e-05
9 0.0421348 0.0517821 0.0842697 0.103564 3.43852e-05
6 0.178949 0.0447209 0.0492399 0.0356422 3.44603e-05
6 0.468275 0.988231 0.0350297 0.0235373 3.44915e-05
9 0.989755 0.948554 0.0198282 0.102892 3.45262e-05
6 0.878387 0.284129 0.0561798 0.276395 3.47138e-05
6 0.64805 0.0289173 0.0799736 0.0578346 3.47601e-05
6 0.371282 0.979489 0.037343 0.0410222 3.47837e-05
9 0.0925314 0.986214 0.0720423 0.0275723 3.48238e-05
6 0.554858 0.965703 0.0383344 0.0685945 3.48403e-05
6 0.682254 0.978816 0.0294118 0.0316073 3.49539e-05
6 0.775611 0.900471 0.0786517 0.166779 3.49946e-05
6 0.72505 0.96234 0.0178453 0.0578346 3.50211e-05
6 0.893258 0.340619 0.0528751 0.33423 3.50677e-05
6 0.517184 0.966039 0.0363516 0.067922 3.51146e-05
9 0.976537 0.0158036 0.0469266 0.0316073 3.52735e-05
6 0.419365 0.0282448 0.0304032 0.0336247 3.53727e-05
6 0.417878 0.988568 0.0327165 0.0228648 3.55221e-05
6 0.363186 0.954943 0.0350297 0.0901143 3.55306e-05
6 0.040152 0.0490921 0.080304 0.0928043 3.5542e-05
9 0.927462 0.976799 0.125909 0.0464022 3.55627e-05
6 0.415235 0.541358 0.0320555 0.0443847 3.56066e-05
6 0.765367 0.00672495 0.0310641 0.0134499 3.5658e-05
9 0.573034 0.99193 0.0495704 0.0161399 3.5797e-05
6 0.994878 0.953934 0.0102445 0.0921318 3.58436e-05
8 0.994052 0.817418 0.0118969 0.35037 3.59301e-05
6 0.439194 0.965703 0.0449438 0.0497646 3.59847e-05
6 0.750991 0.917619 0.0756775 0.137861 3.61498e-05
6 0.461666 0.0218561 0.0627892 0.0437122 3.63472e-05
6 0.819894 0.3961 0.0502313 0.0968393 3.63507e-05
6 0.793952 0.476126 0.0611368 0.0820444 3.65307e-05
6 0.465962 0.965366 0.0376735 0.069267 3.65752e-05
6 0.684237 0.439475 0.177462 0.163416 3.66113e-05
6 0.589227 0.475454 0.0125578 0.0443847 3.66608e-05
6 0.418209 0.0622058 0.123926 0.0840619 3.68083e-05
6 0.137971 0.28581 0.0518837 0.267653 3.69157e-05
6 0.463318 0.0450572 0.0674157 0.0578346 3.69627e-05
6 0.802214 0.990249 0.0465962 0.0195024 3.69756e-05
6 0.433576 0.00504371 0.0277594 0.0100874 3.70545e-05
5 0.42961 0.0403497 0.187707 0.0806994 3.71271e-05
6 0.219597 0.972764 0.0280899 0.0383322 3.72503e-05
6 0.721249 0.893746 0.0935228 0.177539 3.72736e-05
5 0.829808 0.95965 0.340383 0.0806994 3.74829e-05
9 0.883344 0.0188299 0.0528751 0.0376597 3.752e-05
6 0.419696 0.0501009 0.0740251 0.067922 3.75559e-05
9 0.987112 0.974445 0.0158625 0.0511096 3.76044e-05
5 0.139954 0.992939 0.279907 0.0141224 3.76471e-05
6 0.737938 0.0225286 0.054197 0.0450572 3.78678e-05
6 0.291474 0.580363 0.0185063 0.0403497 3.79386e-05
6 0.210344 0.0121049 0.0439524 0.0242098 3.79506e-05
6 0.495043 0.484196 0.0158625 0.0484196 3.80077e-05
6 0.768011 0.0144586 0.0475876 0.0289173 3.81053e-05
6 0.0938533 0.0756557 0.0793126 0.069267 3.83354e-05
6 0.444977 0.97579 0.0261071 0.0403497 3.83416e-05
9 0.513549 0.987559 0.0588235 0.0248823 3.85775e-05
6 0.983477 0.271688 0.0330469 0.270343 3.86318e-05
6 0.253966 0.214526 0.0360212 0.143914 3.87666e-05
6 0.353933 0.0235373 0.0660939 0.0470746 3.87789e-05
6 0.581956 0.976799 0.0290813 0.0410222 3.8787e-05
6 0.382188 0.0225286 0.0750165 0.0450572 3.88159e-05
6 0.435724 0.031271 0.0208196 0.0329523 3.88764e-05
6 0.934567 0.0494284 0.0403173 0.0733019 3.88914e-05
6 0.163087 0.233356 0.0168539 0.154674 3.90516e-05
6 0.238103 0.478816 0.0710509 0.0524546 3.92448e-05
6 0.599967 0.968056 0.0399868 0.0571621 3.93773e-05
6 0.520489 0.0265636 0.0297422 0.0531271 3.94508e-05
6 0.109551 0.093813 0.129213 0.129792 3.94827e-05
6 0.765202 0.496974 0.151024 0.223268 3.94956e-05
6 0.357733 0.980834 0.0360212 0.0383322 3.95365e-05
6 0.442664 0.988904 0.0307336 0.0221923 3.96086e-05
6 0.689359 0.61197 0.053536 0.0806994 3.98491e-05
6 0.786682 0.952253 0.0241243 0.0954943 3.98629e-05
6 0.96811 0.100874 0.0505618 0.0995293 3.98958e-05
6 0.301057 0.947882 0.0376735 0.104237 4.00125e-05
6 0.439855 0.545057 0.0588235 0.0571621 4.02027e-05
6 0.604594 0.498319 0.0254461 0.0363147 4.02347e-05
6 0.628718 0.979825 0.0280899 0.0309348 4.02414e-05
6 0.50694 0.978816 0.0409782 0.0423672 4.02675e-05
6 0.479511 0.571284 0.0191672 0.0450572 4.02767e-05
5 0.771646 0.108272 0.162591 0.216543 4.04078e-05
5 0.790482 0.20881 0.419035 0.417619 4.04135e-05
6 0.408295 0.626093 0.0413087 0.0685945 4.04166e-05
9 0.0384997 0.00369872 0.0664243 0.00739744 4.04647e-05
6 0.917878 0.0534633 0.047918 0.0410222 4.06867e-05
6 0.206213 0.514459 0.031725 0.0578346 4.07368e-05
7 0.520654 0.384667 0.0115664 0.115669 4.08188e-05
6 0.433245 0.0356422 0.0423001 0.0672495 4.113e-05
6 0.892432 0.0702757 0.0413087 0.0437122 4.11426e-05
2 0.80618 0.922999 0.38764 0.154001 4.12005e-05
6 0.287343 0.956624 0.0228024 0.061197 4.12522e-05
6 0.213979 0.443847 0.0922009 0.147949 4.13552e-05
6 0.320059 0.990585 0.0327165 0.0188299 4.13641e-05
6 0.678123 0.598521 0.290813 0.275723 4.15629e-05
6 0.562789 0.0275723 0.0667548 0.0551446 4.16003e-05
9 0.103767 0.00874243 0.0456048 0.0174849 4.1652e-05
6 0.603106 0.599865 0.0244547 0.0497646 4.16572e-05
6 0.68308 0.611298 0.156642 0.176194 4.16595e-05
6 0.987773 0.177875 0.0178453 0.149966 4.1781e-05
6 0.506609 0.98924 0.0343688 0.0215198 4.18206e-05
6 0.822042 0.0642233 0.0565102 0.128447 4.18431e-05
6 0.353602 0.603564 0.0178453 0.0423672 4.18547e-05
6 0.706378 0.98924 0.0360212 0.0215198 4.20634e-05
6 0.433906 0.0521184 0.0118969 0.0168124 4.20803e-05
6 0.307336 0.991258 0.0310641 0.0174849 4.21344e-05
6 0.197455 0.356086 0.080965 0.147276 4.2342e-05
6 0.757105 0.961332 0.0178453 0.061197 4.2391e-05
6 0.458196 0.976799 0.0320555 0.0423672 4.27253e-05
6 0.190516 0.493611 0.0981494 0.216543 4.27956e-05
6 0.420853 0.598521 0.0611368 0.0941493 4.28267e-05
6 0.545605 0.977135 0.031725 0.0416947 4.28513e-05
6 0.331791 0.956288 0.0337079 0.0874243 4.28993e-05
6 0.713318 0.583053 0.0294118 0.0376597 4.29019e-05
9 0.839722 0.99731 0.0799736 0.00537996 4.30942e-05
6 0.343358 0.424008 0.0389954 0.0867518 4.31116e-05
6 0.330469 0.579354 0.02115 0.0383322 4.35175e-05
6 0.718936 0.989913 0.0346993 0.0201748 4.418e-05
6 0.512227 0.48386 0.0158625 0.0477471 4.42257e-05
6 0.042961 0.330531 0.0601454 0.128447 4.42386e-05
6 0.429114 0.0346335 0.103437 0.069267 4.43102e-05
6 0.367978 0.989576 0.0472571 0.0208473 4.44482e-05
6 0.862194 0.915602 0.0667548 0.168796 4.45301e-05
7 0.48612 0.360457 0.0594845 0.0901143 4.46959e-05
6 0.576173 0.618359 0.0598149 0.0988568 4.47285e-05
5 0.199934 0.0396772 0.144746 0.0793544 4.47964e-05
6 0.753966 0.993611 0.0419696 0.0127774 4.48135e-05
6 0.419531 0.453262 0.0168539 0.0484196 4.50034e-05
9 0.436054 0.990249 0.0518837 0.0195024 4.50663e-05
5 0.728189 0.189307 0.157634 0.265636 4.51106e-05
6 0.62343 0.0134499 0.0413087 0.0268998 4.52624e-05
6 0.863186 0.111634 0.0475876 0.0726295 4.53168e-05
6 0.323364 0.413584 0.0518837 0.104909 4.53609e-05
6 0.406973 0.457297 0.0175149 0.0416947 4.5694e-05
0 0.00941837 0.814728 0.0115664 0.370545 4.59359e-05
5 0.141441 0.0201748 0.128222 0.0403497 4.60487e-05
2 0.72158 0.352724 0.556841 0.445864 4.60687e-05
6 0.939028 0.0410222 0.121943 0.0820444 4.62941e-05
6 0.770489 0.5 0.09154 0.0800269 4.64939e-05
5 0.867812 0.981506 0.264375 0.0369872 4.65337e-05
6 0.254461 0.409213 0.0198282 0.0383322 4.66108e-05
6 0.569894 0.976799 0.0294118 0.0410222 4.68445e-05
6 0.119795 0.935104 0.108063 0.129792 4.69516e-05
6 0.668539 0.982851 0.0370126 0.0342972 4.70072e-05
6 0.532386 0.00336247 0.0152016 0.00672495 4.71221e-05
9 0.0346993 0.0178211 0.0654329 0.0356422 4.71299e-05
6 0.768176 0.432078 0.0181758 0.0490921 4.75034e-05
5 0.684567 1 0.254792 0 4.76045e-05
6 0.111864 0.0154674 0.0710509 0.0309348 4.77553e-05
5 0.524289 0.215198 0.0419696 0.141224 4.78872e-05
7 0.531064 0.355414 0.0528751 0.0921318 4.80097e-05
9 0.540813 0.972764 0.0452743 0.0544721 4.81882e-05
6 0.315598 0.952589 0.0343688 0.0948218 4.83795e-05
5 0.819068 0.968056 0.361864 0.063887 4.87535e-05
5 0.718771 0.0783457 0.0925314 0.125757 4.8953e-05
6 0.306675 0.579018 0.0224719 0.0403497 4.90397e-05
6 0.866821 0.0245461 0.0555188 0.0383322 4.90556e-05
7 0.512227 0.397781 0.0125578 0.112307 4.90788e-05
6 0.348149 0.959314 0.0327165 0.0813719 4.90935e-05
2 0.305684 0.372226 0.171844 0.222596 4.91938e-05
6 0.444977 0.482851 0.0551884 0.0685945 4.93496e-05
6 0.452743 0.50807 0.0204891 0.0356422 4.93871e-05
9 0.690185 1 0.0756775 0 4.96838e-05
6 0.456709 0.532616 0.02115 0.0403497 4.97971e-05
6 0.497687 0.517821 0.0310641 0.0403497 4.97984e-05
6 0.494217 0.536651 0.038004 0.0443847 4.99909e-05
5 0.657634 0.0917956 0.165235 0.147276 5.02382e-05
5 0.619795 0.0450572 0.149042 0.0901143 5.02907e-05
6 0.420522 0.561533 0.0241243 0.0443847 5.03163e-05
6 0.376735 0.963349 0.0416391 0.065232 5.03251e-05
6 0.465796 0.667451 0.0366821 0.0840619 5.03681e-05
6 0.270159 0.991258 0.0280899 0.0174849 5.05877e-05
7 0.330304 0.408877 0.0181758 0.0632145 5.05949e-05
6 0.242399 0.412912 0.0294118 0.0578346 5.06971e-05
2 0.131196 0.214526 0.0489095 0.219233 5.08815e-05
6 0.207865 0.950572 0.0693985 0.0988568 5.08981e-05
6 0.257931 0.557162 0.0320555 0.0517821 5.12428e-05
6 0.43308 0.0158036 0.0492399 0.0316073 5.15124e-05
6 0.38764 0.459314 0.0198282 0.0403497 5.17507e-05
6 0.480833 0.530599 0.0224719 0.0390047 5.18566e-05
6 0.21464 0.0201748 0.0624587 0.0403497 5.22026e-05
6 0.212657 0.518494 0.0922009 0.0887693 5.23424e-05
6 0.380866 0.574647 0.0360212 0.061197 5.23454e-05
6 0.847819 0.520175 0.0948447 0.174176 5.23541e-05
6 0.481824 0.97848 0.0416391 0.0430397 5.26215e-05
6 0.437707 0.267989 0.047918 0.0585071 5.26692e-05
5 0.48926 0.198722 0.047918 0.199731 5.28328e-05
6 0.542961 0.991258 0.0469266 0.0174849 5.29345e-05
6 0.552875 0.500336 0.0171844 0.0376597 5.29356e-05
5 0.477198 0.961668 0.881031 0.0766644 5.29873e-05
6 0.36616 0.4731 0.0244547 0.0275723 5.30125e-05
9 0.66193 1 0.0799736 0 5.30177e-05
4 0.253305 0.729993 0.506609 0.540013 5.3118e-05
6 0.230337 0.437794 0.0277594 0.0511096 5.31516e-05
6 0.219762 0.442838 0.0502313 0.0759919 5.35556e-05
6 0.84501 0.341964 0.0621282 0.114997 5.36622e-05
6 0.218936 0.976463 0.0492399 0.0470746 5.37545e-05
6 0.294283 0.990921 0.0294118 0.0181574 5.39101e-05
6 0.511401 0.0184936 0.0148711 0.0248823 5.40726e-05
6 0.558328 0.976463 0.0320555 0.0416947 5.42029e-05
6 0.526603 0.562878 0.0214805 0.0497646 5.44254e-05
6 0.416226 0.0228648 0.0664243 0.0457297 5.44581e-05
9 0.722571 1 0.0723728 0 5.46602e-05
6 0.468275 0.623067 0.0376735 0.0759919 5.47791e-05
6 0.269498 0.437458 0.0234633 0.0410222 5.48293e-05
6 0.538334 0.477808 0.0284204 0.0464022 5.49001e-05
9 0.943655 0.0107599 0.0584931 0.0215198 5.49008e-05
9 0.917548 0.00773369 0.0611368 0.0154674 5.49392e-05
6 0.322373 0.595494 0.0994712 0.120377 5.50319e-05
6 0.17234 0.0591796 0.0399868 0.0430397 5.50827e-05
6 0.962161 0.0228648 0.0472571 0.0336247 5.55062e-05
6 0.495208 0.0221923 0.0584931 0.0443847 5.58188e-05
6 0.184071 0.0571621 0.042961 0.0928043 5.60737e-05
6 0.763714 0.530935 0.021811 0.0558171 5.62028e-05
5 0.796431 0.914257 0.407138 0.119032 5.62654e-05
6 0.523794 0.487223 0.0152016 0.0423672 5.66109e-05
6 0.781229 0.507734 0.0284204 0.0578346 5.67407e-05
6 0.30271 0.0386685 0.0654329 0.0773369 5.69402e-05
5 0.361038 0.966375 0.531725 0.0672495 5.70375e-05
5 0.170192 0.062542 0.142102 0.0928043 5.73445e-05
9 0.406477 0.988904 0.0482485 0.0221923 5.75084e-05
6 0.0418044 0.414257 0.0538665 0.133154 5.78556e-05
6 0.432915 0.476126 0.0290813 0.0551446 5.79332e-05
6 0.452743 0.972091 0.054197 0.0558171 5.81298e-05
6 0.513219 0.515804 0.0224719 0.0363147 5.81442e-05
6 0.499835 0.0063887 0.0234633 0.0127774 5.82498e-05
6 0.49273 0.990249 0.0442829 0.0195024 5.83206e-05
6 0.532551 0.0137861 0.0340383 0.0275723 5.86126e-05
6 0.25347 0.433423 0.021811 0.0437122 5.86195e-05
6 0.255783 0.994284 0.0442829 0.0114324 5.88121e-05
6 0.643919 0.982515 0.0360212 0.0349697 5.88519e-05
6 0.152181 0.956624 0.0631196 0.0867518 5.89223e-05
7 0.520324 0.389711 0.0194977 0.156691 5.89715e-05
5 0.642102 0.976463 0.447455 0.0470746 5.91091e-05
6 0.844349 0.0336247 0.054197 0.0443847 5.94421e-05
6 0.173662 0.923336 0.0353602 0.0941493 5.97722e-05
6 0.789491 0.491258 0.0310641 0.0558171 5.99313e-05
6 0.410112 0.962004 0.0436219 0.0759919 5.99762e-05
6 0.438533 0.0585071 0.0171844 0.0255548 6.01753e-05
6 0.655981 0.990921 0.0489095 0.0181574 6.04082e-05
5 0.31659 0.912912 0.423001 0.151311 6.04529e-05
6 0.592697 0.980834 0.0393258 0.0383322 6.04675e-05
6 0.282056 0.991258 0.0287508 0.0174849 6.05707e-05
6 0.610707 0.0884331 0.0898876 0.132482 6.06084e-05
0 0.987938 0.811365 0.0201586 0.37727 6.1213e-05
6 0.808163 0.0121049 0.0439524 0.0242098 6.13385e-05
6 0.885327 0.031271 0.128883 0.062542 6.13452e-05
5 0.186054 0.218897 0.372108 0.437794 6.15042e-05
7 0.494878 0.36113 0.0201586 0.123739 6.1559e-05
6 0.301388 0.957969 0.0231328 0.0571621 6.17364e-05
6 0.590383 0.129792 0.0201586 0.134499 6.1961e-05
6 0.801718 0.949899 0.0237938 0.100202 6.22411e-05
6 0.282551 0.423672 0.0198282 0.0403497 6.24314e-05
7 0.627231 0.4462 0.0152016 0.0598521 6.31266e-05
6 0.821712 0.0477471 0.121282 0.0954943 6.31975e-05
6 0.0442829 0.0884331 0.0885658 0.109617 6.32044e-05
6 0.394415 0.96772 0.0413087 0.0591796 6.32887e-05
6 0.769498 0.0218561 0.0677462 0.0437122 6.33051e-05
6 0.242895 0.507397 0.0290813 0.0517821 6.33785e-05
6 0.488764 0.580699 0.311963 0.241426 6.34259e-05
6 0.812128 0.0369872 0.0472571 0.0376597 6.34632e-05
6 0.588566 0.124075 0.0145406 0.0558171 6.37523e-05
6 0.530734 0.490585 0.0522141 0.0437122 6.37632e-05
6 0.617647 0.598184 0.0198282 0.0450572 6.38269e-05
6 0.206378 0.493275 0.0320555 0.0517821 6.38666e-05
9 0.92961 0.958305 0.0502313 0.0833894 6.43152e-05
6 0.830965 0.94082 0.0340383 0.118359 6.43436e-05
6 0.912921 0.0709482 0.0657634 0.108272 6.45641e-05
6 0.329974 0.99193 0.0465962 0.0161399 6.48619e-05
6 0.526272 0.515131 0.0201586 0.0390047 6.49367e-05
6 0.692003 0.44889 0.0522141 0.069267 6.49752e-05
9 0.603437 0.990249 0.0416391 0.0195024 6.50192e-05
9 0.0920357 0.991258 0.0538665 0.0174849 6.51379e-05
6 0.359055 0.961668 0.0386649 0.0524546 6.5166e-05
9 0.607568 0.994284 0.0723728 0.0114324 6.58011e-05
6 0.219101 0.989576 0.0548579 0.0208473 6.58537e-05
5 0.121282 0.286147 0.0945142 0.410894 6.60847e-05
6 0.730172 0.993611 0.0432915 0.0127774 6.61594e-05
6 0.268672 0.463013 0.0290813 0.0477471 6.61901e-05
6 0.0728685 0.0208473 0.09154 0.0416947 6.66535e-05
5 0.265532 0.0870881 0.0994712 0.174176 6.67207e-05
6 0.857733 0.0487559 0.0558493 0.0571621 6.68324e-05
6 0.63351 0.607935 0.0224719 0.0484196 6.68585e-05
6 0.779742 0.44082 0.0254461 0.0558171 6.74033e-05
6 0.480833 0.474109 0.306675 0.142569 6.75515e-05
9 0.351124 1 0.0684071 0 6.79504e-05
6 0.042961 0.228985 0.085922 0.35037 6.79729e-05
6 0.189689 0.352051 0.0912095 0.28312 6.8218e-05
6 0.393919 0.98924 0.0482485 0.0215198 6.83697e-05
6 0.523959 0.0063887 0.0181758 0.0127774 6.84495e-05
9 0.882518 0.00470746 0.0406477 0.00941493 6.85153e-05
6 0.786682 0.960995 0.0155321 0.0591796 6.86088e-05
5 0.724058 0.185272 0.0707204 0.252186 6.86892e-05
5 0.222406 0.0860794 0.145406 0.156019 6.93608e-05
5 0.466788 0.996974 0.431262 0.00605245 6.94299e-05
6 0.678619 0.990921 0.0512227 0.0181574 6.9877e-05
6 0.731989 0.445864 0.114342 0.134499 6.99383e-05
5 0.508427 0.0981843 0.383014 0.196369 6.99885e-05
5 0.248348 0.898117 0.496695 0.203766 7.0648e-05
9 0.632849 0.997983 0.0786517 0.00403497 7.06837e-05
6 0.594184 0.592804 0.0588235 0.0759919 7.08781e-05
6 0.430601 0.991594 0.0416391 0.0168124 7.13962e-05
6 0.530899 0.979153 0.0432915 0.0416947 7.18154e-05
6 0.681428 0.456288 0.0185063 0.0437122 7.22482e-05
6 0.456874 0.990585 0.0452743 0.0188299 7.22498e-05
6 0.833113 0.952253 0.0224719 0.0685945 7.23212e-05
9 0.0224719 0.971755 0.0449438 0.0497646 7.23734e-05
6 0.434898 0.0655683 0.0337079 0.061197 7.24606e-05
6 0.525446 0.0289173 0.0654329 0.0578346 7.2529e-05
6 0.830469 0.368191 0.0746861 0.113652 7.25504e-05
6 0.584931 0.0383322 0.0727032 0.0766644 7.25823e-05
4 0.341044 0.654674 0.351619 0.305985 7.29121e-05
6 0.733146 0.450235 0.0465962 0.063887 7.2947e-05
9 0.994052 0.985541 0.0118969 0.0289173 7.31162e-05
6 0.989755 0.937122 0.0204891 0.125757 7.4046e-05
5 0.518176 0.0279085 0.177792 0.0558171 7.40676e-05
6 0.519663 0.00437122 0.0142102 0.00874243 7.42349e-05
6 0.821877 0.903833 0.075347 0.139879 7.42359e-05
6 0.344679 0.964022 0.0350297 0.0477471 7.42972e-05
6 0.507766 0.473773 0.037343 0.0517821 7.47246e-05
6 0.733642 0.555817 0.0885658 0.117687 7.51924e-05
6 0.98926 0.122394 0.0175149 0.103564 7.52437e-05
9 0.2115 0.996974 0.064111 0.00605245 7.5389e-05
6 0.809319 0.930061 0.0548579 0.0954943 7.58773e-05
6 0.560145 0.55649 0.0469266 0.062542 7.63438e-05
6 0.359055 0.570612 0.158956 0.139206 7.63991e-05
6 0.821877 0.0605245 0.0469266 0.0645595 7.65303e-05
6 0.467779 0.533961 0.0353602 0.0443847 7.65524e-05
4 0.709848 0.756893 0.580304 0.486214 7.67372e-05
6 0.327826 0.964022 0.0363516 0.0450572 7.68252e-05
6 0.318903 0.577001 0.0204891 0.0403497 7.70082e-05
9 0.242234 1 0.0674157 0 7.75464e-05
6 0.436715 0.510424 0.0254461 0.0403497 7.79637e-05
6 0.797257 0.959987 0.0287508 0.0477471 7.8376e-05
6 0.673662 0.575319 0.0300727 0.0477471 7.85434e-05
6 0.790317 0.464022 0.037343 0.0551446 7.91526e-05
6 0.364673 0.573638 0.0254461 0.0403497 7.93616e-05
6 0.311633 0.963685 0.0370126 0.0497646 7.95953e-05
9 0.480007 0.975118 0.0426305 0.0497646 7.96332e-05
9 0.922175 0.987895 0.0670853 0.0242098 7.98361e-05
5 0.209683 0.305313 0.419365 0.597176 8.01863e-05
6 0.712161 0.613315 0.0304032 0.0699395 8.0317e-05
6 0.420026 0.515131 0.0290813 0.0403497 8.04099e-05
6 0.749835 0.866846 0.115664 0.181574 8.05698e-05
9 0.509914 0.97579 0.0436219 0.0484196 8.10139e-05
6 0.184237 0.0554808 0.0300727 0.0437122 8.10151e-05
6 0.970258 0.196032 0.0594845 0.221251 8.15122e-05
7 0.157799 0.239744 0.016193 0.0988568 8.18898e-05
6 0.406477 0.97041 0.0376735 0.0470746 8.20816e-05
2 0.536186 0.866846 0.577991 0.145259 8.21448e-05
6 0.509914 0.035306 0.032386 0.070612 8.26501e-05
4 0.466457 0.656019 0.406147 0.245461 8.26822e-05
7 0.158956 0.228648 0.0257766 0.225958 8.26842e-05
6 0.305023 0.993275 0.0423001 0.0134499 8.40185e-05
6 0.946133 0.0282448 0.0581626 0.0390047 8.42691e-05
6 0.913417 0.0168124 0.0892267 0.0336247 8.46318e-05
5 0.788004 0.851379 0.423992 0.151984 8.5297e-05
6 0.244547 0.460323 0.146067 0.271015 8.5402e-05
6 0.959518 0.0544721 0.0545274 0.108944 8.54036e-05
9 0.479511 0.992266 0.0356907 0.0154674 8.54235e-05
9 0.7538 1 0.0727032 0 8.57971e-05
2 0.685228 0.479153 0.396894 0.303295 8.6042e-05
6 0.627396 0.989913 0.048579 0.0201748 8.60509e-05
6 0.273133 0.441493 0.0446134 0.0423672 8.67547e-05
6 0.734964 0.550437 0.0528751 0.0571621 8.75799e-05
5 0.36996 0.9731 0.453073 0.0537996 8.92843e-05
6 0.237607 0.51614 0.064772 0.0531271 8.93795e-05
9 0.0320555 0.940148 0.0555188 0.119704 8.96424e-05
6 0.814276 0.949227 0.0270985 0.101547 8.98287e-05
6 0.619134 0.0383322 0.080304 0.0766644 9.06355e-05
9 0.509418 0.993275 0.0366821 0.0134499 9.09965e-05
9 0.845671 0.00773369 0.0456048 0.0154674 9.15708e-05
6 0.705056 0.992266 0.0465962 0.0154674 9.19403e-05
5 0.859716 0.918964 0.280568 0.162071 9.19475e-05
7 0.527429 0.389038 0.0370126 0.114997 9.22972e-05
6 0.259253 0.50807 0.0234633 0.0464022 9.25533e-05
6 0.69002 0.45427 0.0185063 0.0477471 9.25767e-05
6 0.650859 0.609617 0.0274289 0.0517821 9.26431e-05
5 0.882023 0.941493 0.235955 0.0968393 9.36395e-05
6 0.82419 0.485541 0.165896 0.324143 9.37621e-05
6 0.72918 0.0423672 0.0664243 0.0847344 9.41144e-05
9 0.829313 0.00975118 0.0446134 0.0195024 9.48832e-05
6 0.463153 0.514795 0.178784 0.0571621 9.52418e-05
5 0.163913 0.924344 0.327826 0.151311 9.57522e-05
6 0.913913 0.963013 0.108063 0.0739744 9.71548e-05
6 0.541309 0.501009 0.0204891 0.0376597 9.8022e-05
6 0.378883 0.501681 0.0360212 0.0376597 9.84541e-05
6 0.290482 0.423672 0.0171844 0.0443847 9.87276e-05
6 0.617317 0.982515 0.042961 0.0349697 9.89165e-05
9 0.930271 0.991258 0.0495704 0.0174849 0.000101032
6 0.61649 0.578346 0.0789822 0.0766644 0.000101334
6 0.255948 0.486886 0.0234633 0.0551446 0.000101791
6 0.90879 0.0521184 0.114342 0.067922 0.000102222
6 0.841375 0.932751 0.064111 0.0887693 0.000102437
6 0.466127 0.559516 0.0360212 0.0497646 0.000102563
9 0.467449 0.990585 0.047918 0.0188299 0.000102967
6 0.241903 0.437122 0.0297422 0.0524546 0.000102986
6 0.914739 0.0716207 0.0746861 0.0464022 0.000104186
6 0.38731 0.466375 0.0713814 0.0504371 0.000104471
6 0.712987 0.460323 0.0340383 0.062542 0.000105512
9 0.29577 1 0.179114 0 0.000106117
9 0.786352 0.999327 0.0763384 0.00134499 0.000106566
9 0.892763 0.00773369 0.0565102 0.0154674 0.000106721
5 0.13384 0.107935 0.203569 0.184936 0.00010681
9 0.0312293 0.986214 0.0532056 0.0275723 0.000107712
6 0.732155 0.552791 0.159617 0.271688 0.000107986
6 0.731328 0.473436 0.0198282 0.0443847 0.000108532
6 0.761897 0.482515 0.0188367 0.067922 0.000108976
6 0.947125 0.0733019 0.10575 0.0874243 0.000109629
3 0.811798 0.477135 0.349967 0.795562 0.000109767
6 0.80271 0.958305 0.0145406 0.0632145 0.000110069
6 0.703734 0.571957 0.0228024 0.0477471 0.00011019
6 0.279907 0.99462 0.0396563 0.0107599 0.000111936
9 0.778916 1 0.224719 0 0.000113841
6 0.602941 0.48117 0.0221414 0.0464022 0.000114144
9 0.0297422 0.993611 0.0495704 0.0127774 0.000115135
9 0.528751 0.992603 0.0449438 0.0147949 0.000116222
5 0.652677 0.185609 0.178453 0.267653 0.000116591
6 0.435724 0.457633 0.0175149 0.0464022 0.000118166
6 0.227528 0.504707 0.0254461 0.0544721 0.000120918
5 0.81345 0.0790182 0.168209 0.151311 0.000120992
6 0.0452743 0.0262273 0.0905486 0.0524546 0.000121323
6 0.962492 0.0205111 0.0750165 0.0410222 0.000122087
5 0.553536 0.888702 0.766028 0.222596 0.000123224
6 0.377726 0.459314 0.0204891 0.0363147 0.00012478
6 0.24306 0.484533 0.0254461 0.0558171 0.000125076
2 0.638467 0.362475 0.331791 0.281103 0.000125312
6 0.220258 0.464358 0.0340383 0.0544721 0.000126056
6 0.826338 0.955952 0.0465962 0.071957 0.000126077
6 0.704726 0.0447209 0.0657634 0.0894418 0.000126852
6 0.644085 0.590114 0.0297422 0.0437122 0.000127172
6 0.162756 0.906859 0.0505618 0.186281 0.000127312
5 0.200595 0.955952 0.40119 0.0880968 0.000128256
9 0.972571 0.95427 0.0376735 0.0914593 0.000128626
6 0.506609 0.493948 0.0350297 0.0383322 0.000128761
6 0.593192 0.580027 0.021811 0.0464022 0.000128821
5 0.358394 0.185272 0.178784 0.256221 0.000129047
6 0.47505 0.547747 0.047918 0.117687 0.000133031
6 0.618143 0.514795 0.047918 0.0517821 0.000133242
6 0.815433 0.95965 0.0175149 0.0578346 0.00013404
6 0.328652 0.547747 0.0201586 0.0437122 0.000134063
6 0.0130535 0.14156 0.0261071 0.101547 0.000136658
7 0.530568 0.666779 0.0353602 0.117687 0.000139367
6 0.442498 0.500673 0.0224719 0.0329523 0.000140108
5 0.206709 0.146604 0.413417 0.293208 0.000141539
6 0.661765 0.560525 0.0201586 0.0342972 0.000142628
5 0.760079 0.168124 0.479841 0.336247 0.000143615
6 0.273629 0.523537 0.0561798 0.0813719 0.00014534
6 0.780238 0.484196 0.0251157 0.0578346 0.000147776
9 0.27462 1 0.0634501 0 0.000148903
6 0.556345 0.6308 0.0565102 0.114324 0.000149344
2 0.370126 0.432414 0.374091 0.266308 0.000149854
5 0.294283 0.186617 0.108724 0.264291 0.000150494
6 0.511732 0.00874243 0.0201586 0.0174849 0.000152395
6 0.764706 0.501681 0.0171844 0.0591796 0.000152549
6 0.918539 0.096503 0.162921 0.137861 0.000153436
9 0.497852 0.99193 0.0452743 0.0161399 0.000154064
6 0.480833 0.507397 0.0383344 0.0410222 0.000156188
6 0.872274 0.930061 0.0935228 0.0901143 0.000159476
6 0.40846 0.49462 0.0350297 0.0773369 0.000161361
6 0.151851 0.919301 0.0499009 0.0780094 0.000161503
7 0.511071 0.37727 0.0201586 0.196369 0.000162513
6 0.51074 0.0181574 0.0386649 0.0363147 0.000162532
6 0.292465 0.548083 0.021811 0.0416947 0.000163431
6 0.867482 0.0571621 0.107072 0.0726295 0.000167676
6 0.271976 0.4731 0.064772 0.0746469 0.000169282
5 0.511236 0.178884 0.0495704 0.150639 0.000170484
6 0.0368473 0.401479 0.0736946 0.302623 0.000170486
6 0.946133 0.0514459 0.0482485 0.0464022 0.000173129
6 0.627396 0.458305 0.0492399 0.066577 0.000175646
6 0.558493 0.536987 0.0442829 0.0450572 0.000176623
4 0.801884 0.762273 0.396233 0.37727 0.000176712
9 0.302875 1 0.0637806 0 0.000182633
6 0.309484 0.542031 0.0194977 0.0457297 0.000187993
6 0.252644 0.468056 0.0228024 0.0524546 0.000188541
4 0.229676 0.797579 0.459352 0.404842 0.000188806
6 0.665069 0.547075 0.0419696 0.0410222 0.000193563
6 0.267515 0.493275 0.026768 0.0571621 0.000194286
6 0.508592 0.525219 0.254461 0.0914593 0.000196
6 0.180436 0.954943 0.0356907 0.0739744 0.000196958
6 0.356576 0.578009 0.0257766 0.0464022 0.000197742
6 0.163087 0.939139 0.048579 0.0786819 0.000198614
6 0.482155 0.494284 0.02115 0.0336247 0.000199107
9 0.974223 0.98655 0.0389954 0.0268998 0.000200794
9 0.868638 0.00840619 0.0518837 0.0168124 0.000201911
6 0.646398 0.578346 0.097158 0.106254 0.00020727
6 0.40152 0.551446 0.0634501 0.0618695 0.00020752
6 0.882683 0.061197 0.0660939 0.0511096 0.000209763
6 0.588235 0.503362 0.228024 0.0988568 0.000214306
6 0.72918 0.487895 0.0247852 0.0477471 0.000219132
6 0.24306 0.469065 0.037343 0.071957 0.00022674
6 0.586252 0.532952 0.0594845 0.069267 0.000228067
7 0.48959 0.662071 0.0366821 0.117687 0.000233971
5 0.504957 0.0514459 0.283543 0.102892 0.000237286
6 0.222571 0.49193 0.0459352 0.0773369 0.000243755
6 0.480337 0.618359 0.0796431 0.176866 0.000246248
6 0.766193 0.47041 0.016193 0.0531271 0.000248982
6 0.181097 0.929052 0.0350297 0.141896 0.00025445
5 0.153338 0.969065 0.306675 0.0618695 0.000257314
6 0.37343 0.562878 0.0343688 0.0470746 0.000257942
6 0.359385 0.574647 0.0505618 0.062542 0.000259395
6 0.496695 0.502354 0.0284204 0.0336247 0.000263525
6 0.229015 0.486214 0.0264375 0.0524546 0.000263525
6 0.395572 0.501345 0.0409782 0.0490921 0.000265675
6 0.685063 0.575992 0.0608063 0.061197 0.000267155
6 0.232485 0.470074 0.0327165 0.0537996 0.000276211
6 0.592531 0.568595 0.0370126 0.0531271 0.000276552
5 0.546596 0.976463 0.548579 0.0470746 0.000279655
6 0.958526 0.0400135 0.0723728 0.0598521 0.000281743
6 0.46464 0.519839 0.0389954 0.0363147 0.000287215
3 0.145076 0.487559 0.290152 0.950908 0.000290485
6 0.731328 0.511432 0.0449438 0.0477471 0.000290574
6 0.302214 0.465367 0.038004 0.0591796 0.000292218
6 0.530403 0.573638 0.0403173 0.0995293 0.000293984
6 0.618473 0.495965 0.0274289 0.0383322 0.0002944
6 0.830139 0.0211836 0.0733642 0.0423672 0.000295409
6 0.730007 0.510087 0.107072 0.0840619 0.000299586
5 0.5385 0.962677 0.457039 0.0746469 0.000302056
6 0.364177 0.484869 0.0330469 0.0403497 0.000303919
6 0.353602 0.457969 0.0257766 0.0363147 0.000308382
9 0.0366821 0.975454 0.0733642 0.0490921 0.000308584
6 0.245869 0.473773 0.110377 0.135171 0.000312058
6 0.868804 0.0141224 0.0693985 0.0282448 0.000319172
6 0.337079 0.444855 0.021811 0.0369872 0.000320544
6 0.331626 0.456288 0.0155321 0.0342972 0.000322171
6 0.523298 0.501009 0.0181758 0.0349697 0.000322448
6 0.491077 0.560525 0.032386 0.066577 0.000327447
7 0.621282 0.449563 0.00991408 0.063887 0.00032841
3 0.882683 0.501345 0.234633 0.927371 0.000330089
6 0.47191 0.486214 0.0343688 0.0403497 0.000331001
5 0.376239 0.217552 0.367151 0.3154 0.000332999
6 0.424488 0.464694 0.0399868 0.0551446 0.000345992
6 0.503305 0.50269 0.0654329 0.0490921 0.00035003
6 0.296761 0.535978 0.0594845 0.0820444 0.000354789
6 0.269167 0.514459 0.0241243 0.0470746 0.000356048
6 0.271811 0.480498 0.0459352 0.0423672 0.000364455
6 0.535691 0.509415 0.0832783 0.0490921 0.000364628
6 0.46117 0.500336 0.0155321 0.0322798 0.000377756
6 0.320059 0.466711 0.026768 0.0322798 0.000379378
6 0.722571 0.48117 0.0188367 0.0410222 0.00040258
6 0.285525 0.445864 0.0204891 0.0376597 0.000403002
6 0.870786 0.126093 0.120291 0.129792 0.000405428
6 0.513714 0.503699 0.0294118 0.0309348 0.000407214
7 0.509088 0.66308 0.0366821 0.122394 0.000409108
6 0.63698 0.490585 0.0611368 0.0517821 0.000427603
6 0.315598 0.454943 0.021811 0.0450572 0.000442544
6 0.403338 0.530262 0.0465962 0.0490921 0.000450067
6 0.620621 0.478144 0.0158625 0.0470746 0.000477321
5 0.514045 0.917956 0.568077 0.164089 0.000480509
6 0.432915 0.501009 0.0423001 0.0430397 0.000506116
6 0.280238 0.550773 0.0191672 0.0390047 0.000507277
6 0.65466 0.568595 0.0304032 0.0369872 0.000519685
6 0.4192 0.488568 0.038004 0.0450572 0.000549093
6 0.665069 0.47848 0.0571712 0.0598521 0.000552621
6 0.269498 0.536651 0.0234633 0.0470746 0.000556099
6 0.409451 0.496638 0.11236 0.067922 0.000589891
5 0.653172 0.213853 0.375744 0.312038 0.000610378
6 0.710674 0.548083 0.0234633 0.0430397 0.000625039
6 0.507436 0.578346 0.0505618 0.102219 0.000667741
6 0.719762 0.487223 0.0601454 0.0786819 0.000707405
2 0.508262 0.364492 0.0660939 0.111634 0.000744247
6 0.350463 0.542703 0.0300727 0.0349697 0.000754931
6 0.61996 0.580699 0.0383344 0.0504371 0.000802049
6 0.534534 0.550773 0.0677462 0.111634 0.000827847
6 0.817911 0.0420309 0.0707204 0.0585071 0.000867313
6 0.287343 0.482515 0.026768 0.0477471 0.00086962
6 0.485625 0.525219 0.0439524 0.0416947 0.000877466
6 0.678288 0.482179 0.0208196 0.0363147 0.000929903
3 0.688367 0.52959 0.498348 0.591123 0.000951273
6 0.421514 0.477135 0.0261071 0.0396772 0.000963372
3 0.215135 0.524882 0.312624 0.815736 0.000963742
6 0.322703 0.535306 0.0221414 0.0416947 0.00100491
6 0.669366 0.481506 0.0340383 0.0443847 0.00100571
6 0.865499 0.127438 0.0746861 0.0854069 0.00107856
6 0.463153 0.487223 0.0148711 0.0329523 0.00108637
6 0.280073 0.514459 0.0228024 0.0390047 0.00109681
6 0.628057 0.544721 0.0459352 0.0457297 0.001112
6 0.467118 0.504707 0.0320555 0.0316073 0.00112889
6 0.63037 0.567586 0.0439524 0.0349697 0.00113203
6 0.509253 0.523874 0.54197 0.301278 0.00113597
6 0.609716 0.560188 0.0508923 0.0470746 0.00121138
3 0.358063 0.499328 0.588566 0.545393 0.00129268
2 0.507601 0.362139 0.120952 0.156691 0.00132227
6 0.33807 0.464694 0.032386 0.0416947 0.00132719
6 0.450925 0.489576 0.0221414 0.0336247 0.00137096
6 0.530238 0.525219 0.0465962 0.0457297 0.00145571
6 0.293952 0.492266 0.0221414 0.0497646 0.00149265
5 0.5038 0.179556 0.100793 0.240753 0.00151066
6 0.281725 0.531944 0.0208196 0.0403497 0.00153634
6 0.528916 0.626765 0.07039 0.142569 0.00167843
6 0.294613 0.534634 0.0261071 0.0390047 0.00168072
6 0.709683 0.530262 0.0254461 0.0410222 0.00174037
6 0.290482 0.455615 0.0231328 0.0396772 0.00179932
6 0.502148 0.616678 0.0789822 0.130464 0.00182939
6 0.506609 0.523874 0.0548579 0.0416947 0.00193092
6 0.43688 0.479825 0.0198282 0.0329523 0.00219742
6 0.694481 0.508742 0.0300727 0.0396772 0.00257787
6 0.598149 0.510087 0.042961 0.0342972 0.00272028
6 0.403668 0.478816 0.0214805 0.0309348 0.00277979
6 0.708691 0.476463 0.038004 0.0423672 0.00305532
6 0.396728 0.485205 0.038004 0.0316073 0.00318758
6 0.378387 0.550773 0.053536 0.0457297 0.00341685
6 0.636649 0.487895 0.0254461 0.0383322 0.00377524
6 0.325512 0.482515 0.143424 0.101547 0.00407296
6 0.650033 0.552455 0.031725 0.0342972 0.00419227
6 0.310476 0.52959 0.0406477 0.0558171 0.00427911
6 0.641276 0.517149 0.0551884 0.0524546 0.00483368
6 0.687376 0.545393 0.031725 0.0349697 0.00599092
9 0.335922 0.478144 0.0241243 0.0322798 0.0063829
6 0.648711 0.491258 0.031725 0.0383322 0.0102031
6 0.299901 0.522192 0.0247852 0.0464022 0.0109082
6 0.639128 0.497983 0.0389954 0.0356422 0.0110694
6 0.389954 0.567249 0.0290813 0.0477471 0.0118305
6 0.385988 0.479825 0.0310641 0.0490921 0.0122136
6 0.381692 0.512441 0.0601454 0.0537996 0.0122751
6 0.32766 0.51345 0.026768 0.0396772 0.0124865
6 0.406973 0.496638 0.0333774 0.0356422 0.0128001
6 0.603933 0.574983 0.0333774 0.0484196 0.0133164
6 0.692664 0.478144 0.0350297 0.0349697 0.0143504
6 0.321547 0.477135 0.10575 0.0571621 0.0181923
6 0.35575 0.516476 0.0280899 0.0390047 0.0203759
6 0.377726 0.479825 0.031725 0.0329523 0.0438463
6 0.399703 0.559516 0.0300727 0.0376597 0.0881438
2 0.50694 0.356422 0.640449 0.369872 0.107248
6 0.315763 0.476126 0.059154 0.0336247 0.115243
6 0.67961 0.504035 0.0287508 0.0423672 0.127433
6 0.683906 0.490585 0.0320555 0.0369872 0.168583
6 0.350463 0.497983 0.0393258 0.0490921 0.187562
6 0.706709 0.501345 0.026768 0.0490921 0.219163
6 0.69729 0.546066 0.0178453 0.0309348 0.242942
6 0.301553 0.486214 0.026768 0.0457297 0.348796
6 0.308328 0.515467 0.0270985 0.0531271 0.429386
6 0.699273 0.53766 0.0270985 0.0396772 0.491867
6 0.362194 0.544048 0.0356907 0.0390047 0.521837
6 0.644085 0.562878 0.0350297 0.0430397 0.522795
6 0.666722 0.494956 0.0446134 0.0416947 0.534722
6 0.315433 0.5269 0.0221414 0.0423672 0.642981
6 0.345836 0.484196 0.0366821 0.0363147 0.672943
6 0.709518 0.485541 0.0231328 0.0376597 0.706711
3 0.513054 0.547411 0.850958 0.829859 0.724378
6 0.295935 0.466039 0.026768 0.0390047 0.740625
4 0.514375 0.638534 0.663252 0.400135 0.842382
2 0.50727 0.351379 0.483807 0.211836 0.896672
5 0.505618 0.183927 0.491738 0.367855 0.924258
