6 0.606681 0.639875 0.0392484 0.0424495 1.8511e-05
6 0.856785 0.47286 0.0551148 0.0702853 1.85274e-05
6 0.504593 0.0309673 0.0313152 0.0619346 1.85546e-05
2 0.126096 0.43563 0.252192 0.32707 1.86539e-05
6 0.395198 0.988518 0.0463466 0.0229645 1.86587e-05
6 0.459081 0.158316 0.0162839 0.0340988 1.86693e-05
6 0.131524 0.00904663 0.0275574 0.0180933 1.8694e-05
6 0.416075 0.147182 0.0496868 0.0633264 1.87405e-05
6 0.455115 0.548017 0.0108559 0.0285317 1.87445e-05
6 0.429436 0.613431 0.0254697 0.032707 1.8956e-05
6 0.218163 0.51183 0.0471816 0.059151 1.89782e-05
6 0.13215 0.455463 0.0496868 0.0744607 1.89858e-05
6 0.447599 0.167015 0.0617954 0.0807237 1.89885e-05
6 0.33904 0.129088 0.0208768 0.0201809 1.9002e-05
5 0.658246 0.192415 0.124843 0.149617 1.90066e-05
6 0.665136 0.0775922 0.0300626 0.0215727 1.90891e-05
6 0.233403 0.546973 0.117745 0.105776 1.91057e-05
6 0.987683 0.290188 0.0229645 0.105776 1.91263e-05
6 0.356785 0.0247042 0.0254697 0.0494085 1.91404e-05
5 0.18309 0.150661 0.0922756 0.220598 1.91797e-05
6 0.269729 0.11517 0.0893528 0.085595 1.91882e-05
6 0.482046 0.732777 0.0229645 0.0556715 1.9254e-05
6 0.533194 0.181976 0.022547 0.0633264 1.92653e-05
5 0.146764 0.973556 0.293528 0.052888 1.93009e-05
6 0.558455 0.00556715 0.0179541 0.0111343 1.93089e-05
6 0.984969 0.0981211 0.0300626 0.130828 1.9318e-05
6 0.972025 0.0302714 0.0559499 0.0605428 1.94045e-05
6 0.297912 0.0320111 0.0605428 0.0640223 1.94572e-05
6 0.0663883 0.0939457 0.0734864 0.0514962 1.94849e-05
6 0.0158664 0.957898 0.0317328 0.0842032 1.95019e-05
6 0.583716 0.710856 0.0651357 0.0688935 1.95049e-05
6 0.362422 0.108559 0.0626305 0.0654141 1.95141e-05
6 0.490605 0.736952 0.0300626 0.111343 1.95398e-05
6 0.54071 0.956159 0.0384134 0.0876827 1.95409e-05
6 0.676618 0.102644 0.0354906 0.0340988 1.9541e-05
6 0.418998 0.0125261 0.0304802 0.0250522 1.95623e-05
5 0.808351 0.0762004 0.217119 0.152401 1.95794e-05
6 0.873904 0.605428 0.080167 0.123869 1.95944e-05
6 0.237578 0.757481 0.0584551 0.0800278 1.96067e-05
5 0.718789 0.863605 0.292693 0.154489 1.96386e-05
7 0.434238 0.739736 0.0475992 0.13222 1.96672e-05
6 0.00730689 0.388657 0.0146138 0.0911621 1.9677e-05
6 0.445511 0.593598 0.292276 0.144746 1.96776e-05
6 0.596242 0.0229645 0.0317328 0.045929 1.96916e-05
5 0.554697 0.129436 0.161587 0.108559 1.9737e-05
6 0.0693111 0.414753 0.05762 0.211552 1.97906e-05
6 0.990188 0.0386221 0.0196242 0.0772443 1.97989e-05
6 0.318163 0.660404 0.034238 0.0445372 1.98314e-05
6 0.805637 0.985734 0.0713987 0.0285317 1.98485e-05
6 0.763257 0.0692415 0.0793319 0.123173 1.98733e-05
2 0.744468 0.484342 0.0876827 0.122477 1.99159e-05
6 0.467015 0.185456 0.0421712 0.0786361 1.99689e-05
6 0.415658 0.573417 0.0112735 0.0334029 2.00006e-05
9 0.835699 1 0.227557 0 2.00118e-05
6 0.466597 0.160404 0.0162839 0.0201809 2.00216e-05
6 0.319624 0.697982 0.0505219 0.0556715 2.00507e-05
6 0.645094 0.965553 0.0359081 0.059151 2.00709e-05
6 0.722338 0.0584551 0.0258873 0.0598469 2.00784e-05
6 0.944259 0.203549 0.0772443 0.0619346 2.00976e-05
6 0.989353 0.338553 0.0204593 0.256785 2.01226e-05
6 0.287265 0.552192 0.170355 0.112039 2.01249e-05
6 0.514614 0.567502 0.0263048 0.0494085 2.01423e-05
6 0.19666 0.514962 0.0409186 0.045929 2.01442e-05
6 0.45595 0.660056 0.0258873 0.0521921 2.01971e-05
9 0.904175 0.991301 0.0764092 0.0173974 2.02038e-05
6 0.116701 0.465901 0.0346555 0.0535839 2.02072e-05
5 0.65762 0.851079 0.68476 0.297843 2.02236e-05
6 0.706472 0.600557 0.0217119 0.0306193 2.02451e-05
6 0.956159 0.532707 0.0876827 0.22199 2.02798e-05
6 0.593737 0.68302 0.0384134 0.0452331 2.02916e-05
6 0.445929 0.151009 0.11023 0.0932498 2.03031e-05
6 0.341754 0.135003 0.0329854 0.0375783 2.03053e-05
6 0.321921 0.129436 0.022547 0.0236604 2.0307e-05
6 0.739457 0.604036 0.0292276 0.0306193 2.03239e-05
6 0.475574 0.0967293 0.0158664 0.0389701 2.03539e-05
6 0.21023 0.951983 0.0555324 0.0932498 2.03697e-05
6 0.558246 0.0344468 0.0141962 0.0215727 2.03734e-05
6 0.926931 0.963813 0.0860125 0.072373 2.038e-05
6 0.282046 0.00487126 0.0430063 0.00974252 2.03826e-05
6 0.869729 0.188239 0.0359081 0.0521921 2.04139e-05
6 0.327349 0.664927 0.0701461 0.0716771 2.04177e-05
9 0.901044 1 0.0793319 0 2.04227e-05
6 0.291232 0.556715 0.0154489 0.0278358 2.04923e-05
6 0.308142 0.550452 0.0183716 0.0292276 2.05035e-05
6 0.540501 0.640223 0.0279749 0.0445372 2.0527e-05
6 0.313361 0.00521921 0.0371608 0.0104384 2.05455e-05
6 0.315658 0.0469729 0.023382 0.0243563 2.05479e-05
6 0.396868 0.143354 0.0505219 0.0640223 2.05769e-05
6 0.329645 0.988866 0.0580376 0.0222686 2.05812e-05
6 0.648225 0.659012 0.0371608 0.0751566 2.05931e-05
6 0.767015 0.61517 0.0893528 0.102992 2.06016e-05
6 0.992276 0.363257 0.0154489 0.258873 2.06257e-05
6 0.208142 0.506263 0.0379958 0.0354906 2.06352e-05
6 0.577871 0.610299 0.0275574 0.0334029 2.06359e-05
6 0.528392 0.713987 0.0705637 0.104384 2.07107e-05
5 0.340919 0.128392 0.134029 0.106472 2.07254e-05
6 0.224635 0.735908 0.0208768 0.0535839 2.07539e-05
6 0.182046 0.980167 0.0242171 0.039666 2.07781e-05
7 0.692067 0.501044 0.117328 0.123869 2.07944e-05
6 0.544259 0.191023 0.0187891 0.0354906 2.09314e-05
7 0.337578 0.26096 0.0363257 0.0681976 2.09355e-05
7 0.621086 0.465553 0.074739 0.121086 2.09487e-05
6 0.409395 0.73556 0.0212944 0.0974252 2.09863e-05
6 0.616284 0.690675 0.0200418 0.0368824 2.10054e-05
6 0.724217 0.0615866 0.0388309 0.0897704 2.10529e-05
9 0.787056 1 0.0876827 0 2.10571e-05
6 0.802296 0.032707 0.040501 0.0654141 2.11515e-05
6 0.304384 0.0354906 0.0484342 0.0417537 2.12195e-05
6 0.341962 0.118302 0.023382 0.0779402 2.1222e-05
7 0.649269 0.513918 0.0150313 0.0508003 2.12338e-05
6 0.31691 0.0487126 0.0350731 0.0389701 2.12452e-05
6 0.0872651 0.471816 0.0534447 0.101601 2.12578e-05
6 0.915449 0.495129 0.0705637 0.234516 2.12749e-05
6 0.667223 0.0807237 0.045929 0.0375783 2.12778e-05
6 0.746973 0.0059151 0.0300626 0.0118302 2.12895e-05
6 0.987891 0.60334 0.0200418 0.119694 2.13645e-05
6 0.662004 0.978079 0.0563674 0.0438413 2.13676e-05
6 0.692067 0.680585 0.0563674 0.0584551 2.13749e-05
6 0.858038 0.602992 0.101044 0.266527 2.14417e-05
6 0.235491 0.006611 0.0308977 0.013222 2.15181e-05
6 0.506681 0.139875 0.0263048 0.0347947 2.15346e-05
6 0.151983 0.0187891 0.0776618 0.0375783 2.15437e-05
6 0.279541 0.013222 0.0438413 0.026444 2.15798e-05
5 0.706472 0.972164 0.408351 0.0556715 2.16111e-05
6 0.493946 0.98643 0.0450939 0.0271399 2.16502e-05
7 0.360752 0.517745 0.0375783 0.0793319 2.16513e-05
6 0.343215 0.0285317 0.0350731 0.0570633 2.16675e-05
6 0.656994 0.969033 0.0304802 0.0494085 2.17006e-05
6 0.614823 0.109951 0.0580376 0.0640223 2.17358e-05
6 0.873486 0.988866 0.0810021 0.0222686 2.18002e-05
6 0.16096 0.918232 0.0764092 0.112039 2.1817e-05
4 0.712735 0.715031 0.420877 0.343076 2.18205e-05
6 0.11858 0.504175 0.023382 0.059151 2.18293e-05
6 0.75929 0.0177453 0.0354906 0.0243563 2.18332e-05
9 0.395407 0.982951 0.0776618 0.0340988 2.18602e-05
6 0.205846 0.964509 0.0208768 0.0487126 2.19527e-05
6 0.0713987 0.594642 0.116075 0.235908 2.19529e-05
6 0.145094 0.0389701 0.0421712 0.045929 2.19587e-05
6 0.553027 0.19833 0.02881 0.0473208 2.19924e-05
6 0.917745 0.136047 0.0384134 0.0438413 2.20457e-05
6 0.917328 0.116214 0.0384134 0.0361865 2.20734e-05
6 0.0359081 0.452331 0.05762 0.222686 2.20938e-05
6 0.478914 0.0337509 0.0359081 0.0438413 2.20944e-05
6 0.450104 0.716771 0.0367432 0.109951 2.21067e-05
6 0.531524 0.177105 0.0158664 0.0313152 2.21303e-05
6 0.993111 0.394224 0.0137787 0.117606 2.21423e-05
7 0.643424 0.474252 0.0275574 0.131524 2.22571e-05
9 0.190397 1 0.0885177 0 2.22869e-05
6 0.541754 0.109255 0.0521921 0.0570633 2.23058e-05
4 0.931315 0.672582 0.13737 0.491997 2.23191e-05
6 0.539457 0.148225 0.045929 0.0556715 2.23233e-05
6 0.532568 0.987126 0.0455115 0.0257481 2.2342e-05
6 0.335491 0.265484 0.0346555 0.184412 2.2343e-05
6 0.558246 0.0424495 0.0141962 0.019485 2.23457e-05
7 0.468267 0.485386 0.0121086 0.0647182 2.23577e-05
6 0.513361 0.104384 0.0530271 0.0709812 2.2366e-05
6 0.529436 0.547321 0.0108559 0.0354906 2.23995e-05
6 0.994155 0.188587 0.011691 0.129436 2.24072e-05
6 0.181002 0.0250522 0.0379958 0.0445372 2.24148e-05
6 0.567641 0.00487126 0.0154489 0.00974252 2.24154e-05
6 0.595616 0.0250522 0.0246347 0.0278358 2.24581e-05
5 0.281837 0.0320111 0.17119 0.0640223 2.24804e-05
6 0.294363 0.722686 0.0526096 0.0494085 2.24946e-05
6 0.305219 0.622477 0.0292276 0.0313152 2.25128e-05
6 0.495825 0.668058 0.0254697 0.0654141 2.2549e-05
6 0.653027 0.680933 0.0751566 0.0925539 2.25838e-05
6 0.566597 0.0107864 0.0250522 0.0215727 2.26237e-05
3 0.719207 0.5 0.561587 1 2.26498e-05
6 0.0123173 0.530619 0.0196242 0.242867 2.27558e-05
6 0.527766 0.0762004 0.0709812 0.0842032 2.27919e-05
6 0.987683 0.530619 0.0146138 0.109255 2.28144e-05
6 0.393111 0.729993 0.0229645 0.0598469 2.28403e-05
6 0.00626305 0.262004 0.0125261 0.103688 2.292e-05
5 0.488518 0.281837 0.0425887 0.129436 2.29398e-05
6 0.989353 0.382394 0.0129436 0.112039 2.29965e-05
5 0.875783 0.0372303 0.200835 0.0744607 2.3026e-05
6 0.604384 0.968337 0.0488518 0.0633264 2.30609e-05
6 0.254697 0.734864 0.0542797 0.0598469 2.3072e-05
6 0.193528 0.96277 0.0212944 0.0521921 2.30813e-05
6 0.553653 0.125609 0.0759917 0.0869868 2.30898e-05
6 0.0388309 0.577244 0.0776618 0.248434 2.31017e-05
6 0.873069 0.47634 0.0501044 0.160752 2.31062e-05
6 0.372234 0.0257481 0.0296451 0.0514962 2.31373e-05
6 0.241962 0.961378 0.0296451 0.0772443 2.3174e-05
6 0.272651 0.118998 0.0534447 0.0445372 2.32167e-05
5 0.179749 0.0334029 0.128184 0.0668058 2.32405e-05
6 0.709186 0.00521921 0.0229645 0.0104384 2.3273e-05
6 0.47453 0.1611 0.0680585 0.0939457 2.33173e-05
6 0.208351 0.570633 0.0551148 0.0570633 2.33364e-05
5 0.620251 0.949896 0.441336 0.0695894 2.33865e-05
6 0.994781 0.0309673 0.0104384 0.0619346 2.34164e-05
6 0.0814196 0.223034 0.0793319 0.0772443 2.34499e-05
6 0.0135699 0.496868 0.0271399 0.296451 2.34502e-05
6 0.462004 0.0487126 0.0229645 0.0417537 2.34944e-05
7 0.497286 1 0.0726514 0 2.35017e-05
6 0.858038 0.00904663 0.0359081 0.0180933 2.35077e-05
5 0.751357 0.246347 0.134029 0.292276 2.35737e-05
6 0.750731 0.967293 0.023382 0.0292276 2.35936e-05
6 0.182881 0.0215727 0.0275574 0.0250522 2.3602e-05
6 0.0947808 0.0424495 0.146973 0.0848991 2.36033e-05
6 0.4238 0.646834 0.0283925 0.039666 2.36288e-05
6 0.0507307 0.156228 0.074739 0.0549756 2.36462e-05
6 0.631315 0.990953 0.0409186 0.0180933 2.36663e-05
7 0.437578 0.739736 0.022547 0.100209 2.3677e-05
6 0.990605 0.185456 0.0162839 0.262352 2.37297e-05
5 0.0749478 0.091858 0.134864 0.172582 2.37483e-05
6 0.40501 0.574809 0.0175365 0.0347947 2.37644e-05
6 0.989144 0.331246 0.0200418 0.111343 2.38075e-05
6 0.67453 0.533055 0.0162839 0.0361865 2.3836e-05
6 0.477453 0.956159 0.0446764 0.0876827 2.3858e-05
6 0.280167 0.11517 0.0359081 0.0229645 2.3938e-05
6 0.251148 0.00765484 0.0455115 0.0153097 2.3975e-05
6 0.730898 0.0288796 0.0839248 0.0577592 2.40405e-05
5 0.712317 0.072373 0.131942 0.135003 2.40639e-05
6 0.993737 0.343772 0.0125261 0.11691 2.40931e-05
6 0.428392 0.514962 0.045929 0.0668058 2.41435e-05
6 0.632985 0.602644 0.034238 0.0347947 2.41555e-05
6 0.280167 0.557063 0.0141962 0.0285317 2.42579e-05
7 0.470981 0.47286 0.0192067 0.125957 2.42647e-05
7 0.484969 0.485734 0.0204593 0.0765484 2.42947e-05
6 0.0995825 0.521921 0.0496868 0.072373 2.43932e-05
6 0.491858 0.0313152 0.0325679 0.0626305 2.44094e-05
6 0.432985 0.0059151 0.0217119 0.0118302 2.44471e-05
4 0.0549061 0.667015 0.109812 0.444676 2.44787e-05
6 0.315866 0.127697 0.0446764 0.0285317 2.45122e-05
6 0.332985 0.549408 0.017119 0.0340988 2.45972e-05
2 0.503758 0.497216 0.417119 0.135699 2.46047e-05
6 0.621086 0.00556715 0.0304802 0.0111343 2.46285e-05
6 0.165344 0.974948 0.0534447 0.0501044 2.46593e-05
6 0.955741 0.0184412 0.0826722 0.0368824 2.46909e-05
4 0.155532 0.704593 0.311065 0.497564 2.47211e-05
6 0.00709812 0.494433 0.011691 0.106472 2.47258e-05
6 0.410856 0.589422 0.0200418 0.0334029 2.47328e-05
6 0.339666 0.120738 0.0371608 0.0424495 2.47794e-05
6 0.663883 0.0901183 0.0317328 0.0201809 2.4794e-05
6 0.138622 0.0542797 0.0968685 0.0876827 2.48028e-05
6 0.830898 0.0212248 0.0868476 0.0424495 2.48673e-05
5 0.844259 0.161447 0.311482 0.322895 2.48771e-05
6 0.485177 0.187891 0.0467641 0.072373 2.48932e-05
9 0.14572 1 0.29144 0 2.48976e-05
6 0.329228 0.661447 0.167432 0.130132 2.49107e-05
6 0.354906 0.65762 0.0325679 0.0431454 2.49424e-05
0 0.00438413 0.844468 0.00876827 0.125957 2.49644e-05
6 0.555741 0.0668058 0.0751566 0.0779402 2.50115e-05
6 0.755324 0.59151 0.0501044 0.0431454 2.50567e-05
6 0.479541 0.0274878 0.0196242 0.0229645 2.50688e-05
6 0.765553 0.969729 0.039666 0.032707 2.50864e-05
6 0.564509 0.0508003 0.045929 0.0473208 2.51129e-05
6 0.481002 0.741127 0.0409186 0.0751566 2.51187e-05
6 0.648017 0.107516 0.0701461 0.0647182 2.51281e-05
6 0.480167 0.162143 0.0350731 0.045929 2.51943e-05
6 0.355115 0.673278 0.0246347 0.0438413 2.52025e-05
6 0.416701 0.116562 0.0250522 0.039666 2.52554e-05
6 0.268476 0.986082 0.034238 0.0250522 2.528e-05
8 0.643841 1 0.164509 0 2.53578e-05
6 0.216701 0.96103 0.0250522 0.0779402 2.53684e-05
6 0.830063 0.0146138 0.056785 0.0292276 2.54338e-05
6 0.270146 0.975644 0.0492693 0.0487126 2.54666e-05
6 0.541545 0.0121781 0.104384 0.0243563 2.54879e-05
6 0.036952 0.439109 0.073904 0.274182 2.5511e-05
6 0.904384 0.22373 0.0392484 0.0480167 2.55647e-05
6 0.283299 0.986082 0.0338205 0.0250522 2.55873e-05
6 0.0118998 0.98817 0.0237996 0.0236604 2.56239e-05
6 0.636117 0.669798 0.0505219 0.0549756 2.56528e-05
6 0.102296 0.442589 0.0751566 0.102992 2.57012e-05
6 0.665762 0.0946416 0.0455115 0.0361865 2.57251e-05
5 0.116701 0.85247 0.233403 0.295059 2.58112e-05
6 0.673695 0.107864 0.0580376 0.0570633 2.58303e-05
9 0.0885177 1 0.0926931 0 2.58652e-05
2 0.269729 0.437022 0.275574 0.192067 2.59366e-05
6 0.0680585 0.0125261 0.0450939 0.0250522 2.59853e-05
6 0.740292 0.961726 0.0350731 0.0765484 2.59941e-05
6 0.481837 0.157272 0.0167015 0.0222686 2.60898e-05
6 0.932777 0.514614 0.0643006 0.146834 2.62086e-05
7 0.242797 0.338205 0.0488518 0.236604 2.62397e-05
6 0.14238 0.013222 0.0425887 0.026444 2.62686e-05
6 0.679332 0.980863 0.0526096 0.0382742 2.62689e-05
6 0.458873 0.331246 0.045929 0.130828 2.63061e-05
6 0.295198 0.116562 0.045929 0.0229645 2.63096e-05
6 0.768267 0.14753 0.0334029 0.0403619 2.64271e-05
6 0.178079 0.0497564 0.0672234 0.0995129 2.64391e-05
6 0.252818 0.969729 0.0521921 0.0605428 2.64614e-05
6 0.533194 0.96277 0.0317328 0.0563674 2.64631e-05
5 0.670355 0.177105 0.65929 0.35421 2.65013e-05
6 0.0933194 0.0121781 0.040501 0.0243563 2.65335e-05
6 0.469311 0.57968 0.0175365 0.0292276 2.6557e-05
6 0.380376 0.707029 0.0308977 0.0514962 2.65871e-05
6 0.117328 0.520877 0.0492693 0.0675017 2.65886e-05
6 0.857203 0.0205289 0.0701461 0.0410578 2.66404e-05
7 0.357829 0.531663 0.011691 0.0542797 2.66431e-05
6 0.331733 0.124565 0.0304802 0.0278358 2.6848e-05
6 0.765762 0.151705 0.0450939 0.0737648 2.68755e-05
6 0.406889 0.116562 0.017119 0.0285317 2.6889e-05
6 0.804802 0.89318 0.0789144 0.21364 2.69242e-05
6 0.0528184 0.227209 0.0597077 0.0452331 2.69684e-05
6 0.454071 0.163883 0.0187891 0.0215727 2.69813e-05
6 0.0812109 0.849687 0.0939457 0.125261 2.70508e-05
6 0.594154 0.112387 0.0559499 0.059151 2.7086e-05
2 0.884134 0.314892 0.168267 0.169102 2.71552e-05
6 0.119415 0.0135699 0.0417537 0.0271399 2.72307e-05
6 0.296033 0.969729 0.0275574 0.0410578 2.72307e-05
6 0.0434238 0.283229 0.0843424 0.197634 2.72784e-05
6 0.689353 0.0247042 0.0734864 0.0494085 2.73981e-05
4 0.0156576 0.744259 0.0313152 0.365344 2.74139e-05
6 0.522756 0.13048 0.0726514 0.0925539 2.74285e-05
6 0.603132 0.981907 0.0338205 0.0361865 2.74994e-05
6 0.446347 0.540362 0.0292276 0.0605428 2.75269e-05
6 0.318163 0.05254 0.0676409 0.0633264 2.75605e-05
6 0.392902 0.110299 0.0559499 0.0633264 2.76231e-05
6 0.504802 0.14405 0.0292276 0.0974252 2.76351e-05
6 0.550522 0.183368 0.0196242 0.039666 2.76474e-05
6 0.298539 0.00521921 0.0425887 0.0104384 2.76495e-05
6 0.314823 0.786708 0.0275574 0.0480167 2.77021e-05
6 0.47119 0.0803758 0.0463466 0.107864 2.78141e-05
9 0.919207 0.00939457 0.0221294 0.0187891 2.79226e-05
6 0.431315 0.575157 0.0167015 0.0285317 2.80854e-05
6 0.801461 0.00800278 0.02881 0.0160056 2.80944e-05
6 0.331106 0.719207 0.056785 0.0494085 2.81125e-05
6 0.618372 0.984342 0.0534447 0.0313152 2.81779e-05
8 0.0480167 1 0.0935282 0 2.81904e-05
6 0.222547 0.558803 0.0308977 0.0347947 2.82698e-05
6 0.9881 0.613779 0.0204593 0.275574 2.83048e-05
6 0.400418 0.0059151 0.0283925 0.0118302 2.83322e-05
7 0.458455 0.697634 0.023382 0.0716771 2.83925e-05
7 0.444885 0.463814 0.0496868 0.103688 2.84388e-05
6 0.33737 0.122825 0.0709812 0.0800278 2.87438e-05
6 0.413361 0.0577592 0.0592902 0.0556715 2.87921e-05
6 0.00814196 0.430063 0.0137787 0.0862909 2.88481e-05
6 0.587683 0.0897704 0.109812 0.091858 2.89226e-05
6 0.18309 0.964509 0.0413361 0.0709812 2.9017e-05
5 0.163883 0.939109 0.327766 0.121781 2.9071e-05
6 0.601253 0.661447 0.0492693 0.0549756 2.91393e-05
8 0.425052 1 0.28476 0 2.91652e-05
6 0.665971 0.657272 0.0601253 0.0633264 2.9171e-05
6 0.234029 0.0156576 0.0446764 0.0313152 2.91902e-05
6 0.443215 0.00835073 0.0196242 0.0139179 2.91937e-05
6 0.606263 0.691371 0.0183716 0.0340988 2.92018e-05
6 0.42714 0.974252 0.0467641 0.0514962 2.92582e-05
6 0.336534 0.690675 0.056785 0.0688935 2.92659e-05
5 0.483716 0.0441893 0.419624 0.0883786 2.92894e-05
9 0.908351 0.0111343 0.0329854 0.0222686 2.92944e-05
6 0.0102296 0.276618 0.0154489 0.0883786 2.93189e-05
6 0.973904 0.323243 0.0521921 0.160752 2.9325e-05
6 0.873069 0.975992 0.0826722 0.0480167 2.93464e-05
6 0.992693 0.535491 0.0146138 0.231733 2.93822e-05
6 0.365762 0.0574113 0.0634656 0.0647182 2.94233e-05
6 0.383299 0.00730689 0.023382 0.013222 2.94879e-05
6 0.209603 0.973556 0.0400835 0.052888 2.95779e-05
6 0.780167 0.985038 0.0496868 0.0257481 2.96011e-05
6 0.51524 0.156228 0.125261 0.085595 2.9608e-05
6 0.452192 0.167015 0.034238 0.0403619 2.96932e-05
6 0.40501 0.606124 0.0217119 0.0292276 2.97288e-05
6 0.493111 0.0793319 0.0626305 0.100209 2.97368e-05
5 0.366806 0.0647182 0.129854 0.0751566 2.97496e-05
6 0.987056 0.356298 0.0258873 0.211552 2.97539e-05
6 0.340292 0.115518 0.0183716 0.0222686 2.97679e-05
6 0.346347 0.013222 0.0338205 0.026444 2.97869e-05
5 0.335908 0.392484 0.511482 0.211552 2.99884e-05
6 0.467223 0.635004 0.023382 0.0368824 3.00034e-05
6 0.378497 0.550104 0.0162839 0.039666 3.02068e-05
6 0.821921 0.0421016 0.0722338 0.0842032 3.02481e-05
7 0.610021 0.509742 0.023382 0.0577592 3.02557e-05
6 0.959081 0.269659 0.0818372 0.145442 3.02949e-05
6 0.874948 0.85769 0.074739 0.284621 3.02951e-05
6 0.892276 0.0184412 0.0968685 0.0368824 3.03013e-05
6 0.220877 0.585247 0.0192067 0.0347947 3.0402e-05
6 0.596451 0.0222686 0.0154489 0.019485 3.04092e-05
6 0.265762 0.631176 0.237578 0.17119 3.04783e-05
6 0.387474 0.0539318 0.0584551 0.0619346 3.05523e-05
6 0.442171 0.0139179 0.0317328 0.0278358 3.05665e-05
2 0.209186 0.493389 0.418372 0.361865 3.06433e-05
5 0.868058 0.216423 0.185386 0.165623 3.06822e-05
6 0.755324 0.14231 0.0551148 0.137091 3.07532e-05
6 0.505428 0.00730689 0.0187891 0.0146138 3.07871e-05
6 0.761587 0.640571 0.203758 0.287404 3.08343e-05
6 0.540292 0.977383 0.0876827 0.0452331 3.09049e-05
7 0.420877 0.715031 0.0175365 0.0758525 3.09309e-05
6 0.598539 0.605428 0.0755741 0.0542797 3.09371e-05
6 0.253862 0.97634 0.0325679 0.0320111 3.09449e-05
6 0.984342 0.40675 0.0313152 0.202505 3.11124e-05
7 0.340919 0.489214 0.0722338 0.123869 3.11576e-05
6 0.489979 0.577592 0.184134 0.0835073 3.12229e-05
6 0.781837 0.971816 0.0480167 0.0382742 3.12945e-05
6 0.415866 0.114823 0.0158664 0.0278358 3.13146e-05
6 0.239666 0.0285317 0.106054 0.0570633 3.13367e-05
6 0.711065 0.55428 0.0183716 0.0243563 3.13978e-05
5 0.656576 0.338205 0.183299 0.211552 3.14479e-05
6 0.446138 0.107516 0.0413361 0.0786361 3.14507e-05
6 0.68977 0.552888 0.0141962 0.0257481 3.16705e-05
6 0.992693 0.293319 0.0146138 0.138483 3.17234e-05
6 0.359499 0.0059151 0.0200418 0.0118302 3.17337e-05
8 0.592484 0.552192 0.0542797 0.0897704 3.18272e-05
7 0.361587 0.511482 0.0158664 0.0654141 3.18672e-05
6 0.994155 0.0146138 0.011691 0.0292276 3.19281e-05
6 0.217745 0.966249 0.0221294 0.0438413 3.20127e-05
6 0.512109 0.666319 0.0296451 0.0702853 3.2049e-05
2 0.460543 1 0.501879 0 3.2105e-05
6 0.452818 0.0400139 0.02881 0.0800278 3.21411e-05
5 0.527766 0.0876827 0.182881 0.0960334 3.21445e-05
6 0.469102 0.985386 0.0546973 0.0292276 3.23291e-05
6 0.160543 0.0915101 0.0329854 0.110647 3.23304e-05
6 0.993946 0.546625 0.0121086 0.107864 3.25659e-05
6 0.451148 0.173278 0.0154489 0.0236604 3.25749e-05
7 0.364718 0.529923 0.0104384 0.0549756 3.25905e-05
6 0.475992 0.115866 0.0175365 0.0466249 3.26098e-05
6 0.744885 0.982255 0.0425887 0.032707 3.26992e-05
9 0.762422 0.967293 0.11691 0.0654141 3.27476e-05
6 0.596033 0.0598469 0.0597077 0.0542797 3.27548e-05
6 0.607098 0.00556715 0.0292276 0.0111343 3.27669e-05
6 0.509186 0.0598469 0.0505219 0.0570633 3.2805e-05
6 0.592067 0.641962 0.0192067 0.032707 3.28583e-05
6 0.427766 0.65762 0.0187891 0.0431454 3.29179e-05
6 0.344676 0.006611 0.0254697 0.013222 3.30533e-05
6 0.134656 0.889005 0.0881002 0.112039 3.32465e-05
6 0.930898 0.600209 0.0697286 0.188587 3.32622e-05
6 0.491023 0.143354 0.0300626 0.0389701 3.32694e-05
7 0.710856 0.321155 0.039666 0.223382 3.32808e-05
6 0.584551 0.00487126 0.0200418 0.00974252 3.34206e-05
6 0.408768 0.546973 0.0417537 0.0542797 3.3506e-05
6 0.35929 0.0139179 0.0338205 0.0278358 3.36249e-05
6 0.797704 0.0215727 0.108142 0.0431454 3.37161e-05
6 0.465136 0.019833 0.0492693 0.039666 3.39193e-05
5 0.884551 0.0716771 0.230898 0.0904662 3.3961e-05
6 0.733403 0.948504 0.0697286 0.0848991 3.40068e-05
6 0.460334 0.032707 0.0162839 0.0222686 3.41074e-05
6 0.243215 0.968685 0.0246347 0.0389701 3.41441e-05
6 0.720459 0.544885 0.0204593 0.0347947 3.41781e-05
6 0.461587 0.0139179 0.0221294 0.0167015 3.41935e-05
9 0.566806 1 0.0663883 0 3.42891e-05
6 0.812109 0.56785 0.142797 0.278358 3.43564e-05
6 0.220042 0.983647 0.0300626 0.032707 3.43782e-05
6 0.568685 0.98817 0.0526096 0.0236604 3.44657e-05
6 0.993111 0.0866388 0.0137787 0.141267 3.4586e-05
6 0.994155 0.619694 0.011691 0.123173 3.4587e-05
5 0.242589 0.229297 0.148643 0.240084 3.4587e-05
5 0.136326 0.0626305 0.174113 0.125261 3.4622e-05
6 0.011691 0.956507 0.0167015 0.0869868 3.47175e-05
6 0.371608 0.00626305 0.0192067 0.0125261 3.48753e-05
6 0.886221 0.536187 0.0538622 0.195546 3.48924e-05
6 0.401461 0.0908142 0.0956159 0.112039 3.49176e-05
9 0.7119 1 0.0626305 0 3.49444e-05
2 0.470772 0.983994 0.674322 0.0320111 3.49819e-05
6 0.466806 0.0504523 0.0133612 0.0285317 3.49823e-05
6 0.639248 0.9746 0.0810021 0.0508003 3.49883e-05
6 0.403132 0.0139179 0.0446764 0.0278358 3.51082e-05
6 0.319833 0.987126 0.0375783 0.0257481 3.51352e-05
6 0.488727 0.146138 0.0346555 0.107168 3.5225e-05
6 0.302714 0.974252 0.0484342 0.0514962 3.52735e-05
7 0.421712 1 0.0701461 0 3.52807e-05
6 0.340292 0.0581072 0.0626305 0.0633264 3.54126e-05
5 0.586639 0.100905 0.213779 0.108559 3.5461e-05
7 0.447182 0.48469 0.0308977 0.0911621 3.54918e-05
6 0.407516 0.60508 0.103549 0.0772443 3.55745e-05
6 0.544885 0.0581072 0.0517745 0.0480167 3.55787e-05
6 0.378497 0.00487126 0.0271399 0.00974252 3.55805e-05
6 0.464718 0.136395 0.0334029 0.0876827 3.59514e-05
6 0.735282 0.543841 0.0283925 0.032707 3.59623e-05
3 0.88977 0.763048 0.220459 0.473904 3.60785e-05
5 0.586848 0.0236604 0.153236 0.0473208 3.61493e-05
6 0.468476 0.125261 0.0133612 0.0473208 3.61544e-05
5 0.4881 0.0187891 0.164509 0.0375783 3.61771e-05
6 0.461795 0.0438413 0.0125261 0.0250522 3.64438e-05
3 0.394363 0.520529 0.630063 0.197634 3.65702e-05
9 0.891649 0.0107864 0.0329854 0.0215727 3.66436e-05
6 0.883507 0.0153097 0.0626305 0.0306193 3.68011e-05
6 0.559081 0.670146 0.0559499 0.0570633 3.68563e-05
6 0.390188 0.00556715 0.0313152 0.0111343 3.69196e-05
6 0.539248 0.549408 0.0154489 0.0313152 3.69499e-05
6 0.714823 0.0170494 0.0517745 0.0340988 3.71595e-05
6 0.312317 0.137439 0.0617954 0.0508003 3.71679e-05
6 0.38977 0.0222686 0.0338205 0.0292276 3.71712e-05
6 0.390188 0.637439 0.0212944 0.0320111 3.73594e-05
6 0.0104384 0.299582 0.0208768 0.157968 3.73648e-05
7 0.478079 0.701809 0.0292276 0.139875 3.75022e-05
5 0.403549 0.0212248 0.134864 0.0424495 3.75801e-05
3 0.254071 0.382394 0.508142 0.764788 3.77602e-05
6 0.261587 0.551148 0.074739 0.0835073 3.78522e-05
6 0.987683 0.481211 0.0137787 0.0995129 3.81377e-05
6 0.45261 0.0191371 0.0384134 0.0340988 3.81509e-05
0 0.989979 0.845859 0.0200418 0.308281 3.81593e-05
6 0.605846 0.973904 0.0876827 0.0521921 3.82316e-05
9 0.8238 1 0.0826722 0 3.83784e-05
7 0.527349 0.48469 0.0709812 0.102296 3.84887e-05
6 0.912317 0.013222 0.056785 0.026444 3.8564e-05
9 0.868476 0.012874 0.0417537 0.0229645 3.86252e-05
6 0.583299 0.0107864 0.0300626 0.0215727 3.87183e-05
6 0.0528184 0.27801 0.0572025 0.0772443 3.93437e-05
5 0.818998 0.238692 0.130689 0.17119 3.93793e-05
6 0.0123173 0.426235 0.0229645 0.199722 3.95155e-05
6 0.446764 0.148225 0.0434238 0.072373 3.95242e-05
6 0.111482 0.980167 0.0743215 0.039666 3.95527e-05
9 0.604802 1 0.0663883 0 3.96594e-05
6 0.390605 0.0191371 0.0212944 0.0146138 3.96919e-05
5 0.68476 0.181628 0.16952 0.237996 3.96987e-05
6 0.988309 0.48991 0.0208768 0.231037 3.98983e-05
6 0.706263 0.543145 0.0363257 0.0410578 3.99286e-05
6 0.0246347 0.019833 0.0492693 0.039666 4.00711e-05
5 0.732777 0.159012 0.353236 0.209464 4.00934e-05
6 0.301253 0.626653 0.0496868 0.0410578 4.01073e-05
6 0.577244 0.555324 0.0212944 0.0278358 4.03325e-05
7 0.564301 0.487126 0.0572025 0.0793319 4.03524e-05
6 0.595407 0.00487126 0.022547 0.00974252 4.04531e-05
8 0.0793319 1 0.158664 0 4.05135e-05
6 0.89499 0.9492 0.102296 0.101601 4.06196e-05
6 0.417328 0.115866 0.0463466 0.059151 4.06708e-05
6 0.497495 0.633264 0.0229645 0.0403619 4.08485e-05
6 0.468894 0.136395 0.0200418 0.0473208 4.09377e-05
6 0.762213 0.494781 0.0354906 0.0626305 4.0947e-05
6 0.229436 0.96277 0.0263048 0.0744607 4.10431e-05
6 0.578706 0.552888 0.0125261 0.0201809 4.1051e-05
6 0.490397 0.576896 0.0154489 0.0334029 4.11229e-05
6 0.215031 0.495129 0.0375783 0.0452331 4.14061e-05
9 0.58309 0.565066 0.0212944 0.0250522 4.18337e-05
6 0.487474 0.636047 0.0204593 0.0445372 4.20172e-05
6 0.523382 0.665275 0.0271399 0.0640223 4.20888e-05
6 0.181837 0.970772 0.0321503 0.0320111 4.21093e-05
6 0.0839248 0.519833 0.0609603 0.14753 4.21356e-05
5 0.770146 0.143354 0.124843 0.199026 4.22862e-05
6 0.440501 0.0187891 0.0509395 0.0375783 4.2305e-05
6 0.464301 0.0695894 0.0133612 0.0306193 4.24608e-05
6 0.986221 0.161795 0.0275574 0.142658 4.24689e-05
6 0.987056 0.219555 0.0258873 0.155184 4.25424e-05
6 0.0515658 0.13396 0.0705637 0.0521921 4.28199e-05
6 0.691441 0.978427 0.0434238 0.0417537 4.29276e-05
6 0.370981 0.678497 0.124843 0.111343 4.29719e-05
6 0.878079 0.416841 0.120251 0.146138 4.2976e-05
6 0.194572 0.0313152 0.0434238 0.0626305 4.30397e-05
6 0.409395 0.712596 0.0421712 0.0695894 4.32638e-05
6 0.475574 0.144398 0.0275574 0.110647 4.33632e-05
6 0.750939 0.548365 0.174948 0.180932 4.34142e-05
6 0.492484 0.00800278 0.0187891 0.0146138 4.35817e-05
6 0.690605 0.545233 0.0308977 0.039666 4.36161e-05
5 0.699791 0.291232 0.559499 0.529576 4.37338e-05
6 0.143424 0.469381 0.0321503 0.0494085 4.38279e-05
6 0.378706 0.013222 0.0409186 0.026444 4.3831e-05
7 0.58977 0.495825 0.0137787 0.0842032 4.38872e-05
5 0.31524 0.2373 0.187056 0.244955 4.3939e-05
6 0.687265 0.0153097 0.0475992 0.0306193 4.40027e-05
6 0.452401 0.0125261 0.0221294 0.0167015 4.4111e-05
6 0.668058 0.0824635 0.102714 0.0758525 4.43085e-05
9 0.859081 1 0.073904 0 4.4344e-05
6 0.618789 0.681628 0.0517745 0.0605428 4.43557e-05
6 0.0835073 0.978079 0.0759917 0.0438413 4.45233e-05
4 0.607724 0.775226 0.784551 0.360473 4.46112e-05
5 0.483299 0.197286 0.256785 0.177453 4.46563e-05
7 0.687056 0.63222 0.0663883 0.0605428 4.46758e-05
6 0.0517745 0.113779 0.0643006 0.0438413 4.46868e-05
6 0.424008 0.573417 0.0154489 0.0306193 4.47902e-05
6 0.606681 0.665623 0.0167015 0.0354906 4.48123e-05
6 0.485177 0.0556715 0.0484342 0.0612387 4.49052e-05
6 0.523173 0.641267 0.0275574 0.0521921 4.49714e-05
6 0.721712 0.916841 0.0989562 0.12874 4.50098e-05
6 0.295616 0.985734 0.0359081 0.0285317 4.52489e-05
6 0.517954 0.152749 0.0455115 0.059151 4.53026e-05
5 0.712944 0.310717 0.177453 0.290188 4.53401e-05
5 0.0926931 0.21016 0.177035 0.293667 4.53535e-05
6 0.710438 0.971468 0.0379958 0.0570633 4.54759e-05
6 0.211482 0.988866 0.0605428 0.0222686 4.62079e-05
6 0.442589 0.986778 0.0484342 0.026444 4.64869e-05
6 0.952192 0.373347 0.0889353 0.180237 4.65855e-05
6 0.454489 0.0347947 0.0321503 0.0375783 4.66785e-05
6 0.00730689 0.302366 0.0146138 0.0828114 4.68087e-05
6 0.64572 0.991301 0.0363257 0.0173974 4.68155e-05
6 0.993737 0.494433 0.0125261 0.102296 4.69384e-05
5 0.837161 0.197634 0.325678 0.26444 4.70551e-05
6 0.818372 0.534447 0.080167 0.102992 4.70932e-05
6 0.764092 0.978427 0.0726514 0.0347947 4.70939e-05
6 0.757411 0.55254 0.0601253 0.0876827 4.72551e-05
0 0.00480167 0.929367 0.00960334 0.135699 4.766e-05
5 0.292067 0.150661 0.130689 0.106472 4.8071e-05
5 0.173904 0.877871 0.347808 0.127349 4.80804e-05
6 0.177035 0.0121781 0.0517745 0.0243563 4.82018e-05
6 0.609395 0.626653 0.143215 0.132916 4.83989e-05
6 0.335282 0.53897 0.034238 0.0661099 4.87189e-05
6 0.293528 0.62039 0.0200418 0.0313152 4.92274e-05
6 0.611691 0.670494 0.0300626 0.039666 4.93134e-05
6 0.740501 0.97112 0.0229645 0.032707 4.97109e-05
5 0.292902 0.0640223 0.14405 0.0821155 4.99266e-05
6 0.100626 0.495477 0.0626305 0.0807237 4.99614e-05
2 0.44572 0.971816 0.470564 0.0424495 4.99915e-05
6 0.05762 0.964857 0.0860125 0.0702853 5.03507e-05
6 0.416075 0.593946 0.0154489 0.0313152 5.04374e-05
6 0.393528 0.7119 0.0146138 0.052888 5.06337e-05
6 0.479541 0.577592 0.0146138 0.0292276 5.06904e-05
5 0.646138 0.946068 0.493946 0.107864 5.10109e-05
5 0.462422 0.0814196 0.439666 0.146138 5.12738e-05
6 0.676827 0.543493 0.0183716 0.0375783 5.18123e-05
6 0.406889 0.693111 0.0588727 0.072373 5.18628e-05
6 0.131106 0.470772 0.0283925 0.0452331 5.21513e-05
5 0.226096 0.150661 0.452192 0.301322 5.25666e-05
6 0.44739 0.0497564 0.0488518 0.0577592 5.26022e-05
6 0.620668 0.652401 0.0597077 0.0535839 5.29218e-05
6 0.290397 0.688239 0.276827 0.193459 5.3084e-05
6 0.643841 0.554976 0.023382 0.0299235 5.31423e-05
6 0.117745 0.0184412 0.080167 0.0368824 5.32208e-05
6 0.491023 0.13222 0.0626305 0.109951 5.34315e-05
6 0.407307 0.638483 0.0212944 0.0313152 5.36588e-05
9 0.677871 1 0.0597077 0 5.44129e-05
5 0.445303 0.875783 0.803758 0.217815 5.45197e-05
6 0.81023 0.0170494 0.0496868 0.0340988 5.46304e-05
6 0.659708 0.991649 0.0325679 0.0167015 5.47808e-05
6 0.416493 0.608212 0.0179541 0.0320111 5.49101e-05
6 0.477035 0.141614 0.0212944 0.0410578 5.49247e-05
8 0.683507 0.639875 0.138622 0.113431 5.51671e-05
6 0.811482 0.00974252 0.0354906 0.019485 5.52974e-05
5 0.483925 0.0643702 0.222129 0.0883786 5.53304e-05
6 0.230898 0.968685 0.022547 0.0403619 5.57746e-05
6 0.720251 0.989562 0.0292276 0.0208768 5.60751e-05
6 0.0100209 0.101949 0.0200418 0.160752 5.61895e-05
9 0.636743 1 0.0643006 0 5.62931e-05
6 0.454906 0.639179 0.0263048 0.0410578 5.63468e-05
6 0.146138 0.470425 0.0484342 0.0862909 5.63922e-05
6 0.567015 0.543493 0.0242171 0.0445372 5.66915e-05
6 0.984551 0.30167 0.0308977 0.152401 5.7434e-05
6 0.991232 0.059151 0.0175365 0.118302 5.74565e-05
7 0.390814 0.496521 0.101044 0.118998 5.76105e-05
3 0.718789 0.574113 0.408768 0.257481 5.80388e-05
5 0.580793 0.980515 0.22547 0.0389701 5.83635e-05
6 0.287056 0.569241 0.0162839 0.0306193 5.83675e-05
7 0.495407 0.494433 0.0204593 0.124565 5.87468e-05
6 0.429854 0.639179 0.0212944 0.0354906 5.88349e-05
6 0.736117 0.578636 0.0167015 0.032707 5.8991e-05
6 0.603132 0.529576 0.0329854 0.052888 5.91575e-05
6 0.441545 0.637091 0.0196242 0.0368824 5.93995e-05
6 0.625887 0.652749 0.023382 0.0417537 5.95496e-05
5 0.730063 0.100905 0.217537 0.168406 5.96886e-05
6 0.0501044 0.0243563 0.0826722 0.0487126 5.98841e-05
5 0.317954 0.10508 0.210856 0.13222 6.00063e-05
2 0.753236 0.485734 0.493528 0.413361 6.01665e-05
6 0.603549 0.59499 0.040501 0.0487126 6.03008e-05
6 0.122129 0.493737 0.0430063 0.0577592 6.06988e-05
6 0.455115 0.0281837 0.0175365 0.0215727 6.11581e-05
6 0.326305 0.625261 0.02881 0.0535839 6.1175e-05
6 0.0782881 0.0167015 0.0847599 0.0334029 6.12617e-05
6 0.652192 0.0208768 0.0718163 0.0417537 6.14372e-05
0 0.0104384 0.820111 0.0183716 0.265136 6.14859e-05
6 0.815658 0.574809 0.0981211 0.146138 6.15203e-05
6 0.184551 0.98643 0.056785 0.0271399 6.16239e-05
6 0.288518 0.125609 0.0484342 0.0243563 6.21129e-05
6 0.420251 0.67293 0.0187891 0.0556715 6.23625e-05
6 0.226305 0.588031 0.103549 0.119694 6.26438e-05
2 0.263048 0.477383 0.143633 0.139179 6.30936e-05
7 0.730898 0.322199 0.0655532 0.244955 6.31116e-05
5 0.661587 0.105776 0.176618 0.125261 6.40263e-05
6 0.373904 0.558803 0.359499 0.0793319 6.49814e-05
6 0.293319 0.133264 0.063048 0.110647 6.58169e-05
5 0.684551 0.910578 0.449687 0.155184 6.66506e-05
6 0.48476 0.00695894 0.0250522 0.0139179 6.66962e-05
6 0.223382 0.572025 0.0317328 0.0347947 6.70748e-05
6 0.469937 0.614823 0.0271399 0.0354906 6.71335e-05
6 0.0100209 0.243911 0.0200418 0.189979 6.71636e-05
5 0.363883 0.0267919 0.144885 0.0535839 6.72563e-05
6 0.780793 0.987822 0.0768267 0.0243563 6.73149e-05
6 0.38977 0.604036 0.039666 0.0403619 6.77646e-05
6 0.71858 0.56611 0.17453 0.110647 6.84348e-05
6 0.260125 0.019485 0.0751566 0.0389701 6.84733e-05
6 0.522756 0.55428 0.0150313 0.0424495 6.87109e-05
6 0.764092 0.948156 0.103549 0.102296 6.88168e-05
6 0.466806 0.0615866 0.0325679 0.0647182 6.90987e-05
6 0.247808 0.562978 0.017119 0.0292276 6.91027e-05
5 0.548643 0.973208 0.441754 0.0535839 6.91141e-05
6 0.577871 0.601253 0.0183716 0.0292276 6.96733e-05
6 0.415658 0.637787 0.0179541 0.0340988 6.97597e-05
6 0.492693 0.692415 0.0359081 0.0890745 6.99744e-05
6 0.634447 0.0139179 0.0488518 0.0278358 7.02197e-05
6 0.465762 0.658316 0.193319 0.150313 7.0653e-05
7 0.464927 0.7373 0.0688935 0.132916 7.15843e-05
6 0.00709812 0.965553 0.0141962 0.0688935 7.18224e-05
6 0.505845 0.581768 0.0221294 0.0306193 7.21457e-05
6 0.420042 0.988518 0.0425887 0.0229645 7.22351e-05
6 0.574113 0.548017 0.210438 0.0563674 7.2512e-05
6 0.194363 0.977731 0.0455115 0.0431454 7.28763e-05
6 0.407307 0.583159 0.0363257 0.0361865 7.31699e-05
6 0.644259 0.57794 0.0192067 0.0438413 7.39604e-05
6 0.538831 0.0226166 0.0655532 0.0452331 7.40688e-05
8 0.651148 0.565066 0.097286 0.0890745 7.40716e-05
7 0.604384 0.499652 0.0263048 0.0932498 7.40866e-05
6 0.231106 0.98469 0.0296451 0.0306193 7.43384e-05
6 0.410021 0.63048 0.190397 0.0848991 7.45414e-05
2 0.609812 0.495825 0.115658 0.135699 7.4574e-05
7 0.481211 0.474948 0.0254697 0.137091 7.46279e-05
5 0.247808 0.118302 0.2 0.165623 7.4788e-05
6 0.55261 0.604036 0.0263048 0.0417537 7.4816e-05
5 0.15595 0.103688 0.0939457 0.175365 7.48536e-05
6 0.647182 0.992345 0.0517745 0.0153097 7.53938e-05
6 0.44739 0.0848991 0.0814196 0.123869 7.5627e-05
6 0.290188 0.0184412 0.0776618 0.0368824 7.57038e-05
6 0.194363 0.0104384 0.0329854 0.0208768 7.59982e-05
6 0.470355 0.592206 0.0229645 0.0334029 7.67634e-05
6 0.484969 0.0153097 0.039666 0.0306193 7.67985e-05
6 0.498121 0.0267919 0.0693111 0.0535839 7.70873e-05
8 0.611065 0.52366 0.0496868 0.085595 7.73598e-05
4 0.771399 0.720251 0.457202 0.559499 7.87734e-05
6 0.017119 0.00974252 0.022547 0.019485 7.88362e-05
6 0.454906 0.614127 0.0237996 0.0368824 7.8931e-05
6 0.00751566 0.196938 0.0133612 0.168406 7.90569e-05
6 0.234238 0.975644 0.0409186 0.0487126 7.93442e-05
2 0.329436 0.583507 0.34572 0.178845 8.12171e-05
6 0.320042 0.0187891 0.0680585 0.0375783 8.17594e-05
6 0.00688935 0.194502 0.0104384 0.0953375 8.21418e-05
6 0.478706 0.61865 0.0237996 0.0347947 8.24021e-05
6 0.230271 0.574113 0.0563674 0.0681976 8.30586e-05
6 0.47119 0.972164 0.0530271 0.052888 8.33994e-05
6 0.370146 0.688587 0.0196242 0.0424495 8.34861e-05
6 0.61023 0.0215727 0.0713987 0.0431454 8.40485e-05
6 0.509186 0.0135699 0.0430063 0.0271399 8.43431e-05
6 0.286639 0.98991 0.0622129 0.0201809 8.44032e-05
6 0.794572 0.923452 0.091023 0.135003 8.45138e-05
6 0.118789 0.470077 0.0881002 0.0953375 8.45648e-05
6 0.00542797 0.217467 0.0108559 0.106472 8.4745e-05
6 0.662004 0.012874 0.0455115 0.0257481 8.47573e-05
6 0.00584551 0.0504523 0.011691 0.0911621 8.49191e-05
4 0.295616 0.714335 0.400835 0.31524 8.55181e-05
6 0.286221 0.13396 0.063048 0.0480167 8.55359e-05
5 0.834029 0.274878 0.185804 0.290884 8.56218e-05
6 0.493111 0.970424 0.0425887 0.0549756 8.63644e-05
6 0.26785 0.57968 0.0254697 0.0320111 8.63973e-05
6 0.00501044 0.0908142 0.0100209 0.0772443 8.64031e-05
5 0.281211 0.92206 0.562422 0.15588 8.65123e-05
6 0.986848 0.35247 0.0263048 0.137091 8.68685e-05
5 0.143841 0.273486 0.287683 0.307585 8.73375e-05
5 0.444676 0.0981211 0.17119 0.13222 8.77716e-05
6 0.96263 0.0114823 0.0471816 0.0229645 8.8599e-05
6 0.718998 0.991301 0.0526096 0.0173974 8.87504e-05
6 0.749269 0.873347 0.139875 0.15588 8.88906e-05
6 0.191858 0.0173974 0.0446764 0.0347947 8.90917e-05
5 0.470146 0.0379262 0.204593 0.0758525 8.94116e-05
6 0.536117 0.5508 0.451775 0.121781 8.99097e-05
6 0.611273 0.0142658 0.0517745 0.0285317 9.01593e-05
6 0.22714 0.589074 0.0417537 0.0494085 9.02941e-05
7 0.636117 0.532011 0.0129436 0.0410578 9.08118e-05
6 0.467015 0.0977731 0.0129436 0.106472 9.127e-05
7 0.471608 0.696938 0.02881 0.0758525 9.16628e-05
6 0.0379958 0.0160056 0.0559499 0.0320111 9.19935e-05
6 0.561587 0.012874 0.0434238 0.0257481 9.20817e-05
5 0.757411 0.267571 0.485177 0.535143 9.3019e-05
3 0.180585 0.518093 0.361169 0.923452 9.38708e-05
6 0.932985 0.0107864 0.0455115 0.0215727 9.40051e-05
7 0.164301 0.0998608 0.0221294 0.199722 9.50291e-05
6 0.487056 0.610995 0.149061 0.0737648 9.53518e-05
9 0.572651 0.980863 0.0755741 0.0382742 9.53695e-05
6 0.99144 0.0386221 0.0121086 0.0772443 9.6219e-05
5 0.270564 0.26444 0.534447 0.372999 9.62666e-05
3 0.86263 0.513918 0.274739 0.810717 9.64308e-05
6 0.40501 0.019833 0.0634656 0.039666 9.6516e-05
6 0.76263 0.503132 0.0263048 0.0306193 9.70775e-05
5 0.244259 0.924148 0.436743 0.111343 9.71959e-05
5 0.276409 0.134308 0.552818 0.268615 9.76051e-05
6 0.426096 0.601601 0.0196242 0.0340988 9.80296e-05
6 0.538413 0.0125261 0.0446764 0.0250522 9.83261e-05
6 0.717537 0.557759 0.017119 0.0271399 9.83941e-05
5 0.498539 0.321155 0.0592902 0.141267 9.95613e-05
6 0.38476 0.0177453 0.0580376 0.0354906 0.00010003
6 0.638413 0.624565 0.0559499 0.0494085 0.000101331
6 0.628184 0.561935 0.0496868 0.0521921 0.000101987
6 0.470981 0.0320111 0.0701461 0.0640223 0.000102841
6 0.255324 0.986778 0.0521921 0.026444 0.000102956
6 0.991023 0.0177453 0.0154489 0.0354906 0.00010317
6 0.00521921 0.175713 0.0104384 0.0869868 0.000104247
6 0.410856 0.65762 0.134447 0.0876827 0.000105117
6 0.589562 0.986778 0.0475992 0.026444 0.000105143
6 0.443006 0.58977 0.0141962 0.0313152 0.000105312
6 0.98476 0.0243563 0.0304802 0.0487126 0.000105328
2 0.711273 0.477035 0.190814 0.164927 0.000106307
6 0.565553 0.606472 0.0212944 0.032707 0.000106822
6 0.386013 0.577244 0.0229645 0.039666 0.00010694
6 0.00626305 0.0720251 0.00835073 0.0883786 0.000108479
6 0.606681 0.64753 0.023382 0.0340988 0.000109331
6 0.478288 0.596381 0.0229645 0.0306193 0.000109481
5 0.859708 0.113779 0.280585 0.22199 0.000109606
6 0.491023 0.59499 0.0242171 0.0320111 0.000109793
6 0.665971 0.554976 0.0208768 0.0299235 0.000110944
6 0.00668058 0.110995 0.0091858 0.0688935 0.000112014
6 0.61023 0.624565 0.051357 0.0869868 0.000112358
5 0.799374 0.938065 0.200835 0.123869 0.000112816
6 0.235073 0.73382 0.0501044 0.0619346 0.000113034
6 0.534029 0.623869 0.068476 0.0716771 0.000114188
6 0.321712 0.560195 0.0162839 0.0320111 0.000114286
6 0.444259 0.033055 0.0701461 0.0661099 0.000114682
6 0.18476 0.0205289 0.0797495 0.0410578 0.000114895
6 0.388935 0.697634 0.0296451 0.0466249 0.000116227
6 0.586639 0.598817 0.0183716 0.0368824 0.000116839
6 0.297077 0.615518 0.139875 0.0967293 0.000117295
6 0.306054 0.989214 0.045929 0.0215727 0.000117399
5 0.72547 0.121434 0.539875 0.242867 0.000118349
6 0.690605 0.57968 0.0208768 0.0292276 0.000121486
6 0.687265 0.658316 0.0709812 0.0821155 0.000121587
6 0.372025 0.558455 0.0292276 0.0521921 0.000121712
6 0.517954 0.608907 0.0229645 0.0389701 0.000122617
6 0.702714 0.607864 0.0475992 0.039666 0.000124396
6 0.6762 0.992693 0.0463466 0.0146138 0.000124474
5 0.16096 0.256785 0.321921 0.51357 0.000125823
6 0.302296 0.574113 0.0384134 0.0417537 0.000126764
6 0.763257 0.0281837 0.056785 0.0563674 0.000128106
6 0.133194 0.488866 0.0283925 0.0494085 0.000128202
6 0.721921 0.979123 0.0475992 0.0375783 0.000128858
6 0.458455 0.568198 0.0175365 0.0480167 0.000130427
6 0.624635 0.641267 0.0334029 0.0410578 0.000131334
7 0.163883 0.0925539 0.0179541 0.0890745 0.000131909
6 0.653653 0.564022 0.0154489 0.0243563 0.000134032
6 0.762422 0.00800278 0.0409186 0.0160056 0.000135119
6 0.747182 0.573765 0.0296451 0.0313152 0.000135669
6 0.00668058 0.133612 0.0133612 0.109951 0.000135706
6 0.589353 0.0135699 0.0505219 0.0271399 0.000136606
2 0.864927 0.392832 0.179958 0.245651 0.000136752
6 0.768267 0.981907 0.0835073 0.0361865 0.000137141
6 0.583716 0.0219207 0.0734864 0.0438413 0.000138088
6 0.135491 0.490257 0.0421712 0.0800278 0.000138934
6 0.554697 0.560543 0.0137787 0.0340988 0.000140604
6 0.563883 0.620738 0.0346555 0.0417537 0.000140975
4 0.222338 0.803758 0.444676 0.35769 0.000142994
6 0.733194 0.578636 0.068476 0.0800278 0.000143825
6 0.00521921 0.134656 0.0104384 0.0675017 0.000149107
5 0.269311 0.964161 0.450939 0.0716771 0.000149297
6 0.389353 0.651705 0.0246347 0.0313152 0.000149407
6 0.618372 0.651357 0.0208768 0.0347947 0.000149887
6 0.716284 0.605776 0.102296 0.0688935 0.000154451
6 0.681211 0.557759 0.051357 0.0758525 0.000155332
6 0.439457 0.576548 0.017119 0.0299235 0.000157042
6 0.232985 0.98643 0.0517745 0.0271399 0.000160077
6 0.488309 0.61865 0.0271399 0.0361865 0.000162541
0 0.0108559 0.890745 0.0192067 0.218511 0.000162774
7 0.630689 0.492693 0.0271399 0.091858 0.000163168
6 0.435908 0.685108 0.0308977 0.0883786 0.00016421
6 0.367641 0.662839 0.0379958 0.0466249 0.000164643
6 0.231315 0.724078 0.0283925 0.0535839 0.000167225
7 0.427557 0.69833 0.0192067 0.0744607 0.000168147
5 0.217954 0.328114 0.0693111 0.235908 0.000168644
6 0.323591 0.541406 0.0334029 0.0570633 0.000169792
6 0.427349 0.590814 0.017119 0.0278358 0.000169957
6 0.429228 0.602992 0.0425887 0.0605428 0.000171352
6 0.694155 0.992693 0.0471816 0.0146138 0.000173237
6 0.524426 0.672582 0.0584551 0.0981211 0.000173614
6 0.338205 0.555324 0.0141962 0.0334029 0.000175841
6 0.535908 0.590466 0.126514 0.0883786 0.000176585
6 0.539457 0.586987 0.0718163 0.0633264 0.000177671
6 0.29499 0.612039 0.085595 0.0605428 0.000181871
7 0.600209 0.497216 0.0638831 0.0953375 0.000185258
5 0.806889 0.953375 0.386221 0.0932498 0.000189455
4 0.774948 0.832637 0.450104 0.305498 0.000189559
5 0.794363 0.213292 0.411273 0.377871 0.000190707
6 0.498539 0.617258 0.0275574 0.0347947 0.000191046
5 0.480167 0.103688 0.754906 0.207376 0.00019178
5 0.47286 0.296799 0.0563674 0.127349 0.000194555
6 0.487891 0.581072 0.0329854 0.0334029 0.000198841
6 0.460334 0.581768 0.0246347 0.0306193 0.000198994
5 0.101253 0.113779 0.202505 0.227557 0.000199738
6 0.591023 0.631872 0.0421712 0.0514962 0.000200661
6 0.35261 0.0156576 0.0505219 0.0313152 0.000202963
6 0.469102 0.0949896 0.0221294 0.138483 0.000204019
6 0.760543 0.0163535 0.0563674 0.032707 0.00020465
6 0.330063 0.557759 0.0154489 0.0285317 0.000207168
6 0.451566 0.601601 0.0154489 0.0368824 0.000207714
6 0.565762 0.564022 0.011691 0.0257481 0.000207889
6 0.542589 0.563674 0.0221294 0.0487126 0.000213811
6 0.464927 0.0929019 0.0129436 0.0466249 0.000214801
6 0.31357 0.586639 0.0334029 0.0403619 0.00021483
5 0.785386 0.908838 0.429228 0.182324 0.000218349
6 0.432777 0.661795 0.0505219 0.0932498 0.000220026
2 0.600626 0.479123 0.286013 0.124565 0.000222888
6 0.558873 0.582811 0.0505219 0.0452331 0.000223894
6 0.23382 0.565066 0.0183716 0.0417537 0.000227005
6 0.540292 0.616214 0.0392484 0.039666 0.000227588
5 0.46618 0.956507 0.577453 0.0869868 0.000227948
6 0.464509 0.115866 0.0146138 0.0480167 0.000239326
6 0.288727 0.586291 0.0613779 0.0563674 0.000239477
6 0.0137787 0.0177453 0.0275574 0.0354906 0.000243799
6 0.370772 0.637787 0.0860125 0.0744607 0.000244938
7 0.503758 0.703201 0.0605428 0.118998 0.000245513
7 0.31858 0.504871 0.144468 0.132916 0.000247581
6 0.658038 0.580724 0.0208768 0.0368824 0.000248078
6 0.00793319 0.0240084 0.0158664 0.0480167 0.000248206
6 0.411065 0.597077 0.0446764 0.0306193 0.000251399
7 0.476409 0.483646 0.0442589 0.0862909 0.000259944
6 0.469937 0.0890745 0.0162839 0.0584551 0.00026254
6 0.380585 0.648921 0.0221294 0.0313152 0.000262603
5 0.274739 0.307933 0.175365 0.27627 0.000263394
9 0.58643 0.57794 0.0296451 0.0299235 0.000268065
6 0.529854 0.563326 0.0133612 0.0368824 0.000268974
6 0.487474 0.639527 0.0379958 0.0598469 0.000273827
6 0.333194 0.611691 0.0442589 0.0542797 0.000274596
6 0.380376 0.679193 0.0283925 0.0445372 0.000276691
7 0.616075 0.496173 0.0229645 0.0904662 0.000283213
7 0.499374 0.476688 0.0676409 0.0932498 0.000283657
6 0.290188 0.56263 0.0784969 0.085595 0.000296619
5 0.492276 0.137439 0.241336 0.134308 0.000303583
3 0.856785 0.631524 0.28643 0.67293 0.000310441
6 0.73215 0.56437 0.0279749 0.0445372 0.000318273
6 0.453236 0.585595 0.0154489 0.0313152 0.000319177
5 0.508768 0.918928 0.70856 0.162143 0.000320415
6 0.255532 0.586987 0.0701461 0.0549756 0.000321466
2 0.67453 0.468337 0.362004 0.203201 0.000327135
6 0.355741 0.563326 0.0275574 0.0452331 0.000330823
6 0.281628 0.602992 0.0221294 0.0299235 0.000334235
6 0.783299 0.973904 0.105219 0.0521921 0.000342873
6 0.00626305 0.0281837 0.00835073 0.0563674 0.00034571
6 0.741962 0.585943 0.0292276 0.0320111 0.000350505
6 0.397286 0.657968 0.0563674 0.0688935 0.0003595
6 0.359708 0.597077 0.0329854 0.0487126 0.000360989
6 0.246764 0.600905 0.0292276 0.0299235 0.000362532
5 0.803967 0.329158 0.334447 0.299235 0.000363612
6 0.464092 0.644398 0.039666 0.0570633 0.000382815
6 0.298539 0.612387 0.0300626 0.0445372 0.000391778
6 0.508142 0.621781 0.0292276 0.0368824 0.000404357
5 0.652818 0.329854 0.393737 0.272791 0.000405889
6 0.407724 0.680585 0.0263048 0.0542797 0.000407833
7 0.644468 0.504871 0.0463466 0.103688 0.000417399
6 0.361587 0.549408 0.0133612 0.039666 0.000428354
6 0.00688935 0.013222 0.0112735 0.026444 0.000469954
9 0.591649 0.559847 0.0242171 0.0354906 0.000479284
6 0.278914 0.580376 0.0150313 0.0292276 0.000481245
9 0.669311 0.590814 0.023382 0.0361865 0.00050215
2 0.319207 0.490953 0.283507 0.14405 0.000505553
6 0.408351 0.626653 0.0534447 0.0382742 0.000516701
6 0.371608 0.641267 0.0300626 0.0508003 0.000521193
6 0.451983 0.574809 0.0104384 0.0334029 0.000521316
9 0.670355 0.619346 0.0304802 0.0514962 0.000557224
6 0.441962 0.592902 0.0371608 0.0320111 0.000566109
3 0.112944 0.61865 0.225887 0.7627 0.000573832
6 0.440919 0.608907 0.0275574 0.0292276 0.000591195
7 0.471816 0.477035 0.107724 0.109255 0.000591785
6 0.409395 0.656228 0.0313152 0.0417537 0.000600149
6 0.506472 0.647182 0.440919 0.228253 0.000613772
7 0.441754 0.697286 0.0626305 0.112735 0.000616036
6 0.572651 0.561239 0.0438413 0.0354906 0.000619779
9 0.631106 0.588379 0.0421712 0.0452331 0.000627634
7 0.621503 0.502436 0.051357 0.0960334 0.000636838
7 0.637161 0.507655 0.0200418 0.0758525 0.000642727
6 0.665762 0.573417 0.0187891 0.0375783 0.00065978
6 0.683925 0.576548 0.0400835 0.0480167 0.000666287
6 0.462839 0.605428 0.0321503 0.0278358 0.000670491
6 0.437787 0.645094 0.0296451 0.045929 0.000674222
6 0.319207 0.617606 0.0379958 0.032707 0.000679894
5 0.473486 0.295059 0.0885177 0.183716 0.000691681
5 0.325261 0.335073 0.344885 0.258177 0.000693699
9 0.657829 0.568198 0.0488518 0.0521921 0.000706394
5 0.472025 0.173626 0.556576 0.277662 0.000744747
6 0.487056 0.60334 0.0379958 0.0334029 0.000748879
6 0.383716 0.664579 0.0283925 0.0389701 0.000755343
6 0.441127 0.608559 0.0455115 0.0424495 0.000812474
6 0.470355 0.591858 0.0488518 0.0382742 0.000889613
6 0.397704 0.679193 0.0212944 0.0445372 0.000901382
6 0.534029 0.605428 0.0250522 0.0389701 0.000935758
6 0.504384 0.596381 0.0626305 0.0570633 0.00095976
6 0.364092 0.565066 0.0125261 0.0361865 0.000989365
6 0.729645 0.593946 0.02881 0.032707 0.00103115
6 0.266597 0.592206 0.0321503 0.0347947 0.00103949
6 0.651357 0.554628 0.0334029 0.0514962 0.00105822
9 0.643006 0.598121 0.0275574 0.0299235 0.00107054
6 0.715449 0.570981 0.0354906 0.0438413 0.00108732
7 0.639457 0.513222 0.0104384 0.0647182 0.00113879
6 0.504593 0.636395 0.040501 0.0605428 0.00121506
6 0.51524 0.597077 0.0359081 0.0361865 0.00127008
6 0.385386 0.590466 0.0359081 0.0410578 0.00129964
6 0.288727 0.587335 0.0346555 0.0334029 0.00130581
6 0.474948 0.617606 0.0471816 0.059151 0.00131472
6 0.524635 0.578288 0.0154489 0.0306193 0.0013314
6 0.565553 0.580028 0.0137787 0.0243563 0.0013412
6 0.551775 0.568894 0.0321503 0.0382742 0.00135936
6 0.29144 0.60334 0.0367432 0.0361865 0.00139578
6 0.278079 0.591858 0.0183716 0.032707 0.00139669
3 0.31691 0.58977 0.498539 0.422408 0.0015894
6 0.237578 0.576548 0.0292276 0.0424495 0.0016187
7 0.464718 0.692067 0.0743215 0.0911621 0.00162273
9 0.681628 0.600209 0.0304802 0.0313152 0.00163565
9 0.64739 0.606472 0.040501 0.0299235 0.00170039
6 0.493528 0.657968 0.0734864 0.106472 0.0017452
6 0.395198 0.666319 0.0296451 0.0424495 0.00174737
6 0.253445 0.59151 0.0392484 0.0334029 0.00177948
9 0.671816 0.607864 0.0584551 0.0382742 0.00194389
6 0.37453 0.5762 0.0375783 0.0431454 0.00230535
6 0.522129 0.584551 0.0246347 0.0292276 0.00245514
6 0.531315 0.577244 0.0146138 0.0340988 0.00253638
9 0.717954 0.590118 0.0221294 0.0278358 0.00324441
6 0.551148 0.582811 0.0175365 0.0285317 0.00326242
6 0.560543 0.586291 0.0279749 0.0313152 0.00334113
6 0.724843 0.583507 0.034238 0.0368824 0.00367369
8 0.584134 0.601253 0.511065 0.384134 0.0061903
6 0.545511 0.601253 0.0246347 0.0306193 0.00711634
9 0.66263 0.59499 0.0442589 0.045929 0.00715882
8 0.598121 0.579332 0.279332 0.210856 0.0120441
6 0.534864 0.589422 0.0200418 0.0334029 0.0123689
6 0.328392 0.583855 0.0346555 0.052888 0.0125855
6 0.244468 0.585247 0.02881 0.0334029 0.0188289
6 0.345511 0.585247 0.0237996 0.0473208 0.0210146
9 0.579958 0.578984 0.0141962 0.0250522 0.0228927
6 0.336534 0.592206 0.023382 0.0487126 0.0273974
6 0.545094 0.591162 0.0304802 0.0368824 0.0448029
6 0.543006 0.584203 0.0204593 0.0285317 0.121774
9 0.595825 0.572721 0.0442589 0.0445372 0.176812
6 0.348852 0.58977 0.0471816 0.0508003 0.187127
3 0.497495 0.614127 0.974948 0.695198 0.246879
6 0.726514 0.586291 0.0208768 0.0271399 0.299394
6 0.366806 0.586987 0.0212944 0.0466249 0.773248
4 0.467432 0.684412 0.856367 0.341684 0.78122
9 0.669311 0.607168 0.022547 0.0285317 0.851092
6 0.322129 0.598817 0.0371608 0.0563674 0.854246
8 0.609186 0.57794 0.0835073 0.0786361 0.860051
2 0.479958 0.453027 0.604175 0.199026 0.867331
5 0.480793 0.300626 0.575783 0.343772 0.870642
