6 0.747868 0.0370121 0.017056 0.0309556 2.19468e-05
6 0.725992 0.616083 0.0215054 0.0464334 2.19474e-05
6 0.895439 0.402759 0.045977 0.0746972 2.19926e-05
6 0.806637 0.57066 0.020393 0.0430686 2.20275e-05
6 0.64238 0.975101 0.0307749 0.0309556 2.20301e-05
6 0.794587 0.406797 0.0548758 0.105653 2.21154e-05
6 0.361884 0.48755 0.0185391 0.0316285 2.21568e-05
6 0.995551 0.972746 0.00889878 0.0531629 2.21668e-05
6 0.339637 0.501009 0.0200222 0.0329744 2.21807e-05
5 0.396181 0.95895 0.438636 0.0820996 2.21988e-05
6 0.732666 0.00471063 0.068224 0.00942126 2.22313e-05
6 0.368743 0.971736 0.025584 0.0565276 2.22835e-05
5 0.190582 0.00403769 0.116426 0.00807537 2.23004e-05
5 0.429181 0.205922 0.385984 0.2786 2.23036e-05
6 0.989062 0.206595 0.0218762 0.218035 2.23442e-05
6 0.793103 0.993943 0.0467186 0.0121131 2.24218e-05
6 0.1066 0.949529 0.0723026 0.0780619 2.24816e-05
9 0.375788 1 0.0671116 0 2.2552e-05
6 0.319244 0.0491252 0.0333704 0.0282638 2.25579e-05
6 0.431034 0.595895 0.0159436 0.038358 2.25682e-05
6 0.505006 0.0131225 0.0207638 0.0248991 2.25931e-05
6 0.30571 0.0161507 0.0582128 0.0323015 2.2614e-05
6 0.990545 0.498991 0.0189099 0.102961 2.26823e-05
6 0.0830552 0.297443 0.0637746 0.286676 2.2686e-05
7 0.731739 0.357672 0.136819 0.144684 2.26951e-05
6 0.192436 0.993607 0.0622914 0.012786 2.27047e-05
6 0.226919 0.573015 0.0207638 0.0464334 2.2706e-05
6 0.892473 0.573015 0.161661 0.382907 2.27508e-05
6 0.348721 0.489233 0.0196515 0.0323015 2.27641e-05
6 0.99036 0.106662 0.017056 0.213324 2.27717e-05
6 0.282907 0.945155 0.0489433 0.102961 2.2789e-05
6 0.709677 0.931023 0.0875046 0.133917 2.28124e-05
6 0.220059 0.494953 0.0292918 0.0477793 2.28215e-05
6 0.692807 0.982167 0.0411568 0.0356662 2.28777e-05
6 0.329811 0.492598 0.0278087 0.051144 2.28938e-05
9 0.0101965 0.977793 0.0129774 0.0417227 2.29219e-05
6 0.318317 0.990242 0.0300334 0.0195155 2.29399e-05
9 0.463478 0.996299 0.0941787 0.00740242 2.29485e-05
6 0.280682 0.992261 0.0355951 0.0154778 2.29767e-05
6 0.768076 0.993943 0.0500556 0.0121131 2.30149e-05
6 0.840378 0.48755 0.054505 0.0612382 2.30327e-05
6 0.354839 0.577725 0.0215054 0.0370121 2.30441e-05
6 0.341305 0.0992598 0.054505 0.089502 2.30704e-05
6 0.256211 0.548789 0.017056 0.0316285 2.31343e-05
6 0.315165 0.933378 0.0756396 0.12786 2.31688e-05
8 0.980534 0.938762 0.0389321 0.122476 2.31828e-05
6 0.569522 0.0218708 0.0215054 0.0289367 2.3266e-05
6 0.934742 0.103634 0.120133 0.119785 2.32897e-05
6 0.231739 0.471736 0.0274379 0.0444145 2.33111e-05
6 0.319614 0.0410498 0.0444939 0.0336474 2.3358e-05
6 0.281238 0.0460969 0.0300334 0.0235532 2.33583e-05
6 0.739896 0.454576 0.071561 0.101615 2.3377e-05
6 0.444568 0.00672948 0.0177976 0.013459 2.34181e-05
6 0.72284 0.629879 0.0812013 0.114401 2.34437e-05
6 0.395996 0.0279273 0.028921 0.0558546 2.346e-05
6 0.456804 0 0.0281795 0 2.35384e-05
7 0.178902 0.125841 0.0389321 0.174966 2.35827e-05
6 0.789025 0.483513 0.0200222 0.038358 2.36056e-05
8 0.98109 0.878869 0.0378198 0.242261 2.36442e-05
6 0.380608 0.639973 0.0166852 0.0605653 2.36881e-05
6 0.456062 0.00605653 0.0192807 0.0121131 2.37298e-05
6 0.831665 0.994953 0.0504264 0.0100942 2.37715e-05
6 0.282722 0.0272544 0.0315165 0.026245 2.37915e-05
6 0.329996 0.0753701 0.0689655 0.0713324 2.37986e-05
6 0.366889 0.503701 0.0211346 0.0343203 2.38179e-05
0 0.00296626 0.894684 0.00593252 0.131225 2.38407e-05
7 0.518725 0.351615 0.0163144 0.089502 2.39381e-05
6 0.419911 0.571669 0.0196515 0.038358 2.39506e-05
6 0.667594 0.989906 0.0329996 0.0201884 2.39561e-05
6 0.506303 0.00302826 0.0226177 0.00605653 2.3957e-05
6 0.505933 0.670256 0.0263255 0.0672948 2.40011e-05
9 0.115128 1 0.0700779 0 2.40159e-05
6 0.941231 0.482503 0.0901001 0.187079 2.40324e-05
9 0.058769 0.978129 0.0159436 0.0235532 2.40613e-05
6 0.512792 0.492934 0.017056 0.0545087 2.40712e-05
6 0.344086 0.0363392 0.0237301 0.0269179 2.4089e-05
6 0.654987 0.594549 0.0211346 0.0343203 2.41236e-05
6 0.707453 0.471063 0.0237301 0.0484522 2.41656e-05
6 0.683167 0.0763795 0.0611791 0.132571 2.42033e-05
6 0.751947 0.57638 0.0274379 0.0423957 2.42267e-05
6 0.38172 0.0181696 0.0278087 0.0363392 2.42343e-05
6 0.467557 0.969717 0.0259548 0.0444145 2.42536e-05
6 0.856322 0.968708 0.071561 0.0625841 2.42666e-05
9 0.167408 0.965007 0.0315165 0.0323015 2.42885e-05
6 0.481646 0.974092 0.0370782 0.0450875 2.44115e-05
6 0.592139 0.574024 0.0207638 0.039031 2.44155e-05
2 0.0500556 0.315949 0.0978865 0.263122 2.4513e-05
6 0.269373 0.596568 0.0478309 0.102961 2.45792e-05
6 0.332036 0.46568 0.0152021 0.0363392 2.45794e-05
6 0.255098 0.993607 0.028921 0.012786 2.46111e-05
6 0.494253 0.0656124 0.0415276 0.0760431 2.47033e-05
9 0.523545 0.984859 0.0496848 0.0302826 2.47577e-05
6 0.511123 0.045424 0.0982573 0.0908479 2.47684e-05
6 0.381906 0.970727 0.0222469 0.0370121 2.48119e-05
5 0.743789 0.921265 0.404153 0.0928668 2.48195e-05
6 0.0172414 0.0555182 0.0344828 0.111036 2.4824e-05
6 0.506118 0.0248991 0.034112 0.0497981 2.48679e-05
6 0.638116 0.497645 0.0422692 0.0450875 2.49145e-05
6 0.00667408 0.586137 0.0133482 0.114401 2.49472e-05
6 0.851687 0.945491 0.045977 0.0484522 2.49687e-05
6 0.919726 0.450538 0.0493141 0.0787349 2.50018e-05
6 0.144234 0.331427 0.0697071 0.186406 2.50075e-05
6 0.345569 0.934388 0.0674824 0.105653 2.50284e-05
6 0.562106 0.489906 0.0133482 0.039031 2.50621e-05
9 0.0949203 0.983849 0.051168 0.0323015 2.51698e-05
6 0.0524657 0.415545 0.0730441 0.238896 2.51749e-05
5 0.313496 0.827389 0.399333 0.159489 2.51857e-05
6 0.958287 0.0164872 0.083426 0.0329744 2.52171e-05
6 0.907675 0.383244 0.0608083 0.0868102 2.52967e-05
6 0.293845 0.051144 0.0470894 0.0874832 2.53097e-05
6 0.735076 0.0346568 0.0300334 0.0275908 2.54046e-05
5 0.885984 0.0504711 0.187245 0.100942 2.54133e-05
6 0.282351 0.0309556 0.0493141 0.0471063 2.54288e-05
6 0.302188 0.615074 0.017056 0.0457604 2.55481e-05
6 0.295514 0.614065 0.017056 0.0397039 2.56259e-05
6 0.262143 0.0356662 0.0897293 0.0713324 2.56815e-05
6 0.00667408 0.0168237 0.0133482 0.0336474 2.56853e-05
4 0.0174268 0.601952 0.0348535 0.408479 2.58201e-05
6 0.512236 0.626514 0.0485725 0.090175 2.58209e-05
6 0.99277 0.0666218 0.0137189 0.133244 2.5864e-05
8 0.917686 0.970054 0.0608083 0.0598923 2.58821e-05
6 0.107527 0.341521 0.0541342 0.0760431 2.58907e-05
6 0.438821 0.0077389 0.071561 0.0154778 2.58947e-05
6 0.596403 0.0336474 0.0626622 0.0592194 2.59869e-05
6 0.337041 0.0585464 0.104561 0.0847914 2.60801e-05
6 0.827586 0.528937 0.0237301 0.0457604 2.60928e-05
5 0.743975 0.368775 0.51205 0.73755 2.62378e-05
6 0.004264 0.949192 0.00852799 0.0827725 2.62495e-05
6 0.466444 0.59354 0.0266963 0.0497981 2.62818e-05
5 0.148498 0.998318 0.296997 0.00336474 2.62999e-05
9 0.0307749 0.969717 0.045977 0.0349933 2.63938e-05
6 0.433259 0.00134589 0.0263255 0.00269179 2.64092e-05
6 0.635521 0.572342 0.0259548 0.051817 2.64422e-05
6 0.395254 0.968371 0.0259548 0.0376851 2.64929e-05
6 0.248424 0.434051 0.0608083 0.0915209 2.66123e-05
6 0.455877 0.0117766 0.0359659 0.0235532 2.66742e-05
6 0.715239 0.453903 0.034112 0.0585464 2.67044e-05
6 0.766778 0.0541723 0.0771227 0.0881561 2.67683e-05
9 0.930478 0.982503 0.0760104 0.0349933 2.68177e-05
2 0.937152 0.306528 0.115313 0.205249 2.68815e-05
6 0.145717 0.388291 0.0533927 0.0995962 2.69307e-05
5 0.533741 0.936743 0.459399 0.0955585 2.70071e-05
6 0.768817 0.541386 0.0337412 0.0437416 2.7008e-05
6 0.432332 0.639973 0.0556174 0.103634 2.7054e-05
6 0.376715 0.00706595 0.0355951 0.0141319 2.70735e-05
6 0.156099 0.993271 0.0652577 0.013459 2.70963e-05
6 0.909529 0.449865 0.0504264 0.1393 2.71365e-05
6 0.433259 0.00471063 0.0418984 0.00942126 2.71667e-05
0 0.987023 0.886945 0.011865 0.166891 2.71764e-05
6 0.372451 0.0272544 0.0381906 0.0545087 2.72001e-05
6 0.768076 0.560229 0.0915832 0.11642 2.73438e-05
6 0.402855 0.553836 0.0196515 0.0376851 2.73966e-05
6 0.357249 0.972746 0.0196515 0.0356662 2.74074e-05
6 0.354839 0.61642 0.0185391 0.0457604 2.75525e-05
6 0.44568 0.000672947 0.0252132 0.00134589 2.76922e-05
6 0.613089 0.576716 0.0211346 0.0430686 2.77536e-05
6 0.985725 0.391992 0.0285502 0.211978 2.77873e-05
6 0.361884 0.0302826 0.0252132 0.0376851 2.78321e-05
6 0.257323 0.943136 0.0615499 0.111036 2.7836e-05
6 0.498517 0.0248991 0.0737857 0.0497981 2.78796e-05
7 0.506674 0.358008 0.0129774 0.0995962 2.79544e-05
6 0.993141 0.10969 0.0137189 0.107672 2.79848e-05
9 0.337597 1 0.0678532 0 2.79913e-05
6 0.492028 0.590848 0.0304042 0.0430686 2.7995e-05
6 0.0100111 0.459623 0.0155729 0.10498 2.81537e-05
6 0.00908417 0.214334 0.0107527 0.105653 2.81581e-05
6 0.0509826 0.442127 0.101965 0.336474 2.81599e-05
6 0.408788 0.635599 0.0441231 0.0666218 2.82166e-05
6 0.00593252 0.517497 0.011865 0.119785 2.82703e-05
6 0.905451 0.29105 0.0823137 0.10969 2.83054e-05
6 0.421023 0.025572 0.0285502 0.051144 2.83586e-05
6 0.456248 0.00370121 0.0448647 0.00740242 2.8388e-05
5 0.49277 0.264132 0.0689655 0.160834 2.84413e-05
6 0.455321 0.967362 0.0304042 0.0464334 2.84504e-05
6 0.847238 0.462988 0.0763812 0.107672 2.85069e-05
5 0.666481 0.943136 0.417872 0.0760431 2.85815e-05
6 0.170931 0.923284 0.0304042 0.0794078 2.86385e-05
6 0.76789 0.548452 0.0192807 0.0363392 2.89596e-05
6 0.565814 0.039031 0.063033 0.0565276 2.89835e-05
7 0.550797 0.371131 0.0485725 0.0962315 2.89873e-05
6 0.603634 0.575034 0.0229885 0.038358 2.89903e-05
6 0.98591 0.496635 0.0281795 0.189771 2.91021e-05
6 0.867445 0.952557 0.054505 0.0720054 2.91299e-05
6 0.380793 0.0151413 0.0140897 0.0222073 2.91646e-05
6 0.06396 0.0235532 0.100482 0.0471063 2.91836e-05
6 0.268817 0.982503 0.0333704 0.0349933 2.92014e-05
6 0.355951 0.039031 0.0993697 0.0780619 2.92048e-05
6 0.593808 0.00437416 0.0352243 0.00874832 2.921e-05
6 0.697627 0.0296097 0.0708194 0.0524899 2.94851e-05
6 0.266036 0.447847 0.0930664 0.1393 2.94937e-05
5 0.842232 0.977456 0.288839 0.0450875 2.95023e-05
6 0.50241 0.0208614 0.0934372 0.0417227 2.95332e-05
2 0.484983 0.390646 0.461995 0.163526 2.95596e-05
6 0.91472 0.0245626 0.0949203 0.0491252 2.95608e-05
6 0.122544 0.905451 0.0997405 0.106999 2.9571e-05
6 0.931405 0.100606 0.102336 0.201211 2.96054e-05
6 0.797367 0.494616 0.0352243 0.0538358 2.97961e-05
6 0.374676 0.0222073 0.0233593 0.0363392 2.986e-05
5 0.126066 0.0356662 0.252132 0.0713324 2.98757e-05
6 0.410456 0.0124495 0.017056 0.0248991 2.98835e-05
2 0.717464 0.335801 0.565072 0.358008 2.98847e-05
9 0.34353 0.997981 0.0938079 0.00403769 2.99051e-05
6 0.841676 0.513795 0.186874 0.295424 2.99627e-05
6 0.00945495 0.0185061 0.0189099 0.0370121 2.99752e-05
6 0.282722 0.484859 0.0782351 0.0854643 2.99952e-05
6 0.137746 0.0481157 0.0507972 0.0962315 2.99959e-05
6 0.547275 0.0208614 0.108268 0.0417227 3.00043e-05
6 0.20875 0.547443 0.0215054 0.0437416 3.00074e-05
5 0.162403 0.0649394 0.197256 0.129879 3.00788e-05
6 0.148498 0.0144684 0.0493141 0.0289367 3.01252e-05
6 0.377456 0.00134589 0.0215054 0.00269179 3.02128e-05
6 0.835002 0.519852 0.051168 0.0679677 3.02294e-05
6 0.401928 0.597914 0.0207638 0.0397039 3.02668e-05
6 0.656656 0.574024 0.0177976 0.0417227 3.02815e-05
6 0.328513 0 0.0541342 0 3.02901e-05
6 0.692807 0.992934 0.0329996 0.0141319 3.0331e-05
5 0.789396 0.0841184 0.111235 0.117093 3.03361e-05
6 0.322395 0.0558546 0.0456062 0.0794078 3.03591e-05
6 0.697071 0.192799 0.168335 0.220054 3.04808e-05
5 0.898591 0.0211978 0.202818 0.0423957 3.05596e-05
6 0.360957 0.0218708 0.0648869 0.0437416 3.06491e-05
9 0.264553 1 0.0656285 0 3.06809e-05
9 0.301446 1 0.0674824 0 3.06843e-05
6 0.497405 0.00975774 0.0144605 0.0195155 3.0698e-05
6 0.560623 0.510094 0.0192807 0.0417227 3.07253e-05
6 0.618465 0.00302826 0.0244716 0.00605653 3.07467e-05
6 0.443085 0.967699 0.0266963 0.0430686 3.08851e-05
6 0.315721 0.478466 0.0196515 0.039031 3.08984e-05
6 0.605858 0.00908479 0.0437523 0.0181696 3.09168e-05
6 0.207082 0.499327 0.0441231 0.0497981 3.09449e-05
6 0.733593 0.0434051 0.037449 0.0302826 3.10851e-05
9 0.641083 1 0.0674824 0 3.12557e-05
6 0.102336 0.409152 0.129774 0.20323 3.15452e-05
6 0.369299 0.574697 0.0207638 0.0430686 3.15827e-05
6 0.370226 0.973755 0.0196515 0.0349933 3.15855e-05
6 0.775306 0.447174 0.057842 0.0598923 3.15988e-05
9 0.0847238 0.981494 0.0960326 0.0370121 3.16309e-05
6 0.731554 0.396366 0.0867631 0.129206 3.16535e-05
6 0.390063 0.013459 0.0252132 0.0269179 3.16943e-05
6 0.377086 0.509758 0.0281795 0.0410498 3.18253e-05
5 0.271413 0.348587 0.542825 0.628533 3.19075e-05
4 0.765666 0.85498 0.468669 0.226783 3.19923e-05
6 0.650352 0.0312921 0.0941787 0.0625841 3.20014e-05
9 0.931405 1 0.0763812 0 3.22057e-05
6 0.542269 0.006393 0.0278087 0.012786 3.22138e-05
9 0.586578 0.968371 0.063033 0.0632571 3.22323e-05
6 0.331109 0.00538358 0.0304042 0.0107672 3.22458e-05
6 0.36244 0.494953 0.0411568 0.0397039 3.22547e-05
6 0.304042 0.0474428 0.0430108 0.0302826 3.23144e-05
7 0.436596 0.3893 0.0515387 0.0989233 3.24921e-05
9 0.435113 0.982167 0.0485725 0.0302826 3.25435e-05
6 0.50723 0.00740242 0.0215054 0.0148048 3.25653e-05
5 0.237115 0.006393 0.116796 0.012786 3.2581e-05
6 0.341861 0.596232 0.0407861 0.076716 3.26343e-05
4 0.0452354 0.617429 0.0904709 0.408479 3.26451e-05
6 0.394327 0.0282638 0.127178 0.0565276 3.26693e-05
9 0.494253 0.989233 0.0318873 0.0215343 3.27204e-05
9 0.9835 1 0.0329996 0 3.28024e-05
9 0.714312 1 0.0708194 0 3.28147e-05
6 0.145717 0.00942126 0.0318873 0.0188425 3.28601e-05
6 0.428624 0.625168 0.0185391 0.0484522 3.28621e-05
6 0.379867 0.632907 0.0389321 0.0625841 3.29286e-05
9 0.75102 1 0.0693363 0 3.2973e-05
9 0.084353 1 0.0582128 0 3.30149e-05
6 0.585651 0.508412 0.0174268 0.0370121 3.30555e-05
6 0.00889878 0.0131225 0.00889878 0.026245 3.33102e-05
2 0.534483 0.974428 0.931035 0.051144 3.34479e-05
6 0.732666 0.590511 0.0355951 0.0706595 3.34513e-05
9 0.0439377 0.97712 0.0878754 0.0457604 3.36143e-05
2 0.107341 0.285666 0.154616 0.318304 3.36777e-05
6 0.0711902 0.0309556 0.14238 0.0619112 3.37379e-05
6 0.266778 0.595222 0.0181683 0.0410498 3.37659e-05
5 0.366148 0.882907 0.461624 0.107672 3.3796e-05
6 0.628105 0.976783 0.017056 0.0343203 3.39923e-05
5 0.879681 0.993943 0.240638 0.0121131 3.40647e-05
6 0.541528 0.0117766 0.0315165 0.0222073 3.4124e-05
6 0.16574 0.516824 0.068224 0.0820996 3.42211e-05
6 0.667779 0.982167 0.0437523 0.0356662 3.43285e-05
6 0.908788 0.0282638 0.0400445 0.0565276 3.4418e-05
6 0.994624 0.381561 0.0107527 0.153432 3.44325e-05
6 0.287912 0.468371 0.0159436 0.0336474 3.47017e-05
6 0.479422 0.0114401 0.068224 0.0228802 3.48437e-05
6 0.705413 0.99428 0.0478309 0.0114401 3.48454e-05
6 0.513348 0.00605653 0.0626622 0.0121131 3.49185e-05
6 0.506303 0.012786 0.0396737 0.025572 3.49433e-05
6 0.304783 0.0329744 0.0585836 0.051144 3.49507e-05
6 0.360586 0.0107672 0.0159436 0.0174966 3.49868e-05
5 0.226363 0.117093 0.111605 0.218035 3.50521e-05
9 0.497219 0.97039 0.0556174 0.0592194 3.51388e-05
6 0.622358 0.537685 0.159807 0.129206 3.52139e-05
6 0.431405 0.967026 0.0292918 0.0659489 3.52348e-05
9 0.226919 1 0.0674824 0 3.52428e-05
9 0.678532 1 0.0674824 0 3.52816e-05
6 0.0105673 0.556191 0.0181683 0.269852 3.5323e-05
6 0.933259 0.42463 0.0608083 0.161507 3.55266e-05
6 0.290879 0.435397 0.054505 0.0861373 3.5614e-05
6 0.668335 0.947174 0.0515387 0.0787349 3.56199e-05
6 0.131999 0.470054 0.0415276 0.0908479 3.59727e-05
6 0.577864 0.542732 0.0241009 0.0370121 3.60473e-05
6 0.64201 0.621131 0.0307749 0.0430686 3.60477e-05
6 0.764182 0.401413 0.0585836 0.11642 3.60535e-05
9 0.861513 1 0.0685947 0 3.60775e-05
6 0.292733 0.993943 0.0285502 0.0121131 3.61568e-05
0 0.995365 0.871467 0.00926956 0.169583 3.61693e-05
6 0.843344 0.515478 0.0982573 0.126514 3.62772e-05
6 0.369299 0.012786 0.0126066 0.0201884 3.62819e-05
5 0.231183 0.119112 0.462366 0.238223 3.64269e-05
6 0.275862 0.473419 0.0237301 0.0343203 3.64511e-05
6 0.283648 0.0494616 0.0504264 0.0477793 3.65489e-05
6 0.730627 0.993607 0.0507972 0.012786 3.6648e-05
6 0.500371 0.492261 0.245829 0.137954 3.66736e-05
6 0.268076 0.993271 0.0274379 0.013459 3.66916e-05
5 0.3363 0.126514 0.636263 0.253028 3.66968e-05
6 0.667408 0.491252 0.0222469 0.0363392 3.694e-05
6 0.607712 0.559556 0.117167 0.0720054 3.69707e-05
5 0.195958 0.159825 0.0901001 0.260431 3.70192e-05
6 0.335187 0.0494616 0.0296626 0.0316285 3.70424e-05
6 0.98832 0.0420592 0.0233593 0.0841184 3.70448e-05
6 0.360586 0.0164872 0.0307749 0.0329744 3.71948e-05
6 0.407304 0.971063 0.0241009 0.039031 3.72095e-05
6 0.333333 0.0292732 0.0296626 0.0235532 3.72399e-05
6 0.638116 0.532974 0.0978865 0.0699865 3.74319e-05
6 0.99073 0.00706595 0.0185391 0.0141319 3.75876e-05
6 0.497034 0.938089 0.054505 0.0861373 3.76173e-05
6 0.388765 0.00908479 0.0381906 0.0181696 3.76551e-05
6 0.920467 0.405114 0.0552466 0.0834455 3.7657e-05
9 0.976641 0.978802 0.0467186 0.0423957 3.76687e-05
6 0.606785 0.615411 0.0278087 0.0423957 3.77629e-05
4 0.0111235 0.806528 0.0222469 0.314266 3.77711e-05
9 0.28439 0.985532 0.0526511 0.0289367 3.78015e-05
6 0.570819 0.0168237 0.0418984 0.0336474 3.78104e-05
6 0.394142 0.483176 0.129032 0.0955585 3.78575e-05
5 0.284205 0.957604 0.377086 0.0847914 3.81094e-05
6 0.146459 0.905114 0.0593252 0.076716 3.81285e-05
6 0.48109 0.510094 0.0270671 0.0484522 3.82967e-05
6 0.271969 0.574024 0.020393 0.0363392 3.83259e-05
6 0.745273 0.0474428 0.0155729 0.0208614 3.84062e-05
6 0.347979 0.0450875 0.0404153 0.0524899 3.86021e-05
6 0.461809 0.507402 0.0352243 0.0578735 3.86193e-05
6 0.884316 0.905787 0.0659993 0.0861373 3.86241e-05
6 0.0977011 0.529946 0.0960326 0.190444 3.8626e-05
4 0.491472 0.880888 0.885057 0.238223 3.86619e-05
6 0.989247 0.101952 0.011865 0.0935397 3.88311e-05
6 0.217649 0.032638 0.10901 0.0652759 3.88599e-05
6 0.989247 0.981157 0.0140897 0.0376851 3.8871e-05
6 0.616796 0.97712 0.020393 0.0349933 3.89403e-05
6 0.746941 0.051144 0.0307749 0.0444145 3.89742e-05
6 0.319058 0.609354 0.0441231 0.0800808 3.9048e-05
9 0.152762 1 0.0637746 0 3.921e-05
4 0.725806 0.77288 0.548387 0.45424 3.93841e-05
6 0.639229 0.652423 0.0348535 0.0504711 3.94482e-05
9 0.0561735 0.990242 0.0315165 0.0195155 3.94822e-05
6 0.0839822 0.412517 0.059696 0.161507 3.95062e-05
6 0.354283 0.553836 0.0218762 0.0403768 3.95162e-05
5 0.847979 0.0185061 0.163886 0.0370121 3.96064e-05
2 0.595291 0.415882 0.606229 0.279946 3.96335e-05
6 0.405636 0.0104307 0.0400445 0.0208614 3.96619e-05
6 0.541528 0.0131225 0.0522803 0.026245 3.97116e-05
9 0.789396 1 0.0652577 0 3.98014e-05
6 0.465146 0.0144684 0.0693363 0.0289367 3.98134e-05
6 0.390063 0.00302826 0.0222469 0.00605653 3.98402e-05
6 0.419911 0.0117766 0.0166852 0.0235532 3.99142e-05
6 0.557286 0.00605653 0.0467186 0.0121131 3.99245e-05
6 0.660363 0.491925 0.16092 0.130552 4.00864e-05
6 0.243975 0.461306 0.0444939 0.0464334 4.01306e-05
6 0.406748 0.00504711 0.0215054 0.0100942 4.02927e-05
6 0.496107 0.00336474 0.0185391 0.00672948 4.04922e-05
6 0.389692 0.578735 0.0140897 0.039031 4.05207e-05
6 0.814609 0.549798 0.0215054 0.0444145 4.07018e-05
6 0.00574713 0.471736 0.0114943 0.117093 4.08022e-05
5 0.891175 0.00807537 0.14201 0.0161507 4.10525e-05
9 0.189099 1 0.0674824 0 4.10903e-05
5 0.28921 0.902759 0.390063 0.194482 4.10964e-05
6 0.221542 0.943136 0.059696 0.0868102 4.11596e-05
5 0.507416 0.166891 0.0389321 0.148048 4.11804e-05
3 0.11383 0.660161 0.22766 0.679677 4.12717e-05
6 0.217278 0.993271 0.0541342 0.013459 4.14918e-05
6 0.617167 0.026245 0.0181683 0.0296097 4.14998e-05
6 0.827772 0.510431 0.0218762 0.0423957 4.15422e-05
6 0.434186 0.0158143 0.0593252 0.0316285 4.16166e-05
6 0.344086 0.585464 0.0244716 0.0444145 4.17189e-05
6 0.569522 0.00403769 0.0304042 0.00807537 4.18432e-05
6 0.629959 0.019852 0.0593252 0.0397039 4.18631e-05
5 0.762699 0.13358 0.474601 0.26716 4.19013e-05
6 0.49277 0.0114401 0.0148313 0.0228802 4.192e-05
6 0.194661 0.5286 0.0637746 0.0545087 4.21787e-05
6 0.363552 0.531292 0.0908417 0.0706595 4.22347e-05
6 0.393585 0.0228802 0.0589544 0.0457604 4.22507e-05
6 0.330923 0.982503 0.0411568 0.0349933 4.232e-05
6 0.567853 0.546097 0.0241009 0.0343203 4.23357e-05
6 0.317575 0.0211978 0.0648869 0.0423957 4.23541e-05
5 0.135336 0.0218708 0.174268 0.0437416 4.25428e-05
7 0.519837 0.3607 0.0222469 0.145357 4.2816e-05
9 0.0743419 0.00841184 0.088617 0.0168237 4.28387e-05
6 0.50482 0.594549 0.0500556 0.0585464 4.28744e-05
6 0.692807 0.619112 0.0285502 0.0444145 4.28857e-05
6 0.98832 0.418573 0.020393 0.13459 4.29235e-05
6 0.432147 0.970727 0.025584 0.038358 4.29707e-05
2 0.301261 0.358681 0.194661 0.188425 4.3038e-05
9 0.235632 0.999327 0.0804598 0.00134589 4.30528e-05
6 0.306637 0.982503 0.0385614 0.0349933 4.33826e-05
6 0.592325 0.563594 0.0300334 0.0410498 4.34228e-05
6 0.313496 0.495289 0.0211346 0.0296097 4.35401e-05
6 0.626251 0.0158143 0.0266963 0.0316285 4.36079e-05
6 0.00908417 0.00403769 0.0129774 0.00807537 4.36601e-05
7 0.479607 0.373822 0.0552466 0.119112 4.37138e-05
6 0.378013 0.566622 0.0500556 0.0632571 4.38416e-05
6 0.212273 0.554845 0.0967742 0.121803 4.39036e-05
7 0.496107 0.362382 0.0200222 0.160834 4.40482e-05
9 0.825547 1 0.0641453 0 4.42165e-05
6 0.626437 0.0121131 0.0159436 0.0242261 4.42214e-05
6 0.319244 0.594886 0.0274379 0.0417227 4.42236e-05
6 0.669818 0.601279 0.0263255 0.0410498 4.42602e-05
9 0.570078 0.975437 0.0611791 0.0491252 4.44882e-05
6 0.0995551 0.382234 0.0611791 0.161507 4.45152e-05
6 0.361698 0.544751 0.0196515 0.038358 4.45395e-05
6 0.166296 0.523553 0.109381 0.126514 4.46249e-05
5 0.662959 0.921265 0.453838 0.15747 4.46337e-05
6 0.489062 0.473755 0.0200222 0.0471063 4.46983e-05
5 0.217649 0.0137954 0.0949203 0.0275908 4.47195e-05
6 0.89581 0.359354 0.0593252 0.0861373 4.47488e-05
3 0.912866 0.614065 0.174268 0.689771 4.48087e-05
6 0.431405 0.00942126 0.0196515 0.0188425 4.48834e-05
6 0.0109381 0.957604 0.0137189 0.0740242 4.48846e-05
6 0.439748 0.594549 0.017056 0.0397039 4.50016e-05
5 0.652577 0.0410498 0.176492 0.0820996 4.50158e-05
9 0.493326 0.994953 0.0337412 0.0100942 4.51407e-05
6 0.991657 0.0124495 0.0166852 0.0248991 4.51494e-05
6 0.354097 0.508412 0.0326288 0.0423957 4.51545e-05
6 0.756767 0.468371 0.0252132 0.0349933 4.56449e-05
6 0.667964 0.536676 0.0233593 0.0370121 4.60092e-05
9 0.494624 0.983849 0.0482017 0.0323015 4.60146e-05
6 0.629403 0.623149 0.0292918 0.0444145 4.60322e-05
6 0.453652 0.554509 0.130145 0.0982503 4.62128e-05
6 0.991843 0.0245626 0.00889878 0.0491252 4.6248e-05
9 0.306637 0.999664 0.0837968 0.000672947 4.64346e-05
6 0.416759 0.972073 0.0266963 0.0370121 4.6476e-05
6 0.444012 0.624159 0.037449 0.0720054 4.6523e-05
6 0.42158 0.0104307 0.0407861 0.0208614 4.65702e-05
7 0.529477 0.359354 0.0496848 0.0995962 4.65763e-05
6 0.422136 0.00504711 0.0218762 0.0100942 4.66879e-05
5 0.102707 0.0753701 0.205413 0.15074 4.67161e-05
6 0.558769 0.648048 0.0296626 0.0659489 4.69534e-05
6 0.418984 0.624495 0.0215054 0.051144 4.71036e-05
6 0.752688 0.506729 0.0207638 0.0282638 4.71163e-05
6 0.483871 0.006393 0.0192807 0.012786 4.71488e-05
8 0.992028 0.968708 0.0159436 0.0625841 4.71504e-05
7 0.505747 0.358681 0.0222469 0.133244 4.78542e-05
6 0.554505 0.00740242 0.0292918 0.0148048 4.79073e-05
6 0.972748 0.344213 0.054505 0.210633 4.7984e-05
5 0.308491 0.0534993 0.195773 0.106999 4.80549e-05
6 0.39099 0.556528 0.0174268 0.039031 4.82904e-05
6 0.992214 0.0491252 0.00964034 0.0874832 4.8592e-05
6 0.608825 0.0238896 0.0355951 0.0450875 4.86221e-05
4 0.248239 0.641992 0.362254 0.423957 4.86829e-05
6 0.892102 0.40175 0.153504 0.273217 4.87515e-05
6 0.616611 0.494953 0.0563589 0.0545087 4.87694e-05
6 0.136633 0.0242261 0.0381906 0.0484522 4.88298e-05
6 0.0674824 0.354643 0.0585836 0.197847 4.89607e-05
6 0.392659 0.53432 0.0222469 0.0363392 4.89612e-05
9 0.26993 1 0.0778643 0 4.89922e-05
3 0.82221 0.375168 0.35558 0.750336 4.92281e-05
6 0.414349 0.0464334 0.0685947 0.0928668 4.96294e-05
6 0.404338 0.62214 0.0233593 0.0491252 4.96571e-05
6 0.480534 0.994616 0.034112 0.0107672 4.97558e-05
6 0.62106 0.0353297 0.0363367 0.0706595 4.98479e-05
6 0.465517 0.567968 0.0470894 0.0471063 5.01744e-05
6 0.608268 0.0218708 0.0211346 0.0302826 5.02428e-05
6 0.591398 0.656124 0.0311457 0.0578735 5.03988e-05
5 0.792176 0.0622476 0.18502 0.124495 5.04281e-05
6 0.985169 0.130888 0.0296626 0.132571 5.06445e-05
8 0.960882 0.997981 0.0782351 0.00403769 5.06808e-05
6 0.603634 0.977456 0.0252132 0.0356662 5.07125e-05
6 0.223953 0.483513 0.114201 0.23755 5.07592e-05
6 0.961253 0.398385 0.0774935 0.184388 5.07933e-05
6 0.616796 0.650404 0.0493141 0.0787349 5.09294e-05
6 0.622173 0.0211978 0.0207638 0.0275908 5.10033e-05
9 0.0695217 0.995962 0.0500556 0.00807537 5.12042e-05
6 0.81053 0.493607 0.0444939 0.0437416 5.13365e-05
6 0.756581 0.483849 0.0292918 0.0430686 5.15545e-05
8 0.0945495 0.966353 0.0689655 0.0672948 5.1704e-05
6 0.329996 0.991925 0.0407861 0.0161507 5.17609e-05
6 0.412866 0.442127 0.0433815 0.0699865 5.20007e-05
6 0.494253 0.490579 0.0266963 0.0551817 5.23008e-05
5 0.695773 0.0309556 0.144234 0.0619112 5.24422e-05
9 0.655729 0.992261 0.0418984 0.0154778 5.24576e-05
6 0.32944 0.594213 0.0189099 0.0403768 5.27049e-05
5 0.510567 0.0847914 0.211346 0.135935 5.28182e-05
6 0.243419 0.993943 0.0470894 0.0121131 5.29267e-05
6 0.403411 0.53432 0.0207638 0.0349933 5.30874e-05
6 0.306452 0.993943 0.0307749 0.0121131 5.31176e-05
6 0.356322 0.982503 0.0437523 0.0349933 5.35099e-05
6 0.590471 0.496299 0.0352243 0.0450875 5.38117e-05
9 0.41472 0.99428 0.213941 0.0114401 5.38648e-05
5 0.782165 0.205585 0.101965 0.312921 5.38766e-05
6 0.743975 0.0346568 0.0611791 0.0693136 5.40978e-05
6 0.370782 0.616756 0.0215054 0.0477793 5.42043e-05
6 0.3363 0.0528264 0.0452354 0.051817 5.42809e-05
6 0.239155 0.550808 0.0274379 0.0423957 5.44769e-05
5 0.0456062 0.00807537 0.0912125 0.0161507 5.45815e-05
5 0.490916 0.881225 0.540601 0.186406 5.46546e-05
6 0.977568 0.00807537 0.0448647 0.0161507 5.46675e-05
6 0.496107 0.567968 0.0689655 0.0794078 5.4715e-05
6 0.569707 0.980485 0.037449 0.0336474 5.47766e-05
9 0.901187 1 0.0656285 0 5.49602e-05
6 0.024657 0.0985868 0.0493141 0.0975774 5.50212e-05
5 0.238969 0.0259085 0.179829 0.051817 5.50932e-05
6 0.74657 0.490915 0.088617 0.0962315 5.53608e-05
6 0.502039 0.491925 0.0177976 0.0497981 5.54017e-05
6 0.991472 0.452221 0.017056 0.0982503 5.55222e-05
6 0.664998 0.553163 0.0359659 0.0686406 5.56752e-05
9 0.407304 0.984522 0.0448647 0.0309556 5.58052e-05
6 0.521505 0.670929 0.0411568 0.0686406 5.58105e-05
5 0.249907 0.0666218 0.198739 0.133244 5.61028e-05
6 0.581387 0.00740242 0.0489433 0.0148048 5.61093e-05
6 0.525955 0.594213 0.0463478 0.0659489 5.61662e-05
5 0.735076 0.00572005 0.15165 0.0114401 5.61748e-05
6 0.298665 0.00504711 0.0863923 0.0100942 5.6304e-05
6 0.6802 0.99428 0.0478309 0.0114401 5.637e-05
9 0.555617 0.992934 0.0359659 0.0141319 5.64679e-05
9 0.00871339 0.990242 0.0129774 0.0195155 5.64848e-05
6 0.380423 0.532301 0.161661 0.0969044 5.66581e-05
0 0.993511 0.841521 0.0129774 0.316958 5.68139e-05
8 0.991472 0.877187 0.017056 0.211978 5.74169e-05
6 0.369485 0.601279 0.0359659 0.0625841 5.76074e-05
6 0.967742 0.269852 0.0645161 0.231494 5.76535e-05
6 0.712273 0.494953 0.0252132 0.038358 5.82368e-05
6 0.615869 0.621131 0.0222469 0.0444145 5.82615e-05
6 0.992028 0.0077389 0.0122358 0.0154778 5.86328e-05
6 0.280497 0.931696 0.0871339 0.136608 5.87355e-05
8 0.916389 0.991925 0.0619207 0.0161507 5.90718e-05
6 0.993882 0.923957 0.0122358 0.152086 5.94333e-05
5 0.829625 0.897376 0.340749 0.132571 5.94658e-05
8 0.986652 0.935397 0.0266963 0.129206 5.94674e-05
6 0.603634 0.0107672 0.097145 0.0215343 6.0009e-05
6 0.315721 0.0302826 0.150167 0.0605653 6.01419e-05
9 0.357805 0.990915 0.0430108 0.0181696 6.02191e-05
6 0.797367 0.580081 0.120504 0.146703 6.11525e-05
6 0.464034 0.652423 0.0300334 0.0652759 6.13394e-05
6 0.70597 0.613728 0.0207638 0.0403768 6.14075e-05
6 0.654245 0.614738 0.0211346 0.0370121 6.16207e-05
6 0.993882 0.445491 0.0122358 0.250336 6.17007e-05
6 0.230812 0.490579 0.0300334 0.0444145 6.17526e-05
9 0.962736 0.978466 0.025584 0.0376851 6.17533e-05
6 0.741009 0.457604 0.0389321 0.0565276 6.18472e-05
6 0.768076 0.0225437 0.088617 0.0450875 6.18615e-05
6 0.0144605 0.153432 0.028921 0.164199 6.19186e-05
6 0.934001 0.357672 0.063033 0.178331 6.19593e-05
6 0.892844 0.991252 0.0808306 0.0174966 6.20142e-05
6 0.520022 0.497645 0.0389321 0.0491252 6.24099e-05
2 0.602707 0.338493 0.327401 0.162853 6.25203e-05
6 0.354839 0.594549 0.0200222 0.038358 6.29031e-05
5 0.710604 0.0201884 0.130145 0.0403768 6.29345e-05
5 0.467 0.0215343 0.169448 0.0430686 6.29534e-05
6 0.75139 0.925976 0.0975158 0.148048 6.31943e-05
6 0.906748 0.335801 0.0708194 0.0928668 6.33816e-05
6 0.331479 0.0124495 0.0444939 0.0235532 6.35552e-05
2 0.365035 0.93607 0.44531 0.0820996 6.35952e-05
6 0.0294772 0.0144684 0.0589544 0.0289367 6.36719e-05
6 0.383945 0.00201884 0.0656285 0.00403769 6.38653e-05
6 0.415462 0.608008 0.200593 0.1393 6.39244e-05
5 0.752503 0.170256 0.202818 0.324361 6.3958e-05
6 0.367816 0.593876 0.0200222 0.0410498 6.41138e-05
6 0.611235 0.653432 0.0300334 0.0578735 6.43402e-05
5 0.117909 0.1393 0.229885 0.23284 6.44911e-05
8 0.950501 0.990915 0.0989989 0.0181696 6.45638e-05
4 0.0124212 0.762113 0.0248424 0.419246 6.48111e-05
7 0.19188 0.160162 0.0396737 0.223419 6.49127e-05
5 0.255654 0.0686406 0.461624 0.137281 6.50258e-05
6 0.743789 0.468035 0.0222469 0.0437416 6.50439e-05
6 0.443641 0.983176 0.0404153 0.0336474 6.52175e-05
6 0.678717 0.490915 0.0196515 0.0356662 6.55062e-05
9 0.480534 0.989233 0.0326288 0.0215343 6.57321e-05
6 0.691509 0.0100942 0.0926956 0.0201884 6.58743e-05
6 0.280682 0.994953 0.0415276 0.0100942 6.60085e-05
6 0.592139 0.97712 0.028921 0.0363392 6.63403e-05
2 0.916018 0.240579 0.159066 0.246972 6.6639e-05
6 0.379867 0.572678 0.0211346 0.039031 6.67112e-05
6 0.41954 0.556191 0.020393 0.0370121 6.68242e-05
6 0.988691 0.429677 0.0196515 0.31965 6.73115e-05
6 0.994624 0.494616 0.0107527 0.145357 6.79647e-05
9 0.0693363 0.980821 0.0244716 0.0356662 6.81787e-05
6 0.312199 0.593876 0.192807 0.205249 6.82391e-05
5 0.614757 0.0185061 0.134965 0.0370121 6.83854e-05
6 0.303856 0.477793 0.0159436 0.0336474 6.84811e-05
6 0.572859 0.652423 0.051168 0.100269 6.86275e-05
6 0.00500556 0.987887 0.0100111 0.0242261 6.88933e-05
5 0.92195 0.0605653 0.156099 0.121131 6.90274e-05
9 0.468484 0.982503 0.0404153 0.0349933 6.98653e-05
6 0.340934 0.500336 0.0908417 0.0948856 7.02552e-05
6 0.115684 0.438425 0.0637746 0.10969 7.03428e-05
6 0.766778 0.510431 0.0185391 0.0316285 7.08984e-05
6 0.844271 0.927995 0.103819 0.13459 7.09223e-05
6 0.482759 0.0137954 0.0200222 0.026245 7.12938e-05
6 0.919355 0.358345 0.06637 0.089502 7.13903e-05
6 0.528921 0.989233 0.0567297 0.0215343 7.15765e-05
6 0.481832 0.019852 0.0367075 0.0397039 7.21591e-05
6 0.057842 0.101952 0.115684 0.117766 7.23915e-05
6 0.95495 0.113392 0.0604375 0.0962315 7.2572e-05
6 0.417501 0.536339 0.0222469 0.0349933 7.30922e-05
0 0.00778643 0.87214 0.011865 0.25572 7.32408e-05
5 0.104931 0.978466 0.209863 0.0430686 7.34117e-05
9 0.0342974 0.980485 0.0537634 0.039031 7.34499e-05
6 0.144234 0.0232167 0.0786059 0.0464334 7.36738e-05
9 0.957916 0.988896 0.0352243 0.0222073 7.38669e-05
6 0.790323 0.575034 0.197627 0.286003 7.42815e-05
6 0.697998 0.509085 0.0218762 0.0397039 7.46464e-05
6 0.99036 0.961305 0.0155729 0.077389 7.50314e-05
5 0.402113 0.0158143 0.163515 0.0316285 7.51845e-05
9 0.585651 0.992934 0.088617 0.0141319 7.57843e-05
6 0.70634 0.538358 0.0259548 0.0363392 7.58697e-05
7 0.509826 0.668237 0.045977 0.188425 7.59979e-05
6 0.716908 0.0346568 0.0485725 0.0302826 7.60189e-05
6 0.793103 0.923957 0.0897293 0.142665 7.62791e-05
6 0.657583 0.559892 0.0218762 0.0376851 7.63614e-05
6 0.715054 0.614401 0.020393 0.0444145 7.65186e-05
6 0.262699 0.456595 0.0418984 0.0652759 7.66346e-05
6 0.907304 0.925303 0.100853 0.111709 7.7309e-05
6 0.3769 0.538022 0.0226177 0.0343203 7.80273e-05
5 0.479422 0.181359 0.0667408 0.207941 7.84557e-05
9 0.556359 0.984186 0.0463478 0.0316285 7.88035e-05
6 0.710048 0.509421 0.0318873 0.0430686 7.91902e-05
6 0.131442 0.362719 0.0559881 0.106326 7.92271e-05
6 0.491287 0.0242261 0.0296626 0.0484522 8.0421e-05
6 0.389692 0.604307 0.0318873 0.0538358 8.05602e-05
5 0.540044 0.0343203 0.179088 0.0686406 8.06753e-05
6 0.495921 0.518843 0.0367075 0.051144 8.0851e-05
5 0.314053 0.012786 0.137931 0.025572 8.09363e-05
6 0.553949 0.0356662 0.0533927 0.0713324 8.11194e-05
6 0.727475 0.47039 0.0200222 0.0430686 8.11808e-05
6 0.654616 0.641319 0.0500556 0.0820996 8.1183e-05
6 0.539859 0.0235532 0.0756396 0.0471063 8.12458e-05
6 0.171487 0.950538 0.0189099 0.0437416 8.13759e-05
6 0.329811 0.00201884 0.0418984 0.00403769 8.14192e-05
9 0.447534 0.980485 0.0852799 0.039031 8.17495e-05
6 0.31776 0.99428 0.045977 0.0114401 8.17821e-05
6 0.44327 0.451884 0.0278087 0.0693136 8.18164e-05
6 0.418242 0.982167 0.0415276 0.0356662 8.18276e-05
6 0.959956 0.107672 0.0674824 0.215343 8.2989e-05
6 0.309603 0.503701 0.0741565 0.0746972 8.31709e-05
9 0.418428 0.982167 0.0826845 0.0356662 8.31873e-05
9 0.429181 0.987214 0.0307749 0.025572 8.36364e-05
6 0.586948 0.632907 0.0422692 0.0881561 8.42446e-05
6 0.611235 0.593876 0.0337412 0.0464334 8.51419e-05
5 0.091954 0.984522 0.183908 0.0309556 8.51773e-05
6 0.342603 0.99428 0.045977 0.0114401 8.52423e-05
6 0.715054 0.0457604 0.0634038 0.0915209 8.55565e-05
9 0.0063033 0.995626 0.0126066 0.00874832 8.56629e-05
6 0.64238 0.597914 0.0404153 0.0423957 8.61589e-05
6 0.61624 0.58782 0.0585836 0.0693136 8.62452e-05
6 0.404338 0.5 0.0233593 0.0376851 8.6288e-05
6 0.679273 0.615411 0.0215054 0.0397039 8.6388e-05
5 0.785132 0.988223 0.429737 0.0235532 8.69842e-05
6 0.511494 0.486205 0.0315165 0.0464334 8.72202e-05
6 0.376715 0.555182 0.0207638 0.039031 8.76292e-05
6 0.638673 0.533311 0.0478309 0.0437416 8.83877e-05
6 0.00926956 0.936743 0.0133482 0.126514 8.89617e-05
6 0.0743419 0.108345 0.0678532 0.185734 8.9598e-05
6 0.329996 0.019179 0.0608083 0.038358 8.97534e-05
6 0.346682 0.0235532 0.0422692 0.0323015 9.00935e-05
6 0.556359 0.012786 0.037449 0.0242261 9.01209e-05
6 0.00500556 0.9714 0.0100111 0.0572005 9.04821e-05
6 0.486281 0.555855 0.0485725 0.0471063 9.09131e-05
6 0.727475 0.59354 0.0215054 0.0403768 9.10929e-05
6 0.738969 0.585464 0.0244716 0.0417227 9.11741e-05
6 0.168335 0.94852 0.0222469 0.0975774 9.14275e-05
6 0.328699 0.00942126 0.0619207 0.0188425 9.15082e-05
5 0.935113 0.00841184 0.129774 0.0168237 9.1702e-05
6 0.131813 0.41319 0.0441231 0.0834455 9.18757e-05
6 0.640712 0.561238 0.0467186 0.039031 9.23041e-05
9 0.607156 0.98183 0.0389321 0.0363392 9.23258e-05
6 0.65647 0.00504711 0.0871339 0.0100942 9.23702e-05
5 0.180942 0.287685 0.361884 0.57537 9.2377e-05
9 0.656285 0.98755 0.0615499 0.0248991 9.24732e-05
5 0.309047 0.187416 0.182054 0.251009 9.26265e-05
6 0.305154 0.0524899 0.0652577 0.0484522 9.33868e-05
6 0.750093 0.550808 0.0274379 0.0397039 9.36399e-05
6 0.574156 0.487887 0.0582128 0.051144 9.36663e-05
8 0.85558 0.993607 0.0745273 0.012786 9.41048e-05
6 0.995365 0.437079 0.00926956 0.148721 9.46647e-05
9 0.481461 0.985868 0.0611791 0.0282638 9.48011e-05
6 0.121802 0.274899 0.111605 0.158143 9.48022e-05
6 0.269003 0.510767 0.0211346 0.0296097 9.49917e-05
5 0.666111 0.984186 0.264368 0.0316285 9.5559e-05
5 0.220986 0.880552 0.441973 0.128533 9.58299e-05
6 0.792362 0.478466 0.051168 0.064603 9.61833e-05
6 0.668706 0.59354 0.0863923 0.0780619 9.75984e-05
6 0.338524 0.573015 0.0281795 0.0423957 9.81073e-05
6 0.70875 0.0457604 0.0723026 0.0551817 9.83734e-05
6 0.29162 0.591521 0.0344828 0.0417227 9.87428e-05
6 0.611791 0.532638 0.045977 0.0410498 9.95678e-05
6 0.438821 0.655451 0.0263255 0.0699865 9.98743e-05
9 0.0654431 0.987887 0.0337412 0.0242261 0.000100619
6 0.491472 0.0131225 0.0344828 0.026245 0.000100897
9 0.640712 0.994616 0.0430108 0.0107672 0.000102214
6 0.428439 0.566958 0.0307749 0.0652759 0.000102506
5 0.368187 0.980821 0.292918 0.038358 0.000102749
2 0.691138 0.364401 0.375973 0.259085 0.00010321
6 0.254357 0.530283 0.0237301 0.0349933 0.00010328
5 0.21802 0.973082 0.335187 0.0538358 0.000103439
5 0.678717 0.972073 0.397849 0.0558546 0.000103809
5 0.922692 0.0289367 0.154616 0.0578735 0.000103817
6 0.681869 0.538022 0.0215054 0.0370121 0.000103884
6 0.771042 0.478466 0.0211346 0.039031 0.000104636
6 0.719503 0.475101 0.0263255 0.0484522 0.000105007
6 0.394698 0.507739 0.0307749 0.0370121 0.000106909
6 0.39822 0.591521 0.0808306 0.0807537 0.000108445
9 0.0687801 0.959287 0.0329996 0.0814267 0.000108607
6 0.401557 0.0144684 0.0786059 0.0289367 0.000110045
6 0.615128 0.013459 0.0215054 0.0269179 0.000110085
5 0.15888 0.233849 0.31776 0.467699 0.000110125
6 0.605673 0.992261 0.0307749 0.0154778 0.000110204
6 0.608825 0.0286003 0.0444939 0.0572005 0.000110429
9 0.0908417 0.991925 0.063033 0.0161507 0.000110715
5 0.0691509 0.0141319 0.138302 0.0282638 0.000111232
5 0.916389 0.115074 0.167223 0.17362 0.000112215
9 0.0389321 0.986205 0.0778643 0.0275908 0.000112291
5 0.153133 0.0420592 0.109752 0.0841184 0.000112416
9 0.370041 0.990579 0.0296626 0.0188425 0.000112877
9 0.45736 0.988223 0.0337412 0.0235532 0.000113991
6 0.259362 0.512786 0.0211346 0.0242261 0.000114521
6 0.382462 0.593876 0.0218762 0.0370121 0.000114805
6 0.344642 0.0265814 0.0604375 0.0531629 0.000115431
4 0.520022 0.758748 0.784205 0.279273 0.000116023
6 0.813682 0.51144 0.0196515 0.039031 0.000116867
6 0.690397 0.619112 0.045977 0.0794078 0.0001175
6 0.581016 0.977793 0.0304042 0.0349933 0.000119681
6 0.520208 0.980485 0.0533927 0.039031 0.000119709
0 0.98832 0.845559 0.020393 0.308883 0.000120095
6 0.76993 0.529946 0.020393 0.0316285 0.000120267
6 0.749166 0.515478 0.025584 0.0363392 0.000120404
6 0.707824 0.590511 0.133482 0.11642 0.000120787
5 0.466444 0.006393 0.16611 0.012786 0.000121173
6 0.772525 0.475774 0.0641453 0.0713324 0.000121259
6 0.492028 0.00672948 0.0155729 0.013459 0.000121748
5 0.538932 0.00672948 0.185762 0.013459 0.000124093
5 0.725806 0.0491252 0.139043 0.0982503 0.000124666
9 0.638673 0.990915 0.0248424 0.0181696 0.00012664
6 0.681313 0.502355 0.0300334 0.038358 0.000127659
6 0.484056 0.488896 0.0315165 0.0450875 0.000127734
6 0.116426 0.385262 0.0726733 0.10969 0.00012791
6 0.666481 0.615411 0.0226177 0.0397039 0.000128309
6 0.382091 0.618439 0.0211346 0.0444145 0.000128384
6 0.39581 0.540713 0.253986 0.141992 0.000128859
6 0.34353 0.00672948 0.0760104 0.013459 0.000129817
6 0.518539 0.515478 0.0463478 0.0565276 0.000130012
9 0.385428 0.985532 0.0678532 0.0289367 0.000131544
5 0.504079 0.0430686 0.307379 0.0861373 0.000133091
9 0.467186 0.989233 0.0400445 0.0215343 0.000133257
6 0.332592 0.555855 0.0986281 0.0740242 0.000133595
9 0.505376 0.989906 0.0444939 0.0201884 0.000134035
9 0.493326 0.99428 0.0530219 0.0114401 0.000134167
6 0.560438 0.625168 0.0389321 0.0995962 0.000135108
5 0.794401 0.0851279 0.411198 0.170256 0.000136956
6 0.792733 0.527927 0.109752 0.0935397 0.00013697
9 0.540971 0.980148 0.0763812 0.0397039 0.000139083
6 0.688914 0.593203 0.0192807 0.0356662 0.000140004
6 0.779941 0.519852 0.0196515 0.0356662 0.000140297
4 0.24657 0.737887 0.493141 0.404441 0.000140681
7 0.491101 0.652086 0.0433815 0.111709 0.000142077
6 0.664813 0.497645 0.051168 0.0558546 0.000143339
6 0.377271 0.533984 0.0530219 0.0464334 0.00014397
6 0.245458 0.54576 0.243233 0.28533 0.00014542
6 0.712273 0.587147 0.0378198 0.0504711 0.000146907
6 0.778643 0.480148 0.0207638 0.0370121 0.000148005
9 0.367816 0.992934 0.0444939 0.0141319 0.000150138
6 0.362254 0.53432 0.0415276 0.0363392 0.000152512
5 0.865221 0.202221 0.269559 0.404441 0.000153451
5 0.147201 0.96467 0.294401 0.0706595 0.000155805
6 0.39822 0.492934 0.0519095 0.0477793 0.000158183
6 0.577493 0.569987 0.025584 0.0538358 0.000158237
2 0.293103 0.353634 0.410456 0.283311 0.00015853
9 0.630886 0.983513 0.0337412 0.0329744 0.000158841
9 0.442714 0.98856 0.0400445 0.0228802 0.000159902
6 0.705228 0.59926 0.0259548 0.0397039 0.000161837
6 0.534668 0.493607 0.0363367 0.051817 0.000162191
6 0.786986 0.516487 0.020393 0.0329744 0.000162981
6 0.79848 0.519179 0.0248424 0.0356662 0.000163247
6 0.466259 0.474428 0.0144605 0.0430686 0.000163442
6 0.240082 0.515478 0.0241009 0.0349933 0.000163863
9 0.416574 0.988223 0.0411568 0.0235532 0.000167237
6 0.693363 0.494616 0.0215054 0.0363392 0.000168493
5 0.517427 0.998318 0.354097 0.00336474 0.00016907
6 0.969596 0.182369 0.0608083 0.197847 0.000169149
6 0.742862 0.485868 0.0300334 0.0403768 0.000169653
6 0.418984 0.498991 0.0207638 0.0356662 0.000171625
6 0.720986 0.507066 0.112347 0.131225 0.000172072
6 0.421394 0.550808 0.0411568 0.0450875 0.000172293
6 0.103448 0.909825 0.152021 0.172275 0.00017275
5 0.183723 0.125505 0.367445 0.251009 0.000173698
6 0.896552 0.512786 0.125324 0.216689 0.000175661
6 0.588802 0.589502 0.0348535 0.0403768 0.000176221
6 0.34112 0.51245 0.0244716 0.038358 0.000176859
4 0.817575 0.736878 0.36485 0.415882 0.000178806
9 0.430108 0.992598 0.045977 0.0148048 0.000179197
6 0.285873 0.489906 0.034112 0.0363392 0.000182355
6 0.77271 0.489233 0.0378198 0.039031 0.000183269
6 0.615128 0.548452 0.0622914 0.0565276 0.000183284
6 0.283092 0.561238 0.0174268 0.0417227 0.000184306
6 0.579904 0.0104307 0.0266963 0.0208614 0.00018434
6 0.0726733 0.106999 0.057842 0.0820996 0.000184451
6 0.756396 0.492934 0.307008 0.207941 0.000186888
9 0.541898 0.993943 0.0604375 0.0121131 0.000188039
6 0.690397 0.542059 0.0229885 0.038358 0.000188394
6 0.465332 0.488896 0.0163144 0.038358 0.000188582
6 0.513163 0.54105 0.0889878 0.0726783 0.000190305
6 0.782165 0.533311 0.0211346 0.0356662 0.000190583
6 0.416759 0.605653 0.0318873 0.0524899 0.000190951
6 0.806822 0.51817 0.0215054 0.0376851 0.000192256
5 0.889878 0.158479 0.220245 0.316958 0.000192924
6 0.364479 0.564939 0.0400445 0.0423957 0.000195014
6 0.610864 0.555855 0.0411568 0.0376851 0.000196123
6 0.465888 0.505384 0.0196515 0.0376851 0.000199054
6 0.22525 0.491925 0.0522803 0.0726783 0.000199369
6 0.389692 0.595222 0.0155729 0.0356662 0.000199988
9 0.394327 0.989906 0.0418984 0.0201884 0.000202186
6 0.722099 0.577725 0.0233593 0.0397039 0.000202825
9 0.591212 0.98183 0.0418984 0.0363392 0.000202936
5 0.826474 0.250336 0.347052 0.411844 0.000205864
6 0.118465 0.329408 0.0982573 0.131225 0.000212293
6 0.480349 0.62214 0.0433815 0.115074 0.000217057
6 0.33908 0.502692 0.0448647 0.0457604 0.000217855
9 0.592139 0.98856 0.0355951 0.0228802 0.000218495
6 0.301075 0.578398 0.0185391 0.0329744 0.000224574
6 0.767334 0.522207 0.0470894 0.0403768 0.000225729
7 0.505006 0.372813 0.0571005 0.106326 0.000226096
6 0.457731 0.544415 0.0292918 0.0403768 0.0002266
8 0.968854 0.993607 0.0496848 0.012786 0.000227756
6 0.571932 0.012786 0.0448647 0.025572 0.000229195
8 0.97145 0.95996 0.0571005 0.0800808 0.000230877
6 0.331665 0.564267 0.0278087 0.0423957 0.000232332
6 0.209492 0.520861 0.0200222 0.039031 0.000233097
6 0.44568 0.48755 0.109752 0.0733513 0.000241013
5 0.219503 0.875505 0.439006 0.248991 0.000248809
8 0.975528 0.986878 0.0489433 0.026245 0.00025148
6 0.390434 0.618775 0.0185391 0.0437416 0.000253404
5 0.501854 0.0185061 0.325918 0.0370121 0.000255743
6 0.302002 0.593203 0.0174268 0.0370121 0.000257885
9 0.379681 0.990579 0.0393029 0.0188425 0.000265372
5 0.786986 0.912853 0.426029 0.174293 0.000267394
5 0.831479 0.941117 0.337041 0.117766 0.000271222
6 0.811828 0.531629 0.0211346 0.0457604 0.000275072
6 0.534854 0.65074 0.0337412 0.0861373 0.000275749
6 0.238413 0.529273 0.0266963 0.0370121 0.00027602
6 0.48109 0.567631 0.0352243 0.038358 0.000277541
6 0.555061 0.58109 0.0318873 0.0477793 0.000279099
5 0.530219 0.975437 0.461995 0.0491252 0.00028214
6 0.389692 0.562248 0.0318873 0.0397039 0.00028813
6 0.540601 0.588156 0.0326288 0.0713324 0.000293226
6 0.702818 0.579408 0.0218762 0.0363392 0.000297868
6 0.715981 0.597577 0.0207638 0.0363392 0.000300002
6 0.459585 0.582773 0.0292918 0.0484522 0.000303171
6 0.392288 0.525908 0.0370782 0.0370121 0.000305401
6 0.434742 0.542396 0.0174268 0.0349933 0.000305673
5 0.299963 0.186406 0.386355 0.348587 0.000306565
3 0.857249 0.482167 0.285502 0.727456 0.000307736
9 0.617909 0.990242 0.0307749 0.0195155 0.000307854
6 0.803856 0.533984 0.0237301 0.0450875 0.000313069
6 0.571746 0.0201884 0.0659993 0.0403768 0.000318976
9 0.405636 0.992934 0.045977 0.0141319 0.000320588
6 0.280311 0.543069 0.123841 0.137281 0.000322681
6 0.417686 0.513122 0.120504 0.089502 0.000324593
9 0.589915 0.986541 0.200964 0.0269179 0.00032532
9 0.455135 0.993607 0.0470894 0.012786 0.000327114
6 0.739155 0.516151 0.0292918 0.039031 0.000332217
5 0.157397 0.905114 0.314794 0.189771 0.000336004
6 0.466444 0.561575 0.0252132 0.0356662 0.00034041
6 0.325732 0.583109 0.025584 0.0450875 0.0003417
6 0.681683 0.589166 0.0144605 0.0343203 0.000343535
6 0.428439 0.557201 0.104931 0.0605653 0.000343697
6 0.520764 0.578062 0.0708194 0.0605653 0.000351108
8 0.0281795 0.992934 0.0563589 0.0141319 0.000358057
6 0.670004 0.569314 0.0274379 0.0538358 0.000366507
9 0.517983 0.993607 0.0600667 0.012786 0.000377767
6 0.540044 0.566622 0.0448647 0.0363392 0.000381246
5 0.501112 0.988896 0.438636 0.0222073 0.000384403
6 0.267334 0.478802 0.0222469 0.0329744 0.000386737
6 0.454765 0.524226 0.0582128 0.0578735 0.000390478
6 0.538376 0.482503 0.0593252 0.0551817 0.000392892
6 0.505376 0.550471 0.143122 0.115747 0.000408225
5 0.501298 0.0925303 0.532443 0.185061 0.000408359
9 0.563218 0.986541 0.0645161 0.0269179 0.000411078
5 0.180756 0.924966 0.361513 0.105653 0.000417732
6 0.459956 0.456595 0.0248424 0.0370121 0.000436977
6 0.583982 0.0349933 0.0652577 0.0699865 0.000441809
8 0.0339266 0.960633 0.0678532 0.0787349 0.000442074
6 0.313496 0.502355 0.0441231 0.0545087 0.000442451
6 0.49759 0.482503 0.0489433 0.0551817 0.000457441
6 0.248795 0.510767 0.157953 0.118439 0.000472076
6 0.246941 0.477793 0.0215054 0.0349933 0.00048542
6 0.323693 0.494953 0.0200222 0.0343203 0.000489459
6 0.741379 0.558546 0.0270671 0.0457604 0.000495178
6 0.25139 0.485532 0.0600667 0.0854643 0.000496327
6 0.211902 0.532974 0.020393 0.0403768 0.000500079
6 0.291064 0.569314 0.0207638 0.0363392 0.000505731
6 0.701335 0.555518 0.025584 0.0370121 0.000505872
6 0.232481 0.532974 0.068224 0.090175 0.000506557
9 0.579162 0.988896 0.0430108 0.0222073 0.000511074
6 0.56396 0.560229 0.0600667 0.0585464 0.000511395
6 0.25825 0.475437 0.0263255 0.038358 0.000518615
7 0.505933 0.352961 0.0945495 0.131225 0.000525847
8 0.99277 0.938089 0.0144605 0.10498 0.000528462
5 0.705599 0.209287 0.391546 0.352625 0.000533084
3 0.153875 0.527927 0.307749 0.83782 0.000535945
4 0.510382 0.657133 0.330367 0.265814 0.00053987
9 0.609195 0.98856 0.0608083 0.0228802 0.000553674
6 0.559325 0.561575 0.125695 0.0935397 0.000571097
5 0.863367 0.975437 0.273267 0.0491252 0.000591477
6 0.332963 0.551817 0.0504264 0.0551817 0.000597634
6 0.676492 0.559556 0.108639 0.0814267 0.000615643
6 0.243419 0.503365 0.0404153 0.039031 0.000651012
5 0.51409 0.162517 0.0723026 0.183715 0.000665069
6 0.40063 0.550808 0.0656285 0.0491252 0.000674932
6 0.673712 0.590175 0.0274379 0.0403768 0.000678044
6 0.760845 0.495626 0.0430108 0.0504711 0.000678362
6 0.793103 0.534993 0.0237301 0.039031 0.000678682
6 0.603263 0.0339838 0.11865 0.0679677 0.000710312
5 0.49518 0.933715 0.708565 0.132571 0.000720464
6 0.715981 0.548789 0.0986281 0.0841184 0.000731138
6 0.673526 0.573015 0.0582128 0.0666218 0.000776064
6 0.535224 0.534657 0.0485725 0.0397039 0.000779776
6 0.299221 0.540713 0.0259548 0.0329744 0.00080341
6 0.681313 0.578735 0.0218762 0.0417227 0.000803667
9 0.627735 0.991588 0.034112 0.0168237 0.00086298
6 0.4264 0.525572 0.0400445 0.0403768 0.000874136
6 0.289581 0.514132 0.0266963 0.0376851 0.000892599
6 0.762143 0.466353 0.037449 0.0592194 0.000900472
6 0.298294 0.547779 0.0693363 0.0484522 0.000923901
6 0.293845 0.492934 0.0181683 0.0289367 0.000930035
6 0.489062 0.536003 0.0407861 0.0370121 0.000950847
6 0.315165 0.584118 0.0266963 0.0376851 0.00101355
6 0.730812 0.510431 0.0274379 0.0423957 0.00101365
3 0.735632 0.538695 0.518354 0.47712 0.00103121
7 0.527438 0.647039 0.0648869 0.137954 0.00104751
6 0.703003 0.498654 0.0400445 0.0497981 0.00104983
6 0.218947 0.523553 0.0211346 0.0417227 0.00107854
6 0.442343 0.468035 0.0207638 0.0329744 0.00112662
6 0.44809 0.486878 0.0522803 0.051817 0.0011804
6 0.516129 0.566622 0.0467186 0.0417227 0.00123351
6 0.441602 0.549125 0.0207638 0.0363392 0.00124561
6 0.426029 0.473419 0.0111235 0.0316285 0.00126376
6 0.261031 0.49428 0.0311457 0.0356662 0.00127749
3 0.467742 0.433042 0.790137 0.47039 0.00132018
6 0.451613 0.480485 0.0185391 0.0323015 0.00133987
6 0.326474 0.521198 0.0263255 0.0370121 0.00139986
6 0.579904 0.555518 0.0355951 0.0356662 0.00140085
6 0.73007 0.494616 0.0333704 0.039031 0.0014017
6 0.470708 0.577052 0.0656285 0.0921938 0.00143894
6 0.716537 0.546433 0.0522803 0.0457604 0.00149179
6 0.439562 0.574361 0.0196515 0.0410498 0.00151451
6 0.67297 0.548789 0.0363367 0.0410498 0.00153778
6 0.572117 0.572005 0.0185391 0.0376851 0.00154447
6 0.599926 0.0141319 0.0467186 0.0282638 0.00160019
6 0.496292 0.568304 0.0470894 0.0423957 0.00161203
6 0.418613 0.515141 0.0370782 0.0491252 0.00189643
6 0.599184 0.0195155 0.0652577 0.039031 0.00194393
6 0.276974 0.528264 0.0266963 0.0323015 0.00209374
3 0.312199 0.54004 0.624397 0.565949 0.0021155
6 0.454023 0.49428 0.020393 0.0370121 0.00217969
6 0.428254 0.492934 0.0192807 0.0329744 0.00238412
6 0.471635 0.5286 0.057842 0.0423957 0.00246527
6 0.233037 0.521198 0.0233593 0.0356662 0.00257005
6 0.444939 0.562584 0.0304042 0.0457604 0.00265895
6 0.297924 0.546433 0.0433815 0.0336474 0.00269333
6 0.719874 0.502019 0.0307749 0.039031 0.00295914
6 0.530219 0.556528 0.476826 0.257066 0.00317364
6 0.504079 0.542396 0.0530219 0.0444145 0.00319458
6 0.674639 0.564939 0.0218762 0.0329744 0.00340483
6 0.501298 0.605989 0.0830552 0.115074 0.00341677
6 0.319614 0.569987 0.0266963 0.0430686 0.00385451
6 0.426214 0.484186 0.0129774 0.0329744 0.00600931
6 0.741935 0.536339 0.0348535 0.039031 0.00620072
6 0.224323 0.533311 0.028921 0.0464334 0.00647106
6 0.252132 0.515814 0.0407861 0.0370121 0.00707668
6 0.431405 0.558546 0.0263255 0.0323015 0.00767203
6 0.535224 0.584118 0.0626622 0.10498 0.00967351
6 0.33426 0.548789 0.0278087 0.0356662 0.0110288
6 0.451428 0.522544 0.0233593 0.0410498 0.0112566
6 0.430108 0.483849 0.0103819 0.0282638 0.0118561
6 0.454208 0.563594 0.0348535 0.0343203 0.0121261
6 0.310345 0.504374 0.0259548 0.0302826 0.0140408
6 0.301446 0.501346 0.0229885 0.0323015 0.0203074
6 0.541713 0.550471 0.057842 0.0457604 0.0215522
6 0.560994 0.558883 0.0296626 0.0356662 0.0236845
6 0.324249 0.546433 0.0292918 0.039031 0.024741
6 0.253801 0.48755 0.0263255 0.0329744 0.0308072
6 0.440489 0.528264 0.0163144 0.0457604 0.0320761
6 0.305525 0.495289 0.0163144 0.025572 0.0355998
6 0.565999 0.567295 0.0174268 0.0296097 0.0550081
6 0.682425 0.565276 0.0278087 0.0430686 0.102849
6 0.441416 0.488223 0.020393 0.0423957 0.218707
6 0.440119 0.560229 0.0163144 0.0356662 0.264646
6 0.68502 0.567631 0.0152021 0.026245 0.34153
3 0.505006 0.54105 0.969967 0.864065 0.632915
6 0.732295 0.546433 0.0304042 0.0484522 0.647232
6 0.444753 0.486541 0.0122358 0.0282638 0.675989
6 0.283092 0.542059 0.025584 0.0356662 0.763703
5 0.507972 0.182369 0.661476 0.364738 0.88414
2 0.501112 0.329744 0.640341 0.222073 0.884671
4 0.50723 0.629879 0.867631 0.422611 0.903565
