5 0.908618 0.036266 0.182764 0.0617864 2.52285e-05
6 0.571322 0.0107455 0.026003 0.0214909 2.52416e-05
6 0.783432 0.194762 0.0104012 0.0335796 2.52864e-05
6 0.767459 0.136669 0.0222883 0.0342512 2.53209e-05
6 0.145617 0.393217 0.0282318 0.106783 2.53569e-05
6 0.234212 0.396239 0.0256315 0.0564137 2.5358e-05
6 0.361256 0.67092 0.0263744 0.0631296 2.53989e-05
6 0.883358 0.156145 0.0349183 0.0342512 2.54207e-05
6 0.692051 0.989255 0.0423477 0.0214909 2.54662e-05
6 0.329495 0.550034 0.0356612 0.0429819 2.54834e-05
7 0.434435 0.706514 0.0650074 0.126259 2.55272e-05
9 0.493499 0.987911 0.0427192 0.0241773 2.55861e-05
9 0.720097 0.978845 0.0820951 0.0423103 2.56299e-05
9 0.310178 1 0.278603 0 2.56314e-05
9 0.886887 0.00369375 0.0501486 0.00738751 2.56649e-05
5 0.3737 0.0335796 0.197623 0.0671592 2.56723e-05
6 0.419205 0.0241773 0.0390045 0.0483546 2.57086e-05
6 0.109027 0.12458 0.0456909 0.0463398 2.57378e-05
6 0.828009 0.922767 0.103269 0.149093 2.57477e-05
2 0.792719 0.433848 0.153789 0.221625 2.57549e-05
7 0.781018 0.239422 0.00928678 0.109469 2.57614e-05
9 0.750186 0.977502 0.0761516 0.0449966 2.58127e-05
6 0.180163 0.383143 0.0690936 0.0973808 2.58148e-05
6 0.579681 0.660846 0.0204309 0.0416387 2.58288e-05
6 0.768945 0.992612 0.0505201 0.014775 2.58788e-05
6 0.0100297 0.95769 0.01263 0.0779046 2.58857e-05
6 0.443351 0.121222 0.0464339 0.0691739 2.58971e-05
5 0.729198 0.933512 0.316493 0.12223 2.59165e-05
5 0.101597 0.0906649 0.196508 0.100739 2.59469e-05
6 0.890973 0.175957 0.0434621 0.0738751 2.59626e-05
6 0.89636 0.12458 0.0586924 0.0355944 2.6003e-05
6 0.832652 0.992612 0.0479198 0.014775 2.60747e-05
6 0.607727 0.060779 0.0148588 0.0208193 2.61288e-05
9 0.669391 0.990934 0.219168 0.018133 2.61572e-05
6 0.230126 0.979516 0.0412333 0.0409671 2.62025e-05
6 0.119056 0.204835 0.0248886 0.0429819 2.62082e-05
6 0.236256 0.168234 0.0111441 0.047683 2.62624e-05
6 0.707838 0.944594 0.058321 0.104097 2.62994e-05
6 0.555906 0.00436535 0.019688 0.00873069 2.63494e-05
6 0.607912 0.0815984 0.0286033 0.0355944 2.63677e-05
6 0.568722 0.0188046 0.0720654 0.0376091 2.64092e-05
6 0.343425 0.123237 0.108098 0.0812626 2.64321e-05
7 0.454309 0.442243 0.01263 0.122901 2.64916e-05
3 0.239785 0.523506 0.479569 0.550034 2.65377e-05
6 0.992013 0.407656 0.0159733 0.288784 2.66652e-05
9 0.0356612 0.925789 0.0713224 0.148422 2.67174e-05
6 0.861813 0.183345 0.0297177 0.0496978 2.67225e-05
7 0.492385 0.457354 0.0122585 0.0913365 2.67306e-05
5 0.770059 0.282404 0.0408618 0.254533 2.67484e-05
5 0.204495 0.16454 0.1289 0.216253 2.67582e-05
6 0.0440193 0.201142 0.0627786 0.0503694 2.67799e-05
6 0.381501 0.968099 0.0237741 0.0409671 2.67965e-05
6 0.565565 0.0832774 0.057578 0.0577569 2.68166e-05
6 0.679421 0.0785762 0.0245171 0.0241773 2.6892e-05
6 0.054049 0.142713 0.0427192 0.0396239 2.70493e-05
6 0.29792 0.8227 0.064636 0.080591 2.70945e-05
9 0.13763 0.0161182 0.0850669 0.0322364 2.70948e-05
4 0.367385 0.78677 0.73477 0.387508 2.71287e-05
6 0.20208 0.148758 0.0230312 0.0409671 2.71297e-05
6 0.320765 0.364674 0.0538633 0.0376091 2.71362e-05
6 0.79049 0.139019 0.0245171 0.0268637 2.71446e-05
5 0.214525 0.0725319 0.169762 0.145064 2.71643e-05
0 0.00352897 0.9137 0.00705795 0.13096 2.71741e-05
6 0.566122 0.644728 0.112184 0.0765615 2.71921e-05
6 0.534361 0.00705171 0.0791233 0.0141034 2.72351e-05
5 0.494242 0.0355944 0.192051 0.0711887 2.7239e-05
6 0.159733 0.173942 0.0222883 0.0402955 2.72464e-05
6 0.234212 0.000671592 0.0642645 0.00134318 2.73141e-05
6 0.619614 0.0470114 0.104755 0.0940228 2.73197e-05
6 0.237556 0.148086 0.0130015 0.0409671 2.73603e-05
6 0.592125 0.992277 0.0534918 0.0154466 2.73648e-05
6 0.265788 0.497985 0.0642645 0.0651444 2.74332e-05
9 0.0980683 0.0214909 0.0423477 0.0429819 2.74547e-05
6 0.562593 0.00940228 0.0204309 0.0188046 2.74572e-05
7 0.588224 0.438214 0.070951 0.106783 2.74697e-05
6 0.0120728 0.355944 0.0241456 0.222968 2.74731e-05
9 0.828195 0.981531 0.070208 0.0369375 2.74998e-05
6 0.391159 0.0779046 0.0624071 0.0631296 2.75082e-05
6 0.267645 0.531565 0.0442051 0.047683 2.76513e-05
6 0.03789 0.153459 0.0557207 0.0651444 2.77417e-05
6 0.607727 0.077233 0.0170877 0.0241773 2.77983e-05
6 0.390045 0.0154466 0.0668648 0.0308932 2.79061e-05
6 0.32708 0.838818 0.0479198 0.0738751 2.79307e-05
5 0.379272 0.270987 0.15899 0.211551 2.7936e-05
6 0.34101 0.582942 0.0334324 0.0376091 2.79678e-05
6 0.418091 0.0191404 0.0679792 0.0382807 2.79945e-05
6 0.405461 0.968099 0.0278603 0.0382807 2.80227e-05
6 0.00817236 0.00470114 0.013373 0.00940228 2.82079e-05
6 0.918091 0.0194762 0.0813522 0.0349228 2.82204e-05
6 0.421248 0.95769 0.0468053 0.0429819 2.82641e-05
6 0.683135 0.514775 0.0156018 0.0382807 2.83377e-05
6 0.882987 0.209201 0.0408618 0.0785762 2.84574e-05
6 0.934807 0.576561 0.0783804 0.313633 2.84747e-05
7 0.509101 0.408328 0.0122585 0.0819342 2.84753e-05
6 0.689636 0.567495 0.0293462 0.0456682 2.85607e-05
6 0.331538 0.00369375 0.0293462 0.00738751 2.8575e-05
6 0.546434 0.1182 0.0564636 0.0537273 2.86684e-05
5 0.726969 0.333109 0.546062 0.666219 2.86883e-05
6 0.208952 0 0.0546062 0 2.87376e-05
5 0.223254 0.0836132 0.0839524 0.129617 2.87517e-05
6 0.334138 0.00973808 0.0412333 0.0194762 2.88094e-05
6 0.107727 0.176293 0.0505201 0.0369375 2.88252e-05
6 0.383172 0.00402955 0.0679792 0.0080591 2.88958e-05
6 0.169019 0.991269 0.0490342 0.0174614 2.89123e-05
9 0.529532 0.991605 0.0367756 0.0167898 2.89357e-05
6 0.132058 0.390195 0.0568351 0.123573 2.89376e-05
6 0.631315 0.0745467 0.032318 0.0335796 2.89721e-05
5 0.13503 0.147414 0.270059 0.230356 2.89987e-05
6 0.744428 0.99362 0.0468053 0.0127602 2.90798e-05
6 0.513373 0.518133 0.0200594 0.0517126 2.91344e-05
6 0.675706 0.67495 0.0341753 0.0631296 2.92098e-05
6 0.689822 0.0836132 0.121842 0.0732035 2.92644e-05
7 0.462853 0.694762 0.0312036 0.102754 2.93212e-05
6 0.367756 0.982539 0.0341753 0.0349228 2.93959e-05
6 0.369614 0.00335796 0.0297177 0.00671592 2.94034e-05
6 0.360327 0.0114171 0.026003 0.0228341 2.95139e-05
6 0.231055 0.149765 0.026003 0.114171 2.95205e-05
6 0.104755 0.336132 0.0846954 0.108126 2.95211e-05
0 0.994985 0.846206 0.0100297 0.1773 2.95402e-05
6 0.365713 0.0852921 0.0182021 0.0268637 2.95562e-05
6 0.510215 0.00134318 0.018945 0.00268637 2.95844e-05
6 0.403603 0.982874 0.0300892 0.0342512 2.95941e-05
6 0.337481 0.00570853 0.0716939 0.0114171 2.96103e-05
6 0.0195022 0.260242 0.0390045 0.161854 2.96296e-05
6 0.592125 0.579248 0.0185736 0.0315648 2.96687e-05
6 0.317979 0.70685 0.135215 0.121558 2.96843e-05
6 0.73737 0.568838 0.0416048 0.0523841 2.97591e-05
6 0.413633 0.634654 0.0152303 0.0389523 2.99043e-05
6 0.356241 0.678979 0.0601783 0.0940228 2.99369e-05
6 0.540862 0.538281 0.0988113 0.0651444 2.99872e-05
6 0.243499 0.544325 0.0182021 0.0718603 3.00253e-05
5 0.468053 0.165212 0.190193 0.155809 3.00519e-05
5 0.239785 0.0990598 0.479569 0.19812 3.00711e-05
7 0.395059 0.437878 0.131129 0.126259 3.00756e-05
6 0.707838 0.568502 0.0211738 0.0423103 3.01611e-05
6 0.709138 0.014775 0.0661218 0.02955 3.01741e-05
6 0.408061 0.692411 0.0464339 0.0832774 3.01898e-05
6 0.280089 0.982874 0.0334324 0.0342512 3.0207e-05
5 0.167533 0.0134318 0.165676 0.0268637 3.02643e-05
6 0.210996 0.146071 0.0356612 0.0530557 3.03164e-05
6 0.35104 0.0433177 0.089153 0.0638012 3.0354e-05
6 0.086367 0.0507052 0.0456909 0.0396239 3.03555e-05
6 0.567608 0.967764 0.0445765 0.0644728 3.04132e-05
6 0.0169019 0.200134 0.0338039 0.137005 3.04304e-05
6 0.419762 0.0167898 0.02526 0.0335796 3.04446e-05
6 0.368871 0.149093 0.0178306 0.0335796 3.05131e-05
8 0.00687221 0.196105 0.0137444 0.139691 3.05372e-05
9 0.873328 0.00671592 0.0586924 0.0134318 3.06485e-05
6 0.734955 0.0926796 0.0494056 0.044325 3.07228e-05
6 0.0442051 0.626259 0.0683507 0.288113 3.07785e-05
6 0.631686 0.0718603 0.018945 0.0214909 3.07997e-05
6 0.633544 0.00436535 0.0679792 0.00873069 3.08711e-05
6 0.733098 0.00100739 0.0546062 0.00201478 3.0874e-05
6 0.236441 0.169241 0.0159733 0.112827 3.08897e-05
3 0.450037 0.328744 0.642273 0.19006 3.09637e-05
6 0.564079 0.123909 0.031575 0.0423103 3.09655e-05
7 0.43815 0.452653 0.018945 0.0725319 3.09677e-05
6 0.341382 0.0224983 0.03789 0.0449966 3.09963e-05
6 0.357169 0.669577 0.154903 0.146407 3.10181e-05
8 0.0031575 0.17495 0.00631501 0.13096 3.10334e-05
6 0.989413 0.0288784 0.0211738 0.0577569 3.11318e-05
6 0.791976 0.18771 0.0148588 0.0355944 3.1173e-05
5 0.847325 0.0879785 0.118871 0.080591 3.11732e-05
6 0.360884 0.016454 0.0672363 0.032908 3.11823e-05
5 0.575594 0.0366017 0.447623 0.0732035 3.12284e-05
6 0.760215 0.601075 0.0390045 0.051041 3.13439e-05
6 0.41419 0.0077233 0.0794948 0.0154466 3.14385e-05
5 0.864227 0.107119 0.271545 0.214238 3.14625e-05
6 0.416605 0.968435 0.0300892 0.0416387 3.14783e-05
5 0.26003 0.0950302 0.141159 0.145735 3.14787e-05
6 0.352712 0.139691 0.0226597 0.0255205 3.15476e-05
6 0.0683507 0.216924 0.0482912 0.0376091 3.15761e-05
6 0.657132 0.992948 0.0423477 0.0141034 3.16085e-05
5 0.255015 0.367361 0.51003 0.377435 3.16618e-05
6 0.370728 0.152787 0.0297177 0.0490262 3.16621e-05
6 0.666233 0.532572 0.0300892 0.036266 3.18338e-05
5 0.653418 0.959369 0.261516 0.0812626 3.18613e-05
6 0.67162 0.0678308 0.0200594 0.0161182 3.18663e-05
6 0.267088 0.99362 0.0297177 0.0127602 3.18665e-05
9 0.526746 1 0.0609212 0 3.18842e-05
7 0.422177 0.459704 0.0352897 0.0732035 3.19314e-05
6 0.815936 0.186031 0.0286033 0.0416387 3.19526e-05
6 0.500557 0.0177972 0.0976969 0.0355944 3.20481e-05
6 0.59714 0.031229 0.0271174 0.062458 3.20664e-05
6 0.792162 0.604097 0.0471768 0.0584285 3.21051e-05
6 0.246285 0.639019 0.0215453 0.0409671 3.21377e-05
6 0.604012 0.669241 0.0237741 0.0503694 3.21989e-05
6 0.568908 0.980188 0.0390045 0.0382807 3.22076e-05
6 0.669205 0.977166 0.0419762 0.0456682 3.22143e-05
6 0.418462 0.618872 0.0286033 0.0503694 3.22246e-05
6 0.644688 0.0711887 0.0182021 0.0201478 3.2238e-05
6 0.355684 0.0235057 0.0278603 0.0308932 3.2379e-05
6 0.639302 0.527199 0.0334324 0.0752183 3.24095e-05
5 0.372028 0.0527199 0.57318 0.10544 3.25071e-05
6 0.308878 0.938549 0.0486627 0.0960376 3.25104e-05
6 0.277675 0.0171256 0.0924963 0.0342512 3.25639e-05
5 0.877415 0.201813 0.245171 0.329752 3.25956e-05
6 0.645988 0.0775688 0.0430906 0.0369375 3.26039e-05
6 0.0148588 0.051041 0.0297177 0.102082 3.26356e-05
6 0.543091 0.0496978 0.109212 0.0993956 3.26523e-05
5 0.215267 0.990934 0.391902 0.018133 3.27148e-05
6 0.659733 0.0755541 0.0193165 0.018133 3.27384e-05
6 0.104941 0.0943586 0.0219168 0.0732035 3.2788e-05
6 0.418462 0.991269 0.0442051 0.0174614 3.28981e-05
6 0.0846954 0.102082 0.0334324 0.0483546 3.29326e-05
6 0.629458 0.592344 0.0404903 0.0698455 3.2961e-05
6 0.279903 0.993284 0.0293462 0.0134318 3.30346e-05
6 0.406389 0.0151108 0.0178306 0.0302216 3.30581e-05
6 0.487184 0.00537273 0.0627786 0.0107455 3.306e-05
6 0.64153 0.988583 0.0468053 0.0228341 3.32097e-05
7 0.618314 0.725319 0.0664933 0.128946 3.34429e-05
6 0.736441 0.00604432 0.0219168 0.0120886 3.34553e-05
6 0.920505 0.211216 0.0728083 0.0423103 3.35261e-05
6 0.243314 0.993284 0.0341753 0.0134318 3.35449e-05
6 0.705609 0.692411 0.131872 0.171927 3.35507e-05
6 0.564264 0.12223 0.0200594 0.0282068 3.35754e-05
7 0.542348 0.433848 0.00965825 0.0859637 3.36191e-05
9 0.391902 0.974144 0.0341753 0.0517126 3.37564e-05
5 0.108098 0.0540631 0.216196 0.104097 3.376e-05
6 0.762816 0.00268637 0.0627786 0.00537273 3.37817e-05
6 0.492385 0.119543 0.0553492 0.0738751 3.38107e-05
6 0.769874 0.135997 0.0130015 0.0235057 3.39418e-05
6 0.80925 0.186367 0.0612927 0.0584285 3.39803e-05
6 0.331909 0.137005 0.0241456 0.0228341 3.40032e-05
6 0.434993 0.0319006 0.0349183 0.0638012 3.40215e-05
6 0.0906389 0.0950302 0.0178306 0.0436535 3.40326e-05
6 0.670691 0.0701813 0.031575 0.0248489 3.40984e-05
6 0.733655 0.141706 0.0215453 0.0255205 3.42947e-05
3 0.728269 0.573539 0.543462 0.852921 3.43388e-05
6 0.5 0.170584 0.0624071 0.134318 3.43573e-05
6 0.0796805 0.201813 0.0442051 0.032908 3.43887e-05
6 0.736813 0.0268637 0.0211738 0.044325 3.44006e-05
6 0.292348 0.623909 0.0297177 0.0402955 3.44145e-05
6 0.541419 0.00537273 0.0308321 0.0107455 3.44178e-05
6 0.145245 0.0191404 0.0326894 0.0382807 3.45051e-05
6 0.557949 0.114506 0.0282318 0.0369375 3.45478e-05
6 0.369056 0.102754 0.0226597 0.0752183 3.45711e-05
9 0.3763 1 0.0631501 0 3.4608e-05
6 0.349554 0.642713 0.03789 0.0496978 3.46859e-05
6 0.10104 0.0537273 0.0356612 0.0349228 3.47145e-05
6 0.356426 0.0977166 0.0612927 0.0543989 3.48128e-05
9 0.380015 0.976494 0.0319465 0.0470114 3.4822e-05
6 0.318165 0.130289 0.0642645 0.0402955 3.4824e-05
6 0.518388 0.554735 0.019688 0.0376091 3.48334e-05
9 0.0297177 0.989255 0.0594354 0.0214909 3.48528e-05
9 0.428678 0.971122 0.0326894 0.0577569 3.48534e-05
6 0.384473 0.160175 0.0282318 0.083949 3.48685e-05
6 0.635215 0.503694 0.0393759 0.0523841 3.50027e-05
7 0.479198 0.485897 0.0089153 0.0611148 3.50265e-05
6 0.520617 0.965413 0.0330609 0.0463398 3.50408e-05
6 0.933135 0.130625 0.0958395 0.0503694 3.50691e-05
6 0.668834 0.0765615 0.0182021 0.0201478 3.5119e-05
6 0.304235 0.981867 0.0356612 0.036266 3.51247e-05
6 0.193351 0.991605 0.0494056 0.0167898 3.51516e-05
6 0.134101 0.494291 0.0586924 0.204164 3.52522e-05
6 0.920319 0.105776 0.0523774 0.0503694 3.54089e-05
4 0.493499 0.812962 0.651932 0.204835 3.5464e-05
6 0.830423 0.534251 0.070951 0.100067 3.54735e-05
6 0.317051 0.992277 0.0330609 0.0154466 3.56036e-05
6 0.523774 0.00436535 0.0289747 0.00873069 3.56887e-05
9 0.778418 0.979181 0.0672363 0.0416387 3.57156e-05
9 0.148217 0.00973808 0.0438336 0.0194762 3.57233e-05
6 0.992013 0.0238415 0.0107727 0.047683 3.5782e-05
6 0.276003 0.584956 0.0319465 0.0429819 3.58403e-05
7 0.531204 0.413029 0.0423477 0.102082 3.59139e-05
9 0.190007 1 0.0620357 0 3.59287e-05
4 0.479755 0.871726 0.831724 0.256548 3.59313e-05
6 0.427377 0.581598 0.0182021 0.0335796 3.59572e-05
6 0.465639 0.990262 0.0367756 0.0194762 3.59622e-05
6 0.584138 0.0282068 0.0360327 0.0564137 3.59765e-05
6 0.542905 0.985897 0.0471768 0.0282068 3.61643e-05
6 0.564079 0.517461 0.0159733 0.0409671 3.62332e-05
6 0.592868 0.664204 0.0282318 0.0577569 3.62472e-05
6 0.767645 0.48959 0.0746657 0.120887 3.64204e-05
6 0.667533 0.984553 0.0289747 0.0308932 3.6447e-05
6 0.645431 0.566152 0.0352897 0.0456682 3.64823e-05
5 0.315936 0.0785762 0.204681 0.120887 3.64864e-05
9 0.931649 0.978509 0.131501 0.0429819 3.66161e-05
6 0.841382 0.426125 0.0728083 0.113499 3.66196e-05
6 0.453566 0.581934 0.0200594 0.0369375 3.66312e-05
6 0.355312 0.143721 0.0330609 0.0389523 3.66809e-05
9 0.337667 1 0.064636 0 3.67929e-05
7 0.455981 0.443922 0.00780089 0.0873069 3.68005e-05
6 0.585996 0.489926 0.0219168 0.0557421 3.68959e-05
9 0.56315 1 0.0631501 0 3.69542e-05
6 0.85977 0.133647 0.0612927 0.0577569 3.7048e-05
6 0.581352 0.968099 0.03789 0.0396239 3.70876e-05
6 0.34584 0.093687 0.0222883 0.0235057 3.70965e-05
6 0.440007 0.952317 0.0598068 0.095366 3.7121e-05
6 0.668276 0.0812626 0.0319465 0.0308932 3.71362e-05
6 0.694465 0.0883143 0.0367756 0.0342512 3.71393e-05
7 0.47214 0.412021 0.0616642 0.110813 3.72082e-05
6 0.539004 0.00201478 0.0178306 0.00402955 3.74076e-05
6 0.460624 0.0224983 0.0319465 0.0449966 3.782e-05
5 0.29179 0.832774 0.354012 0.138348 3.78413e-05
6 0.542533 0.967764 0.0338039 0.0389523 3.79106e-05
9 0.370728 0.988919 0.0364042 0.0221625 3.81937e-05
6 0.392088 0.969443 0.0271174 0.0382807 3.82612e-05
6 0.540676 0.517797 0.0137444 0.0550705 3.8312e-05
9 0.424963 0.991941 0.103269 0.0161182 3.84285e-05
6 0.989227 0.979181 0.0141159 0.0416387 3.85031e-05
2 0.856426 0.528543 0.096211 0.460712 3.85189e-05
6 0.782318 0.141034 0.0185736 0.0268637 3.85664e-05
6 0.110513 0.0910007 0.0627786 0.0543989 3.85702e-05
9 0.612741 0.991605 0.0850669 0.0167898 3.85977e-05
9 0.966939 0.993284 0.0527489 0.0134318 3.86017e-05
6 0.131501 0.147414 0.0215453 0.0342512 3.87373e-05
6 0.29179 0.992612 0.0308321 0.014775 3.88603e-05
6 0.558135 0.113835 0.0174591 0.0248489 3.89741e-05
6 0.231612 0.149093 0.0137444 0.0335796 3.90002e-05
5 0.694837 0.0742109 0.216568 0.112156 3.90819e-05
9 0.505015 0.994963 0.102155 0.0100739 3.91263e-05
6 0.304049 0.992612 0.031575 0.014775 3.92663e-05
7 0.573923 0.435527 0.00965825 0.0826058 3.93008e-05
6 0.88503 0.168234 0.105869 0.0664876 3.93138e-05
6 0.59844 0.48959 0.01263 0.0429819 3.93632e-05
9 0.928306 1 0.0720654 0 3.93967e-05
6 0.382058 0.156817 0.0204309 0.0382807 3.94908e-05
6 0.29662 0.00268637 0.0724368 0.00537273 3.96966e-05
6 0.429049 0.969443 0.0282318 0.0396239 3.9831e-05
6 0.812221 0.186031 0.0404903 0.108798 3.99008e-05
9 0.26393 1 0.0650074 0 3.99784e-05
9 0.301449 1 0.0642645 0 4.0024e-05
9 0.85104 0.018133 0.10847 0.036266 4.00528e-05
2 0.514116 0.994291 0.390045 0.0114171 4.01673e-05
5 0.693536 0.128274 0.207281 0.131632 4.02146e-05
6 0.760958 0.533244 0.0798663 0.095366 4.02723e-05
9 0.227155 1 0.0642645 0 4.02765e-05
6 0.991642 0.179651 0.0115156 0.0826058 4.03593e-05
6 0.441493 0.991269 0.031575 0.0174614 4.0402e-05
6 0.529718 0.961719 0.0356612 0.0765615 4.04126e-05
6 0.69818 0.60544 0.018945 0.0342512 4.0526e-05
6 0.833767 0.124916 0.019688 0.02955 4.05284e-05
6 0.368871 0.102754 0.026003 0.036266 4.05345e-05
6 0.391902 0.00335796 0.02526 0.00671592 4.05676e-05
9 0.952452 0.989255 0.077266 0.0214909 4.05985e-05
6 0.455423 0.00638012 0.0312036 0.0127602 4.0636e-05
5 0.864227 0.176293 0.186107 0.192747 4.07258e-05
6 0.0243314 0.43452 0.0486627 0.304903 4.07771e-05
9 0.60104 1 0.063893 0 4.08799e-05
9 0.934621 0.00906649 0.0869242 0.018133 4.09002e-05
6 0.14023 0.150101 0.018945 0.0355944 4.09022e-05
4 0.72084 0.783076 0.265602 0.20685 4.09026e-05
9 0.505201 0.992948 0.0349183 0.0141034 4.09514e-05
5 0.481612 0.111148 0.382244 0.16857 4.1012e-05
6 0.283432 0.599731 0.02526 0.0456682 4.10588e-05
6 0.415676 0.577233 0.0185736 0.032908 4.11866e-05
6 0.127786 0.387844 0.0713224 0.22364 4.12181e-05
5 0.218053 0.130289 0.0861813 0.139691 4.12255e-05
7 0.495357 0.359973 0.0917533 0.154466 4.14289e-05
6 0.858841 0.515111 0.0698365 0.198791 4.14846e-05
6 0.994242 0.973472 0.0115156 0.0530557 4.1533e-05
6 0.2513 0.626931 0.140788 0.206179 4.15772e-05
6 0.0811664 0.143049 0.0382615 0.0416387 4.1693e-05
6 0.148588 0.150437 0.0438336 0.0456682 4.1713e-05
7 0.52526 0.432169 0.01263 0.083949 4.17169e-05
9 0.98997 0.971457 0.0200594 0.0570853 4.17334e-05
6 0.380015 0.985897 0.0267459 0.0282068 4.18047e-05
6 0.342125 0.499664 0.0170877 0.036266 4.2147e-05
6 0.35364 0.988583 0.02526 0.0228341 4.22762e-05
5 0.70951 0.229349 0.148588 0.31632 4.23191e-05
6 0.00705795 0.0416387 0.0141159 0.0832774 4.23402e-05
6 0.356241 0.580927 0.0208024 0.0349228 4.23536e-05
6 0.415305 0.981867 0.0319465 0.036266 4.23792e-05
6 0.0661218 0.195769 0.0430906 0.0691739 4.24579e-05
6 0.43555 0.609134 0.176449 0.130289 4.24809e-05
6 0.993871 0.919073 0.0122585 0.161854 4.25135e-05
6 0.610141 0.503694 0.147474 0.0765615 4.26007e-05
6 0.304235 0.576897 0.0326894 0.044325 4.26828e-05
6 0.706352 0.992277 0.0501486 0.0154466 4.27146e-05
6 0.111441 0.446273 0.0601783 0.231699 4.27592e-05
6 0.154903 0.588314 0.100297 0.196105 4.28813e-05
6 0.664004 0.572532 0.0434621 0.0490262 4.29758e-05
6 0.428678 0.990598 0.0289747 0.0188046 4.30035e-05
6 0.745357 0.136333 0.0330609 0.0308932 4.31762e-05
6 0.77526 0.153459 0.0690936 0.0799194 4.31805e-05
6 0.604383 0.155473 0.0230312 0.0275353 4.32639e-05
6 0.737184 0.111148 0.0590639 0.0584285 4.3854e-05
6 0.692608 0.093687 0.0226597 0.0248489 4.39233e-05
5 0.508172 0.0762257 0.186478 0.128274 4.39611e-05
6 0.521545 0.000671592 0.0163447 0.00134318 4.39674e-05
6 0.511887 0.564137 0.0222883 0.0389523 4.39877e-05
6 0.457281 0.00335796 0.0200594 0.00671592 4.42743e-05
6 0.692236 0.514775 0.0159733 0.0369375 4.42809e-05
9 0.962667 0.979516 0.0746657 0.0409671 4.42944e-05
6 0.669391 0.990262 0.0341753 0.0194762 4.45023e-05
6 0.544948 0.560443 0.0193165 0.0355944 4.47534e-05
6 0.775074 0.1454 0.0241456 0.0906649 4.47935e-05
5 0.668462 0.138684 0.663076 0.277367 4.48296e-05
6 0.481055 0.57824 0.0178306 0.0376091 4.49499e-05
5 0.151932 0.952653 0.303863 0.0946944 4.51331e-05
6 0.392273 0.985225 0.0304606 0.02955 4.52436e-05
9 0.901003 0.0080591 0.0746657 0.0161182 4.53496e-05
6 0.33971 0.979516 0.0300892 0.0409671 4.54158e-05
6 0.692979 0.501679 0.0642645 0.0738751 4.55625e-05
5 0.710438 0.986568 0.367385 0.0268637 4.565e-05
6 0.730869 0.600403 0.13633 0.15178 4.56642e-05
6 0.684621 0.00100739 0.0579495 0.00201478 4.57889e-05
6 0.436107 0.00638012 0.0267459 0.0127602 4.58076e-05
6 0.433878 0.0322364 0.0943536 0.0644728 4.60634e-05
6 0.723068 0.605776 0.0390045 0.0577569 4.61422e-05
6 0.329866 0.98724 0.0289747 0.0255205 4.62747e-05
6 0.300149 0.928475 0.0869242 0.143049 4.63448e-05
6 0.0566493 0.207522 0.0412333 0.0349228 4.65491e-05
6 0.0536776 0.183009 0.0367756 0.0302216 4.65695e-05
6 0.219168 0.988247 0.0416048 0.0235057 4.65799e-05
6 0.82318 0.346541 0.0668648 0.0993956 4.66421e-05
6 0.830238 0.494291 0.0757801 0.112827 4.67075e-05
6 0.978269 0.0339154 0.0434621 0.0678308 4.68565e-05
6 0.845097 0.131296 0.0356612 0.0275353 4.70294e-05
6 0.283432 0.528207 0.0319465 0.0409671 4.70755e-05
6 0.427192 0.982874 0.0304606 0.0342512 4.71095e-05
6 0.221211 0.855608 0.0843239 0.115514 4.7251e-05
6 0.592496 0.962727 0.0416048 0.0745467 4.72652e-05
6 0.480126 0.991605 0.0531204 0.0167898 4.73318e-05
6 0.405832 0.640363 0.280461 0.179315 4.77675e-05
6 0.140416 0.161182 0.0453195 0.0416387 4.77951e-05
6 0.93815 0.129953 0.1237 0.098724 4.80388e-05
6 0.355498 0.0963734 0.0334324 0.0369375 4.80951e-05
6 0.85847 0.107119 0.0193165 0.0315648 4.85848e-05
6 0.990899 0.959705 0.0159733 0.080591 4.86947e-05
6 0.680535 0.991605 0.0482912 0.0167898 4.88023e-05
5 0.733098 0.926461 0.533804 0.147079 4.88993e-05
6 0.431649 0.617864 0.0222883 0.0537273 4.89079e-05
5 0.159361 0.904298 0.318722 0.172599 4.89368e-05
7 0.552377 0.42814 0.0653789 0.10141 4.89942e-05
6 0.476412 0.986232 0.0300892 0.0275353 4.90332e-05
6 0.440379 0.983882 0.031575 0.0322364 4.91311e-05
6 0.708024 0.00201478 0.0586924 0.00402955 4.91363e-05
6 0.991085 0.0114171 0.0178306 0.0228341 4.92132e-05
6 0.137816 0.19409 0.0289747 0.0376091 4.92257e-05
6 0.292905 0.643049 0.0234027 0.0382807 4.93182e-05
9 0.10104 0.990934 0.0802377 0.018133 4.93781e-05
6 0.392645 0.669577 0.0185736 0.0402955 4.94179e-05
6 0.977712 0.0104097 0.0445765 0.0208193 4.95408e-05
7 0.517831 0.444258 0.0178306 0.137676 4.95491e-05
5 0.72604 0.0120886 0.163076 0.0241773 4.98001e-05
6 0.459324 0.0177972 0.0174591 0.032908 4.98016e-05
5 0.239227 0.832102 0.365527 0.271323 4.98267e-05
6 0.448551 0.0107455 0.0375186 0.0214909 4.9964e-05
6 0.991456 0.0466756 0.0170877 0.0933512 5.00451e-05
6 0.991085 0.131632 0.0170877 0.138348 5.01289e-05
6 0.618128 0.978173 0.0438336 0.0382807 5.01348e-05
6 0.604569 0.684688 0.0352897 0.0691739 5.031e-05
9 0.63893 1 0.063893 0 5.03618e-05
6 0.355126 0.0923439 0.0215453 0.0235057 5.03833e-05
6 0.995171 0.950974 0.00965825 0.0913365 5.04784e-05
6 0.367942 0.0980524 0.0152303 0.0214909 5.07473e-05
6 0.351226 0.504365 0.0159733 0.0282068 5.07727e-05
9 0.441493 0.971793 0.0345468 0.0564137 5.08108e-05
6 0.367571 0.663868 0.0211738 0.0369375 5.08247e-05
6 0.330609 0.992277 0.0319465 0.0154466 5.08452e-05
6 0.758544 0.589322 0.208024 0.337811 5.09726e-05
9 0.674963 1 0.0653789 0 5.10507e-05
6 0.705052 0.638012 0.0713224 0.0980524 5.1063e-05
6 0.124814 0.0161182 0.0371471 0.0322364 5.12667e-05
7 0.285847 0.242109 0.0382615 0.281397 5.14136e-05
6 0.519131 0.986904 0.0456909 0.0261921 5.14625e-05
9 0.128529 0.0214909 0.0423477 0.0429819 5.1676e-05
6 0.556464 0.516454 0.0222883 0.0496978 5.18915e-05
6 0.850854 0.571525 0.0984398 0.166555 5.20753e-05
6 0.419577 0.00570853 0.0271174 0.0114171 5.21089e-05
6 0.617942 0.969107 0.0486627 0.0617864 5.21977e-05
6 0.606798 0.157488 0.0375186 0.0463398 5.24238e-05
6 0.570579 0.604097 0.0215453 0.032908 5.31272e-05
5 0.775817 0.0580927 0.21211 0.116185 5.3308e-05
2 0.838039 0.426461 0.228826 0.423103 5.36068e-05
6 0.355126 0.991941 0.0430906 0.0161182 5.36713e-05
6 0.983655 0.33143 0.0326894 0.156481 5.38328e-05
9 0.161404 0.995635 0.0724368 0.00873069 5.39499e-05
6 0.730684 0.502351 0.0854383 0.127602 5.43057e-05
9 0.0620357 0.0305574 0.124071 0.0611148 5.47941e-05
6 0.538633 0.976494 0.0861813 0.0470114 5.50169e-05
6 0.823366 0.48724 0.108098 0.246474 5.52545e-05
6 0.506315 0.538952 0.142645 0.0906649 5.53303e-05
3 0.768945 0.745467 0.46211 0.509066 5.54084e-05
6 0.357912 0.00503694 0.0271174 0.0100739 5.56177e-05
6 0.919391 0.192075 0.131501 0.0967092 5.59337e-05
6 0.896174 0.10779 0.0553492 0.047683 5.59423e-05
6 0.513187 0.224312 0.0367756 0.119543 5.60527e-05
6 0.443722 0.583277 0.0159733 0.032908 5.60923e-05
6 0.405089 0.00470114 0.0241456 0.00940228 5.62466e-05
5 0.662147 0.258899 0.142273 0.216924 5.63929e-05
6 0.568165 0.985561 0.0501486 0.0288784 5.64005e-05
6 0.597325 0.0120886 0.0230312 0.0241773 5.65075e-05
6 0.98867 0.900269 0.0159733 0.199463 5.67934e-05
6 0.446508 0.00671592 0.0237741 0.0134318 5.68901e-05
5 0.76523 0.200806 0.469539 0.401612 5.7149e-05
6 0.255572 0.582606 0.02526 0.0543989 5.71497e-05
6 0.715267 0.0886501 0.0724368 0.0537273 5.71635e-05
6 0.899517 0.926461 0.102897 0.128274 5.72356e-05
5 0.615713 0.974815 0.3763 0.0503694 5.73445e-05
6 0.570765 0.56313 0.0271174 0.0409671 5.73692e-05
6 0.103269 0.0923439 0.0170877 0.0396239 5.75697e-05
6 0.694094 0.530557 0.0234027 0.0429819 5.75957e-05
6 0.247771 0.594023 0.0237741 0.0597717 5.77826e-05
6 0.0291605 0.0127602 0.058321 0.0255205 5.81262e-05
5 0.852526 0.937542 0.294948 0.124916 5.83235e-05
5 0.350669 0.0077233 0.140416 0.0154466 5.834e-05
2 0.112741 0.535259 0.113299 0.357287 5.83537e-05
6 0.566308 0.683009 0.0464339 0.0832774 5.887e-05
5 0.770802 0.883143 0.398217 0.158496 5.90174e-05
6 0.987927 0.067495 0.0241456 0.098724 5.96452e-05
9 0.566308 0.98321 0.287147 0.0335796 5.98968e-05
9 0.71211 1 0.0661218 0 5.99334e-05
9 0.95078 0.0241773 0.082838 0.036266 5.99896e-05
6 0.597697 0.0235057 0.0170877 0.0308932 6.00207e-05
6 0.985327 0.934184 0.0293462 0.131632 6.00369e-05
5 0.88373 0.996642 0.232541 0.00671592 6.03033e-05
6 0.308135 0.544997 0.0330609 0.0436535 6.05303e-05
6 0.441122 0.0194762 0.0679792 0.0389523 6.08637e-05
5 0.493685 0.127938 0.147103 0.104097 6.12149e-05
6 0.58971 0.487576 0.0107727 0.051041 6.13025e-05
6 0.112556 0.0920081 0.0185736 0.044325 6.13772e-05
6 0.352155 0.12458 0.0208024 0.0235057 6.13975e-05
6 0.531389 0.974815 0.0419762 0.0409671 6.14161e-05
6 0.655275 0.536938 0.0304606 0.0396239 6.15646e-05
6 0.817608 0.0144392 0.0178306 0.0288784 6.16932e-05
6 0.353826 0.129617 0.032318 0.0349228 6.18127e-05
6 0.241642 0.596038 0.044948 0.0785762 6.19103e-05
6 0.883544 0.208193 0.0345468 0.0416387 6.21269e-05
7 0.508358 0.687374 0.0434621 0.13499 6.24757e-05
6 0.339896 0.987911 0.02526 0.0241773 6.24849e-05
6 0.657132 0.491269 0.216939 0.112156 6.26814e-05
6 0.854383 0.408664 0.107727 0.19409 6.27416e-05
6 0.456909 0.00906649 0.0141159 0.018133 6.27699e-05
6 0.530832 0.558093 0.0267459 0.0376091 6.29892e-05
6 0.218425 0.991269 0.0482912 0.0174614 6.31999e-05
6 0.439079 0.96642 0.0564636 0.051041 6.32347e-05
6 0.995357 0.0426461 0.00928678 0.0812626 6.35465e-05
9 0.749071 1 0.0657504 0 6.38181e-05
6 0.368128 0.586635 0.0222883 0.0382807 6.46128e-05
9 0.554978 0.992277 0.0572065 0.0154466 6.4797e-05
6 0.993314 0.157152 0.013373 0.0631296 6.48604e-05
6 0.33711 0.134654 0.0345468 0.0732035 6.49606e-05
6 0.790862 0.172263 0.0364042 0.0449966 6.51985e-05
9 0.786033 1 0.0668648 0 6.52419e-05
6 0.70951 0.0926796 0.0200594 0.0228341 6.5391e-05
6 0.435178 0.0167898 0.0248886 0.0335796 6.57007e-05
9 0.823366 1 0.0664933 0 6.58727e-05
6 0.242942 0.991941 0.0490342 0.0161182 6.60466e-05
6 0.670691 0.0940228 0.0278603 0.0349228 6.60987e-05
6 0.584695 0.0107455 0.026003 0.0214909 6.64615e-05
6 0.459138 0.0137676 0.110698 0.0275353 6.66306e-05
5 0.823551 0.0533915 0.352897 0.106783 6.67362e-05
6 0.689822 0.677636 0.0534918 0.080591 6.69964e-05
6 0.252786 0.56313 0.0271174 0.0597717 6.72506e-05
2 0.8789 0.491269 0.0943536 0.28677 6.7255e-05
8 0.927935 0.961719 0.0750371 0.0765615 6.72778e-05
7 0.493499 0.706179 0.0442051 0.137676 6.72948e-05
6 0.670505 0.0910007 0.0178306 0.0194762 6.74174e-05
7 0.300149 0.24681 0.0215453 0.203492 6.75081e-05
0 0.00854383 0.881128 0.0104012 0.237743 6.77406e-05
6 0.717125 0.0889859 0.0367756 0.0732035 6.78328e-05
6 0.439264 0.520484 0.0152303 0.0308932 6.7836e-05
6 0.582652 0.490262 0.0456909 0.0711887 6.78851e-05
5 0.775631 0.0191404 0.145617 0.0382807 6.80383e-05
9 0.101969 0.0080591 0.044948 0.0161182 6.80412e-05
6 0.486256 0.47045 0.0237741 0.0705171 6.82832e-05
6 0.394502 0.159167 0.0356612 0.0523841 6.84613e-05
5 0.09974 0.0188046 0.183135 0.0376091 6.85471e-05
6 0.97344 0.162189 0.031575 0.0758899 6.86935e-05
9 0.971211 0.985225 0.044948 0.02955 6.87002e-05
7 0.487184 0.431833 0.0486627 0.100739 6.89371e-05
6 0.379272 0.670249 0.03789 0.0738751 6.90402e-05
6 0.775817 0.144056 0.0137444 0.0275353 6.92382e-05
6 0.262444 0.542982 0.118499 0.153794 6.96002e-05
6 0.379458 0.584285 0.0234027 0.0402955 6.96758e-05
6 0.745171 0.139355 0.0809807 0.0852921 6.97865e-05
6 0.291419 0.642042 0.0598068 0.080591 6.9899e-05
6 0.117013 0.145735 0.0416048 0.0429819 7.00631e-05
5 0.35847 0.249496 0.409361 0.212895 7.01188e-05
6 0.619985 0.568167 0.0326894 0.0429819 7.01669e-05
6 0.342125 0.00470114 0.0274889 0.00940228 7.07218e-05
6 0.854755 0.127602 0.0230312 0.0282068 7.14619e-05
5 0.733098 0.105104 0.142273 0.0973808 7.19635e-05
6 0.992013 0.0080591 0.0137444 0.0161182 7.20809e-05
6 0.341382 0.0214909 0.0304606 0.02955 7.23837e-05
9 0.660104 0.985561 0.0683507 0.0288784 7.23974e-05
9 0.119614 0.00570853 0.0274889 0.0114171 7.25926e-05
9 0.0724368 0.0077233 0.0475483 0.0154466 7.26243e-05
6 0.732912 0.531901 0.038633 0.051041 7.26281e-05
6 0.968239 0.953324 0.0523774 0.0933512 7.32006e-05
8 0.121657 0.985561 0.110327 0.0288784 7.35134e-05
5 0.509101 0.999328 0.362927 0.00134318 7.36334e-05
6 0.7526 0.900604 0.103269 0.158496 7.37896e-05
9 0.860513 1 0.0642645 0 7.40229e-05
6 0.593425 0.978509 0.0434621 0.0376091 7.40295e-05
6 0.792162 0.16857 0.0241456 0.0308932 7.44429e-05
6 0.822251 0.35863 0.0865527 0.256548 7.46852e-05
6 0.807578 0.178308 0.0341753 0.0396239 7.51068e-05
6 0.579681 0.0332438 0.0895245 0.0664876 7.51519e-05
6 0.427563 0.60779 0.0178306 0.0402955 7.53907e-05
2 0.2487 0.504701 0.410475 0.305574 7.584e-05
6 0.138559 0.174278 0.0289747 0.0517126 7.622e-05
6 0.0391902 0.111148 0.0479198 0.0597717 7.62919e-05
5 0.0577637 0.014775 0.115527 0.02955 7.65186e-05
6 0.00780089 0.0433177 0.00817236 0.0799194 7.6673e-05
6 0.119799 0.177636 0.0419762 0.0611148 7.68829e-05
6 0.292348 0.49597 0.0170877 0.0396239 7.69351e-05
6 0.57708 0.0134318 0.0947251 0.0268637 7.70424e-05
5 0.767645 0.135326 0.189079 0.136333 7.70845e-05
5 0.708952 0.252183 0.463967 0.394224 7.71947e-05
5 0.217682 0.936199 0.435364 0.127602 7.72264e-05
9 0.942051 0.0302216 0.115156 0.0604433 7.77215e-05
6 0.851783 0.142377 0.0416048 0.0376091 7.80077e-05
7 0.533061 0.713566 0.0557207 0.133647 7.81217e-05
5 0.735698 0.083949 0.528603 0.167898 7.84612e-05
9 0.612184 0.99362 0.089896 0.0127602 7.92431e-05
6 0.380572 0.665212 0.0219168 0.0382807 7.96627e-05
6 0.427935 0.977838 0.0742942 0.044325 7.99649e-05
6 0.455238 0.983546 0.0345468 0.032908 7.99801e-05
6 0.991828 0.0792478 0.0111441 0.0873069 8.00137e-05
7 0.590267 0.730692 0.0527489 0.114171 8.05622e-05
6 0.44688 0.0305574 0.0312036 0.0611148 8.08657e-05
6 0.649703 0.673942 0.0267459 0.0503694 8.09765e-05
6 0.481055 0.498321 0.0156018 0.0429819 8.11525e-05
6 0.961738 0.314976 0.076523 0.166555 8.12493e-05
6 0.455052 0.556414 0.0237741 0.0382807 8.16081e-05
9 0.0456909 0.979516 0.0913819 0.0409671 8.17585e-05
6 0.560736 0.558093 0.0174591 0.0349228 8.20457e-05
6 0.88373 0.190732 0.0349183 0.0389523 8.27498e-05
5 0.849369 0.257555 0.146731 0.177972 8.37646e-05
6 0.598068 0.0188046 0.051263 0.0376091 8.4016e-05
0 0.993128 0.08227 0.0137444 0.16454 8.4359e-05
5 0.31185 0.133983 0.173477 0.183345 8.44072e-05
9 0.288447 0.973808 0.316122 0.0523841 8.53819e-05
6 0.127043 0.191739 0.0312036 0.0355944 8.57994e-05
6 0.346025 0.570517 0.0330609 0.047683 8.59984e-05
6 0.0536776 0.195097 0.0382615 0.0288784 8.71626e-05
6 0.55312 0.550034 0.0267459 0.0376091 8.7947e-05
6 0.00742942 0.112156 0.0104012 0.0792478 8.79804e-05
5 0.105498 0.142377 0.205052 0.155809 8.80903e-05
9 0.52916 0.991941 0.0553492 0.0161182 8.8378e-05
6 0.279346 0.635326 0.0237741 0.0496978 8.8733e-05
4 0.186664 0.759234 0.373328 0.481531 8.87485e-05
5 0.513744 0.00705171 0.176077 0.0141034 8.92374e-05
5 0.436107 0.0399597 0.204309 0.0799194 8.99214e-05
9 0.868314 0.994627 0.096211 0.0107455 9.14652e-05
5 0.895245 0.0715245 0.18425 0.109469 9.21308e-05
6 0.367571 0.541303 0.0204309 0.0322364 9.21901e-05
5 0.283061 0.250168 0.566122 0.500336 9.23097e-05
6 0.422363 0.566152 0.0215453 0.0402955 9.25848e-05
6 0.993128 0.111148 0.0137444 0.0732035 9.29112e-05
3 0.163076 0.529214 0.326152 0.882471 9.31126e-05
9 0.574108 0.992277 0.108098 0.0154466 9.37944e-05
9 0.455423 0.972801 0.03789 0.0543989 9.44182e-05
9 0.437407 0.990262 0.0731798 0.0194762 9.59121e-05
6 0.374629 0.575554 0.0226597 0.0456682 9.60637e-05
6 0.596397 0.503358 0.032318 0.0436535 9.60682e-05
6 0.404903 0.499328 0.0349183 0.0382807 9.68035e-05
6 0.296248 0.506716 0.0887816 0.104097 9.72294e-05
5 0.217125 0.868704 0.407504 0.128274 9.74761e-05
6 0.096211 0.0191404 0.026003 0.0382807 9.76353e-05
6 0.513187 0.542646 0.0234027 0.0470114 9.767e-05
6 0.0650074 0.200134 0.0401189 0.02955 9.80547e-05
5 0.28789 0.911686 0.41159 0.0973808 9.85287e-05
6 0.703566 0.561115 0.051263 0.0597717 9.89603e-05
6 0.0830238 0.0315648 0.0494056 0.0631296 9.90839e-05
9 0.900817 1 0.0624071 0 9.94356e-05
6 0.910661 0.20047 0.0627786 0.0799194 9.96102e-05
6 0.711181 0.505037 0.0397474 0.0671592 9.97374e-05
7 0.496657 0.429819 0.013373 0.0899933 9.98473e-05
6 0.894688 0.205171 0.032318 0.0342512 9.99456e-05
6 0.441308 0.539288 0.10104 0.0819342 0.000100309
6 0.500557 0.554399 0.0234027 0.0369375 0.000100622
6 0.678306 0.589657 0.0326894 0.0470114 0.000101217
6 0.618128 0.986568 0.051263 0.0268637 0.000101571
6 0.314079 0.507052 0.0352897 0.0456682 0.000102472
5 0.484955 0.213902 0.0568351 0.167226 0.000103398
7 0.869985 0.901276 0.1263 0.162525 0.00010356
6 0.810178 0.404298 0.0869242 0.141034 0.000104517
6 0.260215 0.64775 0.0635215 0.129617 0.000104812
2 0.398774 0.416051 0.30052 0.136333 0.000104978
0 0.987927 0.828408 0.0204309 0.343183 0.000105032
6 0.357355 0.637676 0.0237741 0.0369375 0.000105059
6 0.984955 0.262928 0.0300892 0.159167 0.000105202
9 0.505201 0.992612 0.0527489 0.014775 0.000106297
9 0.258915 0.987576 0.0534918 0.0248489 0.000106741
9 0.366828 0.979516 0.252972 0.0409671 0.000108113
6 0.343239 0.616185 0.0282318 0.0382807 0.000108164
7 0.511516 0.432505 0.0163447 0.132975 0.000108458
6 0.390416 0.544325 0.0178306 0.032908 0.000108526
9 0.132615 0.00873069 0.0423477 0.0174614 0.000108789
6 0.794019 0.8818 0.122957 0.170584 0.000109354
6 0.109584 0.0997314 0.03789 0.0449966 0.000109414
6 0.260401 0.54634 0.0520059 0.0597717 0.000109813
7 0.661404 0.72767 0.032318 0.0852921 0.000109982
5 0.801263 0.314976 0.397474 0.513096 0.000111121
6 0.826152 0.596709 0.0958395 0.247817 0.000112065
6 0.472511 0.497649 0.0185736 0.0416387 0.00011224
9 0.380201 0.991941 0.0419762 0.0161182 0.000112591
6 0.882429 0.172599 0.0375186 0.044325 0.000113019
5 0.644502 0.0161182 0.161961 0.0322364 0.000113198
6 0.880944 0.372062 0.0568351 0.130289 0.000114079
5 0.937779 0.0201478 0.124443 0.0402955 0.000114269
6 0.631501 0.569174 0.038633 0.0557421 0.000115656
6 0.391716 0.571525 0.0204309 0.0402955 0.000115712
6 0.57578 0.978173 0.0928678 0.0436535 0.000117041
6 0.406947 0.635997 0.0345468 0.0483546 0.000118139
6 0.854755 0.14775 0.0980683 0.0873069 0.000118309
6 0.783247 0.165212 0.0241456 0.0940228 0.000118316
6 0.990342 0.129281 0.013373 0.0718603 0.000118761
7 0.728083 0.245467 0.0549777 0.145735 0.000119279
6 0.443351 0.547683 0.0182021 0.0315648 0.000119941
6 0.716196 0.0916723 0.0364042 0.0302216 0.000121374
2 0.42552 0.458697 0.375557 0.0832774 0.000121427
6 0.285661 0.512424 0.0274889 0.036266 0.000121641
9 0.307021 0.986568 0.0627786 0.0268637 0.000121766
6 0.332652 0.658831 0.0234027 0.0335796 0.000121865
5 0.842125 0.975823 0.31575 0.0483546 0.000122777
8 0.824294 0.86266 0.351412 0.274681 0.000122836
6 0.319651 0.137676 0.0850669 0.0698455 0.000123048
6 0.510773 0.565144 0.107727 0.077233 0.000123629
6 0.415305 0.610813 0.0163447 0.0396239 0.000124098
3 0.893759 0.571525 0.212481 0.730692 0.000125189
6 0.423848 0.531565 0.0297177 0.0463398 0.000125582
8 0.0031575 0.122901 0.00631501 0.1182 0.000125684
6 0.490527 0.55272 0.0248886 0.0308932 0.000125918
6 0.593611 0.572532 0.165676 0.0973808 0.000127282
6 0.406018 0.546004 0.0222883 0.0335796 0.00012827
6 0.574851 0.522834 0.0174591 0.0423103 0.000128278
5 0.295319 0.112827 0.590639 0.225655 0.000128941
6 0.330423 0.495635 0.0234027 0.036266 0.000129379
6 0.427377 0.546676 0.0167162 0.0335796 0.00013065
6 0.445022 0.611484 0.0572065 0.0705171 0.000132904
9 0.28399 0.986904 0.0546062 0.0261921 0.000133225
5 0.31185 0.258899 0.143759 0.281397 0.000133884
7 0.504643 0.445265 0.0152303 0.137005 0.000136353
5 0.739785 0.962055 0.377786 0.0758899 0.000137566
6 0.718239 0.587643 0.0791233 0.0899933 0.000139108
5 0.212296 0.152451 0.424591 0.304903 0.000139129
6 0.41679 0.544997 0.0200594 0.0315648 0.00014019
6 0.404718 0.613835 0.0999257 0.0832774 0.000140747
6 0.354569 0.662861 0.0226597 0.0349228 0.000143358
6 0.274331 0.60544 0.0278603 0.0409671 0.000143735
6 0.447251 0.0167898 0.0215453 0.0335796 0.000143955
9 0.383544 0.996978 0.0813522 0.00604432 0.000144422
3 0.102155 0.60141 0.204309 0.739422 0.000144714
6 0.257244 0.602754 0.0256315 0.0517126 0.000147333
5 0.490713 0.936199 0.479198 0.0926796 0.000148275
6 0.129458 0.0973808 0.0308321 0.0429819 0.000149669
5 0.405461 0.013096 0.184621 0.0261921 0.000150062
6 0.00482912 0.0651444 0.00965825 0.0926796 0.000154305
9 0.332467 0.985561 0.0624071 0.0288784 0.000154734
5 0.49127 0.87139 0.516716 0.186031 0.000154749
6 0.340825 0.13499 0.0211738 0.0214909 0.000155141
6 0.331724 0.644056 0.0408618 0.0564137 0.000155802
6 0.307949 0.589657 0.0237741 0.0349228 0.00015623
6 0.468053 0.653794 0.0371471 0.0946944 0.000156355
9 0.473997 0.98321 0.0527489 0.0335796 0.000156459
9 0.829495 0.999664 0.0802377 0.000671592 0.000156481
6 0.931835 0.240766 0.127415 0.117529 0.000158949
5 0.439264 0.974479 0.45951 0.051041 0.000159192
6 0.342868 0.138012 0.0326894 0.0369375 0.000159495
6 0.781389 0.168905 0.0219168 0.0409671 0.000161284
4 0.786961 0.781733 0.366642 0.36266 0.000163742
6 0.663819 0.501679 0.0676077 0.0617864 0.000163832
6 0.98867 0.195433 0.0226597 0.116857 0.00016589
6 0.391716 0.630289 0.018945 0.0382807 0.000166221
6 0.00724368 0.142713 0.0144874 0.0960376 0.000167941
2 0.630015 0.431833 0.384844 0.201477 0.000168304
5 0.505572 0.186031 0.319465 0.233714 0.000169791
9 0.683507 1 0.0780089 0 0.000169809
5 0.57578 0.0409671 0.213224 0.0819342 0.000170817
6 0.388559 0.506044 0.0111441 0.0261921 0.000173399
6 0.264487 0.588314 0.0289747 0.0537273 0.000176057
9 0.195022 1 0.0609212 0 0.000177188
5 0.78919 0.184688 0.096211 0.126259 0.000177613
5 0.258915 0.858294 0.517831 0.283412 0.000178195
6 0.556278 0.536938 0.0211738 0.0396239 0.000179682
5 0.283618 0.222968 0.48477 0.382807 0.000180399
5 0.737184 0.140363 0.525631 0.280725 0.000180819
9 0.45951 0.980188 0.259287 0.0396239 0.00018338
9 0.0826523 0.0191404 0.0412333 0.0382807 0.000184863
8 0.00482912 0.139691 0.00965825 0.279382 0.000185074
6 0.290305 0.564809 0.0761516 0.100739 0.000185844
5 0.502043 0.252854 0.0367756 0.118872 0.000187362
7 0.640416 0.748825 0.109212 0.166555 0.000188757
6 0.57448 0.644728 0.0352897 0.0496978 0.000192895
9 0.652303 1 0.0713224 0 0.000192939
9 0.269688 1 0.0668648 0 0.000195499
6 0.571694 0.587307 0.302377 0.165883 0.000196292
6 0.69948 0.616857 0.0304606 0.0517126 0.000196733
9 0.231612 1 0.0627786 0 0.000198338
6 0.789376 0.150101 0.0215453 0.0288784 0.000199517
6 0.315565 0.657152 0.0182021 0.0342512 0.000200638
6 0.640416 0.617529 0.0408618 0.0570853 0.000201327
9 0.34584 0.999664 0.0742942 0.000671592 0.000201704
6 0.906946 0.199127 0.0657504 0.0382807 0.000202532
6 0.987927 0.125923 0.0241456 0.0933512 0.000202859
6 0.342868 0.646071 0.0200594 0.02955 0.000205472
6 0.621471 0.659839 0.0356612 0.0611148 0.000205604
6 0.726969 0.51041 0.0401189 0.0550705 0.000206735
5 0.112927 0.983546 0.225854 0.032908 0.000209226
9 0.793462 1 0.0735513 0 0.000210321
6 0.99127 0.935527 0.0174591 0.0926796 0.000213475
6 0.544762 0.538952 0.0144874 0.0436535 0.000213997
6 0.342682 0.661182 0.0211738 0.0342512 0.000220373
6 0.354383 0.540295 0.0237741 0.0369375 0.000222698
6 0.131872 0.179315 0.026003 0.036266 0.000223436
6 0.405089 0.576226 0.0211738 0.0402955 0.000224366
6 0.683507 0.644056 0.0371471 0.0671592 0.000226332
6 0.419391 0.602082 0.0200594 0.0436535 0.000227486
9 0.083581 0.0208193 0.0832095 0.0416387 0.000227515
6 0.987927 0.0930154 0.0122585 0.0866353 0.00022762
6 0.785104 0.16454 0.0144874 0.0268637 0.000230882
6 0.377972 0.628946 0.0278603 0.0436535 0.000231276
6 0.327823 0.648086 0.0263744 0.036266 0.000231811
6 0.40899 0.509402 0.109212 0.0597717 0.000236248
9 0.360141 0.985897 0.0679792 0.0282068 0.000238232
9 0.307392 1 0.0672363 0 0.000239642
6 0.572437 0.535259 0.0222883 0.0389523 0.000242844
6 0.574851 0.619879 0.0204309 0.0349228 0.000248899
6 0.308692 0.510074 0.0527489 0.077233 0.000252432
6 0.563707 0.536266 0.0159733 0.0382807 0.000254043
6 0.338596 0.603761 0.0234027 0.0255205 0.000262209
6 0.292162 0.646071 0.27526 0.241773 0.000263862
6 0.289747 0.56548 0.0401189 0.051041 0.000264006
5 0.485513 0.0963734 0.713224 0.192747 0.000265118
7 0.674406 0.734721 0.0531204 0.111484 0.000266551
6 0.2526 0.617529 0.0341753 0.047683 0.000268391
6 0.880201 0.255541 0.0501486 0.152451 0.000272421
9 0.757429 1 0.0742942 0 0.000273555
6 0.868685 0.168905 0.0375186 0.047683 0.000275318
5 0.550149 0.0191404 0.284547 0.0382807 0.000280246
6 0.528418 0.544661 0.0308321 0.0429819 0.000284232
6 0.61497 0.511081 0.0427192 0.0456682 0.000285494
7 0.469725 0.696776 0.0724368 0.120215 0.000313662
9 0.453195 0.982874 0.0631501 0.0342512 0.000314661
6 0.783618 0.14775 0.0434621 0.0483546 0.000317445
6 0.857727 0.161854 0.0423477 0.0698455 0.000317511
6 0.297363 0.510074 0.0308321 0.0396239 0.000322516
5 0.499814 0.0701813 0.471397 0.140363 0.000322532
6 0.540676 0.558764 0.058321 0.0577569 0.000323179
9 0.722511 1 0.0698365 0 0.000329032
9 0.387816 0.984553 0.0683507 0.0308932 0.000332595
6 0.384101 0.509066 0.0148588 0.0268637 0.000339513
6 0.422548 0.489255 0.0560921 0.0584285 0.000351902
6 0.277675 0.613163 0.100669 0.111484 0.000355692
6 0.345282 0.537609 0.0241456 0.0342512 0.00035698
6 0.708767 0.521155 0.0319465 0.036266 0.000364373
6 0.580609 0.547683 0.0282318 0.0382807 0.000365369
6 0.475297 0.479852 0.031575 0.0705171 0.000365582
6 0.320579 0.627602 0.0312036 0.0557421 0.000369898
6 0.459324 0.523506 0.019688 0.0369375 0.000370143
8 0.92812 0.98959 0.0791233 0.0208193 0.000371717
6 0.617571 0.537273 0.0598068 0.080591 0.00038163
6 0.433321 0.536602 0.0286033 0.0335796 0.000383417
6 0.639302 0.536938 0.0282318 0.0369375 0.000385249
7 0.64153 0.751847 0.0549777 0.140363 0.000386944
5 0.628157 0.25084 0.256315 0.276024 0.000389589
5 0.893759 0.0208193 0.144131 0.0416387 0.000394082
6 0.440007 0.531229 0.0226597 0.0322364 0.00039517
6 0.427749 0.652451 0.070208 0.0799194 0.000395762
6 0.858098 0.18133 0.105498 0.103425 0.000397966
6 0.598254 0.541639 0.0300892 0.0315648 0.000427254
6 0.699108 0.527871 0.10104 0.114171 0.000433737
6 0.651003 0.534923 0.345097 0.204835 0.000455856
6 0.466382 0.592008 0.0271174 0.0557421 0.000462364
6 0.432949 0.525185 0.0226597 0.0322364 0.000465758
6 0.481055 0.520148 0.245171 0.0879785 0.000476817
6 0.443351 0.509402 0.0397474 0.0490262 0.000482327
0 0.00761516 0.0755541 0.0122585 0.151108 0.000497274
6 0.660847 0.614171 0.02526 0.0302216 0.000509314
6 0.880572 0.253862 0.0412333 0.0725319 0.000526535
6 0.00427192 0.102754 0.00854383 0.0738751 0.000527766
6 0.596397 0.567831 0.0352897 0.0396239 0.00053929
3 0.171062 0.588314 0.227712 0.697112 0.000542073
6 0.315565 0.644392 0.0219168 0.0355944 0.000545975
7 0.625743 0.715581 0.032318 0.114842 0.000564137
6 0.566122 0.551041 0.0326894 0.0369375 0.000568506
6 0.407132 0.555071 0.16419 0.0718603 0.000568598
7 0.505758 0.429483 0.0538633 0.0906649 0.000570873
6 0.692051 0.623573 0.16419 0.218267 0.00058549
6 0.539933 0.547683 0.0390045 0.0342512 0.000596105
6 0.43815 0.568167 0.260401 0.119543 0.000627905
3 0.693165 0.593351 0.419019 0.439893 0.000632171
6 0.279903 0.625252 0.0508915 0.0725319 0.00063592
7 0.727526 0.253862 0.0620357 0.291471 0.000637329
6 0.671991 0.632304 0.0393759 0.0611148 0.000646367
6 0.320951 0.629281 0.169391 0.171927 0.00064673
6 0.634844 0.555406 0.106984 0.157152 0.000654471
2 0.380758 0.481867 0.409361 0.184688 0.000710578
6 0.606612 0.538617 0.0178306 0.02955 0.000715202
5 0.494056 0.937542 0.713224 0.124916 0.000725211
6 0.57318 0.583613 0.0371471 0.0456682 0.000729244
6 0.693165 0.596038 0.077266 0.124244 0.000744051
6 0.528603 0.646743 0.0408618 0.0886501 0.000752499
6 0.502043 0.537273 0.0367756 0.0335796 0.000771016
7 0.663633 0.70685 0.101412 0.152451 0.000800235
6 0.419391 0.526528 0.0193165 0.0241773 0.000807419
6 0.483284 0.629953 0.0520059 0.0940228 0.00081226
6 0.265788 0.610141 0.0286033 0.0490262 0.000815098
6 0.659733 0.538617 0.0735513 0.0591001 0.000817299
6 0.342125 0.517461 0.0690936 0.0584285 0.00088914
6 0.261516 0.623237 0.0267459 0.0416387 0.00090503
6 0.58581 0.624916 0.0601783 0.0557421 0.000967701
5 0.500186 0.986568 0.5026 0.0268637 0.000980682
6 0.601226 0.547011 0.0419762 0.0543989 0.000982536
6 0.659361 0.639691 0.0371471 0.0543989 0.00098263
3 0.841382 0.613835 0.265973 0.699799 0.000986406
6 0.437036 0.600067 0.0345468 0.0436535 0.000988469
6 0.294577 0.612492 0.0497771 0.0416387 0.000990305
6 0.531575 0.665212 0.0713224 0.109469 0.000995751
6 0.489227 0.525856 0.0282318 0.044325 0.00101139
6 0.628715 0.531901 0.0211738 0.044325 0.00103919
6 0.702452 0.532236 0.0430906 0.0597717 0.00104371
5 0.509472 0.229684 0.0917533 0.193418 0.00109205
6 0.584324 0.628946 0.0193165 0.0355944 0.00109496
6 0.798663 0.167562 0.0757801 0.0705171 0.00111562
7 0.664376 0.695097 0.295319 0.259234 0.00117333
7 0.507429 0.412693 0.111441 0.120215 0.00117502
6 0.426634 0.526864 0.0159733 0.0248489 0.00117744
6 0.854941 0.155138 0.031575 0.0376091 0.00120896
6 0.365156 0.629953 0.0274889 0.0496978 0.00122231
3 0.304421 0.627267 0.509287 0.48086 0.00127727
6 0.635215 0.550369 0.0408618 0.0490262 0.00127917
6 0.342125 0.604768 0.0438336 0.0369375 0.00131175
6 0.616085 0.549026 0.0375186 0.0396239 0.00135698
6 0.406389 0.514775 0.0364042 0.032908 0.00140083
6 0.402303 0.606783 0.0215453 0.0342512 0.00142496
6 0.684807 0.54634 0.0345468 0.0584285 0.00144363
6 0.308135 0.598052 0.102155 0.124244 0.00147216
6 0.528232 0.581263 0.0356612 0.0517126 0.00150995
6 0.348254 0.512089 0.0204309 0.0275353 0.00151085
6 0.472325 0.659839 0.0902675 0.104097 0.00152426
6 0.614785 0.619879 0.0312036 0.051041 0.00155027
4 0.505572 0.663197 0.340267 0.273338 0.00155325
6 0.378715 0.511753 0.018945 0.0241773 0.00164741
6 0.45208 0.529886 0.0282318 0.0335796 0.00168155
6 0.510773 0.5591 0.0445765 0.0423103 0.00168804
6 0.651932 0.62861 0.0267459 0.0429819 0.0016936
6 0.546248 0.585964 0.0672363 0.0597717 0.00182473
6 0.399331 0.523842 0.03789 0.044325 0.0019049
6 0.405461 0.553727 0.0338039 0.0382807 0.00196837
6 0.471768 0.53996 0.486627 0.21088 0.00199262
6 0.607169 0.529214 0.0152303 0.0255205 0.00213295
6 0.691865 0.603425 0.0382615 0.0597717 0.00222056
6 0.501857 0.651444 0.0453195 0.0926796 0.00222901
6 0.595282 0.621894 0.137073 0.080591 0.00224127
6 0.5039 0.608126 0.0516345 0.0664876 0.00237728
6 0.690565 0.517797 0.0289747 0.044325 0.00239975
6 0.40416 0.526528 0.0267459 0.0282068 0.00240512
6 0.269688 0.628946 0.0282318 0.047683 0.00241473
6 0.385215 0.609469 0.0475483 0.0530557 0.00242517
6 0.363299 0.526528 0.123328 0.065816 0.0027991
6 0.319837 0.530222 0.0832095 0.0852921 0.00280744
7 0.641345 0.682673 0.0382615 0.0745467 0.0029574
6 0.437964 0.561786 0.0475483 0.0463398 0.00323013
7 0.662519 0.706514 0.0523774 0.131632 0.00330013
6 0.595654 0.528207 0.0152303 0.0302216 0.00351694
6 0.579495 0.611484 0.0297177 0.032908 0.00352179
6 0.475111 0.543989 0.67162 0.38818 0.00383398
6 0.380015 0.546004 0.0445765 0.0685024 0.00403942
6 0.396731 0.584285 0.0334324 0.0416387 0.00411728
6 0.360141 0.518133 0.0352897 0.0302216 0.00455866
6 0.399146 0.618872 0.019688 0.0369375 0.00472382
6 0.389302 0.513768 0.0163447 0.0241773 0.00518397
6 0.477897 0.532572 0.0843239 0.0617864 0.00552514
6 0.472325 0.533244 0.0397474 0.0523841 0.00554914
6 0.493685 0.56951 0.0371471 0.0631296 0.00574927
6 0.435736 0.539624 0.064636 0.0342512 0.00592561
6 0.498514 0.666891 0.0780089 0.0792478 0.00688923
6 0.47604 0.54634 0.0204309 0.0396239 0.00822374
6 0.486813 0.539624 0.0271174 0.0382807 0.00845821
6 0.45951 0.53593 0.0289747 0.0322364 0.00961476
6 0.331724 0.520484 0.0334324 0.0376091 0.00969972
6 0.623328 0.53358 0.0156018 0.0342512 0.0162525
6 0.593054 0.623909 0.0330609 0.0376091 0.0184571
6 0.394688 0.520148 0.0234027 0.0288784 0.0221848
6 0.397103 0.596709 0.0178306 0.0369375 0.0247057
6 0.311293 0.606783 0.0356612 0.0517126 0.0249
6 0.321137 0.531229 0.0516345 0.0402955 0.0258509
6 0.362184 0.564473 0.0297177 0.0597717 0.0281651
6 0.620542 0.530893 0.0107727 0.0221625 0.0331587
6 0.344911 0.525856 0.0427192 0.0402955 0.0360643
6 0.361999 0.529214 0.0590639 0.0349228 0.0367095
6 0.381872 0.539624 0.0237741 0.0530557 0.0473339
6 0.718982 0.518805 0.0293462 0.0382807 0.0506356
6 0.393202 0.616185 0.0167162 0.0288784 0.0672376
6 0.47864 0.534251 0.0226597 0.0369375 0.076876
6 0.361256 0.612156 0.0798663 0.0355944 0.102264
6 0.376114 0.520484 0.0256315 0.0349228 0.136139
6 0.654346 0.625923 0.0843239 0.044325 0.164067
6 0.384473 0.608798 0.02526 0.0423103 0.238456
6 0.348068 0.522498 0.0230312 0.0308932 0.385962
6 0.603269 0.625252 0.0267459 0.0322364 0.406681
6 0.307764 0.517461 0.0338039 0.0396239 0.445445
6 0.385773 0.519812 0.0167162 0.02955 0.484171
6 0.370728 0.613163 0.0282318 0.0349228 0.534398
6 0.470654 0.534923 0.0193165 0.032908 0.697316
6 0.632058 0.633647 0.0486627 0.0543989 0.718722
6 0.678678 0.611484 0.0371471 0.0449966 0.736951
6 0.321322 0.601746 0.0312036 0.0335796 0.754989
4 0.502043 0.678979 0.733655 0.346541 0.766619
3 0.501857 0.61182 0.919762 0.642042 0.795815
2 0.498328 0.397582 0.541233 0.200134 0.886464
5 0.502415 0.229349 0.539004 0.324379 0.906733
7 0.646174 0.712223 0.0419762 0.110813 0.92114
