6 0.641982 0.0813172 0.0671863 0.0685484 2.07619e-05
6 0.558092 0.0806452 0.0181886 0.0255376 2.0796e-05
6 0.26856 0.0114247 0.0270973 0.0228495 2.08418e-05
6 0.689866 0.168683 0.0441722 0.0322581 2.08769e-05
6 0.510579 0.568212 0.0159614 0.0477151 2.08853e-05
6 0.431886 0.0117608 0.032294 0.0235215 2.08856e-05
6 0.990906 0.030578 0.0100223 0.0611559 2.09129e-05
8 0.924091 0.0789651 0.049369 0.0584677 2.09723e-05
6 0.0866741 0.318548 0.0419451 0.0551075 2.10161e-05
6 0.0107647 0.437164 0.0141054 0.102823 2.10263e-05
6 0.456756 0.669019 0.0241277 0.0598118 2.10281e-05
6 0.329436 0.933132 0.0708983 0.133737 2.10366e-05
9 0.309206 1 0.298441 0 2.10528e-05
6 0.771529 0.0265457 0.0746102 0.0530914 2.11003e-05
6 0.0105791 0.400874 0.0211581 0.209005 2.11337e-05
6 0.342428 0.99328 0.0486266 0.0134409 2.11373e-05
5 0.214922 0.00705645 0.126206 0.0141129 2.11839e-05
6 0.674647 0.00739247 0.0278396 0.0147849 2.12082e-05
6 0.224573 0.0302419 0.128434 0.0604839 2.12123e-05
6 0.991463 0.00840054 0.0126206 0.0168011 2.12522e-05
6 0.421492 0.567876 0.018931 0.0403226 2.12683e-05
5 0.444135 0.0218414 0.357461 0.0436828 2.13349e-05
6 0.665182 0.535954 0.0445434 0.0517473 2.13447e-05
8 0.334633 0.929435 0.669265 0.141129 2.14445e-05
6 0.151262 0.078629 0.0352635 0.125 2.14818e-05
6 0.71882 0.18582 0.0167038 0.0221774 2.15284e-05
7 0.528953 0.439852 0.0749814 0.0920699 2.15495e-05
6 0.686897 0.52957 0.096882 0.094086 2.1583e-05
5 0.35876 0.237231 0.386414 0.239247 2.16398e-05
6 0.670379 0.0144489 0.0378619 0.0288978 2.16755e-05
6 0.517075 0.156586 0.0460282 0.0698925 2.17168e-05
6 0.325167 0.115255 0.0423163 0.0262097 2.17266e-05
6 0.859874 0.0493952 0.0360059 0.031586 2.17497e-05
6 0.415924 0.0120968 0.0352635 0.0241935 2.17644e-05
6 0.629547 0.969086 0.030438 0.0362903 2.18238e-05
7 0.613771 0.495632 0.0293244 0.0880376 2.18242e-05
9 0.907572 0.0134409 0.0311804 0.0268817 2.18286e-05
7 0.596696 0.509745 0.0107647 0.0665323 2.1846e-05
6 0.0100223 0.975134 0.00965108 0.0430108 2.19413e-05
6 0.61173 0.974798 0.0920564 0.0504032 2.1946e-05
7 0.814959 0.0833333 0.0159614 0.166667 2.195e-05
6 0.618411 0.990591 0.0467706 0.0188172 2.19601e-05
6 0.698589 0.491263 0.0876021 0.115591 2.19666e-05
6 0.984967 0.270161 0.0300668 0.206989 2.2016e-05
6 0.74703 0.480847 0.032294 0.0705645 2.20686e-05
6 0.839272 0.0228495 0.0371195 0.0349462 2.20853e-05
6 0.0144766 0.0635081 0.0289532 0.127016 2.20862e-05
6 0.844655 0.598118 0.0812918 0.115591 2.21603e-05
4 0.119896 0.77957 0.239792 0.389785 2.22029e-05
6 0.771901 0.0110887 0.0293244 0.0221774 2.222e-05
6 0.887899 0.311828 0.0252413 0.063172 2.22528e-05
6 0.112101 0.488239 0.0527097 0.237231 2.22645e-05
5 0.744803 0.16297 0.174091 0.285618 2.22707e-05
6 0.0076095 0.016129 0.00927988 0.0322581 2.22721e-05
6 0.00723831 0.247648 0.0144766 0.252016 2.22825e-05
5 0.547699 1 0.421307 0 2.23216e-05
6 0.494061 0.99328 0.043801 0.0134409 2.23556e-05
6 0.846325 0.494624 0.0534521 0.0927419 2.24685e-05
6 0.510765 0.578629 0.291017 0.145161 2.25027e-05
6 0.293244 0.991935 0.0556793 0.016129 2.25044e-05
6 0.126578 0.494624 0.0534521 0.141129 2.25601e-05
6 0.570156 0.0047043 0.0185598 0.0094086 2.25637e-05
6 0.00872309 0.00403226 0.0137342 0.00806452 2.25804e-05
6 0.273385 0.58871 0.0204157 0.0389785 2.25818e-05
6 0.566073 0.0893817 0.0311804 0.0336022 2.263e-05
6 0.605605 0.0705645 0.0679287 0.063172 2.26308e-05
5 0.101336 0.0127688 0.184855 0.0255376 2.26488e-05
6 0.304195 0.0114247 0.0397179 0.0228495 2.27326e-05
6 0.5902 0.641801 0.0423163 0.0389785 2.27378e-05
6 0.660356 0.214382 0.0311804 0.0349462 2.27614e-05
6 0.317001 0.641129 0.0556793 0.106183 2.27874e-05
8 0.5451 0.0231855 0.0508537 0.046371 2.27984e-05
5 0.8634 0.862903 0.2732 0.274194 2.27988e-05
6 0.567929 0.992271 0.043801 0.015457 2.28017e-05
6 0.75928 0.145833 0.0174462 0.0295699 2.28074e-05
9 0.531923 0.982863 0.0786934 0.0342742 2.28183e-05
5 0.677617 0.992608 0.48441 0.0147849 2.28374e-05
6 0.479955 0.606519 0.0222717 0.0383065 2.29208e-05
6 0.641982 0.137433 0.0226429 0.0194892 2.29295e-05
6 0.680401 0.00638441 0.0400891 0.0127688 2.29629e-05
6 0.706385 0.633737 0.0415739 0.077957 2.2965e-05
6 0.870082 0.56586 0.0423163 0.0766129 2.29725e-05
6 0.508352 0.0100806 0.0100223 0.0201613 2.30371e-05
6 0.910356 0.0971102 0.0597624 0.0517473 2.3106e-05
6 0.774128 0.193548 0.0263549 0.0362903 2.3109e-05
6 0.607647 0.113575 0.0697847 0.0591398 2.31315e-05
6 0.599852 0.534946 0.0141054 0.047043 2.31686e-05
6 0.0864885 0.120968 0.0237565 0.0551075 2.32003e-05
5 0.71418 0.0836694 0.118782 0.104167 2.32099e-05
6 0.64124 0.579973 0.015219 0.0282258 2.32636e-05
6 0.271715 0.00604839 0.0148478 0.0120968 2.33098e-05
6 0.622866 0.00604839 0.0207869 0.0120968 2.33148e-05
6 0.657758 0.208333 0.0200445 0.0215054 2.33434e-05
6 0.0224573 0.139785 0.0449146 0.134409 2.33803e-05
6 0.130846 0.542339 0.045657 0.130376 2.34026e-05
6 0.154603 0.0557796 0.0278396 0.0483871 2.34181e-05
6 0.0842613 0.145833 0.0541945 0.063172 2.34927e-05
6 0.993504 0.329301 0.0129918 0.0981183 2.35125e-05
6 0.974388 0.209005 0.0400891 0.100806 2.35188e-05
6 0.754826 0.989919 0.0449146 0.0201613 2.35296e-05
5 0.916852 0.00571237 0.147736 0.0114247 2.35333e-05
6 0.0430586 0.198253 0.0786934 0.110215 2.36557e-05
6 0.766889 0.147177 0.0178174 0.0282258 2.36767e-05
6 0.56997 0.101815 0.0308092 0.0383065 2.37015e-05
5 0.185226 0.90625 0.370453 0.1875 2.37255e-05
5 0.444506 0.0359543 0.198589 0.0719086 2.37603e-05
6 0.507424 0.0137769 0.0319228 0.0275538 2.37868e-05
6 0.746102 0.0682124 0.0415739 0.105511 2.38176e-05
6 0.427431 0.975134 0.0857461 0.0497312 2.38284e-05
6 0.558834 0.00504032 0.0181886 0.0100806 2.38341e-05
5 0.539347 0.227823 0.0794358 0.180108 2.39255e-05
6 0.232368 0.630376 0.114328 0.141129 2.39535e-05
6 0.808278 0.231519 0.0144766 0.0329301 2.39789e-05
5 0.292502 0.211022 0.177431 0.19086 2.40747e-05
6 0.179844 0.991263 0.0597624 0.0174731 2.40812e-05
6 0.152004 0.0739247 0.0293244 0.0456989 2.40887e-05
6 0.737751 0.908266 0.108018 0.117608 2.41237e-05
6 0.669822 0.230511 0.0337788 0.0389785 2.41535e-05
8 0.830549 0.97379 0.0441722 0.0524194 2.41566e-05
6 0.948775 0.218078 0.0794358 0.0504032 2.41842e-05
7 0.413697 0.490255 0.028582 0.0772849 2.41907e-05
6 0.154974 0.0171371 0.0404603 0.0342742 2.42051e-05
3 0.796399 0.386089 0.407201 0.772177 2.42184e-05
6 0.469376 0.992608 0.0471418 0.0147849 2.42218e-05
6 0.604677 0.601479 0.0289532 0.0349462 2.42536e-05
8 0.00593912 0.149194 0.0118782 0.298387 2.43099e-05
6 0.865627 0.0604839 0.0386043 0.0376344 2.43449e-05
5 0.514848 0.165323 0.2049 0.137097 2.43798e-05
6 0.619154 0.973118 0.060876 0.0537634 2.44205e-05
6 0.107275 0.178091 0.0512249 0.0389785 2.44873e-05
7 0.591128 0.492272 0.0129918 0.0759409 2.45096e-05
6 0.988864 0.725806 0.0222717 0.176075 2.45162e-05
6 0.0076095 0.471774 0.015219 0.102151 2.45253e-05
9 0.641425 1 0.0675575 0 2.45484e-05
6 0.10709 0.197917 0.0679287 0.0436828 2.45567e-05
5 0.712509 0.211358 0.125093 0.109543 2.4662e-05
6 0.736266 0.00403226 0.0100223 0.00806452 2.46645e-05
6 0.75297 0.604503 0.0345212 0.0504032 2.47178e-05
6 0.354677 0.177755 0.0211581 0.0248656 2.47453e-05
9 0.0708983 0.954973 0.0452858 0.0900538 2.47612e-05
7 0.429473 0.50504 0.0118782 0.0678763 2.47618e-05
6 0.774128 0.00537634 0.0144766 0.0107527 2.48774e-05
5 0.312918 0.046707 0.285078 0.093414 2.48843e-05
7 0.439681 0.451949 0.045657 0.0987903 2.48853e-05
6 0.598552 0.543011 0.032294 0.0403226 2.49028e-05
6 0.59317 0.589718 0.0386043 0.0329301 2.49105e-05
5 0.436897 0.136425 0.244246 0.143817 2.49164e-05
6 0.592242 0.601142 0.0308092 0.0356183 2.49436e-05
6 0.00909428 0.326613 0.0129918 0.0873656 2.49484e-05
6 0.656273 0.990927 0.0371195 0.0181452 2.49748e-05
6 0.565887 0.0819892 0.0219005 0.0241935 2.49792e-05
4 0.018003 0.612231 0.0360059 0.36828 2.5002e-05
6 0.871381 0.458333 0.106533 0.157258 2.501e-05
6 0.408129 0.976479 0.0553081 0.0389785 2.50786e-05
6 0.987379 0.9375 0.0148478 0.116935 2.51241e-05
9 0.982925 1 0.03415 0 2.51445e-05
6 0.590386 0.12164 0.0263549 0.0336022 2.52424e-05
6 0.00723831 0.422379 0.0144766 0.118952 2.52915e-05
6 0.803638 0.216062 0.0193022 0.031586 2.53528e-05
6 0.422049 0.551075 0.0512249 0.0524194 2.53868e-05
6 0.726243 0.173051 0.0248701 0.031586 2.54429e-05
5 0.545843 0.0853495 0.125093 0.0698925 2.54501e-05
6 0.96418 0.276882 0.0463994 0.0604839 2.54533e-05
5 0.921121 0.847446 0.157758 0.305108 2.5527e-05
6 0.618226 0.978495 0.0471418 0.0389785 2.55285e-05
6 0.944692 0.637433 0.0697847 0.124328 2.5582e-05
6 0.545286 0.982863 0.0423163 0.0342742 2.56804e-05
6 0.51095 0.077957 0.0412027 0.077957 2.57005e-05
6 0.989607 0.316196 0.0155902 0.105511 2.5782e-05
6 0.702116 0.143817 0.032294 0.0188172 2.58026e-05
6 0.742205 0.0272177 0.0582777 0.0544355 2.58412e-05
6 0.721789 0.949261 0.0582777 0.0893817 2.58715e-05
6 0.156273 0.990591 0.0653304 0.0188172 2.58909e-05
6 0.0829621 0.175739 0.0352635 0.0356183 2.58952e-05
7 0.768745 0.346774 0.017075 0.133065 2.60253e-05
6 0.727171 0.144153 0.0207869 0.0208333 2.60575e-05
6 0.00593912 0.00705645 0.0118782 0.0141129 2.606e-05
6 0.366741 0.0127688 0.0348924 0.0255376 2.60937e-05
9 0.914811 1 0.170379 0 2.61158e-05
6 0.181329 0.491263 0.032294 0.063172 2.61342e-05
2 0.68801 0.473118 0.216407 0.13172 2.61429e-05
6 0.305308 0.638105 0.032294 0.0530914 2.61663e-05
6 0.417409 0.641129 0.0241277 0.0430108 2.62589e-05
6 0.443022 0.607191 0.0167038 0.0329301 2.62599e-05
6 0.895694 0.0863575 0.0393467 0.0504032 2.63731e-05
6 0.173163 0.00873656 0.0553081 0.0174731 2.63837e-05
4 0.0150334 0.758737 0.0300668 0.408602 2.64815e-05
6 0.743133 0.526546 0.0519673 0.0974462 2.65754e-05
5 0.118782 0.920699 0.237565 0.127688 2.66322e-05
7 0.581849 0.491935 0.0181886 0.107527 2.66381e-05
2 0.126949 0.4375 0.0660728 0.219086 2.67223e-05
6 0.121381 0.147849 0.043801 0.0362903 2.68795e-05
6 0.581477 0.0833333 0.0270973 0.0228495 2.69298e-05
6 0.0961396 0.0789651 0.0408315 0.135081 2.70038e-05
6 0.0686711 0.266465 0.0957684 0.078629 2.70672e-05
7 0.408872 0.486895 0.00705271 0.0772849 2.71411e-05
6 0.956385 0.293347 0.0501114 0.0571237 2.71501e-05
6 0.364328 0.077957 0.148849 0.0806452 2.71564e-05
5 0.350965 0.980847 0.416852 0.0383065 2.71823e-05
6 0.278953 0.144153 0.0263549 0.0329301 2.71936e-05
6 0.569599 0.0954301 0.0204157 0.0241935 2.72848e-05
6 0.322197 0.120968 0.0801782 0.0645161 2.73207e-05
6 0.368411 0.993616 0.0523385 0.0127688 2.73507e-05
5 0.41778 0.983535 0.306236 0.0329301 2.73582e-05
6 0.831477 0.449261 0.0749814 0.112231 2.73769e-05
9 0.0666295 0.986559 0.0463994 0.0268817 2.73783e-05
6 0.408315 0.593414 0.112843 0.094086 2.74625e-05
6 0.604306 0.645497 0.0267261 0.0490591 2.74679e-05
5 0.674091 0.168683 0.110616 0.0887097 2.74699e-05
6 0.254269 0.552755 0.0289532 0.0369624 2.75132e-05
9 0.67706 1 0.0668151 0 2.75618e-05
6 0.0764662 0.12164 0.0601336 0.0698925 2.7621e-05
6 0.552524 0.650874 0.0226429 0.0504032 2.76668e-05
6 0.763734 0.129704 0.0159614 0.0295699 2.7823e-05
5 0.198775 0.0524194 0.120638 0.104839 2.78259e-05
2 0.758166 0.489583 0.483667 0.368952 2.78319e-05
6 0.232368 0.0198253 0.0356347 0.0356183 2.79939e-05
6 0.891425 0.866599 0.0278396 0.0732527 2.80078e-05
6 0.988679 0.348118 0.0226429 0.259409 2.80176e-05
6 0.53248 0.260753 0.0463994 0.116935 2.80267e-05
6 0.419265 0.108535 0.0708983 0.0638441 2.80336e-05
6 0.0701559 0.293347 0.0920564 0.0625 2.80416e-05
9 0.83389 0.00907258 0.0530809 0.0181452 2.80462e-05
6 0.989235 0.295699 0.0215293 0.194892 2.81453e-05
6 0.604863 0.0120968 0.0300668 0.0241935 2.81637e-05
5 0.497402 0.12668 0.117298 0.078629 2.8211e-05
6 0.467149 0.112567 0.0530809 0.0719086 2.82724e-05
6 0.859688 0.185484 0.138827 0.142473 2.8309e-05
6 0.343912 0.129704 0.0463994 0.122312 2.83511e-05
6 0.324425 0.00638441 0.0267261 0.0127688 2.836e-05
6 0.467149 0.665323 0.0219005 0.0577957 2.83689e-05
6 0.602636 0.636089 0.339644 0.226478 2.83904e-05
5 0.814031 0.178763 0.0898293 0.103495 2.84546e-05
6 0.81997 0.992944 0.0527097 0.0141129 2.84598e-05
6 0.672049 0.149866 0.0308092 0.0322581 2.8477e-05
6 0.00334076 0.946237 0.00668151 0.0860215 2.86213e-05
6 0.788233 0.649194 0.0909428 0.159946 2.8642e-05
8 0.930215 0.0510753 0.0749814 0.0860215 2.86487e-05
6 0.726429 0.169019 0.0155902 0.0194892 2.86499e-05
6 0.839087 0.209005 0.0233853 0.061828 2.86948e-05
6 0.554009 0.985215 0.0538233 0.0295699 2.87775e-05
5 0.940794 0.0181452 0.118411 0.0362903 2.88035e-05
9 0.750186 1 0.0690423 0 2.88345e-05
6 0.268003 0.991263 0.0601336 0.0174731 2.88657e-05
7 0.602079 0.484879 0.00890869 0.0840054 2.88731e-05
6 0.0551225 0.210685 0.0337788 0.031586 2.8874e-05
6 0.609317 0.00604839 0.0219005 0.0120968 2.8912e-05
6 0.0118782 0.486895 0.0237565 0.203629 2.89301e-05
7 0.587602 0.515793 0.0193022 0.0745968 2.89827e-05
6 0.505754 0.985887 0.05902 0.0282258 2.90002e-05
6 0.667966 0.950269 0.0478842 0.0860215 2.90302e-05
6 0.243133 0.581989 0.0452858 0.0537634 2.90774e-05
6 0.262806 0.639113 0.0757238 0.0954301 2.91042e-05
6 0.580735 0.0917339 0.0382331 0.0302419 2.91262e-05
7 0.226429 0.283266 0.0193022 0.122984 2.91786e-05
6 0.376949 0.123656 0.0345212 0.0806452 2.91847e-05
6 0.0172606 0.259409 0.0345212 0.138441 2.92104e-05
6 0.819413 0.0221774 0.0196733 0.0349462 2.92918e-05
6 0.0100223 0.398185 0.0141054 0.109543 2.93265e-05
6 0.789532 0.260753 0.0274684 0.103495 2.93341e-05
6 0.567001 0.0110887 0.0315516 0.0221774 2.93583e-05
6 0.882888 0.83703 0.0805494 0.141801 2.94623e-05
6 0.546214 0 0.0337788 0 2.95063e-05
9 0.266704 0.99664 0.0887157 0.00672043 2.96133e-05
6 0.799183 0.198925 0.0244989 0.0349462 2.96229e-05
6 0.418337 0.984207 0.0697847 0.031586 2.96308e-05
6 0.245917 0.647513 0.0471418 0.0598118 2.96724e-05
6 0.978842 0.00873656 0.0423163 0.0174731 2.96762e-05
9 0.713994 1 0.0694135 0 2.96837e-05
9 0.0079807 0.988575 0.0115071 0.0228495 2.9741e-05
6 0.642168 0.124328 0.0660728 0.0672043 2.97818e-05
6 0.129918 0.311492 0.0296956 0.0692204 2.97949e-05
8 0.122123 0.986223 0.0927988 0.0275538 2.98012e-05
9 0.965479 0.979839 0.043801 0.0403226 2.98116e-05
6 0.902747 0.167003 0.115813 0.0732527 2.98763e-05
6 0.14922 0.548051 0.0905716 0.149866 2.99103e-05
6 0.0976244 0.112567 0.0482554 0.0651882 2.99141e-05
6 0.0939124 0.295699 0.0452858 0.0927419 2.99737e-05
6 0.48144 0.978159 0.0571641 0.0436828 2.99777e-05
9 0.231997 0.994624 0.0942836 0.0107527 3.00574e-05
7 0.617483 0.484543 0.0107647 0.0887097 3.00824e-05
6 0.671307 0.142809 0.0211581 0.0181452 3.0217e-05
6 0.767632 0.974462 0.0541945 0.0510753 3.02877e-05
6 0.584447 0.120632 0.0278396 0.0745968 3.04486e-05
5 0.0528953 0.0433468 0.105791 0.0719086 3.04509e-05
6 0.43931 0.544355 0.0397179 0.0537634 3.04987e-05
6 0.713437 0.53461 0.0489978 0.0571237 3.05644e-05
6 0.572197 0.113911 0.110987 0.0745968 3.05988e-05
9 0.341128 0.998656 0.081663 0.00268817 3.06117e-05
6 0.369154 0.113911 0.0419451 0.0235215 3.06277e-05
0 0.995546 0.871976 0.00890869 0.168683 3.06376e-05
6 0.278211 0.930444 0.0404603 0.0745968 3.06599e-05
6 0.667966 0.974462 0.0508537 0.0510753 3.08495e-05
5 0.495917 0.077957 0.130661 0.0819892 3.09283e-05
4 0.738864 0.783938 0.522272 0.432124 3.09325e-05
6 0.62899 0.550403 0.0835189 0.0483871 3.10026e-05
6 0.215664 0.616263 0.0638456 0.061828 3.10273e-05
6 0.705085 0.989583 0.0441722 0.0208333 3.11806e-05
6 0.204343 0.991599 0.0657016 0.0168011 3.1473e-05
6 0.888827 0.551075 0.0545657 0.127688 3.14928e-05
5 0.896808 0.207325 0.206385 0.18078 3.1514e-05
6 0.923905 0.488575 0.0616184 0.21371 3.1527e-05
6 0.79343 0.974126 0.0486266 0.0517473 3.17229e-05
5 0.106904 0.138441 0.206385 0.137097 3.17352e-05
6 0.594098 0.0114247 0.0300668 0.0228495 3.17923e-05
6 0.792873 0.232863 0.0215293 0.0504032 3.18653e-05
5 0.698589 0.062164 0.263549 0.124328 3.19035e-05
6 0.893838 0.87164 0.0274684 0.188172 3.1982e-05
6 0.105791 0.0520833 0.0541945 0.0638441 3.20399e-05
7 0.416667 0.508737 0.0077951 0.0672043 3.20544e-05
6 0.701002 0.147513 0.0441722 0.0329301 3.20644e-05
9 0.884929 0.0238575 0.0868597 0.0477151 3.21167e-05
6 0.634001 0.00638441 0.0207869 0.0127688 3.21292e-05
8 0.221789 0.894489 0.0708983 0.211022 3.21983e-05
5 0.2951 0.0178091 0.161099 0.0356183 3.22135e-05
6 0.771715 0.177755 0.0230141 0.0732527 3.22622e-05
6 0.321084 0.0124328 0.0400891 0.0248656 3.2332e-05
6 0.918337 0.928427 0.0905716 0.133737 3.23847e-05
6 0.169451 0.469086 0.0560505 0.0900538 3.23888e-05
5 0.681143 0.272513 0.229399 0.292339 3.24157e-05
6 0.730141 0.601479 0.0430586 0.0497312 3.24467e-05
6 0.0929844 0.217406 0.0567929 0.0356183 3.26106e-05
6 0.644395 0.637769 0.0237565 0.0416667 3.27302e-05
6 0.935226 0.263105 0.122123 0.153898 3.28756e-05
6 0.5232 0.0977823 0.0649592 0.0866935 3.30003e-05
6 0.710839 0.559812 0.0185598 0.0336022 3.30336e-05
5 0.226429 0.294019 0.452858 0.588038 3.31565e-05
5 0.938382 0.799731 0.0898293 0.325269 3.32435e-05
6 0.09317 0.146169 0.0311804 0.0383065 3.32805e-05
6 0.267632 0.924395 0.0556793 0.15121 3.33114e-05
6 0.873051 0.600806 0.047513 0.104839 3.33412e-05
6 0.805865 0.0124328 0.0244989 0.0248656 3.36181e-05
6 0.521344 0 0.0226429 0 3.36915e-05
5 0.585189 0.00604839 0.171121 0.0120968 3.37286e-05
6 0.783964 0.122984 0.0579065 0.108871 3.38202e-05
5 0.701373 0.897177 0.593541 0.205645 3.38645e-05
6 0.091314 0.334677 0.0326652 0.0510753 3.38774e-05
6 0.313846 0.0117608 0.0879733 0.0235215 3.38838e-05
6 0.457127 0.977823 0.0582777 0.0443548 3.42785e-05
6 0.112658 0.0913979 0.015219 0.0416667 3.43007e-05
5 0.0504826 0.994288 0.100965 0.0114247 3.4324e-05
6 0.632146 0.663306 0.0193022 0.0497312 3.43343e-05
6 0.775427 0.19086 0.0163326 0.0268817 3.43856e-05
5 0.255568 0.33703 0.0753526 0.249328 3.45378e-05
5 0.173534 0.317876 0.298812 0.231183 3.46076e-05
5 0.707313 0.958669 0.430215 0.0826613 3.46526e-05
6 0.384558 0.663642 0.0497402 0.0745968 3.47904e-05
6 0.910728 0.197917 0.0426875 0.0625 3.48804e-05
2 0.485152 0.504032 0.487008 0.15457 3.49186e-05
2 0.52023 0.956653 0.95954 0.0866935 3.49497e-05
6 0.146993 0.945901 0.064588 0.108199 3.49867e-05
6 0.154974 0.583333 0.049369 0.0887097 3.50158e-05
6 0.961767 0.00604839 0.0764662 0.0120968 3.50718e-05
6 0.0577209 0.122312 0.0278396 0.0712366 3.50804e-05
6 0.946177 0.656922 0.0861173 0.338038 3.51139e-05
2 0.691166 0.458669 0.383816 0.175403 3.52178e-05
6 0.98905 0.933804 0.0219005 0.129704 3.52253e-05
6 0.783222 0.00638441 0.0386043 0.0127688 3.52742e-05
6 0.955642 0.0961021 0.0508537 0.0752688 3.53758e-05
6 0.495174 0.0756048 0.0467706 0.0853495 3.54037e-05
6 0.55735 0.698253 0.0293244 0.0806452 3.54137e-05
7 0.251114 0.0977823 0.0270973 0.195565 3.5467e-05
6 0.856904 0.575605 0.0360059 0.0893817 3.54794e-05
6 0.439866 0.0860215 0.060876 0.0672043 3.55273e-05
6 0.841314 0.0540995 0.0716407 0.108199 3.55328e-05
5 0.705085 0.210685 0.162212 0.230511 3.55692e-05
6 0.241834 0.917339 0.0716407 0.165323 3.55817e-05
6 0.548255 0.00537634 0.0185598 0.0107527 3.5711e-05
3 0.304937 0.596102 0.609874 0.807796 3.57859e-05
5 0.674091 0.203293 0.651819 0.313844 3.58137e-05
6 0.688382 0.0120968 0.0300668 0.0241935 3.58142e-05
7 0.497587 0.448589 0.0137342 0.0840054 3.593e-05
6 0.540646 0.113575 0.0545657 0.061828 3.59629e-05
6 0.496474 0.680444 0.045657 0.0772849 3.6032e-05
5 0.112843 0.0547715 0.164068 0.0530914 3.60406e-05
6 0.994432 0.214046 0.0111359 0.0880376 3.60985e-05
2 0.282665 0.468078 0.122866 0.145833 3.61573e-05
7 0.232739 0.103495 0.0452858 0.206989 3.62927e-05
6 0.706199 0.972782 0.0553081 0.0544355 3.63112e-05
6 0.0835189 0.288306 0.0519673 0.0349462 3.64195e-05
6 0.888827 0.314852 0.0486266 0.0826613 3.65533e-05
6 0.629362 0.567876 0.0219005 0.0403226 3.6668e-05
6 0.447105 0.68078 0.0382331 0.0806452 3.66909e-05
6 0.493318 0.645161 0.0282108 0.0430108 3.68587e-05
5 0.556422 0.0383065 0.206385 0.0766129 3.70401e-05
6 0.543244 0.992271 0.0434298 0.015457 3.70401e-05
5 0.89291 0.031922 0.178545 0.0638441 3.71208e-05
6 0.210097 0.203293 0.0289532 0.0436828 3.71602e-05
6 0.545471 0.0117608 0.0308092 0.0235215 3.72162e-05
6 0.758352 0.603495 0.110616 0.15457 3.72781e-05
5 0.835746 0.822917 0.328508 0.170027 3.73075e-05
5 0.28582 0.30746 0.114328 0.231855 3.73094e-05
6 0.17075 0.0544355 0.0742391 0.108871 3.73929e-05
6 0.692279 0.00705645 0.0207869 0.0141129 3.74039e-05
9 0.119525 0.0695565 0.0311804 0.0544355 3.74082e-05
6 0.0744246 0.0950941 0.0174462 0.0517473 3.74223e-05
6 0.183185 0.0120968 0.0463994 0.0241935 3.76218e-05
7 0.517446 0.454301 0.0259837 0.13172 3.76548e-05
6 0.991834 0.241599 0.0163326 0.165995 3.77136e-05
6 0.231255 0.559476 0.0193022 0.0356183 3.77751e-05
6 0.642353 0.991935 0.05902 0.016129 3.78704e-05
6 0.555679 0.976479 0.0527097 0.047043 3.79444e-05
6 0.0671863 0.191532 0.0237565 0.0349462 3.80337e-05
6 0.771715 0.18078 0.0252413 0.0336022 3.80416e-05
6 0.786934 0.00201613 0.0282108 0.00403226 3.82013e-05
6 0.455828 0.986223 0.0623608 0.0275538 3.82016e-05
6 0.791759 0.663306 0.0720119 0.0752688 3.82094e-05
6 0.617483 0.553427 0.0226429 0.0342742 3.82919e-05
6 0.851522 0.607527 0.154417 0.295699 3.85062e-05
6 0.81199 0.178091 0.05902 0.0685484 3.85165e-05
9 0.787676 1 0.0675575 0 3.85238e-05
9 0.0352635 0.977151 0.0564217 0.0456989 3.8592e-05
6 0.120824 0.307796 0.0434298 0.120968 3.87876e-05
5 0.366741 0.00134409 0.147736 0.00268817 3.88305e-05
6 0.867112 0.918347 0.0378619 0.163306 3.88859e-05
6 0.53582 0.547379 0.0360059 0.0705645 3.89229e-05
6 0.240163 0.56082 0.0230141 0.0383065 3.90565e-05
6 0.30735 0.133737 0.0579065 0.134409 3.91612e-05
6 0.78879 0.653898 0.123237 0.278226 3.92943e-05
7 0.814774 0.078629 0.00890869 0.063172 3.95129e-05
9 0.875835 0.0110887 0.0300668 0.0221774 3.97283e-05
6 0.506867 0.980175 0.0515961 0.0396505 3.97746e-05
6 0.319228 0.635417 0.0200445 0.0383065 3.9778e-05
5 0.358203 0.297379 0.106162 0.190188 3.97821e-05
6 0.514848 0.0174731 0.0497402 0.0349462 3.99398e-05
6 0.508166 0 0.0200445 0 4.00366e-05
6 0.837416 0.84879 0.118782 0.147849 4.01085e-05
6 0.190609 0.198925 0.0345212 0.151882 4.03119e-05
6 0.00742391 0.167003 0.013363 0.172715 4.03168e-05
6 0.786377 0.0228495 0.0419451 0.0456989 4.03519e-05
5 0.174833 0.345094 0.125464 0.238575 4.03721e-05
6 0.808649 0.947245 0.0634744 0.100134 4.04946e-05
6 0.0703415 0.213038 0.0345212 0.030914 4.06895e-05
9 0.304566 0.999328 0.0812918 0.00134409 4.08283e-05
7 0.467706 0.449597 0.0460282 0.0927419 4.08478e-05
6 0.994246 0.924731 0.0115071 0.150538 4.09028e-05
6 0.81069 0.0258737 0.0282108 0.0517473 4.09432e-05
6 0.927246 0.211694 0.0534521 0.0322581 4.10775e-05
6 0.105976 0.145161 0.0374907 0.0376344 4.11483e-05
6 0.689866 0.540659 0.0486266 0.0490591 4.11518e-05
6 0.46752 0.609879 0.0211581 0.0342742 4.11832e-05
5 0.775241 0.0376344 0.13029 0.0752688 4.1198e-05
6 0.094098 0.270833 0.0515961 0.0349462 4.13611e-05
5 0.394766 0.016129 0.152561 0.0322581 4.13746e-05
6 0.579807 0.985551 0.0556793 0.0288978 4.14871e-05
6 0.560319 0.586021 0.0345212 0.0376344 4.15628e-05
6 0.590015 0.679771 0.0501114 0.0920699 4.15644e-05
7 0.216407 0.264113 0.0200445 0.11828 4.16008e-05
6 0.630475 0.554435 0.018931 0.0362903 4.16511e-05
6 0.00501114 0.195901 0.0100223 0.0745968 4.16955e-05
5 0.267446 0.00537634 0.146622 0.0107527 4.17007e-05
6 0.974573 0.16297 0.0308092 0.118952 4.17481e-05
5 0.862843 0.0695565 0.274313 0.139113 4.18486e-05
9 0.824239 1 0.0664439 0 4.19047e-05
5 0.252227 0.347782 0.225316 0.231855 4.19047e-05
6 0.995546 0.97379 0.00890869 0.0524194 4.19604e-05
9 0.859874 1 0.0664439 0 4.19939e-05
6 0.7951 0.228495 0.0141054 0.0336022 4.20321e-05
6 0.581292 0.00974462 0.030438 0.0194892 4.20478e-05
6 0.0562361 0.129032 0.0404603 0.143817 4.21567e-05
9 0.932071 1 0.0734967 0 4.23251e-05
6 0.242205 0.991263 0.0686711 0.0174731 4.24314e-05
6 0.838901 0.0356183 0.124722 0.0712366 4.24362e-05
6 0.376021 0.118952 0.0259837 0.0215054 4.24926e-05
6 0.693207 0.949261 0.062732 0.0987903 4.25014e-05
6 0.497958 0.604503 0.0241277 0.0490591 4.26094e-05
6 0.245731 0.0178091 0.0452858 0.0356183 4.27148e-05
6 0.615627 0.601479 0.0196733 0.0282258 4.28465e-05
4 0.31663 0.679099 0.360802 0.296371 4.29825e-05
6 0.515219 0.119288 0.0423163 0.0665323 4.3175e-05
6 0.346325 0.114583 0.0378619 0.0248656 4.32248e-05
5 0.320341 0.0336022 0.184113 0.0672043 4.3376e-05
6 0.870638 0.541667 0.0530809 0.0873656 4.35214e-05
5 0.16611 0.977487 0.324796 0.0450269 4.35976e-05
6 0.253712 0 0.0233853 0 4.3766e-05
5 0.213808 0.147513 0.427617 0.295027 4.39487e-05
6 0.730698 0.972446 0.062732 0.0551075 4.42027e-05
9 0.0785078 0.0897177 0.0397179 0.0544355 4.43085e-05
7 0.587045 0.483535 0.00853749 0.0840054 4.43213e-05
6 0.995731 0.951949 0.00853749 0.0853495 4.43539e-05
4 0.494618 0.835349 0.851893 0.329301 4.43745e-05
6 0.792502 0.213374 0.0274684 0.0987903 4.44029e-05
5 0.741648 0.132392 0.103192 0.0994624 4.44594e-05
5 0.778768 0.203293 0.0697847 0.0920699 4.44708e-05
6 0.43337 0.604839 0.0315516 0.0430108 4.4846e-05
9 0.00612472 0.993952 0.0122494 0.0120968 4.48462e-05
6 0.43003 0.991263 0.0649592 0.0174731 4.49274e-05
6 0.416295 0.627352 0.0181886 0.0436828 4.5223e-05
6 0.80735 0.904906 0.111359 0.12164 4.52573e-05
6 0.483296 0.648521 0.0386043 0.0564516 4.53228e-05
6 0.733667 0.622648 0.0857461 0.0920699 4.54297e-05
5 0.780624 0.0231855 0.149963 0.046371 4.56656e-05
6 0.543615 0.0823253 0.0530809 0.0638441 4.57459e-05
6 0.994618 0.24496 0.0107647 0.0813172 4.58218e-05
3 0.865813 0.516801 0.268374 0.764785 4.59232e-05
5 0.717335 0.0238575 0.121381 0.0477151 4.61021e-05
6 0.583519 0.115591 0.0200445 0.0255376 4.61498e-05
6 0.86971 0.470766 0.0623608 0.114919 4.61688e-05
6 0.523942 0.605175 0.0196733 0.0517473 4.62066e-05
5 0.536377 0.0510753 0.351893 0.102151 4.63637e-05
6 0.615442 0.591398 0.0378619 0.0389785 4.64032e-05
6 0.283593 0.641465 0.030438 0.0477151 4.64157e-05
2 0.389755 0.428091 0.327394 0.150538 4.65039e-05
6 0.154417 0.491263 0.0720119 0.104839 4.65217e-05
6 0.0107647 0.956653 0.0103935 0.0705645 4.65724e-05
6 0.561433 0.657594 0.0753526 0.108199 4.6717e-05
5 0.778396 0.128024 0.443207 0.256048 4.67764e-05
6 0.593541 0.975806 0.0616184 0.0483871 4.69396e-05
5 0.729584 0.015457 0.204529 0.030914 4.69813e-05
6 0.511136 0.603831 0.0215293 0.0490591 4.70084e-05
7 0.234039 0.0678763 0.0404603 0.0900538 4.72238e-05
6 0.188938 0.200269 0.0274684 0.0658602 4.72408e-05
9 0.910913 0.21203 0.0386043 0.0288978 4.74427e-05
6 0.727357 0.471774 0.0857461 0.11828 4.75661e-05
5 0.880846 0.0208333 0.202673 0.0416667 4.78025e-05
6 0.819785 0.0329301 0.045657 0.0658602 4.80746e-05
7 0.21288 0.0974462 0.0382331 0.194892 4.81258e-05
5 0.10709 0.0500672 0.21418 0.0907258 4.81604e-05
6 0.404603 0.989919 0.064588 0.0201613 4.82385e-05
6 0.0684855 0.758401 0.096882 0.415995 4.82652e-05
6 0.619896 0.549731 0.0118782 0.0349462 4.83291e-05
6 0.990906 0.236223 0.0129918 0.0880376 4.8345e-05
6 0.0105791 0.103495 0.0181886 0.0564516 4.84171e-05
6 0.740163 0.442204 0.0445434 0.116935 4.84524e-05
6 0.772643 0.171707 0.05902 0.0826613 4.84795e-05
5 0.787305 0.926747 0.42539 0.146505 4.88783e-05
5 0.765033 0.322917 0.1366 0.234543 4.88881e-05
9 0.848552 0.0047043 0.0452858 0.0094086 4.88992e-05
6 0.941537 0.202285 0.116927 0.130376 4.89546e-05
5 0.865442 0.0510753 0.11173 0.0739247 4.91126e-05
6 0.519117 0.992944 0.0426875 0.0141129 4.91576e-05
6 0.117298 0.0974462 0.0311804 0.0443548 4.92701e-05
6 0.552153 0.634745 0.0293244 0.0383065 4.95104e-05
5 0.87732 0.993616 0.24536 0.0127688 4.96847e-05
6 0.868226 0.93414 0.0319228 0.0766129 4.99467e-05
6 0.530438 0.978831 0.0519673 0.0423387 5.02157e-05
6 0.154603 0.633737 0.102079 0.216398 5.02167e-05
6 0.433927 0.587702 0.0296956 0.0369624 5.02426e-05
8 0.0404603 0.985215 0.0631032 0.0295699 5.02441e-05
6 0.24369 0.579973 0.0233853 0.0416667 5.0307e-05
6 0.525056 0.298387 0.0360059 0.115591 5.03267e-05
6 0.360059 0.120296 0.0423163 0.107527 5.03406e-05
5 0.580364 0.0719086 0.253526 0.115591 5.04525e-05
5 0.372866 0.245968 0.566073 0.491935 5.08671e-05
6 0.604863 0.984543 0.0605048 0.030914 5.10705e-05
6 0.081663 0.195901 0.0393467 0.0329301 5.12948e-05
6 0.0141054 0.191196 0.0282108 0.145833 5.16095e-05
6 0.838159 0.187164 0.0519673 0.0853495 5.17854e-05
6 0.797699 0.00336022 0.0386043 0.00672043 5.19858e-05
6 0.771901 0.179099 0.015219 0.0248656 5.21151e-05
5 0.716036 0.13004 0.198961 0.148522 5.22064e-05
6 0.274684 0.136089 0.0334076 0.163306 5.22206e-05
6 0.381403 0.547043 0.028582 0.0349462 5.22879e-05
6 0.764105 0.93414 0.116927 0.125 5.23197e-05
8 0.99536 0.046371 0.00927988 0.0927419 5.23823e-05
6 0.571826 0.106183 0.0575353 0.061828 5.25123e-05
6 0.319228 0.125 0.0430586 0.0268817 5.26016e-05
6 0.794172 0.992271 0.0545657 0.015457 5.26993e-05
6 0.252413 0.00772849 0.0259837 0.015457 5.27251e-05
6 0.731069 0.618616 0.0270973 0.0450269 5.28748e-05
5 0.712509 0.00705645 0.108018 0.0141129 5.30274e-05
6 0.770416 0.947581 0.0619896 0.0994624 5.30528e-05
5 0.517632 0.0252016 0.213437 0.0504032 5.35348e-05
5 0.788233 0.150874 0.107275 0.160618 5.37426e-05
6 0.25631 0.00369624 0.0144766 0.00739247 5.40123e-05
6 0.404232 0.550403 0.0193022 0.0403226 5.44295e-05
8 0.993504 0.0836694 0.0129918 0.167339 5.45346e-05
5 0.242947 0.0107527 0.09317 0.0215054 5.45415e-05
6 0.650148 0.555108 0.0300668 0.0336022 5.46075e-05
6 0.987751 0.344758 0.0244989 0.178763 5.46657e-05
6 0.481255 0.00436828 0.0708983 0.00873656 5.49257e-05
5 0.1366 0.94254 0.2732 0.114919 5.49935e-05
6 0.0077951 0.189516 0.0118782 0.0806452 5.52875e-05
5 0.370824 0.11828 0.150705 0.0860215 5.53009e-05
6 0.464551 0.691868 0.0278396 0.0866935 5.5312e-05
7 0.25167 0.0705645 0.0237565 0.0860215 5.59932e-05
6 0.320156 0.134745 0.0530809 0.0504032 5.60826e-05
6 0.734224 0.593078 0.0207869 0.0423387 5.61866e-05
6 0.671121 0.669019 0.0237565 0.0584677 5.62476e-05
2 0.867112 0.465054 0.165553 0.263441 5.62741e-05
6 0.990535 0.962702 0.015219 0.0745968 5.64838e-05
5 0.264291 0.956317 0.350408 0.0873656 5.65693e-05
6 0.438938 0.696237 0.0293244 0.0793011 5.66151e-05
6 0.504826 0.635417 0.03415 0.0436828 5.66364e-05
6 0.728285 0.547379 0.0846325 0.100134 5.66987e-05
5 0.737008 0.97547 0.442094 0.0490591 5.67631e-05
4 0.795843 0.832661 0.408315 0.329301 5.67969e-05
6 0.767817 0.991935 0.05902 0.016129 5.69132e-05
7 0.791203 0.308468 0.0463994 0.208333 5.70427e-05
6 0.57758 0.550403 0.0460282 0.0564516 5.71074e-05
6 0.00909428 0.931788 0.0122494 0.136425 5.72262e-05
5 0.563103 0.982863 0.342242 0.0342742 5.73325e-05
6 0.462138 0.656922 0.207127 0.160618 5.73898e-05
6 0.30605 0.919019 0.0723831 0.127016 5.74111e-05
6 0.564217 0.0856855 0.0593912 0.0611559 5.77353e-05
0 0.00259837 0.896169 0.00519673 0.132392 5.78884e-05
6 0.538233 0.671371 0.0252413 0.0672043 5.79909e-05
5 0.315702 0.144825 0.455457 0.200941 5.80031e-05
6 0.363586 0.0107527 0.0723831 0.0215054 5.80146e-05
6 0.211767 0.210349 0.0449146 0.0819892 5.84298e-05
6 0.276355 0.142137 0.0382331 0.0544355 5.86676e-05
6 0.78582 0.191532 0.0311804 0.100806 5.87745e-05
6 0.685783 0.142809 0.0345212 0.0208333 5.91092e-05
7 0.526355 0.455645 0.0356347 0.0900538 5.92185e-05
6 0.180401 0.433804 0.10245 0.15793 5.97352e-05
6 0.266518 0.582661 0.0244989 0.0349462 5.98812e-05
5 0.139755 0.992608 0.27951 0.0147849 6.00584e-05
7 0.589458 0.514113 0.00890869 0.0712366 6.02941e-05
6 0.41147 0.0114247 0.0694135 0.0228495 6.05785e-05
5 0.438382 0.976142 0.475872 0.0477151 6.07225e-05
7 0.422235 0.510753 0.0100223 0.0752688 6.07988e-05
6 0.342984 0.126344 0.0549369 0.0389785 6.10198e-05
5 0.788419 0.883065 0.423163 0.137097 6.14028e-05
5 0.175575 0.0285618 0.184855 0.0571237 6.14692e-05
6 0.0953972 0.296035 0.0378619 0.046371 6.15527e-05
5 0.443393 0.00134409 0.151819 0.00268817 6.19854e-05
6 0.909057 0.15121 0.0697847 0.0483871 6.20111e-05
6 0.558092 0.680108 0.045657 0.102151 6.23324e-05
6 0.453972 0.612231 0.0215293 0.0376344 6.25704e-05
6 0.86971 0.518817 0.0846325 0.123656 6.25753e-05
6 0.496102 0.122984 0.0441722 0.0672043 6.2671e-05
6 0.415924 0.673723 0.0419451 0.0638441 6.3003e-05
5 0.218077 0.280242 0.436154 0.400538 6.33465e-05
6 0.63029 0.601142 0.0193022 0.0288978 6.41489e-05
6 0.609503 0.00604839 0.0905716 0.0120968 6.4291e-05
6 0.525798 0.652218 0.0293244 0.0530914 6.44502e-05
6 0.514105 0.00268817 0.0653304 0.00537634 6.45286e-05
6 0.582962 0.0981183 0.0256125 0.0255376 6.48159e-05
5 0.390869 0.0601478 0.260579 0.120296 6.48407e-05
8 0.923534 0.0846774 0.060876 0.120968 6.50115e-05
6 0.591685 0.613239 0.0423163 0.0275538 6.55142e-05
6 0.901262 0.514785 0.0720119 0.248656 6.58423e-05
7 0.505939 0.451949 0.0207869 0.127016 6.59277e-05
6 0.582777 0.105511 0.0348924 0.0349462 6.59422e-05
6 0.358203 0.544019 0.0801782 0.0625 6.61475e-05
9 0.0966964 0.0688844 0.0360059 0.0584677 6.62724e-05
6 0.560319 0.00436828 0.079807 0.00873656 6.63191e-05
6 0.653489 0.00705645 0.0976244 0.0141129 6.63387e-05
5 0.219933 0.205981 0.0753526 0.260081 6.64546e-05
6 0.993318 0.273522 0.013363 0.0846774 6.70882e-05
6 0.0222717 0.0047043 0.0445434 0.0094086 6.71821e-05
6 0.9098 0.175739 0.0631032 0.0383065 6.72427e-05
5 0.474944 0.0682124 0.266147 0.133737 6.74138e-05
6 0.812732 0.0211694 0.0167038 0.0329301 6.77427e-05
6 0.0560505 0.193212 0.0296956 0.0329301 6.78358e-05
6 0.6817 0.00537634 0.0686711 0.0107527 6.80092e-05
6 0.349666 0.561492 0.0319228 0.0423387 6.81136e-05
6 0.256867 0.616599 0.0244989 0.0450269 6.81748e-05
6 0.686154 0.151546 0.045657 0.0369624 6.82167e-05
6 0.12732 0.545363 0.0697847 0.299059 6.87042e-05
5 0.835375 0.948589 0.32925 0.102823 6.87521e-05
6 0.53415 0.581653 0.0393467 0.0423387 6.97161e-05
6 0.080735 0.141129 0.028582 0.0389785 7.00196e-05
6 0.616555 0.990927 0.0653304 0.0181452 7.02861e-05
5 0.113771 0.966398 0.227543 0.0672043 7.05178e-05
6 0.693393 0.990927 0.0593912 0.0181452 7.0565e-05
5 0.530624 0.22547 0.33222 0.242608 7.07253e-05
5 0.354677 0.0141129 0.204529 0.0282258 7.0777e-05
6 0.233853 0.574261 0.0215293 0.0383065 7.10551e-05
6 0.667038 0.991599 0.0549369 0.0168011 7.16065e-05
6 0.848181 0.950269 0.0631032 0.0967742 7.16883e-05
6 0.170193 0.0238575 0.0746102 0.0477151 7.28873e-05
6 0.0445434 0.147177 0.0467706 0.0685484 7.30162e-05
8 0.90683 0.96707 0.0631032 0.0658602 7.32308e-05
6 0.492576 0.991935 0.0631032 0.016129 7.34401e-05
5 0.5451 0.0131048 0.21121 0.0262097 7.35883e-05
6 0.65052 0.664651 0.0219005 0.047043 7.39986e-05
6 0.463808 0.582661 0.032294 0.0403226 7.41301e-05
6 0.514477 0.680108 0.0386043 0.106183 7.50379e-05
7 0.496474 0.467742 0.0248701 0.173387 7.52525e-05
6 0.00426875 0.969758 0.00853749 0.0604839 7.53373e-05
6 0.780624 0.0537634 0.0757238 0.107527 7.55078e-05
7 0.234781 0.326949 0.0233853 0.122984 7.5615e-05
6 0.246474 0.00100806 0.0319228 0.00201613 7.62004e-05
5 0.350223 0.12668 0.236451 0.148522 7.64415e-05
6 0.358575 0.132392 0.0259837 0.0188172 7.67636e-05
9 0.0634744 0.094422 0.03415 0.0517473 7.67959e-05
5 0.212509 0.124664 0.131774 0.233199 7.70904e-05
6 0.989978 0.173723 0.013363 0.105511 7.71038e-05
6 0.743504 0.991263 0.0660728 0.0174731 7.73569e-05
6 0.33222 0.635753 0.0215293 0.0376344 7.75229e-05
6 0.839458 0.211694 0.018931 0.0268817 7.76831e-05
6 0.243875 0.610551 0.0460282 0.0584677 7.78774e-05
9 0.899777 1 0.0653304 0 7.79389e-05
8 0.923348 0.387433 0.0508537 0.109543 7.88149e-05
6 0.836488 0.18246 0.015219 0.0288978 7.95221e-05
8 0.958055 0.995968 0.0838901 0.00806452 7.99399e-05
6 0.327765 0.534274 0.0237565 0.0403226 7.99608e-05
6 0.989792 0.265121 0.0159614 0.093414 8.01044e-05
6 0.430401 0.631384 0.0211581 0.0477151 8.04397e-05
7 0.217335 0.265793 0.0204157 0.296371 8.04464e-05
7 0.212138 0.0739247 0.0337788 0.0806452 8.17691e-05
7 0.485152 0.450269 0.0445434 0.0967742 8.22406e-05
6 0.897179 0.945229 0.0734967 0.109543 8.29618e-05
6 0.98608 0.131384 0.0278396 0.104167 8.31591e-05
6 0.710653 0.613575 0.0293244 0.0349462 8.33974e-05
6 0.679844 0.625 0.0382331 0.0537634 8.37851e-05
6 0.566815 0.991935 0.064588 0.016129 8.4122e-05
5 0.317743 0.00369624 0.146251 0.00739247 8.43743e-05
6 0.118597 0.31082 0.0352635 0.0611559 8.45214e-05
6 0.467149 0.991599 0.0657016 0.0168011 8.48135e-05
6 0.850037 0.0100806 0.0430586 0.0201613 8.51318e-05
6 0.786563 0.00638441 0.0244989 0.0127688 8.54028e-05
6 0.513549 0.65289 0.0315516 0.0544355 8.60687e-05
6 0.85709 0.0272177 0.0452858 0.031586 8.6084e-05
6 0.445805 0.634745 0.0244989 0.0409946 8.81775e-05
0 0.988679 0.846774 0.0196733 0.306452 8.8573e-05
6 0.885301 0.882392 0.0727543 0.100806 8.87881e-05
6 0.934113 0.788642 0.0991091 0.153898 8.90583e-05
6 0.695063 0.554099 0.0226429 0.0383065 8.90957e-05
5 0.863029 0.971438 0.273942 0.0571237 8.91089e-05
2 0.86173 0.462702 0.27654 0.355511 8.95482e-05
6 0.265219 0.642809 0.0308092 0.0517473 9.03616e-05
4 0.256496 0.777554 0.512992 0.444892 9.05086e-05
4 0.0716407 0.591398 0.134373 0.522849 9.17664e-05
6 0.266889 0.630376 0.212324 0.290323 9.19522e-05
6 0.815702 0.015121 0.0463994 0.0302419 9.19584e-05
6 0.0651448 0.135081 0.0352635 0.0483871 9.19808e-05
6 0.69098 0.138777 0.0708983 0.0651882 9.2194e-05
5 0.655902 0.311492 0.431329 0.245296 9.23416e-05
3 0.922235 0.611223 0.155531 0.667339 9.24974e-05
8 0.916481 0.990255 0.0668151 0.0194892 9.25053e-05
5 0.515776 0.995296 0.410171 0.0094086 9.25418e-05
6 0.636971 0.0114247 0.0631032 0.0228495 9.25588e-05
6 0.718448 0.990927 0.0619896 0.0181452 9.30321e-05
5 0.241091 0.867608 0.370824 0.150538 9.36318e-05
6 0.275241 0.130712 0.0263549 0.0396505 9.37586e-05
2 0.505011 0.422043 0.0642168 0.0766129 9.38051e-05
6 0.444692 0.620632 0.135857 0.093414 9.45907e-05
6 0.98441 0.339718 0.0311804 0.141801 9.48213e-05
6 0.607647 0.629032 0.0200445 0.0456989 9.48941e-05
6 0.576281 0.602823 0.0708983 0.0604839 9.5481e-05
6 0.367483 0.135081 0.0348924 0.0336022 9.69469e-05
6 0.440238 0.644489 0.0690423 0.0860215 9.72223e-05
5 0.319228 0.120968 0.139569 0.094086 9.79831e-05
5 0.709354 0.0860215 0.581292 0.172043 9.81343e-05
6 0.994618 0.106519 0.0107647 0.135081 9.86828e-05
6 0.292131 0.616599 0.0801782 0.106855 9.8775e-05
5 0.244803 0.155242 0.489607 0.310484 9.92748e-05
6 0.664811 0.0120968 0.0690423 0.0241935 9.93464e-05
6 0.542316 0.639113 0.0319228 0.0389785 9.94268e-05
5 0.51856 0.00134409 0.148478 0.00268817 0.000100126
7 0.228471 0.344422 0.018931 0.131048 0.000100286
6 0.585375 0.0883737 0.0638456 0.0544355 0.000100292
6 0.525798 0.674731 0.0308092 0.0725806 0.000100358
6 0.621381 0.606519 0.0207869 0.0356183 0.000100751
5 0.250557 0.871976 0.501114 0.256048 0.000101582
4 0.853007 0.736223 0.293987 0.387769 0.000101715
6 0.40683 0.594086 0.0356347 0.0389785 0.000102316
6 0.184484 0.941196 0.0905716 0.109543 0.00010276
6 0.107461 0.941868 0.0976244 0.116263 0.000102874
6 0.24239 0.00672043 0.0319228 0.0134409 0.000103081
6 0.365627 0.638105 0.030438 0.0504032 0.000103561
6 0.238307 0.0124328 0.043801 0.0248656 0.000105016
6 0.990349 0.15289 0.017075 0.237231 0.000105364
6 0.26559 0.607191 0.0463994 0.0517473 0.000106154
6 0.10412 0.0850134 0.0315516 0.0517473 0.000107552
6 0.275798 0.557796 0.0237565 0.0349462 0.000107558
9 0.856904 0.0282258 0.0538233 0.0564516 0.000107983
5 0.433742 0.0120968 0.207498 0.0241935 0.000108117
5 0.796214 0.24328 0.407572 0.486559 0.000110513
6 0.600037 0.610887 0.0419451 0.0456989 0.000110769
6 0.0749814 0.125672 0.030438 0.108871 0.000111776
6 0.0293244 0.370296 0.0586489 0.157258 0.000112228
5 0.216592 0.909946 0.322569 0.100806 0.000113873
6 0.799926 0.0299059 0.0534521 0.0598118 0.000114243
6 0.109688 0.387769 0.0708983 0.270161 0.000114862
6 0.318857 0.52957 0.0244989 0.0362903 0.000114878
6 0.18467 0.903898 0.106533 0.123656 0.000115785
6 0.271158 0.566532 0.0790646 0.0846774 0.000116293
2 0.25631 0.486559 0.403489 0.274194 0.000116581
5 0.166481 0.205645 0.27951 0.354839 0.000116649
6 0.542316 0.991599 0.0616184 0.0168011 0.000117557
5 0.14922 0.101478 0.298441 0.176075 0.000118061
5 0.770973 0.334677 0.03415 0.25 0.000119257
6 0.789532 0.181788 0.0259837 0.0275538 0.000119749
6 0.872866 0.949933 0.0515961 0.093414 0.000119874
6 0.235709 0.192876 0.0326652 0.0604839 0.000120675
6 0.591128 0.991263 0.0657016 0.0174731 0.000121347
6 0.076095 0.122648 0.0237565 0.0611559 0.00012149
6 0.627877 0.599126 0.0330364 0.0383065 0.000122004
6 0.509651 0.582661 0.0348924 0.0416667 0.0001232
5 0.467706 0.0131048 0.118782 0.0262097 0.000123734
7 0.227171 0.287298 0.0200445 0.286962 0.00012507
6 0.924091 0.203293 0.0924276 0.0584677 0.000125628
6 0.00946548 0.0423387 0.0100223 0.0806452 0.000126728
0 0.0077951 0.863575 0.013363 0.272849 0.000126759
6 0.790832 0.193212 0.0256125 0.0356183 0.000128423
5 0.165924 0.0208333 0.126949 0.0416667 0.000129426
6 0.511693 0.632056 0.17706 0.12164 0.000129711
6 0.48441 0.584677 0.0319228 0.0430108 0.000130268
8 0.959168 0.99328 0.0564217 0.0134409 0.000130311
6 0.994432 0.156922 0.0111359 0.120296 0.000130702
3 0.114328 0.624664 0.228656 0.749328 0.000130747
6 0.266704 0.606519 0.114699 0.148522 0.000131177
6 0.229955 0.925739 0.0723831 0.0987903 0.000131266
5 0.543987 0.0134409 0.12435 0.0268817 0.000131854
5 0.838716 0.158266 0.322569 0.300403 0.000131864
6 0.629176 0.559476 0.0356347 0.031586 0.00013594
6 0.789532 0.210685 0.0193022 0.0288978 0.000136304
6 0.360987 0.548723 0.0404603 0.0356183 0.000137337
6 0.479027 0.634745 0.0263549 0.0409946 0.000137394
6 0.298441 0.533266 0.0282108 0.0423387 0.000138762
5 0.773014 0.102487 0.122866 0.171371 0.0001391
6 0.99072 0.0581317 0.017075 0.116263 0.000139546
5 0.796028 0.0164651 0.0976244 0.0329301 0.000140657
6 0.954343 0.302083 0.091314 0.112231 0.000141495
6 0.987936 0.268481 0.0241277 0.129704 0.000143426
6 0.66314 0.663642 0.0233853 0.0544355 0.00014387
6 0.661099 0.570229 0.0653304 0.0625 0.000144155
5 0.225316 0.0877016 0.450631 0.175403 0.000145567
6 0.705271 0.612231 0.104677 0.137097 0.0001461
6 0.67706 0.585013 0.0252413 0.0302419 0.000146514
6 0.729584 0.621304 0.226058 0.250672 0.000146639
5 0.488307 0.265793 0.045657 0.161962 0.000146685
8 0.0929844 0.964718 0.0783222 0.0705645 0.000147554
6 0.539903 0.0100806 0.0619896 0.0201613 0.000148962
7 0.488679 0.691196 0.0501114 0.141801 0.000150599
6 0.690794 0.634745 0.0259837 0.0409946 0.000151161
5 0.499629 0.235887 0.0527097 0.127688 0.000151341
6 0.729584 0.551411 0.0263549 0.0477151 0.00015463
6 0.00835189 0.135081 0.0107647 0.094086 0.000157333
6 0.00463994 0.142137 0.00927988 0.0947581 0.000157818
6 0.518374 0.991599 0.0597624 0.0168011 0.000161395
6 0.987194 0.191868 0.0256125 0.113575 0.000163896
6 0.286748 0.618616 0.0226429 0.0302419 0.000165426
5 0.228471 0.0749328 0.0924276 0.149866 0.000165726
6 0.46752 0.634073 0.0248701 0.0383065 0.000165974
6 0.53582 0.68918 0.0337788 0.114919 0.000166839
6 0.835746 0.929435 0.116927 0.125 0.000167028
6 0.402932 0.558468 0.0315516 0.0376344 0.000171639
6 0.264105 0.623992 0.0270973 0.0409946 0.000174198
6 0.920007 0.201277 0.0553081 0.0356183 0.00017481
6 0.73608 0.482863 0.0408315 0.104167 0.00017545
2 0.163697 0.465726 0.302153 0.408602 0.000175464
6 0.61173 0.00974462 0.0593912 0.0194892 0.000176364
6 0.263177 0.60047 0.0237565 0.0383065 0.000178706
9 0.862101 0.0137769 0.0419451 0.0248656 0.00017926
6 0.605234 0.631384 0.0441722 0.0517473 0.000180258
6 0.559206 0.614919 0.0412027 0.0322581 0.000180689
6 0.376949 0.569892 0.0961396 0.0510753 0.000180695
6 0.422235 0.607527 0.0196733 0.0349462 0.000181214
6 0.667595 0.636089 0.0330364 0.0557796 0.000185475
5 0.208797 0.302083 0.104306 0.234543 0.00018909
6 0.65386 0.571909 0.0248701 0.0362903 0.000192286
5 0.0946548 0.997312 0.18931 0.00537634 0.000192548
6 0.628062 0.634073 0.0274684 0.0450269 0.000194604
6 0.378619 0.596438 0.0668151 0.0638441 0.000195443
6 0.800483 0.00840054 0.0374907 0.0168011 0.000197938
5 0.514105 0.270833 0.0423163 0.126344 0.000201344
6 0.163326 0.487903 0.119525 0.163978 0.000201719
6 0.795471 0.015793 0.0512249 0.031586 0.000211454
6 0.253341 0.601142 0.0211581 0.0450269 0.000213879
6 0.28248 0.938844 0.0668151 0.103495 0.000218106
5 0.846696 0.0147849 0.103935 0.0295699 0.000218528
6 0.00593912 0.0635081 0.0118782 0.093414 0.000226409
6 0.840015 0.192876 0.0193022 0.0295699 0.000230823
6 0.716778 0.636425 0.0259837 0.0389785 0.000235191
6 0.988307 0.111895 0.0122494 0.140457 0.000238614
6 0.587045 0.00806452 0.0605048 0.016129 0.000239837
6 0.271529 0.566532 0.0352635 0.0376344 0.000240875
6 0.834447 0.188844 0.0348924 0.0537634 0.000248026
2 0.143281 0.475134 0.138085 0.290323 0.000249379
7 0.234039 0.328293 0.0233853 0.300403 0.00025412
6 0.287305 0.594758 0.0230141 0.0349462 0.000255661
8 0.0902004 0.990591 0.0742391 0.0188172 0.000258099
6 0.109688 0.382728 0.0515961 0.125672 0.00025823
3 0.524684 0.506384 0.809577 0.313844 0.000263138
6 0.55605 0.638441 0.0393467 0.0712366 0.000263838
6 0.439495 0.619624 0.465479 0.25672 0.000274102
5 0.503526 0.108535 0.443578 0.153898 0.000276991
6 0.251114 0.586021 0.0174462 0.0322581 0.000278264
6 0.707313 0.63172 0.0300668 0.0416667 0.000278554
6 0.521901 0.635417 0.0267261 0.0490591 0.000295188
6 0.404232 0.61996 0.064588 0.0584677 0.000296199
8 0.975316 0.984207 0.049369 0.031586 0.000298065
5 0.0872309 0.981855 0.174462 0.0362903 0.00030458
9 0.0460282 0.0967742 0.043801 0.0537634 0.000305503
6 0.376021 0.561156 0.0519673 0.0524194 0.000308702
8 0.970676 0.958333 0.0586489 0.0833333 0.000310081
6 0.281552 0.543011 0.0471418 0.0685484 0.000310901
6 0.377877 0.632392 0.0215293 0.0403226 0.000317496
6 0.669079 0.590726 0.0278396 0.0295699 0.00032296
6 0.43931 0.618952 0.0597624 0.0524194 0.000325534
8 0.92075 0.395833 0.0723831 0.276882 0.000336395
5 0.902376 0.15457 0.166295 0.133065 0.000339723
6 0.78712 0.18918 0.0463994 0.0544355 0.000341217
5 0.495174 0.931116 0.718634 0.137769 0.000354877
6 0.304009 0.563172 0.0296956 0.0349462 0.000360522
5 0.897921 0.108199 0.18337 0.116935 0.000360793
6 0.392725 0.63172 0.0259837 0.0430108 0.000372583
6 0.223831 0.196237 0.0356347 0.063172 0.00037285
6 0.39291 0.618952 0.104306 0.0900538 0.000372893
5 0.52784 0.985551 0.554566 0.0288978 0.000382093
8 0.0289532 0.989583 0.0579065 0.0208333 0.000390561
6 0.273571 0.530578 0.03415 0.0383065 0.000393015
6 0.645694 0.614919 0.0783222 0.077957 0.000403793
6 0.00835189 0.0900538 0.0107647 0.094086 0.000404874
9 0.850223 0.0208333 0.0716407 0.0416667 0.000408878
6 0.293801 0.573589 0.09317 0.12164 0.000411515
7 0.504083 0.470766 0.0623608 0.109543 0.000414636
6 0.474759 0.624328 0.0534521 0.0591398 0.000415397
6 0.677431 0.563172 0.0556793 0.047043 0.000428512
5 0.48608 0.0910618 0.760579 0.182124 0.000443021
6 0.224016 0.195565 0.0434298 0.150538 0.0004486
6 0.636971 0.617944 0.193022 0.137769 0.000454921
6 0.347624 0.621976 0.0389755 0.0665323 0.00045702
6 0.288419 0.583669 0.0185598 0.0302419 0.000460457
6 0.422977 0.623992 0.0211581 0.0369624 0.000472431
8 0.0345212 0.956989 0.0690423 0.0860215 0.000474851
6 0.3866 0.561828 0.0181886 0.0403226 0.000476522
6 0.297513 0.609879 0.0256125 0.0383065 0.000481634
6 0.648478 0.596438 0.0363771 0.0342742 0.000485945
6 0.349295 0.62332 0.177431 0.188844 0.000493145
6 0.533779 0.625336 0.0519673 0.0692204 0.000493559
5 0.216964 0.310484 0.045657 0.278226 0.000503899
6 0.716221 0.560148 0.0463994 0.0504032 0.000517448
8 0.931329 0.0880376 0.0876021 0.0672043 0.000522102
6 0.0081663 0.094422 0.0148478 0.160618 0.000526263
3 0.706013 0.627016 0.518189 0.494624 0.000551162
6 0.390683 0.555108 0.0129918 0.0336022 0.000567842
6 0.363029 0.127352 0.0772086 0.0625 0.00062013
6 0.354677 0.631384 0.0248701 0.0450269 0.000638223
5 0.507053 0.270497 0.081663 0.198253 0.000663884
8 0.924462 0.0735887 0.151076 0.0799731 0.000670119
6 0.72049 0.582997 0.060876 0.0947581 0.000673515
5 0.360616 0.28629 0.237936 0.247312 0.000723349
6 0.294172 0.546035 0.0263549 0.0396505 0.000724419
6 0.360431 0.556788 0.0230141 0.0383065 0.000730998
6 0.506125 0.611223 0.0478842 0.046371 0.000744693
6 0.504083 0.635081 0.047513 0.0752688 0.000755466
6 0.696548 0.590726 0.0270973 0.030914 0.000762641
6 0.274499 0.543347 0.018931 0.0329301 0.000772564
6 0.00501114 0.10047 0.0100223 0.0880376 0.000779485
6 0.481626 0.652218 0.0634744 0.101478 0.00080007
6 0.648849 0.607527 0.0282108 0.0282258 0.000805747
6 0.380104 0.596438 0.0393467 0.0356183 0.000806033
5 0.879362 0.119624 0.241277 0.178763 0.000808905
6 0.436897 0.647177 0.0319228 0.0591398 0.0008294
6 0.31199 0.553091 0.0367483 0.0362903 0.000859845
6 0.337416 0.606183 0.0282108 0.0336022 0.000885513
6 0.313289 0.604167 0.0593912 0.0685484 0.000887502
6 0.367298 0.117608 0.045657 0.047043 0.000888627
6 0.402004 0.614583 0.0282108 0.0396505 0.000893847
3 0.831849 0.582661 0.336303 0.669355 0.000996804
4 0.510765 0.694556 0.363029 0.286962 0.00102974
6 0.465479 0.649194 0.0319228 0.063172 0.00105145
5 0.521529 0.150202 0.654046 0.225134 0.00105202
6 0.364143 0.118616 0.0274684 0.0208333 0.00106764
6 0.533408 0.622312 0.0415739 0.0336022 0.00113853
6 0.404232 0.631048 0.0244989 0.0483871 0.00114685
6 0.662212 0.562836 0.0348924 0.0288978 0.00120269
2 0.497773 0.446573 0.110616 0.114919 0.00139533
3 0.306422 0.628024 0.504454 0.527554 0.00139941
6 0.44098 0.624664 0.0311804 0.0329301 0.00157203
6 0.360431 0.606855 0.0556793 0.0685484 0.00160375
6 0.296214 0.569892 0.0549369 0.0497312 0.0016236
6 0.466778 0.623656 0.0345212 0.0389785 0.00177201
6 0.642725 0.622648 0.0515961 0.046371 0.00197676
6 0.512992 0.62332 0.0430586 0.0396505 0.00198282
6 0.368597 0.602151 0.0378619 0.0349462 0.00219346
6 0.68467 0.576949 0.0337788 0.0302419 0.00222097
6 0.490535 0.626344 0.0389755 0.0430108 0.00237008
6 0.721047 0.56082 0.0256125 0.0383065 0.00253655
6 0.454343 0.632056 0.0244989 0.0383065 0.00268532
6 0.675947 0.566868 0.03415 0.0275538 0.00289078
6 0.324239 0.553763 0.0256125 0.0336022 0.00319624
6 0.504083 0.662298 0.0705271 0.0853495 0.00322097
6 0.3402 0.589046 0.0367483 0.0383065 0.00355493
6 0.375093 0.560484 0.0300668 0.0322581 0.00365897
6 0.375093 0.574597 0.0315516 0.0362903 0.0042148
6 0.283964 0.544691 0.0252413 0.0329301 0.0042978
6 0.382145 0.612567 0.0233853 0.0369624 0.00481819
6 0.35709 0.572581 0.0386043 0.0403226 0.00483762
6 0.291574 0.56082 0.0233853 0.0329301 0.00525184
6 0.529696 0.663979 0.064588 0.103495 0.00564657
6 0.670564 0.574933 0.0300668 0.031586 0.00570745
6 0.621938 0.625672 0.0248701 0.0416667 0.00575434
6 0.669822 0.601479 0.0404603 0.0430108 0.00672037
6 0.29343 0.572581 0.0374907 0.0322581 0.00876179
6 0.374165 0.617944 0.0519673 0.0342742 0.00961754
6 0.714922 0.573589 0.030438 0.0383065 0.0122753
6 0.312732 0.605511 0.0308092 0.0510753 0.0137913
6 0.703786 0.581989 0.0423163 0.0336022 0.0180981
6 0.674276 0.611223 0.0270973 0.031586 0.0186489
6 0.393838 0.618616 0.0222717 0.0356183 0.0203386
6 0.309391 0.579301 0.0352635 0.0389785 0.0513047
6 0.335932 0.576613 0.0356347 0.0443548 0.0908957
6 0.323125 0.581653 0.0345212 0.0356183 0.123512
6 0.339087 0.599126 0.0605048 0.0409946 0.142036
6 0.685412 0.608871 0.0686711 0.0376344 0.196499
6 0.333705 0.562164 0.0334076 0.0356183 0.314816
3 0.530995 0.611559 0.877134 0.704301 0.340336
6 0.305494 0.590054 0.0311804 0.0349462 0.504765
6 0.706013 0.602487 0.0378619 0.0409946 0.602582
6 0.353563 0.607863 0.0360059 0.0369624 0.644035
6 0.658686 0.617608 0.0389755 0.0443548 0.746483
4 0.511878 0.68246 0.701559 0.383737 0.827301
2 0.503712 0.43246 0.565702 0.199597 0.874096
5 0.504269 0.266801 0.57127 0.318548 0.898989
