6 0.31294 0.965077 0.103077 0.0698455 3.02221e-05
6 0.511309 0.656145 0.0355951 0.0644728 3.0246e-05
6 0.75139 0.569846 0.169448 0.151108 3.02465e-05
6 0.467927 0.896239 0.0363367 0.0570853 3.02838e-05
6 0.217649 0.527535 0.0452354 0.0503694 3.02844e-05
0 0.00278087 0.859973 0.00556174 0.136333 3.03737e-05
6 0.433074 0.00638012 0.0200222 0.0127602 3.03791e-05
6 0.525399 0.651444 0.0244716 0.0537273 3.03798e-05
6 0.709121 0.107455 0.124212 0.0886501 3.03815e-05
6 0.388209 0.00604432 0.0600667 0.0120886 3.03843e-05
5 0.923433 0.867361 0.153133 0.265279 3.04003e-05
6 0.471821 0.488247 0.0263255 0.0376091 3.04066e-05
6 0.205043 0.00302216 0.0593252 0.00604432 3.04218e-05
6 0.547831 0.00873069 0.0144605 0.0174614 3.04362e-05
6 0.949203 0.0332438 0.101594 0.0664876 3.04443e-05
6 0.429737 0.64775 0.0177976 0.0315648 3.04762e-05
6 0.364294 0.612156 0.0344828 0.0449966 3.04777e-05
6 0.883574 0.106783 0.131257 0.150437 3.04943e-05
6 0.201891 0.0819342 0.0723026 0.0967092 3.05508e-05
6 0.385799 0.534251 0.0433815 0.0423103 3.06175e-05
6 0.412866 0.643049 0.293289 0.10544 3.06256e-05
6 0.546348 0.0137676 0.0300334 0.0275353 3.06263e-05
6 0.989247 0.621558 0.0192807 0.308261 3.06281e-05
6 0.52614 0.96407 0.034112 0.0718603 3.0635e-05
6 0.418984 0.0752183 0.0148313 0.0268637 3.06609e-05
6 0.397849 0.968435 0.0259548 0.0389523 3.06689e-05
6 0.704116 0.0893217 0.0393029 0.0389523 3.07609e-05
6 0.165369 0.992612 0.0363367 0.014775 3.08417e-05
6 0.469225 0.00705171 0.0137189 0.0141034 3.09857e-05
6 0.509826 0.00671592 0.00889878 0.0134318 3.10094e-05
6 0.726548 0.0083949 0.0567297 0.0167898 3.10845e-05
6 0.984242 0.111484 0.0285502 0.173271 3.1107e-05
6 0.568965 0.488919 0.115313 0.0765615 3.11211e-05
6 0.862254 0.00201478 0.0611791 0.00402955 3.11515e-05
6 0.822766 0.927132 0.0941787 0.137676 3.11554e-05
8 0.817946 0.978173 0.0311457 0.0436535 3.11662e-05
6 0.459399 0.00638012 0.0163144 0.0127602 3.12261e-05
6 0.408602 0.00100739 0.0252132 0.00201478 3.12371e-05
6 0.347979 0.019812 0.0433815 0.0396239 3.12887e-05
6 0.346125 0.931498 0.059696 0.0819342 3.1341e-05
6 0.677976 0.985561 0.0307749 0.0288784 3.13631e-05
6 0.781609 0.50403 0.0163144 0.0221625 3.13916e-05
6 0.291064 0.593687 0.0274379 0.0335796 3.14283e-05
6 0.725806 0.642713 0.0656285 0.0631296 3.14308e-05
6 0.556174 0.00436535 0.0385614 0.00873069 3.14768e-05
6 0.458102 0.66857 0.0189099 0.0463398 3.15009e-05
6 0.379496 0.642377 0.0181683 0.0302216 3.15383e-05
7 0.409344 0.391874 0.0192807 0.132304 3.15459e-05
6 0.431405 0.0114171 0.0337412 0.0228341 3.15609e-05
6 0.601224 0.645735 0.0152021 0.0423103 3.16196e-05
6 0.920096 0.571189 0.0752688 0.0973808 3.16296e-05
6 0.239896 0.118536 0.0215054 0.0342512 3.16491e-05
6 0.333148 0.492948 0.0396737 0.0537273 3.16808e-05
7 0.537078 0.821692 0.0189099 0.0543989 3.1774e-05
6 0.468298 0.0157824 0.0333704 0.0315648 3.17754e-05
7 0.484798 0.387844 0.0137189 0.165883 3.18142e-05
6 0.629774 0.985561 0.0300334 0.0288784 3.20189e-05
6 0.00389321 0.48724 0.00778643 0.136333 3.20677e-05
2 0.279014 0.399933 0.233222 0.153794 3.21511e-05
6 0.791806 0.0137676 0.0144605 0.0275353 3.21608e-05
6 0.589915 0.0765615 0.017056 0.02955 3.225e-05
6 0.40267 0.624244 0.0296626 0.0355944 3.23112e-05
6 0.454765 0.624916 0.0174268 0.0449966 3.23124e-05
6 0.721728 0.0154466 0.0411568 0.0308932 3.23645e-05
6 0.314053 0.499664 0.0407861 0.0577569 3.23706e-05
6 0.50482 0.668234 0.0181683 0.0577569 3.23975e-05
5 0.862811 0.143049 0.165369 0.286098 3.26741e-05
6 0.640712 0.64775 0.0378198 0.0409671 3.26974e-05
6 0.594549 0.695097 0.0418984 0.0698455 3.27105e-05
6 0.458287 0.527535 0.017056 0.0302216 3.2787e-05
5 0.0487579 0.206179 0.0975158 0.189389 3.27944e-05
9 0.266222 1 0.0659993 0 3.28294e-05
6 0.365035 0.647079 0.0463478 0.0570853 3.28579e-05
8 0.831294 0.977166 0.0311457 0.0456682 3.28952e-05
6 0.745087 0.947952 0.0500556 0.100067 3.28965e-05
6 0.975528 0.442915 0.0482017 0.206179 3.30378e-05
6 0.591769 0.525856 0.0207638 0.0349228 3.30434e-05
6 0.456989 0.0117529 0.0285502 0.0235057 3.30815e-05
9 0.0906563 0.975151 0.14201 0.0496978 3.31103e-05
5 0.0910271 0.0080591 0.182054 0.0161182 3.31575e-05
6 0.870412 0.925118 0.111605 0.145735 3.32167e-05
6 0.570449 0.442915 0.0285502 0.077233 3.32526e-05
6 0.266593 0.0211551 0.0763812 0.0423103 3.32572e-05
9 0.34112 0.994627 0.0956618 0.0107455 3.32899e-05
6 0.993697 0.245803 0.0126066 0.110141 3.3343e-05
4 0.982017 0.757891 0.0359659 0.344527 3.33548e-05
6 0.0509826 0.577905 0.0582128 0.16454 3.3357e-05
6 0.498517 0.171256 0.0411568 0.155809 3.33876e-05
6 0.456248 0.0916723 0.0233593 0.032908 3.34642e-05
6 0.15647 0.0151108 0.0148313 0.0288784 3.34661e-05
6 0.212088 0.0496978 0.0867631 0.0993956 3.34741e-05
6 0.491843 0.0755541 0.0404153 0.0705171 3.35066e-05
6 0.885614 0.0154466 0.0641453 0.0308932 3.38907e-05
6 0.915091 0.0161182 0.0207638 0.0322364 3.39176e-05
6 0.271042 0.928475 0.0823137 0.137676 3.4009e-05
6 0.995551 0.0967092 0.00889878 0.0967092 3.40205e-05
6 0.0519095 0.0235057 0.103819 0.0470114 3.40353e-05
6 0.408417 0.495635 0.0404153 0.044325 3.40764e-05
6 0.507045 0.00335796 0.0159436 0.00671592 3.42182e-05
6 0.691694 0.637676 0.0174268 0.0369375 3.42388e-05
6 0.458287 0.0946944 0.0378198 0.051041 3.43392e-05
6 0.132555 0.0580927 0.0278087 0.083949 3.44156e-05
6 0.629588 0.94325 0.0252132 0.113499 3.4447e-05
6 0.347238 0.636669 0.0789766 0.0698455 3.44858e-05
5 0.855395 0.799866 0.28921 0.400269 3.45789e-05
6 0.365221 0.495299 0.0333704 0.0436535 3.45973e-05
6 0.524472 0.929483 0.0470894 0.0604433 3.46234e-05
6 0.806822 0.0177972 0.0126066 0.0288784 3.47294e-05
6 0.33871 0.519476 0.0211346 0.0275353 3.47534e-05
6 0.603263 0.522162 0.0185391 0.0342512 3.48471e-05
9 0.48832 0.983882 0.0281795 0.0322364 3.49132e-05
6 0.494438 0.669913 0.0181683 0.0517126 3.49268e-05
6 0.494253 0.00100739 0.0311457 0.00201478 3.4928e-05
5 0.920653 0.0141034 0.158695 0.0282068 3.50298e-05
9 0.989989 0.996306 0.0200222 0.00738751 3.50548e-05
6 0.79125 0.538281 0.121617 0.106783 3.50945e-05
6 0.0559881 0.080591 0.0978865 0.0913365 3.51684e-05
6 0.711531 0.0819342 0.0734149 0.065816 3.52232e-05
5 0.229514 0.109805 0.131999 0.114842 3.52786e-05
6 0.631442 0.943586 0.0237301 0.0577569 3.5283e-05
6 0.481832 0.896911 0.0226177 0.0597717 3.5285e-05
9 0.684835 1 0.0734149 0 3.53474e-05
6 0.597145 0.676293 0.0159436 0.0523841 3.53827e-05
6 0.761587 0.632304 0.0867631 0.0879785 3.5434e-05
6 0.55673 0.0211551 0.0181683 0.0342512 3.55365e-05
7 0.994438 0.0842848 0.0111235 0.16857 3.5544e-05
7 0.387653 0.405977 0.0463478 0.0960376 3.55982e-05
6 0.578977 0.977166 0.0404153 0.0389523 3.56007e-05
6 0.369485 0.0748825 0.054505 0.0691739 3.56348e-05
6 0.529848 0.00201478 0.0348535 0.00402955 3.57624e-05
6 0.243789 0.604097 0.04264 0.0557421 3.5803e-05
6 0.00852799 0.0194762 0.017056 0.0389523 3.58935e-05
9 0.426956 0.983882 0.0307749 0.0322364 3.5932e-05
6 0.0845384 0.493284 0.051168 0.10141 3.59454e-05
6 0.341491 0.614506 0.0200222 0.0335796 3.59466e-05
7 0.618094 0.410007 0.0237301 0.0879785 3.60132e-05
6 0.0359659 0.48086 0.0608083 0.126259 3.60286e-05
6 0.529292 0.0342512 0.0641453 0.0685024 3.60732e-05
6 0.155729 0.148758 0.028921 0.128274 3.61154e-05
9 0.228217 1 0.0678532 0 3.61944e-05
6 0.566926 0.93452 0.0593252 0.0530557 3.62281e-05
6 0.803856 0.0154466 0.0889878 0.0308932 3.62296e-05
6 0.677605 0.00873069 0.0189099 0.0174614 3.62718e-05
6 0.0307749 0.378106 0.0615499 0.212223 3.62936e-05
6 0.0567297 0.672263 0.080089 0.29953 3.63565e-05
5 0.79644 0.279046 0.407119 0.558093 3.63874e-05
6 0.994438 0.354265 0.0111235 0.153794 3.64141e-05
6 0.51168 0.523842 0.14238 0.0832774 3.6431e-05
6 0.391917 0.619208 0.0229885 0.0389523 3.64411e-05
6 0.306081 0.00940228 0.0241009 0.0188046 3.64461e-05
9 0.154616 1 0.0645161 0 3.64903e-05
5 0.587134 0.0292142 0.159066 0.0584285 3.64978e-05
6 0.240638 0.99362 0.0348535 0.0127602 3.65042e-05
6 0.809603 0.00335796 0.0522803 0.00671592 3.65644e-05
6 0.617538 0.00671592 0.0189099 0.0134318 3.65674e-05
6 0.500927 0.0134318 0.0904709 0.0268637 3.66756e-05
6 0.118836 0.491269 0.0611791 0.0852921 3.67687e-05
6 0.167223 0.976158 0.0400445 0.047683 3.68204e-05
6 0.261587 0.490934 0.117538 0.126259 3.68597e-05
5 0.222284 0.332438 0.444568 0.664876 3.69207e-05
6 0.733037 0.614171 0.0541342 0.0664876 3.69338e-05
6 0.217835 0.545668 0.0144605 0.032908 3.69353e-05
6 0.279014 0.553392 0.0337412 0.0255205 3.70796e-05
6 0.345384 0.013096 0.0233593 0.0261921 3.70801e-05
6 0.435298 0.626595 0.0296626 0.0564137 3.7085e-05
6 0.557842 0.00705171 0.0641453 0.0141034 3.70979e-05
6 0.569707 0.0701813 0.0456062 0.0584285 3.71899e-05
9 0.983871 1 0.0322581 0 3.71996e-05
6 0.22043 0.557757 0.0367075 0.0436535 3.74023e-05
6 0.00389321 0.104768 0.00778643 0.0899933 3.74109e-05
6 0.213756 0.0728677 0.0166852 0.032908 3.74773e-05
9 0.0698925 0.952317 0.0352243 0.095366 3.74843e-05
6 0.322024 0.00201478 0.0211346 0.00402955 3.75055e-05
6 0.269373 0.55675 0.0300334 0.0228341 3.7515e-05
6 0.500556 0.448287 0.0452354 0.0664876 3.75521e-05
6 0.346311 0.969443 0.0815721 0.0611148 3.75581e-05
6 0.117167 0.545668 0.0600667 0.0852921 3.76467e-05
2 0.475528 0.364003 0.0878754 0.1182 3.76697e-05
6 0.617909 0.51914 0.0248424 0.0376091 3.76847e-05
2 0.313311 0.824715 0.390805 0.127602 3.77009e-05
9 0.00908417 0.977502 0.0122358 0.0409671 3.77085e-05
6 0.780868 0.566152 0.0222469 0.0483546 3.7851e-05
6 0.679273 0.00201478 0.0244716 0.00402955 3.78565e-05
5 0.311643 0.874077 0.410456 0.110813 3.79017e-05
6 0.984613 0.111148 0.0211346 0.0866353 3.79647e-05
6 0.268632 0.595702 0.0478309 0.0537273 3.79729e-05
6 0.814053 0.990262 0.0315165 0.0194762 3.79794e-05
5 0.745087 0.918737 0.386726 0.0899933 3.80001e-05
6 0.285873 0.523506 0.0222469 0.0315648 3.8029e-05
6 0.618094 0.946273 0.0296626 0.0617864 3.8054e-05
7 0.495365 0.384822 0.0222469 0.14775 3.82093e-05
6 0.394327 0.663533 0.0144605 0.0376091 3.82472e-05
6 0.472377 0.459704 0.0126066 0.0463398 3.84454e-05
6 0.62792 0.590665 0.20875 0.116185 3.8551e-05
9 0.292918 0.554063 0.0689655 0.116857 3.85773e-05
6 0.988135 0.484553 0.0237301 0.204835 3.86059e-05
5 0.312755 0.210208 0.182796 0.260578 3.86116e-05
6 0.605673 0.0161182 0.0389321 0.0322364 3.86223e-05
6 0.42436 0.96004 0.0559881 0.0799194 3.86887e-05
9 0.718762 1 0.0782351 0 3.88346e-05
6 0.304598 0.0134318 0.0389321 0.0268637 3.88493e-05
6 0.141824 0.971457 0.0559881 0.0570853 3.89021e-05
6 0.292733 0.0271995 0.144976 0.0543989 3.89207e-05
6 0.233593 0.0184688 0.0867631 0.0369375 3.89374e-05
7 0.510197 0.689053 0.028921 0.115514 3.90418e-05
6 0.306081 0.610141 0.153133 0.156481 3.91905e-05
6 0.24175 0.980524 0.0378198 0.0389523 3.92029e-05
6 0.665554 0.638012 0.0177976 0.0376091 3.92634e-05
8 0.793474 0.97683 0.0415276 0.0463398 3.93461e-05
7 0.438079 0.406313 0.0337412 0.104768 3.93853e-05
6 0.951984 0.48321 0.0567297 0.106783 3.94011e-05
7 0.51205 0.385829 0.0244716 0.141706 3.94453e-05
6 0.645161 0.00973808 0.0266963 0.0194762 3.94744e-05
6 0.267149 0.575218 0.0174268 0.0235057 3.95066e-05
6 0.340749 0.503022 0.149796 0.0819342 3.95695e-05
5 0.84112 0.031229 0.129403 0.062458 3.95722e-05
5 0.807193 0.0161182 0.189099 0.0322364 3.96887e-05
6 0.434928 0.491269 0.0229885 0.0449966 3.97272e-05
6 0.51891 0.673606 0.0315165 0.0591001 3.97698e-05
6 0.53782 0.683345 0.0233593 0.0597717 3.98173e-05
9 0.0700779 0.994963 0.051168 0.0100739 3.99144e-05
6 0.993326 0.190396 0.0133482 0.118872 4.00008e-05
6 0.639785 0.968435 0.020393 0.0402955 4.00409e-05
6 0.430293 0.665212 0.0159436 0.0382807 4.01855e-05
6 0.334075 0.00167898 0.0229885 0.00335796 4.02188e-05
6 0.394698 0.0758899 0.0433815 0.0685024 4.03379e-05
6 0.265851 0.99362 0.0318873 0.0127602 4.03621e-05
5 0.29125 0.108798 0.14201 0.107455 4.03763e-05
6 0.827586 0.990262 0.0311457 0.0194762 4.05282e-05
6 0.692251 0.988583 0.0482017 0.0228341 4.05368e-05
5 0.0871339 0.247146 0.174268 0.190732 4.0737e-05
5 0.210419 0.0644728 0.210975 0.128946 4.09045e-05
9 0.191138 1 0.0671116 0 4.09336e-05
5 0.160734 0.102754 0.321468 0.205507 4.09374e-05
5 0.836856 0.149093 0.326288 0.298187 4.1021e-05
6 0.880793 0.0983882 0.0389321 0.104097 4.10904e-05
6 0.27716 0.540631 0.0307749 0.0214909 4.12953e-05
6 0.267149 0.981867 0.0337412 0.036266 4.13905e-05
6 0.64442 0.0768972 0.0504264 0.0611148 4.14672e-05
6 0.514275 0.581598 0.161661 0.123573 4.16583e-05
6 0.589173 0.078912 0.0393029 0.0530557 4.17588e-05
6 0.878754 0.0104097 0.0808306 0.0208193 4.18069e-05
6 0.446237 0.0782404 0.020393 0.0342512 4.18357e-05
5 0.194105 0.988919 0.388209 0.0221625 4.19469e-05
6 0.76307 0.591336 0.0215054 0.0315648 4.197e-05
9 0.0676678 0.98724 0.0359659 0.0255205 4.20075e-05
6 0.444197 0.645064 0.017056 0.032908 4.2108e-05
7 0.559696 0.387173 0.0619207 0.098724 4.21119e-05
6 0.822766 0.014775 0.0207638 0.02955 4.21469e-05
6 0.00741565 0.214238 0.0103819 0.0886501 4.22782e-05
6 0.995365 0.626931 0.00926956 0.144392 4.24389e-05
6 0.98591 0.936199 0.0185391 0.119543 4.25118e-05
6 0.34835 0.000335796 0.0300334 0.000671592 4.25397e-05
6 0.837968 0.018133 0.0637746 0.036266 4.2549e-05
5 0.78921 0.988583 0.42158 0.0228341 4.26297e-05
6 0.467371 0.483546 0.0107527 0.0402955 4.26932e-05
6 0.985539 0.349563 0.028921 0.265279 4.26997e-05
6 0.406563 0.663868 0.0159436 0.0369375 4.27895e-05
6 0.454579 0.64775 0.0348535 0.0490262 4.29063e-05
6 0.54264 0.514103 0.0152021 0.0369375 4.29669e-05
5 0.834631 0.920416 0.330738 0.159167 4.30122e-05
6 0.580645 0.0775688 0.017056 0.0315648 4.30306e-05
0 0.988691 0.732035 0.0226177 0.366689 4.30372e-05
7 0.469225 0.404634 0.0396737 0.104097 4.31937e-05
5 0.668521 0.0644728 0.603634 0.128946 4.32935e-05
5 0.16574 0.939221 0.331479 0.121558 4.33192e-05
6 0.544123 0.497314 0.0122358 0.0382807 4.34921e-05
5 0.391732 0.0379449 0.442343 0.0758899 4.35234e-05
4 0.27957 0.810275 0.506489 0.313633 4.35735e-05
6 0.615684 0.0110813 0.0329996 0.0221625 4.3628e-05
6 0.417872 0.0742109 0.0467186 0.0651444 4.36697e-05
6 0.871709 0.0154466 0.0177976 0.0308932 4.37344e-05
6 0.464961 0.077233 0.0452354 0.0685024 4.38e-05
6 0.679644 0.110141 0.0237301 0.0228341 4.38133e-05
6 0.266963 0.128274 0.0355951 0.0308932 4.38724e-05
6 0.642937 0.0144392 0.0415276 0.0288784 4.3876e-05
6 0.22284 0.018133 0.0177976 0.036266 4.388e-05
6 0.100853 0.465413 0.0600667 0.0926796 4.39483e-05
6 0.589729 0.618536 0.0166852 0.0349228 4.39881e-05
8 0.909344 0.993956 0.0530219 0.0120886 4.40324e-05
6 0.492399 0.70685 0.045977 0.0758899 4.40748e-05
6 0.991287 0.124244 0.0174268 0.0940228 4.41487e-05
9 0.989989 0.972129 0.0200222 0.0557421 4.42072e-05
9 0.753615 1 0.0774935 0 4.42281e-05
6 0.682796 0.114171 0.0381906 0.0402955 4.44053e-05
6 0.354283 0.00537273 0.0196515 0.0107455 4.483e-05
6 0.373563 0.570517 0.0270671 0.0369375 4.48497e-05
6 0.16333 0.0419745 0.0619207 0.0826058 4.49472e-05
6 0.252132 0.524177 0.0304042 0.0490262 4.52339e-05
6 0.389136 0.640027 0.0604375 0.0631296 4.52772e-05
6 0.411012 0.61182 0.213941 0.0967092 4.53362e-05
6 0.394512 0.0248489 0.0556174 0.0496978 4.5505e-05
6 0.768446 0.977502 0.037449 0.0449966 4.55413e-05
6 0.355951 0.983882 0.0415276 0.0322364 4.56151e-05
6 0.660178 0.00335796 0.0307749 0.00671592 4.56188e-05
6 0.567482 0.00738751 0.0166852 0.014775 4.57445e-05
6 0.452354 0.96004 0.0585836 0.0799194 4.57585e-05
6 0.461809 0.016454 0.0552466 0.032908 4.57612e-05
6 0.457175 0.0762257 0.0229885 0.0382807 4.5827e-05
6 0.988135 0.00906649 0.0237301 0.018133 4.58806e-05
7 0.527438 0.373069 0.0515387 0.077233 4.58931e-05
2 0.746756 0.419745 0.209121 0.190732 4.59215e-05
6 0.381906 0.982539 0.0437523 0.0349228 4.59372e-05
6 0.784205 0.00134318 0.0504264 0.00268637 4.60117e-05
6 0.492584 0.927132 0.0582128 0.0584285 4.61755e-05
6 0.152948 0.0218267 0.0515387 0.0436535 4.61783e-05
6 0.435298 0.0349228 0.108268 0.0698455 4.65289e-05
6 0.719503 0.923774 0.0915832 0.136333 4.65959e-05
6 0.446978 0.032908 0.0367075 0.065816 4.66304e-05
6 0.466073 0.00335796 0.0333704 0.00671592 4.66589e-05
6 0.649796 0.616857 0.0233593 0.0315648 4.66956e-05
6 0.123285 0.357958 0.109381 0.135662 4.67045e-05
6 0.98109 0.0221625 0.0378198 0.044325 4.68082e-05
6 0.375788 0.542982 0.136077 0.0920081 4.70656e-05
6 0.902855 0.263264 0.109752 0.114171 4.70672e-05
6 0.425287 0.620551 0.0259548 0.044325 4.71266e-05
9 0.406007 0.981531 0.0407861 0.0369375 4.71392e-05
6 0.371153 0.599396 0.0333704 0.0557421 4.71568e-05
6 0.330552 0.990262 0.0493141 0.0194762 4.71916e-05
6 0.907675 0.0171256 0.0200222 0.0342512 4.72634e-05
6 0.566185 0.502015 0.0192807 0.032908 4.72922e-05
6 0.376344 0.621558 0.0326288 0.0570853 4.76092e-05
6 0.435298 0.0144392 0.0244716 0.0275353 4.76231e-05
9 0.355209 0.991605 0.0437523 0.0167898 4.76324e-05
6 0.245458 0.605104 0.0177976 0.0322364 4.76775e-05
6 0.381164 0.993284 0.0348535 0.0134318 4.76944e-05
6 0.422506 0.962055 0.0463478 0.0396239 4.77071e-05
6 0.591212 0.971122 0.0300334 0.0402955 4.77442e-05
6 0.0107527 0.256884 0.0215054 0.16857 4.77617e-05
6 0.991843 0.014775 0.0163144 0.02955 4.7904e-05
9 0.198183 0.997314 0.0952911 0.00537273 4.7955e-05
6 0.253801 0.99362 0.0337412 0.0127602 4.8071e-05
6 0.250278 0.619543 0.0177976 0.0302216 4.80798e-05
6 0.489433 0.0241773 0.0496848 0.0483546 4.82061e-05
6 0.776047 0.510074 0.0140897 0.0235057 4.83249e-05
6 0.891175 0.584621 0.112347 0.206179 4.85038e-05
6 0.4099 0.599396 0.020393 0.0369375 4.8581e-05
6 0.883389 0.0940228 0.0322581 0.051041 4.8616e-05
6 0.741379 0.991269 0.0381906 0.0174614 4.86241e-05
9 0.451428 0.987911 0.0433815 0.0241773 4.87851e-05
6 0.107712 0.949295 0.0760104 0.0933512 4.88095e-05
6 0.587134 0.442915 0.020393 0.0530557 4.88589e-05
5 0.738228 0.031229 0.176492 0.062458 4.91619e-05
7 0.658139 0.4409 0.0452354 0.098724 4.92357e-05
6 0.217278 0.0114171 0.0585836 0.0228341 4.9463e-05
6 0.443826 0.0265279 0.0689655 0.0530557 4.95292e-05
6 0.764924 0.529214 0.017056 0.0241773 4.95689e-05
6 0.235818 0.53358 0.0304042 0.0261921 4.97917e-05
6 0.605858 0.00167898 0.0266963 0.00335796 4.98721e-05
6 0.419726 0.00738751 0.017056 0.014775 5.00229e-05
6 0.49518 0.962727 0.0589544 0.0543989 5.00415e-05
6 0.32462 0.0235057 0.025584 0.0470114 5.0106e-05
6 0.75139 0.900269 0.101224 0.156481 5.01106e-05
6 0.854283 0.0869711 0.0926956 0.102754 5.01627e-05
6 0.00667408 0.00671592 0.0133482 0.0134318 5.01981e-05
4 0.0109381 0.707522 0.0218762 0.411686 5.03873e-05
6 0.00648869 0.0167898 0.00778643 0.0335796 5.04441e-05
6 0.192251 0.650101 0.0152021 0.0349228 5.05152e-05
6 0.0120504 0.0580927 0.0241009 0.116185 5.0876e-05
6 0.0389321 0.596038 0.0704486 0.278711 5.10466e-05
6 0.479607 0.670584 0.020393 0.047683 5.11631e-05
6 0.681313 0.0852921 0.0263255 0.0241773 5.11831e-05
6 0.190768 0.992948 0.0344828 0.0141034 5.13819e-05
6 0.485725 0.488583 0.0266963 0.047683 5.14783e-05
9 0.807379 0.984889 0.0678532 0.0302216 5.16389e-05
6 0.446978 0.0191404 0.0211346 0.0302216 5.16604e-05
9 0.790137 1 0.0778643 0 5.18003e-05
6 0.79403 0.0235057 0.0448647 0.0470114 5.19854e-05
6 0.794772 0.99362 0.0485725 0.0127602 5.2069e-05
9 0.749537 0.979181 0.0737857 0.0416387 5.21012e-05
6 0.580274 0.667226 0.0652577 0.0718603 5.21667e-05
6 0.256952 0.536938 0.0192807 0.0261921 5.24068e-05
6 0.46663 0.931162 0.0589544 0.0611148 5.24195e-05
7 0.618465 0.39859 0.0704486 0.112156 5.26778e-05
5 0.0558027 0.0157824 0.111605 0.0315648 5.27047e-05
6 0.262885 0.573204 0.15647 0.144392 5.30637e-05
6 0.618465 0.078912 0.0430108 0.0543989 5.30638e-05
6 0.696144 0.629953 0.0611791 0.0550705 5.30989e-05
5 0.686318 0.0634654 0.21802 0.112156 5.31509e-05
6 0.936596 0.018133 0.0860215 0.036266 5.32475e-05
6 0.283278 0.594694 0.017056 0.0288784 5.35767e-05
6 0.751947 0.507723 0.0964034 0.102082 5.3692e-05
6 0.292918 0.538617 0.034112 0.0268637 5.37986e-05
6 0.985354 0.0654802 0.0292918 0.13096 5.43422e-05
9 0.589729 0.982874 0.0871339 0.0342512 5.44472e-05
6 0.655914 0.938885 0.0400445 0.0765615 5.44737e-05
6 0.527438 0.682337 0.0233593 0.0591001 5.46562e-05
3 0.860586 0.406313 0.278828 0.807253 5.46741e-05
6 0.463663 0.493284 0.0241009 0.0382807 5.47934e-05
6 0.682796 0.0893217 0.0418984 0.0376091 5.48207e-05
6 0.258065 0.574547 0.017056 0.0275353 5.48573e-05
9 0.617353 0.987576 0.028921 0.0248489 5.49873e-05
6 0.216908 0.978845 0.0430108 0.0423103 5.50239e-05
9 0.733037 0.586635 0.0504264 0.0543989 5.51325e-05
5 0.289025 0.00503694 0.119763 0.0100739 5.53352e-05
6 0.425102 0.605776 0.0174268 0.044325 5.54304e-05
6 0.608454 0.0144392 0.0637746 0.0288784 5.59146e-05
6 0.910085 0.0137676 0.0611791 0.0275353 5.60012e-05
9 0.235818 0.997985 0.0904709 0.00402955 5.62818e-05
6 0.657768 0.036266 0.0422692 0.0725319 5.63097e-05
6 0.499444 0.0406313 0.0526511 0.0718603 5.64823e-05
6 0.994624 0.440228 0.0107527 0.0933512 5.65163e-05
6 0.761958 0.555406 0.0177976 0.0255205 5.65222e-05
6 0.463107 0.566823 0.186133 0.0832774 5.66083e-05
6 0.689655 0.0973808 0.0281795 0.0228341 5.67369e-05
6 0.349648 0.608126 0.103077 0.0785762 5.69044e-05
9 0.82703 1 0.0774935 0 5.69047e-05
6 0.355024 0.608798 0.0263255 0.032908 5.69673e-05
6 0.818873 0.0235057 0.0567297 0.0470114 5.71785e-05
6 0.671858 0.0799194 0.0244716 0.0241773 5.73552e-05
6 0.434372 0.705507 0.0270671 0.0638012 5.74921e-05
6 0.31776 0.982874 0.045977 0.0342512 5.75751e-05
9 0.863737 1 0.0752688 0 5.76701e-05
7 0.64201 0.433177 0.0500556 0.110141 5.76769e-05
6 0.417872 0.0218267 0.0734149 0.0436535 5.77383e-05
6 0.44531 0.666219 0.017056 0.036266 5.7903e-05
6 0.301446 0.602754 0.0533927 0.0557421 5.79994e-05
6 0.539118 0.47448 0.011865 0.0423103 5.81866e-05
6 0.399703 0.016454 0.100853 0.032908 5.83037e-05
6 0.991101 0.00873069 0.011865 0.0174614 5.84398e-05
6 0.192065 0.977502 0.0385614 0.0449966 5.86391e-05
6 0.986466 0.269644 0.0270671 0.196776 5.88146e-05
6 0.384501 0.489926 0.0526511 0.0517126 5.88454e-05
7 0.995551 0.0543989 0.00889878 0.108798 5.91396e-05
6 0.329626 0.0255205 0.017056 0.0268637 5.93148e-05
6 0.584168 0.00738751 0.0196515 0.014775 5.93172e-05
6 0.266407 0.591672 0.0152021 0.0255205 5.95221e-05
6 0.31739 0.99362 0.0370782 0.0127602 5.9544e-05
5 0.239896 0.215245 0.220245 0.297515 5.97647e-05
6 0.32944 0.0275353 0.0307749 0.044325 5.97894e-05
5 0.829069 0.400269 0.341861 0.370719 5.97897e-05
6 0.410456 0.0100739 0.0266963 0.0201478 6.02682e-05
6 0.95254 0.527535 0.057842 0.122901 6.03642e-05
7 0.587134 0.41773 0.0181683 0.0685024 6.05328e-05
6 0.339451 0.0208193 0.129403 0.0416387 6.05964e-05
9 0.306637 0.99597 0.0926956 0.0080591 6.081e-05
6 0.79607 0.57824 0.0741565 0.0738751 6.10093e-05
6 0.684835 0.0906649 0.097145 0.0738751 6.1144e-05
5 0.740452 0.016454 0.120875 0.032908 6.12415e-05
6 0.678532 0.64137 0.017056 0.0402955 6.13221e-05
6 0.53337 0.469443 0.0152021 0.0496978 6.14907e-05
5 0.959214 0.33949 0.0815721 0.323036 6.14911e-05
5 0.146088 0.323707 0.292176 0.498321 6.1595e-05
6 0.523359 0.964406 0.0552466 0.0523841 6.16577e-05
6 0.989618 0.209537 0.0155729 0.100739 6.17772e-05
6 0.226363 0.100067 0.0634038 0.0886501 6.18071e-05
6 0.343344 0.993956 0.0333704 0.0120886 6.23595e-05
6 0.282351 0.579584 0.0278087 0.0282068 6.25808e-05
6 0.731554 0.00705171 0.0719318 0.0141034 6.26623e-05
9 0.515944 0.991941 0.223582 0.0161182 6.30431e-05
6 0.669818 0.0194762 0.0389321 0.0389523 6.31228e-05
6 0.467186 0.0389523 0.0645161 0.0711887 6.3281e-05
5 0.21561 0.0245131 0.19911 0.0490262 6.34682e-05
6 0.415462 0.643721 0.0152021 0.0288784 6.36094e-05
6 0.984798 0.936535 0.0304042 0.126931 6.40129e-05
8 0.854283 0.972465 0.0385614 0.0550705 6.40958e-05
7 0.526696 0.712559 0.0485725 0.134318 6.4349e-05
6 0.540786 0.0208193 0.0559881 0.0416387 6.44401e-05
6 0.146644 0.945601 0.0685947 0.103425 6.45902e-05
6 0.218947 0.0584285 0.0322581 0.0591001 6.46975e-05
6 0.345384 0.00671592 0.0241009 0.0134318 6.47569e-05
9 0.927512 1 0.0700779 0 6.49573e-05
8 0.993326 0.92176 0.0133482 0.156481 6.50981e-05
6 0.452725 0.692411 0.0378198 0.0846206 6.51761e-05
5 0.379867 0.0080591 0.219132 0.0161182 6.52027e-05
6 0.559881 0.0080591 0.0163144 0.0161182 6.53198e-05
5 0.739711 0.929147 0.520578 0.141706 6.53272e-05
6 0.833519 0.0429819 0.0407861 0.0698455 6.53649e-05
8 0.90749 0.970114 0.04264 0.0597717 6.53844e-05
6 0.361327 0.578912 0.0322581 0.0496978 6.54473e-05
8 0.856136 0.99362 0.0482017 0.0127602 6.55103e-05
6 0.423433 0.0177972 0.0378198 0.0355944 6.55151e-05
5 0.380793 0.985561 0.408602 0.0288784 6.56068e-05
6 0.719132 0.947616 0.0552466 0.0993956 6.56985e-05
5 0.779941 0.0869711 0.440119 0.173942 6.5918e-05
6 0.558027 0.0124244 0.028921 0.0248489 6.59764e-05
6 0.870041 0.0842848 0.0352243 0.108126 6.60605e-05
6 0.32703 0.612156 0.0192807 0.032908 6.62326e-05
6 0.253615 0.523842 0.0222469 0.0268637 6.62482e-05
6 0.269559 0.545668 0.0474601 0.0382807 6.66248e-05
6 0.588802 0.0255205 0.0719318 0.051041 6.70724e-05
6 0.343715 0.0120886 0.0385614 0.0241773 6.73595e-05
6 0.292362 0.982203 0.0381906 0.0355944 6.74265e-05
0 0.988691 0.897582 0.0129774 0.172599 6.74741e-05
6 0.0152021 0.324715 0.0304042 0.188717 6.76804e-05
6 0.44568 0.0765615 0.0519095 0.065816 6.77122e-05
6 0.99036 0.936535 0.017056 0.126931 6.78879e-05
6 0.233407 0.55675 0.0441231 0.0591001 6.79307e-05
6 0.591583 0.496306 0.0159436 0.0322364 6.79983e-05
6 0.582684 0.0120886 0.0337412 0.0241773 6.81712e-05
9 0.688543 0.98321 0.0845384 0.0335796 6.84755e-05
6 0.391175 0.606783 0.0155729 0.0396239 6.86383e-05
6 0.570078 0.0231699 0.0411568 0.0463398 6.8745e-05
6 0.42195 0.0134318 0.0229885 0.0268637 6.87841e-05
6 0.99277 0.446608 0.0144605 0.225655 6.88537e-05
6 0.705784 0.616185 0.025584 0.0423103 6.89166e-05
6 0.0380052 0.490934 0.0760104 0.318334 6.91058e-05
6 0.602521 0.616185 0.0185391 0.0302216 6.92526e-05
9 0.720245 0.980524 0.0767519 0.0389523 7.00335e-05
6 0.446607 0.619208 0.0485725 0.0617864 7.02253e-05
6 0.78198 0.563465 0.017056 0.0268637 7.03523e-05
6 0.488135 0.00369375 0.0589544 0.00738751 7.07479e-05
6 0.00685947 0.15413 0.0137189 0.144392 7.08144e-05
6 0.59937 0.572532 0.0975158 0.0503694 7.09935e-05
6 0.258991 0.115514 0.0819429 0.0859637 7.09955e-05
5 0.517798 0.0265279 0.136819 0.0530557 7.13022e-05
6 0.591769 0.564137 0.0185391 0.0335796 7.14412e-05
5 0.0665554 0.138684 0.133111 0.235729 7.15665e-05
6 0.368743 0.993956 0.0329996 0.0120886 7.1724e-05
6 0.29162 0.99362 0.0337412 0.0127602 7.19185e-05
6 0.871709 0.0799194 0.0274379 0.0537273 7.19724e-05
6 0.405636 0.544661 0.051168 0.0416387 7.20538e-05
6 0.561921 0.537609 0.037449 0.0423103 7.21497e-05
6 0.592696 0.594694 0.0174268 0.032908 7.2165e-05
6 0.181498 0.991941 0.0515387 0.0161182 7.23142e-05
6 0.76993 0.99362 0.0470894 0.0127602 7.3133e-05
7 0.653875 0.420752 0.110864 0.106783 7.3233e-05
6 0.612718 0.539288 0.102707 0.0899933 7.33157e-05
6 0.509826 0.00906649 0.0274379 0.018133 7.35726e-05
6 0.514646 0.0191404 0.0467186 0.0382807 7.36094e-05
6 0.420838 0.978845 0.0519095 0.0369375 7.37069e-05
6 0.377456 0.576226 0.134223 0.0765615 7.3726e-05
9 0.736745 0.53996 0.103819 0.104768 7.41446e-05
6 0.680942 0.946608 0.0507972 0.0879785 7.41714e-05
6 0.716537 0.990262 0.0381906 0.0194762 7.42278e-05
6 0.570078 0.0191404 0.0241009 0.0342512 7.4239e-05
9 0.475714 0.983882 0.0304042 0.0322364 7.52106e-05
6 0.58528 0.032908 0.0389321 0.065816 7.52469e-05
6 0.306452 0.923774 0.0641453 0.118872 7.53708e-05
9 0.464034 0.989926 0.162773 0.0201478 7.53819e-05
6 0.580831 0.509738 0.302929 0.155809 7.54887e-05
6 0.342047 0.585964 0.0307749 0.032908 7.5583e-05
7 0.605673 0.389523 0.0129774 0.114171 7.56779e-05
5 0.158139 0.0957018 0.0975158 0.128274 7.59164e-05
6 0.39099 0.641706 0.0381906 0.0396239 7.64664e-05
6 0.593808 0.578576 0.0152021 0.0302216 7.65717e-05
9 0.441787 0.973136 0.0322581 0.0537273 7.66351e-05
7 0.594735 0.39859 0.0519095 0.104097 7.67751e-05
6 0.411568 0.00738751 0.0155729 0.014775 7.69927e-05
6 0.691324 0.101746 0.0463478 0.0409671 7.72865e-05
9 0.44086 0.983546 0.0304042 0.032908 7.73696e-05
6 0.0989989 0.518133 0.0496848 0.0799194 7.7579e-05
6 0.34353 0.568502 0.037449 0.0369375 7.77072e-05
6 0.0063033 0.166555 0.0111235 0.153123 7.7921e-05
6 0.00482017 0.16857 0.00964034 0.0832774 7.79784e-05
9 0.908602 0.979181 0.182796 0.0416387 7.81358e-05
6 0.401928 0.600067 0.0200222 0.0342512 7.81863e-05
6 0.247683 0.534923 0.0837968 0.083949 7.83065e-05
5 0.299221 0.228341 0.531702 0.456682 7.88713e-05
6 0.568224 0.964406 0.0641453 0.0483546 7.89586e-05
5 0.286429 0.970786 0.351872 0.0584285 7.93775e-05
6 0.511123 0.493956 0.0315165 0.0449966 7.94357e-05
6 0.231368 0.00402955 0.0215054 0.0080591 7.95498e-05
6 0.14238 0.990598 0.0637746 0.0188046 7.96717e-05
4 0.507601 0.917394 0.583611 0.161182 8.02222e-05
6 0.638302 0.467428 0.0174268 0.0322364 8.02774e-05
6 0.616982 0.615178 0.0177976 0.0308932 8.08054e-05
9 0.0498702 0.970786 0.0997405 0.0584285 8.0991e-05
6 0.416945 0.664204 0.0152021 0.036266 8.11398e-05
6 0.518354 0 0.0200222 0 8.12929e-05
6 0.670189 0.0137676 0.0226177 0.0275353 8.19333e-05
6 0.596589 0.0191404 0.0348535 0.0382807 8.22132e-05
9 0.619207 0.979516 0.0355951 0.0409671 8.2305e-05
6 0.608454 0.46642 0.0615499 0.0543989 8.23134e-05
9 0.430664 0.98086 0.0322581 0.0382807 8.24246e-05
6 0.676307 0.0161182 0.120875 0.0322364 8.24663e-05
6 0.335558 0.016454 0.0615499 0.032908 8.29344e-05
6 0.642751 0.978173 0.0418984 0.0436535 8.32463e-05
6 0.220801 0.0567495 0.020393 0.0396239 8.32647e-05
6 0.535595 0.653794 0.0307749 0.0718603 8.3447e-05
6 0.65406 0.931833 0.0474601 0.136333 8.36974e-05
9 0.429181 0.991941 0.0285502 0.0161182 8.39696e-05
9 0.901743 1 0.0719318 0 8.46049e-05
5 0.250093 0.0930154 0.500185 0.186031 8.4824e-05
6 0.556359 0.643385 0.0441231 0.0496978 8.51765e-05
6 0.99036 0.45131 0.0177976 0.103425 8.57041e-05
6 0.672228 0.0799194 0.0533927 0.0604433 8.6056e-05
6 0.585836 0.0184688 0.0259548 0.032908 8.62913e-05
5 0.763997 0.850571 0.472006 0.261249 8.64024e-05
6 0.00407861 0.941907 0.00815721 0.0960376 8.65647e-05
6 0.435298 0.533244 0.0281795 0.0349228 8.67252e-05
6 0.603819 0.445601 0.12792 0.108126 8.74069e-05
6 0.43845 0.967092 0.0611791 0.0470114 8.77936e-05
0 0.00871339 0.734385 0.0152021 0.31229 8.84175e-05
6 0.252874 0.597045 0.0185391 0.0282068 8.84513e-05
5 0.34353 0.00570853 0.123471 0.0114171 8.88258e-05
6 0.243419 0.506716 0.0537634 0.0758899 8.89642e-05
6 0.672414 0.0963734 0.025584 0.0235057 8.91142e-05
6 0.667964 0.00671592 0.0396737 0.0134318 8.97523e-05
5 0.265666 0.914036 0.408973 0.102082 9.06185e-05
5 0.063033 0.981195 0.126066 0.0376091 9.15339e-05
6 0.380423 0.506044 0.0422692 0.047683 9.16023e-05
6 0.307193 0.525185 0.0322581 0.0282068 9.22183e-05
6 0.391917 0.641034 0.0163144 0.0302216 9.30063e-05
10 0.00871339 0.879449 0.0137189 0.126931 9.31051e-05
6 0.225436 0.0228341 0.0860215 0.0456682 9.32792e-05
6 0.256581 0.13499 0.0363367 0.0873069 9.37461e-05
6 0.230627 0.992277 0.0526511 0.0154466 9.37802e-05
6 0.957731 0.00537273 0.0845384 0.0107455 9.39627e-05
2 0.0997405 0.40094 0.179459 0.282068 9.41489e-05
6 0.693178 0.978173 0.04264 0.0436535 9.46597e-05
5 0.573971 0.044325 0.24175 0.0886501 9.55458e-05
5 0.563404 0.00570853 0.150908 0.0114171 9.64281e-05
6 0.838895 0.0621222 0.0611791 0.124244 9.64337e-05
6 0.223396 0.0392881 0.0478309 0.0785762 9.70736e-05
6 0.789766 0.54231 0.057842 0.0436535 9.72085e-05
6 0.596033 0.0161182 0.0218762 0.0282068 9.78619e-05
9 0.00463478 0.986904 0.00926956 0.0261921 9.80575e-05
5 0.192065 0.895232 0.384131 0.149093 9.88791e-05
6 0.226548 0.0268637 0.0296626 0.0537273 9.88916e-05
6 0.295699 0.553727 0.0344828 0.0302216 9.90306e-05
6 0.661105 0.00973808 0.0259548 0.0194762 9.91732e-05
9 0.492214 0.982203 0.0344828 0.0355944 9.9904e-05
9 0.603448 0.989255 0.0381906 0.0214909 0.000100257
6 0.643864 0.947952 0.0411568 0.0732035 0.00010051
7 0.511123 0.354265 0.0767519 0.0960376 0.000101074
6 0.256025 0.992948 0.0500556 0.0141034 0.000101232
6 0.994994 0.973472 0.0100111 0.0530557 0.000101367
8 0.960882 0.0335796 0.0685947 0.0671592 0.000101481
9 0.490916 0.991941 0.0296626 0.0161182 0.000101532
6 0.640897 0.588314 0.0404153 0.0389523 0.000101878
2 0.709307 0.380457 0.466444 0.214238 0.000101995
6 0.730627 0.992948 0.0515387 0.0141034 0.000102281
6 0.65888 0.0141034 0.0407861 0.0282068 0.000102345
0 0.994994 0.876091 0.0100111 0.172599 0.000102372
6 0.50241 0.538281 0.356693 0.152451 0.000102774
6 0.624583 0.644056 0.0352243 0.0429819 0.000103224
6 0.302929 0.503358 0.141639 0.125588 0.000103533
7 0.46663 0.702821 0.0671116 0.126931 0.000103607
7 0.601594 0.395903 0.0100111 0.0920081 0.000104137
5 0.467557 0.00503694 0.154987 0.0100739 0.000104284
6 0.354283 0.534923 0.04264 0.0396239 0.000104403
6 0.668891 0.978173 0.0430108 0.0436535 0.000104743
6 0.731554 0.501679 0.0163144 0.02955 0.000104924
6 0.0265109 0.0114171 0.0530219 0.0228341 0.000105295
3 0.141453 0.579584 0.282907 0.840833 0.000105719
6 0.629774 0.612827 0.0196515 0.032908 0.000107155
5 0.317204 0.0238415 0.22729 0.047683 0.000107401
5 0.508899 0.189725 0.303671 0.310947 0.000107429
6 0.328328 0.0141034 0.0292918 0.0282068 0.000107552
6 0.00537634 0.0413029 0.0107527 0.0826058 0.000108265
6 0.256581 0.135662 0.0415276 0.0416387 0.000108518
9 0.832221 0.986232 0.0648869 0.0275353 0.000109123
6 0.0103819 0.957018 0.011865 0.0644728 0.000109197
6 0.641453 0.989926 0.0355951 0.0201478 0.000110269
6 0.654987 0.635326 0.0463478 0.0577569 0.000111729
9 0.568965 0.985561 0.0411568 0.0288784 0.00011188
2 0.680386 0.387508 0.234334 0.161182 0.000111911
4 0.290508 0.686367 0.357063 0.286098 0.000112151
5 0.287727 0.0533915 0.214312 0.106783 0.000112484
6 0.604931 0.00671592 0.0196515 0.0134318 0.00011255
6 0.438636 0.668234 0.0608083 0.0711887 0.000112663
5 0.159251 0.962055 0.318502 0.0758899 0.000113076
6 0.556915 0.497314 0.0304042 0.0396239 0.000113173
9 0.394142 0.992277 0.0489433 0.0154466 0.000113345
9 0.975528 0.976158 0.0444939 0.047683 0.000114299
5 0.434372 0.0436535 0.214683 0.0873069 0.000114646
6 0.674268 0.103761 0.0404153 0.0409671 0.00011469
6 0.540044 0.513432 0.0329996 0.0396239 0.000114882
5 0.506118 0.287441 0.437523 0.256548 0.000115129
5 0.672785 0.0342512 0.185762 0.0685024 0.000115608
6 0.639414 0.473472 0.025584 0.0496978 0.000116068
6 0.509826 0 0.0177976 0 0.00011645
6 0.51409 0.00369375 0.0537634 0.00738751 0.000117406
6 0.602892 0.0104097 0.0311457 0.0208193 0.000117608
6 0.603448 0.626595 0.0463478 0.0456682 0.000117968
6 0.342788 0.993284 0.0493141 0.0134318 0.000118344
6 0.751761 0.51276 0.0152021 0.0248489 0.000119891
5 0.174824 0.218267 0.349648 0.436535 0.000120277
9 0.418428 0.991941 0.0456062 0.0161182 0.000121061
9 0.468113 0.980524 0.0344828 0.0389523 0.000121149
6 0.234149 0.516118 0.0352243 0.047683 0.000121163
6 0.539118 0.497985 0.0266963 0.032908 0.000121253
6 0.667594 0.989926 0.0367075 0.0201478 0.000121715
6 0.564887 0.512424 0.0396737 0.0389523 0.00012279
9 0.00815721 0.990934 0.0126066 0.018133 0.000123089
5 0.846867 0.954332 0.306266 0.0913365 0.000123238
6 0.329811 0.00973808 0.0159436 0.0194762 0.000123762
5 0.236188 0.87542 0.472377 0.249161 0.000124606
6 0.533927 0.703492 0.0229885 0.0611148 0.000124777
9 0.591769 0.986568 0.034112 0.0268637 0.000126333
6 0.378383 0.602754 0.0218762 0.0382807 0.000126917
9 0.568409 0.991605 0.034112 0.0167898 0.000127383
9 0.418799 0.981195 0.179829 0.0376091 0.000128487
6 0.675195 0.584621 0.0252132 0.0355944 0.000128704
6 0.253615 0.574882 0.0593252 0.0604433 0.000129751
5 0.368001 0.984218 0.277716 0.0315648 0.000129921
2 0.382277 0.441907 0.491657 0.239087 0.00013088
6 0.273452 0.580255 0.0389321 0.0402955 0.000131913
5 0.90063 0.244459 0.198739 0.278039 0.000132336
6 0.281053 0.992948 0.0482017 0.0141034 0.000132361
6 0.606415 0.594694 0.020393 0.0315648 0.000132799
6 0.749351 0.497649 0.011865 0.0255205 0.000133282
6 0.439006 0.53996 0.0504264 0.036266 0.000133619
9 0.519095 0.98086 0.0400445 0.0382807 0.000134061
5 0.825547 0.0580927 0.147201 0.116185 0.000134655
6 0.995551 0.952653 0.00889878 0.0879785 0.000134981
9 0.518354 0.991941 0.0333704 0.0161182 0.000135023
9 0.733964 0.581263 0.0270671 0.0342512 0.000136274
6 0.368558 0.993284 0.0482017 0.0134318 0.000136639
6 0.414349 0.644392 0.0359659 0.0342512 0.000136874
6 0.205784 0.991941 0.0526511 0.0161182 0.000137022
9 0.455135 0.980188 0.0352243 0.0396239 0.000137762
5 0.94772 0.173271 0.104561 0.318334 0.0001388
6 0.679088 0.601075 0.0841676 0.0940228 0.000139278
6 0.624027 0.0151108 0.115684 0.0302216 0.00013996
5 0.718762 0.208529 0.26066 0.270651 0.000140706
6 0.542269 0.478173 0.0411568 0.0591001 0.000142134
5 0.720059 0.0100739 0.169077 0.0201478 0.000142369
6 0.216908 0.522834 0.0126066 0.032908 0.000143672
9 0.580089 0.988247 0.0463478 0.0235057 0.000144294
6 0.219503 0.531901 0.017056 0.02955 0.000145226
9 0.55673 0.981195 0.0418984 0.0376091 0.00014555
6 0.345198 0.599396 0.0281795 0.0342512 0.000145554
6 0.373192 0.546004 0.0463478 0.0456682 0.000145679
6 0.693178 0.624916 0.0218762 0.0382807 0.000147453
6 0.606971 0.578576 0.0192807 0.0396239 0.000149146
5 0.503708 0.0258563 0.486096 0.0517126 0.000149199
7 0.484427 0.391202 0.0485725 0.0852921 0.000150329
5 0.739896 0.965077 0.36967 0.0698455 0.00015127
6 0.992214 0.156481 0.011865 0.104768 0.000153558
9 0.0452354 0.995635 0.0904709 0.00873069 0.00015608
9 0.387653 0.985561 0.0789766 0.0288784 0.000156395
0 0.993882 0.875756 0.0122358 0.248489 0.000157178
9 0.529292 0.985225 0.0359659 0.02955 0.000158222
6 0.356878 0.586971 0.0604375 0.0591001 0.000159276
6 0.00815721 0.944258 0.0133482 0.111484 0.000159402
5 0.443826 0.978173 0.345569 0.0436535 0.0001605
6 0.634779 0.519812 0.0326288 0.0564137 0.000161222
6 0.581387 0.418737 0.0452354 0.0826058 0.000161638
6 0.297182 0.509738 0.0611791 0.0550705 0.000162064
6 0.538932 0.596709 0.0337412 0.0543989 0.000162072
6 0.46422 0.966085 0.063033 0.0503694 0.000163007
5 0.556174 0.986232 0.496107 0.0275353 0.000163618
6 0.5571 0.582606 0.0404153 0.0396239 0.000166784
6 0.00611791 0.100403 0.0122358 0.122901 0.000168445
6 0.226177 0.0110813 0.0200222 0.0221625 0.000170585
6 0.989989 0.0500336 0.0111235 0.100067 0.000172126
9 0.0367075 0.984218 0.0734149 0.0315648 0.000172509
5 0.483315 0.198791 0.0671116 0.20685 0.000174064
9 0.619021 0.992948 0.0418984 0.0141034 0.000174112
9 0.594549 0.979516 0.0389321 0.0409671 0.000174941
9 0.753801 0.547347 0.0355951 0.0376091 0.00017582
9 0.638302 0.982874 0.17538 0.0342512 0.000179326
6 0.464961 0.653794 0.034112 0.0611148 0.000179958
6 0.59492 0.505373 0.0863923 0.0705171 0.000180723
6 0.466815 0.527535 0.0281795 0.0315648 0.000181032
6 0.478865 0.974815 0.059696 0.0503694 0.000181074
6 0.743048 0.491941 0.0126066 0.0261921 0.000182548
9 0.00574713 0.994291 0.0114943 0.0114171 0.000183137
6 0.00482017 0.972801 0.00964034 0.0530557 0.000188186
5 0.891917 0.984218 0.216166 0.0315648 0.000190119
9 0.460512 0.991269 0.0593252 0.0174614 0.000192497
6 0.991287 0.963734 0.0144605 0.0725319 0.000193868
9 0.706897 0.595702 0.0997405 0.131632 0.000194012
5 0.102151 0.997649 0.204301 0.00470114 0.000194051
6 0.98832 0.146743 0.0233593 0.159167 0.000194091
2 0.597887 0.405641 0.296255 0.127602 0.000196181
6 0.706155 0.992277 0.0507972 0.0154466 0.000196943
6 0.512236 0.518133 0.0389321 0.0463398 0.000197307
6 0.595847 0.464741 0.0422692 0.0859637 0.000197784
3 0.871339 0.608798 0.257323 0.760913 0.000198132
6 0.681683 0.991605 0.0493141 0.0167898 0.000198671
6 0.756581 0.552048 0.071561 0.0577569 0.000200088
6 0.343715 0.608126 0.0541342 0.0423103 0.000201152
9 0.505191 0.992948 0.0456062 0.0141034 0.000201507
6 0.409158 0.587643 0.0441231 0.0335796 0.000202238
5 0.517427 0.00201478 0.139043 0.00402955 0.000202693
4 0.828513 0.773338 0.342974 0.364674 0.000203076
6 0.753986 0.506716 0.0322581 0.0369375 0.000203151
9 0.555061 0.982203 0.051168 0.0355944 0.000204153
5 0.48109 0.0920081 0.752317 0.184016 0.000204538
6 0.624212 0.618536 0.0189099 0.0376091 0.000207617
5 0.679644 0.25957 0.474601 0.31229 0.000207686
8 0.927883 0.969778 0.0418984 0.0604433 0.000208691
6 0.377456 0.600067 0.0622914 0.0396239 0.000209293
4 0.159993 0.797515 0.319985 0.40497 0.000210638
6 0.304968 0.992612 0.0515387 0.014775 0.000213445
5 0.460141 0.0184688 0.258806 0.0369375 0.0002181
6 0.780311 0.546004 0.0241009 0.0255205 0.000218321
6 0.655543 0.991605 0.0474601 0.0167898 0.000224462
8 0.963293 0.991605 0.0734149 0.0167898 0.000225416
5 0.842788 0.891538 0.314423 0.173942 0.000226523
6 0.673341 0.617193 0.0207638 0.036266 0.000227674
9 0.0333704 0.979181 0.0526511 0.0416387 0.000228273
6 0.615128 0.497314 0.197256 0.0973808 0.000229772
6 0.535224 0.505709 0.0159436 0.036266 0.000230261
6 0.385984 0.613835 0.0407861 0.0349228 0.000232034
6 0.494994 0.982539 0.063033 0.0349228 0.000233589
6 0.607712 0.506044 0.0237301 0.0315648 0.000236539
9 0.566926 0.984889 0.186133 0.0302216 0.000237371
8 0.949759 0.990598 0.100482 0.0188046 0.000237739
9 0.541528 0.988247 0.0418984 0.0235057 0.000245138
6 0.225806 0.0141034 0.0444939 0.0282068 0.000245234
6 0.987764 0.213902 0.0244716 0.176629 0.000246122
5 0.503893 0.0695097 0.502039 0.139019 0.00024653
6 0.848165 0.0527199 0.0648869 0.077233 0.000251054
8 0.928995 0.992948 0.0522803 0.0141034 0.000252376
9 0.530219 0.981867 0.0697071 0.036266 0.000253377
2 0.677419 0.469443 0.384131 0.222968 0.000253743
6 0.763441 0.514439 0.0489433 0.0550705 0.000255643
6 0.468854 0.521491 0.0114943 0.0315648 0.000262514
8 0.0930664 0.96642 0.0741565 0.0671592 0.000264893
6 0.00741565 0.0564137 0.00815721 0.0913365 0.000268942
6 0.49036 0.652116 0.0381906 0.108798 0.000270375
6 0.433815 0.601746 0.0526511 0.0429819 0.000274477
6 0.438079 0.981531 0.0634038 0.0369375 0.00027563
7 0.528365 0.410007 0.0533927 0.0973808 0.000275691
6 0.605117 0.565816 0.0163144 0.0302216 0.000280361
6 0.584353 0.488919 0.0244716 0.0564137 0.000281156
9 0.444197 0.991941 0.0415276 0.0161182 0.000281261
5 0.811272 0.232707 0.377456 0.382136 0.000282135
6 0.858732 0.0997314 0.0370782 0.0946944 0.000285138
9 0.412495 0.982539 0.0774935 0.0349228 0.000287665
6 0.515758 0.613835 0.0363367 0.0792478 0.000287918
6 0.412866 0.574547 0.0344828 0.032908 0.000290556
9 0.96422 0.976158 0.0285502 0.0382807 0.000293992
9 0.480163 0.992277 0.0437523 0.0154466 0.000294052
4 0.507601 0.83143 0.952911 0.229684 0.000295576
6 0.860957 0.0957018 0.0326288 0.047683 0.000296005
9 0.704301 0.522834 0.0233593 0.0208193 0.000296617
6 0.570449 0.492277 0.0322581 0.0429819 0.000297946
2 0.360771 0.376427 0.37449 0.161854 0.000298844
5 0.105302 0.196776 0.210604 0.350571 0.000299183
5 0.50927 0.963398 0.84353 0.0732035 0.000301146
7 0.609195 0.413029 0.0222469 0.095366 0.00031615
6 0.246385 0.537273 0.0493141 0.0429819 0.000328155
6 0.484613 0.518133 0.0296626 0.0382807 0.000330338
9 0.726733 0.57186 0.0326288 0.0302216 0.0003328
9 0.921023 0.981867 0.0608083 0.036266 0.00033376
9 0.555061 0.993284 0.0467186 0.0134318 0.000336031
6 0.969225 0.255876 0.0615499 0.2364 0.000337351
6 0.622173 0.549026 0.0200222 0.0302216 0.00033942
6 0.99073 0.939893 0.0185391 0.0933512 0.000349652
6 0.228958 0.536266 0.0381906 0.047683 0.000350596
9 0.744902 0.560779 0.0296626 0.0322364 0.000354358
6 0.49073 0.616185 0.0344828 0.0826058 0.000357609
6 0.00685947 0.138348 0.00852799 0.0832774 0.00036421
6 0.336856 0.543989 0.0278087 0.0335796 0.000364256
6 0.372636 0.579584 0.0452354 0.036266 0.000366742
9 0.593066 0.992612 0.0433815 0.014775 0.000368982
6 0.343159 0.51276 0.0396737 0.0503694 0.000379397
6 0.538747 0.497985 0.011865 0.0369375 0.000382786
6 0.666296 0.61182 0.0207638 0.0349228 0.000383622
9 0.559325 0.984218 0.0708194 0.0315648 0.000387788
6 0.750649 0.582606 0.0196515 0.0302216 0.000395433
6 0.765295 0.510074 0.0281795 0.0261921 0.000396409
9 0.631257 0.986904 0.0671116 0.0261921 0.000397136
6 0.438265 0.649093 0.0304042 0.0449966 0.000397549
6 0.649611 0.0255205 0.0845384 0.051041 0.000400982
0 0.987764 0.850235 0.0222469 0.29953 0.000410866
6 0.532629 0.579919 0.0604375 0.0946944 0.000411846
5 0.110864 0.980188 0.221728 0.0396239 0.000413987
6 0.538932 0.565816 0.037449 0.0409671 0.000414444
9 0.294401 0.557421 0.0407861 0.0604433 0.000419703
5 0.623841 0.0177972 0.217649 0.0355944 0.000421075
9 0.961439 0.986904 0.0348535 0.0261921 0.000422656
7 0.610122 0.425453 0.0448647 0.0933512 0.000426351
6 0.663515 0.59268 0.0567297 0.0638012 0.000436682
5 0.361142 0.247817 0.375232 0.279382 0.000438617
6 0.413237 0.610813 0.0352243 0.0355944 0.000442074
6 0.680015 0.599396 0.0393029 0.0490262 0.000443304
6 0.647942 0.545332 0.0181683 0.0241773 0.000445854
6 0.56637 0.564473 0.0381906 0.0342512 0.000466655
9 0.729885 0.518805 0.0367075 0.0436535 0.000470702
6 0.297924 0.5863 0.0300334 0.0268637 0.000472704
5 0.506303 0.210208 0.0685947 0.174614 0.000474036
9 0.718391 0.518133 0.0574713 0.0651444 0.000476205
6 0.598072 0.589993 0.034112 0.0315648 0.000490059
9 0.529292 0.992948 0.0470894 0.0141034 0.000490725
9 0.730997 0.514439 0.0248424 0.0282068 0.000504263
6 0.233778 0.524177 0.0248424 0.0248489 0.000511361
6 0.00500556 0.122565 0.0100111 0.0785762 0.000512471
6 0.482759 0.68368 0.0444939 0.107455 0.000523014
6 0.470523 0.540631 0.0496848 0.0376091 0.0005374
6 0.614757 0.535259 0.0304042 0.051041 0.000542671
6 0.516129 0.569174 0.0355951 0.0436535 0.0005475
6 0.992214 0.102418 0.0133482 0.183345 0.000548266
7 0.614943 0.414036 0.0100111 0.0893217 0.000549231
6 0.588432 0.467092 0.0244716 0.062458 0.000567044
6 0.536337 0.541639 0.652206 0.325722 0.000567653
6 0.470152 0.597717 0.051168 0.0792478 0.000569296
8 0.0912125 0.991605 0.0697071 0.0167898 0.000586884
6 0.31257 0.605776 0.0326288 0.0402955 0.00059357
6 0.355951 0.592008 0.034112 0.0342512 0.000597856
6 0.00760104 0.0957018 0.00926956 0.0893217 0.000600381
9 0.706897 0.59268 0.0396737 0.0530557 0.000602493
8 0.974416 0.986232 0.045977 0.0275353 0.000613629
6 0.529663 0.57589 0.0404153 0.0530557 0.000628576
6 0.464961 0.981531 0.0652577 0.0369375 0.000639508
8 0.968854 0.993284 0.0467186 0.0134318 0.000664485
8 0.971635 0.965077 0.0567297 0.0698455 0.00066667
0 0.00389321 0.896239 0.00778643 0.141706 0.000669577
7 0.501298 0.406313 0.0711902 0.0940228 0.000681078
6 0.992028 0.103089 0.0100111 0.098724 0.000684458
6 0.657397 0.515111 0.112718 0.0685024 0.000704452
6 0.00741565 0.0980524 0.0126066 0.166555 0.000715964
6 0.477753 0.633647 0.0493141 0.102754 0.00071801
6 0.00482017 0.0765615 0.00964034 0.095366 0.000739294
6 0.46422 0.603425 0.0311457 0.0436535 0.000745159
6 0.648128 0.580927 0.0229885 0.0308932 0.000759682
6 0.62069 0.496306 0.0622914 0.0752183 0.000767484
6 0.490174 0.572868 0.0333704 0.0389523 0.00078615
6 0.593066 0.482539 0.0241009 0.062458 0.000786171
6 0.629403 0.5 0.0181683 0.047683 0.000803732
5 0.499258 0.970114 0.532073 0.0597717 0.00081883
9 0.736559 0.568167 0.0322581 0.0268637 0.00086208
6 0.43604 0.574211 0.0311457 0.0349228 0.000883812
6 0.642566 0.571189 0.0222469 0.0261921 0.000885075
9 0.685947 0.580591 0.0370782 0.0315648 0.000885324
6 0.502966 0.59268 0.0404153 0.0732035 0.000915965
6 0.602707 0.486232 0.0181683 0.065816 0.00095439
6 0.462366 0.565816 0.0326288 0.0342512 0.00095789
6 0.629218 0.590329 0.0215054 0.0335796 0.000983556
7 0.597701 0.4137 0.0163144 0.0738751 0.0011174
6 0.314423 0.541639 0.0237301 0.0261921 0.00113171
0 0.00871339 0.876763 0.0152021 0.246474 0.00115393
6 0.544123 0.53593 0.0559881 0.0470114 0.00115472
6 0.472748 0.657488 0.101594 0.112827 0.00116543
6 0.591212 0.50638 0.0433815 0.0523841 0.00117306
9 0.735261 0.540631 0.0482017 0.0470114 0.00119166
3 0.329255 0.543318 0.542825 0.543989 0.00119515
6 0.472933 0.568502 0.0478309 0.0611148 0.00123072
6 0.597701 0.56951 0.0415276 0.0456682 0.00124018
8 0.0329996 0.96407 0.0659993 0.0718603 0.00124637
3 0.124212 0.598052 0.248424 0.665547 0.00125645
4 0.48795 0.658831 0.444939 0.291471 0.00128164
6 0.773637 0.517797 0.0248424 0.0228341 0.00130562
6 0.680756 0.562122 0.0326288 0.0322364 0.00132312
8 0.0276233 0.989255 0.054505 0.0214909 0.00140012
6 0.598813 0.573204 0.0304042 0.0275353 0.00141694
6 0.648684 0.512424 0.0292918 0.0470114 0.00144482
7 0.624768 0.424782 0.011865 0.102754 0.0015733
6 0.607527 0.494291 0.0174268 0.0389523 0.00159401
6 0.680386 0.514775 0.0266963 0.0302216 0.00159803
9 0.712458 0.524849 0.0241009 0.0261921 0.00167683
6 0.502039 0.540631 0.045977 0.0537273 0.00179115
9 0.696515 0.541639 0.148684 0.0651444 0.00195543
3 0.704486 0.548355 0.471635 0.490934 0.0019618
6 0.439933 0.611484 0.0315165 0.0369375 0.00205805
9 0.734891 0.519812 0.017056 0.0188046 0.00208825
9 0.717835 0.565144 0.0763812 0.0463398 0.00210457
7 0.610493 0.45131 0.0248424 0.080591 0.00216955
6 0.635892 0.490598 0.0177976 0.047683 0.00238109
6 0.500927 0.617193 0.0741565 0.0873069 0.00247626
6 0.525955 0.666555 0.0619207 0.10544 0.00260175
6 0.641083 0.502351 0.0304042 0.0537273 0.00274937
6 0.596403 0.437542 0.0189099 0.0369375 0.00285626
6 0.667408 0.592008 0.0281795 0.0382807 0.00295384
9 0.689284 0.547683 0.0200222 0.0248489 0.00300353
6 0.665184 0.563465 0.0252132 0.0268637 0.00321927
6 0.609566 0.468099 0.0200222 0.0389523 0.00335319
6 0.755284 0.559772 0.0229885 0.0288784 0.00343427
9 0.751205 0.523506 0.0296626 0.0235057 0.00346637
6 0.674639 0.522162 0.0218762 0.0315648 0.00355134
5 0.495921 0.938214 0.790879 0.123573 0.00386127
9 0.721172 0.519476 0.0348535 0.0302216 0.00390833
6 0.758065 0.536938 0.0218762 0.0221625 0.00490559
6 0.497405 0.659167 0.0767519 0.083949 0.0049095
6 0.620875 0.57589 0.0181683 0.0275353 0.0049775
6 0.660363 0.582942 0.0274379 0.036266 0.00511926
6 0.322951 0.585628 0.0422692 0.0349228 0.00556879
6 0.308862 0.584285 0.034112 0.0389523 0.00600658
6 0.327957 0.572196 0.0463478 0.036266 0.00647686
6 0.761402 0.518805 0.0278087 0.0221625 0.00650817
7 0.624954 0.464741 0.0107527 0.0644728 0.00672712
9 0.723953 0.55675 0.0352243 0.0335796 0.0067764
6 0.322024 0.58865 0.025584 0.0248489 0.00708062
6 0.620504 0.502015 0.0329996 0.0517126 0.00745918
6 0.659807 0.518469 0.0433815 0.044325 0.0106583
9 0.754357 0.550034 0.0226177 0.0214909 0.011295
9 0.697071 0.528207 0.0200222 0.0261921 0.0125732
6 0.598813 0.450302 0.0111235 0.0423103 0.0142275
7 0.625881 0.440228 0.00815721 0.0664876 0.0157111
7 0.598999 0.426796 0.00926956 0.0705171 0.0229046
9 0.719874 0.541639 0.0329996 0.0463398 0.0229592
6 0.624768 0.48724 0.0222469 0.0463398 0.0247616
6 0.631813 0.492277 0.0274379 0.0752183 0.0278802
6 0.624954 0.460712 0.0152021 0.0282068 0.0282372
9 0.695217 0.536266 0.0422692 0.0342512 0.0586576
6 0.598072 0.461383 0.0185391 0.0671592 0.0679221
6 0.647571 0.578912 0.0589544 0.02955 0.0980977
6 0.633111 0.574211 0.0433815 0.0335796 0.134106
9 0.714312 0.563801 0.0263255 0.0342512 0.135983
9 0.700593 0.574547 0.0656285 0.0315648 0.143423
9 0.707267 0.555406 0.0404153 0.0402955 0.145366
6 0.320541 0.550705 0.037449 0.0470114 0.163209
6 0.678717 0.536602 0.0292918 0.0416387 0.165651
6 0.629774 0.482539 0.0107527 0.0584285 0.492763
6 0.667964 0.577233 0.0307749 0.0342512 0.646061
9 0.728587 0.524177 0.0244716 0.0261921 0.656319
9 0.628105 0.576226 0.017056 0.0268637 0.672911
9 0.684093 0.525185 0.028921 0.02955 0.680657
6 0.325732 0.53593 0.0411568 0.0416387 0.749696
3 0.504264 0.597045 0.991472 0.711887 0.762987
6 0.314794 0.593015 0.0326288 0.02955 0.769803
9 0.709677 0.574882 0.0259548 0.02955 0.87134
5 0.504264 0.216588 0.672599 0.356615 0.876301
2 0.504635 0.371726 0.670375 0.207522 0.900692
4 0.499629 0.667226 0.861327 0.366017 0.909539
