6 0.554566 0.574748 0.0267261 0.0397306 2.14324e-05
6 0.482554 0.974074 0.0579065 0.0518519 2.14443e-05
7 0.574796 0.441077 0.0241277 0.126599 2.14948e-05
6 0.481255 0.00673401 0.0137342 0.013468 2.15072e-05
9 0.344284 1 0.292873 0 2.15246e-05
6 0.614328 0.120875 0.0601336 0.0707071 2.15789e-05
5 0.0540089 0.0390572 0.108018 0.0781145 2.16306e-05
6 0.158129 0.954545 0.0215293 0.0572391 2.16438e-05
6 0.193393 0.974747 0.0541945 0.050505 2.16688e-05
6 0.801782 0.322222 0.0504826 0.197306 2.1803e-05
6 0.393281 0.0043771 0.0397179 0.00875421 2.18113e-05
6 0.468263 0.0710438 0.0508537 0.0680135 2.18803e-05
6 0.903304 0.928956 0.0850037 0.142088 2.18882e-05
5 0.200631 0.9367 0.228285 0.126599 2.18967e-05
5 0.0859317 0.319865 0.157016 0.305724 2.1921e-05
6 0.190238 0.562963 0.203044 0.245118 2.19509e-05
7 0.455642 0.451852 0.015219 0.0888889 2.20509e-05
6 0.989978 0.322559 0.0193022 0.223569 2.20984e-05
6 0.367298 0.116162 0.05902 0.0747475 2.20985e-05
7 0.292316 0.441077 0.0270973 0.0484848 2.21715e-05
6 0.145137 0.0639731 0.0296956 0.0296296 2.22026e-05
9 0.0879733 1 0.0549369 0 2.22445e-05
8 0.367855 0.0026936 0.047513 0.00538721 2.2308e-05
6 0.987936 0.00976431 0.0241277 0.0195286 2.23346e-05
6 0.61173 0.0383838 0.113586 0.0767677 2.23631e-05
6 0.168337 0.0703704 0.0567929 0.0962963 2.23888e-05
6 0.764291 0.026936 0.0445434 0.0538721 2.23961e-05
6 0.499629 0.619865 0.0163326 0.0397306 2.24165e-05
5 0.65683 0.149832 0.486637 0.20404 2.2447e-05
6 0.941537 0.211448 0.116927 0.138721 2.24681e-05
6 0.390869 0.687542 0.0178174 0.0417508 2.2473e-05
6 0.732554 0.650168 0.0412027 0.0478114 2.25759e-05
6 0.373422 0.532997 0.0163326 0.0464646 2.25905e-05
6 0.986823 0.413468 0.0263549 0.289562 2.26097e-05
6 0.394581 0.988216 0.0393467 0.023569 2.26348e-05
6 0.603007 0.0121212 0.0308092 0.0242424 2.26614e-05
5 0.287491 0.175758 0.574981 0.351515 2.2696e-05
9 0.151819 1 0.064588 0 2.2786e-05
6 0.215293 0.0114478 0.0482554 0.0228956 2.28232e-05
6 0.99536 0.040404 0.00927988 0.0808081 2.28725e-05
6 0.543615 0.554882 0.0256125 0.0390572 2.28813e-05
5 0.356719 0.204714 0.25464 0.230303 2.30972e-05
6 0.338901 0.561616 0.0237565 0.0525253 2.3103e-05
9 0.165924 1 0.125464 0 2.31069e-05
6 0.495917 0.983502 0.0556793 0.0329966 2.31154e-05
6 0.740349 0.711784 0.0530809 0.0646465 2.31805e-05
4 0.835189 0.784849 0.329621 0.279461 2.32197e-05
6 0.640312 0.116835 0.0601336 0.0747475 2.32258e-05
7 0.620453 0.512795 0.0144766 0.0612795 2.32359e-05
6 0.842242 0.899663 0.0742391 0.200673 2.32377e-05
6 0.507424 0.0141414 0.0356347 0.0282828 2.32437e-05
6 0.483667 0.487879 0.0326652 0.0693603 2.32486e-05
6 0.539161 0.958249 0.0412027 0.047138 2.32877e-05
6 0.739235 0.690572 0.0404603 0.050505 2.32983e-05
6 0.492576 0.19697 0.0400891 0.121886 2.33451e-05
6 0.050297 0.129966 0.0597624 0.0875421 2.34281e-05
6 0.495917 0.686195 0.030438 0.0579125 2.34466e-05
9 0.361359 0.987542 0.0530809 0.0249158 2.34866e-05
6 0.543059 0.050505 0.0824053 0.10101 2.35609e-05
6 0.882146 0.563973 0.0545657 0.111111 2.36232e-05
6 0.281366 0.13771 0.0207869 0.0262626 2.3632e-05
5 0.297142 0.952862 0.427246 0.0942761 2.36636e-05
6 0.225872 0.931987 0.0953972 0.119865 2.36681e-05
6 0.254269 0.177104 0.0675575 0.0821549 2.36707e-05
9 0.0863029 0.00774411 0.0545657 0.0154882 2.36822e-05
6 0.00909428 0.0245791 0.0181886 0.0491582 2.37078e-05
6 0.341685 0.681481 0.0575353 0.0619529 2.3745e-05
9 0.267817 0.976768 0.0976244 0.0464646 2.37702e-05
6 0.507795 0.238047 0.0207869 0.0558923 2.38197e-05
6 0.821826 0.214141 0.0148478 0.0363636 2.38668e-05
5 0.21288 0.0501684 0.16147 0.100337 2.38943e-05
6 0.528582 0.0979798 0.0430586 0.0936027 2.39261e-05
6 0.993504 0.712458 0.0129918 0.281481 2.39405e-05
6 0.165553 0.239057 0.0207869 0.0484848 2.39596e-05
5 0.828693 0.920539 0.342613 0.110438 2.39605e-05
5 0.655531 0.201684 0.225687 0.16633 2.39718e-05
7 0.631032 0.517172 0.0296956 0.0632997 2.40759e-05
7 0.296214 0.476431 0.0185598 0.0976431 2.41074e-05
9 0.122494 0.00538721 0.0512249 0.0107744 2.41103e-05
6 0.253341 0.603367 0.0426875 0.0417508 2.41597e-05
6 0.445991 0.0188552 0.0233853 0.0377104 2.42737e-05
5 0.0707127 0.010101 0.141425 0.020202 2.42779e-05
6 0.592799 0.96936 0.0386043 0.0612795 2.42888e-05
6 0.344469 0.0040404 0.0363771 0.00808081 2.43248e-05
6 0.79343 0.180808 0.0530809 0.0814815 2.44203e-05
6 0.479399 0.0107744 0.0270973 0.0215488 2.44384e-05
6 0.525612 0.927273 0.03415 0.0444444 2.45747e-05
5 0.80271 0.116162 0.173348 0.2 2.45915e-05
10 0.988307 0.849158 0.0167038 0.150842 2.46487e-05
6 0.356162 0.0121212 0.0278396 0.0242424 2.46504e-05
6 0.306422 0.169697 0.0270973 0.0309764 2.47002e-05
5 0.747216 0.0333333 0.142539 0.0666667 2.48797e-05
6 0.149777 0.907407 0.0605048 0.185185 2.49028e-05
6 0.961025 0.0040404 0.077951 0.00808081 2.49356e-05
7 0.616926 0.517172 0.0296956 0.0686869 2.50061e-05
7 0.55605 0.445118 0.0111359 0.0888889 2.50315e-05
6 0.606162 0.00740741 0.0185598 0.0148148 2.50455e-05
9 0.0825909 0.0616162 0.0256125 0.0478114 2.50895e-05
6 0.346882 0 0.0270973 0 2.50991e-05
9 0.163326 1 0.326652 0 2.51484e-05
6 0.390126 0.875084 0.047513 0.0653199 2.51814e-05
6 0.495546 0.93165 0.0638456 0.0585859 2.52008e-05
6 0.815516 0.211785 0.0126206 0.0383838 2.52199e-05
6 0.726615 0.676768 0.0397179 0.0457912 2.53016e-05
6 0.103378 0.943771 0.0694135 0.112458 2.53121e-05
7 0.505382 0.447475 0.0107647 0.0814815 2.53402e-05
9 0.216221 0.00976431 0.0746102 0.0195286 2.53594e-05
6 0.505754 0.101684 0.0486266 0.0835017 2.53982e-05
6 0.16778 0.223232 0.0378619 0.0949495 2.56523e-05
6 0.708797 0.0104377 0.0293244 0.0208754 2.57078e-05
5 0.782294 0.878451 0.435412 0.243098 2.58238e-05
6 0.509651 0.193939 0.0244989 0.13468 2.58379e-05
6 0.453601 0.577104 0.0163326 0.040404 2.58442e-05
6 0.69098 0.121212 0.0827765 0.0794613 2.58797e-05
6 0.574053 0.510438 0.0256125 0.0713805 2.6031e-05
8 0.090386 0.982828 0.0649592 0.0343434 2.61178e-05
6 0.838716 0.0138047 0.0181886 0.0276094 2.62078e-05
6 0.431329 0.010101 0.0274684 0.020202 2.62489e-05
6 0.51095 0.619192 0.0167038 0.0356902 2.62554e-05
6 0.325353 0.16734 0.0219005 0.0249158 2.62724e-05
6 0.277283 0.447811 0.0185598 0.0363636 2.62781e-05
9 0.982925 1 0.03415 0 2.64267e-05
6 0.49239 0.0013468 0.0337788 0.0026936 2.64757e-05
6 0.297699 0.160269 0.132888 0.103704 2.65389e-05
7 0.0703415 0.416162 0.0634744 0.241077 2.65902e-05
6 0.755382 0.00673401 0.0326652 0.013468 2.66167e-05
9 0.601522 1 0.0723831 0 2.66951e-05
6 0.152932 0.0333333 0.0801782 0.0666667 2.67108e-05
6 0.141982 0.991246 0.0708983 0.0175084 2.6886e-05
6 0.281737 0.141077 0.0371195 0.0424242 2.69004e-05
6 0.53118 0.97037 0.0348924 0.0592593 2.69556e-05
6 0.553452 0.540067 0.0111359 0.0363636 2.70216e-05
6 0.830178 0.993266 0.0567929 0.013468 2.70269e-05
7 0.569785 0.446801 0.0155902 0.0949495 2.70273e-05
6 0.800297 0.0959596 0.0467706 0.191919 2.70653e-05
6 0.0825909 0.96835 0.139941 0.0632997 2.70713e-05
6 0.766889 0.994613 0.064588 0.0107744 2.71586e-05
6 0.0504826 0.127609 0.0690423 0.210774 2.71965e-05
6 0.370638 0.989226 0.0300668 0.0215488 2.7242e-05
6 0.803267 0.615152 0.117298 0.187879 2.72467e-05
6 0.719748 0.932997 0.0920564 0.116498 2.73831e-05
4 0.309762 0.769024 0.306236 0.199327 2.74131e-05
6 0.530809 0.0340067 0.0527097 0.0680135 2.75837e-05
6 0.822569 0.216498 0.0393467 0.0612795 2.76877e-05
9 0.0662583 0.987879 0.0315516 0.0242424 2.77046e-05
6 0.987751 0.157239 0.017075 0.181145 2.77456e-05
6 0.741463 0.994276 0.0582777 0.0114478 2.77512e-05
6 0.523014 0.983838 0.0527097 0.0323232 2.78177e-05
6 0.51559 0.240404 0.0296956 0.0781145 2.78192e-05
9 0.376763 1 0.0638456 0 2.79946e-05
6 0.0118782 0.957239 0.017075 0.0680135 2.80465e-05
6 0.65386 0.994276 0.0560505 0.0114478 2.81957e-05
9 0.683927 0.992929 0.117669 0.0141414 2.83043e-05
6 0.0135486 0.0585859 0.0270973 0.117172 2.84134e-05
5 0.241648 0.974747 0.282851 0.050505 2.84895e-05
6 0.381218 0.517508 0.0319228 0.0518519 2.85681e-05
6 0.190609 0.190909 0.0642168 0.13266 2.85719e-05
7 0.637342 0.746801 0.017075 0.0727273 2.87258e-05
6 0.940794 0.659596 0.0575353 0.160943 2.88864e-05
6 0.581292 0.131987 0.0259837 0.0296296 2.89552e-05
5 0.483111 0.133333 0.394581 0.19798 2.89989e-05
7 0.586488 0.457239 0.0675575 0.125253 2.92177e-05
6 0.526169 0.00606061 0.0315516 0.0121212 2.93362e-05
6 0.368411 0.66633 0.0181886 0.0424242 2.9338e-05
0 0.00946548 0.825926 0.0129918 0.318519 2.93433e-05
8 0.268931 0.93771 0.53118 0.124579 2.944e-05
6 0.00872309 0.0037037 0.0129918 0.00740741 2.94806e-05
6 0.792316 0.992929 0.0634744 0.0141414 2.95114e-05
7 0.666667 0.749832 0.0378619 0.0760943 2.95977e-05
6 0.458055 0.00774411 0.0155902 0.0154882 2.97855e-05
9 0.189495 1 0.0642168 0 2.99428e-05
9 0.0705271 0.952189 0.0311804 0.0956229 2.9956e-05
6 0.994246 0.189899 0.0115071 0.119865 2.99878e-05
9 0.0551225 0.996633 0.0716407 0.00673401 3.00264e-05
6 0.17075 0.0228956 0.0541945 0.0457912 3.01242e-05
5 0.765776 0.0117845 0.115071 0.023569 3.01301e-05
6 0.456199 0.0114478 0.0274684 0.0228956 3.01441e-05
5 0.402932 0.137037 0.207498 0.146128 3.01539e-05
9 0.98905 0.969697 0.0219005 0.0606061 3.0213e-05
6 0.829807 0.216162 0.0219005 0.0444444 3.0237e-05
6 0.764848 0.0138047 0.0256125 0.0276094 3.02554e-05
6 0.826095 0.00606061 0.0293244 0.0121212 3.02641e-05
6 0.469191 0 0.0244989 0 3.02751e-05
7 0.365999 0.457239 0.0749814 0.121212 3.03181e-05
6 0.329621 0.97138 0.0296956 0.0572391 3.03722e-05
6 0.445063 0 0.0244989 0 3.03844e-05
6 0.767632 0.630303 0.0757238 0.10101 3.04578e-05
6 0.720676 0.0939394 0.049369 0.113805 3.05021e-05
5 0.768189 0.333333 0.079807 0.206061 3.05353e-05
6 0.270601 0.0020202 0.0282108 0.0040404 3.05713e-05
6 0.470861 0.00673401 0.0144766 0.013468 3.06068e-05
3 0.854491 0.508081 0.291017 0.707744 3.06233e-05
5 0.19729 0.0925926 0.132517 0.151515 3.06248e-05
6 0.505382 0.0144781 0.0916852 0.0289562 3.06862e-05
6 0.42075 0.119865 0.0434298 0.0835017 3.06923e-05
7 0.715293 0.747475 0.0274684 0.103704 3.07123e-05
5 0.815702 0.00942761 0.117669 0.0188552 3.07481e-05
6 0.755382 0.56431 0.0467706 0.0579125 3.07862e-05
5 0.744432 0.897306 0.324796 0.115152 3.08388e-05
7 0.507238 0.73266 0.0434298 0.118519 3.08713e-05
6 0.533593 0 0.0256125 0 3.08857e-05
6 0.562918 0.00740741 0.0753526 0.0148148 3.0893e-05
9 0.798255 0.990572 0.120638 0.0188552 3.09051e-05
7 0.654046 0.457576 0.0987379 0.142088 3.0918e-05
6 0.87101 0.49798 0.0545657 0.0989899 3.09276e-05
7 0.585561 0.451178 0.0196733 0.105051 3.09407e-05
6 0.107461 0.899327 0.0864885 0.171717 3.10484e-05
6 0.308649 0 0.0270973 0 3.11213e-05
5 0.730141 0.957239 0.229399 0.0855219 3.11503e-05
6 0.989607 0.287879 0.013363 0.0976431 3.12151e-05
5 0.80902 0.287542 0.38196 0.575084 3.12983e-05
6 0.166667 0.0191919 0.0185598 0.0383838 3.13191e-05
6 0.857647 0.947475 0.0538233 0.0996633 3.1373e-05
6 0.309391 0.0198653 0.0330364 0.0397306 3.14148e-05
6 0.794172 0.949832 0.05902 0.0868687 3.14592e-05
6 0.44265 0.0171717 0.0746102 0.0343434 3.1593e-05
6 0.817186 0.949832 0.05902 0.0949495 3.17329e-05
6 0.301596 0.161279 0.0642168 0.0585859 3.18123e-05
6 0.522457 0.0003367 0.0204157 0.000673401 3.18329e-05
6 0.44729 0.96734 0.0623608 0.0653199 3.19242e-05
6 0.343727 0.932997 0.0653304 0.100337 3.19631e-05
6 0.567186 0.600673 0.0200445 0.03367 3.20193e-05
6 0.523757 0.705387 0.0200445 0.0451178 3.21016e-05
3 0.89755 0.73569 0.2049 0.52862 3.2167e-05
6 0.691351 0.167003 0.0441722 0.0417508 3.21904e-05
6 0.77023 0.624242 0.0207869 0.0363636 3.21995e-05
7 0.553823 0.449158 0.0794358 0.119865 3.22191e-05
9 0.243875 0.00976431 0.0185598 0.0195286 3.22596e-05
6 0.984595 0.0649832 0.0308092 0.116498 3.22925e-05
7 0.510579 0.406397 0.0723831 0.101684 3.22941e-05
6 0.498886 0.569024 0.0296956 0.040404 3.23789e-05
6 0.710653 0.00606061 0.0144766 0.0121212 3.25239e-05
9 0.639013 1 0.0768374 0 3.25249e-05
7 0.419451 0.426263 0.0141054 0.10101 3.25435e-05
6 0.982554 0.940067 0.0348924 0.119865 3.2607e-05
6 0.478842 0.0020202 0.0334076 0.0040404 3.27097e-05
6 0.580921 0.130303 0.013363 0.016835 3.28517e-05
5 0.143281 0.0212121 0.126206 0.0424242 3.287e-05
9 0.227543 1 0.064588 0 3.29686e-05
6 0.990535 0.181481 0.0122494 0.115152 3.29824e-05
6 0.595212 0.980808 0.0508537 0.0383838 3.29863e-05
6 0.4085 0.127946 0.0263549 0.0255892 3.30906e-05
6 0.496659 0.0713805 0.0460282 0.0659933 3.31234e-05
6 0.286748 0.00505051 0.0686711 0.010101 3.35131e-05
6 0.135857 0.524242 0.0868597 0.13266 3.35288e-05
5 0.134187 0.330303 0.151076 0.208081 3.36881e-05
6 0.218263 0.991919 0.0408315 0.0161616 3.3711e-05
6 0.845026 0.0175084 0.0300668 0.0350168 3.3754e-05
5 0.219376 0.203367 0.438753 0.406734 3.37796e-05
6 0.457498 0 0.0263549 0 3.38204e-05
6 0.28582 0.206397 0.0697847 0.0626263 3.38327e-05
6 0.3634 0.698653 0.0631032 0.0868687 3.38454e-05
6 0.543059 0.563973 0.017075 0.0397306 3.38701e-05
5 0.905531 0.0643098 0.188938 0.117845 3.39724e-05
6 0.579065 0.97138 0.0371195 0.0572391 3.39812e-05
7 0.653304 0.746465 0.0215293 0.0747475 3.39902e-05
6 0.942279 0.324579 0.115442 0.207407 3.40158e-05
0 0.992205 0.825589 0.0155902 0.189899 3.4035e-05
6 0.393467 0.979125 0.0489978 0.0417508 3.40611e-05
6 0.280438 0.0185185 0.0256125 0.037037 3.407e-05
6 0.245546 0.532997 0.0441722 0.0734007 3.41058e-05
6 0.484224 0.568687 0.0345212 0.0451178 3.4199e-05
5 0.661099 0.125926 0.677803 0.251852 3.42185e-05
6 0.703044 0.989226 0.0556793 0.0215488 3.42714e-05
6 0.643838 0.989899 0.0545657 0.020202 3.43801e-05
6 0.993875 0.29899 0.0122494 0.102357 3.43937e-05
6 0.726986 0.56936 0.0278396 0.037037 3.44774e-05
6 0.00519673 0.972727 0.0103935 0.0545455 3.47195e-05
9 0.265033 1 0.064588 0 3.49297e-05
6 0.355791 0.993939 0.0330364 0.0121212 3.49764e-05
6 0.716221 0.993603 0.0575353 0.0127946 3.49876e-05
6 0.407944 0.967677 0.0556793 0.0484848 3.50049e-05
6 0.539903 0.578114 0.234224 0.138047 3.50332e-05
9 0.675019 1 0.0775798 0 3.50411e-05
6 0.258352 0.00976431 0.0601336 0.0195286 3.50836e-05
6 0.408129 0.129293 0.0426875 0.0390572 3.51008e-05
6 0.317743 0.0030303 0.0378619 0.00606061 3.52476e-05
6 0.342056 0.978451 0.0441722 0.0430976 3.52512e-05
6 0.31997 0.157912 0.0319228 0.037037 3.52519e-05
6 0.265033 0.184848 0.155902 0.134007 3.54681e-05
6 0.432257 0.979125 0.0367483 0.03367 3.54828e-05
6 0.499443 0.590909 0.0181886 0.043771 3.55815e-05
6 0.397365 0.119529 0.062732 0.0693603 3.58776e-05
6 0.508352 0.059596 0.0812918 0.101684 3.59142e-05
6 0.518003 0.0026936 0.0330364 0.00538721 3.59358e-05
6 0.315145 0.167003 0.0512249 0.106397 3.59394e-05
5 0.877877 0.16431 0.244246 0.191246 3.61328e-05
6 0.00872309 0.93266 0.0144766 0.13468 3.61602e-05
6 0.0812918 0.0919192 0.0282108 0.0397306 3.61751e-05
6 0.848924 0.0420875 0.0282108 0.0841751 3.62064e-05
6 0.00649592 0.00639731 0.0129918 0.0127946 3.62496e-05
6 0.275427 0.560606 0.0274684 0.0478114 3.62949e-05
9 0.713252 1 0.0790646 0 3.64287e-05
6 0.469005 0.0107744 0.0278396 0.0215488 3.65913e-05
6 0.331292 0.975084 0.0233853 0.03367 3.66199e-05
9 0.971418 0.948822 0.0504826 0.102357 3.66747e-05
6 0.381589 0.66936 0.0467706 0.0538721 3.67014e-05
6 0.186526 0.203704 0.0181886 0.0451178 3.67407e-05
9 0.751485 1 0.076095 0 3.70858e-05
9 0.337973 1 0.0642168 0 3.7127e-05
6 0.603935 0.978788 0.0378619 0.0383838 3.72958e-05
5 0.139198 0.29596 0.278396 0.337374 3.7413e-05
6 0.318114 0.16835 0.0237565 0.0309764 3.75981e-05
5 0.689866 0.32862 0.185969 0.230303 3.76847e-05
6 0.98608 0.340741 0.0278396 0.193939 3.7804e-05
5 0.574239 0.975758 0.256125 0.0484848 3.78365e-05
6 0.317743 0.109764 0.125464 0.0929293 3.79057e-05
6 0.558834 0.977104 0.0382331 0.0323232 3.79367e-05
9 0.243133 0.0016835 0.0252413 0.003367 3.79382e-05
6 0.665924 0.989226 0.0549369 0.0215488 3.79522e-05
6 0.242205 0.991919 0.0412027 0.0161616 3.8e-05
9 0.301967 1 0.0642168 0 3.80493e-05
6 0.00482554 0.307071 0.00965108 0.0754209 3.8096e-05
6 0.744618 0.554882 0.0631032 0.0888889 3.82616e-05
6 0.537305 0.0185185 0.0553081 0.037037 3.84223e-05
6 0.532851 0.975758 0.0308092 0.03367 3.85424e-05
5 0.732739 0.0602694 0.228656 0.120539 3.85539e-05
5 0.943578 0.475758 0.0838901 0.33468 3.86678e-05
7 0.525056 0.459259 0.0174462 0.121212 3.87568e-05
6 0.166667 0.990909 0.0556793 0.0181818 3.88433e-05
6 0.410728 0.671717 0.0211581 0.050505 3.88583e-05
6 0.536377 0.975084 0.0853749 0.0498317 3.91454e-05
6 0.127691 0.0754209 0.130661 0.102357 3.92562e-05
9 0.0308092 0.97037 0.0497402 0.0592593 3.93205e-05
7 0.545471 0.485522 0.0115071 0.0713805 3.94521e-05
6 0.402747 0.639057 0.017075 0.03367 3.95595e-05
6 0.218263 0.976431 0.0527097 0.047138 3.95652e-05
6 0.417595 0.980471 0.0430586 0.0390572 3.9652e-05
5 0.290831 0.0606061 0.214922 0.121212 3.97573e-05
6 0.162027 0.0616162 0.0270973 0.0989899 3.98123e-05
6 0.995174 0.12963 0.00965108 0.127273 4.00053e-05
6 0.616555 0.99596 0.0564217 0.00808081 4.00323e-05
6 0.988864 0.96532 0.0178174 0.0693603 4.00575e-05
6 0.571084 0.127946 0.0523385 0.0619529 4.01444e-05
6 0.381403 0.993603 0.0345212 0.0127946 4.0176e-05
6 0.256496 0.942761 0.0720119 0.0996633 4.02184e-05
8 0.920935 0.419529 0.0593912 0.253199 4.02424e-05
5 0.665553 0.967677 0.632517 0.0646465 4.03189e-05
6 0.146993 0.0454545 0.0371195 0.0599327 4.04511e-05
6 0.294172 0.992929 0.0352635 0.0141414 4.05245e-05
6 0.50464 0.0249158 0.0597624 0.0498317 4.05555e-05
6 0.0523385 0.704377 0.0920564 0.309764 4.06479e-05
6 0.559948 0.512795 0.0115071 0.0612795 4.06655e-05
6 0.359317 0.0127946 0.105419 0.0255892 4.09713e-05
6 0.29343 0.978451 0.0449146 0.0430976 4.12411e-05
6 0.990349 0.939057 0.017075 0.121886 4.13931e-05
9 0.791017 1 0.0742391 0 4.13933e-05
6 0.322197 0.0181818 0.0289532 0.0363636 4.1448e-05
5 0.501856 0.0387205 0.52487 0.0774411 4.15703e-05
6 0.168151 0.223232 0.0230141 0.0383838 4.16607e-05
6 0.691908 0.992256 0.0571641 0.0154882 4.17627e-05
6 0.309577 0.963636 0.115813 0.0727273 4.1807e-05
6 0.767261 0.0104377 0.0445434 0.0208754 4.1932e-05
6 0.00668151 0.257239 0.0111359 0.192593 4.19432e-05
6 0.24239 0.976431 0.0519673 0.047138 4.20647e-05
6 0.288233 0.188215 0.0478842 0.0424242 4.21047e-05
5 0.500371 0.966667 0.662955 0.0666667 4.22196e-05
6 0.543987 0.003367 0.0382331 0.00673401 4.22523e-05
5 0.762992 0.314478 0.194135 0.228956 4.23317e-05
8 0.00538233 0.153199 0.0107647 0.306397 4.23418e-05
6 0.380661 0.665657 0.0174462 0.0397306 4.24072e-05
7 0.695805 0.747138 0.0545657 0.0855219 4.24132e-05
9 0.240349 0.0047138 0.0308092 0.00942761 4.24276e-05
6 0.407572 0.016835 0.0282108 0.03367 4.24287e-05
6 0.446733 0.00808081 0.0137342 0.0161616 4.2609e-05
0 0.994061 0.110101 0.0118782 0.220202 4.26215e-05
0 0.995731 0.788552 0.00853749 0.177778 4.27741e-05
5 0.374907 0.0242424 0.177431 0.0484848 4.28364e-05
6 0.272457 0.624916 0.0415739 0.0444444 4.28666e-05
6 0.217335 0.0296296 0.0738679 0.0592593 4.29296e-05
6 0.59614 0.695286 0.0363771 0.0478114 4.29349e-05
9 0.758723 0.99596 0.103935 0.00808081 4.30667e-05
5 0.647364 0.0276094 0.179659 0.0552189 4.30845e-05
6 0.180772 0.16633 0.0244989 0.243771 4.31794e-05
5 0.404046 0.326263 0.404232 0.212121 4.31946e-05
5 0.144766 0.978788 0.289532 0.0424242 4.32867e-05
8 0.893838 0.986869 0.0979955 0.0262626 4.35918e-05
5 0.48905 0.219192 0.237194 0.248485 4.36532e-05
0 0.988679 0.734343 0.0226429 0.341414 4.37179e-05
7 0.919079 0.416162 0.0430586 0.114478 4.38993e-05
5 0.769673 0.982828 0.398293 0.0343434 4.39045e-05
5 0.723645 0.185522 0.19265 0.173064 4.39737e-05
6 0.03415 0.147475 0.0415739 0.0727273 4.40996e-05
6 0.331849 0.0030303 0.0334076 0.00606061 4.4554e-05
6 0.766147 0.580808 0.0519673 0.0639731 4.47546e-05
5 0.620638 0.0043771 0.117298 0.00875421 4.47957e-05
6 0.764848 0.00505051 0.0300668 0.010101 4.49384e-05
6 0.296956 0.00639731 0.0193022 0.0127946 4.50785e-05
6 0.450445 0.689226 0.045657 0.0828283 4.51188e-05
6 0.521715 0.564646 0.0167038 0.0397306 4.51215e-05
6 0.334261 0 0.0226429 0 4.51475e-05
6 0.612843 0.526263 0.147736 0.124579 4.51601e-05
6 0.318114 0.978114 0.0512249 0.043771 4.52784e-05
5 0.236451 0.149832 0.141797 0.135354 4.55861e-05
6 0.692279 0.149158 0.03415 0.023569 4.59508e-05
6 0.151819 0.0279461 0.030438 0.0558923 4.6209e-05
6 0.630104 0.543771 0.0159614 0.0356902 4.62493e-05
5 0.738307 0.107071 0.180401 0.152189 4.62611e-05
6 0.0701559 0.417845 0.0408315 0.119192 4.63729e-05
8 0.93337 0.961953 0.104306 0.0760943 4.65597e-05
6 0.989978 0.0306397 0.0200445 0.0612795 4.68321e-05
6 0.417595 0.992929 0.0348924 0.0141414 4.69613e-05
6 0.646622 0.975084 0.108389 0.0498317 4.70578e-05
4 0.765219 0.718182 0.469562 0.432997 4.71193e-05
6 0.49536 0.70202 0.0226429 0.0451178 4.71652e-05
5 0.895137 0.117845 0.200074 0.162963 4.72567e-05
6 0.00445434 0.260606 0.00890869 0.0888889 4.72774e-05
5 0.396622 0.0542088 0.26392 0.108418 4.74844e-05
6 0.240535 0.668013 0.106904 0.158923 4.75324e-05
7 0.544358 0.463636 0.0159614 0.125926 4.76158e-05
5 0.615256 0.0488215 0.256496 0.0976431 4.77089e-05
6 0.419079 0.975421 0.0267261 0.0329966 4.79827e-05
7 0.306978 0.559259 0.0282108 0.0558923 4.80506e-05
6 0.378248 0.937037 0.0586489 0.0801347 4.80518e-05
6 0.349852 0.585185 0.018931 0.0363636 4.80985e-05
7 0.305865 0.458586 0.0772086 0.129293 4.81133e-05
6 0.223088 0.03367 0.0334076 0.0673401 4.81949e-05
6 0.0126206 0.145455 0.0252413 0.162963 4.83924e-05
2 0.545471 0.987879 0.894209 0.0242424 4.84273e-05
6 0.986451 0.936364 0.0174462 0.116498 4.8466e-05
6 0.98441 0.27037 0.0311804 0.163636 4.84835e-05
6 0.506125 0.000673401 0.0226429 0.0013468 4.86414e-05
6 0.267075 0.023569 0.0345212 0.047138 4.87003e-05
6 0.36637 0.556229 0.0452858 0.0363636 4.87283e-05
6 0.42539 0.978451 0.0824053 0.0430976 4.88294e-05
9 0.482554 0.989562 0.0378619 0.0208754 4.88855e-05
6 0.268003 0.978788 0.047513 0.0424242 4.89908e-05
7 0.289347 0.459259 0.0181886 0.0511785 4.89997e-05
9 0.418894 0.986869 0.032294 0.0262626 4.90361e-05
6 0.438196 0.96734 0.05902 0.0491582 4.90383e-05
6 0.26856 0.993603 0.0367483 0.0127946 4.93961e-05
9 0.613215 0.996296 0.106904 0.00740741 4.95012e-05
7 0.521715 0.489226 0.0137342 0.0666667 4.95274e-05
6 0.507238 0.994276 0.0382331 0.0114478 4.9711e-05
6 0.313103 0.052862 0.0412027 0.0276094 4.99854e-05
6 0.421307 0.119865 0.0319228 0.0323232 5.01903e-05
6 0.147921 0.938384 0.0671863 0.101684 5.04549e-05
6 0.510208 0.00707071 0.0345212 0.0141414 5.04806e-05
6 0.662398 0.151178 0.0278396 0.0585859 5.05368e-05
6 0.31997 0.989226 0.0497402 0.0215488 5.06023e-05
6 0.389941 0.69798 0.0441722 0.0639731 5.09161e-05
9 0.860987 1 0.0753526 0 5.0919e-05
6 0.595954 0.986532 0.0389755 0.026936 5.09334e-05
6 0.25297 0.628283 0.0471418 0.0430976 5.09381e-05
6 0.511693 0.713468 0.0337788 0.0599327 5.12498e-05
4 0.482739 0.907407 0.582405 0.154209 5.12501e-05
4 0.209354 0.791919 0.418708 0.416162 5.13187e-05
6 0.580921 0.975421 0.0311804 0.030303 5.14635e-05
6 0.671492 0.157576 0.0831477 0.0902357 5.14716e-05
6 0.559577 0.560943 0.0167038 0.0390572 5.19079e-05
6 0.98144 0.00808081 0.0371195 0.0161616 5.21086e-05
9 0.573125 0.99697 0.107647 0.00606061 5.23434e-05
6 0.704157 0.880471 0.0868597 0.121886 5.23605e-05
6 0.914254 0.293939 0.13363 0.129966 5.23762e-05
5 0.174833 0.367003 0.349666 0.734007 5.2414e-05
6 0.560876 0.545455 0.0148478 0.0417508 5.25313e-05
5 0.516333 0.997643 0.358575 0.0047138 5.2599e-05
6 0.384558 0.0195286 0.0311804 0.0390572 5.26485e-05
6 0.717892 0.0962963 0.0527097 0.040404 5.30262e-05
6 0.389755 0.665993 0.0178174 0.0377104 5.30498e-05
9 0.82758 1 0.0731255 0 5.32424e-05
6 0.354677 0.645118 0.0308092 0.0646465 5.33854e-05
8 0.0261693 0.943434 0.0523385 0.0983165 5.34352e-05
7 0.686526 0.494949 0.0330364 0.0579125 5.35398e-05
6 0.469376 0.982828 0.0567929 0.0343434 5.36391e-05
6 0.159614 0.047138 0.0222717 0.0457912 5.41655e-05
6 0.340015 0.00538721 0.0727543 0.0107744 5.47009e-05
5 0.485895 0.262626 0.0482554 0.137374 5.49259e-05
6 0.991091 0.0242424 0.0103935 0.0484848 5.50144e-05
6 0.501114 0.488552 0.0126206 0.0626263 5.50995e-05
6 0.243504 0.615152 0.0638456 0.0882155 5.52632e-05
6 0.206013 0.991919 0.0586489 0.0161616 5.55518e-05
9 0.927431 1 0.0679287 0 5.55576e-05
6 0.404788 0.966667 0.0671863 0.0666667 5.56072e-05
6 0.507424 0.983838 0.0497402 0.0323232 5.57613e-05
6 0.441166 0.572727 0.0167038 0.0383838 5.5911e-05
6 0.609503 0.655219 0.017075 0.0350168 5.59416e-05
6 0.991277 0.241077 0.0159614 0.196633 5.66157e-05
6 0.850223 0.0212121 0.0553081 0.0424242 5.67175e-05
6 0.994803 0.974074 0.0103935 0.0518519 5.67852e-05
6 0.443393 0.003367 0.0864885 0.00673401 5.70664e-05
7 0.450445 0.46431 0.0167038 0.109764 5.71876e-05
6 0.292316 0.420875 0.0419451 0.0390572 5.72902e-05
6 0.0100223 0.0468013 0.0103935 0.0936027 5.74824e-05
3 0.141797 0.613805 0.283593 0.772391 5.7666e-05
6 0.589272 0.540067 0.0181886 0.0417508 5.78273e-05
6 0.46752 0.563636 0.0308092 0.0390572 5.78577e-05
6 0.461767 0.529966 0.150705 0.0646465 5.79069e-05
6 0.0263549 0.0111111 0.0527097 0.0222222 5.79424e-05
6 0.507795 0.257912 0.0334076 0.13468 5.85207e-05
6 0.511321 0.589899 0.0159614 0.0377104 5.87791e-05
6 0.985895 0.197306 0.0282108 0.157576 5.91915e-05
6 0.853378 0.0154882 0.0230141 0.0309764 5.9279e-05
5 0.283593 0.020202 0.178174 0.040404 5.97621e-05
6 0.243133 0.573064 0.0452858 0.0552189 5.9916e-05
7 0.726058 0.504377 0.0638456 0.115825 6.03979e-05
6 0.340386 0.989899 0.043801 0.020202 6.05326e-05
2 0.687454 0.456566 0.1366 0.184512 6.0728e-05
6 0.659614 0.16431 0.017075 0.026936 6.09456e-05
6 0.761878 0.617845 0.0523385 0.0545455 6.15929e-05
7 0.466221 0.46229 0.017075 0.109764 6.18023e-05
9 0.97346 0.983838 0.0441722 0.0323232 6.19918e-05
6 0.322569 0.0659933 0.0927988 0.0808081 6.21474e-05
5 0.217706 0.0222222 0.13029 0.0444444 6.23075e-05
6 0.412769 0.0144781 0.0764662 0.0289562 6.27155e-05
6 0.669636 0.135354 0.0579065 0.0673401 6.32135e-05
6 0.417595 0.00875421 0.0274684 0.0175084 6.39695e-05
6 0.505382 0.498316 0.00927988 0.0457912 6.41737e-05
6 0.719376 0.0956229 0.109874 0.0794613 6.41842e-05
6 0.359503 0.0188552 0.0345212 0.0377104 6.43926e-05
6 0.36804 0.638384 0.0196733 0.0417508 6.46948e-05
9 0.385857 0.987542 0.0723831 0.0249158 6.49975e-05
6 0.510393 0.0037037 0.0653304 0.00740741 6.50347e-05
6 0.580921 0.729293 0.0519673 0.0902357 6.50348e-05
6 0.481626 0.548485 0.0181886 0.0397306 6.51938e-05
5 0.304195 0.150168 0.548255 0.191246 6.52475e-05
6 0.309206 0.00572391 0.0230141 0.0114478 6.54185e-05
6 0.782108 0.624579 0.0222717 0.0424242 6.54589e-05
7 0.610616 0.487205 0.030438 0.0882155 6.58747e-05
5 0.80902 0.0292929 0.159985 0.0585859 6.61022e-05
5 0.144209 0.953872 0.288419 0.0922559 6.63566e-05
5 0.309391 0.326263 0.188196 0.255219 6.65101e-05
5 0.277283 0.186532 0.2049 0.250505 6.65832e-05
6 0.449517 0.984175 0.0601336 0.0316498 6.66264e-05
6 0.692094 0.151852 0.0501114 0.0356902 6.69229e-05
9 0.969376 0.990572 0.0612472 0.0188552 6.72659e-05
6 0.287305 0.648822 0.0334076 0.043771 6.74129e-05
5 0.731811 0.020202 0.193393 0.040404 6.74389e-05
6 0.177431 0.210438 0.0296956 0.100337 6.74903e-05
6 0.990163 0.107071 0.0159614 0.214141 6.75429e-05
6 0.31199 0.0602694 0.0567929 0.0464646 6.76308e-05
6 0.760579 0.615152 0.138827 0.143434 6.78479e-05
6 0.724388 0.693939 0.0426875 0.0545455 6.78647e-05
6 0.533593 0.692593 0.0374907 0.0720539 6.80477e-05
6 0.00686711 0.276431 0.0100223 0.0909091 6.81184e-05
6 0.314588 0.174747 0.0478842 0.0478114 6.82842e-05
6 0.812546 0.317172 0.0467706 0.121212 6.8469e-05
6 0.311062 0.0040404 0.0653304 0.00808081 6.87697e-05
5 0.515405 0.0343434 0.177803 0.0686869 6.91409e-05
6 0.492762 0.710774 0.0397179 0.0585859 6.91643e-05
6 0.609874 0.977441 0.095026 0.0451178 6.92167e-05
6 0.00835189 0.136364 0.0100223 0.113805 6.92292e-05
6 0.542687 0.980471 0.0386043 0.0350168 6.95694e-05
6 0.605976 0.66532 0.018931 0.0390572 6.96396e-05
6 0.314031 0.0215488 0.0668151 0.0430976 6.96904e-05
6 0.536563 0.0040404 0.0649592 0.00808081 6.98906e-05
5 0.920935 0.0225589 0.158129 0.0451178 7.12695e-05
7 0.613029 0.488552 0.0129918 0.0828283 7.23854e-05
6 0.451002 0.555556 0.0244989 0.0525253 7.24562e-05
6 0.51095 0.565993 0.0174462 0.0397306 7.26091e-05
6 0.162027 0.944108 0.0434298 0.0740741 7.27216e-05
5 0.542873 0.0151515 0.207498 0.030303 7.27445e-05
6 0.397921 0.0191919 0.0282108 0.0383838 7.30728e-05
6 0.571641 0.978114 0.0965108 0.043771 7.32776e-05
5 0.708055 0.967003 0.344098 0.0659933 7.38655e-05
9 0.438567 0.986869 0.272829 0.0262626 7.41205e-05
7 0.642539 0.747138 0.0215293 0.100337 7.4306e-05
7 0.685598 0.463636 0.0690423 0.124579 7.45632e-05
6 0.595954 0.641077 0.163697 0.102357 7.46936e-05
9 0.898849 1 0.0731255 0 7.48234e-05
9 0.544358 0.982155 0.0545657 0.0356902 7.50798e-05
6 0.992205 0.0114478 0.0155902 0.0228956 7.55205e-05
6 0.181514 0.16835 0.0193022 0.10101 7.57392e-05
6 0.162398 0.0653199 0.0293244 0.040404 7.59402e-05
6 0.226244 0.0188552 0.0367483 0.0377104 7.62956e-05
6 0.260022 0.0141414 0.0367483 0.0282828 7.65936e-05
6 0.29807 0.926599 0.0957684 0.136027 7.71086e-05
9 0.467706 0.989226 0.0541945 0.0215488 7.73474e-05
7 0.646622 0.502694 0.0452858 0.108418 7.76192e-05
6 0.434298 0.649158 0.0742391 0.0727273 7.81389e-05
6 0.578508 0.623232 0.018931 0.0397306 7.84774e-05
5 0.317558 0.983165 0.240163 0.03367 7.87855e-05
6 0.412584 0.694613 0.0434298 0.0558923 7.91032e-05
6 0.26095 0.0158249 0.0616184 0.0316498 7.95269e-05
6 0.483296 0.0030303 0.0660728 0.00606061 8.01482e-05
6 0.99369 0.245791 0.0126206 0.0902357 8.03475e-05
6 0.93634 0.648822 0.0916852 0.315825 8.04875e-05
6 0.500928 0.540741 0.0196733 0.0390572 8.0525e-05
5 0.666667 0.00606061 0.134373 0.0121212 8.07666e-05
6 0.849109 0.0252525 0.018931 0.0464646 8.17787e-05
6 0.405531 0.00841751 0.028582 0.016835 8.19143e-05
6 0.66147 0.148822 0.0193022 0.0242424 8.27738e-05
6 0.367855 0.993266 0.047513 0.013468 8.28303e-05
6 0.328693 0.667003 0.0441722 0.0599327 8.28573e-05
7 0.485338 0.727609 0.0471418 0.0989899 8.3619e-05
6 0.370267 0.0037037 0.0241277 0.00740741 8.36244e-05
6 0.603007 0.989226 0.0449146 0.0215488 8.36771e-05
9 0.384558 0.998317 0.0890869 0.003367 8.43854e-05
7 0.597624 0.472054 0.0252413 0.0983165 8.49165e-05
6 0.280995 0.00673401 0.017075 0.013468 8.50376e-05
6 0.631774 0.56229 0.0222717 0.0350168 8.51581e-05
5 0.665924 0.143434 0.192279 0.129293 8.52314e-05
6 0.384929 0.0040404 0.0185598 0.00808081 8.53162e-05
6 0.322197 0.00606061 0.0200445 0.0121212 8.5712e-05
6 0.271158 0.183165 0.0679287 0.0565657 8.57756e-05
7 0.360059 0.484848 0.15219 0.113131 8.60442e-05
9 0.491834 0.990909 0.0460282 0.0181818 8.61493e-05
5 0.268189 0.906397 0.402747 0.187205 8.67021e-05
6 0.592428 0.99495 0.0541945 0.010101 8.67514e-05
2 0.479584 0.42862 0.0972532 0.135354 8.71434e-05
6 0.430215 0.569697 0.0207869 0.0363636 8.75321e-05
6 0.679844 0.159259 0.0293244 0.0289562 8.83739e-05
9 0.467335 0.010101 0.101707 0.020202 8.86886e-05
6 0.360616 0.63771 0.0575353 0.0673401 8.87186e-05
6 0.345212 0.0191919 0.0274684 0.0383838 8.90505e-05
7 0.626021 0.726599 0.0248701 0.0659933 8.92411e-05
6 0.35412 0.621212 0.0319228 0.0410774 8.92784e-05
6 0.382145 0.00808081 0.0315516 0.0161616 8.96489e-05
4 0.757238 0.849158 0.485523 0.301684 8.97172e-05
9 0.122123 0.997643 0.0927988 0.0047138 8.98109e-05
7 0.621938 0.699663 0.0241277 0.0632997 9.06406e-05
6 0.83853 0.93064 0.0838901 0.115825 9.06627e-05
6 0.984224 0.407407 0.0315516 0.184512 9.09423e-05
6 0.990349 0.237374 0.013363 0.0909091 9.15031e-05
9 0.23144 0.020202 0.0337788 0.040404 9.1654e-05
6 0.437454 0.517172 0.015219 0.0484848 9.17511e-05
6 0.430586 0.992929 0.0534521 0.0141414 9.23493e-05
6 0.366926 0.00841751 0.0352635 0.016835 9.25059e-05
6 0.368411 0.619529 0.0196733 0.03367 9.32696e-05
4 0.719933 0.76431 0.265405 0.230303 9.36054e-05
6 0.255011 0.992256 0.0556793 0.0154882 9.3777e-05
6 0.318857 0.0286195 0.110616 0.0572391 9.45177e-05
6 0.487008 0.618519 0.253898 0.148822 9.47433e-05
6 0.619525 0.535354 0.0482554 0.0525253 9.50641e-05
6 0.521158 0.540404 0.0178174 0.0397306 9.5243e-05
6 0.371938 0.53064 0.0467706 0.0754209 9.53205e-05
7 0.713623 0.504377 0.0233853 0.0808081 9.54963e-05
0 0.995546 0.868687 0.00890869 0.171044 9.59478e-05
6 0.405345 0.992256 0.0534521 0.0154882 9.62325e-05
6 0.730883 0.615488 0.0326652 0.0498317 9.76494e-05
6 0.99072 0.0545455 0.0118782 0.0915825 9.77443e-05
6 0.992019 0.00808081 0.0122494 0.0161616 9.87482e-05
6 0.182442 0.944444 0.062732 0.100337 9.89085e-05
6 0.230512 0.991919 0.0571641 0.0161616 9.94081e-05
5 0.291945 0.915488 0.358946 0.101684 9.96616e-05
7 0.560505 0.4633 0.0148478 0.107744 9.99106e-05
6 0.680401 0.152525 0.0482554 0.0599327 0.000100517
6 0.162769 0.0616162 0.0159614 0.0249158 0.000100566
6 0.32925 0.991919 0.0504826 0.0161616 0.000101525
8 0.105419 0.954882 0.0957684 0.0902357 0.000101829
6 0.358389 0.641751 0.198589 0.167003 0.000102913
7 0.483296 0.462626 0.0207869 0.121212 0.000105485
6 0.351336 0.976094 0.0842613 0.0478114 0.000105513
4 0.512992 0.819192 0.888641 0.279461 0.000106125
4 0.360245 0.696633 0.33222 0.232323 0.000106332
7 0.507609 0.460269 0.018931 0.125926 0.000106612
2 0.88029 0.49798 0.148107 0.422222 0.000107049
7 0.280067 0.463973 0.0204157 0.0430976 0.000107294
6 0.994061 0.948485 0.0118782 0.10303 0.000108615
6 0.990163 0.0454545 0.0196733 0.0882155 0.000110278
6 0.340572 0.645791 0.0352635 0.0606061 0.000110601
6 0.279696 0.992929 0.0523385 0.0141414 0.000110763
6 0.407016 0.983838 0.062732 0.0323232 0.000111057
6 0.531737 0.530976 0.0300668 0.050505 0.000111096
2 0.335375 0.469697 0.206756 0.212121 0.000113125
7 0.274128 0.714478 0.109503 0.141414 0.000113301
5 0.819042 0.959596 0.361915 0.0808081 0.00011348
6 0.988679 0.105051 0.0122494 0.13468 0.000113852
6 0.338716 0.644444 0.10876 0.0713805 0.000114077
6 0.305308 0.992593 0.0530809 0.0148148 0.000115161
6 0.00705271 0.22862 0.00965108 0.0936027 0.000115485
6 0.255011 0.904714 0.112843 0.144781 0.000116155
5 0.780995 0.924242 0.43801 0.151515 0.000116545
6 0.335375 0.0188552 0.0226429 0.0377104 0.000117278
6 0.766704 0.62963 0.274313 0.29899 0.000117914
5 0.369339 0.003367 0.122494 0.00673401 0.000117977
6 0.359688 0.0040404 0.0237565 0.00808081 0.000118367
6 0.177803 0.210438 0.0178174 0.0451178 0.000118707
6 0.60245 0.67037 0.0489978 0.0572391 0.00011944
5 0.545286 1 0.379362 0 0.000119581
3 0.437825 0.531313 0.604677 0.417508 0.000121149
6 0.579065 0.627609 0.452116 0.281481 0.000121333
5 0.508723 0.0676768 0.320341 0.135354 0.000121743
5 0.266333 0.106061 0.532665 0.212121 0.000122356
7 0.559577 0.488215 0.00927988 0.0713805 0.000123559
6 0.268374 0.00909091 0.0267261 0.0181818 0.000123615
6 0.00463994 0.214478 0.00927988 0.0828283 0.000123929
6 0.985152 0.126936 0.0296956 0.113805 0.000124726
6 0.228285 0.0154882 0.0193022 0.0309764 0.000125462
9 0.15683 0.998653 0.0768374 0.0026936 0.000126057
5 0.431329 0.013468 0.21752 0.026936 0.00012698
6 0.580364 0.543771 0.0129918 0.037037 0.000127503
7 0.50631 0.452525 0.0400891 0.0929293 0.000128046
6 0.990163 0.93569 0.0196733 0.0989899 0.000130024
6 0.489792 0.513468 0.349295 0.109764 0.000130464
5 0.770416 0.172391 0.459169 0.3367 0.000130666
6 0.238679 0.599327 0.138827 0.210101 0.000132206
7 0.473088 0.463973 0.0523385 0.111785 0.000133243
9 0.480141 0.99495 0.0560505 0.010101 0.00013363
9 0.961581 0.964646 0.0649592 0.0707071 0.000134534
6 0.300297 0.183838 0.0727543 0.0659933 0.000135002
6 0.340015 0.616835 0.129918 0.0767677 0.000135022
5 0.537862 0.963973 0.553823 0.0720539 0.000135155
6 0.467335 0.518182 0.017075 0.0410774 0.000135845
6 0.398478 0.00505051 0.0174462 0.010101 0.000135919
5 0.622123 0.0138047 0.22346 0.0276094 0.000136008
9 0.568857 0.976431 0.0463994 0.047138 0.000136155
6 0.481626 0.518182 0.0211581 0.043771 0.000136691
6 0.617854 0.551515 0.0204157 0.040404 0.000136895
6 0.179287 0.913805 0.047513 0.172391 0.00013706
6 0.994246 0.083165 0.0115071 0.108418 0.000137315
9 0.309391 1 0.0775798 0 0.000137934
9 0.345954 0.998653 0.0809206 0.0026936 0.000139038
5 0.251485 0.26229 0.50297 0.437037 0.000139776
7 0.397736 0.463973 0.0248701 0.0848485 0.000140003
7 0.627506 0.760943 0.0330364 0.0713805 0.000140057
9 0.19729 1 0.0783222 0 0.000140527
6 0.577394 0.578788 0.0909428 0.0882155 0.000141494
6 0.263363 0.591582 0.0679287 0.100337 0.000141644
5 0.770973 0.0979798 0.458055 0.19596 0.000142547
7 0.278025 0.49798 0.0378619 0.115152 0.000143775
7 0.52023 0.445455 0.0738679 0.120539 0.000146519
7 0.442465 0.451515 0.0289532 0.0882155 0.000149366
6 0.186711 0.192929 0.03415 0.0976431 0.000149663
9 0.272272 1 0.0768374 0 0.000150776
6 0.518189 0.99495 0.0571641 0.010101 0.000151252
5 0.106904 0.999327 0.213808 0.0013468 0.000151476
6 0.561618 0.686195 0.0467706 0.0646465 0.000154565
6 0.393281 0.618855 0.0449146 0.0565657 0.000154892
6 0.35876 0.588552 0.0360059 0.0390572 0.000154995
7 0.272086 0.713468 0.0593912 0.0976431 0.000155803
6 0.0081663 0.180471 0.0111359 0.0929293 0.000157459
9 0.532294 0.988889 0.0497402 0.0222222 0.000157996
6 0.722903 0.692593 0.0701559 0.115152 0.000158047
9 0.576837 0.988216 0.0467706 0.023569 0.000158703
6 0.401076 0.613468 0.0181886 0.040404 0.000160613
6 0.577765 0.545791 0.361173 0.105724 0.000164658
6 0.542316 0.575758 0.0378619 0.0417508 0.000166434
6 0.452673 0.553199 0.0167038 0.0329966 0.00016816
6 0.33389 0.00875421 0.0248701 0.0175084 0.000168182
8 0.0321084 0.951515 0.0642168 0.0969697 0.000170132
6 0.455085 0.993939 0.0571641 0.0121212 0.000171158
6 0.345026 0.00538721 0.0174462 0.0107744 0.000173377
6 0.0079807 0.185185 0.0129918 0.192593 0.000174568
6 0.464922 0.701684 0.0397179 0.0767677 0.000176031
6 0.562361 0.644444 0.0386043 0.0579125 0.000180098
6 0.388827 0.00841751 0.0642168 0.016835 0.0001803
6 0.502227 0.513805 0.0141054 0.0484848 0.000180594
8 0.0263549 0.981818 0.0527097 0.0363636 0.000181331
9 0.232925 0.0030303 0.0256125 0.00606061 0.000181451
9 0.56663 0.993603 0.0545657 0.0127946 0.000183021
9 0.232554 0.999663 0.0701559 0.000673401 0.00018402
7 0.524128 0.476094 0.0460282 0.0996633 0.000186003
7 0.277654 0.485522 0.0690423 0.16835 0.000186216
6 0.568485 0.548485 0.0248701 0.0410774 0.000188583
6 0.349852 0.59899 0.0219005 0.0289562 0.000191749
5 0.49536 0.168687 0.748701 0.27138 0.000194789
5 0.516147 0.0037037 0.149592 0.00740741 0.000194834
6 0.43931 0.00673401 0.0471418 0.013468 0.000197425
9 0.429102 0.987205 0.0430586 0.0255892 0.000200589
7 0.496845 0.460269 0.0159614 0.113805 0.000200675
7 0.672977 0.497643 0.100223 0.13468 0.000200786
3 0.118597 0.632997 0.234967 0.637037 0.000201263
6 0.5902 0.555219 0.0274684 0.0410774 0.000204328
6 0.167223 0.931987 0.0441722 0.136027 0.000208689
9 0.229399 0.00606061 0.030438 0.0121212 0.000210083
7 0.490349 0.449495 0.0445434 0.0895623 0.000211409
7 0.284521 0.451178 0.0352635 0.0713805 0.000211822
7 0.296585 0.518855 0.0178174 0.0814815 0.000214126
6 0.471418 0.536364 0.0467706 0.0585859 0.000216075
3 0.862472 0.603367 0.275056 0.654545 0.000218433
9 0.541945 0.993939 0.0571641 0.0121212 0.000219645
6 0.176875 0.930976 0.0352635 0.0801347 0.000220501
6 0.363771 0.00875421 0.0705271 0.0175084 0.000221475
6 0.721604 0.605387 0.0289532 0.0484848 0.00022299
6 0.43801 0.70101 0.0356347 0.0713805 0.000223302
6 0.352635 0.555556 0.207127 0.119865 0.000225181
7 0.437454 0.467677 0.0144766 0.10303 0.000228576
6 0.462138 0.00707071 0.0467706 0.0141414 0.000229832
6 0.463066 0.545455 0.0263549 0.0350168 0.00023055
6 0.568857 0.981818 0.0345212 0.0296296 0.000232235
6 0.335375 0.00572391 0.0137342 0.0114478 0.000233833
6 0.276169 0.592593 0.0289532 0.0525253 0.000236708
6 0.712138 0.646128 0.0374907 0.0491582 0.000237157
8 0.0328508 0.987542 0.05902 0.0249158 0.000238986
6 0.389569 0.635354 0.0204157 0.0383838 0.000239335
2 0.61804 0.47138 0.23608 0.162963 0.000241938
9 0.0423163 0.980135 0.0846325 0.0397306 0.000243371
7 0.709725 0.526936 0.0178174 0.0720539 0.000245181
5 0.092242 0.985522 0.184484 0.0289562 0.000250552
6 0.396437 0.513131 0.0193022 0.0498317 0.000250553
6 0.417409 0.635017 0.0204157 0.0457912 0.000250859
0 0.988679 0.845791 0.0226429 0.308417 0.000251828
6 0.456385 0.535017 0.0211581 0.0383838 0.000255151
6 0.670193 0.153199 0.0397179 0.0329966 0.000258253
6 0.647179 0.567677 0.0211581 0.0430976 0.000259197
6 0.505011 0.527609 0.0360059 0.050505 0.000260509
6 0.409057 0.643098 0.0371195 0.0525253 0.000264882
6 0.509837 0.500673 0.0122494 0.0518519 0.000268697
6 0.48144 0.534007 0.0289532 0.0430976 0.000274773
6 0.394766 0.608754 0.100594 0.0915825 0.000280818
6 0.451559 0.527946 0.0174462 0.0363636 0.000282366
7 0.573497 0.480808 0.030438 0.0915825 0.000284291
6 0.339087 0.589562 0.0308092 0.0397306 0.000288019
6 0.36637 0.56936 0.0267261 0.0397306 0.000288456
4 0.241091 0.66835 0.21121 0.284848 0.000291436
6 0.616184 0.568687 0.0178174 0.0289562 0.000299311
5 0.654603 0.318519 0.418337 0.288215 0.000301135
6 0.330178 0.56936 0.0300668 0.050505 0.000304784
8 0.10078 0.988552 0.0887157 0.0228956 0.000305698
5 0.543801 0.984175 0.313289 0.0316498 0.000306883
6 0.265033 0.528283 0.147736 0.182492 0.000307604
7 0.4098 0.455219 0.0200445 0.129293 0.000313855
4 0.486637 0.679461 0.352635 0.226263 0.000335292
6 0.724944 0.664983 0.150705 0.202694 0.000339144
6 0.280624 0.639731 0.0504826 0.0700337 0.000340739
7 0.620267 0.49798 0.0668151 0.107071 0.000343398
6 0.00426875 0.159933 0.00853749 0.0989899 0.000344222
6 0.546956 0.559933 0.0530809 0.0626263 0.000354982
6 0.413512 0.00606061 0.0489978 0.0121212 0.00035613
5 0.813846 0.272054 0.372309 0.410774 0.000356446
6 0.516889 0.514478 0.0159614 0.0457912 0.000366078
6 0.475501 0.577778 0.370453 0.195286 0.000370893
5 0.87565 1 0.248701 0 0.000371302
6 0.37101 0.597306 0.0211581 0.026936 0.000381417
9 0.556236 0.988216 0.0523385 0.023569 0.000382106
7 0.65052 0.525253 0.0270973 0.0875421 0.000383257
6 0.287305 0.62862 0.0326652 0.0478114 0.000398814
5 0.480698 0.0905724 0.81366 0.181145 0.000400946
6 0.582962 0.589899 0.0181886 0.03367 0.000407965
7 0.632146 0.717172 0.0749814 0.0700337 0.000410702
7 0.396251 0.495286 0.0367483 0.0936027 0.000420676
7 0.389755 0.491582 0.0178174 0.0821549 0.000421686
7 0.312918 0.689562 0.0556793 0.0956229 0.000430461
7 0.409614 0.458249 0.116927 0.109764 0.000431423
6 0.382702 0.63569 0.0163326 0.03367 0.000437617
7 0.589458 0.505724 0.0111359 0.0727273 0.000439006
6 0.281737 0.641751 0.18634 0.173737 0.0004463
6 0.510022 0.544781 0.0274684 0.0390572 0.000447714
8 0.935598 0.987542 0.116927 0.0249158 0.000448594
6 0.48905 0.66734 0.0337788 0.0808081 0.000448945
7 0.575167 0.490572 0.0137342 0.0774411 0.000450604
0 0.00575353 0.0720539 0.0115071 0.114478 0.000451165
6 0.489421 0.553872 0.0300668 0.0424242 0.000454501
6 0.4768 0.623906 0.0501114 0.0801347 0.000464329
6 0.270787 0.541414 0.062732 0.10101 0.000487452
6 0.59317 0.638384 0.0178174 0.0390572 0.000489001
3 0.64755 0.467677 0.7049 0.520539 0.000494364
6 0.464365 0.651515 0.0311804 0.0531987 0.00049791
6 0.42539 0.614815 0.0185598 0.047138 0.000498681
6 0.574239 0.567677 0.0207869 0.0430976 0.000508835
5 0.182999 0.157239 0.365999 0.314478 0.000512088
0 0.00835189 0.0791246 0.0129918 0.158249 0.000515538
2 0.533593 0.539057 0.59948 0.210774 0.000523276
6 0.00408315 0.109091 0.0081663 0.0888889 0.00052507
6 0.466036 0.53165 0.0211581 0.0424242 0.000527675
6 0.723645 0.637037 0.0471418 0.0848485 0.000528091
6 0.581663 0.614141 0.0311804 0.0498317 0.000528355
6 0.436711 0.652525 0.0330364 0.0606061 0.000543585
6 0.417409 0.539057 0.145137 0.0841751 0.000564714
6 0.401448 0.578451 0.105048 0.0727273 0.000569279
6 0.36173 0.591919 0.09317 0.0848485 0.000575656
5 0.502413 0.271044 0.0723831 0.187879 0.000578487
5 0.297327 0.306061 0.345954 0.317172 0.000589811
6 0.494246 0.528956 0.0241277 0.0410774 0.000594373
6 0.440238 0.547138 0.0193022 0.037037 0.000622536
5 0.500186 0.985859 0.51559 0.0282828 0.000637439
6 0.335561 0.618855 0.0423163 0.0363636 0.000656888
6 0.280067 0.614815 0.0708983 0.117172 0.000657385
6 0.46418 0.606734 0.032294 0.040404 0.000659831
6 0.388085 0.535017 0.015219 0.0410774 0.000681334
7 0.413697 0.510438 0.0122494 0.0659933 0.000681498
6 0.570527 0.6 0.0408315 0.0430976 0.000687143
7 0.592613 0.498653 0.0315516 0.0895623 0.000715193
5 0.874165 0.976768 0.25167 0.0464646 0.000717727
6 0.541388 0.609091 0.0404603 0.037037 0.000722474
6 0.38196 0.589226 0.0244989 0.0377104 0.000729532
6 0.37435 0.577778 0.0345212 0.0444444 0.000733292
6 0.408129 0.63266 0.0196733 0.043771 0.000736001
7 0.358203 0.50303 0.0846325 0.115825 0.000765071
7 0.705085 0.539394 0.0664439 0.103704 0.000779678
6 0.576095 0.557239 0.0319228 0.043771 0.000801946
6 0.380104 0.57138 0.0193022 0.0329966 0.000813044
7 0.683927 0.740404 0.145137 0.13266 0.000815054
6 0.530438 0.642761 0.0334076 0.0787879 0.000815083
6 0.280624 0.610774 0.0393467 0.0781145 0.000820009
6 0.581849 0.619865 0.301039 0.121886 0.000822678
7 0.530624 0.715151 0.0523385 0.106397 0.00082448
7 0.712324 0.723232 0.0408315 0.0969697 0.000832858
7 0.283222 0.515488 0.0230141 0.0855219 0.000881936
2 0.399592 0.462963 0.26392 0.134007 0.00093711
6 0.340572 0.590236 0.0582777 0.0491582 0.000960122
6 0.580364 0.566667 0.0174462 0.0316498 0.000977188
7 0.50297 0.46936 0.0742391 0.109091 0.00104183
7 0.301411 0.667003 0.0452858 0.0747475 0.00104252
6 0.513549 0.608418 0.0389755 0.0424242 0.00105466
6 0.375278 0.606734 0.043801 0.0350168 0.00105702
6 0.532665 0.588889 0.0378619 0.0545455 0.00106541
6 0.510579 0.531313 0.0196733 0.0309764 0.00108761
6 0.470861 0.662963 0.0812918 0.0909091 0.00112318
6 0.489978 0.608081 0.0348924 0.0430976 0.0011269
6 0.425947 0.596633 0.0174462 0.040404 0.00112848
5 0.494432 0.935017 0.734224 0.129966 0.00115644
6 0.484967 0.691583 0.0545657 0.10101 0.00117677
6 0.382145 0.559933 0.0174462 0.0356902 0.00119263
7 0.59317 0.488889 0.0148478 0.0767677 0.00120819
6 0.50167 0.652525 0.0404603 0.0808081 0.00130161
6 0.430586 0.60202 0.0326652 0.0538721 0.0013932
6 0.325353 0.642761 0.028582 0.0585859 0.00140019
4 0.289347 0.499663 0.446548 0.305724 0.00151715
6 0.618597 0.6367 0.0226429 0.0383838 0.00160946
6 0.620267 0.573737 0.0786934 0.0552189 0.00172536
6 0.363029 0.591246 0.0616184 0.0565657 0.00173081
6 0.466778 0.56835 0.0426875 0.0659933 0.0017433
6 0.699517 0.676094 0.0374907 0.0525253 0.00183288
6 0.287862 0.567677 0.0404603 0.0552189 0.00183955
6 0.550111 0.601347 0.0616184 0.0565657 0.00187813
6 0.53712 0.664646 0.0593912 0.0915825 0.00198232
6 0.501856 0.582155 0.0445434 0.050505 0.00200072
6 0.622309 0.656902 0.0256125 0.0451178 0.00208786
6 0.321641 0.622896 0.0389755 0.0511785 0.00218431
7 0.709168 0.692256 0.032294 0.0552189 0.00224134
6 0.357647 0.555556 0.0582777 0.0606061 0.00224222
6 0.510765 0.692929 0.0601336 0.0861953 0.00256292
6 0.656273 0.616162 0.043801 0.0377104 0.00273686
7 0.389941 0.509764 0.0115071 0.0619529 0.00276071
6 0.323682 0.587205 0.0371195 0.0430976 0.00277947
6 0.286563 0.585185 0.0267261 0.0538721 0.00295515
4 0.68634 0.541751 0.478842 0.310438 0.00298302
6 0.505382 0.609428 0.0530809 0.0686869 0.00319176
6 0.427803 0.525926 0.0181886 0.0430976 0.00344494
6 0.418708 0.547475 0.064588 0.0646465 0.00350227
6 0.597996 0.587542 0.0682999 0.0639731 0.00367696
7 0.417223 0.478788 0.0393467 0.10101 0.00372791
6 0.704157 0.632997 0.0942836 0.13064 0.003752
6 0.402004 0.576094 0.0296956 0.0464646 0.00420423
6 0.412027 0.530303 0.0178174 0.0464646 0.00452455
7 0.405902 0.513468 0.0115071 0.0734007 0.00474611
7 0.632517 0.706061 0.0237565 0.0693603 0.00476344
7 0.719191 0.539057 0.0241277 0.0599327 0.0048771
4 0.683742 0.690909 0.405345 0.278788 0.00494513
7 0.421863 0.482828 0.0129918 0.0713805 0.00513201
7 0.296399 0.50101 0.0575353 0.13064 0.0052512
6 0.671121 0.59798 0.0267261 0.0444444 0.00575053
6 0.27951 0.576768 0.0244989 0.0478114 0.00626432
6 0.385301 0.625589 0.0207869 0.0350168 0.00626729
4 0.265033 0.689899 0.430586 0.432997 0.00648371
6 0.418151 0.606061 0.018931 0.0417508 0.00729416
6 0.437268 0.535354 0.0215293 0.0511785 0.00733515
6 0.503341 0.67138 0.0883445 0.0754209 0.00776454
7 0.43003 0.475421 0.0233853 0.107744 0.00782061
6 0.507609 0.522559 0.0129918 0.0309764 0.00792633
6 0.595397 0.622559 0.0185598 0.0343434 0.00807344
7 0.396437 0.507744 0.0103935 0.0700337 0.0083083
7 0.652932 0.721212 0.0289532 0.0929293 0.00831826
7 0.703601 0.514815 0.028582 0.0949495 0.0084784
6 0.587973 0.575758 0.0222717 0.040404 0.00849447
6 0.390497 0.558586 0.0230141 0.0424242 0.00849721
7 0.399035 0.493266 0.0118782 0.0814815 0.008995
6 0.704343 0.628283 0.0508537 0.0942761 0.00986042
6 0.669822 0.614815 0.0434298 0.0484848 0.0109471
6 0.624165 0.594949 0.0619896 0.0720539 0.0114856
6 0.596882 0.618855 0.0326652 0.0430976 0.0117785
7 0.406088 0.482492 0.0126206 0.0922559 0.0124201
6 0.311062 0.579125 0.0259837 0.047138 0.0129192
7 0.29974 0.548148 0.0241277 0.0713805 0.0142876
6 0.616741 0.575421 0.0315516 0.0383838 0.0150957
6 0.408315 0.613131 0.0178174 0.0478114 0.0161417
6 0.699517 0.636364 0.0426875 0.0444444 0.0170112
7 0.424647 0.459933 0.0155902 0.0983165 0.0172722
6 0.387899 0.613468 0.0185598 0.0390572 0.0182234
7 0.414996 0.469024 0.0141054 0.112458 0.0190916
7 0.671678 0.721549 0.0716407 0.0936027 0.0213681
6 0.421678 0.558249 0.0193022 0.0484848 0.0215634
6 0.425019 0.542088 0.0200445 0.0430976 0.0224564
6 0.612658 0.63468 0.0204157 0.0276094 0.0238504
7 0.661099 0.697306 0.0252413 0.0599327 0.0314499
7 0.294543 0.534343 0.0397179 0.1367 0.0420648
6 0.600965 0.627609 0.0207869 0.0296296 0.0435093
6 0.65052 0.648485 0.0382331 0.0350168 0.0654152
6 0.417966 0.539394 0.0148478 0.0444444 0.0686627
7 0.664254 0.714141 0.0382331 0.0720539 0.0798342
7 0.708612 0.575084 0.03415 0.0538721 0.0873428
6 0.63196 0.589899 0.0248701 0.0430976 0.12748
8 0.681143 0.607744 0.0868597 0.0626263 0.148304
6 0.403304 0.552862 0.0248701 0.0498317 0.177705
6 0.610987 0.588552 0.0348924 0.0444444 0.203527
7 0.643653 0.698317 0.0452858 0.0781145 0.212862
8 0.66314 0.648148 0.0961396 0.0585859 0.243809
7 0.693207 0.6633 0.05902 0.0659933 0.320419
6 0.609503 0.585522 0.0178174 0.0410774 0.495575
6 0.303452 0.601347 0.0419451 0.0808081 0.502727
6 0.597068 0.580471 0.032294 0.040404 0.523425
6 0.413326 0.551178 0.018931 0.0464646 0.587128
6 0.683185 0.649158 0.0545657 0.0457912 0.630198
6 0.305494 0.630303 0.0467706 0.0444444 0.660471
7 0.706941 0.545118 0.0270973 0.0774411 0.714081
8 0.635486 0.651515 0.0497402 0.0531987 0.724324
7 0.701373 0.707407 0.0426875 0.0855219 0.774534
7 0.641797 0.710438 0.0252413 0.0727273 0.778793
6 0.298627 0.579798 0.0352635 0.0592593 0.785924
6 0.660728 0.588889 0.0460282 0.0639731 0.793304
8 0.706941 0.6 0.0434298 0.0579125 0.819954
4 0.509465 0.693266 0.713066 0.336027 0.831316
3 0.506867 0.619192 0.877134 0.6633 0.851465
7 0.29046 0.504377 0.0278396 0.111785 0.851541
7 0.677803 0.526599 0.0363771 0.0956229 0.858192
2 0.50297 0.427946 0.606533 0.205387 0.882513
5 0.502042 0.279798 0.6366 0.354882 0.883854
7 0.286377 0.696296 0.0449146 0.102357 0.908607
