9 0.929231 0.00770777 0.0498891 0.0154155 2.83183e-05
5 0.264412 0.906501 0.528825 0.186997 2.83246e-05
6 0.452698 0.578418 0.0221729 0.0509383 2.83402e-05
5 0.620658 0.133713 0.232446 0.136059 2.84111e-05
6 0.162786 0.100871 0.0373245 0.0489276 2.84466e-05
6 0.766814 0.497989 0.0702143 0.0938338 2.8472e-05
9 0.581486 0.976877 0.0388027 0.0462466 2.84809e-05
5 0.653178 0.210121 0.196231 0.174933 2.84873e-05
6 0.988359 0.478887 0.018847 0.0931635 2.85462e-05
6 0.00849963 0.0127346 0.00960828 0.0254692 2.85575e-05
9 0.89745 0.0284853 0.0535846 0.0569705 2.85675e-05
6 0.324279 0.924598 0.0454545 0.0757373 2.86474e-05
5 0.719697 0.0432306 0.13119 0.0864611 2.86753e-05
6 0.395972 0.12634 0.108278 0.105228 2.87215e-05
6 0.70898 0.175268 0.0107169 0.0529491 2.87564e-05
6 0.371582 0.0224531 0.0521064 0.0449062 2.89835e-05
5 0.766445 0.086126 0.107169 0.0985255 2.90432e-05
6 0.146526 0.0981903 0.0232816 0.0395442 2.91634e-05
10 0.466371 0.887399 0.0214339 0.108579 2.92012e-05
8 0.00369549 0.852882 0.00739098 0.148123 2.92132e-05
6 0.922025 0.137735 0.0702143 0.0569705 2.92443e-05
6 0.480229 0.127011 0.011456 0.0247989 2.92509e-05
6 0.775129 0.989611 0.0299335 0.0207775 2.9277e-05
9 0.616223 0.980563 0.202882 0.038874 2.9285e-05
5 0.352919 0.141421 0.16408 0.135389 2.93321e-05
9 0.29527 1 0.0931264 0 2.93382e-05
6 0.735403 0.245643 0.0554324 0.215147 2.94849e-05
6 0.554693 0.534517 0.0295639 0.0395442 2.95267e-05
6 0.368625 0.659517 0.0388027 0.0764075 2.95285e-05
9 0.743163 0.991287 0.118256 0.0174263 2.95439e-05
9 0.882299 0.00770777 0.0498891 0.0154155 2.95958e-05
6 0.441057 0.63807 0.0617147 0.0898123 2.96722e-05
6 0.169069 0.970845 0.0558019 0.058311 2.96796e-05
4 0.712676 0.613606 0.313747 0.308981 2.96875e-05
6 0.990207 0.232574 0.0121951 0.103217 2.97273e-05
9 0.488544 1 0.0620843 0 2.97471e-05
7 0.525499 0.0268097 0.0133038 0.0482574 2.97539e-05
6 0.316519 0.595174 0.018847 0.0375335 2.97827e-05
6 0.368441 0.0154155 0.0347376 0.0308311 2.98517e-05
6 0.98337 0.0355228 0.0332594 0.0710456 2.99147e-05
9 0.501109 1 0.0864745 0 2.99553e-05
6 0.7585 0.946716 0.0358463 0.0636729 2.99639e-05
6 0.327975 0.59618 0.0210643 0.0408847 2.9997e-05
7 0.300259 0.241957 0.0151515 0.108579 3.0171e-05
6 0.0781596 0.101206 0.0299335 0.075067 3.02019e-05
6 0.215447 0.518767 0.0569106 0.0428954 3.02896e-05
6 0.9551 0.354223 0.0898004 0.311662 3.03284e-05
6 0.0724316 0.0787534 0.0251293 0.0408847 3.03688e-05
6 0.0709534 0.0955094 0.0266075 0.0368633 3.0425e-05
7 0.333149 0.440013 0.011456 0.0650134 3.0469e-05
9 0.347561 1 0.249446 0 3.04759e-05
6 0.716186 0.113941 0.0583888 0.0911528 3.05947e-05
6 0.569845 0.132708 0.0118256 0.0254692 3.06172e-05
9 0.148189 0.0231233 0.0790835 0.0462466 3.06343e-05
6 0.510347 0.146783 0.0125647 0.0201072 3.06687e-05
5 0.546563 1 0.249076 0 3.06872e-05
6 0.982631 0.201743 0.0347376 0.178284 3.07836e-05
6 0.513858 0.147788 0.0129342 0.0288204 3.08304e-05
6 0.491316 0.985255 0.0461936 0.0294906 3.0898e-05
9 0.576312 0.996314 0.105322 0.00737265 3.09238e-05
6 0.410569 0.974196 0.0399113 0.0408847 3.09769e-05
6 0.992794 0.47118 0.0144124 0.276139 3.1035e-05
6 0.0166297 0.0485925 0.0332594 0.097185 3.10963e-05
6 0.167775 0.0908177 0.0938655 0.0703753 3.11182e-05
9 0.356061 0.981233 0.0779749 0.0375335 3.12215e-05
6 0.8568 0.537198 0.13119 0.286193 3.12224e-05
6 0.34867 0.47118 0.0136733 0.0308311 3.12463e-05
6 0.330377 0.141086 0.0458241 0.107909 3.13062e-05
5 0.879897 0.0197721 0.240207 0.0395442 3.13456e-05
6 0.605506 0.492962 0.0151515 0.0355228 3.13799e-05
9 0.804878 0.927949 0.138211 0.0596515 3.14012e-05
6 0.0953437 0.121314 0.0273466 0.0348525 3.14309e-05
6 0.336844 0.307306 0.101626 0.122654 3.14634e-05
6 0.4915 0.5563 0.0266075 0.0549598 3.151e-05
6 0.465447 0.98559 0.0417591 0.0288204 3.15568e-05
5 0.142092 0.0244638 0.284183 0.0489276 3.16972e-05
6 0.767184 0.944705 0.0221729 0.0529491 3.17817e-05
9 0.00923873 0.00435657 0.0140429 0.00871314 3.18117e-05
6 0.866962 0.989946 0.0362158 0.0201072 3.18622e-05
6 0.267923 0.476877 0.014782 0.0328418 3.1892e-05
6 0.821877 0.0375335 0.0369549 0.0335121 3.19132e-05
9 0.237435 1 0.274575 0 3.20515e-05
6 0.636364 0.17996 0.022912 0.0502681 3.2075e-05
6 0.934405 0.186327 0.0461936 0.134048 3.21034e-05
6 0.0112712 0.345509 0.0173688 0.0864611 3.21795e-05
6 0.962121 0.969839 0.0535846 0.0603217 3.22212e-05
6 0.467664 0.463472 0.0166297 0.0502681 3.22475e-05
6 0.0585735 0.493968 0.0735403 0.218499 3.23174e-05
6 0.506467 0.481233 0.0417591 0.0469169 3.24128e-05
5 0.734848 0.149129 0.530303 0.298257 3.24233e-05
6 0.10643 0.125 0.0339985 0.0328418 3.25879e-05
9 0.449926 1 0.0617147 0 3.26133e-05
5 0.111234 0.0311662 0.184775 0.0623324 3.26146e-05
6 0.42184 0.00569705 0.04102 0.0113941 3.26389e-05
10 0.977088 0.0780831 0.0214339 0.137399 3.26698e-05
6 0.394863 0.0703753 0.0476718 0.0630027 3.269e-05
9 0.983555 1 0.0328899 0 3.26945e-05
6 0.445491 0.0764075 0.0136733 0.0281501 3.27199e-05
6 0.732077 0.44571 0.0539542 0.0643432 3.28416e-05
6 0.271434 0.91689 0.0528455 0.075067 3.28949e-05
6 0.988359 0.0103887 0.0232816 0.0207775 3.29005e-05
9 0.333703 1 0.0923873 0 3.29083e-05
6 0.575942 0.147788 0.04102 0.058311 3.29595e-05
6 0.114745 0.118968 0.018847 0.0341823 3.2968e-05
9 0.662047 0.974531 0.078714 0.0509383 3.30295e-05
8 0.00388027 0.908177 0.00776053 0.130027 3.31226e-05
6 0.261456 0.56937 0.0284553 0.0516086 3.31934e-05
5 0.325018 0.326072 0.650037 0.409517 3.32604e-05
6 0.750185 0.989276 0.0273466 0.0214477 3.3394e-05
6 0.519771 0.968834 0.0254989 0.0623324 3.34058e-05
9 0.118625 0.993633 0.0643016 0.0127346 3.35161e-05
6 0.575388 0.132708 0.0879527 0.0697051 3.35745e-05
9 0.525499 1 0.0635625 0 3.35841e-05
6 0.514597 0.160858 0.0129342 0.0281501 3.36291e-05
7 0.635994 0.396448 0.0133038 0.0676944 3.36771e-05
6 0.391722 0.00837802 0.014782 0.016756 3.36983e-05
9 0.392646 0.979558 0.0395418 0.0408847 3.37351e-05
6 0.444013 0.00871314 0.0166297 0.0174263 3.38401e-05
5 0.714523 0.0103887 0.117886 0.0207775 3.41724e-05
9 0.0556171 0.997319 0.0794531 0.00536193 3.43104e-05
6 0.804139 0.91756 0.0362158 0.146113 3.43229e-05
6 0.8034 0.914544 0.0280857 0.0743968 3.43418e-05
6 0.586659 0.629357 0.026238 0.0455764 3.43848e-05
5 0.518293 0.0439008 0.170362 0.0878016 3.44005e-05
6 0.385255 0.00703753 0.0195861 0.0140751 3.44043e-05
5 0.0870288 0.899799 0.174058 0.180295 3.4423e-05
6 0.478936 0.555965 0.0266075 0.0542895 3.44514e-05
6 0.0903548 0.105228 0.0742794 0.0589812 3.45164e-05
6 0.398559 0.0563003 0.0121951 0.0214477 3.45245e-05
7 0.625092 0.407172 0.0402809 0.121314 3.45423e-05
5 0.614006 0.0318365 0.392831 0.0636729 3.45498e-05
9 0.895787 0.98626 0.0517369 0.0274799 3.46111e-05
6 0.567073 0.984249 0.0388027 0.0315013 3.46581e-05
5 0.312823 0.880697 0.32779 0.10992 3.46635e-05
9 0.393016 0.987601 0.0321508 0.0247989 3.469e-05
7 0.480414 0.394437 0.014782 0.134718 3.47511e-05
6 0.590909 0.586126 0.0177384 0.0368633 3.47555e-05
6 0.0471175 0.751676 0.0646711 0.094504 3.47605e-05
6 0.793792 0.104223 0.0406504 0.0462466 3.47632e-05
5 0.713969 0.349196 0.572062 0.4437 3.49145e-05
6 0.933112 0.193029 0.0354767 0.0643432 3.50078e-05
6 0.463045 0.873324 0.0384331 0.0522788 3.50562e-05
9 0.240392 0.977882 0.0846268 0.0442359 3.507e-05
6 0.560421 0.140751 0.0121951 0.0254692 3.51508e-05
6 0.432742 0.953083 0.0502587 0.0938338 3.51712e-05
6 0.0458241 0.62567 0.0761271 0.308981 3.52372e-05
6 0.596083 0.644102 0.0206948 0.0536193 3.5297e-05
6 0.369364 0.00435657 0.0373245 0.00871314 3.53037e-05
5 0.525129 0.0988606 0.173688 0.119973 3.53634e-05
6 0.219882 0.508713 0.0169993 0.0402145 3.54094e-05
9 0.189209 1 0.0620843 0 3.54503e-05
5 0.258869 0.238941 0.0661493 0.272788 3.54852e-05
6 0.498522 0.572721 0.0266075 0.0636729 3.54882e-05
6 0.324095 0.622989 0.0813008 0.0958445 3.55102e-05
6 0.232446 0.492292 0.0140429 0.0408847 3.55227e-05
6 0.638211 0.174933 0.0465632 0.0871314 3.55424e-05
9 0.125647 0.995643 0.0894309 0.00871314 3.55721e-05
6 0.981892 0.100201 0.0169993 0.0676944 3.56161e-05
6 0.582779 0.135389 0.0184775 0.0281501 3.56351e-05
6 0.32779 0.926273 0.0347376 0.147453 3.56449e-05
9 0.892646 0.0224531 0.094235 0.0449062 3.56618e-05
6 0.509423 0.790214 0.0358463 0.0898123 3.57051e-05
9 0.391722 0.982909 0.208426 0.0341823 3.57248e-05
9 0.165188 0.0130697 0.0694752 0.0261394 3.57249e-05
6 0.51201 0.080429 0.0218034 0.036193 3.57377e-05
5 0.77051 0.0542895 0.153732 0.108579 3.58043e-05
6 0.587583 0.102547 0.014782 0.0174263 3.58058e-05
6 0.381559 0.944035 0.0528455 0.0663539 3.5927e-05
6 0.991685 0.0117292 0.0166297 0.0234584 3.59407e-05
6 0.243348 0.26374 0.0365854 0.212466 3.59489e-05
6 0.961752 0.143432 0.0764967 0.080429 3.59716e-05
6 0.387842 0.313338 0.0447154 0.0422252 3.60119e-05
9 0.974871 0.991957 0.0502587 0.0160858 3.60141e-05
6 0.70861 0.138405 0.0158906 0.0355228 3.60784e-05
6 0.0221729 0.00670241 0.0443459 0.0134048 3.60857e-05
6 0.240022 0.920576 0.0521064 0.158847 3.60939e-05
5 0.269586 0.117627 0.539172 0.235255 3.62608e-05
6 0.567073 0.966488 0.0351072 0.0455764 3.63219e-05
9 0.755358 0.976877 0.0251293 0.0462466 3.65521e-05
6 0.301183 0.12567 0.0214339 0.0355228 3.65534e-05
6 0.0312269 0.969169 0.0594974 0.0549598 3.65948e-05
6 0.859387 0.0827748 0.0957132 0.0743968 3.65961e-05
6 0.465262 0.615952 0.0539542 0.107239 3.6624e-05
6 0.475055 0.0542895 0.0979305 0.108579 3.6636e-05
6 0.297487 0.105563 0.0103474 0.022118 3.66632e-05
6 0.76201 0.989611 0.0273466 0.0207775 3.67032e-05
6 0.354028 0.630027 0.067997 0.0884719 3.67625e-05
6 0.525129 0.088807 0.0591279 0.0878016 3.68269e-05
6 0.279564 0.139075 0.063932 0.122654 3.71328e-05
6 0.382299 0.0107239 0.033629 0.0214477 3.71533e-05
6 0.257945 0.94437 0.0369549 0.0683646 3.71705e-05
6 0.76238 0.590147 0.0539542 0.0824397 3.7179e-05
5 0.961567 0.960456 0.0768662 0.0790885 3.72332e-05
6 0.179601 0.440349 0.0909091 0.127346 3.72543e-05
6 0.488544 0.12567 0.0805617 0.103887 3.72869e-05
6 0.893755 0.191689 0.0447154 0.128686 3.73065e-05
6 0.239098 0.938003 0.0243902 0.123995 3.73472e-05
6 0.722284 0.987936 0.04915 0.0241287 3.73865e-05
6 0.432742 0.13874 0.0125647 0.0254692 3.73968e-05
9 0.224316 0.00234584 0.0369549 0.00469169 3.74395e-05
6 0.515152 0.549263 0.0214339 0.0422252 3.74432e-05
9 0.563747 1 0.0624538 0 3.74885e-05
6 0.383777 0.0137399 0.0750185 0.0274799 3.75107e-05
6 0.469697 0.892091 0.0273466 0.0442359 3.75257e-05
9 0.934959 1 0.0694752 0 3.761e-05
6 0.333518 0.94437 0.0432373 0.075067 3.78919e-05
6 0.919993 0.188338 0.0299335 0.0991957 3.80909e-05
9 0.00665188 0.00569705 0.0133038 0.0113941 3.81749e-05
6 0.482816 0.0673592 0.0269771 0.0422252 3.84228e-05
6 0.737805 0.988606 0.0328899 0.0227882 3.84345e-05
8 0.806356 0.994638 0.045085 0.0107239 3.84407e-05
6 0.27051 0.912869 0.0716925 0.174263 3.85557e-05
5 0.518293 0.914209 0.22949 0.0630027 3.86216e-05
6 0.632483 0.00603217 0.0291944 0.0120643 3.8624e-05
6 0.483001 0.0563003 0.0177384 0.0281501 3.86691e-05
6 0.507945 0.142426 0.018847 0.0878016 3.87362e-05
6 0.495381 0.631367 0.0373245 0.148794 3.87456e-05
9 0.205654 0.00536193 0.0417591 0.0107239 3.87751e-05
9 0.134885 0.0123995 0.0694752 0.0247989 3.88028e-05
6 0.348485 0.0241287 0.0480414 0.0482574 3.90363e-05
5 0.261826 0.0217828 0.109017 0.0435657 3.90458e-05
5 0.66796 0.169906 0.45935 0.240617 3.91146e-05
6 0.542683 0.616287 0.04102 0.0730563 3.92186e-05
6 0.480968 0.0646783 0.0129342 0.0207775 3.92343e-05
5 0.809682 0.295576 0.380636 0.591153 3.92542e-05
6 0.740392 0.598525 0.0240207 0.0402145 3.93764e-05
6 0.466186 0.553954 0.0218034 0.0475871 3.94458e-05
5 0.521434 0.885054 0.195122 0.05563 3.95704e-05
6 0.919254 0.086126 0.0698448 0.0529491 3.96111e-05
6 0.196415 0.9437 0.0498891 0.0670241 3.96388e-05
6 0.990761 0.077748 0.0103474 0.0871314 3.966e-05
6 0.847931 0.110255 0.116408 0.097185 3.96825e-05
6 0.990022 0.00737265 0.0155211 0.0147453 3.96961e-05
6 0.985218 0.272118 0.0295639 0.237265 3.97167e-05
6 0.72986 0.438673 0.119734 0.132038 3.9725e-05
5 0.805617 0.93063 0.149298 0.122654 3.97293e-05
9 0.0290096 0.994303 0.0580192 0.0113941 3.97891e-05
6 0.715817 0.455764 0.0243902 0.041555 3.99115e-05
5 0.485403 0.253351 0.0513673 0.134048 3.9919e-05
6 0.879897 0.97118 0.0436068 0.0576407 3.99786e-05
6 0.556171 0.104223 0.0724316 0.0770777 4.00085e-05
6 0.665373 0.0234584 0.0920177 0.0469169 4.01055e-05
6 0.568367 0.48626 0.0125647 0.0435657 4.02978e-05
9 0.900591 0.060992 0.030303 0.0697051 4.0371e-05
2 0.287879 0.876676 0.390983 0.242627 4.04895e-05
6 0.513489 0.132038 0.0432373 0.0656836 4.05159e-05
6 0.506282 0.0191019 0.0946046 0.0382038 4.05385e-05
9 0.359756 0.00201072 0.0388027 0.00402145 4.05829e-05
6 0.919808 0.185657 0.0236511 0.0509383 4.05902e-05
9 0.0923873 0.994638 0.0635625 0.0107239 4.06868e-05
6 0.510902 0.0754021 0.00849963 0.0140751 4.07153e-05
6 0.839985 0.942694 0.0214339 0.060992 4.07939e-05
10 0.815965 0.895442 0.0288248 0.172922 4.08455e-05
6 0.832225 0.448391 0.0583888 0.0670241 4.09566e-05
6 0.313932 0.934316 0.0676275 0.113941 4.09718e-05
5 0.62269 0.175268 0.128603 0.109249 4.102e-05
6 0.703806 0.587466 0.0314117 0.0516086 4.11072e-05
9 0.917221 0.0160858 0.0465632 0.0321716 4.11284e-05
6 0.479305 0.462131 0.0199557 0.0596515 4.12483e-05
9 0.226534 1 0.0628234 0 4.13312e-05
6 0.845344 0.103217 0.0691057 0.16622 4.14295e-05
6 0.722099 0.547252 0.0325203 0.0489276 4.14427e-05
5 0.499261 0.0814343 0.126386 0.0730563 4.14901e-05
7 0.583333 0.42996 0.0624538 0.0985255 4.14902e-05
9 0.230044 0.0164209 0.0838877 0.0328418 4.18175e-05
5 0.284738 0.918231 0.350702 0.119303 4.18186e-05
6 0.0971914 0.0991957 0.0266075 0.0375335 4.18193e-05
6 0.482262 0.648123 0.0399113 0.103217 4.18316e-05
6 0.31929 0.436662 0.0820399 0.114611 4.19685e-05
6 0.447154 0.97118 0.0517369 0.0576407 4.20537e-05
6 0.634701 0.173257 0.0129342 0.0315013 4.20762e-05
6 0.504435 0.552949 0.0236511 0.0469169 4.20877e-05
6 0.440318 0.577748 0.0218034 0.0402145 4.21486e-05
6 0.989837 0.196716 0.0129342 0.0931635 4.22438e-05
2 0.238174 0.387064 0.404656 0.371984 4.22803e-05
5 0.74612 0.92996 0.507761 0.14008 4.2485e-05
6 0.571877 0.155161 0.018847 0.0382038 4.26847e-05
5 0.587214 0.984584 0.402809 0.0308311 4.27158e-05
6 0.469882 0.117292 0.0476718 0.0630027 4.27496e-05
6 0.582409 0.0321716 0.10643 0.0643432 4.29239e-05
6 0.987066 0.482574 0.0199557 0.280161 4.33282e-05
6 0.261826 0.601542 0.0240207 0.0449062 4.33437e-05
6 0.513119 0.984584 0.056541 0.0308311 4.33554e-05
6 0.654656 0.563003 0.0351072 0.0536193 4.33799e-05
6 0.522542 0.896113 0.0362158 0.0630027 4.34041e-05
6 0.943829 0.0170912 0.112343 0.0341823 4.35081e-05
6 0.775868 0.470174 0.0158906 0.0502681 4.35284e-05
6 0.378973 0.98693 0.0291944 0.0261394 4.35425e-05
6 0.583888 0.493968 0.0192166 0.038874 4.35763e-05
5 0.540466 0.0794236 0.484479 0.158847 4.3789e-05
7 0.656874 0.352547 0.0609756 0.0938338 4.38215e-05
6 0.814117 0.52882 0.13082 0.162198 4.38412e-05
9 0.539172 0.998659 0.09017 0.00268097 4.39817e-05
6 0.612158 0.100201 0.0772358 0.0824397 4.40503e-05
6 0.592018 0.985255 0.0332594 0.0294906 4.42487e-05
6 0.633038 0.0113941 0.0436068 0.0227882 4.43982e-05
6 0.239653 0.989946 0.0380636 0.0201072 4.44666e-05
6 0.00535846 0.831434 0.0107169 0.0837802 4.44845e-05
6 0.301922 0.107239 0.0125647 0.0214477 4.45442e-05
6 0.584072 0.00502681 0.0299335 0.0100536 4.46612e-05
6 0.739837 0.617292 0.030303 0.041555 4.47337e-05
6 0.72986 0.621649 0.0295639 0.0408847 4.47764e-05
6 0.620843 0.0150804 0.0798226 0.0301609 4.52776e-05
7 0.478936 0.377681 0.0118256 0.0663539 4.54997e-05
8 0.530488 0.908847 0.0794531 0.0442359 4.55484e-05
6 0.77901 0.901475 0.107169 0.127346 4.55648e-05
6 0.775684 0.523794 0.0591279 0.0810992 4.56739e-05
6 0.637103 0.185657 0.0155211 0.0214477 4.57482e-05
6 0.615299 0.615282 0.0192166 0.0402145 4.58105e-05
9 0.898559 0.00268097 0.0469327 0.00536193 4.59488e-05
7 0.492979 0.414544 0.0192166 0.149464 4.61203e-05
6 0.731153 0.600536 0.0247598 0.041555 4.61364e-05
5 0.313193 0.965147 0.358832 0.0697051 4.62716e-05
9 0.629157 0.989276 0.0402809 0.0214477 4.62719e-05
6 0.839246 0.940013 0.0273466 0.119973 4.62937e-05
6 0.314671 0.605563 0.0417591 0.0676944 4.63472e-05
6 0.585735 0.011059 0.045085 0.022118 4.6658e-05
5 0.381559 0.0616622 0.36918 0.123324 4.66721e-05
6 0.303215 0.589812 0.018847 0.0428954 4.68283e-05
6 0.958426 0.180295 0.0528455 0.104558 4.69503e-05
6 0.59867 0.494303 0.0702143 0.0663539 4.69805e-05
6 0.524575 0.521783 0.018847 0.0542895 4.72083e-05
6 0.927014 0.98693 0.0484109 0.0261394 4.72098e-05
9 0.458611 0.998995 0.0768662 0.00201072 4.72321e-05
9 0.263304 1 0.0624538 0 4.72712e-05
6 0.706208 0.154155 0.0288248 0.132708 4.76474e-05
6 0.570953 0.961461 0.0702143 0.0770777 4.77809e-05
6 0.412971 0.115952 0.0757576 0.0656836 4.78752e-05
8 0.967295 0.0784182 0.0654102 0.0643432 4.79555e-05
5 0.22099 0.0345174 0.162602 0.0690349 4.79794e-05
6 0.541574 0.666555 0.0351072 0.0703753 4.80286e-05
7 0.246305 0.238271 0.0166297 0.136059 4.82592e-05
6 0.486511 0.501341 0.113452 0.080429 4.83102e-05
6 0.211197 0.918566 0.0543237 0.162869 4.83467e-05
10 0.538433 0.912198 0.0169993 0.0643432 4.84256e-05
6 0.257945 0.47319 0.133038 0.261394 4.84807e-05
5 0.264597 0.00770777 0.135255 0.0154155 4.86038e-05
6 0.443089 0.077748 0.052476 0.0536193 4.87802e-05
6 0.776977 0.572721 0.0247598 0.0462466 4.87877e-05
9 0.237251 0.00435657 0.0369549 0.00871314 4.87985e-05
6 0.965262 0.927279 0.0650406 0.145442 4.88458e-05
6 0.712121 0.149129 0.00886918 0.0207775 4.90346e-05
6 0.431818 0.00201072 0.0284553 0.00402145 4.90397e-05
6 0.537879 0.0442359 0.0772358 0.0884719 4.91268e-05
9 0.412232 1 0.0594974 0 4.92178e-05
10 0.522912 0.893097 0.0236511 0.123995 4.92982e-05
7 0.636179 0.384719 0.0469327 0.123324 4.93628e-05
6 0.510532 0.0596515 0.0779749 0.119303 4.94507e-05
6 0.46711 0.0807641 0.052476 0.0569705 4.95337e-05
6 0.521064 0.972185 0.0221729 0.0355228 4.96353e-05
6 0.333888 0.647453 0.284183 0.210456 4.9702e-05
6 0.379527 0.587802 0.0251293 0.0402145 4.97241e-05
6 0.42609 0.0224531 0.030303 0.0449062 4.97297e-05
6 0.618071 0.622989 0.0484109 0.0743968 4.97429e-05
8 0.00776053 0.905496 0.0118256 0.158177 4.97838e-05
6 0.243718 0.495643 0.0343681 0.0382038 4.97846e-05
6 0.693459 0.978217 0.0388027 0.0435657 4.9787e-05
6 0.65133 0.648794 0.0580192 0.0764075 4.98116e-05
6 0.495565 0.124665 0.052476 0.0630027 4.99848e-05
6 0.0236511 0.135054 0.0473023 0.11059 5.00284e-05
6 0.589985 0.572721 0.0173688 0.0341823 5.00572e-05
6 0.334442 0.565013 0.0280857 0.0402145 5.00604e-05
6 0.575942 0.146448 0.0151515 0.0274799 5.00683e-05
5 0.847376 0.863941 0.305248 0.272118 5.01816e-05
7 0.339246 0.4437 0.0125647 0.0630027 5.02162e-05
5 0.20473 0.0727212 0.189948 0.145442 5.07036e-05
9 0.766999 0.977547 0.0247598 0.0449062 5.07897e-05
6 0.992609 0.488941 0.014782 0.130697 5.10582e-05
6 0.553769 0.558311 0.0254989 0.036193 5.10622e-05
6 0.453806 0.556971 0.0221729 0.0428954 5.1092e-05
6 0.233001 0.52748 0.018847 0.038874 5.11155e-05
6 0.0310421 0.937332 0.0620843 0.125335 5.12642e-05
6 0.618071 0.984584 0.0358463 0.0308311 5.12689e-05
6 0.440872 0.524799 0.0214339 0.0335121 5.14565e-05
6 0.898744 0.0975201 0.0280857 0.0489276 5.15257e-05
9 0.886364 0.983914 0.0905395 0.0321716 5.15448e-05
6 0.254989 0.493298 0.0280857 0.0375335 5.18113e-05
6 0.540466 0.551944 0.0203252 0.0328418 5.18179e-05
6 0.5085 0.159182 0.014782 0.0261394 5.18585e-05
5 0.77014 0.0241287 0.157428 0.0482574 5.19132e-05
9 0.219327 0.00770777 0.0432373 0.0154155 5.1947e-05
6 0.331301 0.462466 0.0173688 0.0469169 5.20961e-05
6 0.438655 0.122654 0.0532151 0.0563003 5.20973e-05
6 0.260902 0.0904826 0.0591279 0.0630027 5.21078e-05
6 0.301367 0.122989 0.0129342 0.0247989 5.214e-05
9 0.791759 0.976877 0.0314117 0.0462466 5.21496e-05
6 0.526053 0.76508 0.033629 0.0784182 5.21982e-05
5 0.465817 0.00435657 0.123799 0.00871314 5.22499e-05
6 0.928123 0.974196 0.0454545 0.0516086 5.24164e-05
9 0.869734 0.993968 0.0890613 0.0120643 5.24356e-05
6 0.54065 0.0187668 0.0886918 0.0375335 5.24721e-05
3 0.118995 0.413874 0.23799 0.827748 5.25285e-05
9 0.600517 1 0.0613452 0 5.25745e-05
6 0.752956 0.59618 0.0247598 0.0408847 5.27245e-05
6 0.326312 0.619303 0.0199557 0.0455764 5.27435e-05
9 0.336844 1 0.0617147 0 5.2761e-05
6 0.894309 0.189343 0.0347376 0.0636729 5.28843e-05
5 0.0735403 0.0703753 0.147081 0.115281 5.29525e-05
9 0.779749 0.977212 0.0273466 0.0455764 5.29549e-05
6 0.298226 0.0713807 0.045085 0.0569705 5.29686e-05
6 0.71711 0.439343 0.056541 0.099866 5.30163e-05
6 0.480044 0.626005 0.0251293 0.103217 5.30724e-05
6 0.315225 0.990282 0.0369549 0.019437 5.31499e-05
6 0.587768 0.0934987 0.0587583 0.05563 5.32879e-05
6 0.570953 0.141421 0.0133038 0.0254692 5.3438e-05
7 0.419623 0.642426 0.0136733 0.0636729 5.35561e-05
5 0.0877679 0.0100536 0.175536 0.0201072 5.36499e-05
9 0.300443 1 0.0613452 0 5.36551e-05
6 0.426275 0.619303 0.0151515 0.0442359 5.36875e-05
5 0.50037 0.173928 0.283075 0.132038 5.38196e-05
6 0.217849 0.976877 0.0358463 0.0462466 5.38288e-05
6 0.386364 0.63874 0.0181079 0.0549598 5.38552e-05
6 0.408352 0.98693 0.0354767 0.0261394 5.38677e-05
6 0.0569106 0.404491 0.0709534 0.199062 5.40206e-05
6 0.496674 0.077748 0.0546933 0.0656836 5.41448e-05
5 0.282151 0.077748 0.196231 0.143432 5.4245e-05
5 0.615299 0.97252 0.382114 0.0549598 5.43121e-05
8 0.742239 0.976206 0.0314117 0.0475871 5.43503e-05
9 0.374908 1 0.0609756 0 5.44375e-05
0 0.993163 0.108244 0.0136733 0.0650134 5.46613e-05
6 0.130266 0.0985255 0.018847 0.036193 5.48306e-05
6 0.497228 0.539209 0.0254989 0.0449062 5.48468e-05
6 0.247598 0.550268 0.0221729 0.0509383 5.4924e-05
6 0.350333 0.233914 0.0206948 0.0844504 5.51072e-05
6 0.242794 0.513405 0.0206948 0.0428954 5.51616e-05
6 0.733001 0.512399 0.0328899 0.0449062 5.52676e-05
7 0.481338 0.389075 0.0439763 0.11193 5.53062e-05
9 0.969327 0.996984 0.0532151 0.00603217 5.53762e-05
9 0.0271619 0.98626 0.0543237 0.0274799 5.56715e-05
9 0.637103 1 0.0643016 0 5.58378e-05
6 0.854398 0.973861 0.0362158 0.0522788 5.58662e-05
6 0.714338 0.535858 0.0273466 0.0516086 5.58772e-05
9 0.668884 0.989276 0.173688 0.0214477 5.62445e-05
6 0.347561 0.109584 0.0772358 0.0824397 5.63464e-05
9 0.240761 0.0097185 0.0521064 0.019437 5.6409e-05
6 0.736142 0.574732 0.0864745 0.103887 5.64145e-05
6 0.277716 0.991287 0.0380636 0.0174263 5.64511e-05
5 0.825942 0.0918231 0.348115 0.183646 5.69044e-05
6 0.763304 0.572386 0.115669 0.146113 5.69051e-05
9 0.804324 0.974196 0.0343681 0.0516086 5.73529e-05
6 0.985588 0.0911528 0.0288248 0.120643 5.75435e-05
6 0.531781 0.969839 0.0258684 0.0603217 5.78676e-05
5 0.160015 0.918566 0.32003 0.121314 5.8011e-05
6 0.933296 0.976542 0.0343681 0.0402145 5.81741e-05
9 0.674612 1 0.063932 0 5.81746e-05
6 0.370843 0.595509 0.0247598 0.0422252 5.82658e-05
6 0.855137 0.934651 0.0731707 0.101206 5.84164e-05
6 0.0352919 0.262735 0.0705839 0.246649 5.85273e-05
5 0.322432 0.110255 0.154102 0.113271 5.92693e-05
6 0.592018 0.111595 0.022912 0.0341823 5.93551e-05
8 0.72986 0.976206 0.0332594 0.0475871 5.95499e-05
9 0.810421 0.977882 0.189209 0.0442359 5.95562e-05
6 0.0792683 0.100201 0.0232816 0.0355228 5.95591e-05
6 0.242794 0.94437 0.0325203 0.0630027 5.96347e-05
6 0.781042 0.937332 0.0277162 0.125335 5.96748e-05
5 0.693459 0.132373 0.123799 0.11193 5.97744e-05
6 0.608463 0.00335121 0.0247598 0.00670241 5.99525e-05
2 0.161678 0.355898 0.144494 0.335121 6.02084e-05
10 0.527531 0.858579 0.0218034 0.112601 6.0333e-05
6 0.248337 0.524464 0.082779 0.0837802 6.05718e-05
6 0.603289 0.538874 0.0373245 0.0375335 6.05857e-05
6 0.116223 0.100201 0.018847 0.0368633 6.06615e-05
5 0.835735 0.0489276 0.328529 0.0978552 6.06763e-05
6 0.246489 0.557641 0.0517369 0.0710456 6.07343e-05
5 0.130081 0.148794 0.18847 0.156836 6.07787e-05
6 0.656504 0.991622 0.0321508 0.016756 6.10197e-05
9 0.712491 1 0.0643016 0 6.12841e-05
6 0.329823 0.977212 0.0402809 0.0455764 6.13566e-05
9 0.664634 0.986595 0.0476718 0.0268097 6.13898e-05
6 0.507761 0.144772 0.0214339 0.041555 6.21371e-05
6 0.422025 0.0237936 0.082779 0.0475871 6.2211e-05
9 0.74963 1 0.0624538 0 6.25336e-05
6 0.280673 0.0978552 0.0594974 0.0871314 6.31707e-05
6 0.580007 0.991287 0.0291944 0.0174263 6.31836e-05
6 0.732262 0.574062 0.0284553 0.0475871 6.32953e-05
9 0.420547 0.993633 0.0798226 0.0127346 6.35489e-05
6 0.444568 0.502011 0.0369549 0.0375335 6.36604e-05
6 0.487435 0.567024 0.0436068 0.077748 6.37773e-05
6 0.234479 0.509383 0.0173688 0.041555 6.37781e-05
6 0.107724 0.291555 0.0609756 0.27882 6.40298e-05
5 0.660015 0.047252 0.198078 0.094504 6.4136e-05
6 0.220251 0.992627 0.0458241 0.0147453 6.41727e-05
6 0.896341 0.0968499 0.0646711 0.0717158 6.42948e-05
6 0.223947 0.928954 0.0569106 0.0857909 6.44983e-05
6 0.737805 0.599196 0.0476718 0.0737265 6.4702e-05
6 0.0432373 0.789209 0.0665189 0.113271 6.47139e-05
5 0.824464 0.0395442 0.115299 0.0790885 6.48294e-05
6 0.142461 0.991622 0.0676275 0.016756 6.50592e-05
6 0.503695 0.492962 0.0199557 0.0435657 6.50617e-05
6 0.633407 0.1937 0.0206948 0.0402145 6.5485e-05
6 0.582779 0.118298 0.0280857 0.0355228 6.593e-05
6 0.592387 0.10992 0.0125647 0.0174263 6.63192e-05
6 0.577236 0.485925 0.0103474 0.0375335 6.68907e-05
10 0.829084 0.891756 0.0247598 0.16555 6.72371e-05
9 0.78714 1 0.0620843 0 6.73488e-05
6 0.526792 0.494973 0.0121951 0.0341823 6.74703e-05
6 0.985218 0.339477 0.0295639 0.225871 6.79658e-05
6 0.576127 0.491287 0.0206948 0.0442359 6.86007e-05
6 0.420916 0.972185 0.0805617 0.05563 6.90128e-05
6 0.404102 0.549598 0.0284553 0.0402145 6.91877e-05
6 0.509054 0.140416 0.00997783 0.019437 6.92406e-05
6 0.915743 0.118298 0.0162602 0.0516086 6.96439e-05
6 0.433296 0.966153 0.0513673 0.0435657 6.96723e-05
9 0.594789 0.981568 0.0380636 0.0368633 7.0068e-05
6 0.895972 0.438338 0.0617147 0.298928 7.0077e-05
6 0.694383 0.993968 0.0487805 0.0120643 7.00904e-05
10 0.993533 0.103552 0.0129342 0.136059 7.00914e-05
6 0.529379 0.549933 0.018847 0.0368633 7.03409e-05
6 0.249076 0.556971 0.112343 0.156836 7.05689e-05
6 0.00683666 0.828083 0.0136733 0.182976 7.07056e-05
9 0.861234 1 0.0580192 0 7.07699e-05
7 0.280857 0.219504 0.0436068 0.330429 7.08412e-05
6 0.906874 0.979223 0.0465632 0.041555 7.10499e-05
6 0.523282 0.537534 0.0214339 0.0335121 7.11705e-05
6 0.715632 0.9313 0.0816704 0.11059 7.1353e-05
9 0.467664 0.984584 0.199187 0.0308311 7.1441e-05
6 0.292683 0.976206 0.0399113 0.0475871 7.15417e-05
8 0.993718 0.0630027 0.0125647 0.126005 7.18519e-05
6 0.430155 0.0147453 0.0266075 0.0294906 7.18833e-05
6 0.0683666 0.144102 0.134516 0.121984 7.19991e-05
6 0.928123 0.140416 0.143755 0.126676 7.20269e-05
6 0.992794 0.162534 0.0144124 0.0636729 7.25307e-05
6 0.572432 0.979893 0.0702143 0.0402145 7.25634e-05
5 0.139135 0.0603217 0.211013 0.120643 7.27287e-05
6 0.856245 0.993298 0.0428677 0.0134048 7.27655e-05
6 0.842387 0.108579 0.0661493 0.0710456 7.28048e-05
9 0.825018 1 0.0602365 0 7.2898e-05
6 0.630266 0.981903 0.0343681 0.036193 7.32184e-05
6 0.570399 0.15382 0.011456 0.022118 7.34827e-05
6 0.642461 0.582775 0.0240207 0.0449062 7.34908e-05
6 0.537509 0.486595 0.033629 0.041555 7.35713e-05
5 0.0628234 0.853217 0.109387 0.269437 7.43932e-05
6 0.932927 0.951743 0.0291944 0.0965147 7.51787e-05
6 0.532336 0.97252 0.0218034 0.0321716 7.52582e-05
3 0.849963 0.411193 0.300074 0.755362 7.53379e-05
6 0.419069 0.501005 0.235772 0.05563 7.574e-05
2 0.327605 0.418901 0.194752 0.174263 7.63666e-05
6 0.153178 0.528485 0.108278 0.236595 7.66561e-05
6 0.348115 0.00368633 0.0325203 0.00737265 7.70898e-05
6 0.631559 0.185992 0.0133038 0.0234584 7.70916e-05
6 0.555432 0.581434 0.0177384 0.0368633 7.71419e-05
6 0.582779 0.115952 0.014782 0.0187668 7.74425e-05
6 0.254435 0.975536 0.04102 0.0489276 7.75292e-05
6 0.900776 0.0784182 0.0254989 0.0428954 7.77126e-05
6 0.806911 0.928954 0.0572801 0.0790885 7.80694e-05
6 0.432188 0.981568 0.04102 0.0368633 7.81017e-05
6 0.193829 0.97185 0.0476718 0.0563003 7.83371e-05
5 0.721175 0.836126 0.343311 0.164209 7.83427e-05
6 0.780303 0.943365 0.0232816 0.0516086 7.83784e-05
6 0.644678 0.994638 0.0447154 0.0107239 7.85813e-05
6 0.440318 0.559651 0.0225425 0.0348525 7.87948e-05
6 0.387657 0.61126 0.0362158 0.0683646 7.89213e-05
6 0.367517 0.992627 0.0351072 0.0147453 7.89675e-05
6 0.902069 0.266421 0.0909091 0.128016 7.89692e-05
6 0.742794 0.573727 0.0273466 0.0469169 7.95043e-05
6 0.141353 0.410188 0.0705839 0.280161 7.95598e-05
6 0.441796 0.512064 0.0254989 0.036193 7.97515e-05
9 0.163525 0.998995 0.0801922 0.00201072 7.99246e-05
6 0.515706 0.525134 0.185144 0.0810992 7.99801e-05
4 0.279933 0.727212 0.559867 0.403485 8.05954e-05
5 0.363267 0.843499 0.381375 0.144102 8.06222e-05
9 0.518108 0.993633 0.0362158 0.0127346 8.06346e-05
6 0.584812 0.644772 0.0402809 0.0697051 8.091e-05
5 0.855876 0.0821046 0.157428 0.106568 8.09202e-05
9 0.956763 0.989611 0.0864745 0.0207775 8.09288e-05
6 0.168514 0.991287 0.0628234 0.0174263 8.10643e-05
5 0.411678 0.98693 0.399113 0.0261394 8.16576e-05
6 0.951959 0.173592 0.09017 0.0643432 8.19041e-05
5 0.832964 0.896448 0.334072 0.148123 8.24088e-05
4 0.785107 0.797587 0.429786 0.404826 8.24892e-05
6 0.258684 0.483914 0.0665189 0.0898123 8.27641e-05
6 0.730044 0.493298 0.0890613 0.101877 8.28438e-05
6 0.617147 0.621649 0.364375 0.217828 8.29871e-05
9 0.89357 0.0147453 0.0495196 0.0294906 8.31935e-05
5 0.517184 0.856903 0.34405 0.123995 8.34609e-05
5 0.205285 0.257038 0.410569 0.514075 8.35536e-05
6 0.507391 0.149129 0.067997 0.11193 8.38801e-05
6 0.944013 0.154826 0.0580192 0.080429 8.40486e-05
5 0.667221 0.0137399 0.121582 0.0274799 8.41473e-05
6 0.283075 0.932306 0.0805617 0.112601 8.44128e-05
9 0.709165 0.98626 0.0739098 0.0274799 8.45758e-05
9 0.73799 0.979223 0.240207 0.041555 8.52378e-05
6 0.574464 0.646448 0.145233 0.142761 8.5447e-05
8 0.719512 0.994303 0.0436068 0.0113941 8.59224e-05
6 0.47524 0.524799 0.082779 0.0710456 8.60062e-05
6 0.610126 0.655831 0.0702143 0.0663539 8.64032e-05
6 0.569475 0.59618 0.0221729 0.0435657 8.65332e-05
6 0.431079 0.0127346 0.0602365 0.0254692 8.66714e-05
6 0.652439 0.580094 0.0321508 0.0475871 8.73637e-05
5 0.432742 0.0375335 0.150776 0.075067 8.81758e-05
6 0.706024 0.580429 0.0558019 0.0603217 8.83678e-05
9 0.531596 0.987265 0.0291944 0.0254692 8.83965e-05
6 0.731153 0.534853 0.0328899 0.0536193 8.86782e-05
6 0.331486 0.993633 0.0509978 0.0127346 8.89224e-05
6 0.45935 0.48626 0.0177384 0.0355228 8.89331e-05
6 0.990207 0.127346 0.0121951 0.0898123 8.95092e-05
6 0.776423 0.553954 0.0243902 0.0449062 8.95571e-05
6 0.201959 0.871984 0.0624538 0.238606 8.99917e-05
6 0.564117 0.645107 0.0402809 0.0824397 9.001e-05
7 0.301367 0.220845 0.0166297 0.240617 9.01628e-05
6 0.41796 0.992292 0.0325203 0.0154155 9.02956e-05
4 0.81116 0.730228 0.32816 0.396113 9.04274e-05
9 0.83204 0.999665 0.0764967 0.000670241 9.07662e-05
5 0.918884 0.0140751 0.152624 0.0281501 9.10968e-05
6 0.605506 0.991287 0.0314117 0.0174263 9.11839e-05
6 0.533629 0.508043 0.030303 0.0348525 9.12422e-05
6 0.544531 0.982239 0.0661493 0.0355228 9.21207e-05
6 0.575018 0.668566 0.0236511 0.0650134 9.2305e-05
6 0.593496 0.495308 0.0206948 0.0348525 9.23385e-05
9 0.68071 0.98693 0.0790835 0.0261394 9.25113e-05
5 0.842387 0.0137399 0.131929 0.0274799 9.27335e-05
6 0.932188 0.13941 0.0284553 0.0643432 9.28858e-05
2 0.511826 0.409853 0.324464 0.145442 9.29562e-05
9 0.901515 0.0613271 0.0247598 0.0315013 9.30036e-05
6 0.334812 0.471515 0.0140429 0.0382038 9.40422e-05
6 0.599594 0.575737 0.0395418 0.0549598 9.41187e-05
6 0.436068 0.580094 0.0546933 0.0596515 9.43131e-05
6 0.512749 0.545241 0.0365854 0.0596515 9.45483e-05
8 0.995935 0.0412198 0.00813008 0.0784182 9.48513e-05
9 0.901885 1 0.0587583 0 9.48884e-05
9 0.825203 0.984249 0.0606061 0.0315013 9.51902e-05
7 0.504619 0.381702 0.0550628 0.114611 9.5532e-05
9 0.88082 0.992292 0.04915 0.0154155 9.5963e-05
8 0.992239 0.047252 0.0140429 0.0851206 9.61713e-05
7 0.344789 0.230898 0.0103474 0.0824397 9.66784e-05
6 0.674058 0.587466 0.0251293 0.0516086 9.71256e-05
5 0.800998 0.943365 0.398004 0.113271 9.71992e-05
6 0.557834 0.594504 0.0195861 0.0469169 9.72929e-05
6 0.0110865 0.0914879 0.0221729 0.0918231 9.75207e-05
6 0.422579 0.51508 0.125277 0.0810992 9.77607e-05
5 0.29102 0.249665 0.0927568 0.237936 9.78649e-05
9 0.567997 0.992627 0.0487805 0.0147453 9.81225e-05
6 0.391353 0.992627 0.0317812 0.0147453 9.92365e-05
9 0.350702 0.00938338 0.0473023 0.0187668 9.92989e-05
6 0.505913 0.712131 0.0495196 0.128016 0.000100336
6 0.760163 0.51374 0.022912 0.0489276 0.000100478
6 0.490022 0.490281 0.0192166 0.0422252 0.000100732
2 0.395787 0.388405 0.291205 0.136059 0.000101093
5 0.541944 0.0241287 0.211013 0.0482574 0.000101163
6 0.294161 0.992962 0.0509978 0.0140751 0.000101358
9 0.444013 0.988941 0.0343681 0.022118 0.000101433
6 0.531227 0.733579 0.0447154 0.105228 0.000101838
6 0.378049 0.563673 0.0266075 0.0495979 0.000104627
6 0.55728 0.645107 0.022912 0.0422252 0.00010572
6 0.584996 0.528485 0.0206948 0.0301609 0.000105961
4 0.481153 0.652145 0.373984 0.215818 0.000105963
9 0.409276 0.98626 0.0764967 0.0274799 0.000106624
7 0.4017 0.638405 0.0155211 0.058311 0.000107199
6 0.618256 0.500335 0.0280857 0.0435657 0.000107599
9 0.717849 0.977882 0.0321508 0.0442359 0.00010762
6 0.574095 0.127346 0.0498891 0.0536193 0.000107679
6 0.279194 0.499665 0.0602365 0.102547 0.000108421
9 0.991131 0.937668 0.0177384 0.0965147 0.000108565
6 0.512195 0.526475 0.0243902 0.0355228 0.000108588
5 0.171286 0.025134 0.18071 0.0502681 0.000109395
6 0.297302 0.112601 0.0321508 0.0469169 0.000109554
6 0.277347 0.607909 0.0225425 0.038874 0.000109995
6 0.603289 0.612936 0.018847 0.0408847 0.000110584
6 0.790466 0.515416 0.0206948 0.0402145 0.000111257
9 0.801737 0.981903 0.0757576 0.036193 0.000111358
6 0.567443 0.503016 0.033629 0.0408847 0.000112211
6 0.558019 0.668231 0.0280857 0.0549598 0.000112349
7 0.641537 0.413539 0.0184775 0.0884719 0.000112357
5 0.21711 0.937668 0.43422 0.124665 0.000113241
5 0.329638 0.0191019 0.166297 0.0382038 0.000113587
2 0.91796 0.372989 0.109387 0.262064 0.00011364
9 0.927568 0.994638 0.052476 0.0107239 0.000113826
9 0.468404 0.992962 0.033629 0.0140751 0.000114523
7 0.638766 0.456769 0.0136733 0.0690349 0.000114691
6 0.256652 0.536193 0.0306726 0.0469169 0.000114694
6 0.256282 0.992627 0.0513673 0.0147453 0.000114936
6 0.179231 0.385054 0.104952 0.149464 0.000115008
7 0.659645 0.453753 0.0169993 0.0589812 0.000115015
9 0.617147 1 0.0694752 0 0.00011507
6 0.989098 0.155161 0.0144124 0.0797587 0.00011556
6 0.42646 0.00837802 0.0199557 0.016756 0.000116215
9 0.554878 0.990952 0.0321508 0.0180965 0.000116293
5 0.73799 0.959115 0.331116 0.0817694 0.00011682
5 0.129157 0.987601 0.258315 0.0247989 0.000116837
5 0.225425 0.0160858 0.156689 0.0321716 0.000117981
5 0.723947 0.922587 0.272727 0.113271 0.000118021
9 0.494826 0.982909 0.0502587 0.0341823 0.000118349
9 0.556541 0.981233 0.0391722 0.0375335 0.00011836
6 0.406874 0.981568 0.0413895 0.0368633 0.000118513
6 0.601441 0.0217828 0.0631929 0.0435657 0.000120495
5 0.368625 0.0311662 0.16371 0.0623324 0.000121262
5 0.476718 0.852547 0.665928 0.203753 0.000122301
5 0.823355 0.991957 0.353289 0.0160858 0.000122412
5 0.154656 0.835121 0.309313 0.270777 0.000122649
9 0.594235 0.992627 0.045085 0.0147453 0.000122733
6 0.747598 0.928284 0.0879527 0.108579 0.00012298
6 0.564856 0.578083 0.0343681 0.0542895 0.000123206
6 0.813747 0.939678 0.0192166 0.0630027 0.000123529
9 0.458426 0.987601 0.0794531 0.0247989 0.00012362
6 0.394679 0.636059 0.014782 0.0576407 0.000123969
6 0.770325 0.502346 0.0277162 0.0422252 0.000124264
6 0.495935 0.520777 0.0221729 0.0402145 0.000124757
9 0.430155 0.989276 0.0458241 0.0214477 0.000126297
8 0.907613 0.968499 0.0583888 0.0630027 0.000126298
6 0.247044 0.52815 0.04102 0.0402145 0.000126389
5 0.713415 0.895442 0.406874 0.0924933 0.000126488
6 0.781227 0.928954 0.0746489 0.0857909 0.000127807
5 0.853104 0.982909 0.293792 0.0341823 0.000127869
9 0.357724 0.0127346 0.0776053 0.0254692 0.000128019
6 0.418884 0.616287 0.018847 0.0435657 0.000128577
9 0.481523 0.989611 0.0384331 0.0207775 0.000129033
9 0.963599 0.975201 0.0728012 0.0495979 0.000129414
6 0.762565 0.546917 0.0794531 0.0924933 0.000131556
6 0.0794531 0.953083 0.0546933 0.0924933 0.000131678
6 0.728936 0.495308 0.056541 0.0589812 0.000131731
9 0.378788 0.997319 0.0694752 0.00536193 0.000133154
6 0.564671 0.657842 0.0894309 0.094504 0.000133319
6 0.98799 0.265751 0.0240207 0.162869 0.00013351
6 0.70898 0.593834 0.106061 0.117962 0.000133847
6 0.315041 0.574732 0.0269771 0.0382038 0.00013504
9 0.680894 1 0.0779749 0 0.000135633
9 0.196231 1 0.0724316 0 0.000135752
6 0.404656 0.524799 0.0243902 0.0348525 0.000136044
9 0.668884 0.978552 0.0406504 0.0428954 0.000136265
9 0.457502 0.982574 0.0391722 0.0348525 0.000136476
7 0.348854 0.219504 0.00960828 0.0770777 0.000136553
6 0.253695 0.932641 0.0691057 0.102547 0.000136556
6 0.267554 0.533847 0.0310421 0.0489276 0.000137265
7 0.619919 0.441019 0.0676275 0.13941 0.000138014
6 0.357908 0.58445 0.0247598 0.0428954 0.000138303
6 0.194198 0.991622 0.0543237 0.016756 0.000138417
6 0.946231 0.26374 0.0801922 0.141421 0.000138596
5 0.357169 0.247319 0.230229 0.261394 0.000138682
9 0.53252 0.984249 0.0362158 0.0315013 0.00013922
6 0.0375092 0.174263 0.0750185 0.0898123 0.000139403
6 0.268847 0.555295 0.0314117 0.058311 0.000140571
6 0.500739 0.451072 0.0635625 0.0616622 0.00014093
5 0.511826 0.06937 0.255728 0.13874 0.00014167
5 0.236881 0.196046 0.473762 0.349196 0.000142102
6 0.558758 0.625 0.0192166 0.0435657 0.000142266
9 0.530673 0.992962 0.0295639 0.0140751 0.000142286
6 0.427014 0.598525 0.140059 0.128686 0.000142895
6 0.47912 0.653485 0.078714 0.151475 0.000144526
9 0.794715 1 0.0698448 0 0.000144691
9 0.5449 0.98626 0.0358463 0.0274799 0.00014485
6 0.381005 0.981568 0.0384331 0.0368633 0.000146751
6 0.353474 0.474866 0.0195861 0.0435657 0.000148353
9 0.943644 0.0378686 0.112712 0.0757373 0.000149179
5 0.58592 0.041555 0.190318 0.0831099 0.000149485
6 0.668699 0.517426 0.0277162 0.0656836 0.000150978
5 0.737251 0.894102 0.424242 0.211796 0.000151302
6 0.752956 0.57071 0.0254989 0.0489276 0.00015284
5 0.134701 0.0170912 0.166667 0.0341823 0.000152881
5 0.61105 0.252011 0.352919 0.170241 0.000154837
9 0.759793 1 0.0739098 0 0.000155822
6 0.765336 0.57071 0.0266075 0.0422252 0.000156692
10 0.531781 0.911863 0.022912 0.102547 0.000156705
6 0.571693 0.555295 0.0206948 0.0301609 0.000157177
6 0.54139 0.550603 0.0347376 0.0462466 0.00015725
9 0.646526 1 0.0683666 0 0.000158765
6 0.197894 0.875335 0.0476718 0.136729 0.000158892
6 0.518662 0.501005 0.0151515 0.0328418 0.000159066
6 0.827975 0.941354 0.0240207 0.117292 0.000159253
0 0.00665188 0.854893 0.0133038 0.290214 0.000163024
6 0.456948 0.522118 0.0306726 0.038874 0.000163269
6 0.0746489 0.918566 0.0532151 0.162869 0.000164091
6 0.620103 0.992962 0.0465632 0.0140751 0.00016528
6 0.464893 0.491287 0.0317812 0.0402145 0.000166229
7 0.247044 0.240282 0.0181079 0.349196 0.000168205
6 0.539172 0.517761 0.0184775 0.0368633 0.000169022
5 0.467295 0.0160858 0.204361 0.0321716 0.000170205
9 0.720436 1 0.0728012 0 0.000170776
7 0.349409 0.220174 0.0121951 0.153485 0.000173401
5 0.310976 0.099866 0.621951 0.199732 0.000173413
9 0.544346 0.98559 0.176644 0.0288204 0.000173635
7 0.67609 0.441354 0.018847 0.099866 0.000174159
6 0.355321 0.993298 0.0558019 0.0134048 0.000174779
5 0.178862 0.97185 0.357724 0.0563003 0.000175555
9 0.914265 0.989946 0.143385 0.0201072 0.000177435
6 0.776238 0.495308 0.0166297 0.0442359 0.000177561
6 0.376016 0.52681 0.026238 0.0348525 0.000181138
6 0.920916 0.140416 0.0192166 0.0529491 0.000181628
9 0.749261 0.984584 0.0661493 0.0308311 0.00018227
6 0.636733 0.553284 0.0221729 0.0422252 0.00018403
6 0.538803 0.531836 0.0214339 0.0355228 0.00018462
6 0.405211 0.498324 0.018847 0.0288204 0.000184965
5 0.700665 0.0757373 0.59867 0.151475 0.000189446
9 0.269401 1 0.0716925 0 0.000190551
6 0.714708 0.559316 0.0295639 0.0489276 0.000190856
6 0.461936 0.568365 0.0495196 0.0710456 0.000190869
5 0.503326 0.165885 0.414634 0.208445 0.000193858
9 0.233555 1 0.0702143 0 0.000194937
3 0.0933112 0.546917 0.186622 0.715818 0.000196454
9 0.505543 0.993968 0.0583888 0.0120643 0.000196589
6 0.40558 0.993633 0.0476718 0.0127346 0.000196668
6 0.592387 0.558646 0.0266075 0.0328418 0.000198605
9 0.443829 0.993968 0.0458241 0.0120643 0.000199599
2 0.473762 0.468164 0.562454 0.136059 0.000200516
6 0.333333 0.524464 0.0384331 0.0449062 0.000204295
6 0.986511 0.148794 0.0269771 0.119303 0.000204647
6 0.281412 0.585791 0.12306 0.143432 0.00020622
6 0.710828 0.157507 0.0210643 0.0549598 0.000206348
6 0.0482262 0.779491 0.078714 0.257373 0.000206555
3 0.866408 0.561327 0.267184 0.831769 0.000207045
6 0.28714 0.590483 0.0236511 0.0482574 0.00020766
6 0.793052 0.933646 0.0369549 0.132708 0.000208823
6 0.580931 0.655496 0.0214339 0.0563003 0.00020918
6 0.488914 0.508378 0.0206948 0.0382038 0.00020918
5 0.401146 0.0123995 0.172579 0.0247989 0.000212806
5 0.259239 0.256032 0.0314117 0.24933 0.000213921
6 0.82779 0.944035 0.0184775 0.058311 0.000214395
9 0.669069 0.993633 0.0484109 0.0127346 0.000215299
6 0.415004 0.507708 0.0495196 0.0516086 0.00021591
7 0.647081 0.454759 0.0243902 0.0797587 0.000216591
6 0.616223 0.581434 0.0203252 0.0328418 0.000220252
6 0.380451 0.993298 0.0461936 0.0134048 0.000225372
6 0.106245 0.221515 0.0735403 0.137399 0.000227556
6 0.589061 0.614276 0.0199557 0.0395442 0.000227622
6 0.25425 0.515751 0.0325203 0.0462466 0.000228294
6 0.463599 0.566689 0.190318 0.13874 0.000228862
5 0.483925 0.0737265 0.790466 0.147453 0.000230989
6 0.732262 0.572721 0.185144 0.232574 0.000231201
0 0.947894 0.808311 0.0842572 0.383378 0.000231785
6 0.425536 0.59752 0.0380636 0.0663539 0.000233491
3 0.167221 0.517091 0.334442 0.803619 0.000235849
6 0.343496 0.58445 0.0380636 0.0656836 0.000236309
6 0.548411 0.479893 0.0546933 0.0670241 0.000236454
6 0.940133 0.178284 0.116038 0.11126 0.000241643
9 0.342387 1 0.0661493 0 0.000251829
6 0.7949 0.941019 0.0413895 0.0576407 0.000256874
5 0.840724 0.969169 0.318551 0.0616622 0.000257823
6 0.449002 0.535858 0.0406504 0.0341823 0.000270343
2 0.365115 0.469169 0.402069 0.219839 0.000270536
5 0.806911 0.176609 0.386179 0.342493 0.00027106
6 0.382483 0.49933 0.0214339 0.0375335 0.000275275
6 0.503141 0.54256 0.41796 0.176273 0.000276033
6 0.710458 0.155161 0.00997783 0.0274799 0.000276635
9 0.304139 1 0.0650406 0 0.000278337
6 0.60218 0.0080429 0.0218034 0.0160858 0.00027993
6 0.346822 0.48492 0.0173688 0.0341823 0.000282284
6 0.386733 0.575067 0.239837 0.147453 0.000285367
6 0.985403 0.259383 0.0291944 0.126005 0.000287249
6 0.298041 0.539544 0.15558 0.16622 0.000288235
6 0.703991 0.152145 0.0443459 0.0710456 0.00028928
9 0.456024 0.989946 0.0436068 0.0201072 0.000303965
6 0.580377 0.561662 0.0528455 0.0616622 0.000305603
5 0.883407 0.0274799 0.185883 0.0549598 0.000306122
6 0.339616 0.55496 0.0273466 0.0442359 0.00031314
9 0.481523 0.992627 0.0569106 0.0147453 0.000314336
6 0.608463 0.0288204 0.0269771 0.0576407 0.000315217
6 0.476349 0.588472 0.0635625 0.10992 0.000316303
6 0.571508 0.578753 0.0158906 0.0301609 0.000317191
6 0.36881 0.573727 0.0288248 0.0442359 0.000318462
9 0.910015 0.991287 0.0720621 0.0174263 0.000321201
6 0.341463 0.481233 0.0140429 0.0308311 0.000322432
8 0.973947 0.0831099 0.0277162 0.0683646 0.000322563
6 0.392276 0.533512 0.0203252 0.0335121 0.000322903
6 0.480783 0.496984 0.0243902 0.0449062 0.000329257
6 0.591463 0.543566 0.0388027 0.0428954 0.000333478
5 0.611973 0.0144102 0.192905 0.0288204 0.000334143
7 0.665373 0.418901 0.116408 0.147453 0.000344377
6 0.91796 0.0884719 0.0243902 0.0536193 0.00034469
6 0.672764 0.582105 0.0779749 0.0918231 0.000345505
5 0.503141 0.937668 0.655211 0.124665 0.000351161
6 0.105137 0.267426 0.0543237 0.123324 0.00036311
6 0.731523 0.536193 0.0631929 0.0643432 0.000365611
6 0.566519 0.660858 0.0280857 0.0576407 0.000368788
6 0.575203 0.643432 0.0218034 0.0536193 0.000373538
6 0.427199 0.567024 0.0206948 0.0375335 0.000376937
9 0.543976 0.992292 0.0473023 0.0154155 0.000377659
6 0.606245 0.0160858 0.0343681 0.0321716 0.000383631
6 0.73762 0.554625 0.0428677 0.0542895 0.000387098
6 0.390798 0.505362 0.0158906 0.0308311 0.00041132
6 0.599594 0.503686 0.0351072 0.0395442 0.000414197
2 0.459719 0.415214 0.668145 0.327748 0.000418831
6 0.5898 0.59819 0.254989 0.134718 0.000426964
6 0.571138 0.61126 0.0269771 0.0536193 0.000430091
6 0.27476 0.51374 0.0543237 0.0529491 0.000442938
6 0.365854 0.504692 0.0465632 0.0589812 0.000445871
6 0.402069 0.602882 0.0273466 0.0623324 0.000455629
6 0.400776 0.619303 0.0203252 0.0576407 0.000483346
6 0.403363 0.563673 0.0890613 0.0683646 0.000493985
6 0.577605 0.618968 0.0199557 0.0395442 0.000522007
6 0.764412 0.547252 0.0218034 0.0435657 0.000526388
6 0.302291 0.56937 0.0243902 0.0435657 0.00053111
7 0.502402 0.393432 0.117886 0.10992 0.000549164
3 0.704176 0.587466 0.488174 0.581099 0.000556046
6 0.591463 0.592493 0.0328899 0.038874 0.000557783
6 0.366223 0.583445 0.0391722 0.0824397 0.000558218
6 0.730783 0.535523 0.119364 0.13941 0.000569473
6 0.580377 0.591823 0.0195861 0.036193 0.0005723
6 0.608463 0.0130697 0.018847 0.0261394 0.000573828
5 0.496859 0.976877 0.451959 0.0462466 0.000577711
6 0.466371 0.52748 0.0236511 0.036193 0.000584923
5 0.50037 0.252011 0.0916482 0.180965 0.000590715
6 0.470621 0.538204 0.0454545 0.038874 0.000595815
6 0.510532 0.514075 0.0210643 0.038874 0.000598438
6 0.480414 0.523458 0.0243902 0.0402145 0.000603039
6 0.574649 0.52681 0.0206948 0.0308311 0.000617182
6 0.425166 0.50067 0.011456 0.0321716 0.00063164
6 0.987066 0.197721 0.0258684 0.11126 0.000636432
6 0.274205 0.574062 0.0606061 0.0931635 0.000636786
6 0.694752 0.563338 0.0643016 0.099866 0.000648556
6 0.667406 0.567694 0.0288248 0.0428954 0.000652099
6 0.289911 0.573391 0.0291944 0.0475871 0.000669947
6 0.767923 0.528485 0.0221729 0.0462466 0.000721302
6 0.534183 0.591488 0.0646711 0.094504 0.000741177
6 0.365484 0.585456 0.0805617 0.11193 0.000744934
6 0.696785 0.476542 0.0151515 0.0576407 0.000757596
6 0.578344 0.562332 0.0169993 0.0281501 0.00075907
6 0.77476 0.51374 0.0195861 0.0462466 0.000771912
6 0.575758 0.538204 0.0310421 0.0335121 0.000779969
6 0.283075 0.558311 0.0266075 0.0482574 0.000804867
6 0.478197 0.511394 0.0243902 0.036193 0.000842976
6 0.597007 0.566019 0.137842 0.058311 0.000860628
6 0.530673 0.540885 0.0369549 0.0428954 0.000861965
6 0.573171 0.570375 0.0273466 0.0375335 0.000865988
6 0.421101 0.590147 0.0203252 0.0395442 0.000874968
6 0.42609 0.518432 0.0155211 0.0328418 0.000907807
6 0.519956 0.529155 0.0214339 0.0288204 0.000933099
3 0.329084 0.54122 0.533259 0.524799 0.000969759
6 0.579268 0.577413 0.0158906 0.0274799 0.000975273
6 0.275129 0.494973 0.0210643 0.0328418 0.000986297
6 0.711382 0.496984 0.030303 0.0516086 0.000992922
6 0.40558 0.509048 0.0218034 0.0328418 0.00100851
6 0.46748 0.500335 0.0140429 0.0328418 0.0010785
6 0.361234 0.561997 0.0269771 0.0368633 0.00109484
6 0.386364 0.510389 0.0654102 0.0636729 0.00111614
6 0.286031 0.533512 0.0214339 0.038874 0.00114414
6 0.703806 0.518767 0.018847 0.0656836 0.00116122
6 0.28714 0.502346 0.0391722 0.0435657 0.00116821
6 0.535107 0.656166 0.0546933 0.105898 0.00129392
6 0.583149 0.522118 0.173688 0.0938338 0.00129867
6 0.297118 0.538539 0.0465632 0.060992 0.00133521
6 0.504435 0.648794 0.0709534 0.112601 0.0013384
6 0.429786 0.510724 0.0199557 0.0268097 0.00135545
6 0.274021 0.505362 0.0284553 0.0375335 0.00136086
6 0.276423 0.594169 0.0288248 0.0542895 0.00140043
6 0.502956 0.609249 0.0776053 0.103217 0.00143076
6 0.58167 0.51374 0.0532151 0.0462466 0.00148281
6 0.500185 0.532172 0.0484109 0.0442359 0.00153532
4 0.510163 0.762399 0.799335 0.25 0.00156283
6 0.316704 0.54256 0.118995 0.0918231 0.00159941
7 0.622506 0.447051 0.0247598 0.121984 0.00168304
6 0.298041 0.515416 0.04915 0.0482574 0.00194012
6 0.27901 0.577413 0.0280857 0.0489276 0.00209907
2 0.662232 0.424933 0.444198 0.27748 0.0021478
6 0.697154 0.558311 0.0365854 0.0670241 0.00215622
6 0.390429 0.595509 0.0218034 0.0475871 0.002281
6 0.597007 0.58311 0.0195861 0.0294906 0.00229266
6 0.526977 0.520442 0.0125647 0.0328418 0.00230083
6 0.421286 0.574062 0.0258684 0.0422252 0.00232665
6 0.691426 0.52681 0.0362158 0.0683646 0.00232958
6 0.389135 0.578083 0.0339985 0.0462466 0.00252063
6 0.296748 0.501676 0.0288248 0.0328418 0.00283948
6 0.594235 0.522118 0.0273466 0.0348525 0.00321686
6 0.296563 0.536193 0.0240207 0.038874 0.00353938
6 0.395048 0.613271 0.0169993 0.0509383 0.00372621
6 0.63082 0.566689 0.0332594 0.0395442 0.00431162
6 0.522912 0.516421 0.014782 0.0301609 0.00435042
6 0.416851 0.509718 0.0206948 0.0261394 0.00456524
6 0.390613 0.516421 0.0169993 0.0301609 0.00464824
6 0.636548 0.507038 0.0269771 0.0569705 0.00483865
3 0.547487 0.52882 0.671471 0.355228 0.0048454
6 0.598115 0.57004 0.0306726 0.0288204 0.00495494
6 0.342387 0.54189 0.0328899 0.0341823 0.00549131
6 0.468958 0.518432 0.0162602 0.0328418 0.00575069
6 0.560606 0.52681 0.0546933 0.0428954 0.00579976
6 0.679047 0.506702 0.0358463 0.0522788 0.00638506
6 0.604767 0.58445 0.0158906 0.0321716 0.00671628
7 0.666667 0.431635 0.0251293 0.119303 0.00678046
6 0.36456 0.506367 0.0314117 0.0382038 0.00689027
6 0.309867 0.506367 0.0195861 0.0274799 0.0108067
6 0.67221 0.569705 0.0628234 0.041555 0.0124137
7 0.657613 0.434987 0.0247598 0.0965147 0.014551
6 0.423503 0.510389 0.0133038 0.0274799 0.0158664
6 0.288618 0.505362 0.0214339 0.0308311 0.0161411
6 0.287694 0.51441 0.0306726 0.0301609 0.0251831
6 0.282705 0.50067 0.022912 0.0268097 0.0254179
6 0.607539 0.525804 0.0295639 0.0355228 0.0255989
6 0.616962 0.521113 0.033629 0.0408847 0.0343037
6 0.580746 0.517761 0.0299335 0.0355228 0.0387915
6 0.399852 0.516756 0.0243902 0.0335121 0.0476622
6 0.348485 0.529826 0.0332594 0.0489276 0.0592549
6 0.337768 0.505027 0.0310421 0.0395442 0.0693685
7 0.645972 0.478552 0.0421286 0.0831099 0.0720811
6 0.386733 0.510054 0.0284553 0.0348525 0.091604
6 0.312823 0.514075 0.0299335 0.0348525 0.128948
6 0.313008 0.544571 0.0384331 0.0341823 0.130917
6 0.334627 0.524799 0.0838877 0.0469169 0.176472
6 0.300998 0.525469 0.0277162 0.0402145 0.214096
6 0.62694 0.579088 0.0373245 0.0375335 0.296223
6 0.691981 0.505027 0.0314117 0.060992 0.318016
6 0.398928 0.582775 0.0299335 0.0636729 0.591111
3 0.512934 0.559316 0.886918 0.719169 0.614964
6 0.348854 0.555295 0.0266075 0.0355228 0.644814
4 0.505913 0.653485 0.752402 0.348525 0.661562
6 0.686622 0.567359 0.0369549 0.0663539 0.688962
6 0.701404 0.496984 0.0243902 0.05563 0.694568
6 0.307095 0.534182 0.030303 0.0375335 0.71165
2 0.498891 0.368968 0.513673 0.180295 0.738544
5 0.49963 0.244973 0.50037 0.280831 0.757623
6 0.652993 0.506702 0.0362158 0.0630027 0.780998
6 0.349778 0.509383 0.0343681 0.0522788 0.842254
7 0.64745 0.424263 0.0369549 0.107239 0.862064
