5 0.894269 0.994939 0.211462 0.0101215 2.17122e-05
6 0.555007 0.49224 0.0270092 0.0411606 2.17604e-05
6 0.437088 0.0158569 0.0559947 0.0317139 2.18071e-05
5 0.391469 0.0209177 0.148551 0.0418354 2.18141e-05
6 0.261034 0.453441 0.0398551 0.0755735 2.1822e-05
8 0.0311265 0.994939 0.051054 0.0101215 2.18263e-05
6 0.328722 0.0695007 0.0454545 0.139001 2.18619e-05
5 0.313076 0.801282 0.526021 0.235493 2.18754e-05
6 0.22859 0.0101215 0.0230567 0.0202429 2.19245e-05
6 0.265646 0.595816 0.0194335 0.0337382 2.1957e-05
6 0.376812 0.974022 0.0342556 0.0465587 2.1984e-05
6 0.520916 0.429825 0.0154809 0.0580297 2.20181e-05
6 0.868412 0.124831 0.105731 0.129555 2.20298e-05
6 0.681983 0.0101215 0.0240448 0.0161943 2.20765e-05
7 0.479578 0.386302 0.0105402 0.0802969 2.21253e-05
6 0.58498 0.971323 0.0316206 0.0384615 2.2144e-05
8 0.315876 0.973009 0.0349144 0.0539811 2.21772e-05
6 0.328557 0.966937 0.0352437 0.0458839 2.22624e-05
6 0.756423 0 0.0253623 0 2.22819e-05
6 0.944005 0.231781 0.0783926 0.0695007 2.23817e-05
6 0.421278 0.0145074 0.0454545 0.0290148 2.24029e-05
6 0.332016 0.0104588 0.0494071 0.0209177 2.24385e-05
6 0.358037 0.968286 0.0289855 0.0472335 2.24547e-05
6 0.643939 0.60695 0.0204216 0.0654521 2.24752e-05
2 0.597332 0.36471 0.285573 0.0789474 2.24871e-05
6 0.0115283 0.673077 0.0230567 0.316464 2.24894e-05
6 0.0778985 0.0104588 0.0517128 0.0209177 2.25405e-05
5 0.267128 0.0192308 0.11726 0.0384615 2.26219e-05
6 0.233366 0.519906 0.0503953 0.0910931 2.26401e-05
6 0.468709 0.582996 0.0217391 0.0566802 2.26993e-05
6 0.990777 0.032726 0.00988142 0.0654521 2.27953e-05
6 0.939723 0.393387 0.0750988 0.176788 2.28354e-05
5 0.0564888 0.997976 0.112978 0.00404858 2.28783e-05
6 0.779974 0.952767 0.0909091 0.0944669 2.2961e-05
8 0.990777 0.87888 0.0184453 0.230094 2.30219e-05
6 0.700593 0.43556 0.013834 0.0276653 2.30625e-05
6 0.414196 0.620108 0.344203 0.209177 2.31175e-05
6 0.333992 0.0408232 0.0316206 0.0330634 2.31361e-05
7 0.379447 0.35695 0.0520422 0.099865 2.31372e-05
7 0.579381 0.354588 0.0283267 0.0708502 2.3139e-05
7 0.551548 0.334683 0.0240448 0.106613 2.31634e-05
6 0.986001 0.945007 0.0220685 0.0964912 2.31734e-05
7 0.465909 0.403846 0.0167984 0.0614035 2.3189e-05
6 0.842721 0.0138327 0.0352437 0.0276653 2.319e-05
6 0.574769 0.496289 0.0204216 0.0384615 2.32289e-05
6 0.370718 0.439609 0.0148221 0.0357625 2.32425e-05
10 0.434453 0.893725 0.0151515 0.115385 2.3266e-05
6 0.0357378 0.0549933 0.0714756 0.10054 2.32693e-05
6 0.768445 0.0398111 0.0922266 0.0796221 2.33168e-05
6 0.775692 0.631579 0.0342556 0.0634278 2.33409e-05
5 0.89114 0.07861 0.168972 0.101889 2.33611e-05
5 0.195652 0.15722 0.0625823 0.224022 2.34936e-05
9 0.671937 0 0.0322793 0 2.3637e-05
6 0.0551713 0.59143 0.0853096 0.269231 2.36703e-05
6 0.696476 0.955466 0.0319499 0.0890688 2.36849e-05
6 0.509058 0.555668 0.0260211 0.0546559 2.36992e-05
6 0.631917 0.0145074 0.03722 0.0290148 2.3739e-05
6 0.512022 0.0158569 0.0629117 0.0317139 2.37864e-05
6 0.507576 0.00202429 0.027668 0.00404858 2.38076e-05
6 0.694993 0.367072 0.128458 0.129555 2.38119e-05
6 0.589921 0.433536 0.0204216 0.0317139 2.38637e-05
7 0.484354 0.642375 0.0214097 0.0634278 2.38666e-05
6 0.440382 0.440621 0.0243742 0.0418354 2.38915e-05
6 0.842885 0.00607287 0.0184453 0.0121457 2.39158e-05
6 0.614954 0.43556 0.0144928 0.0330634 2.39256e-05
6 0.513011 0.528677 0.240777 0.126181 2.39349e-05
6 0.145586 0.0603914 0.126482 0.0937922 2.3942e-05
7 0.484519 0.3222 0.0151515 0.0668016 2.39752e-05
6 0.0719697 0.0620783 0.0477602 0.0431849 2.40018e-05
6 0.987319 0.348178 0.0253623 0.25641 2.40236e-05
6 0.990777 0.0492578 0.0184453 0.0985155 2.40987e-05
5 0.836298 0.0654521 0.115942 0.116059 2.41113e-05
6 0.0103755 0.96525 0.0115283 0.0641026 2.41468e-05
6 0.960474 0.341768 0.0790514 0.275978 2.43457e-05
6 0.496542 0.000337382 0.0253623 0.000674764 2.4358e-05
6 0.00955204 0.0266532 0.0191041 0.0533063 2.43589e-05
6 0.281456 0.61336 0.0312912 0.0445344 2.43671e-05
6 0.73139 0.0107962 0.0266798 0.0175439 2.44403e-05
6 0.813406 0.947706 0.0503953 0.0762483 2.45007e-05
5 0.339592 0.229757 0.679183 0.459514 2.45082e-05
6 0.811759 0.097166 0.0800395 0.194332 2.45359e-05
6 0.989295 0.0445344 0.0214097 0.0890688 2.45723e-05
6 0.791173 0.57726 0.0678524 0.12753 2.46757e-05
6 0.379941 0.0630904 0.0299737 0.0276653 2.47231e-05
9 0.495553 0.981444 0.0411726 0.037112 2.47499e-05
6 0.514987 0.972335 0.0312912 0.0553306 2.47667e-05
6 0.182806 0.0384615 0.0105402 0.0350877 2.47905e-05
9 0.0289855 0.984818 0.0540184 0.0303644 2.47942e-05
7 0.567852 0.33637 0.0283267 0.104588 2.47961e-05
6 0.774868 0.277665 0.0490777 0.162618 2.48053e-05
6 0.188076 0.0134953 0.0243742 0.0269906 2.48056e-05
6 0.378788 0.479757 0.0158103 0.0323887 2.48065e-05
5 0.165514 0.24224 0.203228 0.259109 2.48871e-05
6 0.332181 0.0445344 0.0503953 0.0593792 2.48965e-05
6 0.263175 0.0168691 0.057971 0.0337382 2.48968e-05
6 0.264822 0.61471 0.0197628 0.0431849 2.4905e-05
4 0.793808 0.679825 0.269433 0.316464 2.4994e-05
5 0.56637 0.0661269 0.153821 0.0877193 2.5001e-05
6 0.719532 0.00978408 0.0293149 0.01417 2.50138e-05
6 0.254447 0.90857 0.0734519 0.0789474 2.50688e-05
6 0.616436 0.984818 0.0530303 0.0303644 2.50727e-05
6 0.3778 0.0802969 0.0296443 0.0310391 2.51698e-05
6 0.48419 0.61336 0.0184453 0.0607287 2.51844e-05
6 0.277009 0.527665 0.0158103 0.0323887 2.51907e-05
4 0.35359 0.826248 0.707181 0.347503 2.52079e-05
7 0.616601 0.359649 0.0764163 0.112011 2.52081e-05
6 0.986495 0.944669 0.0270092 0.110661 2.52429e-05
6 0.18083 0.970985 0.0237154 0.0526316 2.52751e-05
6 0.556324 0.985155 0.041502 0.0296896 2.52819e-05
6 0.905468 0.130904 0.0645586 0.0607287 2.53591e-05
6 0.0163043 0.26417 0.0326087 0.085695 2.54071e-05
7 0.390152 0.370783 0.118248 0.134278 2.55207e-05
6 0.171607 0.0931174 0.0243742 0.0782726 2.56061e-05
5 0.817688 0.953104 0.364625 0.0937922 2.56312e-05
6 0.592721 0.624494 0.0490777 0.0897436 2.56315e-05
6 0.840909 0.362686 0.0816864 0.126181 2.56487e-05
6 0.432971 0.0310391 0.0932148 0.0620783 2.56721e-05
6 0.467885 0.552969 0.0220685 0.0492578 2.57017e-05
6 0.691535 0.475709 0.0174572 0.0323887 2.57488e-05
6 0.582181 0.401147 0.0148221 0.0465587 2.57545e-05
5 0.124341 0.970648 0.248682 0.0587045 2.57582e-05
6 0.707675 0.941296 0.0352437 0.117409 2.57662e-05
6 0.511693 0.400135 0.0108696 0.0769231 2.57768e-05
6 0.390646 0.469636 0.0395257 0.0377868 2.57794e-05
7 0.164361 0.0748988 0.027668 0.0647773 2.58221e-05
6 0.328557 0.0772605 0.0365613 0.0425101 2.58634e-05
6 0.921772 0.437247 0.0681818 0.242915 2.59407e-05
2 0.294796 0.343792 0.173913 0.12888 2.5996e-05
7 0.568841 0.372807 0.0309618 0.062753 2.61312e-05
6 0.497859 0.500675 0.0306324 0.0593792 2.61318e-05
6 0.218874 0.523279 0.146574 0.174764 2.61873e-05
6 0.634717 0.606613 0.0204216 0.0674764 2.61967e-05
6 0.343709 0.0995277 0.0385376 0.0506073 2.62209e-05
7 0.907938 0.373819 0.034585 0.133603 2.6313e-05
6 0.683136 0.0165317 0.0401845 0.0330634 2.63731e-05
8 0.662879 1 0.062253 0 2.64585e-05
9 0.0235507 0.00438596 0.0306324 0.00877193 2.65118e-05
5 0.364295 0.825911 0.393939 0.133603 2.65581e-05
6 0.0680171 0.125506 0.0938735 0.0944669 2.66073e-05
9 0.0686759 0.00539811 0.03722 0.0107962 2.66139e-05
6 0.539855 0.0165317 0.0658762 0.0330634 2.66193e-05
6 0.0523715 0.709852 0.0942029 0.425101 2.67521e-05
6 0.75774 0.607625 0.0319499 0.0587045 2.6776e-05
6 0.988966 0.331309 0.0161397 0.147099 2.68029e-05
7 0.583004 0.379217 0.0131752 0.0566802 2.69075e-05
9 0.521574 0.842105 0.0359025 0.0580297 2.69282e-05
6 0.147892 0.974696 0.0171278 0.0438596 2.70693e-05
10 0.485672 0.895412 0.020751 0.118758 2.70884e-05
2 0.159914 0.379892 0.190711 0.321188 2.71009e-05
6 0.543478 0.551619 0.0210804 0.0492578 2.71516e-05
6 0.00889328 0.382254 0.0151515 0.244939 2.71823e-05
6 0.765152 0.889676 0.107378 0.120783 2.71974e-05
5 0.664361 0.957152 0.403821 0.085695 2.72328e-05
6 0.837615 0.112348 0.0171278 0.0452092 2.72922e-05
6 0.195652 0.968623 0.0237154 0.0546559 2.73911e-05
6 0.520586 0.397436 0.0141634 0.0674764 2.74343e-05
5 0.233202 0.266532 0.0559947 0.240216 2.74546e-05
5 0.0653821 0.958165 0.130764 0.0836707 2.74843e-05
6 0.591733 0.454453 0.0200922 0.0303644 2.75489e-05
6 0.630105 0.972672 0.0217391 0.0438596 2.75663e-05
4 0.85919 0.70614 0.281621 0.587719 2.76164e-05
6 0.837121 0.0566802 0.0477602 0.0904184 2.76254e-05
6 0.00609354 0.543522 0.0121871 0.12888 2.76612e-05
6 0.590744 0.486505 0.0174572 0.0364372 2.76821e-05
6 0.642622 0.0536437 0.057971 0.0721997 2.76955e-05
6 0.917984 0.945682 0.0612648 0.108637 2.77454e-05
6 0.46525 0.0151822 0.0615942 0.0303644 2.77842e-05
9 0.366765 0.993252 0.048419 0.0134953 2.78419e-05
6 0.524045 0.649798 0.0197628 0.0701754 2.78633e-05
6 0.268281 0.968961 0.0273386 0.0472335 2.7888e-05
5 0.123024 0.100877 0.246047 0.184211 2.79001e-05
7 0.577404 0.351889 0.0131752 0.0587045 2.79125e-05
6 0.745059 0.581984 0.0243742 0.0438596 2.79845e-05
6 0.0790514 0.175776 0.0968379 0.122132 2.80615e-05
9 0.918314 0.991228 0.0480896 0.0175439 2.81996e-05
6 0.465415 0.926113 0.0349144 0.0614035 2.82675e-05
6 0.97332 0.333333 0.0467721 0.205128 2.83034e-05
6 0.808794 0.522942 0.0405138 0.0580297 2.83087e-05
6 0.754117 0.401147 0.0260211 0.0384615 2.83981e-05
5 0.53442 0.938934 0.433136 0.122132 2.84796e-05
6 0.574934 0.62112 0.0681818 0.109987 2.84948e-05
6 0.565547 0.0172065 0.0573123 0.034413 2.85088e-05
7 0.512681 0.324224 0.0247036 0.146424 2.86104e-05
6 0.448617 0.577598 0.0184453 0.0539811 2.86431e-05
6 0.677866 0.47942 0.0171278 0.034413 2.8733e-05
6 0.283762 0.557018 0.0220685 0.0330634 2.87832e-05
6 0.283762 0.97031 0.0266798 0.0431849 2.88086e-05
6 0.478755 0.921053 0.0279974 0.0580297 2.88357e-05
9 0.406621 0.97031 0.0312912 0.0593792 2.88576e-05
2 0.708663 0.325574 0.176877 0.162618 2.8989e-05
6 0.366765 0.476046 0.0181159 0.0303644 2.90066e-05
6 0.528491 0.991565 0.0490777 0.0168691 2.91253e-05
6 0.256752 0.616059 0.0253623 0.0512821 2.91543e-05
6 0.579875 0.455466 0.0293149 0.0404858 2.91758e-05
6 0.524704 0.970985 0.0362319 0.0364372 2.92533e-05
6 0.319993 0.50641 0.0181159 0.0330634 2.92621e-05
6 0.78969 0.52834 0.0194335 0.0404858 2.92965e-05
6 0.408762 0.398111 0.0368906 0.0769231 2.93318e-05
6 0.57971 0.98448 0.0401845 0.0296896 2.93395e-05
6 0.188406 0.00910931 0.0131752 0.0182186 2.9353e-05
6 0.88554 0.975371 0.0411726 0.0398111 2.94353e-05
6 0.218709 0.0590418 0.0658762 0.0937922 2.95136e-05
6 0.448452 0.926113 0.034585 0.0614035 2.95396e-05
6 0.804348 0.488192 0.0197628 0.0492578 2.95536e-05
6 0.278986 0.90857 0.0533597 0.0533063 2.95571e-05
6 0.376647 0.995277 0.0385376 0.00944669 2.96084e-05
6 0.231061 0.514845 0.0167984 0.0364372 2.96739e-05
6 0.755599 0.00910931 0.0428195 0.0182186 2.9707e-05
9 0.405962 0.988529 0.0319499 0.022942 2.98087e-05
6 0.351614 0.0360999 0.114954 0.0721997 2.98192e-05
6 0.730402 0.618084 0.130764 0.144399 2.98212e-05
6 0.164361 0.972335 0.0184453 0.0472335 2.9841e-05
6 0.487813 0.431849 0.0243742 0.0539811 2.98478e-05
6 0.464921 0.434548 0.0359025 0.0593792 2.99565e-05
6 0.565382 0.491903 0.0253623 0.0418354 3.0013e-05
6 0.315547 0.0124831 0.0606061 0.0249663 3.00963e-05
7 0.64888 0.349528 0.126482 0.145749 3.01021e-05
5 0.656621 0.973684 0.535903 0.0526316 3.01789e-05
6 0.580698 0.0259784 0.0909091 0.0519568 3.034e-05
6 0.0085639 0.942645 0.0158103 0.11471 3.0378e-05
5 0.0848155 0.074224 0.169631 0.0931174 3.04176e-05
6 0.379447 0.455128 0.0230567 0.034413 3.04291e-05
6 0.235343 0.878205 0.0833333 0.108637 3.05637e-05
6 0.342391 0.0553306 0.0306324 0.0350877 3.05666e-05
6 0.390152 0.0775978 0.0266798 0.0310391 3.06138e-05
9 0.0347497 0.965587 0.0694993 0.0688259 3.06177e-05
6 0.24193 0.969973 0.0214097 0.0492578 3.0635e-05
6 0.78195 0.948043 0.0513834 0.0769231 3.06671e-05
6 0.27141 0.450742 0.0191041 0.0350877 3.06726e-05
5 0.662879 0.0570175 0.138011 0.0910931 3.06767e-05
3 0.813735 0.474022 0.37253 0.840081 3.07222e-05
6 0.57971 0.576248 0.0158103 0.0418354 3.07343e-05
6 0.665349 0.482119 0.016469 0.0357625 3.07451e-05
6 0.415843 0.622807 0.034585 0.0647773 3.0793e-05
6 0.378788 0.450405 0.0125165 0.0330634 3.08144e-05
6 0.280962 0.58637 0.0177866 0.0310391 3.08979e-05
6 0.3778 0.067139 0.0474308 0.0533063 3.09604e-05
6 0.810935 0.925101 0.0797101 0.149798 3.09685e-05
9 0.603755 0.99359 0.0428195 0.0128205 3.10539e-05
7 0.600132 0.339069 0.0322793 0.0951417 3.10579e-05
6 0.98913 0.64305 0.0210804 0.377868 3.10881e-05
6 0.732543 0.0168691 0.044137 0.0337382 3.10928e-05
6 0.410738 0.0212551 0.06917 0.0425101 3.11245e-05
9 0.406621 0.99359 0.0438076 0.0128205 3.12475e-05
6 0.437088 0.934548 0.0421607 0.0634278 3.12791e-05
5 0.4389 0.126856 0.697299 0.253711 3.12951e-05
6 0.654644 0.485155 0.0154809 0.0391363 3.12997e-05
6 0.34585 0.992578 0.044137 0.0148448 3.14209e-05
6 0.582016 0.561404 0.016469 0.0404858 3.14443e-05
6 0.257905 0.955128 0.0349144 0.0897436 3.14982e-05
6 0.762846 0.429487 0.0395257 0.0641026 3.15701e-05
8 0.656291 1 0.219038 0 3.17506e-05
6 0.38027 0.419028 0.00889328 0.0323887 3.19066e-05
5 0.294137 0.876856 0.403162 0.12753 3.21102e-05
6 0.219862 0.529015 0.0438076 0.0607287 3.21116e-05
7 0.485507 0.39946 0.0118577 0.0674764 3.21701e-05
6 0.805336 0.508435 0.0197628 0.0479082 3.22274e-05
6 0.509881 0.583333 0.274704 0.178812 3.2256e-05
6 0.260046 0.574561 0.0517128 0.0735493 3.22762e-05
6 0.771739 0.0462213 0.0711462 0.0775978 3.23129e-05
6 0.727602 0.438934 0.0111989 0.0330634 3.2353e-05
6 0.00839921 0.496626 0.0167984 0.174089 3.23744e-05
6 0.680336 0.966599 0.0187747 0.0533063 3.23903e-05
6 0.887352 0.127868 0.0283267 0.082996 3.24018e-05
6 0.067029 0.262483 0.0589592 0.0688259 3.24198e-05
5 0.662385 0.123144 0.474967 0.246289 3.2438e-05
6 0.00527009 0.974022 0.0105402 0.0519568 3.24663e-05
7 0.467721 0.368421 0.0322793 0.0877193 3.25564e-05
6 0.628623 0.48583 0.0154809 0.0377868 3.25943e-05
6 0.689888 0.43556 0.0115283 0.0330634 3.28755e-05
6 0.6278 0.45108 0.0158103 0.0330634 3.28923e-05
9 0.542819 0.995951 0.0454545 0.00809717 3.31222e-05
6 0.809947 0.569163 0.145586 0.24359 3.31341e-05
6 0.175395 0.0995277 0.0431489 0.103239 3.31461e-05
6 0.290843 0.580634 0.0177866 0.0317139 3.32156e-05
6 0.339427 0.0614035 0.0503953 0.0620783 3.33575e-05
9 0.49473 0.995614 0.0335968 0.00877193 3.34779e-05
6 0.171772 0.0296896 0.0694993 0.0593792 3.35047e-05
6 0.006917 0.022942 0.00724638 0.0458839 3.35267e-05
9 0.512022 0.996626 0.0431489 0.00674764 3.35628e-05
7 0.421607 0.39305 0.0158103 0.0438596 3.35796e-05
6 0.42309 0.495951 0.0194335 0.0350877 3.3615e-05
6 0.394269 0.5722 0.0197628 0.0431849 3.36324e-05
6 0.291008 0.44332 0.0187747 0.0296896 3.36972e-05
7 0.568017 0.354251 0.0102108 0.0566802 3.37274e-05
10 0.47859 0.870108 0.0197628 0.135628 3.37483e-05
6 0.411561 0.44197 0.0332675 0.0458839 3.38044e-05
9 0.956028 0.00472335 0.0457839 0.00944669 3.40005e-05
6 0.838274 0.0202429 0.0507246 0.0404858 3.41348e-05
6 0.65448 0.610324 0.0750988 0.105938 3.42367e-05
9 0.947134 0.0310391 0.0523715 0.0620783 3.42535e-05
6 0.335145 0.434211 0.0141634 0.0357625 3.42665e-05
6 0.213603 0.0421727 0.0747694 0.0843455 3.42689e-05
6 0.615777 0.483131 0.0148221 0.0377868 3.43246e-05
6 0.612813 0.975034 0.0279974 0.0404858 3.43292e-05
6 0.556489 0.458165 0.0286561 0.0431849 3.43341e-05
8 0.0920619 0.991228 0.0490777 0.0175439 3.44045e-05
6 0.200593 0.512821 0.210804 0.331984 3.44143e-05
6 0.342391 0.967611 0.0359025 0.0472335 3.44224e-05
6 0.663538 0.969298 0.0167984 0.0519568 3.44696e-05
6 0.496706 0.554993 0.0250329 0.0519568 3.46017e-05
6 0.484354 0.551619 0.0200922 0.0452092 3.4604e-05
6 0.969532 0.956478 0.0438076 0.0614035 3.46378e-05
6 0.469532 0.426788 0.0187747 0.0492578 3.46539e-05
7 0.59025 0.356275 0.0599473 0.099865 3.4665e-05
6 0.323946 0.085695 0.0609354 0.0728745 3.48698e-05
5 0.902339 0.230769 0.166337 0.217274 3.49154e-05
6 0.458827 0.819163 0.0507246 0.0526316 3.49898e-05
6 0.451087 0.519231 0.0194335 0.0452092 3.50488e-05
6 0.269104 0.542173 0.0171278 0.034413 3.5151e-05
6 0.937582 0.530027 0.0681818 0.147773 3.52114e-05
6 0.396904 0.966599 0.0335968 0.0668016 3.52248e-05
6 0.00839921 0.354588 0.00889328 0.120783 3.52923e-05
5 0.197464 0.26552 0.394928 0.531039 3.54007e-05
6 0.61973 0.432861 0.0141634 0.034413 3.55234e-05
6 0.0373847 0.248988 0.0662055 0.0850202 3.5534e-05
6 0.571476 0.0563428 0.0513834 0.062753 3.55375e-05
6 0.292984 0.463225 0.0161397 0.0425101 3.5604e-05
5 0.619236 0.0303644 0.177866 0.0607287 3.57189e-05
6 0.995059 0.651147 0.00988142 0.180837 3.57746e-05
6 0.467227 0.522605 0.020751 0.0479082 3.57767e-05
6 0.440053 0.545547 0.0105402 0.037112 3.58426e-05
6 0.11166 0.0138327 0.0744401 0.0276653 3.58955e-05
6 0.326746 0.090081 0.0237154 0.0276653 3.59533e-05
9 0.0536891 0.985155 0.044137 0.0296896 3.61403e-05
6 0.991765 0.984818 0.016469 0.0303644 3.62284e-05
6 0.085639 0.0192308 0.0974967 0.0384615 3.63168e-05
6 0.993742 0.961538 0.0125165 0.0769231 3.63179e-05
6 0.273057 0.480769 0.0197628 0.0290148 3.64717e-05
6 0.691041 0.0323887 0.115942 0.0647773 3.65331e-05
6 0.703063 0.475034 0.0167984 0.0310391 3.65857e-05
6 0.384058 0.0188934 0.0645586 0.0377868 3.66135e-05
9 0.572464 0.995951 0.041502 0.00809717 3.66205e-05
9 0.784585 0.997301 0.0869565 0.00539811 3.66367e-05
5 0.454051 0.886302 0.537879 0.145074 3.67872e-05
6 0.477931 0.429825 0.0151515 0.0580297 3.68049e-05
6 0.54249 0.415317 0.0217391 0.0573549 3.68216e-05
6 0.17309 0.0593792 0.0200922 0.0634278 3.69315e-05
6 0.449934 0.901484 0.0270092 0.0607287 3.6998e-05
9 0.435606 0.994602 0.048419 0.0107962 3.70225e-05
7 0.495553 0.322537 0.0339262 0.0931174 3.70693e-05
6 0.467227 0.495614 0.0220685 0.0479082 3.70717e-05
6 0.721673 0.0202429 0.0447958 0.0404858 3.71157e-05
9 0.57197 0.976046 0.108366 0.0479082 3.71333e-05
6 0.38554 0.0826586 0.0457839 0.0587045 3.71679e-05
6 0.983696 0.423752 0.0326087 0.276653 3.72243e-05
5 0.810771 0.0259784 0.128788 0.0519568 3.72594e-05
6 0.763834 0.947706 0.0480896 0.0870445 3.72944e-05
6 0.301054 0.468286 0.0289855 0.0337382 3.73931e-05
6 0.639657 0.438259 0.0118577 0.0330634 3.74098e-05
8 0.0897563 0.951754 0.0556653 0.0964912 3.7627e-05
6 0.642951 0.0178812 0.0645586 0.0357625 3.76689e-05
6 0.683794 0.404858 0.0685112 0.0877193 3.7694e-05
6 0.250823 0.465587 0.0714756 0.097166 3.77332e-05
5 0.168314 0.953104 0.249671 0.0937922 3.77392e-05
6 0.291502 0.52969 0.0158103 0.0310391 3.77792e-05
6 0.623847 0.609312 0.0540184 0.0958165 3.78321e-05
6 0.483696 0.580297 0.0167984 0.0539811 3.79255e-05
6 0.0144928 0.261471 0.0289855 0.197706 3.79455e-05
6 0.787714 0.511134 0.124177 0.209852 3.79511e-05
6 0.801054 0.542173 0.219368 0.396086 3.79664e-05
9 0.0563241 0.952092 0.0540184 0.0958165 3.83548e-05
5 0.493248 0.17274 0.0424901 0.136302 3.84037e-05
6 0.00543478 0.412281 0.0108696 0.139001 3.84248e-05
6 0.715744 0.474359 0.016469 0.0296896 3.85919e-05
6 0.149045 0.853239 0.051054 0.12888 3.86149e-05
6 0.583169 0.512146 0.0174572 0.0391363 3.87676e-05
9 0.504282 0.991565 0.0434783 0.0168691 3.88721e-05
6 0.665843 0.606613 0.0200922 0.0539811 3.88981e-05
6 0.556818 0.973347 0.0332675 0.034413 3.89694e-05
6 0.989789 0.237179 0.0125165 0.131579 3.89807e-05
6 0.530138 0.984143 0.0398551 0.0317139 3.90573e-05
9 0.543643 0.984818 0.0536891 0.0303644 3.90637e-05
6 0.753623 0.486842 0.0586298 0.120783 3.92609e-05
6 0.407444 0.495277 0.0217391 0.0377868 3.93058e-05
6 0.23946 0.513495 0.0177866 0.0337382 3.93625e-05
6 0.261199 0.512483 0.0467721 0.0695007 3.93688e-05
9 0.431653 0.957152 0.0569829 0.0789474 3.94377e-05
6 0.54249 0.976383 0.041502 0.0404858 3.95655e-05
9 0.0602767 0.0246289 0.055336 0.0492578 3.99744e-05
6 0.769763 0.488866 0.0177866 0.0411606 4.00318e-05
6 0.00790514 0.0563428 0.00658762 0.10054 4.00401e-05
6 0.0403491 0.256748 0.0806983 0.254386 4.0182e-05
6 0.640975 0.451754 0.0144928 0.034413 4.0224e-05
10 0.439065 0.872132 0.0125165 0.118084 4.02393e-05
6 0.50774 0.442645 0.0293149 0.0607287 4.02581e-05
6 0.735178 0.489879 0.132411 0.130904 4.03687e-05
6 0.641798 0.48583 0.0154809 0.0391363 4.04269e-05
5 0.769269 0.899123 0.461462 0.201754 4.04989e-05
6 0.203722 0.902159 0.0886034 0.118758 4.07181e-05
7 0.643281 0.338731 0.057971 0.124157 4.083e-05
6 0.495059 0.00877193 0.0428195 0.0175439 4.09902e-05
6 0.604084 0.482119 0.0158103 0.0357625 4.10217e-05
5 0.713109 0.0668016 0.151515 0.0904184 4.11084e-05
6 0.651021 0.383266 0.0721344 0.101215 4.11347e-05
6 0.603426 0.434548 0.0197628 0.0296896 4.11853e-05
6 0.536232 0.626518 0.0375494 0.0721997 4.13227e-05
9 0.496212 0.968286 0.104414 0.0634278 4.14603e-05
6 0.388175 0.439946 0.0154809 0.0350877 4.15332e-05
6 0.248188 0.456478 0.0266798 0.034413 4.15334e-05
5 0.32197 0.113023 0.233531 0.173414 4.15485e-05
7 0.290679 0.401822 0.0148221 0.0533063 4.16444e-05
5 0.200922 0.167004 0.116601 0.269231 4.16517e-05
6 0.707181 0.961201 0.0230567 0.0546559 4.18422e-05
6 0.303195 0.482119 0.0194335 0.034413 4.18767e-05
7 0.589097 0.343455 0.0102108 0.0809717 4.19125e-05
6 0.663043 0.446356 0.0335968 0.0438596 4.20239e-05
6 0.437747 0.494265 0.027668 0.0465587 4.20536e-05
9 0.466568 0.976046 0.0424901 0.0479082 4.20712e-05
6 0.529644 0.408907 0.0177866 0.0620783 4.21068e-05
6 0.621542 0.383603 0.0487484 0.082996 4.21583e-05
5 0.30336 0.243252 0.150198 0.228745 4.2223e-05
6 0.762516 0.018556 0.0632411 0.037112 4.2242e-05
9 0.923419 0.0101215 0.0411726 0.0202429 4.27652e-05
6 0.690382 0.456815 0.0131752 0.0310391 4.28552e-05
6 0.360178 0.435223 0.124177 0.116059 4.2886e-05
6 0.993906 0.348853 0.0121871 0.160594 4.29406e-05
6 0.822464 0.949055 0.0461133 0.101889 4.30123e-05
6 0.380599 0.435897 0.0102108 0.0323887 4.31041e-05
6 0.289032 0.432861 0.0141634 0.034413 4.31308e-05
6 0.752635 0.960189 0.0388669 0.0688259 4.31709e-05
6 0.35359 0.57726 0.0194335 0.0384615 4.32416e-05
6 0.739954 0.51417 0.0167984 0.0310391 4.33583e-05
6 0.93083 0.650472 0.104743 0.398111 4.35998e-05
6 0.421443 0.421727 0.0451252 0.0647773 4.36916e-05
6 0.733037 0.471997 0.0774045 0.105938 4.37794e-05
6 0.517128 0.980094 0.0250329 0.037112 4.37874e-05
5 0.19137 0.0910931 0.102108 0.160594 4.39508e-05
6 0.168643 0.0384615 0.0349144 0.0769231 4.41526e-05
4 0.0752635 0.576586 0.129447 0.464912 4.41531e-05
5 0.317852 0.018556 0.126482 0.037112 4.41899e-05
6 0.328722 0.0964912 0.0382082 0.048583 4.42147e-05
6 0.0085639 0.00775978 0.0118577 0.0155196 4.43699e-05
6 0.689559 0.446694 0.0339262 0.0499325 4.43995e-05
6 0.00790514 0.304993 0.013834 0.179487 4.48294e-05
6 0.497694 0.967949 0.0362319 0.0641026 4.49589e-05
8 0.288538 1 0.250988 0 4.49908e-05
9 0.482378 0.995614 0.0431489 0.00877193 4.50184e-05
5 0.752635 0.190621 0.49473 0.381242 4.51488e-05
5 0.849638 0.955803 0.300725 0.0883941 4.52815e-05
6 0.85886 0.955803 0.0266798 0.0883941 4.53818e-05
6 0.241271 0.582659 0.0247036 0.0560054 4.54425e-05
6 0.719532 0.971997 0.0418314 0.0533063 4.54766e-05
6 0.362484 0.487179 0.0200922 0.0350877 4.56827e-05
9 0.671443 0.0101215 0.048419 0.0202429 4.57818e-05
6 0.164032 0.830972 0.0678524 0.12753 4.58652e-05
6 0.527174 0.462551 0.0286561 0.062753 4.60569e-05
5 0.0589592 0.032726 0.115942 0.0654521 4.64557e-05
6 0.755105 0.49865 0.0220685 0.0364372 4.67979e-05
6 0.694664 0.964238 0.0223979 0.0553306 4.69043e-05
6 0.993248 0.074224 0.0135046 0.148448 4.6975e-05
6 0.821311 0.969298 0.0378788 0.0479082 4.69941e-05
6 0.76614 0.610324 0.0540184 0.116734 4.71081e-05
6 0.438735 0.623819 0.0335968 0.0668016 4.72768e-05
6 0.598979 0.975708 0.0332675 0.0404858 4.74218e-05
9 0.696476 1 0.064888 0 4.76324e-05
5 0.321476 0.0752362 0.140975 0.0951417 4.76382e-05
9 0.72052 1 0.195323 0 4.77155e-05
4 0.206686 0.671053 0.359354 0.315115 4.79474e-05
7 0.467721 0.355263 0.0171278 0.0843455 4.82604e-05
9 0.841403 1 0.0694993 0 4.82799e-05
6 0.556818 0.631916 0.0424901 0.0870445 4.83092e-05
6 0.437418 0.906208 0.0382082 0.071525 4.83786e-05
6 0.00806983 0.301957 0.00823452 0.103239 4.85821e-05
5 0.43363 0.0340756 0.232213 0.0681511 4.86786e-05
9 0.044137 0.00337382 0.0382082 0.00674764 4.89053e-05
6 0.721344 0.436572 0.0151515 0.0323887 4.90209e-05
6 0.721838 0.939946 0.0352437 0.120108 4.92983e-05
6 0.886199 0.124831 0.0227273 0.0391363 4.94301e-05
6 0.299242 0.567476 0.0681818 0.0917679 4.94952e-05
5 0.439559 0.81444 0.139987 0.0512821 4.9831e-05
6 0.184289 0.0593792 0.0464427 0.0809717 5.01102e-05
6 0.378458 0.489879 0.0210804 0.0364372 5.01861e-05
6 0.931159 0.26552 0.111331 0.119433 5.03769e-05
6 0.387187 0.483468 0.168972 0.112686 5.04472e-05
6 0.00806983 0.0128205 0.0161397 0.025641 5.05718e-05
5 0.540679 0.137652 0.0866271 0.149798 5.06292e-05
6 0.349967 0.0172065 0.0701581 0.034413 5.06656e-05
6 0.536561 0.404858 0.0428195 0.0904184 5.08598e-05
6 0.632411 0.434548 0.0184453 0.0310391 5.09615e-05
6 0.596673 0.977733 0.0688406 0.0445344 5.09913e-05
5 0.764328 0.0209177 0.139987 0.0418354 5.10269e-05
9 0.53475 0.973684 0.103755 0.0526316 5.10424e-05
5 0.254282 0.0752362 0.169302 0.138327 5.11603e-05
6 0.289196 0.481781 0.0171278 0.0323887 5.12583e-05
2 0.528162 0.445007 0.527339 0.18691 5.1273e-05
6 0.249177 0.447368 0.0326087 0.0634278 5.14561e-05
5 0.71805 0.118421 0.243083 0.178812 5.15113e-05
5 0.833333 1 0.222661 0 5.15348e-05
5 0.468215 0.0175439 0.168314 0.0350877 5.16015e-05
6 0.565876 0.455128 0.0256917 0.0411606 5.16728e-05
5 0.806489 0.109987 0.172266 0.203779 5.21001e-05
6 0.439559 0.560054 0.0108696 0.0350877 5.243e-05
6 0.842721 0.961201 0.0266798 0.0775978 5.24998e-05
6 0.99226 0.0199055 0.0154809 0.0398111 5.25674e-05
6 0.00527009 0.361336 0.0105402 0.130229 5.27456e-05
6 0.519433 0.439946 0.0283267 0.0580297 5.29185e-05
6 0.686924 0.0165317 0.0734519 0.0330634 5.31177e-05
6 0.923254 0.0175439 0.0731225 0.0350877 5.31225e-05
5 0.245883 0.0411606 0.173584 0.0823212 5.32718e-05
7 0.601943 0.345816 0.0121871 0.0802969 5.32852e-05
6 0.53969 0.426113 0.0128458 0.0573549 5.33018e-05
5 0.770257 0.0566802 0.145916 0.0985155 5.3377e-05
7 0.414196 0.367746 0.0174572 0.0607287 5.36378e-05
6 0.935935 0.106613 0.119565 0.17274 5.37116e-05
4 0.507576 0.659919 0.411067 0.237517 5.373e-05
9 0.429348 0.976383 0.0352437 0.0472335 5.37943e-05
5 0.925395 0.0387989 0.149209 0.0775978 5.39861e-05
6 0.906621 0.232456 0.0899209 0.0870445 5.41682e-05
5 0.366765 0.256748 0.47332 0.29892 5.4431e-05
6 0.400856 0.515182 0.0184453 0.0317139 5.44679e-05
6 0.990613 0.0111336 0.0141634 0.0222672 5.4498e-05
5 0.412714 0.972335 0.235178 0.0553306 5.46064e-05
6 0.321311 0.469636 0.0220685 0.0283401 5.46211e-05
6 0.509387 0.532389 0.0174572 0.0593792 5.46871e-05
9 0.39608 0.992915 0.0431489 0.01417 5.47084e-05
7 0.289032 0.375843 0.03722 0.0809717 5.48122e-05
6 0.994236 0.249325 0.0115283 0.131579 5.48693e-05
6 0.350461 0.474359 0.0191041 0.0296896 5.49591e-05
6 0.254611 0.97031 0.027668 0.0472335 5.54001e-05
7 0.420784 0.372807 0.0135046 0.0452092 5.55041e-05
6 0.737319 0.946694 0.0326087 0.106613 5.59521e-05
7 0.532115 0.34278 0.0385376 0.0944669 5.61965e-05
6 0.46805 0.97942 0.0289855 0.0398111 5.6225e-05
8 0.458333 0.812753 0.257905 0.062753 5.64185e-05
6 0.500988 0.463225 0.0355731 0.0614035 5.64855e-05
6 0.250823 0.54386 0.0187747 0.0350877 5.65154e-05
9 0.265481 1 0.0770751 0 5.66643e-05
6 0.972332 0.923077 0.0513834 0.153846 5.67542e-05
6 0.749506 0.42139 0.0352437 0.037112 5.68278e-05
6 0.737484 0.381916 0.0876153 0.0863698 5.68582e-05
6 0.918643 0.979082 0.0520422 0.0418354 5.73665e-05
6 0.489789 0.476383 0.027668 0.0566802 5.78654e-05
5 0.368906 0.949393 0.428854 0.099865 5.80642e-05
6 0.737154 0.625169 0.212121 0.258435 5.81662e-05
6 0.300231 0.468286 0.0161397 0.0283401 5.83406e-05
6 0.73666 0.420378 0.0675231 0.101215 5.88821e-05
5 0.82164 0.2139 0.120883 0.302294 5.89823e-05
6 0.138175 0.0111336 0.0523715 0.0222672 5.89897e-05
6 0.707345 0 0.0299737 0 5.91764e-05
7 0.796443 0.227395 0.0263505 0.151147 5.94282e-05
6 0.918149 0.20614 0.0905797 0.0721997 5.97942e-05
6 0.34552 0.476383 0.0902503 0.0890688 5.98622e-05
6 0.319829 0.487179 0.0270092 0.0337382 6.0001e-05
5 0.323781 0.0431849 0.195652 0.0863698 6.02335e-05
6 0.394598 0.970648 0.0283267 0.0384615 6.02398e-05
6 0.487978 0.627868 0.0359025 0.0910931 6.0458e-05
9 0.0332675 0.976046 0.0349144 0.0398111 6.05647e-05
6 0.249671 0.561741 0.0191041 0.0398111 6.06293e-05
6 0.986331 0.191633 0.0273386 0.183536 6.1289e-05
6 0.932477 0.522605 0.088274 0.281377 6.16278e-05
2 0.382246 0.386977 0.464756 0.209852 6.19354e-05
9 0.496212 0.984818 0.0497365 0.0303644 6.19978e-05
7 0.550725 0.343792 0.071805 0.109987 6.22095e-05
6 0.233202 0.533063 0.0177866 0.0350877 6.22833e-05
6 0.856884 0.969298 0.0174572 0.0506073 6.26067e-05
6 0.18643 0.0303644 0.0191041 0.0512821 6.27709e-05
6 0.0051054 0.30803 0.0102108 0.107287 6.35046e-05
9 0.0418314 0.986505 0.0461133 0.0269906 6.37764e-05
6 0.693347 0.454116 0.0961792 0.0769231 6.39031e-05
9 0.467227 0.988192 0.034585 0.0236167 6.40108e-05
6 0.621377 0.453441 0.0194335 0.0310391 6.42661e-05
6 0.342556 0.487517 0.030303 0.037112 6.42872e-05
6 0.61973 0.43691 0.195323 0.109987 6.47211e-05
6 0.622694 0.0236167 0.078722 0.0472335 6.474e-05
6 0.170949 0.0303644 0.0243742 0.0364372 6.4862e-05
6 0.604249 0.450067 0.0174572 0.0310391 6.51881e-05
6 0.623188 0.406545 0.0289855 0.0519568 6.52893e-05
6 0.951087 0.231781 0.0833333 0.205803 6.54745e-05
6 0.443841 0.472672 0.0457839 0.0573549 6.57164e-05
6 0.475132 0.466599 0.048419 0.0668016 6.60204e-05
6 0.264657 0.536437 0.116271 0.134953 6.6078e-05
6 0.626153 0.401484 0.0144928 0.0512821 6.61474e-05
4 0.54002 0.771592 0.61166 0.178812 6.63747e-05
6 0.721179 0.963225 0.0240448 0.0546559 6.64508e-05
9 0.921937 0.987854 0.0546772 0.0242915 6.65993e-05
5 0.326581 0.970985 0.540514 0.0580297 6.66534e-05
6 0.735013 0.973684 0.0418314 0.0526316 6.67174e-05
6 0.260211 0.577935 0.217391 0.21525 6.67564e-05
6 0.564065 0.409244 0.0108696 0.0465587 6.68165e-05
6 0.538043 0.477058 0.0391963 0.0566802 6.68618e-05
9 0.974802 0.983468 0.0431489 0.0330634 6.72893e-05
6 0.393445 0.493252 0.020751 0.0364372 6.82596e-05
9 0.934453 0.00539811 0.0368906 0.0107962 6.83243e-05
5 0.512352 0.0624157 0.244071 0.115385 6.86161e-05
5 0.694005 0.0394737 0.190382 0.0789474 6.88502e-05
6 0.257246 0.449393 0.016469 0.0377868 6.92862e-05
6 0.721014 0 0.0289855 0 6.94694e-05
3 0.144433 0.580297 0.288867 0.839406 6.95386e-05
6 0.162055 0.0725371 0.0586298 0.0762483 6.96203e-05
6 0.788373 0.510121 0.0200922 0.0404858 6.97483e-05
6 0.79002 0.489879 0.0187747 0.0458839 7.01306e-05
6 0.410244 0.571525 0.0187747 0.0431849 7.01772e-05
6 0.427207 0.507085 0.0461133 0.0721997 7.02032e-05
6 0.840086 0.973684 0.0214097 0.0458839 7.02889e-05
6 0.725626 0.553306 0.0191041 0.0337382 7.0441e-05
6 0.453722 0.624157 0.0457839 0.0904184 7.07382e-05
6 0.746542 0.559379 0.0214097 0.0350877 7.10902e-05
6 0.736495 0.0151822 0.0685112 0.0303644 7.12848e-05
6 0.513669 0.476721 0.0319499 0.0614035 7.13205e-05
6 0.917325 0.158569 0.119236 0.116059 7.14342e-05
6 0.735178 0.967274 0.0243742 0.0492578 7.15158e-05
9 0.439723 0.988529 0.0270092 0.022942 7.26857e-05
6 0.664196 0.499325 0.139987 0.106613 7.29847e-05
9 0.728755 0.999325 0.0681818 0.00134953 7.30102e-05
6 0.556324 0.411943 0.0270092 0.0479082 7.31497e-05
6 0.379611 0.551957 0.0161397 0.0391363 7.31524e-05
5 0.201087 0.930499 0.402174 0.139001 7.38561e-05
9 0.445982 0.972672 0.0783926 0.0546559 7.39313e-05
6 0.240283 0.538799 0.0181159 0.037112 7.43585e-05
7 0.529644 0.666329 0.0480896 0.114035 7.45341e-05
6 0.307312 0.537112 0.0197628 0.0337382 7.50688e-05
6 0.592721 0.557018 0.0200922 0.0398111 7.517e-05
9 0.566041 0.978408 0.0635705 0.0431849 7.53173e-05
9 0.0352437 0.937584 0.0546772 0.124831 7.53668e-05
7 0.0085639 0.0921053 0.00988142 0.184211 7.56931e-05
6 0.989625 0.115385 0.0141634 0.230769 7.57176e-05
9 0.494236 0.979757 0.0266798 0.0323887 7.63069e-05
9 0.154315 1 0.0721344 0 7.64113e-05
6 0.407938 0.481444 0.0444664 0.0506073 7.65908e-05
4 0.740119 0.762483 0.519763 0.466937 7.66016e-05
6 0.229084 0.0253036 0.0556653 0.0506073 7.66364e-05
6 0.570323 0.976383 0.0352437 0.0377868 7.76442e-05
7 0.411561 0.37112 0.0352437 0.0701754 7.7888e-05
6 0.727273 0.458165 0.0118577 0.0310391 7.80607e-05
6 0.0100461 0.206815 0.0200922 0.207153 7.82774e-05
9 0.0439723 0.0175439 0.0879447 0.0350877 7.87222e-05
6 0.757411 0.516532 0.0200922 0.0411606 7.8977e-05
6 0.294137 0.524966 0.0447958 0.0553306 8.00463e-05
6 0.734684 0.581984 0.0359025 0.0506073 8.01984e-05
6 0.835474 0.126518 0.0293149 0.12753 8.02974e-05
6 0.987319 0.286775 0.0253623 0.237517 8.0709e-05
6 0.345356 0.47942 0.051054 0.0519568 8.08308e-05
7 0.552042 0.345479 0.0105402 0.101215 8.14329e-05
9 0.202734 1 0.197299 0 8.17123e-05
6 0.288043 0.461538 0.0154809 0.0310391 8.17211e-05
7 0.613142 0.374831 0.0247036 0.0654521 8.19284e-05
6 0.71805 0.447706 0.0349144 0.0438596 8.19433e-05
6 0.876812 0.129217 0.0316206 0.0479082 8.2331e-05
5 0.231884 0.836032 0.341897 0.121457 8.26337e-05
6 0.531785 0.433198 0.034585 0.0553306 8.3817e-05
6 0.432642 0.57726 0.0457839 0.0802969 8.38675e-05
7 0.568511 0.345816 0.0131752 0.0991903 8.42025e-05
6 0.687418 0.89946 0.0968379 0.17139 8.42799e-05
6 0.612319 0.447706 0.0296443 0.037112 8.50967e-05
6 0.283432 0.544534 0.0174572 0.0323887 8.53873e-05
2 0.360837 0.343792 0.203228 0.169366 8.57887e-05
7 0.307806 0.379892 0.0886034 0.128205 8.58214e-05
6 0.0102108 0.123144 0.0204216 0.200405 8.66398e-05
6 0.785573 0.523279 0.0428195 0.0883941 8.7225e-05
5 0.167819 0.211876 0.335639 0.423752 8.73117e-05
6 0.183959 0.0128205 0.0121871 0.025641 8.74197e-05
5 0.805995 0.124157 0.388011 0.248313 8.75043e-05
6 0.605731 0.456478 0.0289855 0.0330634 8.75709e-05
9 0.029809 0.00775978 0.0517128 0.0155196 8.79487e-05
6 0.284256 0.469636 0.0401845 0.0431849 8.85753e-05
9 0.694664 0 0.0283267 0 8.90099e-05
6 0.435112 0.969298 0.0454545 0.037112 8.90389e-05
9 0.487813 0.982119 0.337286 0.0357625 8.91743e-05
6 0.498518 0.52969 0.0181159 0.0580297 8.93758e-05
6 0.444829 0.550607 0.0167984 0.0499325 9.02344e-05
6 0.461298 0.532389 0.0293149 0.0404858 9.04491e-05
3 0.338768 0.539136 0.451581 0.423752 9.04588e-05
7 0.521904 0.347166 0.0154809 0.103239 9.06927e-05
5 0.52948 0.20108 0.0550066 0.147099 9.10143e-05
6 0.720026 0.460189 0.0158103 0.0283401 9.20948e-05
5 0.539855 0.0236167 0.226614 0.0472335 9.26038e-05
9 0.94417 0.0104588 0.0517128 0.0209177 9.27696e-05
6 0.32971 0.486505 0.0250329 0.0337382 9.356e-05
6 0.168808 0.0195682 0.03722 0.0391363 9.41024e-05
6 0.242754 0.546896 0.0335968 0.0492578 9.42653e-05
5 0.786561 0.215924 0.0625823 0.267206 9.47212e-05
5 0.294466 0.974696 0.416337 0.0506073 9.49306e-05
6 0.568676 0.475709 0.0339262 0.0458839 9.51539e-05
6 0.618906 0.543185 0.322793 0.205128 9.54963e-05
6 0.453722 0.502699 0.0174572 0.0364372 9.61698e-05
6 0.254447 0.47942 0.0438076 0.0735493 9.72922e-05
6 0.465415 0.501687 0.0388669 0.0748988 9.77163e-05
6 0.687253 0.575574 0.020751 0.0404858 9.80603e-05
6 0.589097 0.447031 0.0299737 0.0384615 9.81635e-05
7 0.479908 0.665992 0.0487484 0.11336 9.82214e-05
6 0.27668 0.466599 0.0263505 0.0290148 9.83475e-05
3 0.851285 0.569838 0.297431 0.70108 9.83546e-05
6 0.18643 0.0293522 0.0085639 0.037112 9.83648e-05
6 0.264493 0.539474 0.0395257 0.0533063 9.84434e-05
6 0.298584 0.485155 0.141304 0.148448 9.87161e-05
0 0.0110343 0.826586 0.0167984 0.346829 9.89405e-05
7 0.48666 0.352564 0.0418314 0.0924426 9.90192e-05
5 0.261199 0.214238 0.118577 0.281377 9.94289e-05
5 0.715415 0.0188934 0.131094 0.0377868 9.97074e-05
9 0.42029 0.982119 0.0362319 0.0357625 9.98569e-05
6 0.00741107 0.22807 0.00889328 0.0958165 0.0001003
6 0.315711 0.460189 0.0517128 0.0553306 0.00010096
9 0.4361 0.983806 0.0757576 0.0323887 0.000101423
6 0.564229 0.429825 0.0125165 0.0458839 0.000101812
6 0.580204 0.424764 0.0471014 0.0708502 0.000102703
6 0.322299 0.47942 0.0174572 0.0303644 0.000103105
5 0.716238 0.206478 0.131423 0.25641 0.000103293
6 0.717721 0.539136 0.295125 0.288799 0.000104161
6 0.766798 0.49359 0.0362319 0.0506073 0.000104968
6 0.692523 0.552632 0.0174572 0.0364372 0.000104972
6 0.406621 0.977058 0.0451252 0.0404858 0.000105562
0 0.988307 0.803981 0.020751 0.392038 0.000106321
9 0.208663 1 0.0741107 0 0.000107255
6 0.387352 0.488192 0.041502 0.0425101 0.000107736
6 0.441864 0.504386 0.0181159 0.034413 0.000108022
3 0.0844862 0.661606 0.168972 0.649798 0.000109498
6 0.807312 0.964238 0.0928854 0.071525 0.000110108
6 0.488966 0.524966 0.0332675 0.048583 0.000110381
6 0.26581 0.471997 0.0197628 0.0290148 0.000110401
2 0.651021 0.355263 0.280962 0.131579 0.000110491
4 0.515152 0.760796 0.969697 0.375843 0.000110726
9 0.480237 0.982456 0.0395257 0.0350877 0.000112387
7 0.615777 0.373144 0.0108696 0.0647773 0.00011279
5 0.188076 0.989879 0.376153 0.0202429 0.000112947
6 0.741107 0.537449 0.0184453 0.0330634 0.000113798
7 0.597167 0.376856 0.0230567 0.0641026 0.000114527
6 0.440876 0.820175 0.0438076 0.0519568 0.000116285
6 0.782115 0.49359 0.0174572 0.0465587 0.000117816
6 0.732378 0 0.0279974 0 0.000117881
6 0.989625 0.0867072 0.0108696 0.147773 0.000118173
6 0.0286561 0.0340756 0.0573123 0.0681511 0.000119277
9 0.479578 0.991565 0.0480896 0.0168691 0.000120165
6 0.308794 0.551957 0.020751 0.0364372 0.000120283
9 0.0571476 0.00910931 0.0569829 0.0182186 0.000120342
6 0.95191 0.0182186 0.0869565 0.0364372 0.000121835
6 0.63027 0.469298 0.148551 0.108637 0.000122212
6 0.488472 0.579285 0.0342556 0.0654521 0.000122705
6 0.979578 0.0239541 0.0408432 0.0479082 0.000122991
5 0.682971 0.925101 0.388999 0.112011 0.000125093
5 0.667161 0.0205803 0.138669 0.0411606 0.000126722
5 0.900527 0.126518 0.198946 0.24224 0.000127638
6 0.318182 0.540486 0.113966 0.0944669 0.000129918
6 0.834651 0.124494 0.0197628 0.0452092 0.000131985
6 0.388175 0.441296 0.0444664 0.0607287 0.00013223
9 0.418149 0.992915 0.0418314 0.01417 0.000132965
5 0.230072 0.870445 0.45224 0.232119 0.000134706
7 0.591074 0.394399 0.0181159 0.060054 0.000134797
4 0.219862 0.74865 0.439723 0.339406 0.000134933
6 0.178524 0.86471 0.0961792 0.12753 0.000135286
6 0.667655 0.582659 0.0230567 0.034413 0.000135496
6 0.5583 0.432186 0.0289855 0.0479082 0.000135748
6 0.318017 0.477733 0.0431489 0.0404858 0.000136557
5 0.703887 0.863023 0.475626 0.230769 0.000136797
9 0.456028 0.980769 0.03722 0.0384615 0.000139584
6 0.334816 0.5722 0.0194335 0.0404858 0.000139741
6 0.39114 0.548246 0.0174572 0.0411606 0.000140016
6 0.423584 0.568826 0.0184453 0.0458839 0.000140363
6 0.762187 0.899123 0.0711462 0.201754 0.000141877
9 0.456028 0.99224 0.0418314 0.0155196 0.0001419
6 0.591238 0.572537 0.0184453 0.0384615 0.00014274
6 0.458004 0.573212 0.0279974 0.0519568 0.000143577
6 0.348814 0.451417 0.0527009 0.0661269 0.000144771
5 0.272398 0.153846 0.532279 0.307692 0.000145217
6 0.179842 0.0479082 0.0243742 0.0958165 0.000147214
6 0.761528 0.915317 0.055336 0.103239 0.000147398
6 0.633564 0.460526 0.0312912 0.037112 0.000150348
6 0.373847 0.571188 0.0197628 0.0425101 0.00015136
7 0.513505 0.313428 0.0625823 0.0951417 0.000152055
5 0.0945323 0.155196 0.187088 0.19973 0.000152533
6 0.376647 0.537787 0.161067 0.11336 0.000153565
6 0.38307 0.519568 0.0184453 0.0337382 0.000154433
6 0.514163 0.525641 0.0368906 0.0499325 0.000156756
6 0.735013 0.491565 0.0286561 0.0452092 0.000158286
6 0.808465 0.937584 0.124177 0.114035 0.000158413
6 0.53969 0.568151 0.0378788 0.0539811 0.000158726
6 0.253129 0.468286 0.0306324 0.0472335 0.000158844
5 0.825922 0.976383 0.348155 0.0472335 0.00015963
6 0.349308 0.464575 0.0148221 0.0249663 0.000159776
6 0.33251 0.51552 0.0167984 0.0323887 0.000161493
6 0.736825 0.44332 0.0250329 0.0364372 0.000164251
6 0.317523 0.570175 0.0197628 0.0391363 0.000165202
6 0.655303 0.579285 0.0187747 0.034413 0.000165528
6 0.766634 0.583333 0.0339262 0.0614035 0.000165603
7 0.486001 0.351215 0.0161397 0.0883941 0.000168635
5 0.239789 0.904184 0.479578 0.191633 0.000169321
6 0.994071 0.126518 0.0118577 0.143725 0.000169563
5 0.816206 0.910256 0.367589 0.179487 0.000170109
5 0.733037 0.250337 0.533926 0.500675 0.000171762
6 0.332181 0.473684 0.0174572 0.0310391 0.000171891
9 0.694335 0.00809717 0.0467721 0.0161943 0.000172184
6 0.292161 0.546221 0.0342556 0.0438596 0.000172662
6 0.00708169 0.149123 0.0108696 0.167341 0.000173477
7 0.616601 0.397773 0.0118577 0.0546559 0.000176229
6 0.740613 0.557692 0.048419 0.060054 0.000176565
6 0.73139 0.00775978 0.0464427 0.0155196 0.000177184
6 0.00790514 0.121457 0.00658762 0.099865 0.000177269
7 0.539032 0.347503 0.0161397 0.11336 0.000177525
6 0.616271 0.490891 0.0335968 0.0425101 0.000179043
6 0.621047 0.541498 0.138011 0.0978408 0.000179554
6 0.565547 0.566127 0.0375494 0.0566802 0.000179985
6 0.505929 0.981444 0.0349144 0.0357625 0.000185038
6 0.725791 0.518219 0.0167984 0.025641 0.000188532
6 0.365448 0.523617 0.0187747 0.0323887 0.00018869
6 0.641798 0.516869 0.0187747 0.0296896 0.000189648
7 0.50774 0.348853 0.0167984 0.110661 0.000190408
6 0.580369 0.511471 0.0592885 0.0661269 0.000190484
6 0.436594 0.571188 0.0247036 0.0519568 0.000191459
6 0.3167 0.552294 0.0214097 0.037112 0.000192447
6 0.684618 0.511134 0.242095 0.159919 0.000192796
6 0.00592885 0.256748 0.0118577 0.0924426 0.000192809
6 0.00494071 0.175776 0.00988142 0.104588 0.00019317
6 0.301877 0.546559 0.0181159 0.0269906 0.000194952
6 0.732543 0.460864 0.0177866 0.0377868 0.00019533
6 0.65168 0.444332 0.0167984 0.0330634 0.000196065
6 0.703393 0.45108 0.0174572 0.0330634 0.000198223
6 0.598979 0.479757 0.0378788 0.0431849 0.000200583
6 0.765481 0.541498 0.0704875 0.116734 0.000202007
6 0.240448 0.567476 0.0197628 0.0458839 0.000204545
5 0.143445 0.977395 0.286891 0.0452092 0.000206227
9 0.0551713 0.976721 0.110343 0.0465587 0.000207095
6 0.163373 0.857287 0.0843215 0.246289 0.000207704
9 0.442029 0.976721 0.0256917 0.0398111 0.000210792
6 0.341733 0.555331 0.220356 0.187584 0.000212643
6 0.601285 0.572874 0.0220685 0.0391363 0.00021362
6 0.693676 0.521255 0.0184453 0.0303644 0.000213934
5 0.51861 0.166329 0.0530303 0.158569 0.000215432
6 0.725791 0.451417 0.0187747 0.0377868 0.000215738
6 0.29002 0.454116 0.0424901 0.0647773 0.000218043
7 0.796772 0.227395 0.0309618 0.349528 0.000218723
6 0.581686 0.542173 0.0586298 0.0708502 0.000220949
6 0.567852 0.527328 0.0349144 0.0425101 0.00022142
6 0.0215744 0.0168691 0.0431489 0.0337382 0.000223369
3 0.213768 0.562416 0.427536 0.639001 0.000226853
5 0.494895 0.850877 0.712451 0.280702 0.000227582
6 0.359025 0.568151 0.0223979 0.0404858 0.000231943
6 0.695158 0.450405 0.0121871 0.0276653 0.000238484
5 0.819499 0.942308 0.286561 0.115385 0.0002396
6 0.693511 0.486842 0.0227273 0.034413 0.0002441
6 0.710474 0.576586 0.027668 0.0411606 0.000244287
5 0.166667 0.956815 0.333333 0.0863698 0.000246008
6 0.339921 0.457152 0.0223979 0.0398111 0.000246364
6 0.77141 0.609986 0.0368906 0.0688259 0.000250079
6 0.990613 0.14946 0.0115283 0.124831 0.000250387
6 0.621871 0.522942 0.0204216 0.0364372 0.000253505
5 0.850132 0.211201 0.299736 0.350877 0.000256644
6 0.476614 0.52834 0.47365 0.25776 0.000257804
6 0.00625823 0.0863698 0.0125165 0.120108 0.000263496
6 0.434289 0.551957 0.0181159 0.0499325 0.000264677
7 0.59865 0.392038 0.0135046 0.0580297 0.000266861
6 0.667655 0.503711 0.0283267 0.0411606 0.000267528
6 0.723155 0.574224 0.0247036 0.0391363 0.000270589
6 0.990942 0.179825 0.0148221 0.221997 0.000271005
6 0.530468 0.523954 0.0312912 0.0533063 0.000273155
9 0.434289 0.982119 0.0339262 0.0357625 0.000274734
6 0.604249 0.5361 0.0148221 0.0357625 0.000276041
5 0.52915 0.0425101 0.400856 0.0850202 0.000276277
6 0.00494071 0.124494 0.00988142 0.115385 0.000277081
6 0.436265 0.534076 0.0174572 0.0479082 0.000277162
6 0.412549 0.548246 0.0378788 0.0519568 0.000277737
3 0.661561 0.538462 0.471344 0.421053 0.000282637
6 0.390646 0.523954 0.0171278 0.0303644 0.000282796
6 0.630105 0.474696 0.0487484 0.0465587 0.000287604
6 0.680501 0.553981 0.145586 0.109312 0.000288555
6 0.294302 0.545547 0.0194335 0.0290148 0.000292914
6 0.691206 0.496964 0.0359025 0.0438596 0.000299597
6 0.7528 0.556005 0.170949 0.183536 0.000301949
6 0.318841 0.541498 0.0197628 0.0317139 0.000316659
6 0.620224 0.575574 0.0243742 0.0418354 0.000316742
6 0.346344 0.567814 0.0214097 0.0452092 0.000325717
6 0.379447 0.525641 0.057971 0.0620783 0.000328457
6 0.605402 0.554656 0.0177866 0.0350877 0.000329081
6 0.413373 0.54892 0.0131752 0.0398111 0.00032963
6 0.594862 0.563428 0.0355731 0.0458839 0.000334247
6 0.661561 0.511808 0.023386 0.037112 0.000335087
6 0.375823 0.535425 0.0197628 0.0303644 0.000335262
6 0.179677 0.0226046 0.0352437 0.0452092 0.000335766
6 0.994401 0.184211 0.0111989 0.133603 0.000343422
6 0.676548 0.501012 0.0223979 0.037112 0.000348768
7 0.495718 0.351215 0.0204216 0.112686 0.000349977
6 0.629117 0.445344 0.0507246 0.0499325 0.000352925
7 0.50807 0.353576 0.0464427 0.0904184 0.000353563
6 0.648551 0.49865 0.0217391 0.0323887 0.000353872
6 0.774539 0.556343 0.0260211 0.0546559 0.000356684
6 0.31917 0.545547 0.0388669 0.0411606 0.000359125
7 0.590086 0.378205 0.0108696 0.0695007 0.000362532
6 0.906126 0.266532 0.0764163 0.0512821 0.000369735
6 0.340086 0.453104 0.00889328 0.0276653 0.000370753
6 0.730402 0.477395 0.0293149 0.0506073 0.000377034
6 0.777339 0.51552 0.0256917 0.0458839 0.000378764
6 0.715909 0.475034 0.0339262 0.0445344 0.00038438
6 0.33498 0.552294 0.016469 0.0357625 0.00039096
6 0.644433 0.574224 0.0247036 0.0445344 0.00039192
6 0.180007 0.030027 0.0174572 0.037112 0.000391952
5 0.540843 0.968286 0.417655 0.0634278 0.000394917
6 0.675066 0.474696 0.0405138 0.0438596 0.000398204
6 0.696476 0.463225 0.0181159 0.0303644 0.000406202
6 0.576416 0.552632 0.0322793 0.048583 0.00040848
6 0.538208 0.497301 0.0573123 0.0769231 0.000411465
5 0.113966 0.169028 0.227931 0.338057 0.00041309
6 0.594203 0.535762 0.0342556 0.0391363 0.000416818
6 0.501647 0.497638 0.0527009 0.0789474 0.000417865
6 0.661726 0.459177 0.0256917 0.0330634 0.000425971
6 0.371377 0.549595 0.0214097 0.0398111 0.000426361
6 0.387187 0.538462 0.0385376 0.0377868 0.000428448
6 0.262022 0.463563 0.0194335 0.0310391 0.000444244
6 0.178689 0.0178812 0.0194335 0.0330634 0.000452254
6 0.395422 0.53475 0.0200922 0.0330634 0.00045771
6 0.339592 0.55027 0.0368906 0.0479082 0.000467442
6 0.675395 0.462213 0.020751 0.0323887 0.000478166
6 0.71805 0.497301 0.0362319 0.0539811 0.000481846
6 0.675889 0.552294 0.0171278 0.034413 0.000492669
6 0.775527 0.527665 0.0187747 0.0391363 0.000495633
6 0.652009 0.456815 0.0194335 0.0323887 0.000506289
6 0.659585 0.448718 0.0174572 0.0323887 0.000518714
6 0.631752 0.573887 0.0191041 0.034413 0.000528443
6 0.350461 0.538124 0.0711462 0.0668016 0.000530325
6 0.355237 0.531039 0.0247036 0.0350877 0.000532626
6 0.384058 0.535425 0.0177866 0.0330634 0.000532923
6 0.442358 0.554993 0.044137 0.0681511 0.000552009
6 0.766304 0.544872 0.0312912 0.0438596 0.000552344
6 0.630435 0.544872 0.044137 0.0573549 0.0005552
2 0.637846 0.313765 0.439723 0.153846 0.000557734
6 0.529809 0.630229 0.0635705 0.112011 0.000561786
6 0.733202 0.547908 0.0217391 0.0404858 0.000562807
5 0.678854 0.218961 0.375494 0.273279 0.000584715
6 0.529974 0.578947 0.0335968 0.074224 0.000590607
6 0.708169 0.466599 0.0197628 0.0317139 0.000595778
6 0.683959 0.55027 0.0352437 0.0398111 0.0006003
6 0.435112 0.537787 0.041502 0.0472335 0.000604965
6 0.757411 0.531714 0.0253623 0.0364372 0.000624068
6 0.640646 0.559717 0.0204216 0.037112 0.000635998
6 0.471509 0.626856 0.0918972 0.099865 0.00063711
6 0.500988 0.520918 0.0368906 0.0526316 0.000637815
6 0.708663 0.49359 0.0214097 0.0317139 0.000638971
6 0.724802 0.467611 0.0194335 0.0364372 0.000640953
2 0.503129 0.346491 0.0879447 0.120783 0.000658668
5 0.505599 0.991903 0.599473 0.0161943 0.00067864
5 0.500165 0.178475 0.0747694 0.201754 0.000687796
6 0.673254 0.574561 0.0223979 0.0411606 0.000707195
7 0.5028 0.667679 0.076087 0.101889 0.000721584
5 0.529974 0.0988529 0.51581 0.197706 0.000725464
6 0.375 0.54251 0.0405138 0.0377868 0.000727579
6 0.342391 0.531039 0.020751 0.0323887 0.000730345
6 0.472661 0.526653 0.055336 0.0533063 0.000733007
2 0.527997 0.442308 0.858366 0.323212 0.000746116
6 0.407773 0.54386 0.0177866 0.0391363 0.000764977
6 0.535079 0.550607 0.0642292 0.0850202 0.000769419
6 0.744401 0.390013 0.0355731 0.0688259 0.000775421
6 0.713603 0.533063 0.0793808 0.0769231 0.000805458
6 0.337286 0.468623 0.0131752 0.0249663 0.000807975
6 0.732213 0.533063 0.0217391 0.0337382 0.000812412
6 0.676548 0.524292 0.0204216 0.0269906 0.000835104
6 0.713603 0.537449 0.048419 0.0546559 0.000875079
6 0.620389 0.509784 0.0227273 0.034413 0.000875819
6 0.503458 0.575236 0.0556653 0.0802969 0.000877698
6 0.631917 0.52193 0.0457839 0.0546559 0.000890709
6 0.695487 0.460526 0.0490777 0.0452092 0.000899019
6 0.688735 0.512483 0.0520422 0.0506073 0.000903833
6 0.663538 0.5722 0.0266798 0.0418354 0.000928165
6 0.627141 0.522267 0.016469 0.0269906 0.000944864
6 0.762352 0.562078 0.034585 0.0634278 0.00095119
6 0.342885 0.474696 0.0177866 0.0317139 0.000952897
6 0.721509 0.481781 0.0200922 0.0337382 0.000955862
6 0.58778 0.528003 0.0194335 0.037112 0.00101046
6 0.64361 0.537112 0.0184453 0.0337382 0.00102709
5 0.328393 0.205466 0.251647 0.32861 0.00103553
6 0.420455 0.544197 0.0174572 0.0438596 0.00103635
6 0.740119 0.424764 0.0322793 0.0546559 0.00105898
6 0.324111 0.499325 0.0362319 0.0512821 0.00109686
6 0.653162 0.457827 0.0342556 0.0425101 0.00110809
6 0.30303 0.489541 0.0395257 0.0533063 0.00110976
6 0.638669 0.551619 0.0322793 0.037112 0.00112306
6 0.632246 0.51552 0.0214097 0.0323887 0.00113418
6 0.705863 0.527328 0.0171278 0.0290148 0.00119042
6 0.360178 0.539136 0.0398551 0.048583 0.00120493
6 0.474802 0.570175 0.0477602 0.074224 0.00121575
6 0.500659 0.589406 0.0342556 0.0762483 0.00126454
6 0.622036 0.555331 0.0220685 0.0391363 0.00132124
6 0.651186 0.541161 0.101449 0.0674764 0.00134779
6 0.708827 0.546559 0.0158103 0.0310391 0.00176241
6 0.340909 0.464575 0.0111989 0.0222672 0.00186492
6 0.592721 0.51552 0.0161397 0.0323887 0.00200056
6 0.600955 0.516869 0.0181159 0.0337382 0.0021452
6 0.629611 0.556343 0.0194335 0.037112 0.00225977
5 0.513505 0.90081 0.828063 0.198381 0.00243467
6 0.361331 0.539474 0.0210804 0.0303644 0.00262682
6 0.695817 0.533401 0.0240448 0.0276653 0.00281657
6 0.740777 0.408232 0.0243742 0.0512821 0.00292486
6 0.717227 0.542848 0.0299737 0.0398111 0.00299282
6 0.667984 0.5361 0.041502 0.0506073 0.00322792
6 0.729908 0.540486 0.0395257 0.0404858 0.00324361
6 0.499012 0.629892 0.0750988 0.0802969 0.00344066
6 0.314229 0.466937 0.0296443 0.0377868 0.00368623
5 0.508893 0.95108 0.6278 0.0978408 0.00375585
6 0.338603 0.543185 0.0177866 0.025641 0.00434955
6 0.71525 0.544534 0.0161397 0.0310391 0.00460865
6 0.621377 0.540148 0.0247036 0.0438596 0.00597287
6 0.652174 0.54386 0.0342556 0.0310391 0.00969103
6 0.59305 0.542173 0.0167984 0.0384615 0.0106361
6 0.655303 0.534413 0.0227273 0.0323887 0.0196237
6 0.712286 0.53475 0.0227273 0.0276653 0.0290273
6 0.593874 0.52969 0.0158103 0.0323887 0.0294772
6 0.62747 0.531714 0.0237154 0.0337382 0.0306295
6 0.348485 0.542173 0.0296443 0.0384615 0.0476229
6 0.666502 0.5361 0.0279974 0.0317139 0.171552
4 0.501153 0.637989 0.750659 0.324561 0.64545
3 0.509881 0.566802 0.957839 0.654521 0.747943
2 0.505105 0.321525 0.570817 0.217949 0.867372
5 0.517128 0.18556 0.618577 0.330634 0.894395
