6 0.898559 0.771477 0.0772358 0.109396 1.23359e-05
5 0.885809 0.851007 0.228381 0.297987 1.23476e-05
7 0.328899 0.475503 0.0458241 0.0973154 1.23496e-05
6 0.519771 0.692617 0.0358463 0.0979866 1.23906e-05
7 0.693274 0.487248 0.0421286 0.120805 1.24054e-05
6 0.833333 0.400671 0.0576497 0.14094 1.24128e-05
6 0.294715 0.92349 0.0757576 0.15302 1.25142e-05
8 0.906504 0.997651 0.113821 0.00469799 1.25314e-05
6 0.356245 0.016443 0.0391722 0.0328859 1.25743e-05
5 0.285107 0.299329 0.071323 0.272483 1.26113e-05
7 0.586659 0.433221 0.0225425 0.141611 1.26353e-05
6 0.793792 0.79396 0.0569106 0.103356 1.26427e-05
6 0.144494 0.31443 0.0569106 0.22349 1.26575e-05
7 0.418145 0.442953 0.0136733 0.13557 1.26839e-05
7 0.894309 0.875503 0.0790835 0.248993 1.26845e-05
10 0.198817 0.951342 0.0317812 0.0973154 1.27024e-05
6 0.554509 0.966107 0.0587583 0.0677852 1.27199e-05
6 0.0461936 0.429195 0.0923873 0.361745 1.27301e-05
6 0.286955 0.953691 0.0299335 0.0926175 1.27835e-05
7 0.58204 0.712416 0.0339985 0.0758389 1.28132e-05
6 0.266815 0.605034 0.0406504 0.0986577 1.28299e-05
6 0.646157 0.0214765 0.0476718 0.042953 1.28382e-05
4 0.0168145 0.537248 0.033629 0.36443 1.28543e-05
7 0.655765 0.692953 0.056541 0.104027 1.29206e-05
7 0.438285 0.974832 0.0332594 0.0503356 1.29279e-05
6 0.470067 0.0563758 0.0591279 0.095302 1.29518e-05
6 0.208056 0.448322 0.0672579 0.144966 1.29762e-05
6 0.790281 0.398658 0.0388027 0.0818792 1.3031e-05
5 0.365854 0.292617 0.379157 0.279195 1.30342e-05
10 0.228012 0.950336 0.0325203 0.0993289 1.30492e-05
6 0.84405 0.985906 0.030303 0.0228188 1.30789e-05
6 0.587398 0.616443 0.0218034 0.0516779 1.31093e-05
7 0.407428 0.969128 0.0432373 0.061745 1.31096e-05
6 0.308943 0.0124161 0.0236511 0.0234899 1.31275e-05
9 0.929416 0.970805 0.141168 0.0583893 1.3154e-05
5 0.491316 0.116107 0.0580192 0.138255 1.31546e-05
9 0.186253 1 0.0761271 0 1.3157e-05
6 0.664634 0.0677852 0.104582 0.108725 1.31834e-05
7 0.347561 0.686242 0.0225425 0.0758389 1.32066e-05
7 0.431633 0.447651 0.00813008 0.0993289 1.32202e-05
6 0.387657 0.650336 0.0399113 0.0845638 1.32434e-05
6 0.0129342 0.538926 0.0258684 0.198658 1.32542e-05
6 0.693089 0.0231544 0.0373245 0.0463087 1.32797e-05
6 0.563008 0.59698 0.0321508 0.0436242 1.32987e-05
6 0.476718 0.644295 0.0288248 0.0577181 1.34549e-05
6 0.650776 0.559396 0.0184775 0.0422819 1.35007e-05
10 0.985957 0.763758 0.0118256 0.127517 1.35444e-05
4 0.194383 0.55302 0.144863 0.327517 1.35555e-05
0 0.9915 0.769463 0.0169993 0.185906 1.35711e-05
7 0.705654 0.462752 0.0351072 0.132215 1.36313e-05
6 0.825573 0.819799 0.09017 0.14698 1.36527e-05
6 0.389135 0.0110738 0.022912 0.0194631 1.36795e-05
7 0.584627 0.436577 0.0125647 0.0932886 1.37018e-05
6 0.892092 0.487248 0.0739098 0.194631 1.37318e-05
6 0.793607 0.94396 0.0676275 0.106711 1.37473e-05
6 0.808204 0.426174 0.0465632 0.120805 1.37579e-05
8 0.952513 1 0.0949741 0 1.3779e-05
4 0.982631 0.708725 0.0280857 0.232215 1.37813e-05
6 0.253511 0.513423 0.022912 0.0536913 1.37886e-05
7 0.430894 0.444295 0.0169993 0.146309 1.37886e-05
6 0.103659 0.965772 0.0447154 0.0456376 1.38044e-05
6 0.435883 0.066443 0.0831486 0.0912752 1.38228e-05
6 0.0742794 0.327852 0.0576497 0.12953 1.38503e-05
6 0.51626 0.0345638 0.0310421 0.0691275 1.38506e-05
6 0.25813 0.611409 0.026238 0.0577181 1.38784e-05
6 0.131744 0.984228 0.0328899 0.0261745 1.39098e-05
6 0.157428 0.969128 0.022912 0.0322148 1.39103e-05
6 0.00461936 0.561409 0.00923873 0.120134 1.39887e-05
6 0.728751 0.663758 0.0236511 0.052349 1.39929e-05
7 0.505358 0.245638 0.0277162 0.116779 1.40166e-05
7 0.483001 0.975839 0.0458241 0.0483221 1.40405e-05
6 0.216556 0.958054 0.0347376 0.0838926 1.40724e-05
7 0.496489 0.444631 0.00849963 0.112081 1.40775e-05
5 0.310237 0.208054 0.0905395 0.212081 1.40857e-05
6 0.822616 0.310067 0.067997 0.226846 1.41367e-05
6 0.633038 0.256711 0.097561 0.124161 1.41561e-05
6 0.842572 0.733221 0.0879527 0.155034 1.41891e-05
7 0.537694 0.42953 0.0354767 0.130201 1.42301e-05
6 0.798596 0.0161074 0.0539542 0.0322148 1.42995e-05
9 0.917406 0.0120805 0.0424982 0.0241611 1.43294e-05
9 0.0325203 0.965772 0.0480414 0.0416107 1.43788e-05
2 0.653732 0.387919 0.501848 0.178523 1.44139e-05
5 0.347007 0.25604 0.118256 0.196644 1.44332e-05
6 0.989283 0.657718 0.0214339 0.430872 1.44589e-05
6 0.696046 0.139597 0.0617147 0.155705 1.44591e-05
7 0.323725 0.477517 0.0820399 0.153691 1.44717e-05
9 0.722284 1 0.0779749 0 1.44847e-05
6 0.0851811 0.368456 0.0476718 0.116779 1.45201e-05
6 0.166851 0.271812 0.0535846 0.114094 1.45257e-05
6 0.465447 0.322483 0.0424982 0.0449664 1.45563e-05
6 0.521803 0.0614094 0.0280857 0.11745 1.45588e-05
10 0.985588 0.817785 0.0103474 0.128188 1.45693e-05
0 0.00295639 0.919799 0.00591279 0.137584 1.46029e-05
3 0.699926 0.5 0.600148 1 1.46369e-05
9 0.161308 0.0100671 0.0439763 0.0201342 1.46798e-05
6 0.939579 0.445638 0.120843 0.291275 1.46988e-05
6 0.781781 0.875503 0.0698448 0.145638 1.47013e-05
6 0.426645 0.604027 0.0203252 0.0402685 1.47541e-05
6 0.844974 0.433557 0.13119 0.202685 1.47643e-05
6 0.944937 0.533893 0.0716925 0.313423 1.47716e-05
9 0.0572801 0.983893 0.0155211 0.0295302 1.48137e-05
5 0.204361 0.962081 0.408721 0.0758389 1.48146e-05
7 0.316334 0.454027 0.0347376 0.161745 1.48217e-05
5 0.922764 0.79698 0.154472 0.40604 1.48372e-05
6 0.241316 0.516779 0.109387 0.143624 1.48428e-05
6 0.375831 0.667785 0.0413895 0.0765101 1.48641e-05
5 0.184775 0.0426175 0.287509 0.0852349 1.48986e-05
6 0.45898 0.971141 0.0354767 0.033557 1.49407e-05
7 0.628234 0.477517 0.0258684 0.0932886 1.50028e-05
6 0.707132 0.974497 0.0203252 0.0510067 1.50098e-05
6 0.165743 0.97047 0.0498891 0.0590604 1.50389e-05
6 0.609756 0.710067 0.030303 0.0684564 1.50741e-05
7 0.432742 0.483893 0.0133038 0.127517 1.512e-05
6 0.406874 0.00671141 0.0192166 0.0120805 1.52183e-05
6 0.741685 0.963758 0.0317812 0.0724832 1.52461e-05
6 0.697894 0.0661074 0.0498891 0.102685 1.52858e-05
6 0.143939 0.984899 0.0321508 0.0248322 1.52867e-05
5 0.695676 0.97953 0.479305 0.0409396 1.52934e-05
7 0.554878 0.453356 0.0173688 0.130872 1.53052e-05
6 0.0855506 0.980873 0.0291944 0.0248322 1.53065e-05
6 0.484109 0.970805 0.037694 0.0395973 1.53221e-05
6 0.0663341 0.979195 0.0498891 0.0375839 1.53606e-05
6 0.00480414 0.493624 0.00960828 0.121477 1.53646e-05
6 0.726349 0.963423 0.0328899 0.0731544 1.54006e-05
6 0.693459 0.534899 0.0210643 0.0402685 1.54142e-05
6 0.825388 0.48557 0.0535846 0.0919463 1.54312e-05
6 0.413156 0.65604 0.0339985 0.0758389 1.54912e-05
6 0.441242 0.575168 0.0243902 0.0375839 1.55313e-05
5 0.667591 0.951342 0.42609 0.0973154 1.55443e-05
5 0.730783 0.158389 0.071323 0.256376 1.55492e-05
6 0.988914 0.315101 0.0192166 0.12953 1.56111e-05
9 0.132483 0.0295302 0.04915 0.0590604 1.56138e-05
5 0.220806 0.147315 0.177014 0.22349 1.56232e-05
6 0.0936807 0.977852 0.0432373 0.0389262 1.5683e-05
2 0.0912786 0.156711 0.177384 0.283893 1.56995e-05
6 0.84442 0.494966 0.0576497 0.113423 1.57069e-05
5 0.86493 0.0815436 0.119364 0.141611 1.576e-05
7 0.439579 0.209396 0.0173688 0.174497 1.58002e-05
5 0.782705 0.0922819 0.130081 0.128188 1.58235e-05
6 0.157058 0.976846 0.0362158 0.0422819 1.58385e-05
6 0.456578 0.641946 0.0210643 0.0489933 1.5845e-05
6 0.603104 0.00939597 0.0266075 0.0161074 1.58605e-05
6 0.116778 0.282215 0.0480414 0.118792 1.58668e-05
6 0.0513673 0.0919463 0.0864745 0.183893 1.59441e-05
6 0.0574649 0.365101 0.0661493 0.107383 1.59481e-05
6 0.987435 0.178859 0.0251293 0.222148 1.59863e-05
6 0.183112 0.96745 0.0225425 0.0328859 1.60145e-05
6 0.00997783 0.437248 0.0155211 0.105369 1.60421e-05
6 0.677938 0.977852 0.0240207 0.0442953 1.6057e-05
6 0.162047 0.373825 0.0742794 0.198658 1.60598e-05
6 0.81578 0.561745 0.119364 0.281879 1.60725e-05
6 0.854398 0.921812 0.0672579 0.156376 1.6082e-05
6 0.992979 0.557383 0.0140429 0.294631 1.60821e-05
6 0.898928 0.301007 0.0912786 0.202013 1.60858e-05
4 0.0134885 0.751678 0.0269771 0.281879 1.61103e-05
7 0.507391 0.732215 0.0266075 0.10604 1.61128e-05
6 0.27088 0.973154 0.0177384 0.0536913 1.61164e-05
4 0.171471 0.684899 0.323725 0.328188 1.61642e-05
6 0.990761 0.456711 0.0184775 0.373825 1.61798e-05
7 0.394863 0.447987 0.0218034 0.0919463 1.62572e-05
6 0.497598 0.064094 0.0129342 0.0516779 1.62725e-05
6 0.468404 0.636242 0.0291944 0.0402685 1.63883e-05
6 0.457687 0.606711 0.244272 0.138255 1.64019e-05
7 0.597376 0.462416 0.0277162 0.104698 1.64269e-05
6 0.0955285 0.475839 0.130451 0.289933 1.64534e-05
7 0.592018 0.50604 0.0118256 0.0818792 1.66028e-05
6 0.740577 0.569128 0.0406504 0.0791946 1.6653e-05
7 0.165188 0.843289 0.059867 0.313423 1.66648e-05
6 0.616593 0.0107383 0.026238 0.0174497 1.67269e-05
6 0.394494 0.00771812 0.0210643 0.014094 1.68183e-05
6 0.734848 0.877517 0.0846268 0.15906 1.68247e-05
2 0.837029 0.212752 0.109387 0.189262 1.69007e-05
6 0.204176 0.246309 0.0794531 0.116779 1.69015e-05
7 0.419808 0.465772 0.00886918 0.0872483 1.69859e-05
9 0.995196 0.988255 0.00960828 0.0234899 1.70145e-05
5 0.739283 0.299664 0.200665 0.23557 1.7053e-05
6 0.831855 0.986242 0.0347376 0.0221477 1.70553e-05
5 0.466371 0.0761745 0.44272 0.152349 1.7059e-05
10 0.257391 0.95302 0.0284553 0.0939597 1.71067e-05
5 0.900222 0.981544 0.199557 0.0369128 1.71556e-05
5 0.290466 0.234228 0.045085 0.226846 1.72037e-05
6 0.127864 0.821812 0.100517 0.156376 1.72039e-05
7 0.470436 0.668456 0.0583888 0.159732 1.72363e-05
6 0.119734 0.968792 0.0251293 0.0463087 1.72693e-05
6 0.66371 0.635906 0.0236511 0.0395973 1.72785e-05
7 0.413156 0.449664 0.0539542 0.144966 1.72788e-05
7 0.494642 0.728188 0.0498891 0.205369 1.73096e-05
6 0.00997783 0.579195 0.0140429 0.292617 1.73102e-05
6 0.290096 0.617785 0.0214339 0.0436242 1.73508e-05
5 0.618071 1 0.281227 0 1.73799e-05
6 0.290096 0.501007 0.0199557 0.0530201 1.74065e-05
6 0.532336 0.972148 0.0306726 0.0315436 1.74664e-05
6 0.621766 0.634564 0.0705839 0.101342 1.74934e-05
6 0.446231 0.24396 0.0824095 0.165772 1.74937e-05
6 0.218588 0.966443 0.0254989 0.0389262 1.75326e-05
5 0.984479 0.810403 0.0310421 0.265101 1.75991e-05
6 0.228566 0.972148 0.0195861 0.0557047 1.77442e-05
6 0.182557 0.97651 0.0362158 0.0442953 1.78053e-05
5 0.765152 0.0446309 0.160015 0.0892617 1.78464e-05
6 0.306911 0.97047 0.0240207 0.0389262 1.78786e-05
2 0.525684 0.459732 0.257576 0.178523 1.79125e-05
10 0.988359 0.736242 0.0203252 0.154362 1.79309e-05
6 0.114375 0.977181 0.0461936 0.0416107 1.80455e-05
7 0.567443 0.463758 0.0107169 0.095302 1.81117e-05
6 0.195492 0.402013 0.0643016 0.120805 1.81652e-05
6 0.844789 0.961409 0.0266075 0.0771812 1.82699e-05
6 0.198078 0.489933 0.0606061 0.112752 1.83042e-05
6 0.668699 0.971812 0.0277162 0.0362416 1.83585e-05
6 0.404287 0.0691275 0.100517 0.102013 1.83725e-05
5 0.723208 0.285906 0.0576497 0.249664 1.83752e-05
6 0.830192 0.960067 0.0277162 0.0798658 1.83907e-05
6 0.367517 0.555034 0.0351072 0.0456376 1.84972e-05
6 0.628603 0.0110738 0.0295639 0.0181208 1.85561e-05
6 0.104398 0.944631 0.0735403 0.110738 1.86156e-05
6 0.383407 0.283557 0.129712 0.163087 1.8645e-05
6 0.914265 0.374832 0.0716925 0.230201 1.86825e-05
6 0.395048 0.60906 0.0266075 0.0436242 1.87522e-05
6 0.587768 0.540268 0.0321508 0.0536913 1.87742e-05
4 0.0164449 0.704027 0.0328899 0.389262 1.87932e-05
6 0.373614 0.00939597 0.0251293 0.0174497 1.88049e-05
6 0.528825 0.668456 0.037694 0.136913 1.88151e-05
2 0.174797 0.303356 0.140429 0.230872 1.88413e-05
6 0.813562 0.419463 0.026238 0.0711409 1.89058e-05
6 0.72173 0.638591 0.0236511 0.047651 1.89769e-05
6 0.00498891 0.451007 0.00997783 0.108725 1.8984e-05
6 0.914634 0.947315 0.0857354 0.0932886 1.89884e-05
7 0.521434 0.424832 0.0362158 0.115436 1.90093e-05
7 0.663156 0.413423 0.103104 0.115436 1.90129e-05
10 0.242794 0.95 0.0339985 0.1 1.90159e-05
5 0.738359 0.0268456 0.12269 0.0536913 1.90817e-05
6 0.487251 0.0104027 0.0136733 0.0154362 1.9089e-05
6 0.0498891 0.0332215 0.059867 0.0436242 1.90989e-05
8 0.0940503 1 0.188101 0 1.91359e-05
6 0.516999 0.0100671 0.0184775 0.0174497 1.91555e-05
6 0.990022 0.319463 0.0199557 0.316779 1.92654e-05
6 0.170732 0.968456 0.0221729 0.0322148 1.93426e-05
6 0.663156 0.566443 0.0314117 0.0496644 1.93681e-05
5 0.0641168 0.98255 0.128234 0.0348993 1.9384e-05
6 0.112897 0.298993 0.0735403 0.289262 1.94928e-05
8 0.922764 0.153691 0.107908 0.154362 1.95072e-05
6 0.319106 0.618456 0.0343681 0.0463087 1.95149e-05
6 0.223392 0.32349 0.0735403 0.115436 1.95162e-05
7 0.46711 0.72047 0.0369549 0.20604 1.95241e-05
6 0.376571 0.580872 0.0251293 0.0355705 1.95352e-05
6 0.870658 0.793624 0.10643 0.148322 1.95557e-05
6 0.803215 0.44396 0.0328899 0.0718121 1.95699e-05
6 0.794715 0.402685 0.056541 0.126174 1.96653e-05
7 0.524575 0.508054 0.0232816 0.139597 1.96746e-05
6 0.446231 0.00704698 0.0195861 0.014094 1.97111e-05
6 0.727088 0.507718 0.0343681 0.0503356 1.97112e-05
9 0.0569106 0.961745 0.0258684 0.0765101 1.97262e-05
6 0.369549 0.966779 0.0310421 0.066443 1.97497e-05
6 0.546194 0.669799 0.0243902 0.0697987 1.98892e-05
6 0.257391 0.971812 0.018847 0.0563758 1.99081e-05
6 0.593496 0.962416 0.0495196 0.0751678 2.0058e-05
7 0.618995 0.487248 0.0192166 0.119463 2.00715e-05
5 0.203067 0.148322 0.406135 0.296644 2.01468e-05
6 0.195122 0.966779 0.0251293 0.0355705 2.01513e-05
6 0.304509 0.619463 0.0362158 0.0456376 2.01589e-05
6 0.406504 0.0134228 0.0325203 0.0268456 2.01657e-05
6 0.635255 0.593289 0.0332594 0.0456376 2.01978e-05
6 0.166482 0.337584 0.0484109 0.0885906 2.02179e-05
7 0.596822 0.451342 0.0532151 0.128188 2.03706e-05
6 0.829453 0.0181208 0.0705839 0.0362416 2.04579e-05
6 0.528455 0.666443 0.0273466 0.0684564 2.04696e-05
6 0.302291 0.955705 0.030303 0.0885906 2.05352e-05
7 0.706208 0.175503 0.030303 0.259732 2.05686e-05
6 0.383407 0.538926 0.0617147 0.104698 2.06444e-05
5 0.9466 0.803356 0.0875831 0.331544 2.07631e-05
6 0.773466 0.0221477 0.067997 0.0442953 2.08207e-05
6 0.729305 0.535906 0.0314117 0.0422819 2.09095e-05
6 0.992794 0.946644 0.0144124 0.106711 2.1007e-05
6 0.505174 0.673154 0.0436068 0.0805369 2.10414e-05
5 0.317812 0.040604 0.128603 0.0812081 2.10605e-05
6 0.87694 0.958054 0.0332594 0.0838926 2.10696e-05
6 0.437731 0.00637584 0.0181079 0.0127517 2.1118e-05
7 0.372321 0.447987 0.0195861 0.125503 2.12789e-05
7 0.432927 0.482886 0.00702143 0.0932886 2.12817e-05
6 0.527531 0.532886 0.0158906 0.0765101 2.14283e-05
6 0.637103 0.610738 0.0243902 0.0590604 2.14311e-05
6 0.807465 0.985235 0.0339985 0.0228188 2.14429e-05
6 0.156319 0.984899 0.0295639 0.0234899 2.1451e-05
6 0.748522 0.531879 0.0247598 0.0516779 2.15046e-05
6 0.373799 0.599664 0.177014 0.16443 2.15552e-05
9 0.0609756 0.989933 0.0251293 0.0201342 2.16059e-05
6 0.0875831 0.895638 0.113082 0.172483 2.16099e-05
6 0.770695 0.960403 0.0314117 0.0791946 2.1625e-05
6 0.172025 0.795638 0.100887 0.130872 2.18452e-05
6 0.181449 0.985235 0.0310421 0.0228188 2.18699e-05
6 0.281966 0.618456 0.0273466 0.0530201 2.18733e-05
6 0.496674 0.962752 0.0561715 0.0744966 2.19113e-05
0 0.00332594 0.829866 0.00665188 0.140268 2.19407e-05
6 0.26663 0.515101 0.0343681 0.0557047 2.20971e-05
6 0.0107169 0.46745 0.0133038 0.277181 2.21609e-05
6 0.859202 0.401678 0.0657797 0.19396 2.21754e-05
6 0.139874 0.0231544 0.0934959 0.0463087 2.21759e-05
7 0.451774 0.472483 0.120103 0.132886 2.21858e-05
6 0.86068 0.961409 0.0258684 0.0771812 2.21864e-05
6 0.508315 0.985906 0.0388027 0.0268456 2.22925e-05
6 0.611234 0.603691 0.0820399 0.0798658 2.23103e-05
6 0.166482 0.461074 0.109017 0.214765 2.23763e-05
6 0.0910939 0.949664 0.0846268 0.100671 2.2433e-05
6 0.845528 0.521141 0.0953437 0.196644 2.24704e-05
6 0.519217 0.976846 0.0436068 0.0422819 2.24787e-05
6 0.890613 0.0218121 0.0820399 0.0436242 2.25421e-05
6 0.594235 0.0285235 0.0746489 0.057047 2.2605e-05
7 0.282151 0.44698 0.0535846 0.187919 2.26065e-05
6 0.723947 0.975168 0.0192166 0.0496644 2.26092e-05
2 0.874169 0.251342 0.251663 0.403356 2.26217e-05
2 0.755728 0.387248 0.132299 0.291275 2.26377e-05
2 0.350148 0.399664 0.204361 0.257047 2.26653e-05
6 0.243348 0.971812 0.0203252 0.0563758 2.2714e-05
2 0.146157 0.858389 0.292313 0.283221 2.27568e-05
7 0.503326 0.234564 0.0169993 0.0771812 2.27846e-05
6 0.29102 0.534228 0.0306726 0.0510067 2.28511e-05
6 0.00979305 0.0369128 0.0195861 0.0738255 2.29269e-05
6 0.543422 0.978523 0.0469327 0.0416107 2.29296e-05
6 0.603289 0.0174497 0.0439763 0.0348993 2.3071e-05
7 0.558019 0.666779 0.0443459 0.124161 2.31096e-05
5 0.888396 0.0258389 0.152993 0.0516779 2.32061e-05
6 0.702882 0.525503 0.0199557 0.0348993 2.32109e-05
6 0.330747 0.607718 0.037694 0.0516779 2.32162e-05
6 0.445307 0.626846 0.0221729 0.0402685 2.34577e-05
7 0.474871 0.443289 0.0473023 0.137584 2.34628e-05
7 0.696785 0.241275 0.0380636 0.27047 2.34898e-05
6 0.251478 0.922148 0.086844 0.155705 2.34977e-05
5 0.444568 0.977181 0.449372 0.0389262 2.35846e-05
6 0.00757576 0.0318792 0.00997783 0.0637584 2.35981e-05
6 0.373429 0.0174497 0.04102 0.0348993 2.36866e-05
6 0.285107 0.971812 0.0225425 0.0563758 2.36901e-05
7 0.483555 0.45 0.011456 0.090604 2.37484e-05
8 0.0173688 0.992617 0.0347376 0.0147651 2.37997e-05
9 0.214708 1 0.0805617 0 2.38041e-05
2 0.136179 0.245638 0.162232 0.284564 2.38389e-05
6 0.194198 0.98557 0.0321508 0.0234899 2.39131e-05
5 0.359941 0.142617 0.113821 0.19396 2.39529e-05
8 0.391168 1 0.0883222 0 2.39642e-05
9 0.0543237 0.966443 0.0214339 0.0187919 2.39849e-05
6 0.740022 0.975503 0.0173688 0.0489933 2.39937e-05
5 0.840355 0.11443 0.115299 0.15906 2.4028e-05
6 0.945122 0.259396 0.109756 0.274497 2.42043e-05
6 0.220436 0.921476 0.0720621 0.127517 2.42483e-05
6 0.438101 0.0130872 0.0314117 0.0261745 2.43142e-05
6 0.528086 0.971476 0.0502587 0.057047 2.43513e-05
5 0.745935 0.911745 0.400961 0.108054 2.45538e-05
6 0.657613 0.945302 0.0558019 0.101342 2.45604e-05
6 0.989468 0.0647651 0.0203252 0.0973154 2.45645e-05
5 0.441057 0.0251678 0.108278 0.0503356 2.45662e-05
6 0.203622 0.973154 0.0517369 0.0536913 2.45804e-05
6 0.682927 0.631208 0.0938655 0.122819 2.46066e-05
7 0.407243 0.45906 0.0169993 0.0845638 2.46284e-05
6 0.800628 0.956711 0.0328899 0.0865772 2.48991e-05
6 0.655211 0.0271812 0.0761271 0.0543624 2.49409e-05
6 0.780488 0.525839 0.0886918 0.200671 2.49561e-05
7 0.521619 0.462752 0.011456 0.0959732 2.49868e-05
6 0.99187 0.0466443 0.0162602 0.0932886 2.49886e-05
6 0.207132 0.975503 0.0380636 0.0436242 2.50209e-05
6 0.658352 0.554698 0.018847 0.0355705 2.51896e-05
6 0.690687 0.616443 0.0199557 0.0395973 2.5218e-05
7 0.371582 0.447651 0.011456 0.0818792 2.53104e-05
5 0.880081 0.901007 0.239837 0.187248 2.53975e-05
3 0.263489 0.5 0.526977 1 2.54088e-05
6 0.984848 0.322483 0.030303 0.224832 2.5418e-05
8 0.265891 0.83255 0.531781 0.334899 2.54275e-05
6 0.169069 0.984899 0.0291944 0.0234899 2.5473e-05
6 0.814486 0.956711 0.0295639 0.0865772 2.55501e-05
9 0.204361 1 0.254989 0 2.56013e-05
5 0.0654102 1 0.13082 0 2.56605e-05
6 0.0530303 0.175168 0.0838877 0.269799 2.58258e-05
4 0.296748 0.769799 0.40133 0.322148 2.58621e-05
6 0.0890613 0.0154362 0.0650406 0.0308725 2.58805e-05
5 0.391353 0.958054 0.437546 0.0838926 2.59621e-05
6 0.41408 0.530872 0.0794531 0.107383 2.6017e-05
6 0.819106 0.403691 0.04915 0.090604 2.60792e-05
6 0.134885 0.297987 0.0406504 0.144966 2.62843e-05
6 0.705839 0.618456 0.0288248 0.0449664 2.6286e-05
6 0.623245 0.0268456 0.0764967 0.0536913 2.63118e-05
7 0.47561 0.480201 0.0332594 0.12953 2.63333e-05
6 0.845344 0.976174 0.0158906 0.047651 2.63841e-05
6 0.764967 0.97651 0.0339985 0.0389262 2.64537e-05
5 0.211013 0.0781879 0.213599 0.101342 2.64783e-05
6 0.616778 0.965101 0.0502587 0.0697987 2.65152e-05
6 0.0694752 0.294966 0.0790835 0.27047 2.65421e-05
6 0.892276 0.957383 0.0432373 0.0852349 2.65986e-05
6 0.375831 0.945638 0.0805617 0.10604 2.66333e-05
2 0.604952 0.437248 0.187731 0.188591 2.66681e-05
6 0.444568 0.609396 0.108647 0.118121 2.66802e-05
6 0.305432 0.529866 0.0210643 0.0436242 2.67089e-05
6 0.292129 0.512752 0.153363 0.2 2.67317e-05
7 0.631005 0.478523 0.0107169 0.0805369 2.67488e-05
6 0.391353 0.0345638 0.097561 0.0691275 2.68329e-05
6 0.883407 0.723826 0.0772358 0.121477 2.6872e-05
6 0.761271 0.508054 0.0258684 0.085906 2.69382e-05
6 0.629157 0.0191275 0.0461936 0.038255 2.69803e-05
6 0.76663 0.973826 0.0513673 0.052349 2.69924e-05
6 0.199187 0.357383 0.0576497 0.0919463 2.70387e-05
5 0.491316 0.925168 0.567997 0.149664 2.71339e-05
6 0.372506 0.969799 0.0251293 0.033557 2.7157e-05
7 0.728381 0.463758 0.0384331 0.154362 2.71721e-05
5 0.499815 0.160738 0.0801922 0.168456 2.72443e-05
5 0.214523 0.0231544 0.145233 0.0463087 2.73142e-05
6 0.830931 0.975168 0.0158906 0.0496644 2.73396e-05
6 0.411308 0.612081 0.0546933 0.0684564 2.7367e-05
6 0.440133 0.556376 0.0177384 0.0402685 2.73818e-05
6 0.276977 0.574832 0.0269771 0.047651 2.73833e-05
6 0.517738 0.0204698 0.0317812 0.0409396 2.74513e-05
6 0.193089 0.312081 0.0617147 0.0939597 2.76645e-05
10 0.986142 0.872483 0.00997783 0.130201 2.76655e-05
6 0.989653 0.922483 0.0206948 0.138926 2.77669e-05
5 0.349593 0.219128 0.699187 0.438255 2.78319e-05
6 0.868071 0.991275 0.0465632 0.0174497 2.79209e-05
6 0.654472 0.634228 0.0206948 0.0389262 2.7923e-05
6 0.331855 0.61443 0.0221729 0.0342282 2.79287e-05
6 0.63082 0.972483 0.0310421 0.0268456 2.80196e-05
7 0.690503 0.463423 0.0151515 0.0932886 2.81664e-05
6 0.0591279 0.408389 0.0650406 0.118792 2.8181e-05
5 0.468958 0.0694631 0.110865 0.120134 2.81979e-05
6 0.842942 0.358054 0.0768662 0.118792 2.82094e-05
6 0.870843 0.97651 0.0373245 0.0416107 2.82777e-05
6 0.484848 0.0204698 0.0266075 0.0409396 2.83996e-05
5 0.780303 0.207383 0.439394 0.414765 2.84626e-05
6 0.0543237 0.57953 0.075388 0.267785 2.8502e-05
9 0.175905 0.0167785 0.0672579 0.033557 2.85498e-05
7 0.484294 0.455034 0.0158906 0.154362 2.85846e-05
6 0.359387 0.62651 0.0321508 0.0530201 2.86061e-05
6 0.228936 0.97349 0.0535846 0.0530201 2.88672e-05
6 0.894678 0.99094 0.0495196 0.0181208 2.88789e-05
6 0.465817 0.960067 0.056541 0.0798658 2.8888e-05
6 0.809313 0.430537 0.178123 0.289262 2.88925e-05
7 0.387103 0.478859 0.0720621 0.145638 2.8893e-05
2 0.886364 0.236242 0.140798 0.230872 2.89166e-05
6 0.310052 0.0731544 0.059867 0.120805 2.90252e-05
6 0.370103 0.636577 0.0388027 0.0637584 2.90881e-05
5 0.0949741 0.957718 0.189948 0.0845638 2.92224e-05
6 0.567258 0.977517 0.0495196 0.038255 2.92889e-05
6 0.786585 0.954362 0.0388027 0.0912752 2.93843e-05
3 0.821877 0.459732 0.356245 0.919463 2.95655e-05
6 0.655395 0.976174 0.0380636 0.038255 2.97189e-05
7 0.15983 0.870805 0.0816704 0.175168 2.99982e-05
5 0.350887 0.0268456 0.116408 0.0536913 3.01021e-05
5 0.303215 0.202013 0.0476718 0.179866 3.01385e-05
6 0.94697 0.0704698 0.0949741 0.12349 3.01744e-05
6 0.794715 0.985235 0.0314117 0.0228188 3.02227e-05
9 0.932557 0.011745 0.0432373 0.0234899 3.03495e-05
3 0.860865 0.642282 0.278271 0.715436 3.03791e-05
6 0.8932 0.972148 0.022912 0.0409396 3.05842e-05
5 0.923319 1 0.153363 0 3.07359e-05
6 0.931449 0.975839 0.0284553 0.033557 3.07611e-05
6 0.628418 0.632886 0.0218034 0.0402685 3.0837e-05
7 0.563008 0.47651 0.0299335 0.115436 3.08776e-05
6 0.764782 0.543624 0.0328899 0.0697987 3.09321e-05
7 0.604952 0.470134 0.0162602 0.125503 3.09572e-05
6 0.586844 0.651342 0.0347376 0.0530201 3.11038e-05
6 0.475795 0.980537 0.0513673 0.0389262 3.11188e-05
5 0.359756 0.97349 0.491131 0.0530201 3.13729e-05
2 0.689763 0.438591 0.117147 0.20604 3.14352e-05
7 0.501848 0.271477 0.0133038 0.134899 3.14751e-05
2 0.846452 0.984228 0.307095 0.0315436 3.17454e-05
6 0.466925 0.566779 0.0277162 0.0422819 3.17686e-05
6 0.77088 0.974832 0.0169993 0.0503356 3.20006e-05
4 0.065595 0.513758 0.107539 0.522819 3.20525e-05
5 0.314856 0.0828859 0.144124 0.155034 3.21289e-05
6 0.859941 0.97651 0.0162602 0.0469799 3.22558e-05
7 0.530488 0.698322 0.0240207 0.0959732 3.24108e-05
6 0.279379 0.536913 0.0325203 0.0563758 3.25962e-05
9 0.245565 1 0.0772358 0 3.26071e-05
6 0.32779 0.922483 0.0776053 0.145638 3.26257e-05
6 0.977273 0.980201 0.0328899 0.0288591 3.26456e-05
6 0.568736 0.528859 0.0118256 0.0604027 3.26626e-05
6 0.691242 0.978523 0.0240207 0.042953 3.27299e-05
4 0.648004 0.772819 0.703991 0.40604 3.28011e-05
2 0.814671 0.938926 0.370658 0.122148 3.2932e-05
7 0.61918 0.474497 0.0750185 0.119463 3.29339e-05
7 0.381005 0.448993 0.0140429 0.120805 3.31631e-05
6 0.716925 0.038255 0.0694752 0.0765101 3.33388e-05
6 0.116223 0.989262 0.0484109 0.0214765 3.3424e-05
6 0.562269 0.0278523 0.0661493 0.0557047 3.3522e-05
6 0.056541 0.0194631 0.0746489 0.0389262 3.36451e-05
6 0.67184 0.62953 0.0339985 0.0604027 3.38032e-05
6 0.740946 0.0238255 0.0591279 0.047651 3.38035e-05
7 0.541944 0.721141 0.0299335 0.224832 3.38455e-05
7 0.762934 0.465436 0.0232816 0.183221 3.39284e-05
6 0.285661 0.581544 0.0258684 0.0516779 3.39534e-05
5 0.588507 0.0828859 0.174058 0.124161 3.41458e-05
7 0.492424 0.239597 0.0291944 0.126174 3.43328e-05
6 0.300259 0.972483 0.0232816 0.0550336 3.44362e-05
7 0.392461 0.451678 0.00739098 0.0818792 3.44668e-05
5 0.714338 1 0.291944 0 3.45269e-05
6 0.656504 0.625839 0.0646711 0.101342 3.46508e-05
6 0.00757576 0.0620805 0.0151515 0.124161 3.47054e-05
5 0.643755 0.219128 0.686622 0.438255 3.47066e-05
9 0.133592 0.0114094 0.0395418 0.0228188 3.47767e-05
7 0.699557 0.450336 0.0672579 0.148993 3.4902e-05
6 0.249076 0.570134 0.059867 0.167114 3.49021e-05
5 0.58167 0.0442953 0.151515 0.0885906 3.50284e-05
6 0.447709 0.52953 0.0129342 0.0536913 3.50719e-05
7 0.424242 0.458389 0.0258684 0.0979866 3.51311e-05
6 0.566334 0.559396 0.0195861 0.0422819 3.51971e-05
7 0.466556 0.455034 0.0136733 0.0872483 3.52358e-05
6 0.777901 0.597651 0.097561 0.207383 3.53573e-05
6 0.699372 0.0852349 0.0720621 0.17047 3.5481e-05
6 0.653917 0.530201 0.106061 0.132886 3.55542e-05
6 0.493163 0.98557 0.0498891 0.0288591 3.56526e-05
6 0.0914634 0.975503 0.0691057 0.0489933 3.57685e-05
6 0.10255 0.734564 0.110495 0.14698 3.58947e-05
6 0.555248 0.987248 0.056541 0.0255034 3.60973e-05
6 0.754989 0.97651 0.0169993 0.0469799 3.6286e-05
6 0.801922 0.973826 0.0184775 0.052349 3.6363e-05
6 0.182188 0.457047 0.0805617 0.122148 3.64753e-05
6 0.522358 0.0768456 0.0801922 0.11745 3.64797e-05
6 0.361234 0.536577 0.0210643 0.0503356 3.66305e-05
6 0.24575 0.0241611 0.0761271 0.0483221 3.6667e-05
6 0.0247598 0.143289 0.0495196 0.210067 3.6758e-05
6 0.493902 0.0587248 0.0269771 0.0932886 3.696e-05
6 0.815595 0.974161 0.0169993 0.0516779 3.72587e-05
2 0.203067 0.364765 0.165188 0.293289 3.73959e-05
6 0.218404 0.986242 0.0325203 0.0221477 3.74283e-05
6 0.686068 0.636913 0.0461936 0.0697987 3.75985e-05
6 0.286216 0.597987 0.0617147 0.0872483 3.78918e-05
6 0.562823 0.58255 0.0243902 0.0389262 3.79264e-05
6 0.887287 0.97651 0.0465632 0.0389262 3.79842e-05
6 0.594605 0.59396 0.13969 0.162416 3.7985e-05
6 0.592572 0.978188 0.0476718 0.0395973 3.80459e-05
6 0.00849963 0.0154362 0.0133038 0.0308725 3.8256e-05
6 0.903178 0.913423 0.115299 0.158389 3.86727e-05
6 0.206208 0.985906 0.0317812 0.0228188 3.86966e-05
5 0.609017 0.256711 0.126386 0.210067 3.87132e-05
6 0.779933 0.917114 0.100148 0.156376 3.87738e-05
6 0.442166 0.656711 0.0299335 0.0825503 3.87863e-05
6 0.826866 0.322819 0.0853659 0.110067 3.88111e-05
6 0.108093 0.381208 0.0498891 0.197315 3.88357e-05
6 0.690133 0.0392617 0.0728012 0.0785235 3.88454e-05
6 0.584627 0.614765 0.059867 0.0926175 3.88596e-05
6 0.439209 0.528188 0.00997783 0.0550336 3.89776e-05
4 0.797118 0.720134 0.405765 0.366443 3.9077e-05
6 0.580007 0.631208 0.0424982 0.0463087 3.90942e-05
6 0.466925 0.642953 0.0373245 0.10604 3.95238e-05
6 0.348115 0.534564 0.150037 0.137584 3.95333e-05
9 0.864191 0.98255 0.128234 0.0348993 4.00143e-05
6 0.829268 0.991275 0.0458241 0.0174497 4.0626e-05
6 0.44697 0.602349 0.0203252 0.0369128 4.06508e-05
9 0.356984 1 0.0716925 0 4.07465e-05
6 0.141907 0.989597 0.0458241 0.0208054 4.13762e-05
6 0.254435 0.977517 0.04915 0.0449664 4.15472e-05
6 0.27864 0.559396 0.0325203 0.0449664 4.15578e-05
6 0.908167 0.971141 0.0321508 0.0402685 4.15969e-05
6 0.780673 0.975168 0.04102 0.0442953 4.16642e-05
6 0.569475 0.61745 0.0266075 0.042953 4.17444e-05
10 0.989468 0.787919 0.0144124 0.148993 4.21735e-05
6 0.3568 0.972819 0.0247598 0.0355705 4.22649e-05
7 0.685883 0.465772 0.0236511 0.127517 4.2593e-05
6 0.278086 0.600336 0.0373245 0.0516779 4.28532e-05
5 0.316888 0.911745 0.434959 0.136242 4.29385e-05
6 0.675351 0.56443 0.0358463 0.0496644 4.29416e-05
6 0.767738 0.61443 0.0469327 0.101342 4.3148e-05
6 0.667221 0.551342 0.0240207 0.038255 4.35376e-05
6 0.231523 0.986242 0.033629 0.0208054 4.40238e-05
5 0.376016 0.0885906 0.151885 0.15302 4.40402e-05
4 0.413341 0.801678 0.788987 0.336242 4.40941e-05
6 0.665373 0.980537 0.0528455 0.0389262 4.41584e-05
6 0.622136 0.623154 0.0314117 0.0422819 4.42731e-05
6 0.0397265 0.269128 0.0794531 0.332886 4.43382e-05
6 0.592757 0.987248 0.0569106 0.0255034 4.47215e-05
7 0.374353 0.443624 0.0539542 0.116779 4.48676e-05
7 0.528455 0.466443 0.0103474 0.0912752 4.50454e-05
6 0.782151 0.984899 0.0314117 0.0221477 4.5112e-05
9 0.9915 0.962416 0.0169993 0.0751678 4.51859e-05
7 0.381005 0.452013 0.00739098 0.0838926 4.53751e-05
6 0.71748 0.978859 0.0469327 0.0422819 4.5388e-05
6 0.496305 0.651342 0.0509978 0.0691275 4.53975e-05
6 0.949557 0.357718 0.0735403 0.260403 4.54192e-05
8 0.383407 1 0.225795 0 4.56377e-05
6 0.482077 0.532215 0.0181079 0.0724832 4.59399e-05
7 0.610495 0.502685 0.0206948 0.128859 4.61582e-05
7 0.347931 0.44094 0.0890613 0.14094 4.65688e-05
6 0.715447 0.560403 0.0214339 0.0308725 4.65722e-05
7 0.589431 0.484899 0.0413895 0.11745 4.68278e-05
4 0.615854 0.883893 0.706948 0.232215 4.68772e-05
2 0.910569 0.151007 0.178862 0.24698 4.70582e-05
10 0.988914 0.899329 0.0140429 0.144966 4.73063e-05
6 0.805432 0.266779 0.0920177 0.130872 4.76021e-05
6 0.63969 0.544966 0.0362158 0.0550336 4.76114e-05
6 0.243348 0.986913 0.0321508 0.0194631 4.77256e-05
6 0.318182 0.962081 0.0317812 0.0758389 4.79483e-05
6 0.72949 0.561074 0.0266075 0.0416107 4.83028e-05
6 0.742239 0.978188 0.0469327 0.0436242 4.83586e-05
6 0.293422 0.0288591 0.0591279 0.0577181 4.84298e-05
6 0.33167 0.537584 0.0247598 0.0563758 4.84706e-05
6 0.3483 0.637248 0.0417591 0.0597315 4.85929e-05
5 0.83167 0.783893 0.336659 0.190604 4.86309e-05
6 0.410939 0.57349 0.147081 0.110738 4.86485e-05
7 0.539911 0.45302 0.0162602 0.151678 4.88793e-05
6 0.292129 0.561745 0.0210643 0.0402685 4.91999e-05
6 0.769032 0.98557 0.0317812 0.0221477 4.92807e-05
6 0.368441 0.989262 0.0413895 0.0214765 4.93631e-05
6 0.468404 0.529195 0.0129342 0.0637584 4.94145e-05
7 0.716556 0.216779 0.0266075 0.147651 4.98318e-05
9 0.330562 1 0.0683666 0 4.98947e-05
6 0.805432 0.99094 0.0469327 0.0181208 5.01422e-05
0 0.988544 0.724832 0.0214339 0.355705 5.0185e-05
6 0.452513 0.981879 0.04915 0.0362416 5.07742e-05
6 0.0825942 0.375839 0.0698448 0.241611 5.11563e-05
5 0.21323 0.926175 0.42646 0.147651 5.16218e-05
7 0.498337 0.237919 0.0136733 0.165772 5.17867e-05
5 0.65983 0.045302 0.162971 0.090604 5.1961e-05
6 0.716001 0.641275 0.0402809 0.0637584 5.21252e-05
6 0.179786 0.378523 0.0676275 0.120805 5.22164e-05
6 0.617332 0.651678 0.0321508 0.0496644 5.25006e-05
6 0.0478566 0.0580537 0.0957132 0.0758389 5.25135e-05
6 0.630636 0.984899 0.0424982 0.0208054 5.27053e-05
6 0.465262 0.608725 0.0295639 0.0442953 5.30243e-05
6 0.990392 0.981879 0.0169993 0.0362416 5.34255e-05
6 0.0107169 0.96443 0.0118256 0.0671141 5.34371e-05
9 0.0576497 0.985906 0.0384331 0.0281879 5.35994e-05
6 0.419253 0.97651 0.0484109 0.0469799 5.36419e-05
6 0.256467 0.541611 0.0354767 0.0872483 5.37599e-05
6 0.693829 0.921141 0.0957132 0.157718 5.38635e-05
5 0.596268 0.980201 0.44235 0.0395973 5.39652e-05
6 0.502033 0.033557 0.0121951 0.033557 5.46055e-05
6 0.780673 0.820805 0.0365854 0.085906 5.49263e-05
6 0.74187 0.590604 0.0742794 0.095302 5.49487e-05
6 0.353843 0.0228188 0.0609756 0.0456376 5.49757e-05
6 0.439579 0.964765 0.0469327 0.0704698 5.51225e-05
9 0.0925721 0.989597 0.0476718 0.0208054 5.51864e-05
6 0.543792 0.648993 0.0447154 0.0469799 5.52751e-05
10 0.989283 0.844631 0.0140429 0.149664 5.5595e-05
6 0.0364006 0.0157718 0.0661493 0.0315436 5.56357e-05
5 0.164449 0.0275168 0.173688 0.0550336 5.61058e-05
6 0.411863 0.584228 0.0476718 0.0543624 5.63781e-05
5 0.527162 0.25302 0.0513673 0.150336 5.65893e-05
6 0.920916 0.0187919 0.0783444 0.0375839 5.71766e-05
6 0.185883 0.286913 0.0990392 0.145638 5.73487e-05
5 0.861789 1 0.276423 0 5.75928e-05
3 0.217849 0.360403 0.435698 0.720805 5.7685e-05
7 0.448817 0.456711 0.0210643 0.114765 5.8157e-05
6 0.988914 0.0355705 0.0199557 0.0711409 5.8278e-05
6 0.498152 0.0312081 0.00960828 0.0355705 5.92052e-05
6 0.101256 0.0234899 0.112343 0.0469799 5.94789e-05
6 0.716925 0.108389 0.0517369 0.155034 5.95147e-05
6 0.564486 0.632215 0.0314117 0.0416107 5.96234e-05
0 0.00905395 0.824832 0.0144124 0.297987 5.96854e-05
6 0.412786 0.0171141 0.0487805 0.0342282 5.99175e-05
6 0.527162 0.627852 0.0461936 0.0557047 5.99741e-05
6 0.0388027 0.0526846 0.0776053 0.105369 6.03765e-05
6 0.388396 0.0157718 0.0502587 0.0315436 6.0829e-05
6 0.974132 0.0620805 0.0517369 0.121477 6.14863e-05
7 0.52439 0.485906 0.0118256 0.095302 6.16042e-05
6 0.690872 0.97953 0.04915 0.0409396 6.17714e-05
6 0.757391 0.985906 0.0306726 0.0214765 6.2149e-05
6 0.278825 0.978188 0.0484109 0.0436242 6.23911e-05
9 0.0404656 0.95 0.0691057 0.1 6.24617e-05
9 0.958426 0.971141 0.0831486 0.0577181 6.2706e-05
6 0.986511 0.25302 0.0269771 0.204027 6.27186e-05
5 0.652069 0.248322 0.115669 0.220134 6.27609e-05
6 0.521434 0.648993 0.0487805 0.0697987 6.28515e-05
2 0.415743 0.419463 0.218034 0.204027 6.29623e-05
6 0.284738 0.512081 0.0306726 0.042953 6.3223e-05
6 0.739098 0.63557 0.0295639 0.0563758 6.34175e-05
6 0.984848 0.0362416 0.030303 0.0724832 6.35408e-05
6 0.00997783 0.980201 0.0125647 0.0315436 6.36634e-05
6 0.945122 0.0234899 0.0794531 0.0469799 6.42089e-05
6 0.256652 0.987584 0.0299335 0.0181208 6.47912e-05
6 0.167775 0.990268 0.0443459 0.0194631 6.48335e-05
6 0.547857 0.589933 0.0720621 0.0724832 6.50275e-05
2 0.811899 0.262752 0.144863 0.226175 6.52746e-05
6 0.31578 0.0275168 0.056541 0.0550336 6.54411e-05
2 0.201589 0.870805 0.403178 0.168456 6.5933e-05
7 0.604213 0.211745 0.022912 0.0825503 6.62223e-05
6 0.756098 0.611409 0.0428677 0.0684564 6.63362e-05
6 0.467664 0.0211409 0.0521064 0.0422819 6.63681e-05
6 0.529379 0.987248 0.04915 0.0255034 6.66902e-05
9 0.144494 0.0161074 0.0635625 0.0322148 6.68794e-05
6 0.616223 0.979195 0.04915 0.0375839 6.73987e-05
6 0.972469 0.988926 0.0351072 0.0221477 6.8398e-05
6 0.641353 0.977852 0.0402809 0.0362416 6.89006e-05
6 0.575203 0.520805 0.0395418 0.061745 6.98757e-05
9 0.960643 0.960067 0.0454545 0.0798658 6.99679e-05
9 0.296009 1 0.197339 0 7.00718e-05
6 0.586474 0.572483 0.0421286 0.0469799 7.03824e-05
5 0.486327 0.130537 0.18847 0.200671 7.04485e-05
9 0.273651 1 0.071323 0 7.10952e-05
6 0.388581 0.549664 0.0181079 0.042953 7.12432e-05
6 0.287324 0.594631 0.143016 0.194631 7.24259e-05
5 0.158906 1 0.317812 0 7.27959e-05
6 0.919254 0.959732 0.0484109 0.0805369 7.28773e-05
6 0.295455 0.597651 0.033629 0.047651 7.29199e-05
6 0.443089 0.0221477 0.0554324 0.0442953 7.3549e-05
6 0.73762 0.580872 0.144863 0.218121 7.40688e-05
6 0.407797 0.962416 0.0580192 0.0751678 7.40763e-05
6 0.640798 0.97651 0.052476 0.0469799 7.41563e-05
6 0.310052 0.14094 0.0487805 0.143624 7.41823e-05
6 0.303769 0.980201 0.0458241 0.0395973 7.45296e-05
5 0.521619 0.0302013 0.126016 0.0604027 7.48971e-05
6 0.317258 0.974497 0.0232816 0.0510067 7.49846e-05
6 0.718588 0.594295 0.0225425 0.0516779 7.51815e-05
2 0.837953 0.329866 0.16371 0.261074 7.52043e-05
5 0.497598 1 0.396526 0 7.54319e-05
6 0.732262 0.986913 0.0299335 0.0194631 7.57364e-05
6 0.990392 0.963423 0.0192166 0.0731544 7.6023e-05
6 0.495011 0.532215 0.0181079 0.0644295 7.61018e-05
6 0.616038 0.53557 0.0399113 0.0510067 7.6575e-05
2 0.793792 0.874161 0.412417 0.157718 7.69492e-05
6 0.562823 0.568121 0.0532151 0.0543624 7.69788e-05
7 0.512934 0.689933 0.0362158 0.17047 7.72119e-05
6 0.00813008 0.945302 0.014782 0.109396 7.74701e-05
5 0.731338 0.0942953 0.115299 0.140268 7.74979e-05
6 0.18459 0.835235 0.086844 0.118792 7.77093e-05
5 0.652624 0.102349 0.163341 0.168456 7.79125e-05
6 0.374353 0.590604 0.0702143 0.0778523 7.79869e-05
6 0.264967 0.539933 0.0288248 0.0624161 7.83393e-05
5 0.633407 0.18255 0.121212 0.228188 7.89146e-05
6 0.319475 0.536913 0.0232816 0.052349 7.92795e-05
7 0.660754 0.468121 0.0983001 0.12953 7.96206e-05
6 0.47949 0.547651 0.0920177 0.107383 8.01871e-05
5 0.510717 0.280872 0.067997 0.165772 8.02966e-05
9 0.304509 1 0.0694752 0 8.08462e-05
0 0.993902 0.859396 0.0121951 0.281208 8.092e-05
6 0.347191 0.61443 0.0351072 0.0489933 8.1028e-05
6 0.292498 0.528524 0.0469327 0.0744966 8.12643e-05
7 0.726903 0.40302 0.0391722 0.110738 8.15777e-05
8 0.031966 0.995638 0.0513673 0.00872483 8.18733e-05
7 0.548596 0.711409 0.0299335 0.10604 8.19213e-05
6 0.205285 0.990604 0.0432373 0.0187919 8.20952e-05
5 0.86031 0.035906 0.268293 0.0718121 8.2355e-05
2 0.721914 0.444631 0.461567 0.367114 8.31251e-05
6 0.61881 0.605034 0.0373245 0.0463087 8.31985e-05
6 0.780488 0.826174 0.0421286 0.166443 8.42075e-05
6 0.516999 0.529866 0.140429 0.118792 8.42364e-05
6 0.640983 0.640604 0.0328899 0.057047 8.50365e-05
6 0.480229 0.035906 0.0772358 0.0718121 8.60793e-05
5 0.140059 0.972483 0.280118 0.0550336 8.62757e-05
6 0.314671 0.552685 0.0890613 0.126846 8.64987e-05
6 0.0299335 0.0755034 0.059867 0.11745 8.70808e-05
9 0.961752 0.977181 0.0247598 0.0268456 8.70847e-05
6 0.345528 0.544966 0.0295639 0.0442953 8.73593e-05
6 0.719697 0.986242 0.0306726 0.0194631 8.82506e-05
6 0.61456 0.987584 0.0591279 0.0248322 8.82896e-05
6 0.919254 0.989933 0.0558019 0.0201342 8.88679e-05
6 0.434959 0.981544 0.0436068 0.0369128 8.89847e-05
3 0.255913 0.55302 0.487435 0.750336 8.89868e-05
7 0.436992 0.460403 0.0203252 0.104698 8.9774e-05
6 0.594235 0.516779 0.0310421 0.0778523 9.06508e-05
6 0.230414 0.99094 0.0439763 0.0181208 9.12235e-05
4 0.534553 0.697651 0.127494 0.197987 9.28943e-05
6 0.990946 0.929195 0.0181079 0.141611 9.3654e-05
6 0.744457 0.986577 0.0299335 0.0187919 9.43991e-05
6 0.960089 0.0348993 0.0798226 0.0697987 9.59249e-05
6 0.636733 0.595638 0.0968219 0.105369 9.65252e-05
6 0.269217 0.988255 0.0284553 0.0181208 9.73826e-05
6 0.521064 0.0271812 0.0583888 0.0543624 9.75489e-05
7 0.507945 0.432215 0.0166297 0.132886 9.81943e-05
6 0.730229 0.634228 0.022912 0.0469799 9.9398e-05
6 0.706393 0.986577 0.0306726 0.0201342 0.000100018
6 0.281042 0.987584 0.0299335 0.0181208 0.000100711
5 0.47912 0.0422819 0.186622 0.0845638 0.00010077
6 0.329453 0.981208 0.0439763 0.0375839 0.00010097
5 0.389874 0.211745 0.131559 0.234228 0.000102502
6 0.293976 0.987584 0.0306726 0.0181208 0.000102815
7 0.388766 0.498322 0.0125647 0.0946309 0.000103185
6 0.341279 0.989262 0.0269771 0.0201342 0.000103744
6 0.525684 0.567114 0.0210643 0.052349 0.000104018
5 0.513304 0.951678 0.752402 0.0966443 0.00010404
6 0.45935 0.627852 0.0317812 0.0463087 0.000104389
6 0.682927 0.987919 0.0317812 0.0174497 0.000104664
6 0.657058 0.986577 0.0354767 0.0174497 0.000104897
6 0.345713 0.97047 0.0351072 0.0590604 0.00010683
5 0.959719 0.137919 0.0805617 0.275839 0.000108986
7 0.524205 0.452013 0.0195861 0.134899 0.000109409
9 0.037694 0.980201 0.059867 0.0395973 0.000109633
5 0.144494 0.969799 0.288987 0.0604027 0.000110765
3 0.883592 0.444966 0.232816 0.757047 0.000110782
6 0.50037 0.0389262 0.0162602 0.0778523 0.000110839
8 0.0308574 0.958054 0.0617147 0.0838926 0.000111119
6 0.781781 0.99094 0.0447154 0.0181208 0.000111183
6 0.00591279 0.986242 0.0118256 0.0275168 0.000112212
6 0.31966 0.988591 0.0280857 0.0174497 0.000112375
6 0.506282 0.567114 0.0199557 0.0402685 0.000115225
6 0.406504 0.981208 0.0517369 0.0375839 0.000115455
7 0.365299 0.462081 0.0277162 0.133557 0.000116623
6 0.915188 0.978859 0.0521064 0.0409396 0.000119417
2 0.831301 0.328859 0.257576 0.428188 0.000120259
7 0.496674 0.452685 0.0214339 0.155034 0.000121352
6 0.458611 0.616107 0.0206948 0.0402685 0.000121542
0 0.995381 0.782886 0.00923873 0.168456 0.00012255
6 0.330192 0.977181 0.0240207 0.0456376 0.000123508
6 0.995011 0.966443 0.00997783 0.0671141 0.000124645
6 0.354028 0.99094 0.0369549 0.0181208 0.000125437
6 0.98762 0.0171141 0.0240207 0.0342282 0.000127699
6 0.721175 0.612752 0.0558019 0.100671 0.000128561
8 0.77476 0.834564 0.45048 0.301342 0.000129405
6 0.195861 0.349329 0.0968219 0.134899 0.000130472
7 0.440318 0.488926 0.0299335 0.113423 0.000130473
7 0.400407 0.474497 0.0151515 0.0979866 0.000132979
6 0.501478 0.0104027 0.00813008 0.014094 0.000133074
6 0.437731 0.543289 0.0351072 0.0463087 0.000133177
6 0.682003 0.591275 0.0351072 0.0456376 0.00013432
6 0.256098 0.991946 0.0399113 0.0161074 0.000136945
6 0.47949 0.628523 0.0447154 0.0503356 0.000137506
6 0.625831 0.569799 0.0594974 0.0550336 0.000138579
6 0.723392 0.621141 0.0284553 0.0436242 0.000138664
7 0.725055 0.415436 0.0643016 0.193289 0.00013898
6 0.378234 0.96443 0.0476718 0.0711409 0.000139247
7 0.374723 0.469799 0.0133038 0.0872483 0.000139463
5 0.523836 0.0902685 0.174058 0.140268 0.000145326
6 0.741316 0.527852 0.0502587 0.109396 0.000145771
6 0.390059 0.977517 0.0417591 0.038255 0.00014749
9 0.030303 0.987584 0.0561715 0.0248322 0.000148028
6 0.502217 0.0604027 0.00886918 0.0469799 0.000148134
7 0.609756 0.481879 0.0125647 0.0979866 0.000151723
5 0.615484 0.136577 0.259793 0.227517 0.000151978
7 0.426275 0.478523 0.0144124 0.0993289 0.000153328
6 0.772542 0.575839 0.0461936 0.104698 0.000154613
6 0.344235 0.547987 0.0166297 0.0315436 0.000154787
9 0.957132 0.990268 0.0332594 0.0194631 0.00015587
6 0.500924 0.0231544 0.00554324 0.0221477 0.000156715
6 0.502217 0.0620805 0.0177384 0.124161 0.000157218
6 0.735033 0.615772 0.0443459 0.0637584 0.000158462
6 0.411863 0.53255 0.0321508 0.057047 0.000158483
5 0.541759 0.963758 0.457502 0.0724832 0.000160681
7 0.391168 0.472148 0.0107169 0.0892617 0.000163416
6 0.405026 0.566107 0.0502587 0.0489933 0.000164348
5 0.189763 0.781208 0.379527 0.253691 0.000165238
6 0.497228 0.0104027 0.0107169 0.0167785 0.000165948
6 0.446785 0.540268 0.0251293 0.0644295 0.000166137
7 0.604213 0.210067 0.0539542 0.244295 0.000166408
6 0.665558 0.991275 0.0428677 0.0174497 0.000172396
6 0.0526608 0.401007 0.0927568 0.283893 0.000173081
0 0.995565 0.863758 0.00886918 0.169128 0.000173684
6 0.241316 0.830872 0.037694 0.085906 0.000174564
7 0.408537 0.492617 0.0351072 0.0979866 0.000174995
2 0.469512 0.450671 0.712121 0.420805 0.000177064
7 0.765152 0.489262 0.0151515 0.10604 0.000177302
2 0.209904 0.235235 0.151515 0.251678 0.000179124
6 0.515152 0.537919 0.0206948 0.0677852 0.000179953
5 0.651515 0.229866 0.367332 0.368456 0.000181638
6 0.760717 0.548993 0.0461936 0.167785 0.000182398
6 0.591279 0.59094 0.0495196 0.0624161 0.000183057
6 0.743902 0.991611 0.0399113 0.0167785 0.000185851
6 0.644678 0.610738 0.0254989 0.0442953 0.000186627
6 0.551183 0.636242 0.0388027 0.0456376 0.000187539
6 0.34405 0.97953 0.0251293 0.0409396 0.000189142
5 0.352735 0.168456 0.534738 0.336913 0.000190227
6 0.359387 0.530201 0.0683666 0.127517 0.000192527
6 0.705469 0.991275 0.0384331 0.0174497 0.000194285
6 0.279749 0.991946 0.037694 0.0161074 0.00019527
6 0.536216 0.522483 0.0406504 0.0785235 0.000196838
0 0.995011 0.917114 0.00997783 0.153691 0.000197046
6 0.716741 0.578188 0.0284553 0.0422819 0.000197368
6 0.550074 0.539933 0.0129342 0.0610738 0.000199942
6 0.349593 0.554027 0.0169993 0.0315436 0.000205862
6 0.461752 0.54396 0.0358463 0.0516779 0.000212289
6 0.242979 0.824832 0.0424982 0.186577 0.000212328
6 0.506467 0.629195 0.0558019 0.0557047 0.000212828
6 0.497413 0.0214765 0.022912 0.042953 0.000212843
7 0.612343 0.219799 0.0369549 0.148322 0.000213318
6 0.325942 0.558054 0.0243902 0.0342282 0.000215019
6 0.373799 0.6 0.0203252 0.0402685 0.000216331
7 0.482446 0.498658 0.0158906 0.104698 0.000219948
7 0.521803 0.730537 0.0258684 0.113423 0.000220274
6 0.630636 0.611074 0.0225425 0.0355705 0.000222811
6 0.275868 0.390268 0.0469327 0.121477 0.000223697
5 0.811899 0.100671 0.266815 0.148993 0.000223823
6 0.730229 0.580872 0.0288248 0.047651 0.000224998
6 0.27901 0.570134 0.082779 0.110738 0.00022738
6 0.446415 0.609732 0.0362158 0.0489933 0.000228325
7 0.555432 0.480537 0.0110865 0.103356 0.000230683
6 0.688101 0.560738 0.0968219 0.114765 0.000232594
6 0.378234 0.552349 0.0254989 0.0442953 0.00023441
6 0.710643 0.563423 0.0502587 0.0731544 0.000237388
5 0.709904 0.228859 0.0872136 0.236242 0.000237535
6 0.691611 0.991946 0.0380636 0.0161074 0.000245712
6 0.640613 0.990604 0.0447154 0.0187919 0.000246226
6 0.304693 0.991611 0.0365854 0.0167785 0.000246652
6 0.750739 0.56745 0.026238 0.0489933 0.000259131
2 0.375831 0.419128 0.436068 0.306711 0.000262912
7 0.465078 0.49698 0.0136733 0.104027 0.000268477
6 0.555063 0.613087 0.0421286 0.0932886 0.000268625
6 0.278455 0.574497 0.0535846 0.0657718 0.000280013
6 0.649298 0.588255 0.0295639 0.0422819 0.000288313
6 0.443089 0.587248 0.045085 0.0483221 0.00029205
6 0.359387 0.979195 0.0454545 0.0375839 0.000294953
6 0.375277 0.980201 0.04915 0.0395973 0.000296498
6 0.659645 0.539597 0.052476 0.0697987 0.000297583
7 0.573355 0.481208 0.011456 0.110067 0.000297605
6 0.304509 0.567114 0.045085 0.0630872 0.000300087
6 0.362713 0.608725 0.0254989 0.0416107 0.000300925
3 0.827975 0.508725 0.31966 0.804027 0.000301304
6 0.330747 0.991946 0.0362158 0.0161074 0.000306127
5 0.792498 0.183221 0.415004 0.366443 0.000307109
6 0.723023 0.512416 0.0964523 0.199329 0.000307736
2 0.63507 0.443624 0.347746 0.240268 0.000313425
6 0.647635 0.589597 0.0454545 0.0651007 0.000325042
6 0.741316 0.613087 0.0258684 0.0463087 0.000327497
6 0.732077 0.602013 0.0295639 0.0456376 0.000332672
6 0.374353 0.595302 0.0465632 0.052349 0.000341134
7 0.494457 0.496644 0.0155211 0.104698 0.000345125
6 0.507021 0.491275 0.0583888 0.0697987 0.00035039
6 0.70048 0.583221 0.0631929 0.0697987 0.000352969
2 0.216741 0.286913 0.250185 0.314765 0.000375184
6 0.557465 0.539262 0.0218034 0.0583893 0.000389148
7 0.380451 0.49396 0.0254989 0.104698 0.000391261
7 0.599409 0.481208 0.0110865 0.107383 0.000394124
3 0.683112 0.580872 0.514043 0.434228 0.000407855
6 0.688101 0.561745 0.0443459 0.0818792 0.000416238
7 0.583149 0.478523 0.0133038 0.112752 0.000426938
0 0.990022 0.85 0.0199557 0.3 0.000429405
9 0.966001 0.0312081 0.0546933 0.0624161 0.00043307
6 0.354028 0.536577 0.0369549 0.0731544 0.00043495
5 0.20085 0.760738 0.4017 0.478523 0.000476763
6 0.697709 0.595302 0.0236511 0.0577181 0.000482279
6 0.506467 0.51745 0.29527 0.163758 0.000489043
7 0.539172 0.72953 0.0214339 0.111409 0.00048932
6 0.50813 0.606711 0.0480414 0.0483221 0.000504191
6 0.510717 0.587919 0.0288248 0.0322148 0.000505659
6 0.460458 0.597651 0.0251293 0.0355705 0.000510222
7 0.444198 0.47953 0.0140429 0.0946309 0.000510823
6 0.380081 0.530872 0.0277162 0.0778523 0.000512868
7 0.551552 0.498993 0.0121951 0.0973154 0.000523778
6 0.969327 0.0134228 0.0458241 0.0268456 0.00052388
2 0.506837 0.436913 0.0594974 0.134228 0.000534225
7 0.501848 0.660067 0.082779 0.151007 0.000537526
6 0.476718 0.549329 0.0354767 0.0583893 0.000554022
3 0.195307 0.42953 0.281227 0.652349 0.000567537
6 0.0384331 0.0308725 0.0768662 0.061745 0.000591344
3 0.133407 0.528859 0.266815 0.942282 0.000642485
6 0.491316 0.572819 0.0299335 0.0436242 0.000649714
6 0.686622 0.560067 0.0332594 0.0422819 0.000665153
6 0.543792 0.606376 0.0321508 0.0516779 0.000671472
6 0.519771 0.587919 0.0779749 0.0899329 0.000676359
6 0.524945 0.604362 0.138581 0.126846 0.000782202
5 0.17221 0.171141 0.34442 0.342282 0.000843577
7 0.513489 0.482215 0.0173688 0.113423 0.000855027
6 0.724501 0.528524 0.0461936 0.122819 0.000862849
2 0.162971 0.106711 0.280857 0.213423 0.000916705
7 0.438285 0.478188 0.00960828 0.1 0.000940911
6 0.482631 0.623825 0.0849963 0.140268 0.000968026
5 0.529194 0.136913 0.615669 0.273825 0.000976402
5 0.50425 0.991946 0.51626 0.0161074 0.000981224
6 0.32354 0.575168 0.0668884 0.0644295 0.000991598
6 0.703067 0.584228 0.0195861 0.0422819 0.00101189
7 0.725055 0.208054 0.030303 0.190604 0.00106504
6 0.478936 0.585235 0.0436068 0.0845638 0.00109013
6 0.30765 0.567785 0.0247598 0.0469799 0.00109822
6 0.489283 0.594631 0.0339985 0.0375839 0.00112946
6 0.458426 0.575168 0.0203252 0.0308725 0.00114463
6 0.507945 0.527181 0.04915 0.066443 0.00120742
6 0.346452 0.563758 0.0299335 0.0389262 0.00126613
6 0.970067 0.0204698 0.059867 0.0395973 0.00129079
6 0.466371 0.591275 0.0458241 0.0456376 0.00133942
6 0.317073 0.587919 0.0325203 0.042953 0.00138695
6 0.657428 0.620134 0.0266075 0.0563758 0.00141119
5 0.498152 0.221141 0.0643016 0.19396 0.00141885
6 0.537879 0.533221 0.0151515 0.0798658 0.00143933
7 0.531781 0.733221 0.0325203 0.183221 0.00156536
2 0.81966 0.212081 0.23799 0.253691 0.00167112
6 0.520695 0.597651 0.0428677 0.0543624 0.001705
6 0.467664 0.589262 0.0291944 0.0268456 0.00173837
4 0.515891 0.625503 0.199557 0.233557 0.00188329
2 0.497598 0.424161 0.143755 0.150336 0.00191576
6 0.321508 0.566107 0.0399113 0.0543624 0.00214538
5 0.393385 0.22047 0.209534 0.345638 0.00214995
7 0.529564 0.497651 0.0118256 0.113423 0.00223363
6 0.697709 0.575168 0.0384331 0.0496644 0.00224636
6 0.518108 0.573154 0.0295639 0.0362416 0.00230615
6 0.549335 0.588255 0.026238 0.0503356 0.00239174
6 0.534738 0.545638 0.0280857 0.061745 0.00259682
6 0.526977 0.631208 0.0628234 0.122819 0.00275855
6 0.548596 0.574832 0.0158906 0.0395973 0.00289132
6 0.528086 0.582215 0.0546933 0.0463087 0.0030044
5 0.508869 0.206376 0.145602 0.230201 0.00304598
6 0.539542 0.569799 0.0258684 0.042953 0.00316253
7 0.71748 0.207718 0.0299335 0.318792 0.00322652
4 0.512195 0.657047 0.334812 0.314094 0.00327682
6 0.329823 0.589262 0.0380636 0.042953 0.00331343
6 0.749446 0.593289 0.0325203 0.0630872 0.00348659
7 0.383777 0.47349 0.0144124 0.1 0.00353177
6 0.460643 0.584899 0.0203252 0.0248322 0.00362299
6 0.502033 0.607047 0.0646711 0.0825503 0.0037401
7 0.536031 0.498658 0.0136733 0.110067 0.00393572
6 0.257576 0.578859 0.0354767 0.0892617 0.00413028
6 0.466556 0.579866 0.0240207 0.0308725 0.00431044
6 0.521803 0.594295 0.0325203 0.0315436 0.00435957
6 0.480968 0.579866 0.0365854 0.0375839 0.00450747
6 0.347007 0.590268 0.0399113 0.0395973 0.00473517
6 0.542129 0.59094 0.0295639 0.0248322 0.0061018
6 0.506467 0.584228 0.0498891 0.0436242 0.00893969
6 0.524021 0.581544 0.0280857 0.0395973 0.011462
6 0.317997 0.574497 0.0247598 0.0402685 0.0127305
6 0.548965 0.586242 0.0144124 0.0248322 0.0173348
5 0.624908 0.250336 0.193644 0.30604 0.01819
5 0.84054 0.123154 0.29527 0.246309 0.0232886
6 0.664265 0.594295 0.0388027 0.0516779 0.0300905
6 0.759608 0.581208 0.0395418 0.0765101 0.0682451
6 0.657613 0.597987 0.0247598 0.0362416 0.489335
6 0.696785 0.576174 0.0203252 0.038255 0.506283
6 0.359202 0.59396 0.0339985 0.0416107 0.68216
4 0.51201 0.653691 0.654472 0.441611 0.778636
3 0.506467 0.578188 0.808943 0.843624 0.810369
2 0.512565 0.415436 0.464154 0.240268 0.915849
5 0.505543 0.239262 0.476718 0.314765 0.920858
