6 0.695674 0.471457 0.0274108 0.0322364 1.71211e-05
6 0.656869 0.989926 0.0402906 0.0201478 1.71517e-05
6 0.810106 0.967428 0.0653897 0.0597717 1.71571e-05
6 0.234313 0.874077 0.090819 0.148422 1.71645e-05
6 0.732992 0.609805 0.0452444 0.0698455 1.71656e-05
6 0.0104029 0.332438 0.0194848 0.264607 1.71679e-05
6 0.722259 0.00906649 0.0323646 0.018133 1.71925e-05
6 0.989927 0.33949 0.0181638 0.128274 1.72597e-05
6 0.314399 0.498321 0.0204756 0.044325 1.73475e-05
6 0.522952 0.0557421 0.0287318 0.051041 1.73509e-05
7 0.430812 0.415379 0.0716645 0.100067 1.73641e-05
6 0.415786 0.504365 0.011889 0.0335796 1.73658e-05
6 0.664465 0.0369375 0.0653897 0.0631296 1.73997e-05
6 0.144815 0.0423103 0.0274108 0.02955 1.74041e-05
6 0.936262 0.0601075 0.0508587 0.0369375 1.74091e-05
6 0.65786 0.977502 0.0317041 0.0302216 1.74282e-05
6 0.299042 0.561115 0.18395 0.288113 1.74441e-05
9 0.970112 0.972801 0.0353369 0.0436535 1.74681e-05
6 0.283851 0.431162 0.0558124 0.15178 1.74789e-05
6 0.722094 0.285762 0.0412814 0.167226 1.74811e-05
6 0.664465 0.611148 0.0217966 0.0456682 1.74876e-05
6 0.505284 0.105104 0.0198151 0.0436535 1.7508e-05
5 0.468626 0.131968 0.180317 0.161854 1.75671e-05
9 0.540291 0.976158 0.0970938 0.047683 1.75933e-05
6 0.267668 0.0261921 0.0181638 0.0255205 1.76251e-05
6 0.303501 0.63734 0.0350066 0.0523841 1.77264e-05
7 0.485139 0.402619 0.0343461 0.10141 1.77532e-05
7 0.245046 0.251511 0.0178336 0.124244 1.77584e-05
6 0.311262 0.496978 0.0511889 0.0550705 1.77756e-05
6 0.721929 0.48959 0.0330251 0.0429819 1.78283e-05
6 0.767503 0.0577569 0.0482166 0.0470114 1.78359e-05
6 0.488771 0.0963734 0.0402906 0.0718603 1.78604e-05
6 0.152246 0.104097 0.0746367 0.0604433 1.78616e-05
6 0.605515 0.00335796 0.0274108 0.00671592 1.79155e-05
6 0.32926 0.988583 0.0501981 0.0228341 1.79503e-05
6 0.220443 0.0852921 0.0260898 0.0456682 1.79691e-05
7 0.4929 0.365682 0.0142008 0.149765 1.80035e-05
6 0.352873 0.498321 0.17074 0.150437 1.80351e-05
6 0.208884 0.951645 0.069683 0.0967092 1.80813e-05
6 0.468956 0.497314 0.0151915 0.0570853 1.80872e-05
6 0.0178336 0.880792 0.0356671 0.238415 1.80931e-05
3 0.835535 0.595366 0.32893 0.809268 1.81003e-05
6 0.535502 0.48321 0.261889 0.132304 1.81071e-05
6 0.871532 0.174614 0.0310436 0.036266 1.81128e-05
5 0.912979 0.982539 0.174042 0.0349228 1.81167e-05
9 0.937087 0.0775688 0.0241083 0.0342512 1.81248e-05
6 0.727543 0.45769 0.0819022 0.133647 1.81389e-05
7 0.47969 0.385829 0.0175033 0.132304 1.81743e-05
6 0.543923 0.00335796 0.0178336 0.00671592 1.81794e-05
2 0.303831 0.419073 0.147292 0.1773 1.81858e-05
5 0.207067 0.225655 0.203435 0.24043 1.81903e-05
8 0.656704 1 0.07893 0 1.82238e-05
6 0.512384 0.558764 0.0241083 0.0429819 1.82319e-05
6 0.554326 0.00302216 0.0188243 0.00604432 1.82932e-05
7 0.556143 0.393553 0.0257596 0.0873069 1.82941e-05
6 0.129128 0.376427 0.0356671 0.109469 1.82978e-05
6 0.254128 0.00973808 0.0373184 0.0194762 1.83397e-05
7 0.438408 0.387508 0.0188243 0.137005 1.8353e-05
7 0.502807 0.368032 0.0175033 0.158496 1.8443e-05
6 0.406869 0.987911 0.0376486 0.0241773 1.8475e-05
6 0.522127 0.00638012 0.0264201 0.0127602 1.85046e-05
6 0.364432 0.952653 0.0485469 0.0946944 1.8577e-05
6 0.722754 0.0379449 0.0518494 0.0691739 1.85813e-05
7 0.614927 0.439557 0.0211361 0.0920081 1.85923e-05
6 0.435436 0.493284 0.0155218 0.0463398 1.85993e-05
6 0.166446 0.952989 0.0257596 0.0631296 1.86293e-05
5 0.849571 0.13096 0.300859 0.226998 1.86353e-05
6 0.768329 0.0550705 0.0307133 0.0308932 1.86687e-05
6 0.354524 0.0124244 0.0227873 0.0167898 1.86778e-05
6 0.332067 0.978845 0.0432629 0.0423103 1.87351e-05
6 0.525099 0.591336 0.0198151 0.047683 1.8736e-05
6 0.506605 0.434856 0.0383091 0.062458 1.87401e-05
5 0.565059 0.067495 0.138705 0.0933512 1.87741e-05
6 0.126982 0.292142 0.0392999 0.106111 1.87867e-05
6 0.601387 0.640027 0.0310436 0.051041 1.88502e-05
6 0.334049 0.516454 0.0208058 0.0429819 1.88504e-05
9 0.979359 0.990262 0.0412814 0.0194762 1.88511e-05
6 0.497193 0.0490262 0.0254293 0.051041 1.88675e-05
6 0.565059 0.0389523 0.0343461 0.0456682 1.88701e-05
6 0.117404 0.0862995 0.0756275 0.0517126 1.88962e-05
6 0.544088 0.02955 0.0142008 0.0174614 1.89441e-05
6 0.257761 0.120887 0.0445839 0.130289 1.89542e-05
6 0.430482 0.508059 0.0142008 0.0355944 1.89761e-05
6 0.313078 0.0409671 0.0931308 0.0819342 1.89864e-05
6 0.631275 0.949631 0.0445839 0.080591 1.90648e-05
6 0.131935 0.989926 0.0551519 0.0201478 1.90869e-05
6 0.160502 0.905641 0.0825627 0.139019 1.90905e-05
6 0.564399 0.465413 0.0290621 0.0470114 1.91283e-05
7 0.557629 0.381128 0.00891678 0.062458 1.91897e-05
7 0.53897 0.379449 0.010568 0.0698455 1.91899e-05
6 0.316876 0.0204835 0.0280713 0.018133 1.92499e-05
6 0.630119 0.02955 0.0284016 0.0241773 1.93283e-05
6 0.405383 0.968099 0.0492074 0.0423103 1.93314e-05
6 0.376156 0.205507 0.142008 0.18133 1.93481e-05
0 0.995872 0.868368 0.00825628 0.198791 1.93504e-05
9 0.895971 0.0208193 0.0429326 0.0416387 1.93955e-05
9 0.0860304 0.0231699 0.0459049 0.0463398 1.94367e-05
7 0.623019 0.410678 0.0835535 0.110813 1.94382e-05
6 0.477708 0.542982 0.0247688 0.0503694 1.94602e-05
6 0.738937 0.95769 0.0313738 0.0550705 1.95082e-05
6 0.595773 0.976158 0.0891678 0.047683 1.9551e-05
7 0.481506 0.386501 0.011889 0.0866353 1.95972e-05
6 0.767668 0.0762257 0.0241083 0.0382807 1.96103e-05
7 0.542933 0.399261 0.0112285 0.122901 1.96351e-05
6 0.0472259 0.154466 0.0944518 0.0980524 1.96493e-05
7 0.50611 0.385158 0.0128798 0.0879785 1.9694e-05
6 0.803831 0.0302216 0.0429326 0.0349228 1.97146e-05
6 0.567536 0.584285 0.0221268 0.044325 1.97154e-05
6 0.24323 0.465413 0.158851 0.342512 1.97978e-05
6 0.19138 0.876091 0.108653 0.16051 1.9868e-05
6 0.504789 0.514439 0.0188243 0.0631296 1.98874e-05
7 0.390687 0.431498 0.00726552 0.0584285 1.98962e-05
6 0.375991 0.0265279 0.0485469 0.0530557 1.98997e-05
7 0.525594 0.425118 0.00759577 0.0698455 1.99238e-05
6 0.430812 0.52955 0.0155218 0.0315648 2.00464e-05
6 0.197325 0.0678308 0.0604359 0.0523841 2.00698e-05
6 0.739597 0.938885 0.0498679 0.12223 2.00979e-05
6 0.504128 0.100739 0.0102378 0.0228341 2.0106e-05
6 0.561427 0.496642 0.0442536 0.0490262 2.01396e-05
6 0.279392 0.649765 0.0224571 0.0423103 2.01403e-05
5 0.442867 0.0218267 0.127477 0.0436535 2.01539e-05
6 0.30317 0.507723 0.0217966 0.0402955 2.01616e-05
6 0.469782 0.553392 0.0234478 0.0496978 2.0176e-05
6 0.583719 0.00235057 0.0208058 0.00470114 2.02041e-05
6 0.830086 0.482203 0.0452444 0.126259 2.02802e-05
6 0.551024 0.508395 0.0254293 0.044325 2.02876e-05
5 0.827609 0.765615 0.344782 0.343855 2.03147e-05
6 0.56638 0.0342512 0.0191546 0.0268637 2.03275e-05
6 0.703435 0.992277 0.0455746 0.0154466 2.03282e-05
6 0.330086 0.957354 0.0307133 0.0503694 2.04139e-05
6 0.72325 0.116521 0.0554822 0.122901 2.04184e-05
6 0.202444 0.0983882 0.0396301 0.0611148 2.04738e-05
6 0.510403 0.65178 0.0399604 0.0946944 2.04818e-05
6 0.920575 0.340833 0.0643989 0.238415 2.04843e-05
6 0.80895 0.123573 0.0214663 0.0402955 2.04845e-05
6 0.989432 0.927468 0.0211361 0.145064 2.04952e-05
6 0.643989 0.0315648 0.0468956 0.0416387 2.05015e-05
6 0.267338 0.484889 0.0392999 0.0671592 2.05707e-05
6 0.356671 0.980188 0.0422721 0.0396239 2.05765e-05
6 0.262384 0.0735393 0.0221268 0.032908 2.05889e-05
6 0.117239 0.220954 0.0449141 0.0470114 2.06404e-05
5 0.0807464 0.983546 0.161493 0.032908 2.06611e-05
6 0.4214 0.0080591 0.0277411 0.0161182 2.06664e-05
6 0.496037 0.0470114 0.0112285 0.0241773 2.06781e-05
6 0.758421 0.95769 0.0558124 0.0765615 2.06827e-05
7 0.560931 0.400604 0.0102378 0.112156 2.06954e-05
9 0.0511889 0.00436535 0.0733157 0.00873069 2.08146e-05
5 0.96037 0.270651 0.0792602 0.439221 2.09298e-05
6 0.551354 0.531901 0.0241083 0.044325 2.10129e-05
6 0.796235 0.51041 0.0759577 0.126259 2.10567e-05
6 0.32926 0.601746 0.0191546 0.0389523 2.10759e-05
6 0.155383 0.988583 0.0591149 0.0228341 2.10854e-05
6 0.245046 0.516118 0.0237781 0.0557421 2.11032e-05
6 0.575132 0.567831 0.0300528 0.0718603 2.1114e-05
6 0.280383 0.54231 0.0284016 0.047683 2.1142e-05
6 0.809775 0.0812626 0.0396301 0.095366 2.12697e-05
6 0.0957728 0.0473472 0.0521797 0.0315648 2.12936e-05
6 0.297886 0.953324 0.0350066 0.0584285 2.12949e-05
6 0.706407 0.0392881 0.0416116 0.0785762 2.12977e-05
6 0.417107 0.975487 0.0898283 0.0490262 2.13239e-05
6 0.630449 0.00537273 0.0264201 0.0107455 2.13514e-05
6 0.0531704 0.495635 0.0752972 0.112827 2.13639e-05
6 0.659841 0.425789 0.117569 0.1182 2.13681e-05
7 0.442206 0.390195 0.0521797 0.102082 2.13963e-05
6 0.441546 0.593687 0.0178336 0.0402955 2.14245e-05
6 0.985799 0.190732 0.0284016 0.213566 2.15277e-05
6 0.085535 0.445265 0.0673712 0.290128 2.15463e-05
6 0.542272 0.98959 0.0343461 0.0208193 2.1567e-05
6 0.427015 0.506716 0.0561427 0.062458 2.15755e-05
6 0.737946 0.510074 0.0650594 0.0879785 2.15781e-05
6 0.266347 0.642377 0.0571334 0.118872 2.16142e-05
6 0.428666 0.968099 0.0383091 0.0638012 2.16186e-05
6 0.6179 0.031229 0.0270806 0.0208193 2.16571e-05
9 0.948151 0.0308932 0.0396301 0.0617864 2.16573e-05
6 0.267008 0.0577569 0.0313738 0.0577569 2.16966e-05
6 0.608157 0.0382807 0.0379789 0.0765615 2.17031e-05
6 0.278897 0.049362 0.0247688 0.0449966 2.17093e-05
6 0.179822 0.354936 0.0888375 0.165883 2.17485e-05
6 0.812087 0.00705171 0.0402906 0.0141034 2.17685e-05
6 0.635568 0.562794 0.0280713 0.0711887 2.17932e-05
3 0.70459 0.567831 0.378137 0.574211 2.18089e-05
6 0.553005 0.032908 0.0307133 0.0376091 2.18684e-05
4 0.754458 0.677636 0.253303 0.396239 2.19027e-05
6 0.7429 0.992612 0.0452444 0.014775 2.19193e-05
6 0.792933 0.00738751 0.0336856 0.014775 2.19276e-05
6 0.307464 0.0191404 0.0270806 0.018133 2.19729e-05
6 0.415291 0.530557 0.0148613 0.0268637 2.19807e-05
7 0.508917 0.361652 0.0231176 0.0852921 2.19824e-05
6 0.84214 0.111484 0.121532 0.0886501 2.20014e-05
6 0.260898 0.0826058 0.0369881 0.0671592 2.20143e-05
6 0.281869 0.652116 0.0386394 0.0617864 2.20275e-05
6 0.267503 0.0543989 0.0184941 0.0282068 2.20505e-05
6 0.985634 0.116185 0.0287318 0.178643 2.20794e-05
6 0.394485 0.988919 0.0478864 0.0221625 2.21112e-05
6 0.417933 0.0574211 0.072325 0.077233 2.21119e-05
5 0.603699 0.151108 0.464993 0.178643 2.21255e-05
6 0.647622 0.517461 0.227213 0.177972 2.21269e-05
4 0.0123844 0.716588 0.0247688 0.440564 2.21315e-05
6 0.568197 0.0567495 0.0657199 0.0611148 2.21481e-05
6 0.00346764 0.951645 0.00693527 0.0886501 2.21824e-05
6 0.248184 0.0292142 0.0254293 0.0584285 2.22515e-05
6 0.608487 0.469778 0.0227873 0.0638012 2.23871e-05
6 0.86856 0.15413 0.0482166 0.0517126 2.25682e-05
6 0.511724 0.58865 0.0247688 0.0503694 2.25857e-05
7 0.45426 0.400604 0.0148613 0.0584285 2.26225e-05
6 0.762384 0.918066 0.0564729 0.163868 2.26299e-05
6 0.543098 0.560779 0.0221268 0.0416387 2.27223e-05
7 0.390192 0.421424 0.0954425 0.104097 2.27289e-05
6 0.553336 0.0104097 0.0366579 0.0208193 2.28518e-05
6 0.36146 0.959033 0.0379789 0.051041 2.28774e-05
6 0.55317 0.0325722 0.014531 0.0194762 2.29151e-05
6 0.347094 0.991269 0.0435931 0.0174614 2.29205e-05
6 0.280548 0.00503694 0.0221268 0.0100739 2.29534e-05
6 0.914465 0.0255205 0.0581242 0.0322364 2.30188e-05
7 0.487616 0.385829 0.00957728 0.180658 2.30546e-05
6 0.175198 0.0997314 0.0716645 0.177972 2.32232e-05
6 0.345112 0.928811 0.0700132 0.111484 2.32249e-05
6 0.505449 0.550034 0.0274108 0.0483546 2.32272e-05
6 0.278236 0.0466756 0.0135403 0.0194762 2.32444e-05
6 0.540621 0.490934 0.0171731 0.0402955 2.32758e-05
6 0.957893 0.117193 0.0241083 0.0557421 2.33005e-05
5 0.850231 0.161518 0.129128 0.113499 2.33166e-05
6 0.755944 0.0745467 0.0363276 0.0591001 2.3333e-05
6 0.00528402 0.974144 0.010568 0.0517126 2.33547e-05
6 0.992734 0.156481 0.014531 0.0846206 2.34102e-05
6 0.00759577 0.910678 0.0125495 0.178643 2.34408e-05
8 0.0071004 0.141706 0.0142008 0.139691 2.34563e-05
7 0.661658 0.379785 0.109313 0.104097 2.34564e-05
6 0.739432 0.370047 0.0184941 0.0456682 2.34785e-05
6 0.505284 0.989255 0.0350066 0.0214909 2.35366e-05
6 0.404557 0.967092 0.0383091 0.065816 2.35493e-05
6 0.570839 0.00537273 0.0254293 0.0107455 2.35944e-05
6 0.211361 0.0184688 0.0620872 0.0369375 2.36546e-05
6 0.134412 0.871054 0.0700132 0.170584 2.36846e-05
6 0.67751 0.991941 0.0465654 0.0161182 2.36943e-05
6 0.954756 0.0913365 0.0904888 0.115514 2.37433e-05
6 0.558785 0.00705171 0.0237781 0.0141034 2.37518e-05
6 0.128798 0.486232 0.0429326 0.0899933 2.37603e-05
6 0.954095 0.0842848 0.0350066 0.0396239 2.37924e-05
6 0.386559 0.116185 0.0439234 0.0591001 2.38158e-05
6 0.627312 0.971793 0.0412814 0.0564137 2.39198e-05
6 0.0234478 0.097045 0.0468956 0.106783 2.40476e-05
6 0.722919 0.3546 0.0303831 0.0940228 2.40977e-05
6 0.692867 0.602082 0.113606 0.126931 2.41062e-05
6 0.399934 0.0302216 0.0343461 0.0604433 2.41177e-05
9 0.0346764 0.96407 0.0693527 0.0718603 2.42064e-05
6 0.113111 0.207522 0.0373184 0.0389523 2.42091e-05
6 0.443692 0.0557421 0.0630779 0.0725319 2.4215e-05
6 0.662979 0.560107 0.0300528 0.044325 2.42344e-05
9 0.128798 0.036266 0.0759577 0.0725319 2.42796e-05
6 0.284511 0.977502 0.0445839 0.0449966 2.43129e-05
9 0.0318692 0.995299 0.0518494 0.00940228 2.43539e-05
6 0.422556 0.0157824 0.0426024 0.0315648 2.45045e-05
6 0.314564 0.935527 0.0690225 0.104768 2.45132e-05
6 0.620872 0.00369375 0.0264201 0.00738751 2.45369e-05
7 0.273283 0.378778 0.0320343 0.196105 2.454e-05
6 0.58504 0.034587 0.0274108 0.0664876 2.4642e-05
6 0.282695 0.927132 0.0620872 0.145735 2.4698e-05
6 0.455416 0.988247 0.0356671 0.0235057 2.46987e-05
9 0.554987 0.973136 0.0511889 0.0537273 2.47097e-05
6 0.535007 0.00235057 0.0165126 0.00470114 2.47974e-05
6 0.98679 0.942915 0.0191546 0.103425 2.48124e-05
6 0.354855 0.989255 0.0472259 0.0214909 2.48236e-05
6 0.90819 0.0886501 0.0257596 0.0376091 2.48735e-05
6 0.748184 0.0977166 0.0392999 0.0946944 2.498e-05
6 0.478369 0.515111 0.0181638 0.0577569 2.49847e-05
6 0.483983 0.617864 0.0274108 0.065816 2.49853e-05
6 0.512715 0.536266 0.0267503 0.0490262 2.51374e-05
7 0.714168 0.202485 0.0571334 0.367361 2.51664e-05
6 0.00924703 0.046004 0.0184941 0.0920081 2.51836e-05
9 0.857827 0.0292142 0.0274108 0.0261921 2.52006e-05
6 0.958058 0.108126 0.0581242 0.0577569 2.52031e-05
6 0.9929 0.0973808 0.0142008 0.0698455 2.52708e-05
6 0.35535 0.47683 0.0561427 0.0671592 2.53065e-05
7 0.617569 0.43687 0.015852 0.0557421 2.53389e-05
6 0.665456 0.491269 0.0501981 0.0597717 2.53722e-05
6 0.280383 0.94728 0.0462351 0.0705171 2.55272e-05
7 0.594947 0.41135 0.072325 0.0973808 2.55804e-05
6 0.319022 0.472465 0.0535007 0.0758899 2.56278e-05
9 0.0965984 0.0298858 0.0564729 0.0315648 2.56605e-05
2 0.371037 0.325722 0.388045 0.182673 2.56674e-05
6 0.297556 0.00570853 0.0257596 0.0114171 2.56871e-05
6 0.268659 0.649765 0.0287318 0.0436535 2.57181e-05
6 0.6321 0.467092 0.0257596 0.0436535 2.57455e-05
6 0.633421 0.115178 0.0284016 0.0718603 2.57504e-05
6 0.701453 0.580591 0.0211361 0.0396239 2.57952e-05
6 0.620872 0.047683 0.0363276 0.0859637 2.5832e-05
8 0.00297226 0.119543 0.00594452 0.127602 2.58946e-05
6 0.606836 0.032908 0.0241083 0.0214909 2.59856e-05
6 0.592305 0.00302216 0.0234478 0.00604432 2.6039e-05
5 0.771136 0.215581 0.457728 0.431162 2.60547e-05
6 0.468956 0.653123 0.0429326 0.0879785 2.60701e-05
7 0.486625 0.370047 0.0128798 0.0523841 2.60787e-05
6 0.293593 0.98959 0.0521797 0.0208193 2.62179e-05
6 0.541942 0.593687 0.0211361 0.0537273 2.62418e-05
6 0.412153 0.48086 0.0356671 0.0577569 2.62971e-05
6 0.365423 0.00134318 0.0260898 0.00268637 2.63694e-05
3 0.276915 0.5 0.553831 1 2.63729e-05
6 0.0348415 0.0721961 0.0677015 0.0664876 2.64364e-05
6 0.0764531 0.450974 0.0366579 0.108126 2.65278e-05
6 0.524934 0.522834 0.0181638 0.0463398 2.65726e-05
6 0.583058 0.10141 0.0267503 0.044325 2.6574e-05
6 0.155218 0.574211 0.0918098 0.302216 2.66143e-05
6 0.57216 0.0503694 0.0260898 0.0376091 2.66318e-05
6 0.157365 0.439557 0.071004 0.211551 2.66803e-05
4 0.240588 0.722633 0.481176 0.554735 2.66998e-05
6 0.782695 0.0392881 0.0409511 0.0785762 2.67296e-05
6 0.576288 0.589322 0.0204756 0.0543989 2.67411e-05
6 0.555812 0.497649 0.0244386 0.036266 2.67617e-05
6 0.712351 0.438885 0.0217966 0.0557421 2.67645e-05
6 0.806638 0.0537273 0.0260898 0.0376091 2.68011e-05
6 0.915951 0.14775 0.0518494 0.0470114 2.68173e-05
6 0.629789 0.0433177 0.0270806 0.0194762 2.6873e-05
9 0.554326 0.991605 0.0419419 0.0167898 2.68834e-05
6 0.665291 0.0120886 0.0465654 0.0241773 2.69369e-05
6 0.66397 0.587307 0.0307133 0.047683 2.695e-05
5 0.687417 0.182001 0.625165 0.364003 2.70019e-05
6 0.307133 0.435191 0.0746367 0.134318 2.70141e-05
6 0.955581 0.065816 0.077609 0.065816 2.70153e-05
6 0.00693527 0.0591001 0.01321 0.1182 2.70774e-05
6 0.115918 0.170584 0.0726552 0.0604433 2.71286e-05
6 0.0533355 0.421424 0.0716645 0.13499 2.71881e-05
6 0.818362 0.394224 0.0607662 0.1182 2.71974e-05
5 0.289135 0.996978 0.351717 0.00604432 2.72606e-05
6 0.707563 0.0083949 0.0247688 0.0167898 2.72684e-05
6 0.454921 0.594359 0.0234478 0.0470114 2.7301e-05
6 0.972424 0.0621222 0.0260898 0.0597717 2.73044e-05
6 0.444848 0.980524 0.0429326 0.0389523 2.73266e-05
6 0.00561427 0.0775688 0.0112285 0.0812626 2.73614e-05
6 0.70459 0.565144 0.0432629 0.0678308 2.74103e-05
6 0.571169 0.0483546 0.0122193 0.0174614 2.74342e-05
6 0.0406209 0.264607 0.0812417 0.179987 2.74447e-05
6 0.995542 0.0238415 0.00891678 0.047683 2.74806e-05
6 0.0564729 0.0359302 0.0951123 0.0543989 2.74864e-05
6 0.0584544 0.517797 0.0819022 0.253862 2.75237e-05
9 0.144155 0.0416387 0.0703435 0.0832774 2.75943e-05
6 0.442867 0.558093 0.0171731 0.0376091 2.76488e-05
6 0.648613 0.610477 0.0825627 0.0980524 2.77499e-05
6 0.704756 0.900269 0.0990753 0.191404 2.7754e-05
9 0.0700132 0.00268637 0.0330251 0.00537273 2.77587e-05
9 0.916447 0.991941 0.0607662 0.0161182 2.77811e-05
7 0.525925 0.399933 0.0115588 0.120215 2.77905e-05
6 0.498844 0.0866353 0.0795905 0.107455 2.78882e-05
6 0.681803 0.585292 0.0201453 0.0369375 2.79826e-05
6 0.685436 0.0416387 0.0604359 0.0832774 2.81263e-05
6 0.603369 0.98959 0.0508587 0.0208193 2.81551e-05
6 0.975396 0.0298858 0.0287318 0.0503694 2.82283e-05
7 0.588012 0.401948 0.0148613 0.113499 2.83125e-05
6 0.618065 0.034587 0.0439234 0.0409671 2.84657e-05
6 0.308289 0.0335796 0.0426024 0.0671592 2.84666e-05
6 0.515357 0.0120886 0.0379789 0.0241773 2.85234e-05
6 0.53352 0.0496978 0.0122193 0.0174614 2.85665e-05
6 0.957563 0.0355944 0.0511889 0.0349228 2.86766e-05
6 0.857827 0.169241 0.0254293 0.0376091 2.86975e-05
6 0.990918 0.0406313 0.0181638 0.0812626 2.87231e-05
6 0.145641 0.493284 0.0422721 0.172599 2.87253e-05
6 0.319022 0.557421 0.0561427 0.0832774 2.87712e-05
6 0.916777 0.128946 0.0224571 0.0416387 2.87975e-05
6 0.527246 0.496642 0.0155218 0.0449966 2.8819e-05
6 0.763871 0.940228 0.0389696 0.0644728 2.89002e-05
6 0.721929 0.0543989 0.0812417 0.0926796 2.89089e-05
6 0.46103 0.492612 0.0257596 0.0490262 2.89675e-05
6 0.119551 0.492612 0.0878468 0.301545 2.89879e-05
6 0.726552 0.477166 0.0264201 0.0449966 2.90256e-05
6 0.589168 0.657152 0.0343461 0.0611148 2.90517e-05
6 0.240753 0.48724 0.0984148 0.180658 2.90561e-05
6 0.0191546 0.215581 0.0383091 0.193418 2.90844e-05
6 0.841645 0.0466756 0.0346764 0.0302216 2.91226e-05
6 0.821995 0.105104 0.0356671 0.0449966 2.91596e-05
6 0.259742 0.00470114 0.0201453 0.00940228 2.91876e-05
6 0.581242 0.0973808 0.015852 0.0308932 2.92106e-05
9 0.0568032 0.00302216 0.0356671 0.00604432 2.92145e-05
6 0.512715 0.497314 0.0208058 0.0557421 2.92305e-05
6 0.535832 0.0507052 0.0591149 0.0678308 2.92447e-05
9 0.945509 0.0550705 0.0290621 0.0752183 2.9271e-05
6 0.482166 0.531901 0.0178336 0.0523841 2.92874e-05
6 0.0204756 0.144392 0.0409511 0.134318 2.9449e-05
6 0.650264 0.56951 0.0667107 0.103425 2.94907e-05
6 0.686592 0.00873069 0.0449141 0.0174614 2.95965e-05
6 0.570674 0.0144392 0.0435931 0.0288784 2.96476e-05
6 0.291447 0.567159 0.0214663 0.0409671 2.96782e-05
9 0.935931 0.0268637 0.0257596 0.0268637 2.9823e-05
6 0.725561 0.958697 0.0257596 0.0570853 2.99878e-05
6 0.0462351 0.207858 0.0924703 0.137676 3.00396e-05
6 0.498019 0.587307 0.0217966 0.0557421 3.01291e-05
6 0.316546 0.0261921 0.0485469 0.051041 3.02164e-05
6 0.0559775 0.113835 0.111955 0.114842 3.02194e-05
6 0.578435 0.969107 0.0406209 0.0617864 3.0267e-05
6 0.34247 0.605104 0.0178336 0.0389523 3.03677e-05
6 0.185601 0.0171256 0.0700132 0.0342512 3.05428e-05
6 0.557133 0.626259 0.0548217 0.0812626 3.06346e-05
6 0.865753 0.0792478 0.153567 0.0859637 3.06622e-05
9 0.922886 0.0564137 0.0188243 0.0335796 3.06974e-05
6 0.628963 0.978173 0.0307133 0.0261921 3.07211e-05
6 0.641347 0.600067 0.0231176 0.0396239 3.07675e-05
6 0.715324 0.378442 0.0191546 0.0409671 3.08093e-05
7 0.272292 0.205507 0.0439234 0.137005 3.08195e-05
9 0.917602 0.102418 0.0208058 0.0369375 3.08523e-05
4 0.926849 0.629953 0.146301 0.472801 3.08761e-05
6 0.949637 0.518469 0.0703435 0.24043 3.09055e-05
6 0.264366 0.0134318 0.0373184 0.0268637 3.09172e-05
6 0.557299 0.490934 0.0128798 0.0349228 3.095e-05
6 0.417437 0.587978 0.015852 0.0436535 3.09701e-05
5 0.373679 0.225655 0.695178 0.45131 3.10139e-05
6 0.177015 0.104768 0.0772787 0.080591 3.10184e-05
6 0.541777 0.972465 0.0326948 0.0550705 3.11268e-05
6 0.980845 0.973808 0.0383091 0.0523841 3.115e-05
6 0.639861 0.114171 0.0267503 0.0268637 3.11995e-05
6 0.534841 0.0527199 0.0267503 0.0423103 3.12113e-05
6 0.796896 0.0453324 0.0171731 0.0355944 3.12738e-05
6 0.504624 0.97045 0.0336856 0.0591001 3.12994e-05
9 0.971929 0.981531 0.0561427 0.0369375 3.13796e-05
6 0.162979 0.965077 0.0511889 0.0698455 3.14721e-05
7 0.607662 0.426796 0.0138705 0.0678308 3.15082e-05
9 0.824141 0.00537273 0.0267503 0.0107455 3.15253e-05
6 0.885073 0.15178 0.0389696 0.0483546 3.15987e-05
6 0.312913 0.965077 0.0492074 0.0631296 3.16245e-05
6 0.80895 0.105776 0.0221268 0.0409671 3.16269e-05
6 0.279227 0.0134318 0.0386394 0.0268637 3.17769e-05
6 0.824306 0.516454 0.0911493 0.189389 3.17958e-05
6 0.989762 0.948959 0.0204756 0.102082 3.18209e-05
5 0.127312 0.0587643 0.254624 0.117529 3.18704e-05
6 0.466314 0.598388 0.0250991 0.0523841 3.18906e-05
6 0.703104 0.568167 0.215324 0.200134 3.20048e-05
6 0.377312 0.991605 0.0472259 0.0167898 3.20939e-05
6 0.480185 0.987911 0.0376486 0.0241773 3.21275e-05
6 0.45459 0.969778 0.0366579 0.0604433 3.21465e-05
2 0.593131 0.383143 0.25033 0.109469 3.21759e-05
6 0.28996 0.467428 0.0409511 0.0980524 3.21872e-05
6 0.618065 0.0413029 0.0254293 0.0167898 3.23181e-05
6 0.612285 0.613499 0.0495376 0.0826058 3.23724e-05
6 0.64531 0.473808 0.0838838 0.0852921 3.23827e-05
9 0.0359974 0.972801 0.0468956 0.0382807 3.2418e-05
9 0.934941 0.0577569 0.0284016 0.02955 3.24202e-05
6 0.00858653 0.00873069 0.0138705 0.0174614 3.24924e-05
6 0.956902 0.0594359 0.0280713 0.0490262 3.2728e-05
5 0.736955 0.824379 0.38144 0.220954 3.28195e-05
5 0.416447 0.0668234 0.136724 0.100067 3.28244e-05
6 0.633917 0.606447 0.0544914 0.065816 3.28728e-05
9 0.872358 0.0245131 0.0234478 0.0275353 3.28871e-05
6 0.897622 0.0920081 0.0284016 0.0376091 3.29339e-05
6 0.357001 0.0161182 0.0363276 0.0268637 3.30835e-05
6 0.792933 0.905641 0.104359 0.159167 3.31141e-05
6 0.946499 0.0940228 0.0204756 0.036266 3.31141e-05
6 0.0110634 0.060779 0.0221268 0.0906649 3.32932e-05
6 0.763045 0.0591001 0.0716645 0.0779046 3.33897e-05
6 0.71714 0.470786 0.0181638 0.0349228 3.35231e-05
9 0.0549868 0.981195 0.0373184 0.0322364 3.36084e-05
6 0.80961 0.080591 0.0274108 0.0470114 3.3631e-05
6 0.512054 0.622901 0.0287318 0.0638012 3.38124e-05
6 0.615423 0.0382807 0.113276 0.0765615 3.3884e-05
5 0.796565 0.0396239 0.162483 0.0792478 3.38876e-05
6 0.508091 0.00235057 0.0227873 0.00470114 3.39062e-05
5 0.216645 0.0691739 0.154557 0.100739 3.40258e-05
6 0.376816 0.968435 0.0535007 0.0577569 3.4073e-05
5 0.636559 0.0617864 0.130449 0.0913365 3.4117e-05
9 0.573811 0.985225 0.0643989 0.02955 3.41892e-05
6 0.248184 0.534587 0.0241083 0.0537273 3.42028e-05
6 0.929987 0.125923 0.0270806 0.0490262 3.42253e-05
6 0.478369 0.0221625 0.072325 0.044325 3.42479e-05
7 0.605185 0.40732 0.0142008 0.117529 3.42588e-05
7 0.510733 0.398254 0.0293923 0.107455 3.42659e-05
6 0.569188 0.61182 0.0386394 0.0711887 3.43547e-05
7 0.570839 0.397246 0.0122193 0.110813 3.43805e-05
6 0.756605 0.0718603 0.0224571 0.0416387 3.46008e-05
9 0.921565 0.0826058 0.0214663 0.0335796 3.4668e-05
6 0.611625 0.049362 0.0713342 0.062458 3.48063e-05
6 0.817371 0.0718603 0.0997358 0.080591 3.48888e-05
6 0.63111 0.111148 0.0217966 0.0261921 3.49728e-05
6 0.0376486 0.358294 0.0752972 0.292142 3.49858e-05
6 0.111295 0.440228 0.0455746 0.258563 3.51554e-05
9 0.0564729 0.953996 0.0449141 0.0920081 3.52251e-05
6 0.631275 0.0486904 0.0432629 0.0423103 3.52327e-05
6 0.162649 0.452317 0.132431 0.289456 3.54228e-05
6 0.591314 0.0107455 0.0406209 0.0214909 3.5435e-05
6 0.524108 0.5591 0.0191546 0.0463398 3.54635e-05
6 0.481836 0.496306 0.0171731 0.0604433 3.54725e-05
6 0.57959 0.518133 0.0581242 0.0651444 3.55498e-05
9 0.923052 0.0251847 0.0204756 0.0275353 3.56548e-05
6 0.130614 0.445601 0.0366579 0.136333 3.57884e-05
6 0.334379 0.00402955 0.0307133 0.0080591 3.5815e-05
6 0.408851 0.582606 0.0217966 0.0449966 3.58898e-05
7 0.60469 0.432841 0.0303831 0.0812626 3.59722e-05
9 0.987946 0.976158 0.0142008 0.047683 3.59969e-05
6 0.692041 0.482874 0.112616 0.124916 3.60112e-05
7 0.527741 0.393217 0.0442536 0.098724 3.60997e-05
6 0.483818 0.555742 0.0217966 0.0463398 3.6151e-05
6 0.653236 0.990934 0.0508587 0.018133 3.61809e-05
7 0.567206 0.39221 0.0260898 0.0859637 3.62734e-05
5 0.805317 0.186031 0.193857 0.229684 3.62901e-05
6 0.402411 0.603761 0.0227873 0.0389523 3.63249e-05
6 0.88144 0.140027 0.116909 0.129617 3.64079e-05
6 0.245542 0.529886 0.0518494 0.0631296 3.64275e-05
6 0.819683 0.445265 0.0640687 0.111484 3.64401e-05
6 0.534346 0.0117529 0.0336856 0.0235057 3.66183e-05
6 0.365918 0.562122 0.0244386 0.0456682 3.66512e-05
6 0.428005 0.566488 0.0184941 0.032908 3.6742e-05
6 0.389696 0.604768 0.0323646 0.0503694 3.67707e-05
6 0.343791 0.584956 0.0250991 0.0416387 3.67727e-05
9 0.0572985 0.972465 0.114597 0.0550705 3.67736e-05
6 0.584214 0.0322364 0.0138705 0.0201478 3.68917e-05
9 0.107662 0.0235057 0.0548217 0.0470114 3.69095e-05
6 0.427015 0.593015 0.0184941 0.044325 3.6948e-05
6 0.498679 0.561786 0.0330251 0.0638012 3.70974e-05
6 0.975396 0.0117529 0.0492074 0.0235057 3.71735e-05
6 0.457728 0.978173 0.0317041 0.032908 3.72354e-05
6 0.78319 0.0449966 0.0412814 0.0470114 3.73113e-05
6 0.247028 0.0134318 0.0284016 0.0268637 3.74803e-05
2 0.288309 0.468771 0.576618 0.51041 3.75529e-05
6 0.615258 0.568167 0.0277411 0.051041 3.76046e-05
6 0.662814 0.0188046 0.0634082 0.0376091 3.76177e-05
6 0.581572 0.978173 0.0343461 0.0315648 3.77088e-05
6 0.340489 0.610477 0.0535007 0.0926796 3.77801e-05
6 0.444518 0.47448 0.0416116 0.0705171 3.78171e-05
6 0.907695 0.129617 0.0551519 0.111484 3.78513e-05
6 0.268494 0.539624 0.0825627 0.120215 3.78798e-05
6 0.642008 0.11585 0.0383091 0.0436535 3.79453e-05
5 0.314729 0.212559 0.128137 0.233042 3.80964e-05
7 0.293923 0.195433 0.0726552 0.365346 3.81102e-05
7 0.485634 0.399933 0.0128798 0.062458 3.81838e-05
5 0.44072 0.986904 0.47325 0.0261921 3.82025e-05
9 0.418758 0.970114 0.0647292 0.0597717 3.84754e-05
6 0.552345 0.0426461 0.0142008 0.0154466 3.8539e-05
6 0.266347 0.51041 0.0287318 0.0456682 3.86316e-05
6 0.149273 0.0591001 0.0673712 0.0456682 3.86394e-05
6 0.708223 0.019812 0.0459049 0.0396239 3.87164e-05
6 0.643164 0.982203 0.0412814 0.0355944 3.90637e-05
6 0.528402 0.971793 0.0317041 0.0564137 3.91333e-05
6 0.247853 0.00638012 0.0148613 0.0127602 3.92435e-05
6 0.515522 0.0567495 0.0601057 0.0745467 3.93791e-05
6 0.397292 0.979516 0.0422721 0.0409671 3.96411e-05
6 0.380945 0.480524 0.0426024 0.0570853 3.98412e-05
6 0.370707 0.0325722 0.0511889 0.0651444 3.99066e-05
6 0.555317 0.968099 0.0373184 0.0638012 3.99545e-05
6 0.109974 0.0577569 0.0640687 0.0980524 3.99749e-05
6 0.333223 0.00906649 0.0488771 0.018133 4.00054e-05
9 0.418263 0.989926 0.0511889 0.0201478 4.01349e-05
5 0.804326 0.105104 0.199802 0.159167 4.02396e-05
5 0.104029 0.0631296 0.162483 0.0765615 4.03148e-05
7 0.612781 0.404634 0.0320343 0.0879785 4.034e-05
6 0.478699 0.969778 0.0392999 0.0604433 4.03936e-05
6 0.483983 0.592344 0.0241083 0.0591001 4.04187e-05
5 0.886889 0.0366017 0.18461 0.0732035 4.04196e-05
6 0.699306 0.42176 0.0485469 0.106111 4.04385e-05
6 0.506935 0.978509 0.0290621 0.0322364 4.04557e-05
9 0.833058 0.0204835 0.0313738 0.0409671 4.05569e-05
6 0.540621 0.540295 0.0290621 0.047683 4.05775e-05
6 0.681473 0.54231 0.0175033 0.0342512 4.07613e-05
5 0.87533 0.229684 0.103369 0.194762 4.08479e-05
6 0.442536 0.018133 0.0640687 0.036266 4.08615e-05
7 0.559941 0.397918 0.00693527 0.0664876 4.08953e-05
6 0.604194 0.0439893 0.0221268 0.0194762 4.09125e-05
6 0.543263 0.0436535 0.0151915 0.014775 4.09153e-05
5 0.668098 0.975823 0.424703 0.0483546 4.11454e-05
6 0.503468 0.0271995 0.0386394 0.0543989 4.11867e-05
6 0.57926 0.569846 0.0217966 0.0409671 4.12515e-05
6 0.592801 0.0335796 0.0191546 0.0214909 4.1293e-05
9 0.0726552 0.0154466 0.0858653 0.0308932 4.13636e-05
9 0.929987 0.0221625 0.0607662 0.044325 4.14297e-05
6 0.418758 0.980524 0.0402906 0.0389523 4.14735e-05
5 0.258587 0.0349228 0.127477 0.0698455 4.15155e-05
6 0.279062 0.631632 0.0250991 0.0436535 4.16061e-05
5 0.69072 0.067495 0.169419 0.104097 4.17234e-05
6 0.982166 0.0705171 0.0356671 0.0899933 4.18234e-05
6 0.589003 0.0691739 0.0148613 0.0255205 4.18789e-05
7 0.513871 0.380457 0.0165126 0.167226 4.20028e-05
9 0.128963 0.00738751 0.0617569 0.014775 4.20877e-05
6 0.642503 0.551041 0.0247688 0.0436535 4.23288e-05
6 0.588177 0.538617 0.146631 0.128946 4.23883e-05
7 0.584214 0.397918 0.0303831 0.0852921 4.25924e-05
7 0.541447 0.397918 0.00759577 0.0705171 4.29971e-05
6 0.35502 0.603089 0.0204756 0.0402955 4.30151e-05
6 0.594287 0.0359302 0.0353369 0.0382807 4.31124e-05
5 0.766843 0.0728677 0.134742 0.120215 4.3155e-05
9 0.513375 0.985897 0.0650594 0.0282068 4.32032e-05
3 0.807133 0.385829 0.385733 0.771659 4.32127e-05
6 0.389696 0.00638012 0.0290621 0.0127602 4.32274e-05
6 0.588342 0.0224983 0.0531704 0.0449966 4.32784e-05
6 0.58537 0.0725319 0.0267503 0.0483546 4.34052e-05
9 0.118725 0.00503694 0.0373184 0.0100739 4.35919e-05
6 0.610304 0.465077 0.0151915 0.0423103 4.38685e-05
6 0.582728 0.585628 0.0201453 0.0402955 4.38814e-05
6 0.308124 0.00738751 0.0284016 0.014775 4.39051e-05
6 0.338838 0.535594 0.0535007 0.0570853 4.39167e-05
5 0.313738 0.902955 0.43395 0.19409 4.39519e-05
6 0.994881 0.958697 0.0102378 0.0826058 4.41357e-05
2 0.361955 0.365682 0.229855 0.167226 4.41774e-05
9 0.945839 0.0779046 0.0231176 0.0349228 4.4222e-05
6 0.78286 0.0110813 0.0340159 0.0221625 4.43623e-05
6 0.543923 0.979516 0.0277411 0.0315648 4.44969e-05
9 0.871037 0.0285426 0.0650594 0.0570853 4.45056e-05
6 0.390852 0.562458 0.0241083 0.0449966 4.45191e-05
5 0.34858 0.0251847 0.139696 0.0503694 4.45206e-05
6 0.415621 0.569174 0.0168428 0.032908 4.45314e-05
6 0.455086 0.554399 0.0217966 0.0409671 4.45729e-05
6 0.431638 0.574211 0.0667107 0.0832774 4.49717e-05
5 0.774769 0.254869 0.450462 0.427804 4.49854e-05
6 0.783851 0.0429819 0.0221268 0.036266 4.51318e-05
6 0.483653 0.00705171 0.0201453 0.0141034 4.53917e-05
6 0.247193 0.574882 0.0571334 0.0846206 4.54043e-05
6 0.41496 0.616521 0.0386394 0.0725319 4.56619e-05
6 0.258752 0.0201478 0.0525099 0.0402955 4.58321e-05
6 0.466314 0.515111 0.0138705 0.0523841 4.59868e-05
6 0.0569683 0.415379 0.0835535 0.292142 4.59882e-05
6 0.316215 0.597717 0.0221268 0.0402955 4.61198e-05
7 0.741744 0.241101 0.011889 0.153123 4.6319e-05
6 0.562087 0.0218267 0.0713342 0.0436535 4.6366e-05
9 0.841975 0.00537273 0.0293923 0.0107455 4.63714e-05
6 0.439069 0.638348 0.074967 0.13499 4.66431e-05
9 0.96103 0.97045 0.0211361 0.0241773 4.66613e-05
5 0.690555 0.906313 0.61889 0.187374 4.67072e-05
6 0.779062 0.483882 0.117569 0.202149 4.67761e-05
6 0.9929 0.123237 0.0102378 0.0906649 4.67806e-05
6 0.590654 0.0567495 0.0485469 0.0651444 4.68024e-05
5 0.260733 0.0742109 0.0795905 0.108126 4.69257e-05
6 0.314069 0.529214 0.182959 0.141034 4.70886e-05
5 0.164465 0.107119 0.156539 0.0906649 4.71894e-05
6 0.457398 0.51914 0.0178336 0.0456682 4.75342e-05
9 0.481341 0.985225 0.0597754 0.02955 4.7561e-05
6 0.545244 0.047683 0.0297226 0.0389523 4.75864e-05
6 0.590819 0.051041 0.014531 0.0188046 4.76116e-05
2 0.125826 0.337139 0.0568032 0.1773 4.78015e-05
6 0.924868 0.0261921 0.119881 0.0523841 4.78593e-05
6 0.693692 0.487576 0.0432629 0.0631296 4.78664e-05
6 0.476882 0.459704 0.0442536 0.0718603 4.79428e-05
5 0.352543 0.077233 0.19782 0.12223 4.79895e-05
6 0.342305 0.571189 0.0181638 0.032908 4.80348e-05
6 0.345443 0.96407 0.0475561 0.0611148 4.82364e-05
9 0.883917 0.0261921 0.0617569 0.0308932 4.86941e-05
7 0.497688 0.381464 0.01321 0.163868 4.87334e-05
6 0.40109 0.0080591 0.0254293 0.0161182 4.88912e-05
6 0.496532 0.617193 0.0260898 0.0604433 4.89638e-05
5 0.803666 0.997985 0.326618 0.00402955 4.89754e-05
6 0.344122 0.0117529 0.0257596 0.018133 4.90181e-05
7 0.495542 0.370719 0.0115588 0.0752183 4.9279e-05
6 0.685766 0.555406 0.0194848 0.0376091 4.93094e-05
0 0.0100727 0.829416 0.0148613 0.341169 4.93338e-05
6 0.718791 0.417394 0.0432629 0.113499 4.93687e-05
6 0.772457 0.55675 0.14465 0.239087 4.94745e-05
6 0.606011 0.0480188 0.0369881 0.0396239 4.95375e-05
6 0.281539 0.501343 0.0175033 0.0369375 4.97932e-05
6 0.584049 0.0701813 0.0122193 0.0248489 4.99547e-05
9 0.0956077 0.00369375 0.0392999 0.00738751 5.01376e-05
9 0.89498 0.00335796 0.0336856 0.00671592 5.02676e-05
6 0.388375 0.61182 0.0713342 0.0967092 5.04019e-05
6 0.704425 0.267965 0.0693527 0.189389 5.07836e-05
6 0.530218 0.979516 0.0274108 0.0315648 5.08186e-05
6 0.540291 0.509738 0.0250991 0.0429819 5.08681e-05
6 0.0510238 0.0564137 0.102048 0.0913365 5.0877e-05
6 0.498184 0.495635 0.0155218 0.0631296 5.0881e-05
6 0.989102 0.032908 0.0217966 0.065816 5.08892e-05
7 0.615258 0.406985 0.0151915 0.080591 5.0897e-05
9 0.0340159 0.945265 0.0587847 0.109469 5.10636e-05
6 0.494221 0.98086 0.0432629 0.0382807 5.12219e-05
6 0.291281 0.0208193 0.0680317 0.0416387 5.14433e-05
6 0.367404 0.603761 0.0445839 0.0765615 5.19232e-05
9 0.0285667 0.00973808 0.0518494 0.0194762 5.20606e-05
6 0.637219 0.018133 0.0597754 0.036266 5.21826e-05
6 0.872358 0.130289 0.0511889 0.0470114 5.22556e-05
6 0.528071 0.541303 0.0224571 0.044325 5.24508e-05
6 0.33537 0.572196 0.0558124 0.0591001 5.25347e-05
6 0.60535 0.466756 0.0548217 0.0577569 5.27078e-05
5 0.526585 0.227334 0.0426024 0.129617 5.27237e-05
9 0.573646 0.990262 0.0528402 0.0194762 5.29303e-05
5 0.63854 0.909671 0.442206 0.180658 5.35131e-05
6 0.737285 0.383479 0.0168428 0.0416387 5.37173e-05
9 0.0449141 0.0550705 0.0898283 0.110141 5.37592e-05
6 0.307133 0.610141 0.0330251 0.0490262 5.38038e-05
9 0.857827 0.00738751 0.0412814 0.014775 5.38325e-05
6 0.0077609 0.0480188 0.0108983 0.077233 5.41487e-05
6 0.00743065 0.0261921 0.00957728 0.0523841 5.41959e-05
5 0.392173 0.0372733 0.201783 0.0745467 5.42516e-05
6 0.378798 0.534923 0.11889 0.128274 5.4293e-05
9 0.529062 0.990262 0.0455746 0.0194762 5.43822e-05
6 0.483983 0.0151108 0.0359974 0.0302216 5.44964e-05
9 0.958388 0.982874 0.0343461 0.0248489 5.46265e-05
6 0.441711 0.515111 0.0115588 0.036266 5.47287e-05
6 0.3679 0.495299 0.0508587 0.0638012 5.48379e-05
6 0.709214 0.538952 0.0379789 0.0651444 5.48619e-05
6 0.255284 0.520484 0.0198151 0.0456682 5.51931e-05
9 0.0544914 0.00738751 0.0488771 0.014775 5.52651e-05
6 0.345608 0.0342512 0.0571334 0.0685024 5.53719e-05
6 0.318692 0.517797 0.0495376 0.065816 5.54367e-05
6 0.586856 0.0557421 0.0264201 0.0429819 5.55364e-05
6 0.683454 0.0258563 0.084214 0.0517126 5.55906e-05
6 0.469452 0.507723 0.0386394 0.0604433 5.5614e-05
6 0.482332 0.486904 0.0313738 0.0564137 5.58142e-05
7 0.601552 0.40497 0.0300528 0.0832774 5.58153e-05
6 0.291116 0.620887 0.0300528 0.0530557 5.59688e-05
6 0.178501 0.412693 0.089498 0.145735 5.60566e-05
9 0.945509 0.0308932 0.0396301 0.0255205 5.66412e-05
6 0.410667 0.567495 0.257926 0.15178 5.67766e-05
5 0.113606 0.0174614 0.125495 0.0349228 5.68223e-05
5 0.266017 0.952989 0.409181 0.0940228 5.70516e-05
4 0.0744716 0.566823 0.13111 0.591001 5.70624e-05
9 0.0279062 0.98321 0.0531704 0.0335796 5.7252e-05
6 0.508421 0.485561 0.0366579 0.0564137 5.73159e-05
6 0.537153 0.493284 0.0353369 0.047683 5.734e-05
6 0.44039 0.619879 0.0386394 0.0819342 5.73511e-05
6 0.39465 0.589993 0.0191546 0.0543989 5.75213e-05
6 0.366909 0.597381 0.0217966 0.0382807 5.77059e-05
5 0.652741 0.113835 0.22358 0.144392 5.79362e-05
6 0.740918 0.0248489 0.072325 0.0496978 5.79546e-05
6 0.626651 0.603089 0.0194848 0.036266 5.85255e-05
0 0.987781 0.824043 0.0224571 0.351914 5.8731e-05
6 0.891843 0.0923439 0.081572 0.0664876 5.87495e-05
4 0.357001 0.760242 0.572655 0.353257 5.87664e-05
6 0.531869 0.50638 0.0135403 0.044325 5.89241e-05
6 0.782365 0.0238415 0.0284016 0.0396239 5.89421e-05
6 0.717305 0.484553 0.187583 0.247817 5.89854e-05
6 0.61212 0.0177972 0.0551519 0.0355944 5.90808e-05
6 0.305978 0.0177972 0.0452444 0.0355944 5.91807e-05
6 0.625826 0.476494 0.0548217 0.062458 5.92859e-05
6 0.511229 0.536938 0.221929 0.116185 5.94506e-05
5 0.816711 0.922095 0.366579 0.155809 5.96896e-05
9 0.955746 0.00906649 0.0554822 0.018133 6.00665e-05
5 0.731671 0.0456682 0.156209 0.0913365 6.01942e-05
6 0.289795 0.498993 0.0181638 0.0349228 6.0418e-05
9 0.970608 0.950974 0.0409511 0.0980524 6.06996e-05
6 0.256275 0.536266 0.0231176 0.0449966 6.1066e-05
9 0.99389 0.984553 0.0122193 0.0308932 6.15862e-05
6 0.402081 0.0157824 0.0399604 0.0315648 6.1604e-05
7 0.588177 0.398925 0.00924703 0.0725319 6.16279e-05
6 0.505944 0.0416387 0.10502 0.0832774 6.17529e-05
7 0.523613 0.398254 0.00825628 0.0698455 6.21212e-05
6 0.497358 0.530893 0.0178336 0.0543989 6.22319e-05
9 0.948646 0.00302216 0.0419419 0.00604432 6.23829e-05
6 0.313573 0.606783 0.0597754 0.0973808 6.24545e-05
6 0.897292 0.108126 0.0429326 0.0886501 6.24984e-05
6 0.4929 0.651108 0.0439234 0.0879785 6.25784e-05
6 0.5857 0.0537273 0.0108983 0.0188046 6.27199e-05
9 0.543098 0.985561 0.0637384 0.0288784 6.28883e-05
2 0.635733 0.427804 0.346764 0.228341 6.30147e-05
6 0.709709 0.458697 0.0198151 0.0550705 6.3069e-05
5 0.731836 0.211887 0.0488771 0.288113 6.31535e-05
5 0.26321 0.270316 0.395641 0.352586 6.33799e-05
9 0.147622 0.0389523 0.0752972 0.036266 6.45214e-05
9 0.148283 0.0154466 0.0766182 0.0308932 6.48055e-05
6 0.285007 0.529886 0.0396301 0.0456682 6.48131e-05
6 0.372193 0.00402955 0.0389696 0.0080591 6.48318e-05
6 0.524273 0.0224983 0.076288 0.0449966 6.5398e-05
6 0.444848 0.531901 0.0138705 0.0322364 6.5524e-05
6 0.787484 0.0453324 0.0901585 0.0826058 6.6459e-05
6 0.650925 0.580255 0.0323646 0.0456682 6.68027e-05
6 0.652246 0.573204 0.356671 0.288113 6.69492e-05
6 0.719617 0.401948 0.0165126 0.0436535 6.78049e-05
3 0.284511 0.586971 0.373514 0.586971 6.7984e-05
6 0.584709 0.603761 0.0227873 0.0402955 6.85315e-05
7 0.471764 0.388852 0.0544914 0.100739 6.85836e-05
9 0.448646 0.973808 0.0558124 0.0523841 6.89042e-05
6 0.392338 0.572868 0.0171731 0.0349228 6.89726e-05
6 0.326948 0.568838 0.0204756 0.0335796 6.98074e-05
6 0.497853 0.00705171 0.0227873 0.0141034 6.98356e-05
6 0.582067 0.629617 0.0208058 0.0423103 7.00973e-05
9 0.915951 0.00369375 0.0525099 0.00738751 7.02209e-05
7 0.708553 0.369711 0.0419419 0.10141 7.11469e-05
6 0.499174 0.559436 0.0208058 0.044325 7.14294e-05
6 0.626816 0.989255 0.0535007 0.0214909 7.19611e-05
6 0.992569 0.0621222 0.0102378 0.0812626 7.20438e-05
5 0.65175 0.207186 0.14432 0.269308 7.26471e-05
9 0.48002 0.978509 0.0498679 0.0429819 7.34186e-05
6 0.336195 0.0194762 0.0653897 0.0389523 7.35001e-05
6 0.557464 0.982874 0.0396301 0.0342512 7.38522e-05
6 0.623679 0.524849 0.0630779 0.0691739 7.39773e-05
6 0.469452 0.980524 0.0419419 0.0389523 7.40429e-05
5 0.653567 0.0470114 0.212682 0.0940228 7.46511e-05
7 0.605845 0.405977 0.00957728 0.0718603 7.4852e-05
9 0.945509 0.0533915 0.0231176 0.032908 7.50436e-05
9 0.448151 0.991269 0.0442536 0.0174614 7.52433e-05
9 0.509412 0.978173 0.0518494 0.0436535 7.54234e-05
6 0.51932 0.981195 0.0406209 0.0376091 7.55667e-05
6 0.589498 0.543653 0.0535007 0.0611148 7.55738e-05
6 0.593956 0.982874 0.0445839 0.0342512 7.6021e-05
6 0.834049 0.0174614 0.088177 0.0349228 7.61317e-05
6 0.605185 0.97045 0.0419419 0.0591001 7.71347e-05
6 0.466975 0.62223 0.0369881 0.098724 7.7165e-05
6 0.618725 0.473808 0.0326948 0.0423103 7.76372e-05
6 0.604524 0.987911 0.0538309 0.0241773 7.77847e-05
5 0.837021 0.969778 0.325958 0.0604433 7.80925e-05
6 0.729855 0.375756 0.0264201 0.0691739 7.88792e-05
6 0.717635 0.465413 0.0264201 0.0604433 7.98191e-05
7 0.569683 0.39456 0.00726552 0.0678308 7.98397e-05
6 0.325627 0.581934 0.0217966 0.0382807 8.03749e-05
5 0.876486 0.125252 0.208058 0.16454 8.05631e-05
5 0.488937 0.867025 0.481836 0.213566 8.13838e-05
9 0.082893 0.00738751 0.0475561 0.014775 8.15143e-05
9 0.509247 0.99362 0.0422721 0.0127602 8.1676e-05
6 0.692867 0.576897 0.0198151 0.0402955 8.23325e-05
6 0.306143 0.56951 0.0217966 0.0376091 8.28597e-05
6 0.499009 0.0154466 0.0383091 0.0308932 8.31394e-05
9 0.40819 0.990262 0.0554822 0.0194762 8.32976e-05
9 0.47969 0.992948 0.0406209 0.0141034 8.34491e-05
6 0.614762 0.631968 0.0260898 0.0429819 8.36123e-05
6 0.632596 0.567495 0.0241083 0.0335796 8.40947e-05
6 0.801519 0.018133 0.0772787 0.036266 8.45096e-05
6 0.699967 0.543653 0.0181638 0.0342512 8.58394e-05
5 0.186922 0.86501 0.373844 0.18133 8.6346e-05
6 0.692867 0.564473 0.0356671 0.0530557 8.77649e-05
9 0.972919 0.984218 0.0389696 0.0315648 8.80119e-05
6 0.950958 0.0201478 0.076288 0.0402955 8.84038e-05
9 0.115753 0.0396239 0.077609 0.0349228 8.86628e-05
6 0.614927 0.572532 0.0165126 0.0315648 8.88571e-05
5 0.159016 0.0339154 0.141017 0.0678308 8.99273e-05
9 0.832563 0.0282068 0.0284016 0.0537273 9.03217e-05
5 0.751651 0.201477 0.104359 0.290128 9.15391e-05
6 0.277246 0.610477 0.0254293 0.0523841 9.1634e-05
6 0.313408 0.550705 0.10568 0.1182 9.16499e-05
6 0.352048 0.50638 0.0574637 0.0631296 9.29891e-05
6 0.836196 0.441572 0.0686922 0.216924 9.4148e-05
6 0.822325 0.0224983 0.0541612 0.0449966 9.464e-05
5 0.727213 0.0883143 0.143329 0.175285 9.51175e-05
7 0.482166 0.662189 0.0515192 0.15178 9.53097e-05
5 0.367074 0.935527 0.455416 0.0980524 9.72845e-05
6 0.376816 0.572196 0.0237781 0.0349228 9.76429e-05
5 0.275099 0.0926796 0.133421 0.12223 9.79087e-05
5 0.239927 0.112156 0.214993 0.205507 9.91407e-05
6 0.591314 0.593015 0.123184 0.0993956 9.94291e-05
7 0.511063 0.402955 0.0122193 0.0873069 9.94621e-05
6 0.134577 0.441236 0.0498679 0.241773 9.96515e-05
9 0.831737 0.0429819 0.0234478 0.0282068 0.000100573
6 0.295905 0.488247 0.0693527 0.123573 0.000100594
6 0.364927 0.573204 0.0435931 0.0490262 0.000100809
6 0.406704 0.0177972 0.068362 0.0355944 0.00010081
6 0.411823 0.541639 0.0356671 0.0396239 0.00010123
6 0.729029 0.397246 0.0175033 0.0409671 0.000102615
6 0.657695 0.546004 0.116579 0.110141 0.000103671
6 0.358818 0.584285 0.0260898 0.0376091 0.000103757
6 0.113771 0.0597717 0.071004 0.0389523 0.000103931
5 0.777246 0.959369 0.445509 0.0812626 0.000103937
3 0.152906 0.480524 0.305812 0.916723 0.00010449
5 0.433785 0.996978 0.424373 0.00604432 0.000105898
7 0.506935 0.360981 0.0541612 0.0946944 0.000106022
7 0.27576 0.380121 0.0244386 0.108798 0.000106114
5 0.326948 0.962727 0.544914 0.0745467 0.000106309
6 0.0308785 0.0298858 0.0617569 0.0597717 0.000106346
6 0.450297 0.548355 0.0544914 0.0705171 0.000106405
7 0.740258 0.19409 0.0155218 0.159839 0.000106952
6 0.614432 0.547347 0.0505284 0.065816 0.000108225
6 0.26998 0.63734 0.0459049 0.0604433 0.000108604
9 0.542602 0.990262 0.0528402 0.0194762 0.000108961
6 0.40076 0.583613 0.0194848 0.0416387 0.000111061
6 0.725727 0.442243 0.0221268 0.0463398 0.000111536
6 0.488606 0.591336 0.225561 0.206179 0.000111827
5 0.317371 0.0379449 0.175033 0.0758899 0.000112825
6 0.412483 0.566488 0.0376486 0.0423103 0.000112833
6 0.627642 0.581934 0.0194848 0.0369375 0.000113146
6 0.889861 0.139691 0.0617569 0.0617864 0.000113915
5 0.68362 0.995635 0.356671 0.00873069 0.000114232
9 0.88111 0.00705171 0.0409511 0.0141034 0.000114282
6 0.993065 0.02955 0.00990753 0.0591001 0.000114308
6 0.663309 0.523506 0.069683 0.0732035 0.000114836
5 0.107332 0.0302216 0.142668 0.0604433 0.000115095
6 0.724571 0.454668 0.0138705 0.0483546 0.000115839
6 0.352048 0.574547 0.157199 0.109469 0.00011621
4 0.740258 0.770651 0.519485 0.458697 0.000116439
5 0.569518 0.982874 0.417107 0.0342512 0.0001172
6 0.311262 0.583613 0.0234478 0.0416387 0.000117399
7 0.498844 0.402283 0.0115588 0.0819342 0.000117868
6 0.658851 0.549362 0.0449141 0.0550705 0.000118496
9 0.438243 0.984889 0.0746367 0.0302216 0.000118542
6 0.352213 0.0201478 0.0399604 0.0402955 0.000119327
6 0.711361 0.537273 0.0792602 0.0993956 0.000120163
6 0.692701 0.550369 0.0188243 0.0355944 0.000121333
6 0.375 0.0194762 0.0795905 0.0389523 0.000121599
2 0.115258 0.384822 0.0858653 0.241773 0.000122369
9 0.118725 0.0141034 0.0743065 0.0282068 0.000122824
6 0.263375 0.589322 0.0326948 0.062458 0.000123853
6 0.38821 0.584285 0.0227873 0.0483546 0.000126999
5 0.219782 0.140027 0.439564 0.280054 0.000129299
4 0.217801 0.787441 0.435601 0.34184 0.00012963
6 0.898613 0.110477 0.0356671 0.0423103 0.000129657
6 0.991248 0.0137676 0.0155218 0.0275353 0.00013124
6 0.375991 0.537609 0.0445839 0.0543989 0.000131492
6 0.0201453 0.0171256 0.0402906 0.0342512 0.000131719
6 0.649439 0.563801 0.0267503 0.0423103 0.000131767
6 0.604855 0.57186 0.0188243 0.0517126 0.000132434
9 0.831077 0.0100739 0.0340159 0.0201478 0.000133752
6 0.374835 0.598052 0.0317041 0.0490262 0.000135503
5 0.794914 0.159503 0.410172 0.319006 0.000138362
6 0.640852 0.550034 0.0472259 0.0577569 0.000138388
5 0.760403 0.884822 0.479194 0.230356 0.000138486
5 0.168098 0.0486904 0.274769 0.0973808 0.000140359
9 0.889861 0.0174614 0.085535 0.0349228 0.00014212
6 0.689564 0.547011 0.0343461 0.0517126 0.000143065
6 0.377807 0.583949 0.0561427 0.0517126 0.000143775
5 0.523778 0.0261921 0.221268 0.0523841 0.000143853
9 0.874835 0.0117529 0.0634082 0.0235057 0.000143986
6 0.823811 0.483882 0.125826 0.351242 0.000145491
2 0.384908 0.399933 0.384742 0.216924 0.000145629
9 0.437252 0.98959 0.0601057 0.0208193 0.000146346
6 0.56572 0.536602 0.0455746 0.044325 0.00014851
7 0.87434 0.262928 0.0544914 0.319006 0.000148565
6 0.591645 0.57589 0.0181638 0.0382807 0.000151081
6 0.772292 0.0251847 0.0577939 0.0503694 0.000151372
9 0.10469 0.00873069 0.0535007 0.0174614 0.000152666
9 0.497028 0.992948 0.0508587 0.0141034 0.000154313
6 0.890852 0.116521 0.107992 0.0651444 0.00015582
3 0.871697 0.507388 0.256605 0.908664 0.000158273
5 0.199141 0.980524 0.398283 0.0389523 0.000158536
6 0.642338 0.574211 0.0257596 0.0402955 0.000160454
5 0.388045 0.217931 0.262219 0.250504 0.000160622
6 0.719617 0.495635 0.0488771 0.0792478 0.000161755
9 0.93428 0.00671592 0.0627477 0.0134318 0.000162632
6 0.378798 0.566488 0.0402906 0.0503694 0.000162997
3 0.814234 0.51276 0.284346 0.78912 0.000163923
6 0.718296 0.445601 0.0178336 0.0530557 0.000164101
7 0.698151 0.202149 0.0317041 0.310275 0.000165794
9 0.467635 0.991941 0.0482166 0.0161182 0.000166702
5 0.263705 0.875756 0.527411 0.248489 0.000167754
6 0.979359 0.0208193 0.0412814 0.0416387 0.000168543
6 0.636724 0.574882 0.188904 0.135662 0.000168659
9 0.902081 0.00738751 0.0637384 0.014775 0.000171609
6 0.271797 0.609134 0.112946 0.184016 0.0001756
9 0.0488771 0.0228341 0.0858653 0.0456682 0.000176266
6 0.615588 0.982539 0.0449141 0.0349228 0.000180401
6 0.35535 0.572868 0.0198151 0.0349228 0.000189091
6 0.55961 0.572532 0.0412814 0.0557421 0.000189243
6 0.698646 0.557421 0.0194848 0.0402955 0.000189419
6 0.592635 0.625923 0.0214663 0.0416387 0.000189511
5 0.629293 0.219946 0.351057 0.25722 0.000190658
5 0.511394 0.0698455 0.232827 0.120887 0.000193217
6 0.264201 0.541974 0.0237781 0.044325 0.000200352
4 0.466149 0.632975 0.400594 0.288113 0.000206438
6 0.589828 0.608126 0.0429326 0.0785762 0.000209034
5 0.206737 0.917394 0.413474 0.165212 0.000212273
3 0.169419 0.550705 0.254293 0.792478 0.000213666
6 0.376486 0.586971 0.0217966 0.0416387 0.000215782
6 0.614267 0.584621 0.0151915 0.0315648 0.000222158
6 0.351552 0.00302216 0.0247688 0.00604432 0.000222965
6 0.317371 0.576561 0.0224571 0.0369375 0.000223214
5 0.165786 0.969443 0.331572 0.0611148 0.000229442
6 0.535832 0.51276 0.0591149 0.0664876 0.000232397
6 0.511229 0.567495 0.0383091 0.0752183 0.000236897
5 0.371037 0.974479 0.454756 0.051041 0.000246135
9 0.831902 0.0305574 0.0224571 0.0208193 0.000249664
6 0.438738 0.565816 0.0340159 0.0463398 0.000250259
7 0.493725 0.386837 0.0601057 0.100739 0.000264429
6 0.896962 0.127602 0.0363276 0.0456682 0.000265153
6 0.601717 0.627267 0.0191546 0.0416387 0.000278533
6 0.274934 0.584621 0.0254293 0.0517126 0.00030032
7 0.50644 0.660846 0.068362 0.143721 0.000303516
6 0.350231 0.0104097 0.0399604 0.0208193 0.000307305
6 0.439234 0.536266 0.0284016 0.0355944 0.000308388
6 0.445839 0.525521 0.0554822 0.0436535 0.00031073
5 0.508752 0.228005 0.0465654 0.128274 0.000314975
6 0.61179 0.584285 0.0399604 0.0537273 0.000319834
6 0.722259 0.375756 0.0178336 0.0436535 0.000324323
5 0.354359 0.148086 0.480845 0.296172 0.000329516
7 0.253633 0.186702 0.0442536 0.166555 0.000331771
6 0.365753 0.57824 0.0234478 0.036266 0.000332666
6 0.322655 0.581263 0.0330251 0.0597717 0.000337086
5 0.486625 0.211216 0.0492074 0.195433 0.000341493
6 0.295575 0.508395 0.0416116 0.0725319 0.00035148
6 0.265687 0.571189 0.0260898 0.0517126 0.000362431
6 0.268989 0.60779 0.0406209 0.0698455 0.000380572
6 0.352378 0.585964 0.0594452 0.047683 0.00039876
6 0.466975 0.568838 0.0317041 0.0564137 0.000412521
5 0.488441 0.926125 0.536328 0.14775 0.000423447
6 0.501321 0.515111 0.0508587 0.0604433 0.000428691
6 0.589663 0.577569 0.0459049 0.0577569 0.000439767
5 0.517668 0.965413 0.439564 0.0691739 0.000443534
6 0.695013 0.530557 0.0406209 0.051041 0.000456571
6 0.478864 0.532572 0.464333 0.261921 0.000462378
5 0.513871 0.883815 0.784016 0.232371 0.000471154
6 0.605515 0.598724 0.0241083 0.0436535 0.000498943
6 0.52675 0.632304 0.0601057 0.132304 0.000512676
5 0.16397 0.126595 0.267173 0.159167 0.000549197
6 0.614432 0.606783 0.0208058 0.032908 0.000558016
3 0.0949472 0.570181 0.189894 0.815312 0.000563077
4 0.31539 0.617193 0.325627 0.308932 0.000578002
6 0.530878 0.529214 0.0326948 0.0456682 0.000579204
6 0.463342 0.533915 0.0297226 0.036266 0.000581792
7 0.739102 0.19812 0.0191546 0.333109 0.000608716
5 0.192206 0.184016 0.384412 0.330423 0.000614652
7 0.747853 0.20685 0.0241083 0.235057 0.000644772
6 0.529723 0.562458 0.0369881 0.0664876 0.000669539
6 0.600066 0.594359 0.0151915 0.036266 0.000700379
6 0.871367 0.256548 0.0452444 0.137005 0.000718879
6 0.534841 0.549026 0.0584544 0.0946944 0.000758069
5 0.526255 0.0920081 0.59214 0.184016 0.00078305
6 0.47969 0.573875 0.0505284 0.098724 0.000923284
6 0.313738 0.562458 0.0356671 0.0543989 0.000939259
5 0.502972 0.0580927 0.414795 0.116185 0.00108414
6 0.600892 0.606447 0.0188243 0.0335796 0.00110071
5 0.50644 0.972129 0.547226 0.0557421 0.00119542
6 0.478203 0.618872 0.0931308 0.16051 0.00124547
6 0.501321 0.531229 0.0396301 0.0483546 0.00160396
5 0.502972 0.192747 0.101717 0.231028 0.00175567
6 0.475892 0.531229 0.0521797 0.0456682 0.00176747
2 0.504128 0.386837 0.121863 0.1182 0.00184264
6 0.505944 0.585292 0.0627477 0.0852921 0.00231026
6 0.296235 0.498993 0.0257596 0.0496978 0.00261587
2 0.498679 0.41773 0.706737 0.300873 0.00334163
6 0.498184 0.619879 0.0716645 0.0926796 0.00346252
6 0.595112 0.599396 0.0165126 0.0315648 0.0034874
5 0.265687 0.20685 0.0472259 0.292814 0.0105363
3 0.501651 0.561786 0.852708 0.719275 0.804932
4 0.50033 0.630289 0.688243 0.399597 0.848998
2 0.497358 0.362995 0.495376 0.191404 0.902077
5 0.497193 0.205843 0.506935 0.344527 0.928131
