0 0.437177 0.592773 0.030303 0.129557 0.270449
0 0.468034 0.411133 0.0683666 0.166016 0.339251
0 0.545824 0.406901 0.0716925 0.178385 0.347031
7 0.675905 0.459961 0.030303 0.0332031 0.385229
7 0.580377 0.55957 0.0203252 0.0292969 0.451939
0 0.438655 0.626953 0.0443459 0.200521 0.473488
7 0.339061 0.543945 0.0351072 0.0410156 0.486447
7 0.332594 0.469401 0.0310421 0.0390625 0.515851
7 0.672395 0.532878 0.0365854 0.0397135 0.517757
7 0.391353 0.562174 0.0354767 0.0358073 0.53965
7 0.615854 0.540365 0.0321508 0.0351562 0.545577
0 0.50037 0.60026 0.0347376 0.157552 0.639527
5 0.494826 0.602539 0.626755 0.35612 0.671059
0 0.51626 0.598307 0.0310421 0.153646 0.71257
4 0.492979 0.505859 0.804878 0.740885 0.715021
0 0.483185 0.604818 0.0247598 0.160156 0.716254
0 0.592757 0.630859 0.0539542 0.170573 0.755117
0 0.460089 0.621419 0.0362158 0.192057 0.761597
0 0.462121 0.414062 0.0299335 0.177083 0.774977
3 0.496674 0.342773 0.449372 0.190755 0.778063
6 0.502217 0.190104 0.453067 0.316406 0.788273
0 0.53289 0.603516 0.0332594 0.154948 0.788584
0 0.548411 0.407878 0.030303 0.182943 0.796543
0 0.415373 0.637044 0.0606061 0.189453 0.801078
0 0.337583 0.607422 0.0580192 0.147135 0.811688
0 0.566519 0.637044 0.0502587 0.182943 0.822329
0 0.573355 0.404948 0.0343681 0.19401 0.831131
0 0.67184 0.590169 0.0583888 0.166016 0.841193
0 0.49187 0.420898 0.0310421 0.181641 0.842256
0 0.441796 0.408529 0.0395418 0.184245 0.842851
0 0.521988 0.419922 0.0314117 0.1875 0.846399
0 0.670362 0.397135 0.0539542 0.178385 0.856017
0 0.417221 0.414714 0.0384331 0.178385 0.860963
0 0.631375 0.406901 0.0469327 0.182292 0.862632
0 0.598115 0.410482 0.0321508 0.173828 0.86329
0 0.630266 0.611979 0.0720621 0.169271 0.86332
0 0.380636 0.62207 0.0650406 0.173828 0.865629
0 0.380636 0.417318 0.0509978 0.177083 0.868165
0 0.339985 0.404622 0.0554324 0.180339 0.875195
