0 0.543162 0.658103 0.0613358 0.181818 0.271059
7 0.422535 0.533103 0.0218083 0.0405138 0.276383
7 0.600409 0.489625 0.0377101 0.0424901 0.293178
0 0.470922 0.666008 0.0249886 0.171937 0.305938
0 0.500454 0.444664 0.054975 0.175889 0.310222
5 0.507269 0.632411 0.586552 0.422925 0.376324
7 0.411631 0.550889 0.0236256 0.048419 0.377461
7 0.378464 0.578557 0.0218083 0.0365613 0.403993
0 0.473648 0.447628 0.0431622 0.181818 0.432132
4 0.502726 0.54496 0.726488 0.842885 0.435616
7 0.315311 0.520257 0.0236256 0.0326087 0.446475
7 0.591322 0.480237 0.0231713 0.0355731 0.498108
7 0.61313 0.496047 0.0322581 0.0355731 0.534472
6 0.499773 0.187253 0.450704 0.348814 0.576673
3 0.502726 0.347332 0.480236 0.23419 0.592255
0 0.505906 0.652668 0.02408 0.149209 0.630532
0 0.496592 0.649209 0.0218083 0.152174 0.649973
0 0.428442 0.456028 0.0327124 0.188735 0.674571
0 0.520218 0.656126 0.0236256 0.162055 0.695046
0 0.590413 0.415514 0.0313494 0.168972 0.704166
0 0.461381 0.67836 0.02408 0.194664 0.714158
0 0.480236 0.653656 0.0218083 0.149209 0.719599
0 0.511586 0.438735 0.0245343 0.177866 0.731369
0 0.442753 0.453557 0.0286234 0.199605 0.735369
0 0.568378 0.427866 0.0290777 0.171937 0.741618
0 0.464789 0.455534 0.0208996 0.171937 0.754243
0 0.405043 0.470356 0.0304407 0.179842 0.765544
0 0.557928 0.663538 0.028169 0.188735 0.785031
0 0.531804 0.441206 0.029532 0.176877 0.785059
0 0.553612 0.426877 0.0277147 0.183794 0.787217
0 0.485461 0.456522 0.0249886 0.16996 0.789229
0 0.44139 0.679842 0.0249886 0.166008 0.804212
0 0.327124 0.650198 0.0736029 0.146245 0.809026
0 0.539527 0.670949 0.0258973 0.20751 0.810289
0 0.58269 0.66749 0.0404362 0.212451 0.813401
0 0.378919 0.499506 0.0408905 0.204545 0.815274
0 0.625625 0.414032 0.0454339 0.183794 0.820735
0 0.31781 0.448123 0.0404362 0.170949 0.85908
0 0.669241 0.594862 0.0781463 0.15415 0.886327
