9 0.62269 0.541341 0.0295639 0.031901 0.626013
6 0.677753 0.458984 0.0339985 0.0390625 0.642443
9 0.580377 0.55957 0.0210643 0.0253906 0.752403
9 0.391907 0.559245 0.0306726 0.0403646 0.787549
9 0.331116 0.467448 0.0347376 0.046875 0.805931
4 0.49187 0.585286 0.657798 0.388021 0.825995
9 0.670916 0.528646 0.04102 0.046875 0.848378
3 0.494642 0.529948 0.793422 0.71875 0.85373
9 0.33629 0.546549 0.0443459 0.0423177 0.866576
2 0.503326 0.324544 0.439763 0.203776 0.886964
5 0.5 0.173828 0.439763 0.276042 0.89022
