6 0.384473 0.608798 0.02526 0.0423103 0.238456
6 0.348068 0.522498 0.0230312 0.0308932 0.385962
6 0.603269 0.625252 0.0267459 0.0322364 0.406681
6 0.307764 0.517461 0.0338039 0.0396239 0.445445
6 0.385773 0.519812 0.0167162 0.02955 0.484171
6 0.370728 0.613163 0.0282318 0.0349228 0.534398
6 0.470654 0.534923 0.0193165 0.032908 0.697316
6 0.632058 0.633647 0.0486627 0.0543989 0.718722
6 0.678678 0.611484 0.0371471 0.0449966 0.736951
6 0.321322 0.601746 0.0312036 0.0335796 0.754989
4 0.502043 0.678979 0.733655 0.346541 0.766619
3 0.501857 0.61182 0.919762 0.642042 0.795815
2 0.498328 0.397582 0.541233 0.200134 0.886464
5 0.502415 0.229349 0.539004 0.324379 0.906733
7 0.646174 0.712223 0.0419762 0.110813 0.92114
