6 0.465728 0.546035 0.0170434 0.0275538 0.340702
6 0.491108 0.557796 0.022601 0.0295699 0.489162
6 0.490552 0.546035 0.0192664 0.0342742 0.510396
6 0.312338 0.531922 0.0348277 0.0450269 0.526867
6 0.556132 0.546035 0.0177844 0.0248656 0.567028
6 0.464802 0.552419 0.0129678 0.0188172 0.568989
6 0.526677 0.549731 0.0314931 0.030914 0.694406
3 0.503705 0.553763 0.908114 0.827957 0.850961
4 0.511115 0.651882 0.724342 0.423387 0.883289
2 0.502038 0.402554 0.549092 0.202957 0.896373
5 0.501297 0.240255 0.553538 0.367608 0.911734
