9 0.572197 0.576431 0.0352635 0.0606061 0.311834
9 0.565702 0.553872 0.0222717 0.0289562 0.407243
9 0.569785 0.608081 0.0363771 0.047138 0.717057
9 0.339272 0.576768 0.0371195 0.0531987 0.762972
9 0.573497 0.558249 0.0311804 0.03367 0.787683
4 0.503341 0.654209 0.601336 0.284848 0.805388
3 0.505197 0.586869 0.819599 0.593266 0.828473
9 0.32461 0.512121 0.0248701 0.0356902 0.835433
5 0.488307 0.2367 0.467335 0.309091 0.861614
9 0.632331 0.552525 0.0256125 0.0343434 0.867562
2 0.48144 0.392256 0.402376 0.205387 0.884028
