6 0.637662 0.564094 0.032282 0.038255 0.258427
8 0.424861 0.544295 0.0437848 0.0697987 0.273107
6 0.603154 0.57047 0.0293135 0.0322148 0.274694
6 0.350835 0.595638 0.0307978 0.0463087 0.275745
6 0.581447 0.563087 0.0282004 0.042953 0.282656
6 0.489981 0.555369 0.0293135 0.0436242 0.395052
6 0.657699 0.561745 0.0315399 0.0389262 0.467724
6 0.517069 0.561074 0.038961 0.0456376 0.497804
6 0.574768 0.554698 0.0207792 0.047651 0.544917
6 0.679221 0.550336 0.0211503 0.052349 0.593004
6 0.66846 0.557047 0.0397032 0.0483221 0.651748
7 0.375696 0.450336 0.0166976 0.13557 0.764112
7 0.578479 0.482215 0.0155844 0.124161 0.769027
6 0.353618 0.619799 0.0296846 0.0516779 0.785917
7 0.42449 0.447987 0.0215213 0.138926 0.800884
6 0.692022 0.622819 0.0556586 0.0536913 0.827105
8 0.402597 0.54396 0.0860853 0.090604 0.872326
