6 0.300998 0.525469 0.0277162 0.0402145 0.214096
6 0.62694 0.579088 0.0373245 0.0375335 0.296223
6 0.691981 0.505027 0.0314117 0.060992 0.318016
6 0.398928 0.582775 0.0299335 0.0636729 0.591111
3 0.512934 0.559316 0.886918 0.719169 0.614964
6 0.348854 0.555295 0.0266075 0.0355228 0.644814
4 0.505913 0.653485 0.752402 0.348525 0.661562
6 0.686622 0.567359 0.0369549 0.0663539 0.688962
6 0.701404 0.496984 0.0243902 0.05563 0.694568
6 0.307095 0.534182 0.030303 0.0375335 0.71165
2 0.498891 0.368968 0.513673 0.180295 0.738544
5 0.49963 0.244973 0.50037 0.280831 0.757623
6 0.652993 0.506702 0.0362158 0.0630027 0.780998
6 0.349778 0.509383 0.0343681 0.0522788 0.842254
7 0.64745 0.424263 0.0369549 0.107239 0.862064
