6 0.369131 0.653646 0.0351201 0.0299479 0.229551
4 0.501848 0.715495 0.703512 0.28776 0.247388
6 0.506839 0.555013 0.0251386 0.030599 0.262456
6 0.447874 0.559896 0.0218115 0.0364583 0.274491
3 0.527726 0.638021 0.815897 0.583333 0.342196
6 0.65268 0.597656 0.0299445 0.0351562 0.432195
5 0.502957 0.316732 0.551201 0.276693 0.43432
2 0.501479 0.454102 0.520148 0.184245 0.540233
6 0.644362 0.588542 0.0362292 0.0507812 0.590212
9 0.697227 0.599284 0.0310536 0.0279948 0.61926
6 0.345102 0.602539 0.0255083 0.0253906 0.629115
6 0.468207 0.554688 0.0218115 0.0338542 0.667795
6 0.439926 0.562174 0.0184843 0.031901 0.681618
6 0.63586 0.578451 0.0214418 0.0410156 0.737604
6 0.673937 0.655599 0.0414048 0.0325521 0.780968
9 0.620518 0.656576 0.0469501 0.0371094 0.78374
