7 0.394884 0.470114 0.0405941 0.120887 0.209211
9 0.664191 0.520819 0.0320132 0.0517126 0.288608
6 0.518977 0.514775 0.0227723 0.0503694 0.31747
6 0.457261 0.517797 0.0214521 0.036266 0.427976
6 0.521782 0.49597 0.0211221 0.047683 0.433516
6 0.512871 0.518805 0.0138614 0.0369375 0.481819
6 0.664026 0.550705 0.0323432 0.0389523 0.507073
3 0.49703 0.567159 0.786139 0.731363 0.548914
6 0.4 0.503022 0.0363036 0.0711887 0.557841
9 0.316172 0.480524 0.0231023 0.0449966 0.605766
9 0.627393 0.56951 0.050165 0.0564137 0.661688
9 0.315842 0.521491 0.029703 0.0436535 0.663937
6 0.465842 0.512089 0.0174917 0.0342512 0.672879
7 0.524422 0.41773 0.00858086 0.12223 0.679921
9 0.371452 0.572868 0.0326733 0.0537273 0.701054
6 0.527063 0.505709 0.0244224 0.0564137 0.718594
9 0.665677 0.497985 0.0270627 0.0423103 0.725222
6 0.701815 0.471793 0.0247525 0.0490262 0.742218
6 0.622277 0.500336 0.0287129 0.0631296 0.753446
9 0.35429 0.507723 0.0254125 0.0416387 0.766844
2 0.513696 0.379113 0.538284 0.191404 0.782847
7 0.623927 0.429483 0.030033 0.0973808 0.788691
4 0.50165 0.609134 0.629703 0.376091 0.789216
5 0.510396 0.233042 0.475578 0.306246 0.801323
7 0.389604 0.427468 0.0273927 0.104097 0.828872
