0 0.515706 0.656902 0.0291944 0.140741 0.746474
0 0.490946 0.656566 0.0314117 0.123906 0.771153
0 0.469327 0.658249 0.0369549 0.140741 0.798629
0 0.539357 0.662626 0.0291944 0.154882 0.805442
0 0.38082 0.50505 0.0476718 0.192593 0.808315
0 0.18034 0.691919 0.0960828 0.116498 0.819803
0 0.440687 0.480471 0.0424982 0.186532 0.832977
0 0.664819 0.489562 0.0310421 0.195286 0.839816
0 0.640059 0.703367 0.0369549 0.169024 0.842755
0 0.345898 0.504714 0.0428677 0.198653 0.846127
0 0.439024 0.696633 0.0399113 0.201347 0.849755
0 0.527162 0.488552 0.04102 0.185185 0.850121
0 0.600517 0.484175 0.0406504 0.195286 0.850718
0 0.810791 0.675758 0.0872136 0.134007 0.851872
0 0.742794 0.477441 0.0436068 0.187205 0.852117
0 0.570953 0.693603 0.0436068 0.19798 0.853799
0 0.565041 0.493603 0.0354767 0.180471 0.854149
0 0.775868 0.427609 0.0432373 0.148148 0.855028
0 0.482077 0.482492 0.0454545 0.197306 0.856389
0 0.406689 0.701347 0.0447154 0.19596 0.859844
0 0.635994 0.484848 0.0443459 0.204714 0.860229
0 0.701959 0.490236 0.04915 0.185859 0.863462
0 0.220436 0.463636 0.0454545 0.16633 0.867551
0 0.406135 0.489226 0.0591279 0.213468 0.869258
0 0.370103 0.708081 0.0476718 0.189226 0.869784
0 0.305248 0.5 0.0495196 0.202694 0.873651
0 0.259978 0.496633 0.0498891 0.181145 0.874845
0 0.262195 0.689226 0.078714 0.181145 0.881531
0 0.607539 0.696296 0.0421286 0.184512 0.882726
0 0.688285 0.702357 0.0816704 0.184512 0.884051
0 0.317627 0.706061 0.0750185 0.198653 0.894865
0 0.739837 0.674747 0.0798226 0.180471 0.904955
