0 0.442589 0.719903 0.0359081 0.177453 0.754113
0 0.5762 0.524008 0.0367432 0.172582 0.776141
0 0.634447 0.503827 0.0296451 0.098817 0.780771
0 0.513152 0.700418 0.0258873 0.149617 0.789158
0 0.346973 0.540362 0.0400835 0.163535 0.79046
0 0.468894 0.707724 0.0300626 0.150313 0.808571
0 0.534656 0.703201 0.02881 0.152401 0.811152
0 0.376409 0.530967 0.0430063 0.175365 0.817376
0 0.48977 0.699026 0.0267223 0.14405 0.819773
0 0.410438 0.720946 0.0350731 0.162839 0.82069
0 0.403132 0.524704 0.0354906 0.183716 0.827202
0 0.618998 0.710856 0.040501 0.164927 0.830737
0 0.562004 0.718859 0.0325679 0.180932 0.842991
0 0.380376 0.72373 0.0409186 0.17119 0.849575
0 0.469102 0.534447 0.0388309 0.169798 0.850037
0 0.507724 0.5254 0.0392484 0.168406 0.857337
0 0.543841 0.534795 0.0338205 0.146834 0.858654
0 0.310021 0.549061 0.0555324 0.17119 0.861544
0 0.673695 0.540362 0.0538622 0.164927 0.862569
0 0.593737 0.713987 0.0384134 0.17119 0.863094
0 0.433194 0.53723 0.0354906 0.157272 0.86547
0 0.756994 0.453723 0.0634656 0.108559 0.865599
0 0.219415 0.453723 0.0722338 0.107168 0.866112
0 0.720668 0.526792 0.0492693 0.185108 0.875414
0 0.255115 0.534447 0.0509395 0.154489 0.881402
