0 0.510765 0.656229 0.0348924 0.174411 0.52311
0 0.495174 0.648148 0.0267261 0.160943 0.61338
0 0.525984 0.669024 0.0400891 0.181145 0.689347
0 0.482368 0.642088 0.0270973 0.143434 0.730434
0 0.466964 0.648148 0.0252413 0.155556 0.73199
0 0.429102 0.448822 0.0267261 0.171717 0.738917
0 0.418894 0.459259 0.032294 0.16835 0.740431
0 0.448218 0.442761 0.0241277 0.164983 0.75286
0 0.540832 0.674411 0.0393467 0.185185 0.755595
0 0.555679 0.483838 0.0512249 0.174411 0.783237
0 0.436897 0.647138 0.0393467 0.165657 0.797205
0 0.582034 0.489562 0.0556793 0.181818 0.802195
0 0.493318 0.455892 0.0311804 0.171044 0.804706
0 0.469376 0.447811 0.0256125 0.16431 0.811979
0 0.5232 0.46532 0.0419451 0.180471 0.81963
0 0.584447 0.676094 0.0671863 0.16835 0.820886
0 0.331849 0.451178 0.0452858 0.162963 0.826028
0 0.707313 0.667677 0.0872309 0.127273 0.830609
0 0.394581 0.465657 0.0289532 0.167677 0.833183
0 0.365999 0.464983 0.0400891 0.16229 0.83984
0 0.308463 0.385859 0.0512249 0.138721 0.841645
0 0.374907 0.641751 0.0653304 0.161616 0.846738
0 0.409057 0.643434 0.0430586 0.173064 0.848449
0 0.619896 0.485185 0.0593912 0.16633 0.850913
0 0.326837 0.647138 0.0686711 0.149495 0.854375
0 0.656088 0.429293 0.0553081 0.123232 0.855386
0 0.279324 0.636364 0.0657016 0.146801 0.860654
