0 0.484479 0.622654 0.0221729 0.13807 0.61585
0 0.645972 0.434651 0.0436068 0.125335 0.728833
0 0.543052 0.641421 0.0277162 0.160858 0.744422
0 0.503511 0.629021 0.0210643 0.134718 0.759392
0 0.520325 0.634383 0.0221729 0.136059 0.783451
0 0.413341 0.460456 0.0328899 0.159517 0.79327
0 0.538803 0.460791 0.0266075 0.160188 0.798305
0 0.56541 0.623995 0.0391722 0.126005 0.799969
0 0.559867 0.45945 0.0310421 0.16689 0.804569
0 0.584812 0.45811 0.0351072 0.178954 0.807769
0 0.423688 0.623324 0.0291944 0.136729 0.809535
0 0.460643 0.461796 0.0254989 0.158177 0.81354
0 0.39782 0.622319 0.033629 0.13874 0.82018
0 0.436068 0.452078 0.0288248 0.170912 0.821446
0 0.513858 0.460791 0.0284553 0.176273 0.827438
0 0.35643 0.452748 0.0402809 0.161528 0.827794
0 0.61105 0.462131 0.0321508 0.160188 0.829851
0 0.468219 0.628686 0.022912 0.152815 0.832524
0 0.690318 0.457775 0.0354767 0.160858 0.833665
0 0.446785 0.630697 0.0280857 0.143432 0.835719
0 0.59054 0.627346 0.0347376 0.146113 0.837276
0 0.484479 0.461126 0.0280857 0.154155 0.837538
0 0.285477 0.44571 0.0454545 0.13941 0.842415
0 0.387842 0.45878 0.0321508 0.160188 0.847914
0 0.315041 0.448391 0.0380636 0.143432 0.858901
0 0.714338 0.590818 0.0886918 0.128016 0.861877
0 0.334072 0.605898 0.0702143 0.140751 0.869612
0 0.292683 0.574732 0.0613452 0.122654 0.879535
0 0.630636 0.644102 0.0594974 0.162198 0.887741
