0 0.426219 0.607962 0.0349144 0.210526 0.734522
0 0.501482 0.588057 0.0312912 0.177463 0.753273
0 0.606884 0.373482 0.0385376 0.162618 0.781324
0 0.43857 0.367072 0.0418314 0.198381 0.787768
0 0.495389 0.375506 0.0335968 0.205803 0.79387
0 0.540843 0.582996 0.0289855 0.194332 0.798201
0 0.581522 0.37112 0.0339262 0.176788 0.800158
0 0.467391 0.370783 0.0322793 0.197706 0.814681
0 0.453887 0.592105 0.0382082 0.195007 0.823909
0 0.477437 0.58637 0.0319499 0.182186 0.827501
0 0.596014 0.602564 0.0326087 0.195682 0.828197
0 0.519433 0.582321 0.0289855 0.191633 0.833229
0 0.746871 0.354251 0.0418314 0.147099 0.837925
0 0.625494 0.604251 0.0421607 0.181511 0.838772
0 0.527997 0.373144 0.0342556 0.183536 0.841445
0 0.555501 0.373144 0.0286561 0.17274 0.844666
0 0.235507 0.607287 0.0737813 0.139001 0.84977
0 0.633564 0.380904 0.03722 0.162618 0.851266
0 0.396574 0.618758 0.0408432 0.195682 0.851783
0 0.395586 0.383266 0.0474308 0.179487 0.854226
0 0.567852 0.598853 0.0395257 0.208502 0.854676
0 0.35919 0.400135 0.0536891 0.17139 0.861072
0 0.270422 0.406545 0.044137 0.15587 0.864466
0 0.669137 0.389001 0.0457839 0.174764 0.873782
0 0.313406 0.416329 0.0457839 0.157895 0.875753
0 0.711627 0.405196 0.0405138 0.178812 0.87625
0 0.763175 0.608637 0.0507246 0.14305 0.883453
0 0.669137 0.608637 0.0629117 0.190283 0.885158
0 0.715086 0.603914 0.0540184 0.165992 0.888392
0 0.296772 0.616734 0.0625823 0.17004 0.889599
0 0.34865 0.628542 0.0675231 0.201754 0.902632
