0 0.509094 0.663758 0.0293244 0.171812 0.816708
0 0.41611 0.658725 0.030438 0.179195 0.817369
3 0.507795 0.364765 0.512249 0.197987 0.820489
0 0.575724 0.674161 0.0311804 0.191275 0.821598
0 0.600408 0.667785 0.0434298 0.193289 0.828991
0 0.441351 0.669463 0.0348924 0.200671 0.833003
0 0.466778 0.669128 0.0293244 0.186577 0.834609
0 0.507238 0.468121 0.0308092 0.188591 0.83501
0 0.447105 0.45906 0.0293244 0.190604 0.84124
0 0.476243 0.46745 0.0326652 0.199329 0.842981
0 0.724759 0.378859 0.0686711 0.167114 0.843127
0 0.642353 0.443289 0.0515961 0.177852 0.848864
6 0.501114 0.189597 0.503341 0.341611 0.853726
0 0.386229 0.656711 0.0345212 0.187248 0.85893
0 0.698404 0.624832 0.096882 0.18255 0.859029
0 0.270416 0.573825 0.0872309 0.157047 0.869691
0 0.6817 0.413758 0.0575353 0.185906 0.870709
0 0.305308 0.421477 0.0434298 0.175839 0.875414
0 0.344284 0.436577 0.0441722 0.179195 0.875885
0 0.739235 0.575168 0.0864885 0.165101 0.880418
0 0.311062 0.629195 0.0824053 0.153691 0.890283
