0 0.468267 0.711204 0.0296451 0.154489 0.805601
0 0.562213 0.718859 0.0304802 0.182324 0.808746
0 0.311482 0.551148 0.0542797 0.162839 0.819527
3 0.476827 0.466249 0.57119 0.192067 0.821001
0 0.38309 0.724426 0.0388309 0.169798 0.822679
0 0.756576 0.452331 0.0751566 0.112735 0.833206
0 0.434238 0.539318 0.034238 0.160056 0.840628
0 0.544468 0.535143 0.0325679 0.158664 0.842187
0 0.46952 0.535491 0.0379958 0.164927 0.844513
0 0.508142 0.533403 0.0400835 0.163535 0.853701
0 0.592276 0.715727 0.0379958 0.173278 0.864427
0 0.722756 0.530619 0.0534447 0.173278 0.873958
0 0.672443 0.540014 0.0546973 0.169798 0.876926
0 0.254071 0.534447 0.0546973 0.161447 0.882686
0 0.621086 0.715031 0.0379958 0.167711 0.886215
