4 0.512435 0.583838 0.793987 0.624916 0.8077
0 0.581477 0.675421 0.0783222 0.185859 0.814901
0 0.307721 0.381818 0.0489978 0.133333 0.816745
0 0.491462 0.460269 0.030438 0.16633 0.817881
0 0.470119 0.447475 0.0263549 0.159596 0.819749
0 0.656088 0.430303 0.0575353 0.127946 0.820385
0 0.330921 0.643434 0.0642168 0.1367 0.831108
0 0.395323 0.47037 0.0267261 0.158249 0.835863
0 0.377506 0.640404 0.0601336 0.148148 0.844992
0 0.620824 0.489226 0.0567929 0.169024 0.849086
0 0.366741 0.47138 0.0408315 0.160269 0.851599
6 0.489607 0.236364 0.463994 0.334007 0.876108
