0 0.362254 0.473472 0.0504264 0.170584 0.800081
0 0.453096 0.448623 0.0296626 0.167898 0.808418
0 0.534483 0.629281 0.0292918 0.166555 0.811317
0 0.59251 0.431162 0.0378198 0.192075 0.815009
0 0.617723 0.443922 0.0407861 0.184016 0.816825
0 0.484427 0.437206 0.0367075 0.162525 0.819438
0 0.40545 0.676964 0.0433815 0.198791 0.836628
0 0.525955 0.434856 0.0359659 0.177972 0.84187
0 0.646088 0.461048 0.0359659 0.163197 0.846482
0 0.395254 0.468435 0.0393029 0.171256 0.85117
0 0.246014 0.639691 0.0804598 0.171256 0.853763
6 0.501483 0.23002 0.671487 0.370047 0.854864
0 0.632184 0.654466 0.0415276 0.195433 0.857132
0 0.768076 0.458361 0.0396737 0.156481 0.859171
0 0.684093 0.463062 0.0533927 0.175285 0.86402
0 0.729885 0.455675 0.054505 0.182001 0.867027
0 0.55673 0.62861 0.0300334 0.158496 0.868833
0 0.558584 0.439221 0.0322581 0.161182 0.872104
0 0.320356 0.475151 0.0519095 0.169913 0.874533
0 0.232295 0.471793 0.0441231 0.145735 0.880532
0 0.768817 0.614506 0.0700779 0.155809 0.880651
0 0.726177 0.642713 0.0685947 0.178643 0.88108
0 0.27512 0.474815 0.0519095 0.167898 0.882363
0 0.298294 0.667562 0.0878754 0.186702 0.897125
0 0.673341 0.652451 0.0637746 0.188717 0.89816
0 0.35762 0.675957 0.0767519 0.211551 0.91641
