0 0.558813 0.689597 0.0319109 0.183221 0.809398
0 0.478108 0.660738 0.0241187 0.145638 0.810786
0 0.534694 0.665101 0.0267161 0.147651 0.814241
0 0.701855 0.687919 0.0612245 0.131544 0.819994
0 0.630612 0.494631 0.0374768 0.185235 0.821789
0 0.599072 0.491275 0.0404453 0.195973 0.825175
0 0.4859 0.488591 0.0345083 0.165101 0.828484
0 0.522078 0.497651 0.0341373 0.163087 0.830468
0 0.609091 0.702685 0.0345083 0.194631 0.831841
0 0.665677 0.489262 0.0445269 0.18255 0.833953
0 0.429314 0.686242 0.0311688 0.192617 0.835471
0 0.457885 0.488926 0.0296846 0.156376 0.837877
0 0.301113 0.480201 0.0456401 0.160403 0.858726
0 0.342672 0.485235 0.0426716 0.166443 0.860539
0 0.402968 0.681208 0.0348794 0.183893 0.8618
0 0.363451 0.685906 0.0671614 0.179866 0.863125
0 0.583488 0.695638 0.0307978 0.177852 0.865336
0 0.313729 0.662416 0.064193 0.171812 0.866156
0 0.712059 0.489262 0.0497217 0.174497 0.868411
0 0.649351 0.7 0.064564 0.194631 0.879672
