0 0.558943 0.462131 0.0284553 0.161528 0.800782
0 0.423503 0.623324 0.0295639 0.146113 0.806892
0 0.446785 0.632038 0.0251293 0.154155 0.807973
0 0.354767 0.448727 0.0406504 0.154826 0.81423
0 0.513489 0.454759 0.0299335 0.173592 0.814234
0 0.612343 0.466823 0.0339985 0.162869 0.822392
0 0.585551 0.463137 0.033629 0.159517 0.830202
0 0.483185 0.462131 0.0284553 0.152145 0.830876
0 0.282336 0.440349 0.0406504 0.142091 0.832177
0 0.468773 0.628016 0.0232816 0.140751 0.834172
0 0.313008 0.449732 0.0369549 0.150134 0.834184
0 0.434959 0.449062 0.030303 0.172922 0.843959
0 0.630636 0.636394 0.0580192 0.157507 0.848553
0 0.538248 0.464812 0.0284553 0.162869 0.848746
0 0.291944 0.579759 0.0650406 0.121984 0.863105
6 0.5 0.253686 0.493718 0.294236 0.870258
0 0.338137 0.605898 0.0643016 0.143432 0.880304
0 0.387472 0.457775 0.033629 0.158177 0.889053
