0 0.570769 0.419311 0.0415704 0.213369 0.800635
0 0.536292 0.647873 0.0273837 0.189737 0.805716
0 0.494721 0.642471 0.0227648 0.16948 0.81534
0 0.487628 0.433491 0.0329924 0.201215 0.817845
0 0.330419 0.619176 0.0550973 0.147198 0.819577
0 0.432366 0.430115 0.0339822 0.203916 0.824407
0 0.540251 0.412897 0.0326625 0.205942 0.827498
0 0.74101 0.397704 0.0442098 0.179608 0.828117
0 0.562521 0.653275 0.0362917 0.201891 0.839772
0 0.597328 0.656651 0.0458595 0.195138 0.840685
0 0.473771 0.644835 0.0296932 0.191762 0.856194
0 0.416694 0.646523 0.0369515 0.187036 0.859112
0 0.373309 0.644835 0.0649951 0.182309 0.860949
0 0.649951 0.633693 0.0752227 0.177583 0.861592
0 0.703563 0.415935 0.0537776 0.191762 0.864954
0 0.334378 0.417286 0.0484988 0.180959 0.868614
