0 0.588692 0.518792 0.0362158 0.157047 0.803508
0 0.468588 0.691946 0.0236511 0.151678 0.814434
0 0.269771 0.467114 0.0436068 0.127517 0.816558
0 0.420547 0.512416 0.0310421 0.169799 0.816617
6 0.5 0.322819 0.54102 0.336913 0.817402
0 0.533259 0.51745 0.0280857 0.163758 0.824727
0 0.367701 0.522483 0.0362158 0.16443 0.829406
0 0.445491 0.711409 0.0269771 0.179866 0.830909
0 0.573171 0.705369 0.030303 0.162416 0.83132
0 0.724686 0.473154 0.0539542 0.118121 0.834173
0 0.618625 0.522148 0.0354767 0.154362 0.835056
0 0.745196 0.705369 0.0594974 0.116779 0.83769
0 0.395787 0.519799 0.0317812 0.169799 0.837862
0 0.598854 0.702685 0.0358463 0.183893 0.843971
0 0.445491 0.517785 0.0291944 0.172483 0.84874
0 0.506467 0.509396 0.0306726 0.155705 0.849039
0 0.296933 0.52953 0.04102 0.155705 0.855598
0 0.421656 0.712752 0.030303 0.175839 0.856963
0 0.252033 0.716779 0.0620843 0.107383 0.857887
0 0.334072 0.530872 0.0436068 0.162416 0.858929
0 0.695861 0.530872 0.0473023 0.146309 0.873173
0 0.395233 0.707718 0.0395418 0.172483 0.879082
0 0.653363 0.529866 0.0473023 0.161745 0.883168
0 0.307465 0.703691 0.0643016 0.16443 0.893193
0 0.641722 0.708389 0.063932 0.163087 0.893276
0 0.691611 0.70604 0.0609756 0.158389 0.893676
0 0.353474 0.708725 0.0654102 0.159732 0.903074
