0 0.494895 0.37112 0.0332675 0.19973 0.80199
0 0.541502 0.584683 0.0296443 0.193657 0.808102
0 0.394763 0.384278 0.0444664 0.169366 0.817216
0 0.625659 0.602227 0.0405138 0.18556 0.823706
0 0.634223 0.375506 0.0365613 0.181511 0.830268
0 0.477931 0.589406 0.0289855 0.189609 0.838244
0 0.554842 0.366734 0.0306324 0.190958 0.84023
0 0.66996 0.381916 0.0494071 0.186235 0.842126
0 0.596179 0.605263 0.0335968 0.210526 0.843642
0 0.568182 0.597166 0.0355731 0.211876 0.844749
0 0.359519 0.399123 0.0503953 0.172065 0.854831
0 0.313406 0.415655 0.0438076 0.168691 0.855352
0 0.396739 0.61471 0.0391963 0.19973 0.857626
0 0.746871 0.354251 0.0438076 0.134953 0.860293
0 0.232543 0.60695 0.0744401 0.126181 0.864069
0 0.711627 0.399123 0.0424901 0.172065 0.873535
0 0.269763 0.406208 0.0428195 0.156545 0.877961
0 0.715744 0.603239 0.0533597 0.174089 0.880846
0 0.669302 0.611673 0.0625823 0.180162 0.889317
0 0.350461 0.629217 0.0645586 0.203104 0.892871
0 0.764657 0.609649 0.0536891 0.142375 0.894079
0 0.29776 0.613698 0.0592885 0.159919 0.904917
