0 0.554509 0.523826 0.033629 0.173826 0.800913
0 0.498152 0.704027 0.0273466 0.150336 0.802903
0 0.421656 0.687584 0.0317812 0.173826 0.807248
0 0.597931 0.695302 0.0288248 0.161074 0.821694
0 0.571138 0.713423 0.0291944 0.171812 0.822494
0 0.278455 0.37047 0.0543237 0.12349 0.827527
0 0.300259 0.452685 0.0594974 0.155034 0.829429
0 0.672949 0.487248 0.0465632 0.157047 0.833116
0 0.519401 0.52047 0.0321508 0.184564 0.837261
0 0.635809 0.501007 0.0373245 0.168456 0.840979
0 0.486881 0.514094 0.033629 0.187919 0.846505
3 0.510163 0.410738 0.485218 0.225503 0.851846
0 0.626386 0.689262 0.0391722 0.178523 0.852969
0 0.720436 0.617114 0.0883222 0.156376 0.853645
0 0.6068 0.510067 0.0339985 0.171812 0.855654
0 0.70935 0.451342 0.063932 0.163087 0.856188
0 0.338322 0.480537 0.0469327 0.169128 0.857387
0 0.457132 0.517114 0.0295639 0.180537 0.858289
0 0.394863 0.677852 0.0417591 0.177181 0.86502
6 0.501848 0.221477 0.440503 0.374497 0.869073
0 0.296378 0.614094 0.0790835 0.143624 0.87209
0 0.349409 0.657718 0.0764967 0.161074 0.876019
0 0.670916 0.670805 0.0757576 0.179195 0.904156
