6 0.504 0.249 0.512 0.387
4 0.512 0.589 0.826 0.749
3 0.501 0.429 0.524 0.195
7 0.678 0.568 0.034 0.039
5 0.507 0.621 0.673 0.371
0 0.271 0.452 0.039 0.166
0 0.314 0.450 0.042 0.191
0 0.359 0.465 0.044 0.191
0 0.391 0.500 0.030 0.139
0 0.415 0.509 0.029 0.143
0 0.440 0.494 0.026 0.197
0 0.466 0.500 0.025 0.183
0 0.488 0.510 0.022 0.156
0 0.516 0.489 0.030 0.208
0 0.541 0.489 0.024 0.185
0 0.566 0.487 0.026 0.191
0 0.589 0.508 0.033 0.160
0 0.615 0.490 0.035 0.172
0 0.645 0.465 0.049 0.179
0 0.689 0.443 0.049 0.191
0 0.733 0.444 0.043 0.171
0 0.744 0.615 0.080 0.168
0 0.692 0.631 0.080 0.178
0 0.650 0.656 0.089 0.174
0 0.610 0.670 0.050 0.172
0 0.582 0.690 0.035 0.181
0 0.557 0.697 0.033 0.191
0 0.535 0.690 0.026 0.169
0 0.513 0.674 0.022 0.131
0 0.497 0.682 0.021 0.135
0 0.478 0.685 0.027 0.146
0 0.452 0.701 0.026 0.191
0 0.427 0.687 0.030 0.177
0 0.406 0.680 0.037 0.184
0 0.368 0.666 0.081 0.183
0 0.324 0.644 0.066 0.173
0 0.271 0.627 0.072 0.160
