7 0.501 0.555 0.028 0.068
7 0.525 0.555 0.018 0.069
7 0.360 0.659 0.026 0.038
10 0.642 0.560 0.019 0.023
10 0.731 0.568 0.030 0.030
10 0.691 0.653 0.033 0.034
10 0.271 0.549 0.008 0.028
10 0.320 0.561 0.029 0.042
10 0.289 0.559 0.017 0.021
5 0.515 0.713 0.763 0.304
4 0.521 0.642 0.949 0.595
6 0.512 0.268 0.650 0.355
3 0.509 0.429 0.637 0.178
0 0.243 0.489 0.043 0.139
0 0.284 0.504 0.043 0.154
0 0.338 0.502 0.046 0.157
0 0.371 0.507 0.040 0.155
0 0.400 0.500 0.051 0.166
0 0.429 0.492 0.041 0.175
0 0.465 0.501 0.028 0.153
0 0.492 0.493 0.032 0.181
0 0.542 0.502 0.028 0.177
0 0.570 0.503 0.025 0.171
0 0.598 0.502 0.037 0.165
0 0.625 0.504 0.041 0.159
0 0.648 0.513 0.038 0.142
0 0.727 0.508 0.044 0.160
0 0.771 0.510 0.048 0.136
0 0.756 0.689 0.079 0.151
0 0.713 0.710 0.096 0.171
0 0.636 0.720 0.039 0.209
0 0.609 0.715 0.034 0.193
0 0.577 0.698 0.027 0.198
0 0.553 0.684 0.028 0.171
0 0.534 0.678 0.030 0.157
0 0.511 0.689 0.026 0.166
0 0.486 0.689 0.022 0.167
0 0.464 0.709 0.024 0.192
0 0.439 0.718 0.037 0.184
0 0.406 0.723 0.054 0.185
0 0.359 0.727 0.082 0.173
0 0.308 0.697 0.079 0.154
0 0.264 0.667 0.070 0.148
0 0.682 0.511 0.052 0.159
