10 0.366 0.474 0.033 0.052
10 0.644 0.482 0.035 0.039
10 0.353 0.551 0.038 0.026
10 0.319 0.480 0.034 0.034
7 0.263 0.460 0.029 0.029
7 0.324 0.465 0.011 0.020
7 0.738 0.454 0.028 0.027
7 0.658 0.555 0.046 0.037
7 0.298 0.525 0.048 0.035
10 0.688 0.473 0.035 0.038
3 0.494 0.323 0.598 0.189
6 0.489 0.167 0.597 0.334
5 0.497 0.602 0.760 0.422
4 0.501 0.536 0.930 0.786
0 0.276 0.387 0.059 0.199
0 0.326 0.404 0.063 0.153
0 0.374 0.408 0.037 0.146
0 0.404 0.404 0.045 0.197
0 0.427 0.387 0.034 0.232
0 0.458 0.412 0.032 0.181
0 0.489 0.401 0.042 0.217
0 0.525 0.402 0.039 0.212
0 0.553 0.407 0.031 0.192
0 0.583 0.410 0.039 0.212
0 0.606 0.413 0.045 0.198
0 0.643 0.406 0.040 0.161
0 0.678 0.406 0.048 0.176
0 0.726 0.389 0.050 0.199
0 0.725 0.601 0.082 0.192
0 0.675 0.641 0.077 0.163
0 0.622 0.643 0.043 0.184
0 0.592 0.628 0.041 0.179
0 0.565 0.645 0.040 0.206
0 0.535 0.623 0.035 0.197
0 0.517 0.605 0.022 0.185
0 0.497 0.604 0.030 0.172
0 0.477 0.608 0.028 0.174
0 0.450 0.641 0.031 0.218
0 0.426 0.620 0.038 0.198
0 0.397 0.630 0.044 0.196
0 0.343 0.628 0.076 0.192
0 0.285 0.607 0.080 0.180
