9 0.569 0.461 0.070 0.094
9 0.343 0.554 0.045 0.104
9 0.324 0.386 0.044 0.128
9 0.405 0.417 0.131 0.149
11 0.328 0.632 0.014 0.056
11 0.457 0.368 0.009 0.047
11 0.433 0.349 0.010 0.049
11 0.412 0.333 0.010 0.048
11 0.381 0.333 0.012 0.054
11 0.363 0.331 0.014 0.057
11 0.309 0.311 0.016 0.056
1 0.303 0.279 0.039 0.118
1 0.366 0.299 0.030 0.111
1 0.383 0.291 0.033 0.140
1 0.414 0.299 0.025 0.135
1 0.435 0.313 0.024 0.132
1 0.459 0.329 0.020 0.129
6 0.495 0.141 0.443 0.283
3 0.487 0.278 0.467 0.209
4 0.494 0.497 0.754 0.883
1 0.325 0.659 0.027 0.124
0 0.475 0.424 0.025 0.178
0 0.502 0.409 0.020 0.184
0 0.522 0.417 0.025 0.171
0 0.545 0.373 0.020 0.162
0 0.586 0.361 0.020 0.154
0 0.646 0.380 0.041 0.203
0 0.630 0.611 0.063 0.202
0 0.597 0.627 0.040 0.197
0 0.572 0.635 0.029 0.193
0 0.554 0.652 0.031 0.221
0 0.532 0.619 0.022 0.181
0 0.516 0.615 0.020 0.151
0 0.502 0.614 0.020 0.157
0 0.486 0.628 0.018 0.177
0 0.463 0.641 0.032 0.205
0 0.446 0.618 0.038 0.205
0 0.423 0.613 0.045 0.197
0 0.397 0.623 0.033 0.086
