7 0.369 0.544 0.043 0.064
7 0.304 0.610 0.034 0.032
7 0.354 0.614 0.042 0.029
7 0.397 0.602 0.023 0.027
7 0.275 0.559 0.026 0.029
7 0.645 0.553 0.020 0.032
0 0.276 0.492 0.054 0.163
0 0.316 0.487 0.052 0.183
0 0.361 0.489 0.058 0.169
0 0.401 0.482 0.038 0.170
0 0.424 0.485 0.037 0.173
0 0.457 0.481 0.029 0.168
0 0.481 0.479 0.036 0.177
0 0.513 0.477 0.037 0.176
0 0.545 0.475 0.030 0.176
0 0.574 0.463 0.033 0.199
0 0.603 0.476 0.039 0.174
0 0.640 0.493 0.051 0.165
0 0.682 0.494 0.045 0.158
0 0.726 0.491 0.046 0.156
0 0.704 0.669 0.066 0.180
0 0.654 0.666 0.067 0.171
0 0.604 0.668 0.041 0.180
0 0.579 0.673 0.040 0.179
0 0.554 0.685 0.032 0.200
0 0.527 0.662 0.034 0.176
0 0.509 0.660 0.031 0.161
0 0.493 0.653 0.033 0.145
0 0.472 0.650 0.032 0.142
0 0.445 0.689 0.039 0.198
0 0.426 0.678 0.037 0.192
0 0.397 0.690 0.042 0.197
0 0.349 0.684 0.076 0.183
0 0.298 0.680 0.066 0.185
