0 0.291 0.427 0.061 0.143
0 0.311 0.479 0.056 0.178
0 0.356 0.481 0.054 0.188
0 0.389 0.489 0.039 0.183
0 0.417 0.491 0.036 0.174
0 0.441 0.480 0.031 0.205
0 0.468 0.494 0.036 0.161
0 0.493 0.496 0.031 0.173
0 0.528 0.497 0.036 0.171
0 0.556 0.492 0.025 0.181
0 0.580 0.491 0.035 0.192
0 0.607 0.495 0.034 0.183
0 0.631 0.494 0.036 0.173
0 0.662 0.489 0.051 0.171
0 0.701 0.471 0.054 0.174
0 0.735 0.430 0.046 0.151
0 0.765 0.625 0.066 0.118
0 0.713 0.653 0.085 0.172
0 0.656 0.677 0.072 0.185
0 0.616 0.683 0.036 0.190
0 0.592 0.676 0.031 0.174
0 0.567 0.693 0.027 0.199
0 0.536 0.682 0.027 0.175
0 0.514 0.671 0.025 0.156
0 0.498 0.668 0.029 0.143
0 0.478 0.667 0.034 0.155
0 0.450 0.692 0.037 0.192
0 0.424 0.682 0.032 0.188
0 0.400 0.680 0.039 0.192
0 0.362 0.674 0.068 0.185
0 0.302 0.646 0.086 0.173
0 0.247 0.628 0.059 0.120
