0 0.598539 0.519485 0.0906054 0.135699 0.238928
0 0.537161 0.530619 0.0956159 0.156576 0.242595
0 0.543006 0.707376 0.0647182 0.163535 0.273554
0 0.568058 0.709116 0.0697286 0.157272 0.284101
0 0.407516 0.718163 0.0784969 0.160056 0.286035
0 0.351566 0.538274 0.122756 0.166319 0.286357
0 0.297704 0.543493 0.123591 0.160056 0.289088
0 0.487891 0.700765 0.063048 0.153097 0.304905
0 0.410021 0.532011 0.0826722 0.173278 0.345488
0 0.646973 0.514614 0.0588727 0.124565 0.376417
0 0.738831 0.472512 0.0688935 0.172582 0.432627
0 0.239248 0.479123 0.0885177 0.141267 0.498878
0 0.442589 0.719903 0.0359081 0.177453 0.754113
0 0.5762 0.524008 0.0367432 0.172582 0.776141
0 0.634447 0.503827 0.0296451 0.098817 0.780771
0 0.513152 0.700418 0.0258873 0.149617 0.789158
0 0.346973 0.540362 0.0400835 0.163535 0.79046
0 0.468894 0.707724 0.0300626 0.150313 0.808571
0 0.534656 0.703201 0.02881 0.152401 0.811152
0 0.376409 0.530967 0.0430063 0.175365 0.817376
0 0.48977 0.699026 0.0267223 0.14405 0.819773
0 0.410438 0.720946 0.0350731 0.162839 0.82069
0 0.403132 0.524704 0.0354906 0.183716 0.827202
0 0.618998 0.710856 0.040501 0.164927 0.830737
0 0.562004 0.718859 0.0325679 0.180932 0.842991
0 0.380376 0.72373 0.0409186 0.17119 0.849575
0 0.469102 0.534447 0.0388309 0.169798 0.850037
0 0.507724 0.5254 0.0392484 0.168406 0.857337
0 0.543841 0.534795 0.0338205 0.146834 0.858654
0 0.310021 0.549061 0.0555324 0.17119 0.861544
0 0.673695 0.540362 0.0538622 0.164927 0.862569
0 0.593737 0.713987 0.0384134 0.17119 0.863094
0 0.433194 0.53723 0.0354906 0.157272 0.86547
0 0.756994 0.453723 0.0634656 0.108559 0.865599
0 0.219415 0.453723 0.0722338 0.107168 0.866112
0 0.720668 0.526792 0.0492693 0.185108 0.875414
0 0.255115 0.534447 0.0509395 0.154489 0.881402
