0 0.307707 0.539315 0.07299 0.332661 0.200227
0 0.505372 0.667339 0.0592812 0.162634 0.205219
0 0.430715 0.485215 0.0841052 0.166667 0.211087
0 0.472397 0.679435 0.0548351 0.177419 0.241906
0 0.404594 0.675403 0.0948499 0.173387 0.251661
0 0.539274 0.673387 0.0559466 0.174731 0.253861
0 0.662838 0.470094 0.10967 0.165995 0.263495
0 0.543349 0.479167 0.0640978 0.165323 0.27485
0 0.31382 0.467742 0.105224 0.166667 0.280358
0 0.468877 0.484207 0.0611338 0.18078 0.293035
0 0.684698 0.636089 0.14598 0.171371 0.296555
0 0.579659 0.674059 0.0663209 0.186828 0.300191
0 0.577066 0.476142 0.0329752 0.178091 0.707666
0 0.431641 0.683132 0.0318637 0.204973 0.74808
0 0.442386 0.480175 0.0303816 0.188844 0.777381
0 0.600222 0.481855 0.0355687 0.173387 0.805235
0 0.45628 0.686492 0.0314931 0.206317 0.809813
0 0.55502 0.674731 0.0266765 0.188172 0.81124
0 0.579289 0.673387 0.0300111 0.188172 0.811888
0 0.699518 0.459677 0.0422379 0.162634 0.812534
0 0.624861 0.480175 0.0329752 0.165995 0.81262
0 0.552056 0.483199 0.0274176 0.165323 0.813684
0 0.47814 0.673051 0.025565 0.176747 0.813849
0 0.51482 0.664987 0.0218599 0.156586 0.814806
0 0.46684 0.478831 0.0251945 0.188844 0.815621
0 0.496665 0.668011 0.023342 0.163978 0.821291
0 0.525565 0.476142 0.0314931 0.186156 0.825924
0 0.53279 0.668347 0.0251945 0.168683 0.826524
0 0.417192 0.487903 0.0370508 0.174731 0.826644
0 0.393294 0.487567 0.0381623 0.172715 0.82852
0 0.657651 0.480847 0.047425 0.153898 0.830668
0 0.493887 0.480511 0.0311226 0.181452 0.833653
0 0.314931 0.469086 0.047425 0.178763 0.841068
0 0.41571 0.676411 0.0429789 0.196909 0.843548
0 0.282142 0.452957 0.0515006 0.158602 0.858119
0 0.358651 0.486895 0.0548351 0.178091 0.863639
0 0.730826 0.4375 0.0500185 0.147849 0.86807
0 0.604113 0.671707 0.0389033 0.190188 0.869466
0 0.743794 0.591062 0.073731 0.15121 0.883218
0 0.692108 0.631384 0.0659503 0.184812 0.886219
0 0.646906 0.666667 0.0778066 0.192204 0.893261
0 0.32475 0.646505 0.0692849 0.169355 0.894109
0 0.271212 0.611895 0.0763246 0.163306 0.895973
0 0.371434 0.669019 0.07299 0.18078 0.906226
