0 0.558837 0.431818 0.0835984 0.183794 0.214917
0 0.427533 0.45751 0.0626988 0.179842 0.2587
0 0.466379 0.452075 0.052249 0.178854 0.263495
0 0.504771 0.647727 0.0490686 0.151186 0.265163
0 0.537937 0.659585 0.0554294 0.188735 0.275257
0 0.532485 0.438241 0.0581554 0.18083 0.288539
0 0.497955 0.449111 0.0481599 0.176877 0.291796
0 0.476147 0.667984 0.0490686 0.193676 0.296658
0 0.319855 0.535573 0.0490686 0.355731 0.302975
0 0.451159 0.673419 0.0381645 0.186759 0.363459
0 0.494775 0.656621 0.0190822 0.159091 0.363862
0 0.603816 0.41749 0.0708769 0.176877 0.381179
0 0.502953 0.652174 0.0218083 0.156126 0.668422
0 0.519764 0.657609 0.0227169 0.159091 0.685243
0 0.482508 0.657115 0.0199909 0.16996 0.712174
0 0.422081 0.464921 0.0290777 0.182806 0.729751
0 0.441845 0.448123 0.0258973 0.192688 0.740353
0 0.462744 0.669466 0.0231713 0.178854 0.743291
0 0.570423 0.424407 0.0304407 0.184783 0.766551
0 0.407996 0.477767 0.0327124 0.186759 0.768703
0 0.46388 0.452075 0.0208996 0.178854 0.773684
0 0.51204 0.446146 0.025443 0.192688 0.776089
0 0.559746 0.664526 0.0290777 0.198617 0.785589
0 0.531804 0.441206 0.0277147 0.168972 0.797266
0 0.589505 0.420949 0.0340754 0.158103 0.805603
0 0.540209 0.669466 0.0245343 0.200593 0.8075
0 0.440709 0.68083 0.0236256 0.166008 0.808063
0 0.484325 0.454051 0.0272603 0.182806 0.81518
0 0.555202 0.42836 0.028169 0.188735 0.819706
0 0.581781 0.666008 0.0368015 0.195652 0.850131
0 0.626079 0.413043 0.0472513 0.193676 0.856164
0 0.377783 0.501482 0.0395275 0.19664 0.859493
0 0.318037 0.450099 0.0408905 0.170949 0.865915
0 0.32667 0.647233 0.0717856 0.126482 0.872224
0 0.666515 0.593874 0.0763289 0.15415 0.877202
