0 0.435883 0.493284 0.0801922 0.159167 0.206486
0 0.582409 0.655138 0.0724316 0.161854 0.228263
0 0.374538 0.603089 0.0528455 0.308932 0.233396
0 0.61456 0.649093 0.0909091 0.155138 0.24302
0 0.599778 0.480188 0.075388 0.154466 0.252594
0 0.465262 0.688717 0.0332594 0.186031 0.26117
0 0.542683 0.484218 0.0594974 0.146407 0.26472
0 0.505174 0.491605 0.0583888 0.15178 0.268737
0 0.54102 0.650772 0.0473023 0.139691 0.282809
0 0.383777 0.493284 0.0875831 0.141706 0.31432
0 0.446231 0.492948 0.0373245 0.153123 0.506289
0 0.494087 0.652116 0.0258684 0.146407 0.645348
0 0.478751 0.495299 0.0291944 0.157824 0.672987
0 0.571508 0.485561 0.026238 0.165212 0.678036
0 0.47524 0.668905 0.0310421 0.162525 0.683577
0 0.495935 0.499328 0.0251293 0.151108 0.709062
0 0.508869 0.648422 0.0221729 0.136333 0.709585
0 0.521434 0.649093 0.0221729 0.133647 0.714495
0 0.519401 0.497649 0.0247598 0.15178 0.735493
0 0.534183 0.489926 0.0240207 0.155138 0.741451
0 0.421471 0.495635 0.0358463 0.145064 0.747321
0 0.537509 0.650437 0.0210643 0.136333 0.767849
0 0.591279 0.479181 0.0317812 0.156481 0.790522
0 0.557834 0.661182 0.0277162 0.16857 0.792731
0 0.458426 0.490262 0.0299335 0.171927 0.796792
0 0.453252 0.677972 0.0314117 0.171256 0.797705
0 0.421286 0.683345 0.045085 0.161854 0.807823
0 0.555063 0.482539 0.0280857 0.16454 0.81775
0 0.39745 0.493956 0.0402809 0.13499 0.833038
0 0.625831 0.475823 0.0402809 0.129617 0.833788
0 0.581116 0.659503 0.0321508 0.158496 0.835197
0 0.359941 0.491941 0.0391722 0.147079 0.86438
0 0.609941 0.659503 0.0395418 0.169241 0.871399
0 0.662602 0.465413 0.0421286 0.14775 0.872289
0 0.645602 0.641706 0.0517369 0.141706 0.872394
0 0.68847 0.620887 0.0539542 0.147079 0.881517
0 0.381005 0.662525 0.0635625 0.155138 0.891752
