0 0.419409 0.518742 0.0957486 0.172691 0.212607
0 0.726617 0.554552 0.0595194 0.334003 0.221427
0 0.563031 0.701473 0.0406654 0.145917 0.232872
0 0.676525 0.493641 0.100555 0.154618 0.237576
0 0.256932 0.566265 0.0554529 0.317269 0.250372
0 0.376895 0.695783 0.11719 0.159973 0.266557
0 0.468022 0.524431 0.0650647 0.168005 0.283
0 0.562292 0.510375 0.0665434 0.161312 0.295192
0 0.31793 0.509705 0.0598891 0.147925 0.309256
0 0.604621 0.681392 0.0868762 0.160643 0.311208
0 0.541775 0.691767 0.0528651 0.133199 0.34802
0 0.462477 0.706493 0.0428835 0.145248 0.431767
0 0.524584 0.695783 0.0251386 0.125167 0.777188
0 0.503697 0.699464 0.0306839 0.13253 0.788782
0 0.741959 0.466867 0.0510166 0.134538 0.809866
0 0.479298 0.695783 0.0365989 0.134538 0.813239
0 0.551386 0.517068 0.0299445 0.15328 0.814782
0 0.524954 0.518742 0.0340111 0.160643 0.816751
0 0.460998 0.5251 0.0295749 0.165328 0.828442
0 0.545102 0.686412 0.0269871 0.117135 0.829846
0 0.403142 0.518072 0.0358595 0.179384 0.831416
0 0.580037 0.696118 0.045841 0.171352 0.833634
0 0.580407 0.504685 0.0340111 0.186078 0.833793
0 0.606285 0.681727 0.0384473 0.169344 0.834645
0 0.374122 0.516734 0.0354898 0.180723 0.836872
0 0.433826 0.51506 0.032902 0.185408 0.839604
0 0.48817 0.5251 0.032902 0.166667 0.843751
0 0.610536 0.505689 0.0351201 0.166667 0.844458
0 0.641035 0.504685 0.0332717 0.16332 0.851298
0 0.420148 0.696787 0.0365989 0.165997 0.851352
0 0.295933 0.501339 0.0506469 0.161981 0.860004
0 0.343808 0.702811 0.0658041 0.147256 0.864652
0 0.633457 0.676372 0.0462107 0.165328 0.865015
0 0.677634 0.495984 0.045841 0.157965 0.866188
0 0.390018 0.702142 0.0436229 0.172691 0.870386
0 0.719963 0.491968 0.0521257 0.151272 0.870431
0 0.449353 0.707831 0.0373383 0.180054 0.8727
0 0.245102 0.640228 0.0547135 0.159973 0.877104
0 0.337523 0.514056 0.051756 0.178046 0.880552
0 0.673013 0.671017 0.064695 0.162651 0.880873
0 0.268207 0.482932 0.0521257 0.141232 0.882604
0 0.762847 0.615462 0.0521257 0.155957 0.88595
0 0.722181 0.646252 0.0661738 0.161312 0.888362
0 0.292237 0.666667 0.0661738 0.167336 0.897553
