7 0.690366 0.516543 0.0458595 0.0648211 0.597072
10 0.464698 0.47029 0.0115473 0.0263336 0.601221
8 0.624051 0.40108 0.0207852 0.128292 0.64427
10 0.585615 0.497299 0.0197954 0.0290344 0.672767
7 0.372979 0.485483 0.0247443 0.0364618 0.675272
8 0.400858 0.395341 0.0184758 0.135719 0.707062
10 0.334213 0.55368 0.0428901 0.0513167 0.71752
7 0.621577 0.488521 0.0316727 0.0600945 0.719167
7 0.702573 0.48312 0.0306829 0.0398379 0.748853
7 0.685747 0.540513 0.0419004 0.0479406 0.758432
7 0.398383 0.480756 0.0293632 0.0688724 0.766208
10 0.658529 0.48447 0.0422303 0.0533423 0.766493
10 0.589409 0.583727 0.0326625 0.0411884 0.77929
5 0.505939 0.604321 0.667436 0.433491 0.792751
10 0.332564 0.483795 0.0244144 0.0344362 0.802537
10 0.383207 0.576975 0.0412405 0.0438893 0.81227
10 0.63164 0.56786 0.039261 0.0459149 0.833132
3 0.507258 0.334909 0.52095 0.21472 0.875217
6 0.512207 0.181296 0.534807 0.35314 0.886469
0 0.400858 0.419986 0.0343121 0.199865 0.749951
0 0.589079 0.431465 0.0399208 0.180959 0.755439
0 0.458924 0.435517 0.030353 0.18501 0.773045
0 0.276641 0.606009 0.069614 0.115463 0.789382
0 0.512702 0.640108 0.021775 0.178258 0.796902
0 0.567304 0.416948 0.0372814 0.205942 0.797797
0 0.661498 0.404456 0.0481689 0.160702 0.804247
0 0.514517 0.426063 0.0372814 0.198515 0.811273
0 0.372649 0.423363 0.0313428 0.156651 0.819185
0 0.540086 0.413572 0.0323326 0.20054 0.821145
0 0.535302 0.648211 0.0280435 0.207968 0.823129
0 0.620257 0.425051 0.0343121 0.178933 0.828352
0 0.493731 0.635719 0.0227648 0.180284 0.828798
0 0.698284 0.596219 0.0821511 0.159352 0.829391
0 0.432695 0.426401 0.0366216 0.203241 0.832345
0 0.448202 0.641121 0.0326625 0.178933 0.840739
0 0.471462 0.642134 0.0316727 0.180959 0.846617
0 0.560871 0.654288 0.0362917 0.194463 0.848688
0 0.73936 0.397029 0.0514682 0.171506 0.849613
0 0.596008 0.652937 0.047839 0.170155 0.852703
0 0.485813 0.435517 0.0313428 0.197164 0.857414
0 0.704883 0.413572 0.0491587 0.19919 0.860807
0 0.418674 0.650236 0.0395909 0.186361 0.867021
0 0.648301 0.632343 0.0831409 0.182984 0.873859
0 0.332728 0.41661 0.0498185 0.179608 0.882189
0 0.332069 0.608035 0.061036 0.161377 0.887462
0 0.371989 0.6553 0.069614 0.187036 0.889347