11 0.384 0.448 0.059 0.054
1 0.409 0.424 0.026 0.121
9 0.381 0.513 0.107 0.081
9 0.364 0.610 0.061 0.065
8 0.353 0.674 0.043 0.074
8 0.617 0.442 0.024 0.082
8 0.694 0.459 0.038 0.083
9 0.645 0.519 0.113 0.083
10 0.649 0.594 0.023 0.027
7 0.370 0.547 0.152 0.111
5 0.504 0.684 0.806 0.319
6 0.502 0.238 0.656 0.348
4 0.498 0.600 0.997 0.614
3 0.507 0.379 0.610 0.219
0 0.442 0.460 0.037 0.173
0 0.469 0.459 0.029 0.137
0 0.498 0.448 0.035 0.152
0 0.533 0.449 0.035 0.160
0 0.564 0.457 0.030 0.147
0 0.591 0.457 0.033 0.176
0 0.690 0.456 0.050 0.101
0 0.712 0.659 0.072 0.174
0 0.655 0.660 0.069 0.169
0 0.609 0.656 0.043 0.172
0 0.587 0.643 0.031 0.165
0 0.564 0.637 0.026 0.169
0 0.540 0.624 0.025 0.142
0 0.519 0.620 0.019 0.128
0 0.499 0.628 0.021 0.134
0 0.479 0.627 0.023 0.141
0 0.460 0.637 0.028 0.156
0 0.433 0.643 0.030 0.167
0 0.408 0.653 0.044 0.157
0 0.353 0.691 0.063 0.112
0 0.304 0.654 0.062 0.167
0 0.620 0.435 0.031 0.089
1 0.362 0.436 0.026 0.091
