6 0.513 0.165 0.552 0.327
8 0.338 0.384 0.029 0.058
8 0.378 0.390 0.035 0.066
8 0.416 0.376 0.019 0.089
8 0.480 0.359 0.006 0.089
8 0.504 0.353 0.008 0.088
8 0.561 0.361 0.006 0.085
8 0.666 0.635 0.034 0.111
8 0.600 0.643 0.013 0.095
8 0.449 0.640 0.027 0.117
7 0.565 0.562 0.012 0.042
7 0.500 0.413 0.027 0.109
7 0.480 0.416 0.014 0.088
7 0.422 0.449 0.029 0.054
7 0.387 0.453 0.049 0.073
7 0.341 0.447 0.047 0.070
7 0.464 0.549 0.026 0.058
9 0.642 0.446 0.146 0.083
9 0.627 0.559 0.110 0.084
9 0.384 0.552 0.141 0.085
4 0.517 0.540 0.862 0.765
3 0.504 0.304 0.538 0.186
0 0.302 0.333 0.060 0.174
0 0.341 0.376 0.037 0.136
0 0.381 0.370 0.042 0.115
0 0.423 0.390 0.051 0.152
0 0.453 0.377 0.032 0.198
0 0.478 0.383 0.024 0.187
0 0.504 0.378 0.028 0.206
0 0.537 0.380 0.033 0.210
0 0.563 0.344 0.024 0.165
0 0.642 0.363 0.026 0.113
0 0.694 0.364 0.037 0.112
0 0.665 0.635 0.050 0.129
0 0.600 0.657 0.032 0.146
0 0.557 0.613 0.030 0.205
0 0.537 0.599 0.021 0.178
0 0.521 0.580 0.020 0.150
0 0.500 0.585 0.028 0.166
0 0.477 0.649 0.035 0.219
0 0.448 0.644 0.041 0.144
0 0.414 0.645 0.049 0.128
0 0.317 0.614 0.072 0.111
5 0.498 0.600 0.648 0.390
