11 0.650 0.679 0.008 0.042
11 0.362 0.450 0.012 0.042
11 0.392 0.448 0.010 0.036
1 0.652 0.715 0.021 0.117
1 0.385 0.398 0.028 0.115
1 0.359 0.425 0.027 0.088
9 0.383 0.492 0.059 0.083
9 0.645 0.621 0.046 0.081
10 0.711 0.542 0.018 0.040
10 0.665 0.551 0.013 0.027
10 0.689 0.603 0.025 0.044
10 0.378 0.573 0.035 0.046
10 0.328 0.607 0.057 0.093
10 0.293 0.530 0.016 0.027
6 0.503 0.277 0.570 0.296
4 0.515 0.565 0.879 0.596
3 0.523 0.394 0.629 0.204
0 0.286 0.486 0.041 0.146
0 0.328 0.483 0.052 0.139
0 0.426 0.469 0.034 0.137
0 0.446 0.444 0.028 0.169
0 0.472 0.460 0.026 0.137
0 0.499 0.453 0.030 0.155
0 0.532 0.467 0.034 0.144
0 0.560 0.467 0.030 0.150
0 0.587 0.463 0.031 0.175
0 0.609 0.489 0.034 0.141
0 0.634 0.493 0.032 0.142
0 0.672 0.497 0.047 0.148
0 0.714 0.493 0.038 0.155
0 0.695 0.658 0.054 0.162
0 0.613 0.655 0.030 0.159
0 0.586 0.649 0.032 0.154
0 0.560 0.654 0.030 0.173
0 0.539 0.633 0.026 0.156
0 0.524 0.622 0.022 0.139
0 0.507 0.626 0.022 0.141
0 0.489 0.628 0.026 0.159
0 0.468 0.629 0.023 0.161
0 0.444 0.636 0.031 0.170
0 0.417 0.636 0.035 0.176
0 0.373 0.637 0.061 0.173
0 0.277 0.614 0.058 0.133
0 0.327 0.644 0.067 0.159
5 0.502 0.643 0.701 0.316
