6 0.507 0.178 0.631 0.355
5 0.500 0.650 0.784 0.404
3 0.509 0.345 0.620 0.222
4 0.497 0.577 0.994 0.697
0 0.272 0.453 0.053 0.172
0 0.325 0.445 0.058 0.179
0 0.367 0.433 0.042 0.192
0 0.399 0.446 0.042 0.137
0 0.423 0.417 0.042 0.193
0 0.457 0.429 0.033 0.160
0 0.486 0.423 0.032 0.184
0 0.522 0.430 0.033 0.172
0 0.552 0.416 0.032 0.163
0 0.584 0.404 0.032 0.221
0 0.614 0.452 0.036 0.135
0 0.649 0.436 0.036 0.175
0 0.689 0.439 0.047 0.181
0 0.739 0.433 0.049 0.177
0 0.778 0.627 0.060 0.155
0 0.726 0.632 0.063 0.169
0 0.679 0.664 0.076 0.204
0 0.619 0.646 0.037 0.186
0 0.586 0.648 0.041 0.206
0 0.560 0.641 0.033 0.211
0 0.533 0.638 0.026 0.207
0 0.510 0.619 0.023 0.172
0 0.489 0.626 0.030 0.181
0 0.468 0.630 0.027 0.188
0 0.440 0.643 0.029 0.215
0 0.411 0.656 0.034 0.205
0 0.383 0.661 0.041 0.204
0 0.330 0.682 0.064 0.214
0 0.278 0.658 0.079 0.198
