8 0.397 0.225 0.010 0.126
7 0.392 0.308 0.019 0.053
7 0.359 0.287 0.016 0.052
7 0.535 0.326 0.007 0.022
7 0.544 0.332 0.008 0.028
7 0.572 0.321 0.009 0.027
7 0.607 0.295 0.031 0.046
7 0.628 0.384 0.018 0.039
7 0.293 0.369 0.019 0.034
10 0.685 0.280 0.033 0.030
10 0.715 0.363 0.026 0.040
10 0.325 0.295 0.027 0.026
10 0.355 0.383 0.018 0.028
10 0.651 0.372 0.038 0.045
5 0.507 0.399 0.697 0.426
6 0.498 0.088 0.523 0.176
3 0.497 0.177 0.540 0.185
4 0.507 0.368 0.883 0.737
0 0.254 0.162 0.045 0.115
0 0.287 0.212 0.048 0.163
0 0.333 0.236 0.049 0.173
0 0.372 0.241 0.029 0.191
0 0.398 0.254 0.035 0.184
0 0.423 0.249 0.033 0.233
0 0.455 0.254 0.026 0.201
0 0.486 0.258 0.033 0.217
0 0.521 0.264 0.032 0.221
0 0.552 0.255 0.031 0.193
0 0.584 0.239 0.035 0.233
0 0.610 0.251 0.040 0.182
0 0.637 0.234 0.040 0.173
0 0.679 0.232 0.051 0.164
0 0.730 0.405 0.089 0.197
0 0.675 0.431 0.083 0.186
0 0.629 0.462 0.051 0.204
0 0.593 0.469 0.033 0.193
0 0.560 0.479 0.028 0.218
0 0.536 0.476 0.029 0.182
0 0.517 0.472 0.026 0.166
0 0.494 0.465 0.022 0.159
0 0.470 0.476 0.021 0.182
0 0.438 0.489 0.043 0.222
0 0.406 0.480 0.044 0.194
0 0.376 0.474 0.057 0.194
0 0.333 0.451 0.089 0.185
0 0.280 0.412 0.090 0.173
0 0.229 0.377 0.070 0.106
0 0.725 0.189 0.054 0.184
