7 0.542 0.439 0.018 0.040
7 0.585 0.595 0.020 0.059
8 0.722 0.638 0.053 0.108
5 0.490 0.642 0.706 0.429
4 0.493 0.547 0.837 0.852
3 0.497 0.274 0.516 0.238
0 0.331 0.371 0.048 0.249
0 0.443 0.378 0.028 0.118
0 0.488 0.369 0.025 0.162
0 0.538 0.367 0.019 0.117
0 0.562 0.407 0.029 0.168
0 0.583 0.407 0.025 0.158
0 0.607 0.407 0.031 0.190
0 0.681 0.384 0.044 0.221
0 0.717 0.609 0.061 0.160
0 0.581 0.642 0.024 0.175
0 0.556 0.636 0.029 0.187
0 0.530 0.628 0.022 0.192
0 0.513 0.611 0.015 0.217
0 0.497 0.618 0.020 0.206
0 0.480 0.612 0.026 0.176
0 0.457 0.620 0.036 0.173
0 0.430 0.629 0.030 0.218
0 0.403 0.656 0.040 0.237
0 0.350 0.657 0.072 0.218
0 0.293 0.629 0.075 0.205
6 0.504 0.131 0.510 0.263
10 0.691 0.587 0.032 0.063
8 0.582 0.672 0.006 0.096
