11 0.533 0.403 0.008 0.031
11 0.456 0.404 0.010 0.029
1 0.451 0.357 0.022 0.115
1 0.534 0.346 0.019 0.138
8 0.310 0.416 0.013 0.080
8 0.423 0.399 0.010 0.040
8 0.302 0.637 0.034 0.065
9 0.493 0.458 0.101 0.102
9 0.369 0.462 0.149 0.088
9 0.473 0.576 0.087 0.084
9 0.318 0.569 0.052 0.070
5 0.501 0.659 0.659 0.294
6 0.507 0.191 0.514 0.296
3 0.501 0.341 0.504 0.166
4 0.505 0.559 0.872 0.654
0 0.277 0.442 0.038 0.151
0 0.309 0.404 0.028 0.067
0 0.422 0.392 0.025 0.104
0 0.562 0.433 0.037 0.216
0 0.583 0.441 0.048 0.178
0 0.606 0.420 0.043 0.195
0 0.682 0.433 0.052 0.157
0 0.726 0.386 0.040 0.110
0 0.716 0.608 0.065 0.142
0 0.661 0.621 0.077 0.144
0 0.613 0.637 0.078 0.188
0 0.569 0.634 0.043 0.170
0 0.550 0.647 0.036 0.186
0 0.527 0.630 0.025 0.152
0 0.506 0.654 0.017 0.089
0 0.490 0.659 0.016 0.087
0 0.473 0.662 0.018 0.094
0 0.434 0.670 0.020 0.118
0 0.415 0.627 0.025 0.164
0 0.389 0.635 0.035 0.196
0 0.357 0.612 0.053 0.170
0 0.311 0.629 0.049 0.090
0 0.245 0.594 0.055 0.128
