6 0.499 0.228 0.462 0.350
3 0.502 0.383 0.483 0.205
4 0.497 0.530 0.825 0.764
5 0.496 0.623 0.695 0.390
0 0.318 0.463 0.050 0.129
0 0.355 0.473 0.046 0.144
0 0.388 0.484 0.037 0.145
0 0.414 0.476 0.038 0.168
0 0.435 0.473 0.025 0.181
0 0.462 0.475 0.025 0.200
0 0.491 0.482 0.039 0.197
0 0.524 0.476 0.032 0.197
0 0.551 0.460 0.031 0.195
0 0.571 0.462 0.034 0.178
0 0.595 0.453 0.030 0.162
0 0.617 0.451 0.041 0.154
0 0.652 0.437 0.041 0.150
0 0.688 0.421 0.055 0.144
0 0.702 0.348 0.057 0.111
0 0.754 0.585 0.059 0.146
0 0.710 0.599 0.070 0.162
0 0.670 0.643 0.080 0.178
0 0.631 0.665 0.060 0.175
0 0.594 0.671 0.038 0.179
0 0.569 0.677 0.038 0.183
0 0.540 0.670 0.033 0.159
0 0.521 0.673 0.033 0.146
0 0.498 0.676 0.027 0.147
0 0.480 0.687 0.033 0.177
0 0.454 0.702 0.033 0.180
0 0.423 0.696 0.033 0.165
0 0.393 0.697 0.056 0.193
0 0.342 0.680 0.089 0.185
0 0.292 0.633 0.087 0.156
