10 0.359 0.555 0.027 0.051
6 0.494 0.169 0.584 0.338
4 0.502 0.529 0.882 0.799
3 0.499 0.299 0.597 0.188
0 0.250 0.415 0.050 0.162
0 0.418 0.421 0.044 0.235
0 0.444 0.440 0.040 0.183
0 0.475 0.420 0.044 0.201
0 0.526 0.418 0.031 0.204
0 0.559 0.418 0.039 0.244
0 0.648 0.606 0.077 0.181
0 0.593 0.616 0.057 0.176
0 0.549 0.636 0.037 0.217
0 0.514 0.629 0.029 0.181
0 0.495 0.618 0.025 0.167
0 0.477 0.635 0.024 0.170
0 0.463 0.619 0.027 0.190
0 0.439 0.641 0.040 0.186
0 0.419 0.636 0.034 0.185
0 0.389 0.615 0.040 0.173
0 0.348 0.615 0.075 0.173
5 0.501 0.602 0.732 0.457
