10 0.333 0.549 0.015 0.027
10 0.345 0.567 0.029 0.036
10 0.611 0.544 0.017 0.040
10 0.640 0.552 0.018 0.040
10 0.669 0.557 0.037 0.032
10 0.680 0.540 0.015 0.027
10 0.712 0.548 0.020 0.031
9 0.653 0.634 0.137 0.086
6 0.505 0.282 0.546 0.345
3 0.476 0.407 0.482 0.186
4 0.511 0.603 0.864 0.611
0 0.305 0.497 0.041 0.141
0 0.348 0.507 0.051 0.170
0 0.382 0.485 0.033 0.152
0 0.408 0.479 0.040 0.158
0 0.433 0.468 0.034 0.191
0 0.461 0.475 0.024 0.180
0 0.489 0.487 0.034 0.162
0 0.521 0.475 0.030 0.174
0 0.550 0.484 0.027 0.177
0 0.583 0.476 0.036 0.183
0 0.606 0.498 0.036 0.170
0 0.631 0.494 0.029 0.167
0 0.665 0.491 0.039 0.128
0 0.711 0.490 0.045 0.136
0 0.728 0.422 0.062 0.108
0 0.757 0.707 0.053 0.135
0 0.699 0.698 0.057 0.126
0 0.649 0.715 0.049 0.106
0 0.586 0.700 0.029 0.154
0 0.558 0.693 0.028 0.195
0 0.537 0.683 0.023 0.196
0 0.519 0.669 0.022 0.172
0 0.500 0.673 0.024 0.177
0 0.483 0.680 0.028 0.182
0 0.460 0.683 0.029 0.190
0 0.438 0.682 0.031 0.173
0 0.410 0.691 0.038 0.182
0 0.336 0.682 0.075 0.159
0 0.296 0.662 0.053 0.134
