9 0.536 0.531 0.058 0.065
9 0.335 0.572 0.132 0.068
9 0.671 0.550 0.047 0.055
10 0.635 0.558 0.025 0.038
10 0.605 0.557 0.020 0.027
10 0.641 0.624 0.032 0.043
10 0.415 0.567 0.030 0.028
10 0.373 0.630 0.031 0.030
7 0.605 0.614 0.019 0.028
5 0.506 0.635 0.696 0.397
6 0.501 0.263 0.543 0.328
3 0.504 0.429 0.548 0.190
4 0.500 0.597 0.858 0.678
0 0.288 0.503 0.040 0.087
0 0.382 0.492 0.025 0.119
0 0.412 0.500 0.032 0.114
0 0.437 0.495 0.037 0.156
0 0.466 0.488 0.024 0.137
0 0.494 0.487 0.027 0.148
0 0.528 0.463 0.026 0.079
0 0.554 0.467 0.019 0.104
0 0.584 0.488 0.030 0.146
0 0.607 0.487 0.036 0.128
0 0.631 0.498 0.027 0.123
0 0.667 0.481 0.037 0.093
0 0.716 0.488 0.047 0.158
0 0.704 0.649 0.068 0.149
0 0.645 0.691 0.063 0.168
0 0.607 0.683 0.039 0.151
0 0.583 0.668 0.032 0.147
0 0.560 0.675 0.030 0.168
0 0.534 0.678 0.020 0.157
0 0.516 0.681 0.021 0.156
0 0.495 0.678 0.017 0.145
0 0.477 0.670 0.022 0.133
0 0.456 0.682 0.027 0.164
0 0.432 0.678 0.028 0.141
0 0.405 0.691 0.033 0.153
0 0.368 0.700 0.067 0.168
