8 0.266 0.422 0.019 0.051
8 0.332 0.637 0.048 0.122
8 0.653 0.636 0.043 0.113
5 0.506 0.625 0.751 0.336
7 0.688 0.549 0.055 0.043
7 0.301 0.488 0.022 0.040
7 0.310 0.556 0.022 0.040
9 0.343 0.548 0.054 0.066
6 0.501 0.189 0.705 0.378
3 0.503 0.325 0.628 0.273
4 0.502 0.562 0.993 0.654
0 0.244 0.464 0.039 0.095
0 0.262 0.414 0.034 0.079
0 0.312 0.429 0.058 0.151
0 0.378 0.415 0.038 0.162
0 0.410 0.405 0.042 0.163
0 0.438 0.385 0.036 0.163
0 0.472 0.383 0.043 0.175
0 0.509 0.380 0.035 0.161
0 0.544 0.380 0.030 0.155
0 0.581 0.399 0.043 0.163
0 0.606 0.410 0.050 0.176
0 0.641 0.417 0.044 0.159
0 0.682 0.434 0.051 0.164
0 0.731 0.442 0.045 0.166
0 0.773 0.405 0.038 0.116
0 0.698 0.621 0.056 0.112
0 0.646 0.628 0.065 0.130
0 0.591 0.599 0.042 0.178
0 0.561 0.588 0.037 0.199
0 0.536 0.571 0.029 0.176
0 0.513 0.567 0.024 0.166
0 0.491 0.569 0.025 0.172
0 0.468 0.580 0.024 0.192
0 0.442 0.580 0.028 0.180
0 0.413 0.592 0.032 0.163
0 0.382 0.605 0.031 0.175
0 0.334 0.642 0.058 0.139
0 0.284 0.599 0.058 0.167
