6 0.501 0.128 0.455 0.255
4 0.504 0.477 0.784 0.629
3 0.505 0.242 0.464 0.187
0 0.303 0.209 0.043 0.124
0 0.323 0.317 0.046 0.139
0 0.363 0.319 0.041 0.154
0 0.394 0.328 0.036 0.149
0 0.420 0.335 0.029 0.123
0 0.448 0.241 0.037 0.083
0 0.460 0.343 0.023 0.095
0 0.486 0.326 0.029 0.117
0 0.513 0.319 0.032 0.134
0 0.536 0.317 0.026 0.131
0 0.558 0.313 0.029 0.158
0 0.580 0.318 0.033 0.153
0 0.606 0.323 0.032 0.146
0 0.641 0.321 0.047 0.143
0 0.680 0.307 0.043 0.146
0 0.708 0.233 0.040 0.108
0 0.683 0.490 0.069 0.158
0 0.639 0.523 0.076 0.173
0 0.595 0.535 0.036 0.166
0 0.568 0.525 0.026 0.144
0 0.544 0.521 0.026 0.152
0 0.523 0.522 0.025 0.149
0 0.491 0.519 0.022 0.159
0 0.476 0.530 0.027 0.159
0 0.455 0.539 0.022 0.167
0 0.434 0.533 0.027 0.147
0 0.407 0.531 0.039 0.158
0 0.366 0.525 0.070 0.173
0 0.323 0.495 0.067 0.159
0 0.509 0.516 0.018 0.161
5 0.501 0.570 0.596 0.301
