5 0.491 0.673 0.778 0.350
6 0.498 0.246 0.637 0.358
4 0.494 0.580 0.989 0.728
3 0.491 0.376 0.566 0.183
7 0.589 0.620 0.022 0.040
0 0.284 0.466 0.052 0.148
0 0.336 0.461 0.054 0.151
0 0.373 0.446 0.050 0.158
0 0.404 0.449 0.042 0.148
0 0.434 0.439 0.033 0.167
0 0.463 0.434 0.025 0.171
0 0.493 0.431 0.029 0.177
0 0.525 0.430 0.029 0.180
0 0.553 0.436 0.025 0.152
0 0.579 0.429 0.033 0.181
0 0.607 0.440 0.035 0.156
0 0.638 0.451 0.036 0.135
0 0.677 0.453 0.049 0.152
0 0.730 0.449 0.046 0.148
0 0.716 0.641 0.077 0.177
0 0.658 0.642 0.074 0.174
0 0.612 0.643 0.039 0.179
0 0.585 0.644 0.039 0.172
0 0.554 0.641 0.029 0.183
0 0.530 0.622 0.025 0.160
0 0.509 0.623 0.024 0.160
0 0.492 0.622 0.029 0.150
0 0.472 0.619 0.027 0.149
0 0.447 0.643 0.036 0.188
0 0.421 0.654 0.031 0.187
0 0.398 0.658 0.038 0.199
0 0.354 0.659 0.061 0.197
0 0.294 0.660 0.076 0.203
