11 0.620 0.529 0.011 0.036
11 0.436 0.524 0.007 0.032
1 0.616 0.487 0.031 0.147
1 0.436 0.492 0.024 0.143
9 0.624 0.585 0.035 0.079
9 0.437 0.592 0.031 0.073
7 0.302 0.632 0.031 0.041
7 0.696 0.628 0.023 0.041
5 0.505 0.704 0.647 0.380
6 0.504 0.272 0.447 0.300
4 0.497 0.623 0.826 0.727
3 0.506 0.455 0.486 0.189
0 0.299 0.517 0.047 0.164
0 0.346 0.536 0.050 0.165
0 0.411 0.549 0.030 0.161
0 0.460 0.567 0.024 0.125
0 0.483 0.555 0.033 0.126
0 0.523 0.547 0.032 0.144
0 0.545 0.543 0.030 0.165
0 0.590 0.542 0.031 0.151
0 0.665 0.534 0.047 0.177
0 0.707 0.502 0.046 0.181
0 0.697 0.674 0.061 0.149
0 0.652 0.726 0.072 0.188
0 0.584 0.725 0.027 0.166
12 0.561 0.696 0.027 0.097
0 0.550 0.780 0.031 0.151
0 0.528 0.712 0.029 0.145
0 0.511 0.712 0.025 0.145
0 0.491 0.713 0.021 0.155
0 0.472 0.724 0.022 0.167
0 0.444 0.728 0.031 0.175
0 0.350 0.726 0.071 0.180
0 0.417 0.730 0.028 0.175
0 0.301 0.691 0.060 0.114
