6 0.508 0.280 0.528 0.325
3 0.511 0.438 0.498 0.188
5 0.521 0.659 0.744 0.363
4 0.523 0.622 0.892 0.635
0 0.290 0.454 0.054 0.130
0 0.314 0.499 0.055 0.155
0 0.359 0.503 0.053 0.170
0 0.392 0.512 0.030 0.165
0 0.419 0.514 0.033 0.163
0 0.441 0.499 0.030 0.191
0 0.471 0.509 0.041 0.150
0 0.498 0.505 0.036 0.183
0 0.530 0.513 0.030 0.158
0 0.558 0.515 0.027 0.162
0 0.582 0.513 0.030 0.176
0 0.608 0.516 0.029 0.163
0 0.632 0.514 0.037 0.164
0 0.663 0.516 0.046 0.143
0 0.705 0.494 0.054 0.161
0 0.733 0.458 0.048 0.133
0 0.768 0.638 0.067 0.114
0 0.713 0.661 0.080 0.159
0 0.657 0.687 0.068 0.167
0 0.616 0.697 0.035 0.182
0 0.592 0.694 0.026 0.164
0 0.570 0.702 0.028 0.179
0 0.538 0.697 0.030 0.160
0 0.517 0.679 0.021 0.131
0 0.498 0.678 0.025 0.128
0 0.474 0.677 0.028 0.139
0 0.451 0.703 0.027 0.187
0 0.425 0.691 0.028 0.173
0 0.401 0.686 0.036 0.169
0 0.362 0.688 0.068 0.174
0 0.301 0.661 0.079 0.164
0 0.253 0.639 0.058 0.117
