10 0.640 0.560 0.017 0.021
7 0.673 0.546 0.041 0.041
7 0.731 0.441 0.015 0.037
7 0.645 0.554 0.015 0.027
9 0.392 0.562 0.050 0.095
5 0.503 0.593 0.760 0.444
4 0.505 0.523 0.942 0.847
6 0.498 0.167 0.613 0.333
3 0.513 0.306 0.609 0.246
0 0.248 0.355 0.063 0.189
0 0.295 0.407 0.056 0.199
0 0.350 0.402 0.085 0.198
0 0.397 0.378 0.063 0.218
0 0.431 0.365 0.061 0.253
0 0.469 0.388 0.038 0.182
0 0.499 0.385 0.041 0.221
0 0.537 0.393 0.042 0.214
0 0.573 0.383 0.035 0.211
0 0.610 0.374 0.049 0.253
0 0.636 0.411 0.043 0.197
0 0.662 0.436 0.034 0.140
0 0.751 0.391 0.057 0.201
0 0.777 0.316 0.053 0.104
0 0.787 0.548 0.064 0.168
0 0.746 0.585 0.081 0.184
0 0.695 0.616 0.079 0.191
0 0.640 0.612 0.049 0.182
0 0.612 0.632 0.042 0.222
0 0.582 0.624 0.044 0.237
0 0.552 0.616 0.033 0.217
0 0.528 0.608 0.025 0.179
0 0.506 0.612 0.027 0.201
0 0.481 0.613 0.035 0.199
0 0.457 0.619 0.037 0.228
0 0.427 0.608 0.035 0.195
0 0.674 0.467 0.618 0.527
