5 0.498 0.586 0.683 0.429
7 0.676 0.576 0.035 0.046
6 0.509 0.181 0.505 0.362
4 0.504 0.472 0.895 0.859
3 0.511 0.336 0.504 0.205
0 0.310 0.366 0.042 0.135
0 0.337 0.404 0.044 0.166
0 0.383 0.417 0.052 0.132
0 0.413 0.413 0.030 0.144
0 0.430 0.412 0.039 0.158
0 0.463 0.425 0.026 0.148
0 0.490 0.439 0.029 0.159
0 0.519 0.433 0.026 0.148
0 0.547 0.429 0.028 0.132
0 0.577 0.419 0.033 0.168
0 0.599 0.420 0.033 0.148
0 0.630 0.439 0.046 0.126
0 0.676 0.429 0.049 0.154
0 0.710 0.416 0.043 0.156
0 0.747 0.609 0.069 0.101
0 0.679 0.631 0.062 0.158
0 0.631 0.646 0.083 0.165
0 0.578 0.634 0.036 0.139
0 0.552 0.641 0.039 0.185
0 0.527 0.612 0.031 0.116
0 0.511 0.612 0.025 0.140
0 0.488 0.609 0.021 0.134
0 0.471 0.603 0.022 0.140
0 0.448 0.610 0.023 0.154
0 0.422 0.607 0.033 0.139
0 0.377 0.622 0.070 0.155
0 0.334 0.600 0.053 0.137
0 0.264 0.599 0.075 0.101
