10 0.410 0.665 0.043 0.052
7 0.605 0.575 0.020 0.043
5 0.520 0.696 0.634 0.359
6 0.502 0.306 0.488 0.332
3 0.507 0.453 0.474 0.181
4 0.511 0.638 0.762 0.594
0 0.324 0.531 0.041 0.142
0 0.356 0.527 0.050 0.153
0 0.394 0.527 0.034 0.159
0 0.419 0.531 0.042 0.142
0 0.437 0.508 0.029 0.173
0 0.463 0.506 0.024 0.167
0 0.487 0.512 0.030 0.158
0 0.518 0.510 0.031 0.163
0 0.543 0.516 0.027 0.150
0 0.568 0.520 0.032 0.148
0 0.593 0.524 0.041 0.162
0 0.627 0.534 0.063 0.167
0 0.665 0.536 0.042 0.153
0 0.702 0.530 0.041 0.134
0 0.699 0.674 0.062 0.120
0 0.666 0.718 0.087 0.165
0 0.597 0.707 0.031 0.163
0 0.570 0.706 0.029 0.171
0 0.552 0.716 0.026 0.187
0 0.530 0.704 0.023 0.186
0 0.512 0.702 0.020 0.151
0 0.495 0.702 0.021 0.148
0 0.480 0.700 0.019 0.168
0 0.458 0.716 0.021 0.194
0 0.439 0.724 0.029 0.177
0 0.400 0.741 0.073 0.169
0 0.350 0.712 0.081 0.171
0 0.313 0.682 0.060 0.136
