10 0.738 0.475 0.015 0.027
10 0.363 0.572 0.015 0.027
10 0.318 0.548 0.029 0.038
8 0.382 0.684 0.022 0.087
9 0.399 0.604 0.040 0.075
9 0.665 0.595 0.139 0.135
7 0.577 0.569 0.019 0.034
11 0.703 0.653 0.012 0.036
11 0.625 0.687 0.010 0.038
1 0.727 0.639 0.024 0.087
1 0.675 0.676 0.023 0.106
1 0.704 0.665 0.030 0.067
1 0.625 0.701 0.023 0.087
5 0.511 0.623 0.722 0.386
6 0.506 0.211 0.577 0.319
3 0.512 0.357 0.601 0.185
4 0.521 0.559 0.955 0.735
0 0.331 0.430 0.053 0.179
0 0.373 0.451 0.038 0.154
0 0.403 0.450 0.044 0.163
0 0.432 0.437 0.040 0.188
0 0.464 0.443 0.028 0.157
0 0.495 0.441 0.034 0.169
0 0.531 0.433 0.036 0.185
0 0.568 0.430 0.038 0.178
0 0.600 0.442 0.036 0.177
0 0.628 0.442 0.037 0.173
0 0.656 0.449 0.031 0.141
0 0.695 0.428 0.048 0.171
0 0.737 0.419 0.047 0.167
0 0.756 0.321 0.061 0.136
0 0.590 0.640 0.047 0.179
0 0.565 0.647 0.044 0.216
0 0.533 0.635 0.024 0.196
0 0.513 0.623 0.023 0.171
0 0.494 0.630 0.023 0.171
0 0.473 0.629 0.024 0.179
0 0.451 0.666 0.034 0.218
0 0.426 0.661 0.040 0.181
0 0.383 0.688 0.036 0.101
0 0.348 0.632 0.082 0.177
0 0.303 0.602 0.072 0.149
0 0.264 0.562 0.068 0.186
