7 0.349 0.652 0.011 0.020
6 0.504 0.306 0.565 0.353
5 0.499 0.695 0.714 0.390
3 0.508 0.432 0.566 0.180
4 0.496 0.594 0.919 0.672
0 0.316 0.514 0.050 0.173
0 0.371 0.529 0.057 0.148
0 0.406 0.516 0.041 0.154
0 0.435 0.508 0.033 0.164
0 0.465 0.503 0.033 0.164
0 0.494 0.496 0.034 0.184
0 0.528 0.505 0.035 0.166
0 0.558 0.503 0.027 0.156
0 0.586 0.501 0.033 0.186
0 0.613 0.514 0.037 0.148
0 0.642 0.505 0.038 0.166
0 0.677 0.517 0.049 0.136
0 0.727 0.494 0.047 0.170
0 0.768 0.664 0.052 0.138
0 0.717 0.668 0.060 0.174
0 0.667 0.683 0.072 0.172
0 0.625 0.685 0.048 0.168
0 0.592 0.683 0.032 0.170
0 0.564 0.684 0.034 0.182
0 0.535 0.675 0.024 0.154
0 0.515 0.670 0.029 0.133
0 0.494 0.678 0.025 0.137
0 0.470 0.690 0.023 0.156
0 0.444 0.695 0.024 0.171
0 0.420 0.696 0.031 0.173
0 0.393 0.685 0.044 0.166
0 0.346 0.699 0.068 0.175
0 0.308 0.678 0.063 0.154
0 0.237 0.672 0.073 0.103
