8 0.293 0.414 0.043 0.060
8 0.389 0.413 0.035 0.112
8 0.550 0.431 0.010 0.104
8 0.604 0.429 0.013 0.103
8 0.629 0.419 0.014 0.105
8 0.255 0.592 0.045 0.073
8 0.289 0.655 0.056 0.091
7 0.542 0.489 0.011 0.026
7 0.484 0.519 0.029 0.023
7 0.602 0.620 0.017 0.026
10 0.381 0.579 0.017 0.018
9 0.351 0.542 0.141 0.207
9 0.646 0.501 0.131 0.068
9 0.672 0.588 0.139 0.112
9 0.322 0.555 0.119 0.121
6 0.504 0.231 0.623 0.313
3 0.489 0.367 0.616 0.215
5 0.493 0.624 0.783 0.405
4 0.492 0.579 0.972 0.715
0 0.295 0.411 0.063 0.085
0 0.393 0.411 0.052 0.121
0 0.419 0.456 0.036 0.168
0 0.451 0.451 0.029 0.164
0 0.482 0.445 0.035 0.144
0 0.519 0.461 0.038 0.147
0 0.550 0.446 0.028 0.159
0 0.580 0.453 0.038 0.168
0 0.604 0.421 0.030 0.110
0 0.630 0.421 0.027 0.109
0 0.700 0.433 0.039 0.097
0 0.750 0.597 0.072 0.068
0 0.640 0.684 0.039 0.112
0 0.598 0.659 0.048 0.193
0 0.567 0.650 0.040 0.180
0 0.537 0.634 0.031 0.170
0 0.515 0.632 0.033 0.146
0 0.491 0.636 0.028 0.154
0 0.464 0.632 0.033 0.164
0 0.440 0.639 0.030 0.182
0 0.408 0.651 0.037 0.185
0 0.382 0.656 0.038 0.209
0 0.297 0.649 0.079 0.117
0 0.258 0.589 0.069 0.099
