7 0.716 0.501 0.032 0.048
7 0.666 0.512 0.032 0.037
7 0.362 0.567 0.033 0.036
7 0.309 0.551 0.031 0.032
7 0.351 0.501 0.030 0.034
7 0.306 0.489 0.030 0.040
5 0.511 0.620 0.703 0.435
6 0.518 0.218 0.495 0.314
3 0.498 0.365 0.487 0.218
4 0.513 0.551 0.861 0.821
0 0.320 0.430 0.056 0.134
0 0.278 0.420 0.055 0.152
0 0.356 0.437 0.050 0.152
0 0.389 0.448 0.035 0.159
0 0.418 0.454 0.037 0.148
0 0.443 0.433 0.030 0.193
0 0.471 0.456 0.030 0.158
0 0.494 0.468 0.034 0.168
0 0.526 0.467 0.032 0.168
0 0.552 0.473 0.035 0.160
0 0.581 0.452 0.031 0.197
0 0.606 0.464 0.039 0.174
0 0.634 0.450 0.034 0.181
0 0.665 0.454 0.058 0.161
0 0.703 0.441 0.050 0.135
0 0.776 0.589 0.073 0.102
0 0.715 0.636 0.053 0.172
0 0.674 0.652 0.076 0.171
0 0.621 0.661 0.046 0.163
0 0.592 0.661 0.039 0.170
0 0.567 0.680 0.035 0.195
0 0.539 0.656 0.027 0.146
0 0.518 0.646 0.025 0.148
0 0.495 0.651 0.027 0.157
0 0.475 0.649 0.025 0.164
0 0.449 0.659 0.031 0.167
0 0.424 0.665 0.047 0.195
0 0.398 0.645 0.049 0.176
0 0.346 0.641 0.085 0.176
0 0.303 0.610 0.062 0.131
