7 0.304 0.467 0.042 0.045
7 0.345 0.470 0.041 0.049
7 0.421 0.440 0.039 0.049
7 0.531 0.482 0.020 0.021
7 0.610 0.459 0.018 0.020
7 0.642 0.468 0.022 0.024
7 0.585 0.536 0.022 0.021
7 0.425 0.545 0.022 0.021
7 0.392 0.552 0.027 0.021
7 0.351 0.558 0.048 0.047
7 0.296 0.543 0.043 0.034
10 0.704 0.546 0.039 0.040
8 0.412 0.381 0.028 0.084
5 0.515 0.615 0.769 0.368
4 0.515 0.533 0.948 0.723
6 0.507 0.169 0.617 0.315
3 0.494 0.310 0.583 0.214
0 0.253 0.403 0.050 0.177
0 0.300 0.406 0.045 0.170
0 0.351 0.404 0.054 0.155
0 0.407 0.375 0.036 0.135
0 0.439 0.388 0.042 0.207
0 0.472 0.395 0.029 0.191
0 0.503 0.395 0.035 0.189
0 0.533 0.377 0.033 0.193
0 0.558 0.400 0.026 0.183
0 0.589 0.386 0.039 0.207
0 0.615 0.389 0.051 0.189
0 0.646 0.399 0.040 0.160
0 0.682 0.410 0.055 0.183
0 0.728 0.402 0.047 0.173
0 0.768 0.392 0.061 0.154
0 0.767 0.575 0.065 0.156
0 0.719 0.624 0.074 0.203
0 0.665 0.648 0.060 0.160
7 0.659 0.565 0.047 0.053
0 0.623 0.627 0.047 0.202
0 0.584 0.629 0.029 0.179
0 0.557 0.619 0.026 0.225
0 0.533 0.581 0.024 0.154
0 0.515 0.573 0.026 0.133
0 0.498 0.579 0.024 0.139
0 0.479 0.593 0.032 0.161
0 0.454 0.622 0.036 0.204
0 0.423 0.639 0.033 0.185
0 0.388 0.633 0.032 0.158
0 0.340 0.635 0.062 0.199
0 0.286 0.628 0.068 0.154
0 0.237 0.601 0.056 0.177
