7 0.757 0.521 0.030 0.035
7 0.686 0.609 0.034 0.036
8 0.596 0.688 0.019 0.180
5 0.503 0.678 0.770 0.374
6 0.501 0.248 0.590 0.335
3 0.491 0.380 0.587 0.211
4 0.499 0.585 0.935 0.701
0 0.236 0.478 0.046 0.162
0 0.275 0.477 0.048 0.162
0 0.320 0.468 0.058 0.160
0 0.358 0.451 0.039 0.169
0 0.384 0.455 0.046 0.167
0 0.410 0.444 0.049 0.194
0 0.441 0.441 0.033 0.198
0 0.473 0.447 0.035 0.203
0 0.507 0.445 0.036 0.199
0 0.534 0.441 0.035 0.177
0 0.569 0.437 0.035 0.193
0 0.593 0.447 0.050 0.188
0 0.621 0.447 0.040 0.184
0 0.658 0.456 0.049 0.172
0 0.709 0.455 0.050 0.171
0 0.750 0.459 0.044 0.135
0 0.701 0.665 0.088 0.172
0 0.638 0.682 0.077 0.178
0 0.593 0.687 0.040 0.203
0 0.564 0.677 0.036 0.198
0 0.540 0.660 0.028 0.191
0 0.517 0.645 0.030 0.176
0 0.499 0.633 0.030 0.156
0 0.481 0.643 0.034 0.191
0 0.464 0.662 0.038 0.195
0 0.440 0.656 0.027 0.178
0 0.414 0.667 0.033 0.184
0 0.385 0.679 0.034 0.188
0 0.339 0.681 0.069 0.192
