11 0.328 0.648 0.009 0.035
11 0.673 0.658 0.010 0.035
11 0.732 0.617 0.015 0.040
1 0.737 0.636 0.037 0.088
1 0.674 0.681 0.028 0.085
1 0.326 0.668 0.027 0.086
9 0.689 0.591 0.103 0.105
9 0.340 0.591 0.055 0.090
10 0.773 0.454 0.036 0.056
10 0.680 0.499 0.033 0.038
10 0.273 0.483 0.038 0.038
10 0.247 0.531 0.026 0.047
10 0.296 0.548 0.037 0.041
9 0.624 0.603 0.039 0.082
7 0.743 0.466 0.035 0.070
8 0.732 0.391 0.031 0.099
5 0.509 0.575 0.733 0.402
6 0.510 0.204 0.581 0.320
3 0.505 0.338 0.618 0.228
4 0.507 0.537 0.870 0.726
0 0.245 0.344 0.053 0.117
0 0.278 0.432 0.059 0.165
0 0.327 0.439 0.056 0.149
0 0.368 0.438 0.042 0.170
0 0.407 0.437 0.049 0.184
0 0.431 0.444 0.039 0.180
0 0.460 0.454 0.031 0.177
0 0.493 0.451 0.040 0.173
0 0.527 0.452 0.035 0.175
0 0.556 0.448 0.032 0.170
0 0.589 0.428 0.035 0.208
0 0.617 0.443 0.042 0.167
0 0.648 0.444 0.045 0.167
0 0.697 0.431 0.056 0.172
0 0.732 0.419 0.046 0.170
0 0.778 0.395 0.049 0.131
0 0.772 0.563 0.073 0.117
0 0.630 0.677 0.027 0.089
0 0.596 0.639 0.044 0.155
0 0.569 0.653 0.034 0.163
0 0.541 0.641 0.030 0.158
0 0.519 0.629 0.026 0.134
0 0.497 0.632 0.025 0.140
0 0.475 0.644 0.033 0.169
0 0.446 0.646 0.035 0.159
0 0.417 0.645 0.049 0.162
0 0.380 0.635 0.050 0.167
0 0.277 0.611 0.075 0.171
0 0.225 0.545 0.082 0.117
