7 0.335 0.492 0.042 0.069
7 0.376 0.557 0.049 0.066
7 0.615 0.594 0.026 0.047
7 0.674 0.493 0.037 0.054
7 0.291 0.488 0.038 0.041
9 0.683 0.589 0.047 0.092
8 0.339 0.646 0.076 0.121
8 0.616 0.656 0.013 0.090
8 0.335 0.388 0.041 0.149
11 0.692 0.651 0.012 0.040
1 0.696 0.671 0.028 0.086
5 0.510 0.604 0.737 0.430
4 0.516 0.526 0.900 0.830
3 0.504 0.354 0.565 0.239
6 0.508 0.217 0.543 0.335
0 0.259 0.410 0.047 0.109
0 0.294 0.396 0.045 0.183
0 0.338 0.423 0.064 0.205
0 0.377 0.437 0.035 0.189
0 0.406 0.447 0.044 0.176
0 0.431 0.446 0.039 0.200
0 0.459 0.443 0.031 0.196
0 0.489 0.457 0.031 0.188
0 0.523 0.455 0.038 0.195
0 0.552 0.459 0.027 0.171
0 0.579 0.445 0.031 0.196
0 0.607 0.431 0.034 0.211
0 0.634 0.441 0.040 0.198
0 0.671 0.427 0.053 0.185
0 0.717 0.415 0.046 0.186
0 0.748 0.578 0.086 0.129
0 0.646 0.647 0.041 0.193
0 0.582 0.671 0.030 0.218
0 0.557 0.657 0.024 0.182
0 0.534 0.651 0.026 0.171
0 0.512 0.655 0.025 0.177
0 0.489 0.651 0.029 0.166
0 0.464 0.659 0.029 0.205
0 0.437 0.641 0.045 0.182
0 0.413 0.640 0.055 0.211
0 0.356 0.621 0.110 0.189
0 0.307 0.580 0.073 0.151
0 0.615 0.678 0.023 0.138
