11 0.327 0.426 0.010 0.046
8 0.639 0.454 0.011 0.047
1 0.325 0.407 0.026 0.119
9 0.323 0.497 0.046 0.086
9 0.647 0.503 0.197 0.115
9 0.628 0.627 0.136 0.093
7 0.289 0.603 0.026 0.052
0 0.363 0.475 0.033 0.156
6 0.511 0.250 0.588 0.306
3 0.509 0.380 0.600 0.198
4 0.516 0.572 0.896 0.709
5 0.516 0.657 0.756 0.326
0 0.390 0.471 0.038 0.172
0 0.417 0.472 0.041 0.173
0 0.443 0.482 0.034 0.163
0 0.475 0.462 0.037 0.203
0 0.510 0.463 0.032 0.194
0 0.538 0.464 0.030 0.185
0 0.576 0.428 0.037 0.135
0 0.607 0.432 0.033 0.123
0 0.637 0.450 0.029 0.065
0 0.723 0.418 0.034 0.119
0 0.727 0.634 0.079 0.146
0 0.684 0.699 0.059 0.127
0 0.589 0.714 0.029 0.096
0 0.551 0.674 0.037 0.187
0 0.529 0.655 0.030 0.160
0 0.506 0.652 0.024 0.137
0 0.487 0.646 0.024 0.142
0 0.465 0.656 0.026 0.158
0 0.442 0.683 0.031 0.197
0 0.411 0.678 0.034 0.181
0 0.378 0.674 0.047 0.180
0 0.335 0.670 0.071 0.178
0 0.285 0.629 0.061 0.164
