7 0.641 0.621 0.043 0.052
7 0.717 0.529 0.040 0.044
7 0.668 0.531 0.029 0.040
7 0.644 0.523 0.029 0.050
7 0.606 0.526 0.025 0.054
7 0.528 0.535 0.032 0.042
7 0.406 0.525 0.031 0.036
7 0.383 0.530 0.021 0.040
7 0.337 0.535 0.019 0.034
7 0.281 0.517 0.036 0.054
5 0.500 0.674 0.688 0.351
6 0.499 0.282 0.606 0.313
3 0.497 0.402 0.584 0.172
4 0.497 0.609 0.879 0.637
0 0.287 0.464 0.055 0.160
0 0.337 0.475 0.053 0.156
0 0.372 0.467 0.039 0.177
0 0.405 0.476 0.049 0.164
0 0.428 0.465 0.040 0.216
0 0.462 0.482 0.030 0.177
0 0.492 0.474 0.035 0.183
0 0.526 0.453 0.038 0.158
0 0.559 0.477 0.030 0.172
0 0.589 0.467 0.034 0.209
0 0.611 0.475 0.046 0.167
0 0.639 0.471 0.039 0.155
0 0.676 0.479 0.048 0.164
0 0.716 0.469 0.052 0.151
0 0.746 0.640 0.055 0.125
0 0.691 0.666 0.067 0.152
0 0.645 0.672 0.071 0.161
0 0.608 0.679 0.045 0.155
0 0.577 0.682 0.035 0.158
0 0.547 0.680 0.030 0.189
0 0.524 0.657 0.025 0.146
0 0.506 0.648 0.025 0.136
0 0.488 0.657 0.030 0.152
0 0.468 0.665 0.035 0.158
0 0.441 0.673 0.030 0.170
0 0.413 0.683 0.035 0.179
0 0.384 0.676 0.040 0.170
0 0.321 0.668 0.081 0.156
0 0.280 0.631 0.056 0.117
