11 0.625 0.692 0.012 0.045
11 0.662 0.678 0.012 0.036
11 0.607 0.453 0.010 0.041
11 0.565 0.458 0.009 0.040
11 0.404 0.462 0.010 0.046
11 0.359 0.454 0.009 0.055
8 0.384 0.454 0.012 0.097
8 0.519 0.468 0.014 0.101
8 0.291 0.476 0.011 0.058
8 0.317 0.456 0.026 0.075
10 0.290 0.531 0.025 0.058
1 0.359 0.430 0.027 0.134
1 0.407 0.450 0.024 0.086
1 0.566 0.447 0.026 0.113
1 0.607 0.443 0.028 0.116
1 0.667 0.703 0.032 0.101
1 0.629 0.717 0.034 0.111
5 0.493 0.639 0.625 0.366
6 0.492 0.271 0.448 0.270
3 0.489 0.396 0.488 0.166
4 0.496 0.559 0.778 0.709
0 0.285 0.497 0.035 0.153
0 0.318 0.450 0.042 0.097
9 0.360 0.515 0.115 0.104
9 0.564 0.533 0.107 0.083
9 0.620 0.646 0.112 0.093
9 0.389 0.660 0.136 0.103
0 0.384 0.442 0.024 0.082
0 0.431 0.496 0.030 0.161
0 0.449 0.507 0.026 0.146
0 0.471 0.514 0.027 0.159
0 0.496 0.514 0.030 0.159
0 0.521 0.462 0.026 0.091
0 0.639 0.489 0.044 0.161
0 0.580 0.713 0.023 0.089
0 0.557 0.676 0.027 0.170
0 0.537 0.674 0.024 0.148
0 0.521 0.676 0.027 0.138
0 0.503 0.675 0.027 0.140
0 0.486 0.686 0.034 0.148
0 0.467 0.693 0.033 0.153
0 0.444 0.713 0.027 0.106
