5 0.501 0.640 0.810 0.382
6 0.505 0.209 0.611 0.324
3 0.501 0.374 0.604 0.191
4 0.505 0.564 0.966 0.676
0 0.271 0.449 0.045 0.168
0 0.321 0.444 0.049 0.179
0 0.356 0.453 0.040 0.168
0 0.387 0.456 0.041 0.174
0 0.417 0.435 0.032 0.206
0 0.449 0.452 0.035 0.180
0 0.484 0.448 0.040 0.195
0 0.523 0.444 0.041 0.195
0 0.559 0.450 0.036 0.167
0 0.592 0.442 0.033 0.191
0 0.618 0.443 0.040 0.174
0 0.646 0.455 0.036 0.146
0 0.685 0.440 0.052 0.170
0 0.732 0.447 0.058 0.168
0 0.715 0.621 0.085 0.166
0 0.663 0.640 0.085 0.170
0 0.618 0.639 0.060 0.168
0 0.588 0.643 0.040 0.170
0 0.556 0.635 0.034 0.168
0 0.528 0.624 0.031 0.149
0 0.508 0.627 0.029 0.139
0 0.483 0.632 0.031 0.143
0 0.461 0.633 0.030 0.157
0 0.433 0.646 0.028 0.170
0 0.404 0.657 0.038 0.180
0 0.375 0.649 0.043 0.164
0 0.327 0.654 0.079 0.174
0 0.282 0.634 0.064 0.162
