10 0.295 0.494 0.025 0.035
10 0.348 0.499 0.027 0.042
10 0.377 0.497 0.040 0.046
10 0.365 0.578 0.056 0.045
10 0.314 0.576 0.056 0.062
5 0.482 0.636 0.759 0.366
4 0.493 0.575 0.960 0.658
6 0.506 0.239 0.595 0.267
3 0.516 0.353 0.612 0.197
0 0.252 0.428 0.051 0.124
0 0.293 0.443 0.051 0.159
0 0.334 0.444 0.050 0.157
0 0.376 0.424 0.038 0.133
0 0.405 0.436 0.044 0.169
0 0.435 0.420 0.039 0.210
0 0.462 0.424 0.027 0.178
0 0.487 0.419 0.035 0.197
0 0.519 0.426 0.036 0.182
0 0.547 0.428 0.029 0.171
0 0.579 0.416 0.035 0.208
0 0.604 0.421 0.039 0.198
0 0.637 0.435 0.041 0.174
0 0.672 0.429 0.050 0.173
0 0.715 0.425 0.047 0.173
0 0.756 0.412 0.046 0.148
0 0.747 0.593 0.067 0.161
0 0.698 0.627 0.068 0.187
0 0.644 0.634 0.067 0.174
0 0.605 0.634 0.045 0.180
0 0.579 0.630 0.034 0.176
0 0.553 0.634 0.028 0.188
0 0.529 0.615 0.030 0.160
0 0.510 0.609 0.024 0.152
0 0.492 0.609 0.024 0.158
0 0.474 0.626 0.029 0.185
0 0.449 0.633 0.028 0.199
0 0.426 0.638 0.031 0.191
0 0.400 0.639 0.035 0.182
0 0.358 0.658 0.060 0.155
0 0.302 0.645 0.059 0.143
0 0.260 0.591 0.064 0.165
