10 0.281 0.508 0.042 0.066
10 0.365 0.518 0.048 0.064
10 0.426 0.508 0.037 0.077
10 0.636 0.484 0.038 0.067
10 0.729 0.481 0.040 0.080
10 0.640 0.575 0.056 0.065
10 0.690 0.573 0.056 0.065
10 0.550 0.463 0.007 0.013
10 0.613 0.492 0.011 0.017
10 0.392 0.605 0.054 0.036
10 0.335 0.600 0.049 0.051
10 0.279 0.588 0.059 0.051
9 0.472 0.477 0.022 0.081
11 0.468 0.412 0.007 0.017
8 0.416 0.419 0.022 0.071
1 0.466 0.388 0.019 0.111
5 0.501 0.644 0.768 0.353
4 0.496 0.562 0.971 0.700
6 0.502 0.254 0.568 0.349
3 0.503 0.381 0.569 0.203
0 0.278 0.442 0.040 0.096
0 0.353 0.450 0.048 0.110
0 0.416 0.424 0.040 0.115
0 0.440 0.443 0.037 0.182
0 0.495 0.435 0.035 0.167
0 0.529 0.443 0.029 0.177
0 0.555 0.432 0.023 0.165
0 0.581 0.423 0.030 0.183
0 0.607 0.429 0.035 0.193
0 0.632 0.417 0.032 0.094
0 0.729 0.426 0.035 0.093
0 0.711 0.638 0.072 0.124
0 0.655 0.650 0.062 0.126
0 0.587 0.622 0.031 0.163
0 0.561 0.609 0.037 0.142
0 0.543 0.605 0.030 0.130
0 0.527 0.618 0.029 0.118
0 0.511 0.626 0.026 0.128
0 0.492 0.624 0.030 0.152
0 0.472 0.629 0.030 0.167
0 0.448 0.637 0.032 0.169
0 0.424 0.661 0.042 0.182
0 0.377 0.673 0.069 0.172
0 0.313 0.675 0.070 0.144
0 0.267 0.648 0.056 0.107
