7 0.306 0.568 0.030 0.048
7 0.351 0.579 0.024 0.040
7 0.653 0.572 0.029 0.046
7 0.693 0.575 0.025 0.042
6 0.506 0.279 0.532 0.344
3 0.509 0.450 0.517 0.178
4 0.503 0.636 0.857 0.610
0 0.309 0.516 0.045 0.169
0 0.355 0.520 0.054 0.160
0 0.390 0.513 0.035 0.158
0 0.413 0.508 0.038 0.158
0 0.431 0.486 0.036 0.191
0 0.459 0.505 0.023 0.169
0 0.483 0.507 0.028 0.161
0 0.511 0.508 0.029 0.158
0 0.537 0.512 0.027 0.151
0 0.567 0.504 0.036 0.187
0 0.588 0.515 0.034 0.147
0 0.611 0.520 0.035 0.144
0 0.647 0.518 0.051 0.150
0 0.693 0.510 0.050 0.144
0 0.671 0.705 0.074 0.163
0 0.617 0.719 0.079 0.168
0 0.576 0.709 0.037 0.155
0 0.552 0.695 0.030 0.160
0 0.531 0.694 0.021 0.180
0 0.510 0.679 0.021 0.153
0 0.496 0.674 0.024 0.142
0 0.480 0.678 0.028 0.139
0 0.464 0.683 0.030 0.141
0 0.447 0.699 0.027 0.176
0 0.423 0.705 0.032 0.164
0 0.399 0.706 0.033 0.145
0 0.361 0.725 0.067 0.172
0 0.312 0.701 0.060 0.156
