5 0.499 0.700 0.700 0.336
6 0.496 0.228 0.552 0.370
3 0.504 0.410 0.527 0.171
4 0.495 0.621 0.881 0.628
7 0.654 0.618 0.029 0.049
7 0.308 0.612 0.022 0.040
7 0.350 0.624 0.030 0.045
0 0.271 0.383 0.052 0.130
0 0.303 0.485 0.042 0.143
0 0.344 0.479 0.047 0.156
0 0.379 0.487 0.034 0.148
0 0.410 0.480 0.042 0.172
0 0.430 0.476 0.029 0.180
0 0.458 0.493 0.024 0.158
0 0.484 0.506 0.034 0.185
0 0.515 0.501 0.036 0.183
0 0.542 0.493 0.031 0.150
0 0.568 0.463 0.032 0.194
0 0.594 0.481 0.039 0.159
0 0.623 0.475 0.037 0.170
0 0.660 0.478 0.050 0.162
0 0.704 0.473 0.049 0.156
0 0.725 0.383 0.054 0.134
0 0.765 0.647 0.064 0.090
0 0.706 0.653 0.069 0.150
0 0.659 0.693 0.083 0.182
0 0.613 0.694 0.045 0.156
0 0.582 0.695 0.039 0.178
0 0.552 0.679 0.037 0.163
0 0.526 0.677 0.030 0.166
0 0.507 0.678 0.025 0.137
0 0.489 0.680 0.024 0.144
0 0.467 0.690 0.026 0.164
0 0.445 0.683 0.031 0.163
0 0.417 0.695 0.033 0.163
0 0.384 0.699 0.047 0.177
0 0.344 0.696 0.073 0.176
0 0.292 0.666 0.074 0.169
0 0.235 0.653 0.066 0.126
