7 0.341 0.641 0.031 0.046
7 0.370 0.722 0.022 0.043
10 0.669 0.625 0.015 0.029
10 0.355 0.720 0.015 0.029
5 0.502 0.804 0.658 0.315
4 0.493 0.693 0.865 0.591
6 0.497 0.334 0.534 0.376
3 0.502 0.495 0.508 0.204
0 0.294 0.583 0.049 0.178
0 0.344 0.590 0.056 0.154
0 0.385 0.571 0.040 0.168
0 0.412 0.557 0.048 0.181
0 0.431 0.548 0.033 0.155
0 0.461 0.538 0.028 0.178
0 0.488 0.531 0.031 0.185
0 0.523 0.532 0.034 0.178
0 0.548 0.525 0.034 0.178
0 0.579 0.529 0.037 0.181
0 0.606 0.535 0.039 0.176
0 0.638 0.554 0.038 0.175
0 0.673 0.560 0.046 0.172
0 0.713 0.562 0.053 0.161
0 0.703 0.745 0.050 0.167
0 0.656 0.764 0.066 0.182
0 0.613 0.757 0.044 0.185
0 0.584 0.744 0.029 0.185
0 0.558 0.748 0.027 0.217
0 0.535 0.722 0.027 0.172
0 0.514 0.718 0.030 0.168
0 0.498 0.718 0.036 0.169
0 0.482 0.726 0.042 0.173
0 0.463 0.760 0.049 0.214
0 0.434 0.771 0.042 0.196
0 0.408 0.792 0.039 0.195
0 0.358 0.801 0.082 0.195
0 0.305 0.781 0.057 0.160
