5 0.482 0.703 0.748 0.342
4 0.480 0.602 0.948 0.676
6 0.493 0.258 0.618 0.378
3 0.488 0.408 0.590 0.223
0 0.248 0.491 0.044 0.170
0 0.284 0.506 0.049 0.169
0 0.328 0.513 0.049 0.167
0 0.355 0.511 0.041 0.165
0 0.381 0.502 0.054 0.169
0 0.403 0.492 0.048 0.151
0 0.427 0.471 0.040 0.150
0 0.455 0.457 0.048 0.156
0 0.494 0.451 0.033 0.159
0 0.524 0.464 0.028 0.137
0 0.552 0.459 0.032 0.157
0 0.575 0.475 0.046 0.156
0 0.604 0.479 0.040 0.158
0 0.644 0.478 0.054 0.158
0 0.694 0.486 0.047 0.166
0 0.737 0.469 0.043 0.149
0 0.740 0.626 0.081 0.150
0 0.683 0.655 0.074 0.163
0 0.630 0.656 0.075 0.157
0 0.587 0.659 0.045 0.161
0 0.565 0.656 0.044 0.160
0 0.534 0.651 0.028 0.194
0 0.512 0.626 0.024 0.158
0 0.495 0.625 0.026 0.152
0 0.478 0.627 0.026 0.154
0 0.461 0.636 0.026 0.153
0 0.439 0.666 0.028 0.181
0 0.414 0.677 0.029 0.168
0 0.392 0.684 0.033 0.171
0 0.349 0.687 0.068 0.171
0 0.299 0.684 0.073 0.169
0 0.250 0.654 0.077 0.158
