8 0.677 0.462 0.029 0.081
8 0.357 0.457 0.040 0.078
8 0.328 0.452 0.033 0.079
8 0.347 0.656 0.037 0.072
9 0.641 0.640 0.108 0.112
9 0.388 0.618 0.105 0.103
9 0.374 0.505 0.057 0.118
7 0.682 0.535 0.030 0.057
7 0.720 0.530 0.034 0.042
7 0.637 0.546 0.030 0.042
7 0.448 0.607 0.023 0.044
7 0.327 0.517 0.049 0.064
7 0.407 0.536 0.026 0.042
1 0.627 0.731 0.023 0.098
1 0.692 0.726 0.033 0.089
11 0.690 0.720 0.013 0.033
11 0.626 0.728 0.009 0.036
4 0.510 0.600 0.856 0.633
6 0.505 0.258 0.573 0.373
3 0.507 0.403 0.522 0.189
5 0.512 0.664 0.673 0.376
0 0.329 0.455 0.049 0.097
0 0.362 0.455 0.057 0.084
0 0.412 0.477 0.034 0.137
0 0.431 0.466 0.031 0.193
0 0.460 0.475 0.032 0.159
0 0.489 0.483 0.030 0.165
0 0.517 0.480 0.039 0.179
0 0.547 0.482 0.029 0.149
0 0.574 0.478 0.037 0.192
0 0.600 0.482 0.033 0.160
0 0.630 0.496 0.047 0.150
0 0.674 0.488 0.049 0.149
0 0.715 0.477 0.046 0.116
0 0.723 0.617 0.067 0.142
0 0.578 0.674 0.032 0.181
0 0.556 0.662 0.024 0.169
0 0.532 0.662 0.026 0.167
0 0.515 0.660 0.025 0.156
0 0.497 0.656 0.025 0.153
0 0.474 0.670 0.027 0.173
0 0.438 0.685 0.032 0.123
0 0.398 0.684 0.047 0.081
0 0.347 0.665 0.052 0.085
