10 0.292 0.520 0.050 0.056
7 0.566 0.496 0.023 0.057
7 0.593 0.475 0.023 0.072
8 0.696 0.647 0.047 0.079
9 0.635 0.606 0.123 0.153
5 0.502 0.640 0.687 0.354
3 0.509 0.362 0.630 0.185
6 0.502 0.203 0.566 0.292
4 0.515 0.570 0.857 0.725
0 0.247 0.445 0.042 0.181
0 0.286 0.427 0.046 0.155
0 0.414 0.445 0.036 0.210
0 0.451 0.444 0.035 0.202
0 0.485 0.442 0.037 0.208
0 0.530 0.433 0.032 0.220
0 0.558 0.435 0.026 0.185
0 0.588 0.436 0.030 0.196
0 0.620 0.446 0.042 0.182
0 0.726 0.570 0.080 0.178
0 0.697 0.647 0.055 0.100
0 0.591 0.688 0.025 0.100
0 0.564 0.656 0.035 0.217
0 0.540 0.642 0.033 0.193
0 0.518 0.640 0.032 0.179
0 0.497 0.646 0.030 0.184
0 0.476 0.649 0.028 0.203
0 0.450 0.656 0.030 0.203
0 0.410 0.658 0.038 0.188
