11 0.607 0.487 0.009 0.038
1 0.607 0.470 0.019 0.090
9 0.610 0.540 0.040 0.066
6 0.511 0.287 0.544 0.309
3 0.511 0.441 0.552 0.155
4 0.519 0.583 0.907 0.689
0 0.283 0.476 0.025 0.072
0 0.321 0.491 0.038 0.138
0 0.372 0.490 0.034 0.181
0 0.431 0.488 0.036 0.175
0 0.459 0.506 0.029 0.134
0 0.489 0.500 0.032 0.150
0 0.525 0.500 0.034 0.157
0 0.549 0.510 0.032 0.155
0 0.580 0.491 0.030 0.193
0 0.636 0.509 0.037 0.167
0 0.694 0.489 0.046 0.151
0 0.734 0.466 0.040 0.149
0 0.744 0.619 0.069 0.132
0 0.703 0.655 0.082 0.139
0 0.614 0.678 0.038 0.159
0 0.584 0.677 0.040 0.163
0 0.554 0.685 0.031 0.189
0 0.527 0.675 0.024 0.149
0 0.508 0.687 0.024 0.149
0 0.487 0.678 0.030 0.143
0 0.466 0.677 0.030 0.164
0 0.442 0.686 0.039 0.176
0 0.416 0.685 0.039 0.173
0 0.388 0.680 0.040 0.155
0 0.306 0.651 0.086 0.147
0 0.267 0.616 0.072 0.129
0 0.405 0.500 0.039 0.157
