6 0.501 0.190 0.549 0.381
3 0.497 0.353 0.574 0.182
4 0.488 0.500 0.894 0.907
0 0.248 0.390 0.056 0.127
0 0.285 0.413 0.044 0.150
0 0.336 0.420 0.053 0.170
0 0.366 0.443 0.036 0.166
0 0.398 0.433 0.037 0.186
0 0.423 0.433 0.042 0.211
0 0.459 0.433 0.035 0.180
0 0.492 0.426 0.034 0.198
0 0.524 0.423 0.034 0.184
0 0.557 0.415 0.033 0.188
0 0.588 0.425 0.035 0.199
0 0.616 0.421 0.032 0.183
0 0.643 0.416 0.029 0.166
0 0.678 0.407 0.046 0.148
0 0.719 0.392 0.044 0.149
0 0.753 0.375 0.051 0.137
0 0.787 0.530 0.074 0.111
0 0.725 0.549 0.055 0.144
0 0.684 0.571 0.069 0.150
0 0.647 0.593 0.047 0.159
0 0.612 0.605 0.036 0.158
0 0.580 0.631 0.046 0.205
0 0.552 0.619 0.033 0.165
0 0.531 0.624 0.042 0.163
0 0.507 0.628 0.033 0.166
0 0.478 0.624 0.031 0.163
0 0.446 0.636 0.034 0.203
0 0.414 0.629 0.040 0.179
0 0.381 0.615 0.050 0.167
0 0.331 0.607 0.083 0.164
0 0.281 0.579 0.070 0.157
0 0.227 0.553 0.062 0.137
