8 0.629 0.386 0.017 0.128
8 0.670 0.355 0.037 0.107
7 0.669 0.441 0.033 0.077
7 0.627 0.464 0.017 0.034
7 0.353 0.520 0.054 0.054
7 0.382 0.473 0.030 0.037
10 0.402 0.473 0.022 0.034
7 0.607 0.468 0.017 0.034
6 0.509 0.354 0.557 0.701
3 0.501 0.314 0.552 0.216
4 0.510 0.528 0.828 0.773
0 0.377 0.425 0.036 0.157
0 0.412 0.423 0.046 0.162
0 0.434 0.391 0.039 0.205
0 0.463 0.421 0.025 0.151
0 0.486 0.411 0.031 0.157
0 0.517 0.413 0.031 0.167
0 0.544 0.423 0.025 0.151
0 0.569 0.406 0.035 0.207
0 0.597 0.418 0.041 0.169
0 0.629 0.405 0.035 0.173
0 0.673 0.396 0.050 0.181
0 0.732 0.417 0.042 0.121
0 0.657 0.593 0.075 0.178
0 0.613 0.596 0.046 0.159
0 0.592 0.607 0.043 0.172
0 0.563 0.606 0.032 0.160
0 0.537 0.587 0.024 0.141
0 0.519 0.580 0.029 0.143
0 0.500 0.580 0.030 0.149
0 0.479 0.585 0.035 0.137
0 0.459 0.613 0.037 0.192
0 0.431 0.601 0.035 0.169
0 0.398 0.596 0.040 0.179
0 0.339 0.576 0.079 0.173
5 0.514 0.601 0.664 0.389
