8 0.378 0.529 0.026 0.134
8 0.398 0.505 0.016 0.100
7 0.406 0.576 0.028 0.049
7 0.376 0.575 0.024 0.055
7 0.687 0.647 0.036 0.042
7 0.323 0.646 0.036 0.050
5 0.501 0.695 0.759 0.328
6 0.502 0.334 0.615 0.382
3 0.503 0.471 0.593 0.177
4 0.521 0.643 0.937 0.613
0 0.248 0.537 0.048 0.152
0 0.289 0.543 0.041 0.154
0 0.335 0.551 0.058 0.129
0 0.372 0.534 0.033 0.149
0 0.398 0.529 0.033 0.156
0 0.427 0.523 0.035 0.161
0 0.452 0.530 0.035 0.142
0 0.479 0.517 0.030 0.157
0 0.511 0.515 0.037 0.157
0 0.536 0.529 0.033 0.140
0 0.564 0.534 0.039 0.171
0 0.592 0.538 0.049 0.153
0 0.622 0.548 0.042 0.123
0 0.663 0.550 0.058 0.138
0 0.715 0.555 0.052 0.140
0 0.758 0.554 0.045 0.142
0 0.749 0.693 0.071 0.132
0 0.691 0.712 0.066 0.158
0 0.638 0.697 0.069 0.156
0 0.596 0.702 0.049 0.160
0 0.568 0.708 0.039 0.163
0 0.542 0.704 0.031 0.188
0 0.521 0.687 0.028 0.155
0 0.504 0.682 0.024 0.140
0 0.486 0.684 0.023 0.140
0 0.468 0.685 0.028 0.140
0 0.449 0.696 0.023 0.160
0 0.428 0.689 0.033 0.146
0 0.397 0.696 0.039 0.156
0 0.314 0.702 0.071 0.164
0 0.264 0.694 0.067 0.165
