10 0.310 0.589 0.045 0.043
10 0.708 0.587 0.061 0.048
10 0.763 0.571 0.041 0.052
10 0.740 0.531 0.050 0.041
10 0.283 0.528 0.038 0.042
7 0.258 0.578 0.035 0.046
5 0.517 0.651 0.889 0.343
6 0.517 0.243 0.745 0.317
3 0.523 0.399 0.727 0.212
4 0.496 0.609 0.992 0.662
0 0.234 0.454 0.048 0.165
0 0.282 0.468 0.060 0.153
0 0.326 0.463 0.035 0.169
0 0.361 0.468 0.044 0.176
0 0.397 0.471 0.050 0.182
0 0.437 0.469 0.041 0.184
0 0.484 0.461 0.052 0.208
0 0.533 0.467 0.050 0.200
0 0.579 0.475 0.044 0.182
0 0.622 0.468 0.045 0.193
0 0.655 0.472 0.046 0.191
0 0.691 0.470 0.040 0.169
0 0.740 0.457 0.063 0.171
0 0.792 0.450 0.056 0.157
0 0.786 0.628 0.100 0.159
0 0.716 0.669 0.084 0.155
0 0.660 0.671 0.049 0.176
0 0.623 0.669 0.042 0.171
0 0.592 0.682 0.054 0.196
0 0.552 0.662 0.050 0.155
0 0.521 0.663 0.047 0.132
0 0.490 0.649 0.038 0.127
0 0.458 0.659 0.034 0.137
0 0.419 0.674 0.050 0.171
0 0.386 0.661 0.039 0.151
0 0.354 0.661 0.048 0.171
0 0.299 0.666 0.079 0.176
0 0.242 0.638 0.081 0.164
