7 0.671 0.560 0.038 0.052
5 0.505 0.654 0.657 0.355
6 0.506 0.208 0.502 0.305
3 0.506 0.384 0.503 0.220
4 0.497 0.579 0.807 0.732
0 0.331 0.456 0.050 0.190
0 0.377 0.475 0.052 0.164
0 0.412 0.488 0.035 0.153
0 0.432 0.464 0.039 0.201
0 0.461 0.480 0.028 0.170
0 0.487 0.480 0.032 0.174
0 0.522 0.474 0.033 0.187
0 0.548 0.477 0.029 0.153
0 0.575 0.449 0.032 0.208
0 0.599 0.469 0.035 0.159
0 0.636 0.460 0.051 0.178
0 0.680 0.442 0.046 0.182
0 0.680 0.633 0.078 0.160
0 0.630 0.644 0.076 0.187
0 0.589 0.643 0.042 0.165
0 0.562 0.662 0.027 0.194
0 0.538 0.664 0.025 0.176
0 0.515 0.659 0.023 0.155
0 0.492 0.655 0.028 0.151
0 0.472 0.655 0.025 0.160
0 0.451 0.664 0.033 0.190
0 0.426 0.651 0.037 0.162
0 0.382 0.659 0.079 0.188
0 0.340 0.637 0.067 0.167
