5 0.497 0.684 0.777 0.341
6 0.509 0.236 0.632 0.287
3 0.506 0.399 0.627 0.206
4 0.507 0.591 0.965 0.594
0 0.248 0.486 0.041 0.154
0 0.294 0.497 0.049 0.147
0 0.339 0.494 0.059 0.153
0 0.372 0.491 0.042 0.155
0 0.402 0.494 0.049 0.165
0 0.428 0.476 0.041 0.189
0 0.462 0.500 0.029 0.147
0 0.494 0.493 0.037 0.161
0 0.532 0.495 0.039 0.165
0 0.562 0.497 0.028 0.140
0 0.596 0.483 0.039 0.161
0 0.624 0.491 0.041 0.146
0 0.654 0.489 0.035 0.138
0 0.689 0.485 0.050 0.151
0 0.735 0.478 0.045 0.172
0 0.727 0.648 0.082 0.151
0 0.670 0.659 0.073 0.164
0 0.635 0.665 0.050 0.163
0 0.603 0.665 0.046 0.163
0 0.576 0.667 0.041 0.165
0 0.544 0.650 0.027 0.127
0 0.522 0.653 0.026 0.139
0 0.499 0.648 0.026 0.129
0 0.476 0.648 0.028 0.132
0 0.447 0.671 0.037 0.168
0 0.418 0.679 0.039 0.172
0 0.390 0.666 0.049 0.157
0 0.350 0.662 0.074 0.151
0 0.289 0.645 0.080 0.140
0 0.240 0.623 0.071 0.124
