8 0.255 0.434 0.024 0.082
8 0.348 0.434 0.017 0.072
8 0.583 0.410 0.025 0.105
11 0.504 0.722 0.010 0.045
11 0.534 0.729 0.011 0.028
9 0.639 0.634 0.054 0.070
10 0.707 0.548 0.032 0.017
10 0.316 0.528 0.022 0.021
7 0.334 0.519 0.021 0.039
7 0.390 0.501 0.030 0.030
7 0.510 0.491 0.008 0.013
7 0.578 0.490 0.025 0.052
9 0.513 0.642 0.053 0.148
9 0.318 0.627 0.168 0.104
9 0.357 0.496 0.037 0.072
9 0.261 0.513 0.049 0.074
1 0.503 0.728 0.028 0.113
1 0.536 0.748 0.031 0.083
0 0.256 0.433 0.038 0.101
0 0.308 0.465 0.050 0.168
0 0.348 0.426 0.033 0.085
0 0.383 0.440 0.060 0.189
0 0.412 0.429 0.058 0.221
0 0.449 0.449 0.057 0.201
0 0.491 0.434 0.043 0.203
0 0.537 0.440 0.043 0.195
0 0.579 0.450 0.044 0.195
0 0.610 0.451 0.056 0.211
0 0.641 0.451 0.064 0.178
0 0.670 0.457 0.056 0.179
0 0.710 0.482 0.074 0.176
0 0.651 0.726 0.049 0.129
0 0.607 0.684 0.046 0.194
0 0.575 0.659 0.039 0.227
0 0.549 0.652 0.028 0.205
0 0.476 0.653 0.029 0.188
0 0.445 0.669 0.036 0.212
0 0.409 0.679 0.040 0.187
0 0.372 0.714 0.046 0.164
0 0.244 0.699 0.070 0.132
5 0.525 0.688 0.852 0.326
6 0.513 0.230 0.732 0.354
3 0.514 0.372 0.714 0.202
4 0.506 0.628 0.986 0.594
