10 0.717 0.527 0.015 0.027
10 0.667 0.536 0.020 0.028
10 0.342 0.544 0.021 0.028
10 0.290 0.520 0.022 0.044
10 0.701 0.574 0.040 0.037
10 0.648 0.587 0.031 0.030
10 0.357 0.588 0.040 0.032
10 0.300 0.578 0.040 0.036
5 0.507 0.663 0.713 0.350
6 0.493 0.256 0.590 0.322
4 0.510 0.595 0.845 0.636
3 0.500 0.392 0.570 0.164
0 0.260 0.467 0.041 0.140
0 0.296 0.464 0.042 0.166
0 0.341 0.476 0.050 0.170
0 0.375 0.486 0.041 0.145
0 0.401 0.467 0.046 0.189
0 0.428 0.455 0.037 0.197
0 0.459 0.467 0.027 0.166
0 0.486 0.457 0.030 0.185
0 0.520 0.458 0.032 0.187
0 0.547 0.460 0.033 0.177
0 0.579 0.463 0.033 0.183
0 0.604 0.474 0.041 0.166
0 0.632 0.465 0.034 0.193
0 0.668 0.468 0.056 0.178
0 0.714 0.470 0.050 0.170
0 0.778 0.634 0.070 0.140
0 0.714 0.644 0.074 0.162
0 0.658 0.652 0.083 0.174
0 0.615 0.654 0.050 0.174
0 0.586 0.654 0.040 0.174
0 0.564 0.669 0.033 0.195
0 0.536 0.647 0.026 0.175
0 0.515 0.647 0.030 0.168
0 0.494 0.654 0.030 0.166
0 0.476 0.651 0.032 0.183
0 0.447 0.659 0.036 0.191
0 0.425 0.660 0.040 0.182
0 0.393 0.658 0.048 0.170
0 0.348 0.670 0.077 0.202
0 0.293 0.643 0.073 0.156
0 0.225 0.632 0.046 0.144
