7 0.675 0.513 0.039 0.062
7 0.620 0.522 0.022 0.040
7 0.344 0.593 0.031 0.042
8 0.698 0.434 0.036 0.104
5 0.501 0.663 0.762 0.310
6 0.504 0.262 0.637 0.395
3 0.505 0.400 0.618 0.207
4 0.501 0.589 0.933 0.620
0 0.269 0.486 0.047 0.165
0 0.318 0.486 0.058 0.153
0 0.355 0.472 0.038 0.173
0 0.387 0.466 0.038 0.173
0 0.414 0.456 0.037 0.170
0 0.446 0.450 0.030 0.156
0 0.478 0.441 0.035 0.168
0 0.515 0.440 0.035 0.168
0 0.545 0.450 0.035 0.163
0 0.577 0.453 0.036 0.168
0 0.610 0.462 0.039 0.158
0 0.641 0.451 0.040 0.186
0 0.686 0.465 0.064 0.180
0 0.733 0.473 0.055 0.171
0 0.712 0.636 0.060 0.170
0 0.653 0.640 0.067 0.176
0 0.608 0.645 0.042 0.182
0 0.582 0.639 0.035 0.180
0 0.551 0.637 0.030 0.181
0 0.526 0.624 0.028 0.153
0 0.505 0.623 0.025 0.149
0 0.486 0.612 0.025 0.146
0 0.468 0.625 0.027 0.166
0 0.442 0.633 0.030 0.170
0 0.414 0.642 0.034 0.171
0 0.386 0.645 0.038 0.176
0 0.345 0.643 0.062 0.156
0 0.286 0.643 0.067 0.154
