6 0.498 0.212 0.598 0.345
3 0.485 0.368 0.595 0.190
4 0.501 0.539 0.951 0.826
0 0.226 0.437 0.057 0.130
0 0.262 0.439 0.047 0.161
0 0.307 0.443 0.046 0.181
0 0.345 0.461 0.029 0.172
0 0.375 0.470 0.036 0.159
0 0.401 0.441 0.043 0.219
0 0.434 0.448 0.042 0.197
0 0.468 0.453 0.045 0.197
0 0.500 0.458 0.045 0.189
0 0.530 0.440 0.049 0.185
0 0.566 0.450 0.042 0.188
0 0.599 0.449 0.045 0.179
0 0.637 0.450 0.040 0.173
0 0.682 0.440 0.054 0.182
0 0.732 0.436 0.061 0.156
0 0.770 0.420 0.072 0.117
0 0.769 0.577 0.076 0.163
0 0.716 0.613 0.077 0.157
0 0.670 0.642 0.085 0.186
0 0.619 0.659 0.056 0.197
0 0.582 0.660 0.045 0.194
0 0.550 0.668 0.034 0.239
0 0.524 0.636 0.033 0.163
0 0.501 0.643 0.023 0.152
0 0.483 0.645 0.026 0.153
0 0.464 0.649 0.034 0.168
0 0.438 0.669 0.037 0.220
0 0.407 0.660 0.034 0.179
0 0.374 0.660 0.039 0.195
0 0.326 0.649 0.065 0.186
0 0.279 0.622 0.071 0.164
0 0.234 0.584 0.070 0.149
