5 0.494 0.672 0.758 0.368
4 0.485 0.597 0.949 0.698
6 0.502 0.242 0.603 0.342
3 0.496 0.425 0.587 0.192
10 0.346 0.562 0.038 0.045
10 0.294 0.549 0.038 0.051
0 0.263 0.478 0.059 0.133
0 0.298 0.491 0.052 0.177
0 0.352 0.498 0.061 0.164
0 0.383 0.498 0.040 0.174
0 0.410 0.497 0.041 0.184
0 0.439 0.496 0.032 0.192
0 0.467 0.510 0.030 0.160
0 0.497 0.518 0.037 0.156
0 0.531 0.512 0.037 0.184
0 0.565 0.501 0.031 0.168
0 0.591 0.503 0.033 0.176
0 0.617 0.515 0.035 0.166
0 0.643 0.515 0.038 0.165
0 0.673 0.509 0.046 0.162
0 0.719 0.496 0.043 0.174
0 0.748 0.475 0.058 0.152
0 0.749 0.643 0.071 0.152
0 0.702 0.683 0.067 0.159
0 0.651 0.693 0.058 0.167
0 0.612 0.684 0.040 0.144
0 0.589 0.695 0.033 0.165
0 0.564 0.700 0.031 0.176
0 0.540 0.697 0.034 0.161
0 0.515 0.685 0.025 0.147
0 0.489 0.689 0.025 0.150
0 0.465 0.686 0.026 0.153
0 0.441 0.692 0.032 0.171
0 0.414 0.684 0.038 0.157
0 0.390 0.677 0.044 0.167
0 0.350 0.693 0.069 0.182
0 0.294 0.673 0.077 0.171
0 0.247 0.623 0.079 0.152
