8 0.693 0.713 0.035 0.090
8 0.607 0.750 0.013 0.064
8 0.694 0.493 0.023 0.057
8 0.676 0.491 0.017 0.070
8 0.632 0.519 0.007 0.042
8 0.582 0.501 0.022 0.076
8 0.395 0.492 0.009 0.026
8 0.365 0.506 0.036 0.089
9 0.644 0.662 0.116 0.093
9 0.376 0.654 0.050 0.062
9 0.388 0.569 0.071 0.069
7 0.347 0.570 0.019 0.046
7 0.435 0.571 0.030 0.043
7 0.582 0.572 0.025 0.066
7 0.671 0.557 0.029 0.067
7 0.700 0.558 0.031 0.075
7 0.304 0.621 0.019 0.033
7 0.338 0.638 0.034 0.046
7 0.402 0.691 0.011 0.020
0 0.295 0.528 0.054 0.157
0 0.334 0.528 0.040 0.155
0 0.364 0.496 0.050 0.112
0 0.396 0.497 0.030 0.102
0 0.430 0.524 0.047 0.165
0 0.443 0.509 0.026 0.143
0 0.467 0.519 0.025 0.141
0 0.486 0.508 0.027 0.159
0 0.513 0.509 0.024 0.154
0 0.535 0.520 0.024 0.138
0 0.558 0.521 0.029 0.159
0 0.577 0.524 0.038 0.161
0 0.607 0.517 0.027 0.084
0 0.641 0.513 0.042 0.082
0 0.673 0.508 0.028 0.118
0 0.707 0.514 0.050 0.134
0 0.729 0.664 0.066 0.156
0 0.692 0.717 0.046 0.093
0 0.606 0.746 0.027 0.100
0 0.573 0.700 0.035 0.144
0 0.551 0.693 0.024 0.143
0 0.529 0.690 0.024 0.148
0 0.511 0.682 0.024 0.140
0 0.492 0.684 0.024 0.144
0 0.477 0.692 0.029 0.164
0 0.454 0.699 0.031 0.177
0 0.435 0.706 0.039 0.154
0 0.406 0.711 0.035 0.168
0 0.363 0.727 0.058 0.113
0 0.320 0.686 0.059 0.151
0 0.274 0.653 0.070 0.127
5 0.509 0.690 0.662 0.359
4 0.510 0.612 0.825 0.643
6 0.507 0.314 0.492 0.304
3 0.505 0.483 0.497 0.139
