9 0.657 0.607 0.131 0.102
10 0.700 0.513 0.028 0.033
10 0.645 0.515 0.030 0.040
10 0.316 0.506 0.042 0.064
10 0.325 0.574 0.028 0.040
7 0.356 0.500 0.040 0.052
7 0.374 0.576 0.031 0.044
7 0.584 0.592 0.024 0.037
8 0.706 0.629 0.038 0.052
6 0.509 0.188 0.538 0.357
4 0.509 0.550 0.901 0.720
5 0.503 0.671 0.718 0.339
3 0.502 0.368 0.528 0.208
0 0.279 0.431 0.061 0.170
0 0.311 0.428 0.042 0.163
0 0.361 0.456 0.060 0.169
0 0.397 0.447 0.043 0.168
0 0.424 0.423 0.031 0.203
0 0.452 0.445 0.032 0.158
0 0.480 0.427 0.034 0.198
0 0.517 0.431 0.035 0.190
0 0.546 0.447 0.030 0.153
0 0.574 0.440 0.036 0.194
0 0.603 0.451 0.046 0.176
0 0.645 0.462 0.058 0.154
0 0.690 0.456 0.062 0.162
0 0.718 0.403 0.069 0.116
0 0.764 0.630 0.058 0.115
0 0.707 0.641 0.054 0.094
0 0.618 0.702 0.029 0.119
0 0.577 0.662 0.036 0.166
0 0.552 0.641 0.030 0.182
0 0.528 0.622 0.029 0.163
0 0.507 0.618 0.026 0.160
0 0.487 0.618 0.026 0.162
0 0.466 0.616 0.030 0.153
0 0.441 0.630 0.029 0.180
0 0.414 0.641 0.035 0.180
0 0.368 0.631 0.071 0.161
0 0.320 0.620 0.065 0.152
