7 0.671 0.476 0.034 0.045
7 0.316 0.469 0.020 0.040
10 0.302 0.549 0.027 0.040
5 0.492 0.615 0.762 0.439
4 0.488 0.534 0.959 0.792
6 0.495 0.186 0.599 0.371
3 0.501 0.345 0.561 0.193
0 0.287 0.400 0.049 0.182
0 0.332 0.415 0.054 0.183
0 0.369 0.414 0.035 0.195
0 0.401 0.409 0.039 0.205
0 0.427 0.412 0.033 0.217
0 0.458 0.431 0.029 0.172
0 0.482 0.441 0.031 0.183
0 0.528 0.444 0.029 0.189
0 0.555 0.440 0.027 0.172
0 0.583 0.416 0.034 0.197
0 0.610 0.432 0.035 0.185
0 0.637 0.415 0.032 0.171
0 0.671 0.400 0.050 0.191
0 0.714 0.390 0.044 0.199
0 0.753 0.397 0.045 0.152
0 0.754 0.572 0.063 0.144
0 0.720 0.604 0.088 0.168
0 0.663 0.633 0.072 0.190
0 0.621 0.645 0.042 0.178
0 0.585 0.648 0.033 0.193
0 0.558 0.650 0.029 0.214
0 0.531 0.616 0.026 0.144
0 0.510 0.620 0.027 0.136
0 0.491 0.628 0.025 0.154
0 0.470 0.637 0.027 0.179
0 0.443 0.667 0.029 0.238
0 0.415 0.657 0.037 0.197
0 0.382 0.659 0.048 0.193
0 0.335 0.657 0.090 0.211
0 0.278 0.609 0.098 0.175
0 0.248 0.548 0.068 0.158
