5 0.491 0.644 0.757 0.370
4 0.489 0.564 0.978 0.757
3 0.500 0.339 0.616 0.214
6 0.489 0.207 0.675 0.323
8 0.318 0.396 0.031 0.099
7 0.335 0.468 0.030 0.059
0 0.249 0.387 0.055 0.143
0 0.281 0.429 0.047 0.177
0 0.325 0.416 0.050 0.171
0 0.366 0.425 0.041 0.189
0 0.390 0.428 0.044 0.181
0 0.414 0.413 0.038 0.209
0 0.441 0.405 0.036 0.195
0 0.474 0.410 0.033 0.192
0 0.507 0.407 0.040 0.212
0 0.540 0.401 0.030 0.192
0 0.573 0.403 0.036 0.214
0 0.602 0.434 0.039 0.167
0 0.633 0.435 0.036 0.163
0 0.685 0.429 0.043 0.171
0 0.730 0.441 0.038 0.138
0 0.748 0.602 0.058 0.179
0 0.705 0.615 0.062 0.187
0 0.650 0.616 0.068 0.175
0 0.606 0.618 0.044 0.179
0 0.584 0.620 0.030 0.187
0 0.560 0.619 0.030 0.187
0 0.534 0.616 0.026 0.192
0 0.514 0.616 0.023 0.196
0 0.497 0.618 0.029 0.192
0 0.476 0.621 0.032 0.206
0 0.448 0.615 0.033 0.197
0 0.423 0.618 0.035 0.193
0 0.402 0.623 0.043 0.196
0 0.354 0.626 0.075 0.189
0 0.289 0.612 0.077 0.174
0 0.244 0.602 0.062 0.157
