5 0.510 0.678 0.718 0.301
4 0.503 0.607 0.934 0.608
6 0.510 0.280 0.600 0.258
3 0.500 0.416 0.563 0.183
7 0.362 0.608 0.050 0.057
0 0.259 0.490 0.040 0.159
0 0.298 0.493 0.044 0.158
0 0.340 0.487 0.052 0.181
0 0.371 0.478 0.046 0.172
0 0.402 0.476 0.042 0.171
0 0.426 0.459 0.037 0.186
0 0.456 0.464 0.029 0.156
0 0.480 0.447 0.041 0.166
0 0.518 0.449 0.052 0.191
0 0.542 0.461 0.034 0.161
0 0.577 0.450 0.040 0.179
0 0.600 0.472 0.043 0.173
0 0.626 0.467 0.037 0.175
0 0.662 0.478 0.049 0.168
0 0.707 0.468 0.052 0.199
0 0.742 0.485 0.047 0.165
0 0.697 0.649 0.064 0.173
7 0.655 0.595 0.022 0.040
0 0.645 0.651 0.061 0.161
0 0.607 0.652 0.040 0.173
0 0.579 0.654 0.028 0.184
0 0.551 0.654 0.029 0.199
0 0.529 0.637 0.024 0.152
0 0.508 0.642 0.029 0.171
0 0.489 0.638 0.026 0.168
0 0.469 0.641 0.024 0.157
0 0.447 0.663 0.026 0.199
0 0.421 0.651 0.029 0.156
0 0.395 0.657 0.040 0.174
0 0.359 0.660 0.046 0.172
0 0.310 0.664 0.055 0.154
0 0.261 0.636 0.066 0.156
0 0.744 0.632 0.060 0.134
