5 0.522 0.663 0.787 0.324
4 0.528 0.606 0.924 0.650
6 0.508 0.313 0.577 0.234
3 0.524 0.426 0.497 0.194
0 0.266 0.395 0.065 0.107
0 0.285 0.474 0.066 0.162
0 0.322 0.497 0.051 0.155
0 0.362 0.498 0.035 0.155
0 0.390 0.494 0.041 0.150
0 0.419 0.484 0.034 0.173
0 0.450 0.492 0.033 0.156
0 0.485 0.496 0.040 0.166
0 0.522 0.511 0.039 0.140
0 0.558 0.513 0.033 0.131
0 0.588 0.504 0.041 0.163
0 0.617 0.507 0.040 0.157
0 0.649 0.514 0.035 0.143
0 0.691 0.515 0.055 0.143
0 0.729 0.488 0.070 0.154
0 0.750 0.412 0.071 0.099
0 0.742 0.645 0.073 0.153
0 0.684 0.674 0.073 0.174
0 0.640 0.674 0.061 0.167
0 0.605 0.670 0.043 0.161
0 0.571 0.664 0.040 0.164
0 0.537 0.668 0.030 0.157
0 0.512 0.674 0.029 0.157
0 0.489 0.671 0.030 0.151
0 0.463 0.674 0.033 0.163
0 0.434 0.675 0.030 0.171
0 0.400 0.670 0.039 0.171
0 0.364 0.673 0.050 0.168
0 0.316 0.662 0.066 0.156
0 0.266 0.634 0.065 0.153
