5 0.496 0.588 0.660 0.428
4 0.481 0.509 0.846 0.845
6 0.494 0.234 0.460 0.264
3 0.492 0.340 0.506 0.217
0 0.274 0.390 0.049 0.157
0 0.314 0.416 0.052 0.175
0 0.356 0.422 0.043 0.154
0 0.394 0.442 0.039 0.176
0 0.418 0.442 0.045 0.199
0 0.432 0.430 0.053 0.227
0 0.466 0.463 0.024 0.167
0 0.488 0.460 0.027 0.178
0 0.516 0.452 0.035 0.176
0 0.542 0.442 0.028 0.175
0 0.567 0.433 0.037 0.195
0 0.593 0.434 0.039 0.163
0 0.617 0.418 0.037 0.166
0 0.653 0.397 0.046 0.187
0 0.694 0.380 0.040 0.161
0 0.746 0.502 0.070 0.153
0 0.704 0.549 0.066 0.151
0 0.668 0.600 0.075 0.188
0 0.627 0.613 0.061 0.167
0 0.605 0.637 0.056 0.184
0 0.583 0.667 0.058 0.197
0 0.552 0.651 0.030 0.183
0 0.535 0.652 0.040 0.171
0 0.518 0.656 0.040 0.165
0 0.501 0.652 0.045 0.171
0 0.478 0.689 0.043 0.218
0 0.446 0.673 0.036 0.198
0 0.430 0.647 0.053 0.198
0 0.379 0.632 0.085 0.203
0 0.332 0.599 0.092 0.188
0 0.274 0.553 0.080 0.149
