5 0.504 0.709 0.725 0.295
4 0.499 0.620 0.938 0.592
6 0.513 0.295 0.666 0.293
3 0.505 0.427 0.602 0.167
8 0.328 0.469 0.050 0.076
7 0.347 0.533 0.036 0.045
7 0.671 0.536 0.024 0.035
7 0.717 0.541 0.023 0.045
7 0.698 0.609 0.035 0.045
7 0.665 0.609 0.032 0.046
7 0.299 0.560 0.029 0.029
0 0.253 0.520 0.053 0.146
0 0.301 0.502 0.052 0.152
0 0.342 0.490 0.086 0.134
0 0.390 0.481 0.047 0.132
0 0.417 0.470 0.054 0.149
0 0.439 0.453 0.035 0.171
0 0.468 0.453 0.029 0.154
0 0.498 0.448 0.031 0.181
0 0.529 0.446 0.032 0.184
0 0.556 0.450 0.032 0.127
0 0.580 0.451 0.033 0.169
0 0.607 0.460 0.042 0.170
0 0.637 0.462 0.044 0.157
0 0.674 0.477 0.060 0.157
0 0.723 0.488 0.053 0.175
0 0.766 0.495 0.045 0.161
0 0.758 0.657 0.057 0.133
0 0.716 0.673 0.067 0.186
0 0.664 0.672 0.067 0.185
0 0.619 0.674 0.037 0.194
0 0.589 0.664 0.032 0.175
0 0.561 0.663 0.026 0.211
0 0.538 0.642 0.029 0.186
0 0.519 0.646 0.024 0.184
0 0.501 0.639 0.027 0.169
0 0.483 0.638 0.031 0.171
0 0.461 0.654 0.029 0.195
0 0.435 0.667 0.034 0.180
0 0.406 0.670 0.040 0.173
0 0.357 0.680 0.069 0.180
0 0.304 0.691 0.078 0.181
0 0.247 0.673 0.089 0.131
