5 0.506 0.675 0.634 0.291
4 0.521 0.591 0.855 0.570
6 0.493 0.236 0.614 0.239
3 0.502 0.377 0.542 0.176
8 0.341 0.403 0.024 0.109
7 0.358 0.480 0.033 0.059
7 0.361 0.564 0.024 0.041
7 0.635 0.524 0.034 0.051
10 0.682 0.528 0.028 0.043
9 0.659 0.605 0.058 0.064
7 0.385 0.477 0.032 0.037
7 0.410 0.471 0.029 0.034
0 0.272 0.381 0.051 0.145
0 0.309 0.434 0.044 0.178
0 0.343 0.430 0.045 0.179
0 0.382 0.423 0.040 0.157
0 0.412 0.415 0.037 0.165
0 0.430 0.397 0.035 0.185
0 0.457 0.409 0.022 0.163
0 0.483 0.406 0.032 0.174
0 0.513 0.405 0.032 0.166
0 0.540 0.403 0.024 0.174
0 0.568 0.411 0.032 0.164
0 0.585 0.424 0.040 0.174
0 0.615 0.433 0.047 0.199
0 0.642 0.453 0.060 0.199
0 0.684 0.456 0.045 0.184
0 0.727 0.460 0.046 0.168
0 0.725 0.647 0.053 0.137
0 0.681 0.663 0.064 0.112
0 0.598 0.650 0.036 0.194
0 0.569 0.632 0.035 0.184
0 0.550 0.617 0.026 0.197
0 0.526 0.611 0.031 0.202
0 0.506 0.606 0.023 0.185
0 0.493 0.604 0.023 0.186
0 0.472 0.599 0.025 0.197
0 0.453 0.620 0.027 0.209
0 0.430 0.615 0.028 0.185
0 0.405 0.627 0.037 0.192
0 0.367 0.633 0.063 0.197
0 0.317 0.633 0.061 0.186
0 0.277 0.625 0.052 0.168
