5 0.504 0.626 0.629 0.337
4 0.497 0.510 0.839 0.799
6 0.478 0.213 0.468 0.217
3 0.491 0.328 0.529 0.213
10 0.676 0.452 0.037 0.052
10 0.651 0.540 0.038 0.048
10 0.345 0.456 0.042 0.056
0 0.308 0.378 0.054 0.180
0 0.350 0.396 0.053 0.170
0 0.385 0.398 0.039 0.177
0 0.416 0.397 0.039 0.190
0 0.439 0.392 0.038 0.217
0 0.473 0.401 0.042 0.213
0 0.498 0.428 0.035 0.183
0 0.531 0.431 0.034 0.201
0 0.559 0.427 0.029 0.177
0 0.587 0.410 0.037 0.199
0 0.612 0.414 0.042 0.171
0 0.640 0.407 0.030 0.156
0 0.675 0.402 0.045 0.174
0 0.714 0.375 0.049 0.185
0 0.703 0.567 0.070 0.166
0 0.666 0.607 0.081 0.183
0 0.621 0.629 0.043 0.183
0 0.594 0.638 0.031 0.191
0 0.568 0.632 0.032 0.190
0 0.539 0.631 0.025 0.176
0 0.519 0.629 0.028 0.168
0 0.503 0.631 0.032 0.168
0 0.484 0.632 0.034 0.189
0 0.454 0.639 0.034 0.219
0 0.425 0.623 0.036 0.189
0 0.399 0.623 0.040 0.191
0 0.333 0.583 0.092 0.150
0 0.281 0.552 0.095 0.160
