5 0.519 0.676 0.769 0.363
4 0.522 0.581 0.930 0.747
6 0.506 0.294 0.620 0.334
3 0.499 0.395 0.629 0.242
7 0.281 0.526 0.022 0.040
7 0.384 0.546 0.022 0.040
7 0.748 0.516 0.022 0.036
7 0.334 0.622 0.035 0.063
10 0.772 0.533 0.024 0.042
10 0.715 0.583 0.026 0.040
10 0.687 0.551 0.019 0.034
10 0.292 0.585 0.019 0.034
10 0.320 0.557 0.015 0.027
10 0.651 0.613 0.033 0.040
7 0.641 0.554 0.023 0.039
0 0.243 0.461 0.045 0.145
0 0.288 0.476 0.047 0.162
0 0.334 0.489 0.050 0.169
0 0.393 0.492 0.036 0.177
0 0.419 0.489 0.032 0.198
0 0.454 0.509 0.032 0.171
0 0.489 0.508 0.034 0.167
0 0.525 0.507 0.037 0.166
0 0.562 0.505 0.032 0.167
0 0.595 0.499 0.035 0.174
0 0.620 0.508 0.041 0.167
0 0.648 0.492 0.040 0.172
0 0.689 0.494 0.053 0.164
0 0.738 0.483 0.046 0.135
0 0.779 0.580 0.098 0.097
0 0.724 0.636 0.079 0.145
0 0.681 0.672 0.077 0.167
0 0.628 0.679 0.048 0.166
0 0.590 0.688 0.037 0.172
0 0.561 0.676 0.032 0.151
0 0.530 0.667 0.025 0.134
0 0.508 0.668 0.025 0.137
0 0.481 0.677 0.033 0.144
0 0.459 0.672 0.031 0.140
0 0.426 0.684 0.038 0.165
0 0.403 0.670 0.030 0.149
0 0.372 0.673 0.037 0.165
0 0.325 0.668 0.078 0.153
0 0.282 0.638 0.068 0.146
0 0.238 0.601 0.071 0.112
