5 0.514 0.670 0.705 0.362
4 0.519 0.596 0.869 0.732
6 0.487 0.319 0.513 0.254
3 0.493 0.441 0.522 0.175
7 0.704 0.552 0.034 0.043
7 0.655 0.555 0.026 0.052
7 0.710 0.614 0.033 0.046
7 0.657 0.630 0.028 0.042
7 0.342 0.637 0.022 0.040
7 0.299 0.611 0.036 0.050
0 0.291 0.487 0.046 0.163
0 0.335 0.497 0.045 0.174
0 0.368 0.505 0.034 0.165
0 0.394 0.504 0.033 0.179
0 0.417 0.510 0.033 0.192
0 0.445 0.521 0.032 0.177
0 0.473 0.516 0.034 0.208
0 0.505 0.519 0.032 0.192
0 0.530 0.524 0.035 0.164
0 0.554 0.511 0.043 0.194
0 0.582 0.506 0.040 0.182
0 0.611 0.503 0.038 0.182
0 0.649 0.505 0.053 0.168
0 0.697 0.498 0.049 0.159
0 0.719 0.677 0.085 0.161
0 0.664 0.703 0.083 0.174
0 0.615 0.710 0.044 0.177
0 0.585 0.719 0.039 0.175
0 0.556 0.713 0.032 0.169
0 0.530 0.714 0.026 0.158
0 0.505 0.715 0.023 0.146
0 0.481 0.727 0.023 0.168
0 0.460 0.723 0.025 0.164
0 0.428 0.725 0.046 0.176
0 0.404 0.716 0.038 0.166
0 0.379 0.709 0.049 0.175
0 0.333 0.703 0.079 0.185
0 0.284 0.677 0.075 0.172
