5 0.497 0.635 0.702 0.369
4 0.509 0.493 0.932 0.805
6 0.497 0.206 0.552 0.264
3 0.505 0.293 0.556 0.200
11 0.613 0.392 0.010 0.033
11 0.588 0.384 0.010 0.032
1 0.609 0.347 0.027 0.111
1 0.585 0.343 0.028 0.119
9 0.598 0.435 0.068 0.078
10 0.294 0.465 0.031 0.048
7 0.390 0.457 0.024 0.047
7 0.371 0.539 0.045 0.047
7 0.706 0.436 0.031 0.051
7 0.647 0.514 0.044 0.047
7 0.372 0.455 0.018 0.038
7 0.697 0.501 0.027 0.041
0 0.302 0.405 0.048 0.190
0 0.347 0.400 0.059 0.195
0 0.385 0.416 0.049 0.192
0 0.423 0.401 0.064 0.208
0 0.442 0.393 0.038 0.213
0 0.472 0.388 0.034 0.201
0 0.502 0.391 0.033 0.202
0 0.528 0.394 0.032 0.184
0 0.557 0.386 0.037 0.193
0 0.650 0.374 0.053 0.199
0 0.696 0.376 0.043 0.199
0 0.711 0.565 0.079 0.175
0 0.653 0.601 0.083 0.195
0 0.607 0.577 0.040 0.182
0 0.581 0.590 0.033 0.187
0 0.555 0.603 0.035 0.221
0 0.532 0.586 0.025 0.181
0 0.518 0.594 0.027 0.175
0 0.501 0.595 0.028 0.178
0 0.484 0.603 0.034 0.185
0 0.461 0.623 0.031 0.228
0 0.435 0.626 0.032 0.221
0 0.413 0.617 0.040 0.192
0 0.372 0.624 0.070 0.212
0 0.314 0.597 0.079 0.175
