5 0.496 0.687 0.758 0.315
4 0.512 0.599 0.954 0.636
6 0.488 0.320 0.618 0.287
3 0.494 0.438 0.588 0.172
8 0.680 0.468 0.040 0.094
8 0.393 0.692 0.016 0.109
8 0.365 0.697 0.014 0.129
8 0.325 0.698 0.045 0.094
8 0.278 0.684 0.038 0.094
10 0.339 0.555 0.014 0.033
10 0.333 0.627 0.049 0.059
7 0.660 0.539 0.043 0.064
7 0.395 0.610 0.025 0.055
7 0.373 0.614 0.022 0.040
7 0.293 0.621 0.041 0.067
7 0.380 0.553 0.027 0.040
0 0.279 0.494 0.047 0.147
0 0.320 0.495 0.044 0.166
0 0.353 0.491 0.035 0.160
0 0.382 0.492 0.039 0.155
0 0.408 0.468 0.037 0.192
0 0.438 0.468 0.026 0.182
0 0.468 0.474 0.032 0.174
0 0.506 0.474 0.035 0.156
0 0.535 0.473 0.032 0.155
0 0.565 0.464 0.033 0.192
0 0.595 0.470 0.046 0.183
0 0.628 0.479 0.047 0.177
0 0.675 0.490 0.061 0.171
0 0.724 0.501 0.060 0.180
0 0.752 0.657 0.080 0.141
0 0.665 0.669 0.076 0.169
0 0.616 0.664 0.035 0.163
0 0.583 0.676 0.039 0.197
0 0.548 0.675 0.035 0.193
0 0.519 0.670 0.031 0.175
0 0.496 0.669 0.024 0.169
0 0.476 0.669 0.025 0.164
0 0.455 0.674 0.023 0.182
0 0.428 0.685 0.030 0.202
0 0.396 0.672 0.039 0.171
0 0.368 0.677 0.034 0.180
0 0.328 0.702 0.056 0.117
0 0.281 0.663 0.052 0.171
0 0.240 0.626 0.060 0.143
