5 0.517 0.582 0.688 0.458
4 0.503 0.492 0.808 0.857
6 0.498 0.157 0.454 0.235
3 0.499 0.311 0.506 0.306
10 0.661 0.456 0.029 0.032
10 0.699 0.446 0.009 0.023
7 0.358 0.539 0.029 0.030
0 0.276 0.349 0.046 0.164
0 0.310 0.385 0.045 0.185
0 0.367 0.420 0.041 0.179
0 0.389 0.430 0.038 0.186
0 0.414 0.435 0.033 0.204
0 0.445 0.448 0.027 0.190
0 0.473 0.450 0.032 0.202
0 0.508 0.455 0.035 0.183
0 0.536 0.441 0.032 0.192
0 0.565 0.418 0.039 0.221
0 0.592 0.425 0.038 0.172
0 0.619 0.411 0.044 0.171
0 0.655 0.392 0.056 0.191
0 0.695 0.378 0.053 0.187
0 0.721 0.363 0.061 0.152
0 0.741 0.515 0.075 0.134
0 0.663 0.581 0.082 0.177
0 0.619 0.598 0.053 0.171
0 0.588 0.624 0.046 0.171
0 0.563 0.634 0.036 0.179
0 0.536 0.634 0.030 0.179
0 0.512 0.633 0.029 0.150
0 0.491 0.641 0.025 0.155
0 0.471 0.639 0.024 0.162
0 0.446 0.650 0.043 0.183
0 0.419 0.634 0.038 0.169
0 0.387 0.622 0.049 0.175
0 0.348 0.601 0.074 0.181
0 0.274 0.541 0.084 0.144
