8 0.393 0.377 0.022 0.126
9 0.396 0.472 0.036 0.088
7 0.296 0.496 0.014 0.038
7 0.351 0.563 0.025 0.042
7 0.666 0.497 0.026 0.060
10 0.676 0.591 0.037 0.047
0 0.263 0.400 0.025 0.067
0 0.293 0.422 0.054 0.216
0 0.394 0.373 0.039 0.142
0 0.423 0.385 0.038 0.268
0 0.455 0.406 0.029 0.223
0 0.481 0.409 0.041 0.230
0 0.521 0.412 0.038 0.241
0 0.556 0.411 0.027 0.223
0 0.586 0.390 0.041 0.273
0 0.618 0.423 0.038 0.203
0 0.676 0.428 0.059 0.228
0 0.731 0.441 0.053 0.218
0 0.681 0.679 0.075 0.219
0 0.584 0.651 0.040 0.193
0 0.557 0.636 0.032 0.174
0 0.535 0.667 0.033 0.233
0 0.511 0.640 0.031 0.208
0 0.489 0.634 0.023 0.193
0 0.473 0.639 0.021 0.185
0 0.453 0.631 0.026 0.215
0 0.433 0.648 0.030 0.215
0 0.413 0.637 0.033 0.204
0 0.389 0.641 0.032 0.211
0 0.349 0.640 0.054 0.228
0 0.302 0.649 0.060 0.210
