11 0.402 0.456 0.010 0.040
11 0.615 0.503 0.008 0.031
11 0.685 0.667 0.020 0.060
11 0.634 0.692 0.010 0.080
11 0.603 0.694 0.007 0.042
11 0.572 0.699 0.008 0.050
8 0.586 0.498 0.021 0.105
8 0.547 0.728 0.009 0.111
8 0.435 0.704 0.009 0.118
9 0.407 0.532 0.037 0.088
9 0.616 0.549 0.030 0.069
9 0.669 0.607 0.049 0.081
9 0.599 0.643 0.039 0.073
9 0.572 0.646 0.032 0.069
9 0.549 0.637 0.029 0.079
9 0.385 0.623 0.143 0.097
1 0.690 0.685 0.037 0.106
1 0.634 0.722 0.019 0.095
1 0.604 0.718 0.021 0.093
1 0.573 0.717 0.019 0.089
1 0.615 0.475 0.019 0.093
1 0.402 0.452 0.024 0.095
7 0.708 0.571 0.029 0.051
7 0.589 0.574 0.030 0.059
7 0.427 0.564 0.019 0.046
7 0.376 0.560 0.027 0.039
7 0.479 0.542 0.007 0.025
7 0.503 0.549 0.007 0.028
7 0.511 0.551 0.007 0.032
7 0.541 0.549 0.015 0.025
0 0.366 0.500 0.044 0.145
0 0.435 0.498 0.036 0.146
0 0.454 0.502 0.029 0.142
0 0.475 0.490 0.029 0.149
0 0.496 0.495 0.024 0.153
0 0.524 0.497 0.027 0.168
0 0.545 0.504 0.025 0.152
0 0.569 0.503 0.035 0.171
0 0.587 0.513 0.039 0.161
0 0.694 0.503 0.036 0.118
0 0.723 0.603 0.070 0.141
0 0.546 0.729 0.023 0.116
0 0.527 0.672 0.025 0.168
0 0.510 0.666 0.025 0.146
0 0.495 0.664 0.029 0.153
0 0.480 0.652 0.033 0.153
0 0.460 0.683 0.026 0.173
0 0.433 0.722 0.023 0.112
0 0.413 0.718 0.031 0.139
0 0.319 0.687 0.066 0.140
0 0.287 0.616 0.068 0.151
