5 0.513 0.589 0.604 0.368
4 0.506 0.505 0.740 0.773
7 0.381 0.549 0.026 0.031
6 0.508 0.190 0.477 0.312
3 0.505 0.354 0.489 0.196
0 0.320 0.422 0.045 0.165
0 0.432 0.451 0.029 0.191
0 0.461 0.451 0.025 0.178
0 0.483 0.448 0.025 0.186
0 0.511 0.454 0.028 0.173
0 0.532 0.444 0.030 0.171
0 0.562 0.437 0.035 0.174
0 0.584 0.456 0.034 0.160
0 0.713 0.403 0.049 0.169
8 0.327 0.624 0.039 0.100
8 0.432 0.421 0.007 0.124
7 0.436 0.505 0.009 0.033
9 0.342 0.562 0.051 0.071
0 0.721 0.561 0.079 0.127
0 0.674 0.596 0.061 0.155
0 0.630 0.616 0.059 0.158
0 0.595 0.638 0.041 0.151
0 0.569 0.637 0.029 0.157
0 0.548 0.641 0.027 0.165
0 0.531 0.623 0.024 0.143
0 0.513 0.623 0.022 0.133
0 0.498 0.633 0.022 0.141
0 0.482 0.623 0.024 0.137
0 0.464 0.663 0.029 0.190
0 0.443 0.642 0.026 0.161
0 0.415 0.632 0.033 0.147
0 0.379 0.614 0.056 0.159
0 0.327 0.626 0.051 0.101
7 0.598 0.575 0.015 0.031
