8 0.393 0.368 0.016 0.107
7 0.395 0.440 0.032 0.076
7 0.627 0.447 0.027 0.074
7 0.656 0.457 0.036 0.059
10 0.699 0.460 0.018 0.027
10 0.690 0.534 0.035 0.049
9 0.422 0.453 0.031 0.087
9 0.454 0.457 0.033 0.071
9 0.486 0.462 0.037 0.087
9 0.529 0.457 0.039 0.098
9 0.565 0.461 0.031 0.079
9 0.593 0.460 0.033 0.083
0 0.270 0.377 0.042 0.164
0 0.316 0.386 0.051 0.186
0 0.359 0.392 0.036 0.188
0 0.393 0.406 0.037 0.193
0 0.424 0.367 0.031 0.153
0 0.457 0.377 0.031 0.130
0 0.491 0.374 0.035 0.127
0 0.529 0.378 0.033 0.108
0 0.557 0.375 0.032 0.123
0 0.594 0.359 0.029 0.139
0 0.627 0.363 0.032 0.129
0 0.655 0.380 0.029 0.147
0 0.698 0.392 0.050 0.178
0 0.740 0.379 0.040 0.154
0 0.753 0.527 0.064 0.127
0 0.707 0.580 0.077 0.142
0 0.649 0.614 0.042 0.162
0 0.611 0.628 0.035 0.182
0 0.579 0.622 0.033 0.199
0 0.549 0.613 0.036 0.164
0 0.525 0.605 0.023 0.162
0 0.498 0.607 0.022 0.165
0 0.473 0.618 0.032 0.172
0 0.441 0.631 0.039 0.207
0 0.404 0.628 0.053 0.193
0 0.365 0.612 0.054 0.176
0 0.311 0.584 0.077 0.147
0 0.264 0.536 0.062 0.137
