11 0.672 0.635 0.011 0.045
11 0.639 0.652 0.009 0.037
11 0.373 0.647 0.011 0.043
8 0.412 0.434 0.015 0.111
7 0.328 0.499 0.032 0.044
7 0.376 0.512 0.036 0.039
7 0.610 0.520 0.025 0.049
7 0.634 0.528 0.035 0.039
7 0.680 0.506 0.024 0.044
7 0.700 0.532 0.035 0.056
7 0.612 0.596 0.029 0.054
7 0.594 0.592 0.017 0.034
7 0.345 0.560 0.039 0.069
7 0.421 0.585 0.030 0.040
7 0.437 0.588 0.017 0.033
7 0.493 0.541 0.017 0.042
7 0.542 0.543 0.017 0.049
7 0.560 0.540 0.025 0.046
7 0.482 0.538 0.012 0.033
10 0.409 0.517 0.037 0.044
9 0.386 0.591 0.049 0.074
9 0.650 0.594 0.053 0.082
1 0.677 0.662 0.031 0.112
1 0.641 0.686 0.023 0.120
1 0.371 0.668 0.028 0.094
0 0.332 0.436 0.046 0.159
0 0.373 0.449 0.045 0.160
0 0.411 0.433 0.031 0.144
0 0.434 0.461 0.033 0.177
0 0.457 0.450 0.030 0.215
0 0.479 0.466 0.025 0.185
0 0.504 0.475 0.029 0.162
0 0.533 0.484 0.027 0.167
0 0.561 0.463 0.023 0.135
0 0.586 0.471 0.027 0.177
0 0.605 0.465 0.032 0.164
0 0.637 0.470 0.041 0.154
0 0.673 0.463 0.033 0.140
0 0.714 0.592 0.079 0.132
0 0.615 0.666 0.025 0.147
0 0.587 0.658 0.026 0.165
0 0.562 0.663 0.025 0.177
0 0.541 0.657 0.021 0.157
0 0.523 0.658 0.022 0.157
0 0.503 0.661 0.022 0.171
0 0.484 0.661 0.022 0.171
0 0.463 0.669 0.027 0.196
0 0.440 0.649 0.030 0.165
0 0.413 0.656 0.037 0.140
0 0.323 0.612 0.059 0.159
