0 0.165 0.391 0.052 0.146
0 0.204 0.457 0.059 0.173
0 0.258 0.454 0.061 0.187
0 0.307 0.463 0.039 0.173
0 0.341 0.456 0.050 0.176
0 0.379 0.430 0.045 0.218
0 0.427 0.431 0.045 0.194
0 0.484 0.431 0.063 0.216
0 0.545 0.427 0.055 0.216
0 0.596 0.437 0.040 0.183
0 0.641 0.431 0.047 0.221
0 0.674 0.448 0.039 0.185
0 0.707 0.454 0.035 0.169
0 0.751 0.447 0.055 0.183
0 0.805 0.445 0.057 0.181
0 0.842 0.415 0.058 0.161
0 0.834 0.606 0.068 0.147
0 0.783 0.645 0.075 0.189
0 0.719 0.661 0.069 0.197
0 0.675 0.667 0.053 0.196
0 0.638 0.657 0.038 0.193
0 0.603 0.646 0.039 0.195
0 0.563 0.634 0.035 0.155
0 0.529 0.624 0.043 0.145
0 0.486 0.626 0.046 0.158
0 0.447 0.626 0.040 0.147
0 0.413 0.659 0.036 0.222
0 0.377 0.656 0.039 0.206
0 0.339 0.666 0.045 0.218
0 0.290 0.657 0.064 0.205
0 0.230 0.644 0.064 0.187
0 0.169 0.610 0.075 0.149
