8 0.426 0.683 0.022 0.100
8 0.455 0.685 0.010 0.107
8 0.337 0.430 0.027 0.090
11 0.683 0.651 0.011 0.039
11 0.624 0.684 0.008 0.049
11 0.401 0.664 0.011 0.031
11 0.335 0.662 0.008 0.029
10 0.712 0.534 0.034 0.042
9 0.650 0.607 0.092 0.110
9 0.589 0.606 0.039 0.070
9 0.637 0.495 0.153 0.071
9 0.348 0.504 0.055 0.076
9 0.371 0.619 0.111 0.073
7 0.433 0.608 0.023 0.059
7 0.453 0.605 0.024 0.064
7 0.560 0.522 0.023 0.035
7 0.534 0.513 0.021 0.021
7 0.481 0.505 0.025 0.023
7 0.455 0.499 0.024 0.021
1 0.334 0.695 0.024 0.102
1 0.397 0.693 0.027 0.097
1 0.625 0.710 0.020 0.111
1 0.687 0.676 0.030 0.102
0 0.304 0.465 0.042 0.154
0 0.336 0.426 0.042 0.094
0 0.381 0.451 0.039 0.153
0 0.409 0.447 0.039 0.147
0 0.428 0.429 0.034 0.167
0 0.457 0.427 0.025 0.131
0 0.482 0.431 0.023 0.139
0 0.510 0.447 0.026 0.149
0 0.535 0.442 0.025 0.128
0 0.564 0.435 0.036 0.151
0 0.592 0.417 0.041 0.111
0 0.690 0.417 0.037 0.121
0 0.722 0.576 0.066 0.138
0 0.592 0.685 0.030 0.127
0 0.562 0.646 0.031 0.146
0 0.542 0.634 0.032 0.139
0 0.523 0.623 0.029 0.125
0 0.506 0.617 0.023 0.116
0 0.492 0.622 0.019 0.123
0 0.476 0.610 0.025 0.119
0 0.455 0.685 0.023 0.127
0 0.428 0.684 0.034 0.113
