10 0.651 0.615 0.029 0.054
10 0.694 0.563 0.014 0.022
10 0.353 0.606 0.032 0.022
10 0.305 0.580 0.019 0.028
0 0.270 0.464 0.049 0.128
0 0.308 0.468 0.045 0.146
0 0.347 0.476 0.052 0.169
0 0.378 0.496 0.031 0.151
0 0.399 0.497 0.035 0.149
0 0.423 0.489 0.031 0.185
0 0.451 0.495 0.026 0.157
0 0.480 0.501 0.033 0.163
0 0.509 0.500 0.033 0.163
0 0.539 0.489 0.030 0.154
0 0.567 0.487 0.030 0.169
0 0.590 0.480 0.038 0.173
0 0.614 0.481 0.039 0.158
0 0.647 0.474 0.050 0.161
0 0.681 0.451 0.056 0.152
0 0.712 0.424 0.062 0.114
0 0.764 0.579 0.072 0.088
0 0.706 0.610 0.073 0.127
0 0.661 0.659 0.083 0.157
0 0.616 0.666 0.052 0.129
0 0.588 0.682 0.037 0.149
0 0.559 0.681 0.029 0.170
0 0.530 0.679 0.027 0.156
0 0.506 0.672 0.025 0.141
0 0.485 0.674 0.026 0.133
0 0.466 0.680 0.028 0.147
0 0.436 0.687 0.027 0.176
0 0.410 0.687 0.040 0.159
0 0.377 0.675 0.048 0.137
0 0.338 0.661 0.081 0.159
0 0.287 0.620 0.077 0.135
0 0.237 0.603 0.056 0.112
