9 0.482 0.451 0.040 0.081
9 0.445 0.449 0.038 0.073
0 0.216 0.420 0.047 0.151
0 0.265 0.426 0.050 0.155
0 0.314 0.429 0.055 0.149
0 0.352 0.419 0.033 0.151
0 0.385 0.416 0.038 0.160
0 0.412 0.409 0.036 0.172
0 0.445 0.376 0.028 0.093
0 0.480 0.381 0.028 0.105
0 0.525 0.412 0.038 0.169
0 0.559 0.415 0.029 0.146
0 0.592 0.421 0.041 0.158
0 0.623 0.428 0.043 0.160
0 0.650 0.432 0.045 0.155
0 0.684 0.440 0.059 0.160
0 0.732 0.442 0.054 0.148
0 0.787 0.431 0.055 0.158
0 0.768 0.589 0.075 0.129
0 0.710 0.604 0.072 0.139
0 0.656 0.609 0.073 0.145
0 0.614 0.609 0.043 0.148
0 0.588 0.612 0.035 0.168
0 0.557 0.600 0.039 0.167
0 0.527 0.581 0.032 0.148
0 0.501 0.573 0.031 0.135
0 0.477 0.567 0.029 0.132
0 0.447 0.598 0.030 0.174
0 0.415 0.601 0.033 0.164
0 0.387 0.600 0.040 0.154
0 0.341 0.603 0.075 0.160
0 0.291 0.586 0.073 0.134
0 0.240 0.565 0.061 0.120
