11 0.505 0.767 0.007 0.038
11 0.431 0.746 0.012 0.035
11 0.452 0.510 0.009 0.061
11 0.401 0.511 0.009 0.058
8 0.364 0.504 0.026 0.104
8 0.330 0.512 0.009 0.098
7 0.560 0.610 0.012 0.051
7 0.515 0.611 0.008 0.035
7 0.377 0.573 0.013 0.045
7 0.351 0.595 0.014 0.029
7 0.329 0.596 0.034 0.074
9 0.492 0.593 0.034 0.076
9 0.430 0.580 0.092 0.079
9 0.495 0.694 0.135 0.098
9 0.612 0.695 0.101 0.093
1 0.431 0.747 0.031 0.095
1 0.505 0.768 0.024 0.085
1 0.452 0.492 0.024 0.110
1 0.400 0.491 0.025 0.105
0 0.321 0.535 0.039 0.178
0 0.363 0.522 0.041 0.160
0 0.493 0.504 0.029 0.123
0 0.528 0.543 0.030 0.178
0 0.551 0.545 0.022 0.178
0 0.577 0.542 0.030 0.188
0 0.597 0.524 0.038 0.193
0 0.686 0.546 0.037 0.158
0 0.579 0.777 0.029 0.126
0 0.612 0.763 0.031 0.118
