0 0.281 0.483 0.043 0.169
0 0.324 0.476 0.047 0.170
0 0.354 0.464 0.045 0.174
0 0.384 0.450 0.045 0.172
0 0.412 0.442 0.037 0.161
0 0.444 0.439 0.029 0.149
0 0.475 0.443 0.035 0.166
0 0.508 0.436 0.033 0.166
0 0.538 0.457 0.026 0.145
0 0.567 0.458 0.033 0.143
0 0.596 0.467 0.050 0.171
0 0.628 0.470 0.048 0.166
0 0.667 0.480 0.059 0.165
0 0.711 0.485 0.049 0.155
0 0.701 0.664 0.060 0.166
0 0.648 0.660 0.056 0.160
0 0.605 0.650 0.037 0.146
0 0.575 0.640 0.033 0.159
0 0.546 0.634 0.030 0.175
0 0.520 0.624 0.028 0.162
0 0.499 0.618 0.028 0.153
0 0.479 0.609 0.022 0.139
0 0.462 0.616 0.025 0.152
0 0.440 0.628 0.029 0.175
0 0.411 0.632 0.030 0.154
0 0.386 0.648 0.034 0.171
0 0.346 0.647 0.052 0.168
0 0.296 0.648 0.054 0.154
0 0.245 0.643 0.055 0.125
