0 0.251 0.374 0.048 0.144
0 0.276 0.453 0.046 0.161
0 0.321 0.462 0.058 0.152
0 0.362 0.457 0.036 0.147
0 0.391 0.460 0.040 0.156
0 0.419 0.452 0.033 0.174
0 0.449 0.469 0.026 0.147
0 0.482 0.462 0.036 0.186
0 0.517 0.461 0.037 0.189
0 0.547 0.477 0.022 0.154
0 0.579 0.446 0.035 0.187
0 0.605 0.460 0.042 0.166
0 0.635 0.451 0.040 0.169
0 0.676 0.455 0.052 0.157
0 0.723 0.449 0.068 0.170
0 0.750 0.365 0.055 0.146
0 0.774 0.657 0.057 0.129
0 0.718 0.652 0.065 0.166
0 0.669 0.660 0.079 0.170
0 0.620 0.668 0.043 0.182
0 0.590 0.665 0.036 0.172
0 0.562 0.666 0.033 0.194
0 0.533 0.648 0.022 0.147
0 0.509 0.657 0.024 0.171
0 0.485 0.650 0.028 0.141
0 0.465 0.647 0.027 0.151
0 0.443 0.671 0.031 0.159
0 0.418 0.662 0.034 0.174
0 0.390 0.665 0.042 0.176
0 0.343 0.665 0.072 0.176
0 0.288 0.651 0.077 0.180
0 0.220 0.673 0.076 0.104
