8 0.721 0.388 0.037 0.086
8 0.303 0.416 0.032 0.099
9 0.316 0.489 0.049 0.076
7 0.701 0.457 0.034 0.065
0 0.226 0.432 0.039 0.154
0 0.264 0.440 0.057 0.155
0 0.303 0.404 0.049 0.130
0 0.349 0.436 0.035 0.178
0 0.376 0.435 0.036 0.195
0 0.395 0.410 0.042 0.231
0 0.428 0.418 0.033 0.206
0 0.460 0.407 0.038 0.212
0 0.498 0.404 0.033 0.210
0 0.524 0.419 0.032 0.165
0 0.561 0.393 0.035 0.237
0 0.589 0.403 0.039 0.204
0 0.621 0.405 0.040 0.192
0 0.663 0.418 0.056 0.176
0 0.718 0.413 0.047 0.166
0 0.756 0.420 0.046 0.171
0 0.771 0.562 0.077 0.120
0 0.716 0.600 0.075 0.189
0 0.660 0.604 0.079 0.182
0 0.615 0.622 0.052 0.212
0 0.581 0.614 0.036 0.204
0 0.554 0.628 0.030 0.223
0 0.528 0.598 0.023 0.156
0 0.504 0.598 0.023 0.160
0 0.485 0.596 0.026 0.150
0 0.463 0.597 0.023 0.159
0 0.436 0.634 0.031 0.233
0 0.409 0.627 0.036 0.203
0 0.380 0.637 0.035 0.209
0 0.337 0.627 0.069 0.185
0 0.286 0.619 0.077 0.194
0 0.234 0.589 0.074 0.167
