7 0.332 0.639 0.020 0.022
0 0.217 0.518 0.053 0.156
0 0.257 0.526 0.050 0.169
0 0.304 0.526 0.064 0.164
0 0.346 0.520 0.049 0.168
0 0.376 0.514 0.050 0.164
0 0.409 0.503 0.038 0.164
0 0.445 0.506 0.030 0.126
0 0.479 0.504 0.045 0.148
0 0.525 0.501 0.043 0.153
0 0.564 0.509 0.027 0.132
0 0.598 0.499 0.040 0.181
0 0.629 0.519 0.046 0.160
0 0.660 0.524 0.046 0.163
0 0.704 0.522 0.065 0.164
0 0.752 0.518 0.055 0.176
0 0.788 0.542 0.063 0.187
0 0.734 0.692 0.067 0.164
0 0.679 0.702 0.078 0.171
0 0.633 0.699 0.047 0.166
0 0.603 0.688 0.038 0.163
0 0.574 0.700 0.035 0.195
0 0.539 0.685 0.035 0.173
0 0.513 0.668 0.029 0.156
0 0.489 0.680 0.034 0.173
0 0.463 0.693 0.045 0.181
0 0.428 0.701 0.038 0.201
0 0.403 0.689 0.037 0.164
0 0.375 0.699 0.042 0.172
0 0.325 0.700 0.074 0.164
0 0.277 0.697 0.067 0.158
0 0.220 0.675 0.055 0.149
0 0.782 0.663 0.065 0.140
