0 0.317 0.451 0.040 0.181
0 0.364 0.482 0.051 0.162
0 0.395 0.475 0.035 0.176
0 0.420 0.476 0.032 0.184
0 0.445 0.470 0.037 0.218
0 0.468 0.490 0.032 0.183
0 0.493 0.490 0.030 0.194
0 0.524 0.490 0.030 0.187
0 0.554 0.489 0.029 0.183
0 0.579 0.473 0.025 0.205
0 0.604 0.477 0.033 0.187
0 0.627 0.480 0.033 0.171
0 0.660 0.468 0.048 0.179
0 0.698 0.455 0.040 0.191
0 0.687 0.667 0.066 0.186
0 0.642 0.691 0.070 0.191
0 0.597 0.692 0.032 0.195
0 0.577 0.700 0.033 0.201
0 0.559 0.687 0.038 0.172
0 0.531 0.687 0.022 0.169
0 0.511 0.682 0.022 0.171
0 0.491 0.682 0.022 0.164
0 0.471 0.688 0.022 0.176
0 0.445 0.685 0.030 0.181
0 0.427 0.691 0.031 0.201
0 0.406 0.682 0.031 0.191
0 0.365 0.674 0.075 0.193
0 0.317 0.654 0.073 0.185
