10 0.343 0.364 0.025 0.056
10 0.342 0.455 0.028 0.058
10 0.386 0.471 0.033 0.050
10 0.622 0.477 0.033 0.042
10 0.661 0.460 0.031 0.043
0 0.343 0.289 0.049 0.207
0 0.428 0.293 0.031 0.237
0 0.477 0.308 0.029 0.193
0 0.501 0.306 0.027 0.206
0 0.526 0.302 0.028 0.209
0 0.553 0.283 0.038 0.247
0 0.574 0.308 0.035 0.198
0 0.595 0.316 0.040 0.187
0 0.629 0.304 0.053 0.201
0 0.668 0.533 0.065 0.208
0 0.625 0.561 0.064 0.208
0 0.591 0.558 0.034 0.197
0 0.568 0.560 0.028 0.213
0 0.547 0.556 0.022 0.216
0 0.529 0.542 0.021 0.200
0 0.513 0.532 0.020 0.180
0 0.497 0.542 0.019 0.172
0 0.483 0.554 0.020 0.200
0 0.463 0.563 0.027 0.231
0 0.439 0.550 0.035 0.189
0 0.418 0.544 0.034 0.207
0 0.378 0.549 0.060 0.214
0 0.337 0.517 0.060 0.183
