10 0.625 0.537 0.019 0.034
10 0.548 0.527 0.011 0.020
10 0.454 0.522 0.011 0.020
7 0.289 0.573 0.042 0.051
7 0.335 0.607 0.030 0.047
7 0.670 0.561 0.036 0.036
7 0.659 0.606 0.031 0.039
7 0.702 0.591 0.027 0.029
0 0.256 0.463 0.061 0.145
0 0.288 0.478 0.049 0.153
0 0.328 0.487 0.059 0.147
0 0.371 0.479 0.040 0.179
0 0.403 0.479 0.044 0.176
0 0.428 0.458 0.033 0.208
0 0.455 0.474 0.030 0.169
0 0.483 0.487 0.033 0.172
0 0.521 0.490 0.035 0.152
0 0.550 0.481 0.029 0.165
0 0.579 0.461 0.042 0.210
0 0.606 0.480 0.052 0.185
0 0.632 0.495 0.043 0.170
0 0.670 0.497 0.050 0.165
0 0.714 0.490 0.043 0.152
0 0.747 0.486 0.046 0.155
0 0.721 0.631 0.073 0.132
0 0.677 0.662 0.078 0.148
0 0.609 0.672 0.037 0.171
0 0.582 0.668 0.033 0.167
0 0.557 0.657 0.031 0.154
0 0.530 0.656 0.026 0.152
0 0.508 0.653 0.027 0.142
0 0.489 0.650 0.024 0.146
0 0.468 0.662 0.025 0.157
0 0.445 0.667 0.027 0.170
0 0.417 0.671 0.033 0.167
0 0.389 0.672 0.034 0.164
0 0.313 0.651 0.087 0.145
0 0.270 0.612 0.069 0.130
