11 0.365 0.421 0.010 0.053
11 0.430 0.406 0.009 0.029
11 0.604 0.441 0.008 0.045
11 0.633 0.407 0.011 0.056
11 0.665 0.433 0.011 0.057
8 0.546 0.416 0.009 0.121
8 0.517 0.414 0.009 0.083
8 0.457 0.402 0.011 0.118
8 0.418 0.653 0.015 0.143
8 0.446 0.656 0.013 0.152
8 0.504 0.681 0.015 0.138
7 0.453 0.476 0.017 0.048
7 0.518 0.476 0.021 0.058
7 0.546 0.475 0.021 0.049
7 0.442 0.571 0.014 0.056
7 0.421 0.573 0.023 0.071
9 0.381 0.468 0.116 0.096
9 0.620 0.480 0.124 0.088
9 0.367 0.570 0.055 0.059
1 0.667 0.390 0.029 0.142
1 0.634 0.384 0.034 0.140
1 0.604 0.400 0.023 0.132
1 0.434 0.388 0.038 0.111
1 0.366 0.391 0.024 0.135
0 0.286 0.355 0.068 0.130
0 0.453 0.436 0.029 0.187
0 0.484 0.445 0.036 0.178
0 0.517 0.451 0.034 0.170
0 0.545 0.442 0.031 0.181
0 0.506 0.673 0.026 0.139
0 0.490 0.629 0.023 0.160
0 0.469 0.617 0.024 0.163
0 0.445 0.638 0.027 0.200
0 0.420 0.637 0.033 0.187
0 0.358 0.651 0.051 0.117
