8 0.597 0.627 0.013 0.106
7 0.600 0.555 0.011 0.042
10 0.220 0.482 0.032 0.035
0 0.210 0.440 0.054 0.136
0 0.386 0.381 0.051 0.230
0 0.429 0.391 0.043 0.187
0 0.474 0.391 0.054 0.218
0 0.522 0.382 0.049 0.209
0 0.567 0.386 0.041 0.185
0 0.605 0.383 0.047 0.218
0 0.634 0.617 0.038 0.174
0 0.600 0.608 0.039 0.162
0 0.559 0.603 0.033 0.172
0 0.523 0.598 0.036 0.163
0 0.496 0.587 0.031 0.158
0 0.468 0.588 0.035 0.173
0 0.444 0.592 0.046 0.181
0 0.412 0.582 0.044 0.162
0 0.372 0.606 0.038 0.187
0 0.338 0.619 0.039 0.195
0 0.250 0.620 0.077 0.187
