7 0.678 0.570 0.027 0.032
7 0.681 0.494 0.029 0.032
7 0.335 0.486 0.023 0.034
7 0.290 0.565 0.041 0.064
8 0.285 0.643 0.033 0.110
0 0.277 0.407 0.055 0.178
0 0.329 0.410 0.058 0.188
0 0.369 0.430 0.040 0.168
0 0.402 0.427 0.041 0.184
0 0.426 0.424 0.042 0.210
0 0.460 0.439 0.035 0.184
0 0.493 0.449 0.042 0.180
0 0.527 0.446 0.038 0.169
0 0.559 0.438 0.034 0.177
0 0.592 0.433 0.038 0.185
0 0.618 0.437 0.035 0.180
0 0.646 0.443 0.034 0.173
0 0.680 0.432 0.049 0.166
0 0.729 0.422 0.060 0.178
0 0.765 0.379 0.067 0.130
0 0.785 0.607 0.056 0.120
0 0.729 0.611 0.058 0.161
0 0.692 0.648 0.071 0.181
0 0.643 0.638 0.044 0.145
0 0.607 0.642 0.037 0.165
0 0.581 0.643 0.034 0.182
0 0.550 0.645 0.028 0.175
0 0.524 0.634 0.028 0.165
0 0.499 0.632 0.029 0.174
0 0.474 0.623 0.033 0.148
0 0.448 0.634 0.040 0.177
0 0.415 0.635 0.039 0.164
0 0.379 0.630 0.043 0.161
0 0.333 0.649 0.072 0.203
0 0.289 0.619 0.057 0.183
0 0.225 0.617 0.066 0.163
