10 0.357 0.603 0.043 0.041
10 0.667 0.612 0.046 0.044
7 0.701 0.555 0.041 0.040
0 0.243 0.442 0.049 0.144
0 0.285 0.481 0.051 0.156
0 0.334 0.488 0.060 0.160
0 0.372 0.487 0.063 0.167
0 0.410 0.486 0.052 0.169
0 0.444 0.484 0.037 0.165
0 0.475 0.486 0.033 0.145
0 0.505 0.481 0.035 0.165
0 0.542 0.482 0.038 0.163
0 0.572 0.489 0.035 0.148
0 0.602 0.496 0.033 0.164
0 0.631 0.509 0.045 0.152
0 0.663 0.508 0.046 0.153
0 0.702 0.498 0.059 0.169
0 0.751 0.489 0.051 0.167
0 0.796 0.433 0.074 0.134
0 0.792 0.660 0.080 0.101
0 0.724 0.657 0.068 0.152
0 0.669 0.680 0.065 0.167
0 0.631 0.683 0.046 0.168
0 0.601 0.687 0.041 0.185
0 0.571 0.672 0.026 0.154
0 0.543 0.660 0.029 0.150
0 0.522 0.654 0.028 0.149
0 0.503 0.647 0.025 0.142
0 0.481 0.660 0.027 0.169
0 0.454 0.665 0.030 0.177
0 0.427 0.674 0.041 0.175
0 0.396 0.669 0.047 0.169
0 0.349 0.666 0.073 0.173
0 0.296 0.644 0.074 0.150
0 0.226 0.639 0.076 0.117
