7 0.664 0.454 0.015 0.027
0 0.249 0.224 0.061 0.101
0 0.276 0.282 0.060 0.175
0 0.315 0.285 0.056 0.194
0 0.355 0.297 0.034 0.183
0 0.382 0.291 0.040 0.193
0 0.415 0.283 0.035 0.212
0 0.444 0.313 0.032 0.177
0 0.472 0.316 0.037 0.204
0 0.507 0.311 0.037 0.202
0 0.535 0.306 0.037 0.173
0 0.566 0.275 0.044 0.208
0 0.596 0.265 0.047 0.192
0 0.631 0.284 0.043 0.184
0 0.673 0.267 0.059 0.188
0 0.714 0.268 0.066 0.154
0 0.732 0.167 0.066 0.138
0 0.785 0.452 0.071 0.101
0 0.728 0.490 0.076 0.177
0 0.671 0.517 0.076 0.190
0 0.624 0.536 0.049 0.198
0 0.586 0.528 0.038 0.175
0 0.558 0.526 0.029 0.184
0 0.533 0.515 0.024 0.161
0 0.509 0.516 0.026 0.171
0 0.489 0.512 0.024 0.150
0 0.469 0.521 0.029 0.162
0 0.440 0.542 0.030 0.193
0 0.410 0.551 0.034 0.192
0 0.378 0.548 0.039 0.187
0 0.331 0.538 0.075 0.185
0 0.279 0.525 0.067 0.203
