7 0.283 0.550 0.035 0.045
7 0.369 0.587 0.049 0.050
7 0.633 0.603 0.015 0.030
7 0.665 0.609 0.030 0.034
7 0.714 0.600 0.048 0.043
7 0.746 0.530 0.030 0.033
7 0.709 0.522 0.037 0.050
7 0.644 0.526 0.026 0.033
7 0.594 0.507 0.020 0.048
7 0.569 0.506 0.013 0.027
7 0.522 0.504 0.013 0.027
7 0.510 0.506 0.013 0.027
7 0.315 0.509 0.027 0.030
7 0.430 0.495 0.013 0.027
8 0.721 0.454 0.029 0.104
8 0.626 0.436 0.018 0.093
8 0.599 0.406 0.021 0.163
9 0.616 0.513 0.030 0.077
0 0.314 0.447 0.052 0.160
0 0.380 0.441 0.038 0.179
0 0.409 0.435 0.040 0.174
0 0.440 0.418 0.035 0.224
0 0.470 0.438 0.027 0.183
0 0.496 0.446 0.028 0.175
0 0.536 0.442 0.035 0.177
0 0.561 0.443 0.027 0.189
0 0.595 0.435 0.039 0.229
0 0.625 0.430 0.029 0.108
0 0.648 0.453 0.029 0.132
0 0.709 0.467 0.058 0.152
0 0.750 0.483 0.039 0.122
0 0.727 0.667 0.063 0.118
0 0.665 0.678 0.052 0.167
0 0.625 0.681 0.031 0.185
0 0.592 0.671 0.033 0.179
0 0.564 0.660 0.040 0.194
0 0.535 0.633 0.039 0.159
0 0.517 0.626 0.032 0.159
0 0.500 0.627 0.027 0.157
0 0.481 0.626 0.022 0.159
0 0.456 0.645 0.026 0.203
0 0.431 0.640 0.030 0.173
0 0.406 0.648 0.034 0.174
0 0.359 0.664 0.053 0.142
0 0.274 0.601 0.070 0.152
