8 0.699 0.691 0.046 0.121
7 0.683 0.604 0.050 0.077
0 0.241 0.347 0.044 0.107
0 0.262 0.425 0.055 0.161
0 0.302 0.452 0.053 0.170
0 0.344 0.470 0.037 0.192
0 0.375 0.481 0.035 0.171
0 0.415 0.466 0.045 0.234
0 0.448 0.493 0.035 0.194
0 0.482 0.501 0.043 0.218
0 0.525 0.500 0.035 0.210
0 0.560 0.504 0.032 0.186
0 0.594 0.481 0.033 0.219
0 0.628 0.493 0.035 0.201
0 0.657 0.468 0.039 0.185
0 0.701 0.475 0.047 0.177
0 0.740 0.439 0.051 0.168
0 0.761 0.364 0.045 0.104
0 0.787 0.590 0.050 0.092
0 0.740 0.630 0.073 0.171
0 0.699 0.689 0.064 0.133
0 0.646 0.686 0.056 0.197
0 0.611 0.688 0.046 0.177
0 0.585 0.711 0.048 0.173
0 0.550 0.706 0.031 0.130
0 0.519 0.702 0.026 0.110
0 0.491 0.697 0.025 0.137
0 0.462 0.700 0.029 0.145
0 0.427 0.700 0.039 0.176
0 0.401 0.680 0.041 0.167
0 0.362 0.677 0.054 0.192
0 0.315 0.649 0.087 0.186
0 0.258 0.613 0.086 0.182
0 0.215 0.580 0.051 0.104
