7 0.653 0.531 0.014 0.022
7 0.331 0.626 0.042 0.033
0 0.246 0.436 0.052 0.143
0 0.289 0.474 0.050 0.158
0 0.337 0.479 0.051 0.169
0 0.372 0.471 0.031 0.154
0 0.399 0.466 0.034 0.165
0 0.423 0.455 0.034 0.176
0 0.454 0.467 0.032 0.147
0 0.483 0.463 0.033 0.191
0 0.519 0.471 0.033 0.180
0 0.550 0.479 0.033 0.152
0 0.583 0.459 0.034 0.193
0 0.609 0.462 0.040 0.179
0 0.642 0.483 0.046 0.139
0 0.699 0.468 0.037 0.088
0 0.748 0.444 0.055 0.145
0 0.728 0.630 0.087 0.138
0 0.679 0.655 0.089 0.146
0 0.625 0.675 0.034 0.161
0 0.564 0.681 0.037 0.199
0 0.539 0.666 0.031 0.182
0 0.519 0.662 0.026 0.180
0 0.500 0.667 0.023 0.186
0 0.481 0.669 0.025 0.193
0 0.457 0.679 0.029 0.193
0 0.430 0.685 0.032 0.184
0 0.401 0.696 0.040 0.189
0 0.307 0.686 0.089 0.182
0 0.263 0.636 0.075 0.131
0 0.592 0.689 0.039 0.193
