10 0.679 0.577 0.026 0.039
0 0.230 0.520 0.047 0.150
0 0.272 0.535 0.050 0.160
0 0.325 0.511 0.058 0.187
0 0.364 0.512 0.043 0.182
0 0.390 0.504 0.049 0.174
0 0.415 0.495 0.053 0.185
0 0.450 0.506 0.033 0.146
0 0.482 0.493 0.036 0.169
0 0.518 0.487 0.038 0.177
0 0.550 0.493 0.032 0.164
0 0.589 0.477 0.053 0.206
0 0.615 0.498 0.050 0.159
0 0.645 0.506 0.043 0.154
0 0.681 0.516 0.060 0.168
0 0.736 0.508 0.052 0.168
0 0.775 0.494 0.055 0.149
0 0.759 0.662 0.079 0.140
0 0.707 0.689 0.083 0.156
0 0.625 0.691 0.045 0.177
0 0.592 0.688 0.037 0.184
0 0.560 0.682 0.032 0.195
0 0.533 0.669 0.027 0.158
0 0.512 0.666 0.027 0.143
0 0.490 0.661 0.026 0.137
0 0.470 0.667 0.032 0.155
0 0.443 0.684 0.032 0.176
0 0.410 0.698 0.042 0.176
0 0.375 0.714 0.040 0.184
0 0.323 0.710 0.075 0.164
0 0.261 0.699 0.084 0.160
