0 0.268 0.491 0.051 0.177
0 0.319 0.491 0.054 0.174
0 0.353 0.488 0.042 0.171
0 0.386 0.476 0.056 0.181
0 0.412 0.450 0.044 0.199
0 0.447 0.450 0.035 0.178
0 0.483 0.446 0.035 0.193
0 0.516 0.445 0.037 0.193
0 0.550 0.455 0.032 0.176
0 0.581 0.458 0.043 0.201
0 0.616 0.467 0.053 0.203
0 0.646 0.484 0.042 0.181
0 0.685 0.491 0.054 0.173
0 0.738 0.483 0.055 0.187
0 0.720 0.663 0.064 0.159
0 0.661 0.671 0.071 0.169
0 0.615 0.662 0.043 0.169
0 0.588 0.662 0.045 0.183
0 0.564 0.663 0.040 0.195
0 0.532 0.639 0.027 0.160
0 0.513 0.638 0.025 0.166
0 0.494 0.629 0.028 0.160
0 0.476 0.641 0.034 0.165
0 0.449 0.655 0.040 0.193
0 0.419 0.661 0.034 0.189
0 0.390 0.666 0.038 0.180
0 0.349 0.677 0.062 0.195
0 0.298 0.668 0.061 0.167
