10 0.680 0.385 0.036 0.033
10 0.632 0.379 0.033 0.034
10 0.352 0.346 0.027 0.028
10 0.329 0.395 0.030 0.036
0 0.262 0.302 0.046 0.142
0 0.310 0.285 0.050 0.178
0 0.359 0.276 0.053 0.177
0 0.396 0.271 0.041 0.161
0 0.422 0.263 0.050 0.180
0 0.441 0.234 0.035 0.192
0 0.469 0.233 0.027 0.185
0 0.494 0.238 0.032 0.177
0 0.525 0.237 0.034 0.184
0 0.550 0.245 0.028 0.169
0 0.579 0.243 0.033 0.187
0 0.600 0.255 0.043 0.175
0 0.628 0.259 0.043 0.178
0 0.658 0.268 0.048 0.178
0 0.705 0.277 0.047 0.157
0 0.739 0.455 0.067 0.116
0 0.687 0.445 0.058 0.152
0 0.634 0.452 0.058 0.171
0 0.595 0.435 0.037 0.160
0 0.571 0.426 0.029 0.165
0 0.547 0.426 0.028 0.183
0 0.523 0.407 0.027 0.147
0 0.506 0.403 0.024 0.130
0 0.490 0.399 0.025 0.132
0 0.473 0.397 0.026 0.136
0 0.452 0.415 0.027 0.171
0 0.428 0.432 0.030 0.159
0 0.410 0.438 0.040 0.165
0 0.371 0.447 0.065 0.169
0 0.325 0.456 0.060 0.161
0 0.275 0.440 0.063 0.130
