10 0.668 0.563 0.034 0.048
10 0.320 0.604 0.035 0.039
10 0.369 0.585 0.039 0.045
7 0.438 0.560 0.025 0.042
7 0.587 0.561 0.025 0.037
7 0.607 0.665 0.021 0.040
7 0.578 0.670 0.017 0.034
8 0.545 0.487 0.010 0.122
11 0.331 0.716 0.010 0.028
11 0.368 0.736 0.007 0.045
1 0.369 0.766 0.018 0.110
1 0.326 0.748 0.027 0.097
9 0.360 0.676 0.077 0.083
9 0.649 0.653 0.077 0.104
0 0.323 0.543 0.048 0.144
0 0.369 0.524 0.057 0.141
0 0.401 0.522 0.048 0.153
0 0.418 0.515 0.043 0.159
0 0.441 0.496 0.042 0.195
0 0.466 0.494 0.021 0.174
0 0.492 0.505 0.029 0.160
0 0.522 0.501 0.029 0.163
0 0.549 0.498 0.032 0.185
0 0.572 0.496 0.030 0.204
0 0.593 0.500 0.043 0.165
0 0.622 0.512 0.034 0.178
0 0.669 0.499 0.048 0.149
0 0.680 0.694 0.045 0.087
0 0.602 0.702 0.032 0.167
0 0.575 0.693 0.027 0.169
0 0.550 0.696 0.028 0.181
0 0.531 0.678 0.024 0.161
0 0.511 0.680 0.021 0.161
0 0.494 0.678 0.021 0.155
0 0.475 0.678 0.028 0.165
0 0.456 0.690 0.028 0.173
0 0.429 0.699 0.028 0.170
0 0.406 0.698 0.031 0.167
