8 0.267 0.433 0.028 0.071
10 0.312 0.505 0.033 0.020
10 0.675 0.521 0.032 0.020
10 0.275 0.545 0.036 0.036
7 0.514 0.539 0.025 0.032
7 0.480 0.537 0.025 0.046
7 0.735 0.505 0.017 0.031
0 0.225 0.433 0.057 0.155
0 0.269 0.431 0.041 0.098
0 0.314 0.433 0.065 0.174
0 0.358 0.442 0.044 0.174
0 0.388 0.457 0.042 0.182
0 0.413 0.452 0.037 0.194
0 0.445 0.467 0.036 0.168
0 0.472 0.468 0.034 0.188
0 0.506 0.456 0.035 0.199
0 0.537 0.457 0.034 0.167
0 0.571 0.441 0.035 0.215
0 0.598 0.451 0.040 0.186
0 0.629 0.443 0.039 0.178
0 0.671 0.465 0.059 0.165
0 0.719 0.443 0.044 0.177
0 0.764 0.421 0.058 0.149
0 0.772 0.566 0.073 0.147
0 0.624 0.650 0.062 0.186
0 0.587 0.654 0.042 0.173
0 0.559 0.661 0.042 0.177
0 0.528 0.648 0.038 0.152
0 0.504 0.652 0.031 0.145
0 0.480 0.648 0.029 0.144
0 0.455 0.655 0.037 0.157
0 0.427 0.665 0.035 0.173
0 0.395 0.659 0.042 0.179
0 0.364 0.645 0.061 0.167
0 0.256 0.605 0.093 0.164
