8 0.344 0.456 0.039 0.087
7 0.347 0.526 0.031 0.082
7 0.664 0.636 0.058 0.050
0 0.266 0.460 0.053 0.145
0 0.306 0.475 0.047 0.163
0 0.347 0.487 0.057 0.157
0 0.389 0.498 0.040 0.169
0 0.417 0.513 0.041 0.162
0 0.445 0.513 0.037 0.171
0 0.471 0.515 0.032 0.176
0 0.499 0.532 0.035 0.164
0 0.532 0.525 0.038 0.192
0 0.559 0.518 0.033 0.187
0 0.591 0.525 0.037 0.164
0 0.615 0.524 0.046 0.162
0 0.637 0.514 0.053 0.164
0 0.676 0.514 0.051 0.171
0 0.715 0.499 0.055 0.151
0 0.746 0.432 0.037 0.121
0 0.768 0.625 0.064 0.134
0 0.724 0.666 0.076 0.171
0 0.681 0.712 0.071 0.133
0 0.628 0.710 0.045 0.182
0 0.601 0.715 0.032 0.180
0 0.573 0.714 0.032 0.182
0 0.550 0.716 0.030 0.179
0 0.523 0.711 0.027 0.157
0 0.494 0.701 0.024 0.162
0 0.472 0.703 0.026 0.156
0 0.446 0.703 0.027 0.164
0 0.420 0.697 0.033 0.175
0 0.391 0.696 0.056 0.193
0 0.346 0.668 0.089 0.191
0 0.293 0.641 0.076 0.171
0 0.254 0.607 0.060 0.160
