0 0.247 0.374 0.052 0.161
0 0.276 0.446 0.050 0.199
0 0.325 0.469 0.055 0.178
0 0.366 0.476 0.043 0.163
0 0.400 0.473 0.047 0.173
0 0.423 0.474 0.040 0.186
0 0.457 0.473 0.030 0.185
0 0.484 0.473 0.036 0.193
0 0.521 0.471 0.032 0.198
0 0.550 0.470 0.033 0.192
0 0.584 0.454 0.036 0.212
0 0.611 0.479 0.041 0.176
0 0.645 0.467 0.038 0.183
0 0.685 0.466 0.055 0.187
0 0.734 0.459 0.053 0.193
0 0.757 0.386 0.058 0.153
0 0.780 0.648 0.065 0.166
0 0.728 0.664 0.077 0.196
0 0.666 0.675 0.073 0.188
0 0.618 0.678 0.040 0.183
0 0.587 0.680 0.032 0.192
0 0.564 0.691 0.035 0.209
0 0.534 0.673 0.024 0.188
0 0.513 0.671 0.025 0.191
0 0.496 0.670 0.032 0.188
0 0.474 0.669 0.033 0.182
0 0.442 0.689 0.044 0.212
0 0.416 0.670 0.042 0.177
0 0.389 0.680 0.039 0.198
0 0.345 0.675 0.079 0.202
0 0.281 0.651 0.085 0.191
0 0.227 0.648 0.062 0.175
