8 0.611 0.450 0.020 0.137
8 0.400 0.721 0.014 0.135
8 0.313 0.426 0.024 0.104
9 0.614 0.545 0.040 0.069
9 0.408 0.632 0.042 0.055
9 0.298 0.515 0.054 0.077
8 0.585 0.438 0.015 0.174
7 0.593 0.548 0.020 0.066
7 0.668 0.611 0.034 0.048
7 0.628 0.635 0.019 0.034
7 0.428 0.556 0.019 0.034
7 0.428 0.646 0.024 0.062
0 0.305 0.425 0.048 0.151
0 0.353 0.473 0.049 0.130
0 0.388 0.459 0.037 0.138
0 0.410 0.483 0.043 0.187
0 0.436 0.469 0.036 0.245
0 0.464 0.497 0.030 0.197
0 0.492 0.499 0.033 0.179
0 0.530 0.502 0.038 0.189
0 0.559 0.494 0.029 0.204
0 0.585 0.469 0.031 0.240
0 0.611 0.445 0.035 0.152
0 0.673 0.679 0.082 0.187
0 0.628 0.695 0.050 0.199
0 0.597 0.701 0.043 0.188
0 0.571 0.707 0.037 0.188
0 0.545 0.691 0.027 0.201
0 0.526 0.697 0.023 0.179
0 0.508 0.695 0.027 0.186
0 0.487 0.699 0.027 0.185
0 0.463 0.704 0.033 0.184
0 0.436 0.707 0.029 0.189
0 0.402 0.722 0.036 0.191
0 0.359 0.674 0.069 0.150
0 0.308 0.650 0.085 0.134
0 0.253 0.612 0.085 0.122
