10 0.394 0.445 0.029 0.052
10 0.620 0.449 0.032 0.050
10 0.697 0.447 0.031 0.040
10 0.599 0.576 0.022 0.040
10 0.479 0.476 0.385 0.136
10 0.256 0.443 0.022 0.040
7 0.591 0.534 0.034 0.052
9 0.317 0.405 0.133 0.105
7 0.622 0.531 0.039 0.043
0 0.272 0.322 0.036 0.108
0 0.373 0.332 0.036 0.128
0 0.402 0.371 0.039 0.153
0 0.421 0.370 0.036 0.209
0 0.449 0.378 0.035 0.203
0 0.479 0.372 0.038 0.199
0 0.519 0.370 0.038 0.199
0 0.554 0.377 0.036 0.188
0 0.586 0.361 0.039 0.239
0 0.611 0.374 0.047 0.185
0 0.644 0.366 0.036 0.154
0 0.695 0.379 0.050 0.177
0 0.733 0.371 0.044 0.175
0 0.629 0.616 0.043 0.147
0 0.597 0.608 0.054 0.183
0 0.574 0.623 0.054 0.201
0 0.537 0.585 0.037 0.191
0 0.514 0.572 0.026 0.169
0 0.489 0.569 0.028 0.172
0 0.463 0.591 0.037 0.207
0 0.434 0.593 0.041 0.207
0 0.346 0.571 0.079 0.177
0 0.303 0.553 0.079 0.154
0 0.253 0.521 0.068 0.132
