7 0.379 0.554 0.022 0.040
7 0.401 0.551 0.040 0.046
7 0.462 0.537 0.010 0.040
7 0.491 0.530 0.010 0.040
7 0.501 0.525 0.010 0.040
7 0.526 0.527 0.009 0.040
7 0.613 0.533 0.038 0.051
7 0.635 0.546 0.022 0.040
7 0.697 0.578 0.022 0.040
7 0.310 0.617 0.022 0.040
7 0.295 0.565 0.022 0.040
0 0.294 0.520 0.040 0.127
0 0.329 0.521 0.054 0.132
0 0.371 0.509 0.034 0.167
0 0.401 0.478 0.038 0.118
0 0.427 0.488 0.036 0.171
0 0.450 0.487 0.033 0.173
0 0.479 0.475 0.030 0.183
0 0.511 0.471 0.027 0.188
0 0.540 0.472 0.026 0.173
0 0.562 0.461 0.042 0.183
0 0.588 0.477 0.039 0.166
0 0.620 0.452 0.037 0.141
0 0.664 0.513 0.057 0.152
0 0.700 0.543 0.051 0.164
0 0.725 0.530 0.045 0.145
0 0.738 0.671 0.060 0.108
0 0.622 0.673 0.037 0.167
0 0.591 0.668 0.030 0.173
0 0.565 0.674 0.031 0.197
0 0.541 0.652 0.027 0.155
0 0.519 0.651 0.024 0.154
0 0.483 0.657 0.029 0.152
0 0.459 0.684 0.030 0.184
0 0.433 0.693 0.042 0.178
0 0.392 0.697 0.050 0.169
0 0.348 0.692 0.073 0.169
0 0.305 0.659 0.062 0.152
0 0.501 0.653 0.031 0.149
