8 0.645 0.477 0.015 0.090
8 0.388 0.730 0.016 0.109
7 0.319 0.648 0.041 0.048
7 0.381 0.646 0.031 0.065
7 0.638 0.549 0.033 0.059
7 0.360 0.573 0.033 0.055
10 0.687 0.569 0.038 0.036
0 0.243 0.500 0.056 0.189
0 0.292 0.507 0.069 0.192
0 0.359 0.509 0.053 0.161
0 0.391 0.502 0.051 0.176
0 0.414 0.485 0.041 0.181
0 0.451 0.472 0.036 0.175
0 0.484 0.453 0.041 0.205
0 0.520 0.452 0.040 0.209
0 0.558 0.460 0.037 0.179
0 0.590 0.471 0.039 0.190
0 0.612 0.481 0.043 0.198
0 0.644 0.475 0.026 0.106
0 0.682 0.496 0.057 0.175
0 0.742 0.498 0.060 0.165
0 0.760 0.662 0.084 0.169
0 0.712 0.703 0.066 0.126
0 0.655 0.692 0.064 0.168
0 0.606 0.681 0.039 0.175
0 0.578 0.674 0.041 0.171
0 0.554 0.689 0.033 0.212
0 0.529 0.670 0.031 0.188
0 0.507 0.650 0.026 0.161
0 0.485 0.647 0.028 0.153
0 0.463 0.649 0.033 0.151
0 0.441 0.673 0.032 0.176
0 0.414 0.684 0.034 0.172
0 0.387 0.726 0.028 0.112
0 0.308 0.730 0.098 0.205
0 0.244 0.668 0.093 0.149
