9 0.628 0.488 0.151 0.086
9 0.362 0.579 0.111 0.087
9 0.425 0.513 0.060 0.064
9 0.344 0.495 0.051 0.064
0 0.303 0.425 0.045 0.139
0 0.345 0.413 0.042 0.119
0 0.376 0.448 0.034 0.181
0 0.397 0.452 0.031 0.174
0 0.409 0.426 0.034 0.121
0 0.463 0.446 0.033 0.162
0 0.495 0.425 0.034 0.187
0 0.527 0.429 0.027 0.170
0 0.553 0.422 0.034 0.187
0 0.599 0.405 0.034 0.125
0 0.675 0.416 0.034 0.109
0 0.725 0.413 0.045 0.162
0 0.568 0.649 0.033 0.203
0 0.540 0.611 0.024 0.166
0 0.518 0.618 0.028 0.160
0 0.482 0.626 0.029 0.172
0 0.459 0.645 0.031 0.178
0 0.438 0.641 0.037 0.160
0 0.413 0.648 0.043 0.173
0 0.321 0.631 0.060 0.127
0 0.275 0.554 0.076 0.140
