0 0.280 0.289 0.067 0.113
0 0.290 0.384 0.064 0.159
0 0.337 0.404 0.055 0.179
0 0.384 0.419 0.048 0.176
0 0.417 0.429 0.052 0.197
0 0.438 0.431 0.046 0.219
0 0.467 0.443 0.039 0.215
0 0.498 0.455 0.038 0.232
0 0.535 0.452 0.041 0.229
0 0.565 0.446 0.038 0.201
0 0.595 0.420 0.038 0.220
0 0.616 0.422 0.044 0.191
0 0.643 0.413 0.047 0.173
0 0.683 0.398 0.060 0.183
0 0.723 0.373 0.061 0.164
0 0.725 0.268 0.072 0.132
0 0.786 0.578 0.069 0.115
0 0.730 0.623 0.061 0.180
0 0.678 0.638 0.092 0.196
0 0.631 0.665 0.060 0.190
0 0.594 0.669 0.037 0.176
0 0.569 0.682 0.031 0.194
0 0.542 0.679 0.025 0.181
0 0.515 0.673 0.024 0.168
0 0.492 0.668 0.023 0.170
0 0.472 0.668 0.028 0.148
0 0.438 0.711 0.047 0.227
0 0.412 0.685 0.043 0.206
0 0.376 0.668 0.056 0.179
0 0.330 0.648 0.091 0.217
0 0.275 0.611 0.068 0.167
0 0.215 0.573 0.064 0.108
