10 0.664 0.545 0.048 0.048
10 0.354 0.598 0.030 0.042
10 0.326 0.519 0.047 0.050
0 0.326 0.447 0.044 0.146
0 0.392 0.474 0.033 0.153
0 0.432 0.390 0.073 0.136
0 0.438 0.464 0.036 0.139
0 0.473 0.464 0.037 0.153
0 0.513 0.456 0.033 0.156
0 0.543 0.451 0.029 0.163
0 0.583 0.439 0.041 0.175
0 0.721 0.428 0.054 0.149
0 0.674 0.611 0.071 0.161
0 0.588 0.623 0.046 0.172
0 0.563 0.644 0.031 0.168
0 0.539 0.652 0.025 0.196
0 0.517 0.644 0.026 0.194
0 0.496 0.635 0.023 0.186
0 0.475 0.648 0.025 0.174
0 0.456 0.637 0.031 0.154
0 0.435 0.671 0.030 0.195
0 0.411 0.665 0.030 0.152
0 0.338 0.675 0.085 0.192
0 0.226 0.630 0.051 0.175
