8 0.373 0.684 0.049 0.092
7 0.389 0.618 0.041 0.060
0 0.318 0.444 0.041 0.138
0 0.353 0.459 0.038 0.164
0 0.392 0.465 0.046 0.154
0 0.417 0.460 0.042 0.166
0 0.437 0.459 0.033 0.144
0 0.454 0.454 0.027 0.160
0 0.476 0.474 0.025 0.132
0 0.495 0.488 0.026 0.144
0 0.520 0.475 0.028 0.164
0 0.538 0.469 0.021 0.155
0 0.559 0.459 0.030 0.164
0 0.572 0.471 0.035 0.164
0 0.594 0.484 0.041 0.165
0 0.621 0.473 0.044 0.171
0 0.659 0.478 0.043 0.150
0 0.692 0.473 0.049 0.143
0 0.724 0.635 0.071 0.156
0 0.678 0.666 0.076 0.166
0 0.627 0.686 0.065 0.181
0 0.592 0.690 0.047 0.170
0 0.574 0.686 0.029 0.168
0 0.550 0.665 0.026 0.188
0 0.529 0.661 0.022 0.140
0 0.514 0.663 0.020 0.146
0 0.496 0.653 0.022 0.181
0 0.481 0.653 0.024 0.151
0 0.463 0.669 0.026 0.191
0 0.441 0.673 0.032 0.169
0 0.418 0.671 0.052 0.166
0 0.382 0.677 0.079 0.158
0 0.337 0.652 0.076 0.178
0 0.292 0.598 0.067 0.150
