9 0.632 0.582 0.063 0.071
7 0.644 0.497 0.052 0.064
7 0.379 0.592 0.044 0.074
7 0.353 0.570 0.022 0.039
7 0.361 0.497 0.032 0.052
7 0.693 0.478 0.036 0.048
7 0.418 0.606 0.021 0.038
8 0.637 0.423 0.041 0.096
8 0.660 0.664 0.045 0.114
8 0.363 0.678 0.049 0.117
0 0.333 0.424 0.073 0.176
0 0.372 0.433 0.054 0.200
0 0.405 0.443 0.038 0.198
0 0.428 0.451 0.045 0.219
0 0.447 0.462 0.035 0.216
0 0.473 0.477 0.026 0.185
0 0.496 0.486 0.030 0.182
0 0.521 0.477 0.036 0.182
0 0.539 0.460 0.029 0.193
0 0.567 0.459 0.035 0.185
0 0.587 0.457 0.039 0.191
0 0.604 0.440 0.037 0.207
0 0.639 0.417 0.050 0.150
0 0.687 0.414 0.061 0.167
0 0.692 0.609 0.075 0.177
0 0.652 0.665 0.062 0.132
0 0.608 0.660 0.063 0.178
0 0.577 0.675 0.046 0.187
0 0.557 0.683 0.033 0.182
0 0.538 0.685 0.025 0.179
0 0.521 0.676 0.025 0.155
0 0.504 0.677 0.024 0.148
0 0.487 0.685 0.026 0.171
0 0.465 0.679 0.027 0.172
0 0.446 0.681 0.036 0.201
0 0.420 0.670 0.049 0.185
0 0.376 0.657 0.089 0.171
0 0.318 0.614 0.068 0.174
0 0.258 0.586 0.066 0.101
