9 0.637 0.542 0.085 0.067
9 0.455 0.536 0.023 0.068
10 0.624 0.619 0.037 0.038
10 0.368 0.611 0.026 0.065
10 0.326 0.609 0.011 0.020
0 0.305 0.477 0.046 0.166
0 0.397 0.473 0.029 0.121
0 0.428 0.486 0.032 0.160
0 0.455 0.476 0.023 0.085
0 0.481 0.500 0.031 0.155
0 0.514 0.495 0.028 0.154
0 0.539 0.497 0.026 0.146
0 0.566 0.480 0.032 0.163
0 0.589 0.491 0.037 0.153
0 0.658 0.467 0.045 0.098
0 0.700 0.521 0.042 0.184
0 0.646 0.677 0.064 0.158
0 0.579 0.676 0.033 0.163
0 0.552 0.673 0.025 0.182
0 0.530 0.656 0.030 0.150
0 0.515 0.655 0.027 0.142
0 0.497 0.661 0.030 0.149
0 0.475 0.667 0.025 0.170
0 0.453 0.685 0.028 0.199
0 0.430 0.685 0.028 0.176
0 0.404 0.673 0.044 0.172
0 0.367 0.664 0.070 0.180
0 0.318 0.672 0.071 0.173
