10 0.672 0.565 0.046 0.052
10 0.726 0.562 0.037 0.041
0 0.254 0.344 0.051 0.166
0 0.291 0.407 0.045 0.173
0 0.337 0.416 0.056 0.173
0 0.374 0.391 0.037 0.207
0 0.403 0.399 0.038 0.196
0 0.437 0.390 0.039 0.201
0 0.466 0.390 0.030 0.206
0 0.498 0.392 0.037 0.211
0 0.537 0.392 0.038 0.217
0 0.569 0.402 0.038 0.191
0 0.601 0.394 0.036 0.220
0 0.633 0.407 0.037 0.195
0 0.670 0.415 0.052 0.190
0 0.713 0.423 0.045 0.185
0 0.756 0.432 0.042 0.164
0 0.795 0.611 0.080 0.137
0 0.738 0.636 0.073 0.188
0 0.689 0.646 0.071 0.201
0 0.638 0.645 0.037 0.203
0 0.610 0.639 0.035 0.205
0 0.572 0.639 0.041 0.209
0 0.550 0.616 0.025 0.172
0 0.527 0.609 0.021 0.160
0 0.503 0.615 0.023 0.174
0 0.482 0.616 0.026 0.181
0 0.454 0.635 0.033 0.231
0 0.422 0.624 0.034 0.202
0 0.392 0.637 0.040 0.219
0 0.345 0.633 0.073 0.217
0 0.293 0.616 0.064 0.200
0 0.247 0.606 0.050 0.170
