10 0.788 0.533 0.032 0.043
10 0.675 0.512 0.031 0.039
10 0.296 0.521 0.022 0.039
10 0.276 0.580 0.035 0.050
10 0.336 0.596 0.044 0.051
10 0.739 0.597 0.051 0.044
9 0.356 0.486 0.049 0.081
8 0.338 0.416 0.025 0.076
0 0.255 0.451 0.058 0.171
0 0.295 0.447 0.059 0.176
0 0.339 0.416 0.045 0.100
0 0.390 0.420 0.046 0.184
0 0.440 0.426 0.044 0.169
0 0.494 0.443 0.054 0.165
0 0.550 0.439 0.056 0.180
0 0.597 0.459 0.038 0.148
0 0.643 0.459 0.044 0.163
0 0.686 0.444 0.081 0.168
0 0.728 0.472 0.068 0.158
0 0.783 0.479 0.056 0.173
0 0.747 0.665 0.081 0.154
0 0.594 0.646 0.040 0.188
0 0.562 0.617 0.038 0.141
0 0.526 0.613 0.037 0.146
0 0.492 0.621 0.035 0.162
0 0.453 0.613 0.038 0.146
0 0.414 0.648 0.040 0.202
0 0.321 0.653 0.088 0.178
0 0.271 0.647 0.069 0.148
