10 0.335 0.519 0.048 0.048
10 0.350 0.565 0.052 0.046
7 0.644 0.566 0.044 0.048
7 0.701 0.556 0.053 0.055
7 0.616 0.513 0.027 0.046
9 0.653 0.499 0.058 0.063
9 0.705 0.494 0.056 0.060
8 0.703 0.418 0.020 0.109
8 0.662 0.429 0.030 0.100
0 0.247 0.438 0.049 0.148
0 0.282 0.456 0.047 0.152
0 0.332 0.449 0.054 0.141
0 0.365 0.463 0.053 0.155
0 0.392 0.455 0.058 0.170
0 0.418 0.440 0.037 0.183
0 0.447 0.436 0.028 0.160
0 0.479 0.440 0.035 0.172
0 0.512 0.421 0.035 0.198
0 0.537 0.435 0.026 0.166
0 0.566 0.435 0.039 0.195
0 0.585 0.443 0.046 0.187
0 0.611 0.443 0.047 0.187
0 0.660 0.420 0.050 0.112
0 0.700 0.419 0.039 0.119
0 0.756 0.565 0.061 0.140
0 0.707 0.628 0.053 0.128
0 0.645 0.644 0.077 0.184
0 0.597 0.636 0.052 0.181
0 0.569 0.635 0.040 0.183
0 0.552 0.644 0.032 0.177
0 0.521 0.631 0.026 0.171
0 0.502 0.642 0.028 0.156
0 0.482 0.638 0.026 0.170
0 0.461 0.636 0.024 0.192
0 0.432 0.648 0.033 0.195
0 0.411 0.640 0.033 0.187
0 0.388 0.658 0.048 0.218
0 0.343 0.647 0.072 0.167
0 0.287 0.638 0.072 0.185
0 0.239 0.589 0.064 0.141
