7 0.689 0.664 0.043 0.050
7 0.651 0.667 0.022 0.040
7 0.353 0.649 0.032 0.042
7 0.309 0.649 0.034 0.044
0 0.291 0.515 0.041 0.160
0 0.331 0.515 0.050 0.147
0 0.365 0.505 0.027 0.157
0 0.386 0.508 0.029 0.144
0 0.412 0.502 0.029 0.163
0 0.442 0.509 0.025 0.147
0 0.471 0.508 0.033 0.181
0 0.507 0.512 0.040 0.173
0 0.535 0.515 0.022 0.161
0 0.567 0.513 0.038 0.192
0 0.592 0.524 0.036 0.169
0 0.618 0.527 0.041 0.165
0 0.652 0.529 0.054 0.165
0 0.703 0.536 0.050 0.153
0 0.701 0.729 0.081 0.157
0 0.642 0.732 0.065 0.177
0 0.599 0.692 0.052 0.112
0 0.569 0.721 0.034 0.183
0 0.544 0.708 0.029 0.181
0 0.518 0.685 0.029 0.154
0 0.498 0.681 0.026 0.141
0 0.476 0.679 0.023 0.145
0 0.450 0.691 0.034 0.173
0 0.428 0.690 0.026 0.158
0 0.396 0.666 0.045 0.101
0 0.358 0.708 0.052 0.164
0 0.301 0.703 0.072 0.154
