6 0.690366 0.516543 0.0458595 0.0648211 0.597072
9 0.464698 0.47029 0.0115473 0.0263336 0.601221
7 0.624051 0.40108 0.0207852 0.128292 0.64427
9 0.585615 0.497299 0.0197954 0.0290344 0.672767
6 0.372979 0.485483 0.0247443 0.0364618 0.675272
7 0.400858 0.395341 0.0184758 0.135719 0.707062
9 0.334213 0.55368 0.0428901 0.0513167 0.71752
6 0.621577 0.488521 0.0316727 0.0600945 0.719167
6 0.702573 0.48312 0.0306829 0.0398379 0.748853
6 0.685747 0.540513 0.0419004 0.0479406 0.758432
6 0.398383 0.480756 0.0293632 0.0688724 0.766208
9 0.658529 0.48447 0.0422303 0.0533423 0.766493
9 0.589409 0.583727 0.0326625 0.0411884 0.77929
4 0.505939 0.604321 0.667436 0.433491 0.792751
9 0.332564 0.483795 0.0244144 0.0344362 0.802537
9 0.383207 0.576975 0.0412405 0.0438893 0.81227
9 0.63164 0.56786 0.039261 0.0459149 0.833132
2 0.507258 0.334909 0.52095 0.21472 0.875217
5 0.512207 0.181296 0.534807 0.35314 0.886469
