0 0.518354 0.635935 0.0333704 0.188425 0.772721
0 0.378198 0.428331 0.0363367 0.176985 0.78165
0 0.575454 0.652759 0.0393029 0.204576 0.793695
3 0.515202 0.349933 0.609195 0.207268 0.80126
0 0.406563 0.648385 0.0396737 0.222746 0.806783
0 0.602521 0.411507 0.0437523 0.206595 0.809742
0 0.434928 0.653432 0.0400445 0.216689 0.813419
0 0.349833 0.420256 0.0389321 0.183715 0.818301
6 0.513534 0.201548 0.625139 0.351952 0.818449
0 0.46663 0.640646 0.0337412 0.188425 0.819153
0 0.492584 0.636945 0.0285502 0.174293 0.825014
0 0.667594 0.431359 0.0367075 0.17362 0.827316
0 0.406007 0.412517 0.045977 0.20996 0.8276
0 0.544308 0.645357 0.0348535 0.192463 0.829581
0 0.441602 0.421265 0.0437523 0.204576 0.833399
0 0.375232 0.645693 0.0444939 0.216016 0.834888
0 0.606044 0.651413 0.0418984 0.199192 0.837782
0 0.528736 0.424293 0.0444939 0.21467 0.846149
0 0.484983 0.426649 0.0422692 0.211306 0.858107
0 0.564887 0.4179 0.04264 0.196501 0.858483
0 0.634965 0.423284 0.0381906 0.191117 0.861999
0 0.711161 0.419246 0.0519095 0.195155 0.86758
0 0.255654 0.401077 0.0493141 0.189771 0.874008
0 0.229885 0.580081 0.0548758 0.145357 0.879051
0 0.275491 0.611373 0.0711902 0.183715 0.879941
0 0.76307 0.395693 0.0496848 0.211306 0.882293
0 0.798109 0.58681 0.0700779 0.15747 0.88381
0 0.308306 0.420929 0.0559881 0.187752 0.888914
0 0.640897 0.652086 0.0478309 0.208614 0.890005
0 0.746014 0.614738 0.0719318 0.182369 0.890234
0 0.331294 0.630215 0.0678532 0.201211 0.896524
0 0.693548 0.646366 0.0774935 0.199865 0.904589
