0 0.351336 0.457239 0.0508537 0.160269 0.527303
0 0.508723 0.657239 0.0374907 0.161616 0.537094
7 0.323682 0.511111 0.0259837 0.03367 0.540541
7 0.628619 0.553199 0.0300668 0.0316498 0.564781
0 0.418523 0.458586 0.032294 0.165657 0.652025
0 0.494989 0.650168 0.0337788 0.16229 0.661104
5 0.510022 0.673401 0.641425 0.317845 0.685297
0 0.53582 0.670034 0.0419451 0.171044 0.686729
0 0.430401 0.450842 0.0278396 0.156902 0.687111
0 0.482183 0.641414 0.0296956 0.169024 0.738155
0 0.332591 0.445455 0.0489978 0.164983 0.747648
0 0.467335 0.645118 0.0282108 0.169697 0.751349
0 0.553638 0.489899 0.0426875 0.175758 0.753218
3 0.483853 0.392256 0.470304 0.208081 0.761575
0 0.438567 0.641751 0.0389755 0.161616 0.769595
0 0.57925 0.493939 0.0530809 0.169024 0.771261
0 0.524499 0.46734 0.0415739 0.179125 0.772521
0 0.448589 0.446128 0.0248701 0.160943 0.777822
0 0.700817 0.668013 0.0727543 0.126599 0.785011
0 0.4098 0.643771 0.043801 0.16835 0.79244
0 0.278768 0.63367 0.0631032 0.122559 0.795503
4 0.512435 0.583838 0.793987 0.624916 0.8077
0 0.581477 0.675421 0.0783222 0.185859 0.814901
0 0.307721 0.381818 0.0489978 0.133333 0.816745
0 0.491462 0.460269 0.030438 0.16633 0.817881
0 0.470119 0.447475 0.0263549 0.159596 0.819749
0 0.656088 0.430303 0.0575353 0.127946 0.820385
0 0.330921 0.643434 0.0642168 0.1367 0.831108
0 0.395323 0.47037 0.0267261 0.158249 0.835863
0 0.377506 0.640404 0.0601336 0.148148 0.844992
0 0.620824 0.489226 0.0567929 0.169024 0.849086
0 0.366741 0.47138 0.0408315 0.160269 0.851599
6 0.489607 0.236364 0.463994 0.334007 0.876108
