4 0.519859 0.611895 0.87268 0.661962 0.726633
0 0.44395 0.700941 0.0400891 0.178763 0.781931
0 0.57461 0.516465 0.0326652 0.184812 0.789367
0 0.742947 0.465054 0.0560505 0.0887097 0.789574
3 0.507424 0.445901 0.539718 0.196909 0.798799
0 0.60245 0.513441 0.0363771 0.180108 0.803409
0 0.561247 0.704973 0.0319228 0.173387 0.805531
0 0.514662 0.697245 0.0263549 0.12836 0.813568
0 0.485523 0.522177 0.0311804 0.173387 0.814528
0 0.536192 0.705309 0.0270973 0.159274 0.818715
0 0.471975 0.697917 0.0248701 0.152554 0.824663
0 0.492947 0.696237 0.0244989 0.129032 0.837564
0 0.589644 0.698925 0.0360059 0.166667 0.838557
0 0.546771 0.532594 0.0282108 0.160618 0.838869
0 0.292873 0.485551 0.0512249 0.15793 0.842213
0 0.420193 0.6875 0.0408315 0.172043 0.844856
0 0.430772 0.509409 0.032294 0.176075 0.845264
0 0.373794 0.505376 0.0378619 0.166667 0.845629
0 0.402561 0.512433 0.0315516 0.168683 0.846761
6 0.500371 0.292675 0.539718 0.34207 0.847907
0 0.715108 0.501008 0.0523385 0.152554 0.850751
0 0.518745 0.530242 0.0315516 0.169355 0.856332
0 0.255382 0.471438 0.0571641 0.108199 0.857035
0 0.233667 0.637097 0.0775798 0.123656 0.859273
0 0.787676 0.648858 0.0846325 0.120296 0.860671
0 0.337231 0.491599 0.049369 0.178091 0.869643
0 0.386785 0.689852 0.0534521 0.175403 0.873441
0 0.631403 0.516801 0.03415 0.177419 0.875525
0 0.668894 0.508065 0.0519673 0.177419 0.876498
0 0.621381 0.697581 0.0415739 0.189516 0.882948
0 0.665924 0.688172 0.0697847 0.189516 0.888219
0 0.458055 0.517473 0.0289532 0.177419 0.889613
0 0.2951 0.647177 0.0653304 0.163978 0.897481
0 0.716221 0.667339 0.0716407 0.18414 0.897635
0 0.34614 0.676075 0.0708983 0.180108 0.899136
