5 0.502587 0.630976 0.694013 0.369024 0.681367
0 0.499815 0.612795 0.0232816 0.148148 0.755803
3 0.511271 0.360269 0.531042 0.185859 0.763366
6 0.505358 0.219529 0.54952 0.351515 0.768176
4 0.502772 0.545791 0.896896 0.731987 0.779013
0 0.538803 0.623569 0.0251293 0.16431 0.79599
0 0.436992 0.414478 0.0380636 0.186532 0.806236
0 0.47912 0.615152 0.0240207 0.160943 0.808035
0 0.42609 0.637037 0.037694 0.199327 0.81612
0 0.519771 0.618182 0.0225425 0.161616 0.817816
0 0.591094 0.415152 0.0365854 0.201347 0.820184
0 0.565041 0.63771 0.0295639 0.206061 0.823061
0 0.455285 0.643771 0.0325203 0.212795 0.824397
0 0.406135 0.424242 0.0332594 0.171044 0.830217
0 0.379527 0.419192 0.0362158 0.164983 0.834476
0 0.724871 0.419192 0.0447154 0.174411 0.84843
0 0.466001 0.418519 0.0384331 0.182492 0.84937
0 0.626016 0.644781 0.0428677 0.201347 0.851441
0 0.396896 0.631313 0.0443459 0.198653 0.853095
0 0.338877 0.417508 0.0495196 0.177778 0.858666
0 0.594789 0.642761 0.0314117 0.194613 0.861839
0 0.681264 0.420202 0.0513673 0.187205 0.862857
0 0.351626 0.628283 0.0809313 0.196633 0.870014
0 0.617332 0.421549 0.0343681 0.176431 0.871698
0 0.559313 0.426599 0.0284553 0.183838 0.874929
0 0.530488 0.427609 0.033629 0.181818 0.877001
0 0.293976 0.410438 0.0454545 0.173064 0.877061
0 0.64357 0.418855 0.0380636 0.169697 0.878111
0 0.668884 0.630976 0.0724316 0.189899 0.881593
0 0.259423 0.595623 0.0539542 0.143434 0.885751
0 0.303769 0.603704 0.0709534 0.17037 0.892771
0 0.494642 0.423232 0.0343681 0.191919 0.894679
0 0.712491 0.60303 0.0628234 0.16633 0.895283
