0 0.289718 0.692593 0.0515961 0.115152 0.57648
0 0.290089 0.503704 0.0300668 0.122559 0.602148
0 0.644395 0.722222 0.0504826 0.127273 0.604005
0 0.659614 0.718855 0.0334076 0.111111 0.63269
4 0.502042 0.620202 0.93801 0.59798 0.67239
0 0.703972 0.524579 0.0360059 0.114478 0.695693
0 0.399406 0.514141 0.0356347 0.154209 0.720563
5 0.502042 0.700673 0.733111 0.325253 0.72362
0 0.504269 0.648822 0.0248701 0.163636 0.766114
0 0.698961 0.709764 0.0571641 0.117172 0.767033
0 0.547884 0.689226 0.0311804 0.197306 0.775184
0 0.517075 0.474411 0.0326652 0.150168 0.779674
3 0.49239 0.442761 0.584633 0.182492 0.779845
0 0.522086 0.661953 0.0270973 0.16431 0.783541
0 0.484781 0.652189 0.0222717 0.152862 0.789775
0 0.46585 0.651852 0.0252413 0.158923 0.795212
0 0.600037 0.692929 0.0367483 0.167003 0.811195
0 0.628805 0.530303 0.0504826 0.177104 0.818942
0 0.440052 0.67037 0.0345212 0.190572 0.820238
6 0.489792 0.302694 0.612843 0.344108 0.820642
0 0.457313 0.480471 0.0326652 0.155556 0.828473
0 0.484595 0.475421 0.0300668 0.153535 0.832495
0 0.368597 0.518855 0.0445434 0.156902 0.833818
0 0.416481 0.670707 0.0334076 0.185859 0.835137
0 0.572197 0.687879 0.0352635 0.177104 0.836261
0 0.569042 0.494613 0.0386043 0.169024 0.841416
0 0.387157 0.67138 0.0356347 0.16835 0.843419
0 0.542502 0.486532 0.0300668 0.154209 0.844195
0 0.430958 0.484175 0.0334076 0.167003 0.844605
0 0.597439 0.521886 0.0374907 0.162963 0.845071
0 0.332777 0.52862 0.0575353 0.161616 0.855349
