7 0.630485 0.568197 0.0402507 0.0438893 0.506089
7 0.332893 0.483457 0.0290333 0.0364618 0.514201
7 0.586275 0.500338 0.0270538 0.0310601 0.565418
7 0.382547 0.569548 0.0432201 0.0425388 0.585704
5 0.511217 0.63977 0.657539 0.381499 0.61658
4 0.510723 0.54659 0.774002 0.75422 0.619944
3 0.504949 0.341999 0.526889 0.222147 0.645065
0 0.459914 0.433829 0.030353 0.188386 0.669685
0 0.618773 0.412897 0.0339822 0.16948 0.673961
0 0.594193 0.429777 0.0316727 0.176232 0.691079
0 0.658858 0.396691 0.0468492 0.141121 0.710992
0 0.275817 0.602971 0.0686242 0.109386 0.72716
0 0.374134 0.422012 0.0362917 0.164754 0.743669
6 0.504124 0.194463 0.535797 0.361918 0.752576
0 0.701089 0.604659 0.0752227 0.151924 0.768319
0 0.513362 0.636732 0.0257341 0.179608 0.772795
0 0.516166 0.424038 0.0359617 0.21472 0.785524
0 0.445068 0.641796 0.030353 0.176232 0.787397
0 0.570769 0.419311 0.0415704 0.213369 0.800635
0 0.536292 0.647873 0.0273837 0.189737 0.805716
0 0.494721 0.642471 0.0227648 0.16948 0.81534
0 0.487628 0.433491 0.0329924 0.201215 0.817845
0 0.330419 0.619176 0.0550973 0.147198 0.819577
0 0.432366 0.430115 0.0339822 0.203916 0.824407
0 0.540251 0.412897 0.0326625 0.205942 0.827498
0 0.74101 0.397704 0.0442098 0.179608 0.828117
0 0.562521 0.653275 0.0362917 0.201891 0.839772
0 0.597328 0.656651 0.0458595 0.195138 0.840685
0 0.473771 0.644835 0.0296932 0.191762 0.856194
0 0.416694 0.646523 0.0369515 0.187036 0.859112
0 0.373309 0.644835 0.0649951 0.182309 0.860949
0 0.649951 0.633693 0.0752227 0.177583 0.861592
0 0.703563 0.415935 0.0537776 0.191762 0.864954
0 0.334378 0.417286 0.0484988 0.180959 0.868614
