10 0.328 0.648 0.009 0.035
10 0.673 0.658 0.010 0.035
10 0.732 0.617 0.015 0.040
0 0.737 0.636 0.037 0.088
0 0.674 0.681 0.028 0.085
0 0.326 0.668 0.027 0.086
8 0.689 0.591 0.103 0.105
8 0.340 0.591 0.055 0.090
9 0.773 0.454 0.036 0.056
9 0.680 0.499 0.033 0.038
9 0.273 0.483 0.038 0.038
9 0.247 0.531 0.026 0.047
9 0.296 0.548 0.037 0.041
8 0.624 0.603 0.039 0.082
6 0.743 0.466 0.035 0.070
7 0.732 0.391 0.031 0.099
4 0.509 0.575 0.733 0.402
5 0.510 0.204 0.581 0.320
2 0.505 0.338 0.618 0.228
3 0.507 0.537 0.870 0.726
