10 0.625 0.692 0.012 0.045
10 0.662 0.678 0.012 0.036
10 0.607 0.453 0.010 0.041
10 0.565 0.458 0.009 0.040
10 0.404 0.462 0.010 0.046
10 0.359 0.454 0.009 0.055
7 0.384 0.454 0.012 0.097
7 0.519 0.468 0.014 0.101
7 0.291 0.476 0.011 0.058
7 0.317 0.456 0.026 0.075
9 0.290 0.531 0.025 0.058
0 0.359 0.430 0.027 0.134
0 0.407 0.450 0.024 0.086
0 0.566 0.447 0.026 0.113
0 0.607 0.443 0.028 0.116
0 0.667 0.703 0.032 0.101
0 0.629 0.717 0.034 0.111
4 0.493 0.639 0.625 0.366
5 0.492 0.271 0.448 0.270
2 0.489 0.396 0.488 0.166
3 0.496 0.559 0.778 0.709
8 0.360 0.515 0.115 0.104
8 0.564 0.533 0.107 0.083
8 0.620 0.646 0.112 0.093
8 0.389 0.660 0.136 0.103
