7 0.677 0.462 0.029 0.081
7 0.357 0.457 0.040 0.078
7 0.328 0.452 0.033 0.079
7 0.347 0.656 0.037 0.072
8 0.641 0.640 0.108 0.112
8 0.388 0.618 0.105 0.103
8 0.374 0.505 0.057 0.118
6 0.682 0.535 0.030 0.057
6 0.720 0.530 0.034 0.042
6 0.637 0.546 0.030 0.042
6 0.448 0.607 0.023 0.044
6 0.327 0.517 0.049 0.064
6 0.407 0.536 0.026 0.042
0 0.627 0.731 0.023 0.098
0 0.692 0.726 0.033 0.089
10 0.690 0.720 0.013 0.033
10 0.626 0.728 0.009 0.036
3 0.510 0.600 0.856 0.633
5 0.505 0.258 0.573 0.373
2 0.507 0.403 0.522 0.189
4 0.512 0.664 0.673 0.376
