7 0.255 0.434 0.024 0.082
7 0.348 0.434 0.017 0.072
7 0.583 0.410 0.025 0.105
10 0.504 0.722 0.010 0.045
10 0.534 0.729 0.011 0.028
8 0.639 0.634 0.054 0.070
9 0.707 0.548 0.032 0.017
9 0.316 0.528 0.022 0.021
6 0.334 0.519 0.021 0.039
6 0.390 0.501 0.030 0.030
6 0.510 0.491 0.008 0.013
6 0.578 0.490 0.025 0.052
8 0.513 0.642 0.053 0.148
8 0.318 0.627 0.168 0.104
8 0.357 0.496 0.037 0.072
8 0.261 0.513 0.049 0.074
0 0.503 0.728 0.028 0.113
0 0.536 0.748 0.031 0.083
4 0.525 0.688 0.852 0.326
5 0.513 0.230 0.732 0.354
2 0.514 0.372 0.714 0.202
3 0.506 0.628 0.986 0.594
