5 0.508 0.219 0.572 0.439
4 0.502 0.627 0.726 0.438
2 0.511 0.375 0.578 0.257
3 0.511 0.565 0.902 0.763
10 0.679 0.708 0.009 0.052
10 0.639 0.707 0.011 0.050
10 0.351 0.651 0.008 0.054
0 0.680 0.710 0.020 0.073
0 0.640 0.711 0.021 0.081
0 0.351 0.659 0.017 0.078
6 0.387 0.568 0.021 0.036
6 0.463 0.522 0.015 0.027
6 0.474 0.523 0.015 0.027
6 0.553 0.504 0.015 0.027
6 0.616 0.532 0.025 0.034
6 0.636 0.543 0.023 0.044
9 0.701 0.578 0.036 0.042
9 0.758 0.518 0.021 0.032
9 0.719 0.541 0.039 0.028
9 0.680 0.553 0.032 0.034
9 0.325 0.557 0.036 0.048
8 0.357 0.595 0.035 0.076
8 0.652 0.633 0.071 0.101
6 0.607 0.579 0.026 0.032
