6 0.277 0.483 0.046 0.037
6 0.365 0.495 0.021 0.033
6 0.734 0.476 0.041 0.045
6 0.736 0.522 0.033 0.043
6 0.679 0.535 0.046 0.046
6 0.413 0.567 0.020 0.033
6 0.381 0.560 0.021 0.033
6 0.293 0.551 0.040 0.056
6 0.598 0.503 0.035 0.041
6 0.565 0.512 0.027 0.023
6 0.527 0.519 0.048 0.044
6 0.483 0.522 0.044 0.041
6 0.446 0.522 0.032 0.027
6 0.413 0.517 0.037 0.038
7 0.691 0.384 0.041 0.091
7 0.322 0.637 0.053 0.114
7 0.265 0.622 0.058 0.101
4 0.497 0.607 0.805 0.433
5 0.500 0.201 0.654 0.337
2 0.501 0.368 0.662 0.195
3 0.500 0.545 1.000 0.738
8 0.686 0.465 0.056 0.070
8 0.340 0.560 0.062 0.059
