9 0.752 0.535 0.035 0.027
9 0.709 0.581 0.039 0.023
9 0.650 0.575 0.013 0.020
9 0.382 0.555 0.015 0.022
9 0.342 0.563 0.017 0.028
9 0.247 0.568 0.036 0.033
8 0.695 0.515 0.069 0.079
7 0.665 0.451 0.025 0.078
6 0.746 0.521 0.018 0.020
6 0.716 0.617 0.037 0.064
6 0.652 0.507 0.023 0.044
6 0.441 0.445 0.015 0.022
8 0.621 0.491 0.051 0.072
8 0.302 0.599 0.065 0.074
8 0.229 0.501 0.059 0.062
8 0.344 0.488 0.176 0.123
4 0.519 0.629 0.893 0.403
2 0.503 0.367 0.668 0.244
5 0.512 0.215 0.735 0.392
3 0.495 0.585 0.990 0.667
