7 0.693 0.713 0.035 0.090
7 0.607 0.750 0.013 0.064
7 0.694 0.493 0.023 0.057
7 0.676 0.491 0.017 0.070
7 0.632 0.519 0.007 0.042
7 0.582 0.501 0.022 0.076
7 0.395 0.492 0.009 0.026
7 0.365 0.506 0.036 0.089
8 0.644 0.662 0.116 0.093
8 0.376 0.654 0.050 0.062
8 0.388 0.569 0.071 0.069
6 0.347 0.570 0.019 0.046
6 0.435 0.571 0.030 0.043
6 0.582 0.572 0.025 0.066
6 0.671 0.557 0.029 0.067
6 0.700 0.558 0.031 0.075
6 0.304 0.621 0.019 0.033
6 0.338 0.638 0.034 0.046
6 0.402 0.691 0.011 0.020
4 0.509 0.690 0.662 0.359
3 0.510 0.612 0.825 0.643
5 0.507 0.314 0.492 0.304
2 0.505 0.483 0.497 0.139
