10 0.402 0.456 0.010 0.040
10 0.615 0.503 0.008 0.031
10 0.685 0.667 0.020 0.060
10 0.634 0.692 0.010 0.080
10 0.603 0.694 0.007 0.042
10 0.572 0.699 0.008 0.050
7 0.586 0.498 0.021 0.105
7 0.547 0.728 0.009 0.111
7 0.435 0.704 0.009 0.118
8 0.407 0.532 0.037 0.088
8 0.616 0.549 0.030 0.069
8 0.669 0.607 0.049 0.081
8 0.599 0.643 0.039 0.073
8 0.572 0.646 0.032 0.069
8 0.549 0.637 0.029 0.079
8 0.385 0.623 0.143 0.097
0 0.690 0.685 0.037 0.106
0 0.634 0.722 0.019 0.095
0 0.604 0.718 0.021 0.093
0 0.573 0.717 0.019 0.089
0 0.615 0.475 0.019 0.093
0 0.402 0.452 0.024 0.095
6 0.708 0.571 0.029 0.051
6 0.589 0.574 0.030 0.059
6 0.427 0.564 0.019 0.046
6 0.376 0.560 0.027 0.039
6 0.479 0.542 0.007 0.025
6 0.503 0.549 0.007 0.028
6 0.511 0.551 0.007 0.032
6 0.541 0.549 0.015 0.025
