10 0.672 0.635 0.011 0.045
10 0.639 0.652 0.009 0.037
10 0.373 0.647 0.011 0.043
7 0.412 0.434 0.015 0.111
6 0.328 0.499 0.032 0.044
6 0.376 0.512 0.036 0.039
6 0.610 0.520 0.025 0.049
6 0.634 0.528 0.035 0.039
6 0.680 0.506 0.024 0.044
6 0.700 0.532 0.035 0.056
6 0.612 0.596 0.029 0.054
6 0.594 0.592 0.017 0.034
6 0.345 0.560 0.039 0.069
6 0.421 0.585 0.030 0.040
6 0.437 0.588 0.017 0.033
6 0.493 0.541 0.017 0.042
6 0.542 0.543 0.017 0.049
6 0.560 0.540 0.025 0.046
6 0.482 0.538 0.012 0.033
9 0.409 0.517 0.037 0.044
8 0.386 0.591 0.049 0.074
8 0.650 0.594 0.053 0.082
0 0.677 0.662 0.031 0.112
0 0.641 0.686 0.023 0.120
0 0.371 0.668 0.028 0.094
