10 0.365 0.421 0.010 0.053
10 0.430 0.406 0.009 0.029
10 0.604 0.441 0.008 0.045
10 0.633 0.407 0.011 0.056
10 0.665 0.433 0.011 0.057
7 0.546 0.416 0.009 0.121
7 0.517 0.414 0.009 0.083
7 0.457 0.402 0.011 0.118
7 0.418 0.653 0.015 0.143
7 0.446 0.656 0.013 0.152
7 0.504 0.681 0.015 0.138
6 0.453 0.476 0.017 0.048
6 0.518 0.476 0.021 0.058
6 0.546 0.475 0.021 0.049
6 0.442 0.571 0.014 0.056
6 0.421 0.573 0.023 0.071
8 0.381 0.468 0.116 0.096
8 0.620 0.480 0.124 0.088
8 0.367 0.570 0.055 0.059
0 0.667 0.390 0.029 0.142
0 0.634 0.384 0.034 0.140
0 0.604 0.400 0.023 0.132
0 0.434 0.388 0.038 0.111
0 0.366 0.391 0.024 0.135
