0 0.290 0.522 0.044 0.158
0 0.335 0.509 0.050 0.173
0 0.368 0.501 0.046 0.164
0 0.400 0.500 0.045 0.153
0 0.425 0.486 0.037 0.161
0 0.456 0.481 0.028 0.150
0 0.484 0.472 0.040 0.157
0 0.523 0.476 0.032 0.153
0 0.554 0.489 0.026 0.142
0 0.587 0.486 0.035 0.161
0 0.615 0.495 0.045 0.167
0 0.643 0.498 0.041 0.165
0 0.681 0.507 0.058 0.167
0 0.724 0.516 0.049 0.161
0 0.716 0.688 0.059 0.168
0 0.663 0.685 0.059 0.171
0 0.624 0.683 0.033 0.176
0 0.598 0.675 0.027 0.175
0 0.570 0.675 0.027 0.192
0 0.544 0.653 0.024 0.154
0 0.523 0.637 0.019 0.132
0 0.503 0.633 0.026 0.128
0 0.481 0.642 0.030 0.132
0 0.456 0.671 0.029 0.187
0 0.426 0.671 0.028 0.165
0 0.399 0.688 0.033 0.176
0 0.359 0.690 0.058 0.178
0 0.307 0.695 0.061 0.175
