0 0.281 0.465 0.045 0.165
0 0.329 0.482 0.047 0.154
0 0.363 0.498 0.029 0.150
0 0.390 0.502 0.035 0.155
0 0.413 0.499 0.028 0.154
0 0.443 0.506 0.026 0.147
0 0.477 0.509 0.036 0.144
0 0.516 0.502 0.035 0.139
0 0.545 0.502 0.027 0.147
0 0.575 0.498 0.030 0.162
0 0.604 0.505 0.030 0.135
0 0.632 0.484 0.030 0.167
0 0.666 0.477 0.049 0.173
0 0.716 0.454 0.050 0.180
0 0.714 0.640 0.095 0.153
0 0.616 0.676 0.036 0.170
0 0.585 0.688 0.029 0.175
0 0.559 0.672 0.029 0.157
0 0.534 0.669 0.023 0.140
0 0.511 0.677 0.022 0.150
0 0.489 0.670 0.025 0.143
0 0.467 0.674 0.024 0.150
0 0.441 0.672 0.028 0.140
0 0.416 0.684 0.033 0.162
0 0.387 0.680 0.038 0.170
0 0.347 0.667 0.078 0.171
0 0.293 0.644 0.087 0.160
