0 0.442 0.460 0.037 0.173
0 0.469 0.459 0.029 0.137
0 0.498 0.448 0.035 0.152
0 0.533 0.449 0.035 0.160
0 0.564 0.457 0.030 0.147
0 0.591 0.457 0.033 0.176
0 0.690 0.456 0.050 0.101
0 0.712 0.659 0.072 0.174
0 0.655 0.660 0.069 0.169
0 0.609 0.656 0.043 0.172
0 0.587 0.643 0.031 0.165
0 0.564 0.637 0.026 0.169
0 0.540 0.624 0.025 0.142
0 0.519 0.620 0.019 0.128
0 0.499 0.628 0.021 0.134
0 0.479 0.627 0.023 0.141
0 0.460 0.637 0.028 0.156
0 0.433 0.643 0.030 0.167
0 0.408 0.653 0.044 0.157
0 0.353 0.691 0.063 0.112
0 0.304 0.654 0.062 0.167
0 0.620 0.435 0.031 0.089
