0 0.285 0.306 0.060 0.161
0 0.389 0.358 0.031 0.142
0 0.419 0.346 0.031 0.187
0 0.438 0.344 0.029 0.180
0 0.464 0.355 0.027 0.172
0 0.490 0.350 0.031 0.157
0 0.517 0.337 0.030 0.153
0 0.544 0.345 0.029 0.169
0 0.573 0.339 0.038 0.169
0 0.594 0.344 0.030 0.151
0 0.619 0.353 0.039 0.155
0 0.651 0.354 0.053 0.170
0 0.711 0.363 0.039 0.132
0 0.708 0.534 0.064 0.153
0 0.660 0.562 0.053 0.183
0 0.616 0.568 0.052 0.183
0 0.583 0.560 0.032 0.168
0 0.549 0.537 0.038 0.169
0 0.530 0.533 0.025 0.192
0 0.514 0.527 0.019 0.155
0 0.496 0.530 0.020 0.153
0 0.477 0.534 0.024 0.179
0 0.458 0.540 0.028 0.196
0 0.434 0.567 0.023 0.172
0 0.416 0.575 0.028 0.179
0 0.382 0.571 0.050 0.180
0 0.344 0.559 0.055 0.198
0 0.298 0.522 0.060 0.171
