0 0.240 0.460 0.042 0.126
0 0.279 0.463 0.040 0.158
0 0.323 0.458 0.053 0.143
0 0.358 0.440 0.040 0.173
0 0.389 0.458 0.038 0.140
0 0.414 0.419 0.042 0.208
0 0.453 0.444 0.030 0.161
0 0.486 0.442 0.033 0.173
0 0.519 0.440 0.034 0.174
0 0.551 0.439 0.035 0.172
0 0.588 0.422 0.040 0.221
0 0.613 0.448 0.039 0.172
0 0.643 0.460 0.036 0.158
0 0.678 0.465 0.052 0.157
0 0.726 0.471 0.046 0.155
0 0.769 0.480 0.047 0.143
0 0.775 0.643 0.085 0.139
0 0.712 0.672 0.055 0.180
0 0.661 0.671 0.064 0.171
0 0.621 0.654 0.040 0.163
0 0.592 0.649 0.032 0.174
0 0.563 0.659 0.029 0.192
0 0.539 0.630 0.025 0.168
0 0.516 0.630 0.026 0.177
0 0.494 0.635 0.030 0.183
0 0.469 0.637 0.023 0.172
0 0.445 0.644 0.028 0.192
0 0.417 0.649 0.029 0.192
0 0.389 0.653 0.036 0.175
0 0.348 0.661 0.060 0.192
0 0.305 0.659 0.049 0.178
0 0.243 0.623 0.085 0.149
