0 0.352 0.399 0.047 0.172
0 0.391 0.412 0.044 0.163
0 0.418 0.417 0.030 0.185
0 0.437 0.449 0.025 0.139
0 0.453 0.443 0.025 0.204
0 0.472 0.465 0.024 0.150
0 0.491 0.469 0.021 0.158
0 0.513 0.475 0.027 0.179
0 0.532 0.463 0.026 0.171
0 0.552 0.457 0.031 0.172
0 0.584 0.457 0.036 0.133
0 0.568 0.471 0.030 0.150
0 0.608 0.424 0.050 0.179
0 0.646 0.414 0.055 0.163
0 0.669 0.367 0.030 0.051
0 0.706 0.586 0.082 0.156
0 0.653 0.601 0.085 0.189
0 0.606 0.632 0.085 0.196
0 0.561 0.644 0.029 0.179
0 0.540 0.644 0.023 0.172
0 0.523 0.646 0.018 0.156
0 0.509 0.647 0.024 0.154
0 0.493 0.651 0.022 0.162
0 0.477 0.643 0.019 0.156
0 0.456 0.641 0.024 0.168
0 0.435 0.632 0.027 0.170
0 0.414 0.606 0.041 0.154
0 0.377 0.604 0.068 0.188
0 0.331 0.573 0.071 0.179
0 0.276 0.557 0.063 0.144
