0 0.286 0.486 0.041 0.146
0 0.328 0.483 0.052 0.139
0 0.426 0.469 0.034 0.137
0 0.446 0.444 0.028 0.169
0 0.472 0.460 0.026 0.137
0 0.499 0.453 0.030 0.155
0 0.532 0.467 0.034 0.144
0 0.560 0.467 0.030 0.150
0 0.587 0.463 0.031 0.175
0 0.609 0.489 0.034 0.141
0 0.634 0.493 0.032 0.142
0 0.672 0.497 0.047 0.148
0 0.714 0.493 0.038 0.155
0 0.695 0.658 0.054 0.162
0 0.613 0.655 0.030 0.159
0 0.586 0.649 0.032 0.154
0 0.560 0.654 0.030 0.173
0 0.539 0.633 0.026 0.156
0 0.524 0.622 0.022 0.139
0 0.507 0.626 0.022 0.141
0 0.489 0.628 0.026 0.159
0 0.468 0.629 0.023 0.161
0 0.444 0.636 0.031 0.170
0 0.417 0.636 0.035 0.176
0 0.373 0.637 0.061 0.173
0 0.277 0.614 0.058 0.133
0 0.327 0.644 0.067 0.159
