0 0.229 0.409 0.046 0.177
0 0.272 0.447 0.045 0.158
0 0.312 0.455 0.056 0.165
0 0.349 0.458 0.036 0.185
0 0.384 0.462 0.042 0.178
0 0.411 0.454 0.047 0.194
0 0.453 0.487 0.039 0.138
0 0.480 0.468 0.043 0.165
0 0.528 0.472 0.037 0.167
0 0.564 0.481 0.032 0.149
0 0.601 0.440 0.042 0.220
0 0.631 0.469 0.040 0.148
0 0.664 0.449 0.033 0.163
0 0.708 0.454 0.048 0.168
0 0.748 0.427 0.052 0.154
0 0.769 0.368 0.044 0.083
0 0.742 0.612 0.078 0.154
0 0.666 0.651 0.040 0.164
0 0.631 0.655 0.043 0.157
0 0.591 0.649 0.036 0.131
0 0.553 0.647 0.037 0.130
0 0.522 0.641 0.031 0.115
0 0.490 0.643 0.035 0.110
0 0.457 0.652 0.040 0.125
0 0.421 0.667 0.040 0.148
0 0.389 0.664 0.035 0.152
0 0.349 0.667 0.050 0.170
0 0.291 0.638 0.087 0.141
0 0.241 0.592 0.084 0.148
