0 0.189 0.466 0.049 0.113
0 0.220 0.480 0.056 0.156
0 0.271 0.487 0.053 0.165
0 0.318 0.500 0.036 0.152
0 0.351 0.495 0.039 0.172
0 0.388 0.489 0.042 0.185
0 0.424 0.499 0.037 0.154
0 0.468 0.500 0.046 0.179
0 0.522 0.501 0.051 0.191
0 0.576 0.501 0.037 0.163
0 0.614 0.483 0.040 0.199
0 0.648 0.502 0.040 0.166
0 0.685 0.498 0.035 0.150
0 0.732 0.490 0.058 0.151
0 0.784 0.479 0.055 0.148
0 0.820 0.627 0.063 0.148
0 0.769 0.653 0.078 0.178
0 0.714 0.672 0.092 0.181
0 0.663 0.681 0.051 0.178
0 0.622 0.689 0.042 0.175
0 0.586 0.693 0.037 0.167
0 0.550 0.691 0.041 0.163
0 0.514 0.695 0.038 0.163
0 0.479 0.693 0.036 0.159
0 0.445 0.693 0.039 0.167
0 0.407 0.699 0.043 0.195
0 0.374 0.697 0.051 0.199
0 0.338 0.686 0.056 0.201
0 0.288 0.684 0.086 0.193
0 0.241 0.660 0.074 0.191
