0 0.331 0.371 0.048 0.249
0 0.443 0.378 0.028 0.118
0 0.488 0.369 0.025 0.162
0 0.538 0.367 0.019 0.117
0 0.562 0.407 0.029 0.168
0 0.583 0.407 0.025 0.158
0 0.607 0.407 0.031 0.190
0 0.681 0.384 0.044 0.221
0 0.717 0.609 0.061 0.160
0 0.581 0.642 0.024 0.175
0 0.556 0.636 0.029 0.187
0 0.530 0.628 0.022 0.192
0 0.513 0.611 0.015 0.217
0 0.497 0.618 0.020 0.206
0 0.480 0.612 0.026 0.176
0 0.457 0.620 0.036 0.173
0 0.430 0.629 0.030 0.218
0 0.403 0.656 0.040 0.237
0 0.350 0.657 0.072 0.218
0 0.293 0.629 0.075 0.205
