0 0.251 0.466 0.049 0.162
0 0.293 0.491 0.045 0.167
0 0.338 0.485 0.065 0.162
0 0.381 0.467 0.041 0.172
0 0.403 0.458 0.039 0.170
0 0.437 0.438 0.032 0.207
0 0.469 0.454 0.037 0.160
0 0.496 0.434 0.031 0.174
0 0.531 0.429 0.035 0.187
0 0.562 0.427 0.034 0.187
0 0.596 0.443 0.045 0.184
0 0.626 0.445 0.045 0.215
0 0.650 0.458 0.030 0.184
0 0.692 0.475 0.051 0.173
0 0.735 0.487 0.041 0.187
0 0.763 0.409 0.048 0.139
0 0.722 0.685 0.045 0.122
0 0.668 0.668 0.054 0.199
0 0.624 0.658 0.033 0.201
0 0.596 0.654 0.029 0.215
0 0.569 0.644 0.027 0.208
0 0.542 0.639 0.023 0.201
0 0.525 0.628 0.020 0.171
0 0.502 0.632 0.020 0.181
0 0.480 0.629 0.022 0.178
0 0.454 0.651 0.028 0.223
0 0.432 0.654 0.034 0.202
0 0.401 0.666 0.031 0.201
0 0.361 0.666 0.059 0.180
0 0.308 0.665 0.055 0.186
0 0.231 0.656 0.096 0.115
