0 0.310 0.537 0.051 0.162
0 0.356 0.530 0.043 0.131
0 0.400 0.529 0.038 0.158
0 0.427 0.528 0.043 0.148
0 0.447 0.508 0.035 0.170
0 0.474 0.511 0.028 0.152
0 0.503 0.499 0.029 0.151
0 0.534 0.496 0.030 0.156
0 0.563 0.515 0.030 0.123
0 0.589 0.521 0.037 0.133
0 0.623 0.533 0.064 0.164
0 0.636 0.552 0.035 0.146
0 0.720 0.553 0.043 0.164
0 0.758 0.552 0.047 0.137
0 0.266 0.543 0.043 0.120
0 0.743 0.699 0.061 0.142
0 0.700 0.738 0.067 0.179
0 0.645 0.749 0.077 0.181
0 0.599 0.743 0.042 0.194
0 0.574 0.724 0.033 0.185
0 0.552 0.715 0.027 0.187
0 0.531 0.694 0.023 0.176
0 0.513 0.683 0.018 0.163
0 0.498 0.685 0.021 0.174
0 0.481 0.690 0.023 0.174
0 0.461 0.706 0.029 0.209
0 0.435 0.709 0.029 0.179
0 0.413 0.716 0.033 0.183
0 0.367 0.757 0.057 0.137
0 0.314 0.738 0.057 0.148
0 0.272 0.688 0.060 0.152
0 0.677 0.551 0.052 0.179
