0 0.328 0.339 0.043 0.172
0 0.366 0.356 0.043 0.126
0 0.405 0.363 0.037 0.156
0 0.429 0.380 0.045 0.166
0 0.450 0.372 0.035 0.183
0 0.471 0.374 0.026 0.180
0 0.498 0.372 0.026 0.177
0 0.529 0.377 0.028 0.184
0 0.555 0.383 0.026 0.169
0 0.579 0.360 0.031 0.202
0 0.599 0.376 0.040 0.198
0 0.628 0.372 0.040 0.177
0 0.661 0.381 0.041 0.154
0 0.698 0.362 0.050 0.162
0 0.695 0.569 0.071 0.167
0 0.647 0.593 0.078 0.182
0 0.606 0.600 0.045 0.190
0 0.580 0.603 0.033 0.201
0 0.560 0.590 0.028 0.175
0 0.535 0.572 0.026 0.161
0 0.520 0.555 0.021 0.136
0 0.503 0.566 0.021 0.158
0 0.484 0.572 0.020 0.169
0 0.462 0.587 0.032 0.185
0 0.441 0.581 0.036 0.184
0 0.416 0.582 0.046 0.166
0 0.373 0.569 0.080 0.181
0 0.322 0.552 0.074 0.169
0 0.292 0.507 0.059 0.168
