0 0.331 0.393 0.025 0.065
0 0.382 0.388 0.023 0.112
0 0.425 0.401 0.024 0.163
0 0.449 0.400 0.022 0.151
0 0.476 0.400 0.028 0.181
0 0.501 0.403 0.027 0.180
0 0.526 0.407 0.022 0.175
0 0.547 0.407 0.028 0.169
0 0.579 0.381 0.042 0.159
0 0.593 0.439 0.058 0.181
0 0.638 0.448 0.064 0.181
0 0.672 0.466 0.055 0.176
0 0.714 0.451 0.052 0.147
0 0.575 0.658 0.034 0.192
0 0.551 0.638 0.031 0.184
0 0.528 0.637 0.044 0.211
0 0.509 0.601 0.033 0.175
0 0.479 0.588 0.026 0.159
0 0.462 0.588 0.021 0.160
0 0.441 0.613 0.025 0.208
0 0.412 0.620 0.031 0.196
0 0.393 0.625 0.037 0.185
0 0.356 0.623 0.045 0.171
0 0.313 0.618 0.059 0.179
