0 0.266 0.458 0.043 0.140
0 0.304 0.434 0.047 0.176
0 0.353 0.441 0.050 0.165
0 0.390 0.440 0.032 0.156
0 0.418 0.441 0.039 0.165
0 0.447 0.408 0.036 0.218
0 0.480 0.414 0.026 0.188
0 0.509 0.413 0.033 0.197
0 0.545 0.411 0.033 0.195
0 0.575 0.416 0.030 0.184
0 0.606 0.413 0.033 0.221
0 0.633 0.444 0.033 0.169
0 0.666 0.443 0.034 0.159
0 0.731 0.449 0.049 0.157
0 0.713 0.634 0.065 0.171
0 0.664 0.640 0.061 0.187
0 0.620 0.644 0.032 0.184
0 0.595 0.631 0.028 0.179
0 0.572 0.636 0.030 0.211
0 0.547 0.617 0.028 0.180
0 0.527 0.603 0.024 0.177
0 0.509 0.608 0.022 0.165
0 0.490 0.620 0.025 0.189
0 0.467 0.637 0.026 0.217
0 0.442 0.637 0.029 0.199
0 0.414 0.634 0.040 0.181
0 0.373 0.640 0.065 0.176
0 0.319 0.632 0.059 0.177
0 0.267 0.670 0.056 0.101
