0 0.285 0.471 0.058 0.175
0 0.329 0.491 0.047 0.137
0 0.375 0.474 0.048 0.170
0 0.407 0.472 0.037 0.147
0 0.428 0.468 0.046 0.159
0 0.447 0.449 0.042 0.171
0 0.469 0.448 0.025 0.144
0 0.495 0.444 0.029 0.171
0 0.524 0.457 0.028 0.166
0 0.545 0.457 0.023 0.132
0 0.569 0.449 0.037 0.181
0 0.592 0.469 0.036 0.142
0 0.613 0.463 0.035 0.174
0 0.651 0.470 0.054 0.155
0 0.693 0.476 0.044 0.156
0 0.730 0.473 0.060 0.169
0 0.272 0.622 0.085 0.105
0 0.342 0.653 0.053 0.151
0 0.383 0.655 0.069 0.176
0 0.417 0.649 0.041 0.168
0 0.445 0.646 0.029 0.175
0 0.462 0.643 0.028 0.164
0 0.480 0.630 0.021 0.150
0 0.496 0.627 0.023 0.146
0 0.511 0.626 0.021 0.150
0 0.529 0.636 0.023 0.178
0 0.550 0.647 0.023 0.172
0 0.572 0.638 0.026 0.172
0 0.592 0.646 0.037 0.164
0 0.631 0.652 0.059 0.182
0 0.677 0.657 0.059 0.173
