0 0.294 0.396 0.057 0.181
0 0.342 0.404 0.062 0.180
0 0.378 0.409 0.042 0.173
0 0.406 0.409 0.044 0.174
0 0.432 0.394 0.031 0.203
0 0.457 0.404 0.030 0.176
0 0.486 0.400 0.031 0.195
0 0.518 0.399 0.029 0.195
0 0.547 0.407 0.026 0.180
0 0.571 0.402 0.031 0.231
0 0.597 0.412 0.036 0.192
0 0.626 0.411 0.037 0.173
0 0.667 0.405 0.050 0.176
0 0.716 0.400 0.046 0.171
0 0.745 0.583 0.062 0.152
0 0.704 0.611 0.077 0.179
0 0.650 0.633 0.076 0.200
0 0.603 0.627 0.042 0.181
0 0.579 0.630 0.043 0.195
0 0.559 0.642 0.036 0.222
0 0.532 0.623 0.025 0.199
0 0.518 0.610 0.014 0.160
0 0.503 0.625 0.019 0.191
0 0.482 0.614 0.023 0.171
0 0.463 0.623 0.025 0.199
0 0.438 0.637 0.028 0.199
0 0.408 0.635 0.046 0.194
0 0.367 0.635 0.067 0.188
0 0.315 0.615 0.072 0.187
0 0.273 0.585 0.064 0.158
