0 0.299 0.517 0.047 0.164
0 0.346 0.536 0.050 0.165
0 0.411 0.549 0.030 0.161
0 0.460 0.567 0.024 0.125
0 0.483 0.555 0.033 0.126
0 0.523 0.547 0.032 0.144
0 0.545 0.543 0.030 0.165
0 0.590 0.542 0.031 0.151
0 0.665 0.534 0.047 0.177
0 0.707 0.502 0.046 0.181
0 0.697 0.674 0.061 0.149
0 0.652 0.726 0.072 0.188
0 0.584 0.725 0.027 0.166
0 0.550 0.780 0.031 0.151
0 0.528 0.712 0.029 0.145
0 0.511 0.712 0.025 0.145
0 0.491 0.713 0.021 0.155
0 0.472 0.724 0.022 0.167
0 0.444 0.728 0.031 0.175
0 0.350 0.726 0.071 0.180
0 0.417 0.730 0.028 0.175
0 0.301 0.691 0.060 0.114
