0 0.298 0.271 0.050 0.156
0 0.310 0.377 0.064 0.177
0 0.343 0.405 0.047 0.167
0 0.381 0.421 0.033 0.169
0 0.407 0.444 0.036 0.167
0 0.435 0.435 0.033 0.195
0 0.457 0.441 0.028 0.208
0 0.484 0.454 0.029 0.206
0 0.516 0.452 0.032 0.190
0 0.540 0.433 0.028 0.196
0 0.568 0.424 0.036 0.201
0 0.593 0.426 0.038 0.183
0 0.621 0.418 0.045 0.163
0 0.656 0.377 0.058 0.198
0 0.703 0.355 0.065 0.171
0 0.761 0.526 0.064 0.120
0 0.704 0.540 0.065 0.151
0 0.662 0.593 0.073 0.165
0 0.616 0.608 0.044 0.133
0 0.588 0.642 0.036 0.178
0 0.563 0.647 0.029 0.182
0 0.540 0.651 0.029 0.172
0 0.517 0.648 0.023 0.155
0 0.499 0.646 0.023 0.154
0 0.480 0.661 0.031 0.172
0 0.453 0.667 0.028 0.196
0 0.426 0.652 0.036 0.167
0 0.394 0.632 0.046 0.165
0 0.346 0.612 0.078 0.183
0 0.299 0.569 0.074 0.163
0 0.242 0.547 0.063 0.111
