0 0.286 0.385 0.049 0.111
0 0.321 0.438 0.064 0.137
0 0.357 0.451 0.053 0.165
0 0.393 0.450 0.037 0.184
0 0.420 0.463 0.037 0.171
0 0.441 0.457 0.036 0.176
0 0.473 0.486 0.031 0.163
0 0.499 0.495 0.027 0.156
0 0.529 0.489 0.032 0.163
0 0.552 0.481 0.027 0.162
0 0.583 0.469 0.031 0.179
0 0.609 0.469 0.034 0.172
0 0.635 0.468 0.036 0.162
0 0.672 0.466 0.052 0.154
0 0.712 0.456 0.059 0.128
0 0.733 0.376 0.041 0.117
0 0.757 0.605 0.059 0.113
0 0.707 0.617 0.065 0.177
0 0.658 0.646 0.073 0.179
0 0.615 0.650 0.046 0.171
0 0.590 0.653 0.032 0.169
0 0.568 0.659 0.036 0.167
0 0.542 0.656 0.027 0.143
0 0.519 0.660 0.024 0.150
0 0.501 0.665 0.025 0.147
0 0.476 0.656 0.029 0.139
0 0.453 0.652 0.033 0.152
0 0.434 0.643 0.036 0.164
0 0.410 0.641 0.050 0.173
0 0.366 0.643 0.081 0.177
0 0.323 0.608 0.055 0.165
0 0.270 0.602 0.071 0.090
