0 0.277 0.452 0.042 0.161
0 0.314 0.463 0.043 0.172
0 0.365 0.472 0.051 0.154
0 0.394 0.471 0.043 0.186
0 0.420 0.461 0.029 0.209
0 0.450 0.478 0.027 0.199
0 0.479 0.492 0.033 0.187
0 0.511 0.486 0.034 0.201
0 0.543 0.484 0.033 0.196
0 0.576 0.481 0.035 0.197
0 0.600 0.476 0.037 0.190
0 0.646 0.476 0.049 0.154
0 0.692 0.454 0.056 0.181
0 0.705 0.652 0.088 0.169
0 0.646 0.679 0.092 0.174
0 0.601 0.700 0.069 0.180
0 0.557 0.698 0.035 0.187
0 0.528 0.695 0.044 0.173
0 0.506 0.687 0.028 0.144
0 0.483 0.681 0.021 0.137
0 0.459 0.691 0.026 0.167
0 0.433 0.698 0.032 0.200
0 0.393 0.692 0.059 0.180
0 0.343 0.681 0.070 0.182
0 0.300 0.645 0.082 0.172
