0 0.237 0.443 0.047 0.156
0 0.284 0.430 0.047 0.140
0 0.332 0.447 0.060 0.164
0 0.380 0.456 0.037 0.151
0 0.404 0.436 0.053 0.181
0 0.436 0.428 0.037 0.197
0 0.472 0.435 0.030 0.159
0 0.502 0.422 0.031 0.202
0 0.538 0.432 0.040 0.185
0 0.567 0.441 0.027 0.161
0 0.598 0.421 0.039 0.232
0 0.624 0.464 0.039 0.156
0 0.650 0.448 0.034 0.156
0 0.691 0.466 0.056 0.147
0 0.739 0.458 0.045 0.158
0 0.782 0.443 0.041 0.128
0 0.792 0.606 0.078 0.166
0 0.731 0.641 0.064 0.188
0 0.681 0.661 0.077 0.197
0 0.627 0.653 0.042 0.197
0 0.599 0.649 0.036 0.198
0 0.572 0.664 0.028 0.228
0 0.544 0.649 0.031 0.218
0 0.522 0.636 0.025 0.191
0 0.502 0.637 0.024 0.193
0 0.478 0.636 0.029 0.206
0 0.451 0.648 0.036 0.223
0 0.421 0.640 0.046 0.195
0 0.391 0.652 0.053 0.214
0 0.338 0.644 0.089 0.191
0 0.280 0.630 0.072 0.187
0 0.219 0.602 0.080 0.152
