0 0.272 0.481 0.054 0.133
0 0.309 0.487 0.047 0.161
0 0.354 0.504 0.056 0.165
0 0.392 0.509 0.040 0.175
0 0.419 0.521 0.038 0.169
0 0.447 0.527 0.037 0.189
0 0.474 0.535 0.032 0.178
0 0.499 0.543 0.030 0.170
0 0.534 0.538 0.030 0.176
0 0.563 0.539 0.035 0.176
0 0.593 0.538 0.036 0.171
0 0.616 0.539 0.037 0.167
0 0.646 0.539 0.040 0.167
0 0.680 0.533 0.046 0.142
0 0.717 0.514 0.051 0.143
0 0.751 0.449 0.042 0.107
0 0.767 0.636 0.060 0.132
0 0.730 0.676 0.082 0.160
0 0.683 0.729 0.071 0.133
0 0.631 0.715 0.045 0.173
0 0.603 0.721 0.033 0.167
0 0.574 0.734 0.037 0.184
0 0.549 0.719 0.033 0.155
0 0.525 0.715 0.030 0.154
0 0.496 0.715 0.024 0.147
0 0.474 0.718 0.026 0.161
0 0.448 0.715 0.027 0.160
0 0.423 0.709 0.032 0.170
0 0.394 0.697 0.048 0.172
0 0.348 0.678 0.085 0.171
0 0.297 0.650 0.073 0.152
0 0.256 0.619 0.061 0.139
