0 0.307 0.474 0.048 0.157
0 0.357 0.476 0.050 0.152
0 0.390 0.469 0.047 0.164
0 0.425 0.471 0.034 0.173
0 0.458 0.472 0.031 0.177
0 0.486 0.474 0.035 0.165
0 0.521 0.471 0.034 0.173
0 0.552 0.478 0.033 0.157
0 0.583 0.470 0.037 0.167
0 0.612 0.478 0.040 0.146
0 0.653 0.476 0.055 0.153
0 0.695 0.471 0.047 0.153
0 0.748 0.642 0.070 0.126
0 0.689 0.664 0.068 0.154
0 0.644 0.673 0.072 0.171
0 0.596 0.675 0.045 0.170
0 0.568 0.679 0.031 0.197
0 0.543 0.654 0.025 0.147
0 0.521 0.648 0.025 0.148
0 0.502 0.650 0.021 0.148
0 0.482 0.661 0.027 0.162
0 0.457 0.667 0.028 0.179
0 0.430 0.673 0.051 0.181
0 0.379 0.665 0.065 0.156
0 0.328 0.653 0.062 0.140
0 0.278 0.642 0.068 0.136
