0 0.338 0.355 0.044 0.214
0 0.381 0.364 0.045 0.232
0 0.414 0.365 0.034 0.220
0 0.438 0.349 0.035 0.245
0 0.457 0.353 0.024 0.258
0 0.476 0.367 0.023 0.191
0 0.497 0.360 0.025 0.223
0 0.512 0.362 0.021 0.222
0 0.529 0.368 0.025 0.202
0 0.549 0.364 0.030 0.214
0 0.567 0.376 0.030 0.203
0 0.588 0.369 0.030 0.193
0 0.615 0.380 0.047 0.195
0 0.661 0.365 0.047 0.221
0 0.696 0.379 0.062 0.169
0 0.553 0.620 0.035 0.192
0 0.532 0.671 0.031 0.273
0 0.515 0.632 0.023 0.191
0 0.504 0.627 0.026 0.230
0 0.491 0.633 0.022 0.242
0 0.476 0.624 0.022 0.248
0 0.458 0.645 0.036 0.228
0 0.441 0.644 0.037 0.208
0 0.419 0.641 0.034 0.214
0 0.339 0.619 0.068 0.225
0 0.312 0.559 0.060 0.191
