0 0.141 0.411 0.055 0.154
0 0.192 0.422 0.053 0.146
0 0.279 0.405 0.039 0.191
0 0.311 0.412 0.048 0.203
0 0.343 0.388 0.046 0.208
0 0.384 0.392 0.051 0.192
0 0.428 0.386 0.071 0.186
0 0.502 0.388 0.068 0.177
0 0.573 0.384 0.062 0.197
0 0.623 0.391 0.053 0.210
0 0.664 0.405 0.065 0.184
0 0.699 0.413 0.050 0.174
0 0.757 0.415 0.055 0.141
0 0.810 0.409 0.061 0.158
0 0.859 0.441 0.061 0.149
0 0.795 0.580 0.067 0.152
0 0.737 0.605 0.072 0.191
0 0.677 0.606 0.056 0.190
0 0.633 0.602 0.046 0.182
0 0.589 0.607 0.049 0.207
0 0.535 0.589 0.060 0.174
0 0.487 0.586 0.051 0.168
0 0.441 0.587 0.049 0.170
0 0.410 0.586 0.041 0.168
0 0.369 0.609 0.048 0.207
0 0.338 0.609 0.040 0.201
0 0.297 0.617 0.063 0.207
0 0.246 0.592 0.067 0.184
0 0.192 0.591 0.078 0.175
0 0.128 0.585 0.088 0.160
