0 0.278 0.363 0.066 0.157
0 0.305 0.391 0.044 0.167
0 0.352 0.399 0.047 0.180
0 0.380 0.416 0.036 0.160
0 0.404 0.432 0.042 0.147
0 0.426 0.421 0.034 0.215
0 0.455 0.437 0.031 0.183
0 0.480 0.438 0.039 0.178
0 0.516 0.434 0.030 0.185
0 0.541 0.430 0.028 0.179
0 0.569 0.391 0.033 0.225
0 0.593 0.413 0.036 0.163
0 0.619 0.401 0.035 0.160
0 0.654 0.381 0.049 0.184
0 0.700 0.373 0.055 0.171
0 0.741 0.362 0.053 0.149
0 0.752 0.509 0.070 0.135
0 0.715 0.558 0.081 0.170
0 0.667 0.592 0.073 0.190
0 0.623 0.601 0.042 0.182
0 0.595 0.607 0.042 0.186
0 0.570 0.620 0.034 0.202
0 0.541 0.618 0.023 0.176
0 0.523 0.623 0.022 0.171
0 0.506 0.628 0.023 0.166
0 0.488 0.625 0.024 0.161
0 0.465 0.638 0.029 0.183
0 0.434 0.633 0.036 0.189
0 0.407 0.626 0.042 0.184
0 0.366 0.617 0.066 0.193
0 0.317 0.584 0.085 0.167
0 0.277 0.532 0.077 0.128
