0 0.287 0.463 0.042 0.121
0 0.330 0.481 0.041 0.045
0 0.383 0.481 0.028 0.154
0 0.409 0.464 0.025 0.109
0 0.438 0.467 0.036 0.174
0 0.477 0.459 0.034 0.182
0 0.517 0.457 0.032 0.174
0 0.550 0.466 0.026 0.159
0 0.583 0.459 0.028 0.182
0 0.609 0.440 0.029 0.126
0 0.638 0.462 0.029 0.149
0 0.674 0.449 0.036 0.135
0 0.715 0.449 0.044 0.131
0 0.744 0.387 0.043 0.107
0 0.748 0.596 0.049 0.104
0 0.711 0.627 0.070 0.140
0 0.629 0.661 0.036 0.162
0 0.597 0.651 0.034 0.161
0 0.571 0.659 0.034 0.192
0 0.543 0.650 0.027 0.160
0 0.521 0.650 0.025 0.152
0 0.502 0.659 0.023 0.160
0 0.480 0.675 0.030 0.180
0 0.452 0.674 0.032 0.177
0 0.422 0.685 0.032 0.174
0 0.356 0.662 0.083 0.160
0 0.315 0.636 0.081 0.145
0 0.276 0.606 0.060 0.110
