0 0.278 0.452 0.047 0.162
0 0.314 0.464 0.041 0.150
0 0.356 0.468 0.057 0.145
0 0.391 0.473 0.032 0.160
0 0.413 0.474 0.032 0.168
0 0.435 0.480 0.029 0.187
0 0.459 0.486 0.027 0.172
0 0.484 0.494 0.028 0.186
0 0.512 0.495 0.029 0.184
0 0.536 0.487 0.027 0.176
0 0.559 0.481 0.030 0.180
0 0.581 0.478 0.037 0.168
0 0.606 0.480 0.034 0.164
0 0.638 0.483 0.050 0.149
0 0.681 0.467 0.051 0.153
0 0.718 0.457 0.046 0.141
0 0.742 0.620 0.067 0.145
0 0.695 0.646 0.083 0.164
0 0.646 0.677 0.083 0.187
0 0.603 0.683 0.045 0.176
0 0.576 0.688 0.028 0.174
0 0.550 0.699 0.025 0.195
0 0.529 0.670 0.026 0.161
0 0.513 0.674 0.024 0.149
0 0.493 0.673 0.027 0.155
0 0.473 0.681 0.025 0.162
0 0.450 0.689 0.031 0.196
0 0.425 0.686 0.038 0.184
0 0.399 0.679 0.049 0.178
0 0.361 0.677 0.086 0.183
0 0.310 0.649 0.075 0.164
0 0.269 0.613 0.060 0.132
