0 0.332 0.392 0.044 0.155
0 0.367 0.418 0.044 0.161
0 0.402 0.381 0.026 0.124
0 0.420 0.427 0.030 0.192
0 0.446 0.440 0.026 0.185
0 0.468 0.457 0.025 0.151
0 0.488 0.458 0.028 0.152
0 0.513 0.440 0.031 0.188
0 0.530 0.435 0.036 0.188
0 0.559 0.419 0.045 0.161
0 0.584 0.421 0.038 0.177
0 0.618 0.408 0.051 0.164
0 0.722 0.506 0.087 0.154
0 0.676 0.573 0.081 0.165
0 0.628 0.597 0.073 0.167
0 0.596 0.626 0.054 0.169
0 0.572 0.632 0.046 0.148
0 0.553 0.658 0.038 0.173
0 0.524 0.640 0.017 0.139
0 0.512 0.647 0.016 0.139
0 0.496 0.641 0.016 0.141
0 0.482 0.640 0.021 0.163
0 0.458 0.652 0.034 0.173
0 0.435 0.640 0.041 0.156
0 0.411 0.631 0.040 0.165
0 0.376 0.607 0.072 0.167
0 0.330 0.575 0.072 0.172
0 0.287 0.514 0.078 0.157
