0 0.264 0.315 0.064 0.122
0 0.295 0.395 0.064 0.150
0 0.336 0.426 0.059 0.144
0 0.379 0.418 0.048 0.179
0 0.407 0.433 0.044 0.166
0 0.429 0.406 0.037 0.221
0 0.461 0.410 0.028 0.211
0 0.490 0.418 0.035 0.182
0 0.523 0.418 0.031 0.195
0 0.552 0.406 0.029 0.219
0 0.580 0.399 0.033 0.241
0 0.609 0.414 0.041 0.205
0 0.637 0.416 0.041 0.166
0 0.676 0.407 0.062 0.170
0 0.714 0.397 0.065 0.140
0 0.734 0.294 0.056 0.115
0 0.769 0.554 0.059 0.138
0 0.720 0.570 0.086 0.181
0 0.669 0.613 0.089 0.195
0 0.619 0.618 0.044 0.179
0 0.589 0.632 0.047 0.195
0 0.566 0.638 0.037 0.212
0 0.540 0.623 0.028 0.194
0 0.520 0.621 0.030 0.166
0 0.502 0.617 0.032 0.166
0 0.486 0.628 0.033 0.178
0 0.458 0.649 0.037 0.225
0 0.428 0.641 0.039 0.208
0 0.399 0.620 0.051 0.180
0 0.348 0.622 0.089 0.203
0 0.296 0.581 0.087 0.169
0 0.239 0.552 0.065 0.150
