0 0.290 0.528 0.040 0.151
0 0.330 0.531 0.042 0.151
0 0.365 0.522 0.034 0.162
0 0.394 0.527 0.036 0.161
0 0.416 0.496 0.028 0.202
0 0.444 0.509 0.026 0.174
0 0.471 0.511 0.032 0.158
0 0.504 0.499 0.034 0.159
0 0.534 0.509 0.029 0.165
0 0.559 0.500 0.031 0.191
0 0.586 0.515 0.048 0.187
0 0.616 0.528 0.039 0.168
0 0.661 0.530 0.049 0.174
0 0.708 0.522 0.051 0.168
0 0.748 0.659 0.047 0.137
0 0.703 0.677 0.067 0.141
0 0.652 0.709 0.078 0.181
0 0.601 0.715 0.047 0.165
0 0.571 0.712 0.034 0.192
0 0.551 0.695 0.026 0.188
0 0.526 0.682 0.027 0.174
0 0.507 0.685 0.026 0.170
0 0.484 0.675 0.028 0.160
0 0.466 0.678 0.032 0.162
0 0.445 0.703 0.038 0.203
0 0.420 0.698 0.032 0.180
0 0.390 0.702 0.032 0.156
0 0.347 0.719 0.068 0.170
0 0.294 0.690 0.075 0.155
0 0.251 0.679 0.049 0.123
