0 0.223 0.506 0.047 0.169
0 0.264 0.502 0.049 0.162
0 0.300 0.493 0.062 0.137
0 0.339 0.480 0.039 0.180
0 0.377 0.477 0.037 0.170
0 0.403 0.470 0.035 0.175
0 0.425 0.464 0.040 0.172
0 0.465 0.453 0.037 0.189
0 0.501 0.456 0.034 0.174
0 0.535 0.457 0.029 0.165
0 0.569 0.440 0.036 0.205
0 0.640 0.438 0.026 0.100
0 0.683 0.471 0.056 0.169
0 0.742 0.649 0.045 0.143
0 0.696 0.645 0.065 0.177
0 0.644 0.660 0.074 0.183
0 0.598 0.644 0.040 0.173
0 0.567 0.658 0.040 0.194
0 0.538 0.673 0.027 0.235
0 0.517 0.654 0.027 0.196
0 0.499 0.648 0.029 0.192
0 0.477 0.649 0.034 0.186
0 0.459 0.659 0.032 0.199
0 0.435 0.675 0.030 0.212
0 0.406 0.675 0.037 0.193
0 0.380 0.716 0.032 0.138
0 0.263 0.684 0.072 0.110
