0 0.308 0.515 0.051 0.179
0 0.358 0.511 0.053 0.187
0 0.395 0.504 0.045 0.187
0 0.426 0.494 0.037 0.198
0 0.458 0.486 0.031 0.187
0 0.490 0.494 0.031 0.177
0 0.522 0.483 0.034 0.187
0 0.556 0.489 0.033 0.181
0 0.588 0.487 0.036 0.184
0 0.622 0.502 0.051 0.163
0 0.657 0.508 0.053 0.174
0 0.701 0.506 0.046 0.182
0 0.686 0.704 0.060 0.173
0 0.636 0.706 0.063 0.180
0 0.594 0.705 0.041 0.194
0 0.560 0.704 0.027 0.210
0 0.536 0.686 0.024 0.180
0 0.515 0.685 0.020 0.184
0 0.497 0.680 0.023 0.179
0 0.472 0.685 0.025 0.175
0 0.450 0.703 0.031 0.198
0 0.420 0.711 0.043 0.192
0 0.379 0.713 0.069 0.182
0 0.332 0.714 0.061 0.183
