0 0.304 0.503 0.050 0.184
0 0.344 0.498 0.047 0.198
0 0.389 0.498 0.052 0.188
0 0.419 0.501 0.045 0.160
0 0.434 0.475 0.033 0.188
0 0.461 0.483 0.026 0.160
0 0.485 0.474 0.033 0.167
0 0.515 0.468 0.031 0.187
0 0.543 0.469 0.028 0.168
0 0.574 0.460 0.034 0.186
0 0.590 0.476 0.042 0.191
0 0.623 0.482 0.052 0.195
0 0.670 0.486 0.052 0.181
0 0.714 0.491 0.045 0.187
0 0.736 0.640 0.076 0.100
0 0.670 0.670 0.062 0.180
0 0.621 0.682 0.077 0.193
0 0.585 0.674 0.051 0.184
0 0.565 0.681 0.038 0.182
0 0.539 0.670 0.031 0.189
0 0.520 0.663 0.025 0.176
0 0.500 0.662 0.026 0.164
0 0.482 0.678 0.033 0.192
0 0.452 0.697 0.031 0.208
0 0.431 0.682 0.037 0.158
0 0.395 0.703 0.070 0.192
0 0.344 0.692 0.063 0.187
0 0.282 0.676 0.071 0.154
