0 0.279 0.283 0.048 0.122
0 0.294 0.363 0.052 0.181
0 0.334 0.403 0.047 0.182
0 0.369 0.425 0.035 0.179
0 0.399 0.435 0.039 0.193
0 0.426 0.439 0.039 0.246
0 0.457 0.465 0.025 0.180
0 0.484 0.464 0.035 0.199
0 0.518 0.460 0.036 0.199
0 0.547 0.463 0.027 0.191
0 0.578 0.435 0.035 0.248
0 0.609 0.446 0.035 0.198
0 0.637 0.443 0.044 0.189
0 0.679 0.436 0.051 0.169
0 0.715 0.388 0.065 0.177
0 0.735 0.306 0.056 0.122
0 0.755 0.536 0.054 0.111
0 0.714 0.572 0.079 0.157
0 0.673 0.622 0.090 0.183
0 0.628 0.652 0.054 0.166
0 0.596 0.669 0.047 0.160
0 0.559 0.672 0.034 0.180
0 0.530 0.648 0.033 0.144
0 0.511 0.642 0.027 0.134
0 0.494 0.639 0.024 0.136
0 0.475 0.641 0.030 0.144
0 0.444 0.668 0.044 0.153
0 0.418 0.655 0.050 0.149
0 0.386 0.631 0.066 0.147
0 0.348 0.603 0.083 0.174
0 0.305 0.562 0.071 0.147
0 0.265 0.524 0.052 0.107
