0 0.287 0.464 0.055 0.160
0 0.337 0.475 0.053 0.156
0 0.372 0.467 0.039 0.177
0 0.405 0.476 0.049 0.164
0 0.428 0.465 0.040 0.216
0 0.462 0.482 0.030 0.177
0 0.492 0.474 0.035 0.183
0 0.526 0.453 0.038 0.158
0 0.559 0.477 0.030 0.172
0 0.589 0.467 0.034 0.209
0 0.611 0.475 0.046 0.167
0 0.639 0.471 0.039 0.155
0 0.676 0.479 0.048 0.164
0 0.716 0.469 0.052 0.151
0 0.746 0.640 0.055 0.125
0 0.691 0.666 0.067 0.152
0 0.645 0.672 0.071 0.161
0 0.608 0.679 0.045 0.155
0 0.577 0.682 0.035 0.158
0 0.547 0.680 0.030 0.189
0 0.524 0.657 0.025 0.146
0 0.506 0.648 0.025 0.136
0 0.488 0.657 0.030 0.152
0 0.468 0.665 0.035 0.158
0 0.441 0.673 0.030 0.170
0 0.413 0.683 0.035 0.179
0 0.384 0.676 0.040 0.170
0 0.321 0.668 0.081 0.156
0 0.280 0.631 0.056 0.117
