0 0.293 0.393 0.051 0.165
0 0.334 0.419 0.048 0.180
0 0.371 0.443 0.039 0.179
0 0.402 0.446 0.032 0.185
0 0.429 0.437 0.035 0.226
0 0.457 0.452 0.026 0.214
0 0.485 0.461 0.034 0.219
0 0.521 0.461 0.038 0.221
0 0.554 0.455 0.035 0.214
0 0.580 0.451 0.038 0.184
0 0.611 0.435 0.044 0.191
0 0.650 0.388 0.059 0.121
0 0.690 0.396 0.062 0.192
0 0.723 0.580 0.102 0.181
0 0.673 0.625 0.096 0.194
0 0.631 0.657 0.062 0.190
0 0.593 0.670 0.047 0.191
0 0.560 0.684 0.037 0.202
0 0.533 0.665 0.030 0.159
0 0.508 0.667 0.026 0.162
0 0.488 0.650 0.024 0.143
0 0.465 0.660 0.023 0.161
0 0.439 0.673 0.030 0.204
0 0.410 0.663 0.032 0.194
0 0.348 0.637 0.104 0.195
0 0.301 0.588 0.091 0.162
