0 0.261 0.500 0.042 0.143
0 0.299 0.520 0.045 0.160
0 0.342 0.526 0.056 0.164
0 0.372 0.518 0.028 0.159
0 0.392 0.503 0.037 0.147
0 0.423 0.505 0.036 0.188
0 0.454 0.514 0.028 0.170
0 0.482 0.508 0.034 0.176
0 0.515 0.507 0.031 0.185
0 0.544 0.513 0.027 0.158
0 0.571 0.507 0.032 0.186
0 0.595 0.516 0.040 0.180
0 0.624 0.519 0.035 0.157
0 0.657 0.509 0.046 0.161
0 0.700 0.505 0.044 0.161
0 0.728 0.461 0.054 0.148
0 0.732 0.644 0.050 0.129
0 0.691 0.679 0.067 0.160
0 0.644 0.690 0.075 0.177
0 0.603 0.705 0.049 0.172
0 0.572 0.705 0.039 0.172
0 0.547 0.715 0.029 0.213
0 0.524 0.696 0.024 0.181
0 0.503 0.690 0.031 0.160
0 0.484 0.697 0.030 0.153
0 0.465 0.707 0.033 0.189
0 0.438 0.715 0.027 0.197
0 0.415 0.716 0.034 0.176
0 0.387 0.707 0.041 0.181
0 0.343 0.709 0.069 0.161
0 0.296 0.693 0.071 0.176
0 0.251 0.684 0.050 0.141
