0 0.278 0.442 0.040 0.096
0 0.353 0.450 0.048 0.110
0 0.416 0.424 0.040 0.115
0 0.440 0.443 0.037 0.182
0 0.495 0.435 0.035 0.167
0 0.529 0.443 0.029 0.177
0 0.555 0.432 0.023 0.165
0 0.581 0.423 0.030 0.183
0 0.607 0.429 0.035 0.193
0 0.632 0.417 0.032 0.094
0 0.729 0.426 0.035 0.093
0 0.711 0.638 0.072 0.124
0 0.655 0.650 0.062 0.126
0 0.587 0.622 0.031 0.163
0 0.561 0.609 0.037 0.142
0 0.543 0.605 0.030 0.130
0 0.527 0.618 0.029 0.118
0 0.511 0.626 0.026 0.128
0 0.492 0.624 0.030 0.152
0 0.472 0.629 0.030 0.167
0 0.448 0.637 0.032 0.169
0 0.424 0.661 0.042 0.182
0 0.377 0.673 0.069 0.172
0 0.313 0.675 0.070 0.144
0 0.267 0.648 0.056 0.107
