0 0.268 0.507 0.043 0.124
0 0.309 0.506 0.049 0.166
0 0.371 0.498 0.035 0.167
0 0.401 0.495 0.049 0.154
0 0.422 0.463 0.045 0.187
0 0.455 0.473 0.035 0.140
0 0.483 0.469 0.045 0.144
0 0.522 0.473 0.045 0.148
0 0.550 0.473 0.030 0.141
0 0.583 0.474 0.037 0.168
0 0.633 0.503 0.036 0.162
0 0.697 0.504 0.052 0.152
0 0.736 0.495 0.045 0.144
0 0.744 0.665 0.068 0.136
0 0.698 0.693 0.075 0.140
0 0.614 0.694 0.037 0.171
0 0.581 0.680 0.041 0.165
0 0.554 0.679 0.034 0.183
0 0.526 0.669 0.028 0.153
0 0.505 0.684 0.029 0.166
0 0.487 0.675 0.031 0.140
0 0.464 0.679 0.026 0.148
0 0.442 0.691 0.038 0.177
0 0.411 0.696 0.033 0.157
0 0.383 0.700 0.036 0.158
0 0.302 0.700 0.073 0.165
0 0.257 0.671 0.071 0.141
