0 0.282 0.412 0.049 0.191
0 0.333 0.432 0.053 0.176
0 0.372 0.445 0.049 0.161
0 0.397 0.444 0.055 0.161
0 0.422 0.419 0.032 0.216
0 0.455 0.433 0.033 0.187
0 0.477 0.443 0.036 0.200
0 0.509 0.445 0.037 0.203
0 0.540 0.450 0.028 0.174
0 0.568 0.433 0.032 0.199
0 0.593 0.440 0.048 0.177
0 0.626 0.451 0.048 0.155
0 0.667 0.432 0.054 0.186
0 0.718 0.420 0.058 0.178
0 0.701 0.621 0.076 0.176
0 0.648 0.643 0.086 0.175
0 0.604 0.650 0.057 0.190
0 0.576 0.649 0.047 0.185
0 0.551 0.668 0.028 0.190
0 0.528 0.635 0.028 0.154
0 0.507 0.637 0.029 0.133
0 0.494 0.628 0.026 0.143
0 0.472 0.638 0.033 0.167
0 0.447 0.657 0.034 0.180
0 0.422 0.646 0.043 0.180
0 0.400 0.641 0.052 0.178
0 0.358 0.650 0.083 0.201
0 0.303 0.634 0.076 0.188
