0 0.282 0.407 0.046 0.107
0 0.302 0.462 0.049 0.146
0 0.341 0.477 0.045 0.152
0 0.375 0.491 0.040 0.166
0 0.398 0.499 0.035 0.160
0 0.422 0.486 0.029 0.181
0 0.450 0.496 0.026 0.154
0 0.473 0.490 0.034 0.164
0 0.505 0.491 0.033 0.164
0 0.526 0.491 0.036 0.164
0 0.559 0.485 0.034 0.179
0 0.585 0.496 0.044 0.168
0 0.634 0.489 0.053 0.156
0 0.676 0.472 0.054 0.152
0 0.708 0.435 0.068 0.157
0 0.750 0.591 0.088 0.103
0 0.692 0.631 0.082 0.164
0 0.645 0.657 0.081 0.178
0 0.602 0.686 0.054 0.176
0 0.571 0.695 0.031 0.158
0 0.545 0.676 0.025 0.170
0 0.521 0.677 0.026 0.164
0 0.503 0.677 0.022 0.162
0 0.482 0.673 0.023 0.162
0 0.462 0.670 0.026 0.157
0 0.442 0.673 0.026 0.177
0 0.413 0.667 0.033 0.168
0 0.380 0.664 0.054 0.157
0 0.343 0.642 0.066 0.162
0 0.301 0.627 0.065 0.171
0 0.239 0.575 0.083 0.097
