0 0.268 0.374 0.049 0.150
0 0.295 0.447 0.058 0.177
0 0.341 0.461 0.054 0.187
0 0.375 0.467 0.036 0.189
0 0.402 0.477 0.039 0.179
0 0.426 0.469 0.038 0.209
0 0.460 0.498 0.030 0.164
0 0.484 0.482 0.041 0.203
0 0.522 0.488 0.034 0.205
0 0.547 0.481 0.029 0.187
0 0.580 0.466 0.036 0.197
0 0.607 0.469 0.038 0.168
0 0.635 0.462 0.033 0.162
0 0.674 0.443 0.050 0.195
0 0.712 0.437 0.051 0.174
0 0.775 0.626 0.069 0.174
0 0.717 0.621 0.073 0.179
0 0.670 0.652 0.079 0.178
0 0.628 0.667 0.050 0.182
0 0.597 0.675 0.039 0.172
0 0.570 0.687 0.036 0.211
0 0.549 0.688 0.036 0.198
0 0.526 0.677 0.033 0.154
0 0.503 0.679 0.029 0.150
0 0.483 0.682 0.029 0.166
0 0.458 0.684 0.035 0.179
0 0.429 0.683 0.036 0.164
0 0.402 0.678 0.043 0.185
0 0.351 0.690 0.098 0.202
0 0.296 0.649 0.102 0.198
0 0.223 0.648 0.082 0.177
