0 0.257 0.444 0.045 0.142
0 0.302 0.450 0.048 0.138
0 0.363 0.462 0.035 0.150
0 0.394 0.445 0.039 0.145
0 0.418 0.447 0.039 0.175
0 0.454 0.454 0.036 0.161
0 0.491 0.446 0.035 0.173
0 0.527 0.441 0.040 0.177
0 0.555 0.441 0.036 0.155
0 0.587 0.435 0.034 0.159
0 0.608 0.441 0.037 0.159
0 0.636 0.454 0.035 0.160
0 0.672 0.452 0.053 0.132
0 0.715 0.449 0.044 0.147
0 0.751 0.441 0.051 0.126
0 0.737 0.580 0.071 0.127
0 0.694 0.606 0.075 0.128
0 0.637 0.629 0.037 0.167
0 0.602 0.619 0.038 0.153
0 0.575 0.614 0.037 0.166
0 0.544 0.614 0.039 0.157
0 0.523 0.611 0.029 0.136
0 0.501 0.614 0.025 0.142
0 0.477 0.620 0.027 0.149
0 0.449 0.626 0.033 0.152
0 0.418 0.624 0.043 0.141
0 0.383 0.638 0.046 0.164
0 0.334 0.630 0.080 0.160
0 0.283 0.610 0.071 0.143
0 0.238 0.579 0.066 0.141
