0 0.256 0.433 0.038 0.101
0 0.308 0.465 0.050 0.168
0 0.348 0.426 0.033 0.085
0 0.383 0.440 0.060 0.189
0 0.412 0.429 0.058 0.221
0 0.449 0.449 0.057 0.201
0 0.491 0.434 0.043 0.203
0 0.537 0.440 0.043 0.195
0 0.579 0.450 0.044 0.195
0 0.610 0.451 0.056 0.211
0 0.641 0.451 0.064 0.178
0 0.670 0.457 0.056 0.179
0 0.710 0.482 0.074 0.176
0 0.651 0.726 0.049 0.129
0 0.607 0.684 0.046 0.194
0 0.575 0.659 0.039 0.227
0 0.549 0.652 0.028 0.205
0 0.476 0.653 0.029 0.188
0 0.445 0.669 0.036 0.212
0 0.409 0.679 0.040 0.187
0 0.372 0.714 0.046 0.164
0 0.244 0.699 0.070 0.132
