0 0.251 0.481 0.051 0.143
0 0.300 0.486 0.051 0.145
0 0.341 0.472 0.037 0.166
0 0.370 0.462 0.041 0.183
0 0.393 0.453 0.046 0.168
0 0.426 0.454 0.037 0.158
0 0.465 0.445 0.036 0.168
0 0.502 0.443 0.036 0.163
0 0.536 0.447 0.030 0.146
0 0.570 0.440 0.039 0.197
0 0.600 0.463 0.047 0.160
0 0.633 0.468 0.041 0.166
0 0.677 0.463 0.061 0.165
0 0.729 0.479 0.052 0.154
0 0.762 0.470 0.027 0.127
0 0.776 0.604 0.076 0.110
0 0.716 0.634 0.061 0.147
0 0.662 0.634 0.074 0.145
0 0.613 0.632 0.043 0.150
0 0.586 0.632 0.036 0.171
0 0.559 0.628 0.026 0.173
0 0.533 0.616 0.028 0.147
0 0.509 0.612 0.027 0.147
0 0.488 0.617 0.026 0.152
0 0.465 0.634 0.030 0.163
0 0.437 0.638 0.030 0.182
0 0.406 0.651 0.036 0.173
0 0.388 0.649 0.042 0.159
0 0.336 0.651 0.068 0.151
0 0.284 0.646 0.066 0.155
0 0.221 0.620 0.075 0.112
