0 0.308 0.439 0.044 0.180
0 0.349 0.431 0.057 0.173
0 0.394 0.427 0.037 0.181
0 0.421 0.427 0.035 0.178
0 0.442 0.427 0.028 0.201
0 0.468 0.426 0.028 0.168
0 0.493 0.442 0.029 0.173
0 0.520 0.436 0.027 0.180
0 0.545 0.431 0.026 0.165
0 0.572 0.416 0.032 0.210
0 0.593 0.437 0.034 0.168
0 0.683 0.447 0.048 0.180
0 0.722 0.479 0.037 0.072
0 0.709 0.611 0.091 0.155
0 0.597 0.631 0.033 0.184
0 0.573 0.633 0.029 0.188
0 0.553 0.632 0.031 0.190
0 0.529 0.617 0.024 0.158
0 0.512 0.615 0.020 0.160
0 0.496 0.614 0.025 0.154
0 0.480 0.621 0.029 0.157
0 0.459 0.635 0.025 0.165
0 0.442 0.631 0.035 0.166
0 0.420 0.631 0.038 0.180
0 0.365 0.652 0.021 0.053
0 0.330 0.619 0.059 0.138
