0 0.405 0.350 0.022 0.096
0 0.425 0.360 0.022 0.078
0 0.445 0.365 0.021 0.069
0 0.468 0.370 0.022 0.063
0 0.492 0.362 0.021 0.056
0 0.513 0.362 0.020 0.064
0 0.535 0.357 0.020 0.073
0 0.559 0.357 0.020 0.089
0 0.584 0.395 0.030 0.154
0 0.607 0.386 0.028 0.177
0 0.638 0.402 0.047 0.154
0 0.686 0.541 0.061 0.142
0 0.601 0.572 0.040 0.157
0 0.582 0.571 0.036 0.156
0 0.563 0.582 0.031 0.163
0 0.542 0.557 0.027 0.136
0 0.529 0.563 0.023 0.137
0 0.516 0.555 0.022 0.133
0 0.500 0.561 0.024 0.133
0 0.479 0.573 0.028 0.170
0 0.454 0.571 0.033 0.152
0 0.434 0.577 0.037 0.165
0 0.397 0.573 0.075 0.169
