0 0.287 0.384 0.057 0.177
0 0.335 0.400 0.056 0.185
0 0.374 0.406 0.040 0.185
0 0.402 0.403 0.043 0.195
0 0.426 0.389 0.036 0.251
0 0.457 0.418 0.027 0.183
0 0.488 0.433 0.035 0.194
0 0.517 0.437 0.034 0.177
0 0.544 0.419 0.032 0.187
0 0.576 0.393 0.034 0.230
0 0.604 0.400 0.042 0.188
0 0.630 0.392 0.038 0.181
0 0.668 0.392 0.051 0.173
0 0.716 0.377 0.050 0.157
0 0.719 0.554 0.073 0.174
0 0.667 0.592 0.084 0.189
0 0.625 0.602 0.057 0.154
0 0.597 0.620 0.049 0.177
0 0.568 0.645 0.040 0.202
0 0.540 0.629 0.023 0.182
0 0.520 0.620 0.025 0.149
0 0.499 0.620 0.026 0.149
0 0.479 0.628 0.025 0.171
0 0.450 0.640 0.037 0.200
0 0.422 0.625 0.044 0.167
0 0.394 0.627 0.062 0.192
0 0.352 0.600 0.091 0.192
0 0.296 0.580 0.087 0.184
