0 0.232 0.442 0.045 0.099
0 0.277 0.437 0.051 0.107
0 0.405 0.391 0.041 0.117
0 0.444 0.423 0.036 0.161
0 0.483 0.417 0.042 0.152
0 0.526 0.426 0.046 0.156
0 0.563 0.438 0.039 0.146
0 0.597 0.447 0.043 0.168
0 0.631 0.426 0.033 0.103
0 0.660 0.480 0.048 0.142
0 0.708 0.438 0.052 0.107
0 0.751 0.476 0.059 0.150
0 0.800 0.496 0.049 0.154
0 0.727 0.653 0.089 0.170
0 0.655 0.658 0.046 0.183
0 0.615 0.634 0.049 0.172
0 0.572 0.626 0.051 0.194
0 0.540 0.604 0.048 0.164
0 0.508 0.600 0.042 0.179
0 0.483 0.594 0.041 0.164
0 0.454 0.602 0.033 0.168
0 0.420 0.625 0.038 0.187
0 0.382 0.630 0.039 0.178
0 0.346 0.627 0.044 0.168
0 0.282 0.667 0.065 0.095
0 0.230 0.618 0.093 0.135
