0 0.240 0.442 0.047 0.141
0 0.361 0.441 0.042 0.188
0 0.419 0.426 0.037 0.190
0 0.452 0.422 0.024 0.183
0 0.484 0.412 0.029 0.192
0 0.515 0.422 0.031 0.180
0 0.551 0.423 0.031 0.182
0 0.583 0.420 0.035 0.206
0 0.639 0.437 0.041 0.185
0 0.716 0.441 0.053 0.174
0 0.769 0.441 0.050 0.162
0 0.758 0.600 0.073 0.158
0 0.629 0.634 0.035 0.200
0 0.594 0.624 0.037 0.208
0 0.562 0.624 0.032 0.193
0 0.536 0.625 0.025 0.190
0 0.517 0.611 0.025 0.161
0 0.496 0.615 0.026 0.168
0 0.474 0.618 0.027 0.188
0 0.449 0.628 0.036 0.210
0 0.415 0.622 0.036 0.184
0 0.380 0.626 0.036 0.191
0 0.303 0.622 0.079 0.183
0 0.252 0.599 0.078 0.167
