0 0.314 0.415 0.047 0.174
0 0.365 0.428 0.055 0.160
0 0.405 0.411 0.037 0.177
0 0.435 0.395 0.033 0.219
0 0.459 0.422 0.027 0.164
0 0.486 0.409 0.029 0.189
0 0.519 0.418 0.037 0.200
0 0.549 0.434 0.030 0.150
0 0.578 0.408 0.036 0.210
0 0.612 0.413 0.048 0.184
0 0.650 0.420 0.056 0.150
0 0.699 0.426 0.054 0.184
0 0.747 0.577 0.072 0.132
0 0.687 0.606 0.078 0.178
0 0.637 0.606 0.071 0.160
0 0.594 0.615 0.040 0.168
0 0.563 0.633 0.032 0.215
0 0.534 0.598 0.034 0.164
0 0.520 0.599 0.029 0.160
0 0.501 0.597 0.029 0.169
0 0.486 0.609 0.040 0.179
0 0.454 0.599 0.038 0.158
0 0.427 0.602 0.043 0.166
0 0.383 0.611 0.078 0.170
0 0.332 0.594 0.061 0.170
0 0.263 0.590 0.076 0.113
