0 0.179 0.548 0.052 0.163
0 0.227 0.547 0.052 0.167
0 0.276 0.554 0.058 0.153
0 0.316 0.546 0.044 0.161
0 0.355 0.547 0.046 0.143
0 0.384 0.524 0.047 0.165
0 0.428 0.523 0.045 0.142
0 0.475 0.497 0.069 0.177
0 0.543 0.494 0.059 0.181
0 0.590 0.520 0.039 0.122
0 0.634 0.516 0.055 0.160
0 0.665 0.535 0.049 0.160
0 0.696 0.554 0.043 0.142
0 0.739 0.556 0.052 0.155
0 0.788 0.561 0.048 0.147
0 0.839 0.564 0.052 0.169
0 0.774 0.718 0.065 0.163
0 0.712 0.700 0.065 0.154
0 0.661 0.699 0.039 0.164
0 0.627 0.692 0.037 0.173
0 0.592 0.681 0.040 0.162
0 0.557 0.674 0.039 0.144
0 0.521 0.678 0.039 0.159
0 0.479 0.673 0.033 0.179
0 0.447 0.672 0.034 0.157
0 0.408 0.694 0.037 0.188
0 0.374 0.687 0.032 0.157
0 0.341 0.693 0.039 0.143
0 0.290 0.706 0.068 0.160
0 0.230 0.711 0.069 0.162
