0 0.296 0.459 0.048 0.134
0 0.333 0.457 0.053 0.134
0 0.371 0.429 0.030 0.117
0 0.405 0.465 0.040 0.163
0 0.427 0.448 0.038 0.177
0 0.456 0.441 0.029 0.177
0 0.482 0.437 0.039 0.192
0 0.518 0.441 0.029 0.167
0 0.544 0.435 0.027 0.177
0 0.574 0.440 0.031 0.171
0 0.595 0.448 0.043 0.139
0 0.625 0.454 0.032 0.169
0 0.664 0.453 0.061 0.167
0 0.707 0.437 0.042 0.143
0 0.700 0.629 0.074 0.163
0 0.603 0.644 0.045 0.169
0 0.575 0.641 0.034 0.173
0 0.551 0.649 0.029 0.210
0 0.528 0.633 0.025 0.174
0 0.509 0.629 0.020 0.151
0 0.489 0.635 0.021 0.160
0 0.471 0.649 0.024 0.197
0 0.448 0.658 0.033 0.215
0 0.421 0.655 0.038 0.188
0 0.392 0.659 0.044 0.186
0 0.348 0.655 0.077 0.180
0 0.299 0.633 0.062 0.153
