0 0.271 0.418 0.056 0.132
0 0.295 0.465 0.045 0.163
0 0.338 0.461 0.048 0.174
0 0.376 0.464 0.035 0.173
0 0.408 0.456 0.040 0.194
0 0.432 0.451 0.036 0.208
0 0.462 0.460 0.026 0.183
0 0.492 0.457 0.033 0.185
0 0.526 0.465 0.032 0.175
0 0.556 0.455 0.028 0.190
0 0.585 0.445 0.039 0.241
0 0.614 0.474 0.048 0.183
0 0.639 0.481 0.042 0.164
0 0.674 0.476 0.053 0.168
0 0.724 0.476 0.053 0.168
0 0.746 0.403 0.064 0.129
0 0.718 0.659 0.070 0.184
0 0.656 0.667 0.061 0.176
0 0.616 0.668 0.038 0.188
0 0.590 0.664 0.038 0.197
0 0.564 0.656 0.032 0.194
0 0.538 0.652 0.027 0.182
0 0.519 0.646 0.024 0.169
0 0.501 0.650 0.026 0.171
0 0.481 0.649 0.024 0.167
0 0.454 0.658 0.023 0.193
0 0.426 0.661 0.033 0.190
0 0.398 0.667 0.034 0.196
0 0.356 0.658 0.063 0.175
0 0.299 0.652 0.071 0.189
