0 0.285 0.353 0.046 0.142
0 0.335 0.370 0.051 0.159
0 0.373 0.380 0.037 0.172
0 0.401 0.386 0.040 0.172
0 0.427 0.372 0.035 0.218
0 0.454 0.387 0.028 0.175
0 0.482 0.342 0.023 0.130
0 0.518 0.378 0.034 0.199
0 0.546 0.395 0.029 0.167
0 0.575 0.379 0.035 0.210
0 0.604 0.383 0.038 0.194
0 0.634 0.375 0.034 0.179
0 0.671 0.357 0.051 0.165
0 0.716 0.349 0.050 0.153
0 0.739 0.290 0.055 0.129
0 0.734 0.529 0.076 0.168
0 0.685 0.561 0.078 0.169
0 0.635 0.577 0.048 0.166
0 0.599 0.594 0.034 0.186
0 0.570 0.602 0.035 0.220
0 0.541 0.582 0.024 0.173
0 0.519 0.577 0.024 0.144
0 0.495 0.577 0.024 0.161
0 0.473 0.578 0.027 0.174
0 0.444 0.592 0.038 0.200
0 0.413 0.576 0.037 0.169
0 0.382 0.559 0.044 0.145
0 0.334 0.561 0.080 0.174
0 0.280 0.528 0.074 0.163
