0 0.261 0.435 0.045 0.165
0 0.306 0.443 0.049 0.179
0 0.353 0.450 0.053 0.172
0 0.386 0.471 0.045 0.151
0 0.413 0.445 0.046 0.201
0 0.426 0.446 0.049 0.203
0 0.459 0.454 0.031 0.177
0 0.483 0.449 0.039 0.194
0 0.518 0.452 0.033 0.188
0 0.543 0.441 0.034 0.173
0 0.572 0.427 0.031 0.201
0 0.597 0.432 0.037 0.184
0 0.623 0.428 0.035 0.188
0 0.657 0.416 0.047 0.175
0 0.698 0.404 0.043 0.162
0 0.735 0.401 0.048 0.151
0 0.753 0.560 0.074 0.161
0 0.703 0.601 0.070 0.176
0 0.655 0.631 0.077 0.183
0 0.618 0.649 0.066 0.176
0 0.593 0.644 0.051 0.167
0 0.575 0.662 0.057 0.182
0 0.540 0.652 0.037 0.192
0 0.519 0.637 0.033 0.151
0 0.502 0.652 0.037 0.153
0 0.483 0.650 0.039 0.162
0 0.457 0.667 0.037 0.182
0 0.427 0.668 0.034 0.175
0 0.404 0.657 0.049 0.179
0 0.361 0.664 0.075 0.192
0 0.306 0.635 0.071 0.167
0 0.248 0.607 0.073 0.159
