0 0.275 0.425 0.041 0.171
0 0.318 0.436 0.045 0.175
0 0.358 0.431 0.062 0.195
0 0.395 0.413 0.049 0.202
0 0.427 0.425 0.049 0.193
0 0.449 0.398 0.036 0.205
0 0.479 0.399 0.023 0.202
0 0.506 0.408 0.028 0.176
0 0.536 0.401 0.032 0.211
0 0.565 0.396 0.030 0.215
0 0.592 0.391 0.036 0.218
0 0.615 0.416 0.046 0.193
0 0.644 0.410 0.038 0.205
0 0.678 0.434 0.053 0.197
0 0.718 0.424 0.041 0.189
0 0.751 0.354 0.050 0.143
0 0.742 0.622 0.061 0.158
0 0.703 0.652 0.059 0.185
0 0.615 0.647 0.032 0.185
0 0.589 0.649 0.029 0.201
0 0.564 0.636 0.029 0.213
0 0.537 0.611 0.026 0.170
0 0.520 0.610 0.026 0.156
0 0.503 0.602 0.028 0.153
0 0.484 0.608 0.030 0.172
0 0.460 0.630 0.031 0.195
0 0.435 0.649 0.030 0.201
0 0.408 0.638 0.035 0.179
0 0.370 0.662 0.045 0.127
0 0.317 0.661 0.046 0.201
0 0.272 0.622 0.059 0.167
