0 0.246 0.540 0.049 0.148
0 0.289 0.538 0.042 0.136
0 0.371 0.549 0.030 0.146
0 0.399 0.546 0.033 0.163
0 0.423 0.541 0.039 0.186
0 0.453 0.548 0.031 0.175
0 0.459 0.505 0.086 0.259
0 0.517 0.554 0.038 0.164
0 0.548 0.552 0.032 0.161
0 0.579 0.549 0.036 0.171
0 0.610 0.553 0.040 0.161
0 0.636 0.555 0.038 0.142
0 0.671 0.556 0.048 0.137
0 0.723 0.547 0.051 0.141
0 0.771 0.542 0.047 0.142
0 0.777 0.701 0.061 0.168
0 0.726 0.711 0.080 0.175
0 0.669 0.725 0.070 0.175
0 0.632 0.731 0.042 0.183
0 0.599 0.714 0.032 0.156
0 0.572 0.728 0.037 0.168
0 0.539 0.721 0.026 0.141
0 0.520 0.713 0.025 0.121
0 0.501 0.719 0.023 0.132
0 0.477 0.727 0.026 0.148
0 0.452 0.736 0.024 0.165
0 0.422 0.732 0.030 0.171
0 0.387 0.727 0.039 0.175
0 0.350 0.716 0.070 0.166
0 0.297 0.694 0.060 0.153
0 0.253 0.696 0.057 0.151
0 0.334 0.543 0.047 0.134
