0 0.288 0.325 0.053 0.163
0 0.311 0.425 0.048 0.163
0 0.353 0.440 0.048 0.184
0 0.387 0.460 0.038 0.194
0 0.411 0.438 0.033 0.197
0 0.438 0.464 0.031 0.182
0 0.466 0.469 0.026 0.169
0 0.491 0.471 0.031 0.180
0 0.523 0.466 0.034 0.171
0 0.549 0.476 0.031 0.168
0 0.573 0.465 0.033 0.211
0 0.598 0.469 0.040 0.188
0 0.622 0.466 0.036 0.194
0 0.663 0.465 0.050 0.184
0 0.702 0.445 0.049 0.189
0 0.730 0.358 0.056 0.175
0 0.734 0.631 0.079 0.190
0 0.683 0.663 0.079 0.186
0 0.633 0.674 0.070 0.184
0 0.563 0.677 0.031 0.173
0 0.542 0.685 0.033 0.184
0 0.521 0.660 0.032 0.165
0 0.504 0.656 0.024 0.154
0 0.489 0.661 0.021 0.159
0 0.468 0.658 0.024 0.181
0 0.440 0.667 0.038 0.190
0 0.418 0.652 0.041 0.177
0 0.348 0.647 0.078 0.173
0 0.282 0.612 0.086 0.151
0 0.586 0.698 0.039 0.191
