0 0.302 0.228 0.048 0.180
0 0.337 0.247 0.045 0.186
0 0.397 0.260 0.026 0.107
0 0.418 0.292 0.038 0.207
0 0.441 0.316 0.027 0.204
0 0.464 0.325 0.030 0.189
0 0.487 0.326 0.024 0.164
0 0.516 0.341 0.028 0.179
0 0.542 0.330 0.024 0.181
0 0.567 0.331 0.030 0.187
0 0.612 0.264 0.033 0.113
0 0.641 0.258 0.039 0.123
0 0.680 0.253 0.055 0.189
0 0.713 0.220 0.060 0.159
0 0.735 0.416 0.072 0.164
0 0.694 0.454 0.082 0.169
0 0.659 0.529 0.064 0.130
0 0.613 0.513 0.055 0.169
0 0.590 0.524 0.030 0.117
0 0.559 0.543 0.030 0.195
0 0.535 0.546 0.027 0.187
0 0.516 0.539 0.027 0.164
0 0.498 0.544 0.025 0.162
0 0.481 0.540 0.025 0.167
0 0.458 0.555 0.036 0.211
0 0.432 0.524 0.042 0.175
0 0.377 0.482 0.088 0.187
0 0.325 0.452 0.085 0.184
0 0.284 0.422 0.079 0.176
0 0.592 0.303 0.042 0.216
