0 0.302 0.300 0.057 0.150
0 0.351 0.329 0.055 0.134
0 0.399 0.312 0.036 0.162
0 0.431 0.298 0.037 0.184
0 0.456 0.302 0.036 0.173
0 0.483 0.296 0.030 0.184
0 0.509 0.292 0.036 0.179
0 0.538 0.295 0.040 0.182
0 0.568 0.303 0.030 0.193
0 0.595 0.299 0.035 0.212
0 0.619 0.308 0.040 0.199
0 0.675 0.345 0.052 0.156
0 0.717 0.331 0.046 0.163
0 0.744 0.261 0.047 0.149
0 0.706 0.521 0.067 0.172
0 0.661 0.527 0.074 0.167
0 0.615 0.509 0.034 0.160
0 0.586 0.509 0.036 0.165
0 0.561 0.512 0.032 0.190
0 0.537 0.481 0.032 0.156
0 0.519 0.481 0.027 0.164
0 0.500 0.478 0.022 0.161
0 0.481 0.483 0.024 0.177
0 0.460 0.501 0.028 0.190
0 0.436 0.494 0.033 0.169
0 0.407 0.495 0.035 0.164
0 0.360 0.502 0.066 0.157
0 0.317 0.484 0.065 0.163
