0 0.263 0.536 0.054 0.140
0 0.298 0.535 0.046 0.165
0 0.345 0.522 0.056 0.181
0 0.382 0.511 0.034 0.168
0 0.409 0.495 0.034 0.166
0 0.438 0.495 0.033 0.148
0 0.470 0.464 0.032 0.102
0 0.506 0.460 0.033 0.097
0 0.538 0.488 0.036 0.153
0 0.570 0.496 0.040 0.169
0 0.598 0.510 0.039 0.170
0 0.643 0.512 0.047 0.153
0 0.686 0.536 0.054 0.172
0 0.722 0.539 0.059 0.146
0 0.711 0.702 0.060 0.161
0 0.654 0.709 0.057 0.185
0 0.613 0.698 0.041 0.191
0 0.586 0.692 0.037 0.203
0 0.557 0.679 0.030 0.209
0 0.534 0.656 0.030 0.177
0 0.509 0.653 0.029 0.164
0 0.486 0.651 0.026 0.175
0 0.465 0.659 0.026 0.184
0 0.440 0.674 0.034 0.193
0 0.413 0.685 0.040 0.184
0 0.385 0.695 0.039 0.183
0 0.345 0.713 0.055 0.183
0 0.293 0.714 0.055 0.173
