0 0.283 0.471 0.054 0.181
0 0.326 0.456 0.058 0.140
0 0.366 0.481 0.041 0.179
0 0.394 0.477 0.040 0.189
0 0.420 0.457 0.035 0.212
0 0.454 0.475 0.038 0.184
0 0.480 0.478 0.038 0.185
0 0.521 0.475 0.040 0.188
0 0.553 0.476 0.038 0.167
0 0.587 0.464 0.043 0.183
0 0.612 0.474 0.043 0.182
0 0.639 0.475 0.037 0.181
0 0.673 0.491 0.053 0.177
0 0.723 0.493 0.048 0.163
0 0.763 0.478 0.050 0.160
0 0.746 0.646 0.081 0.149
0 0.703 0.689 0.087 0.171
0 0.613 0.690 0.042 0.184
0 0.588 0.689 0.035 0.182
0 0.557 0.689 0.031 0.201
0 0.529 0.671 0.033 0.175
0 0.509 0.668 0.030 0.167
0 0.488 0.658 0.028 0.149
0 0.468 0.666 0.032 0.173
0 0.444 0.673 0.037 0.189
0 0.413 0.687 0.040 0.175
0 0.383 0.704 0.047 0.194
0 0.338 0.686 0.070 0.178
0 0.279 0.654 0.081 0.158
