0 0.299 0.332 0.055 0.192
0 0.373 0.366 0.069 0.220
0 0.409 0.370 0.049 0.241
0 0.437 0.354 0.044 0.279
0 0.468 0.378 0.038 0.229
0 0.497 0.371 0.033 0.216
0 0.536 0.387 0.034 0.207
0 0.566 0.391 0.033 0.216
0 0.598 0.376 0.035 0.247
0 0.626 0.399 0.040 0.204
0 0.656 0.403 0.040 0.215
0 0.692 0.378 0.056 0.153
0 0.740 0.370 0.047 0.179
0 0.777 0.378 0.023 0.118
0 0.782 0.529 0.081 0.164
0 0.729 0.585 0.078 0.178
0 0.675 0.613 0.081 0.190
0 0.627 0.625 0.060 0.225
0 0.595 0.609 0.047 0.204
0 0.567 0.617 0.033 0.206
0 0.545 0.604 0.027 0.178
0 0.528 0.586 0.022 0.172
0 0.508 0.580 0.024 0.160
0 0.487 0.578 0.027 0.147
0 0.463 0.603 0.034 0.228
0 0.440 0.589 0.050 0.216
0 0.406 0.606 0.058 0.220
0 0.355 0.583 0.110 0.208
0 0.293 0.544 0.085 0.194
0 0.237 0.483 0.098 0.181
