0 0.239 0.428 0.060 0.144
0 0.279 0.455 0.044 0.166
0 0.323 0.463 0.061 0.156
0 0.357 0.440 0.038 0.186
0 0.388 0.458 0.045 0.165
0 0.414 0.440 0.033 0.174
0 0.443 0.454 0.027 0.178
0 0.474 0.446 0.039 0.188
0 0.512 0.443 0.040 0.187
0 0.541 0.437 0.032 0.182
0 0.574 0.417 0.036 0.210
0 0.597 0.444 0.048 0.179
0 0.632 0.412 0.031 0.100
0 0.670 0.453 0.059 0.171
0 0.714 0.475 0.056 0.169
0 0.760 0.452 0.061 0.163
0 0.669 0.656 0.075 0.181
0 0.616 0.658 0.048 0.179
0 0.585 0.665 0.045 0.194
0 0.551 0.639 0.036 0.177
0 0.526 0.638 0.030 0.164
0 0.501 0.632 0.030 0.161
0 0.480 0.634 0.028 0.160
0 0.462 0.633 0.028 0.160
0 0.432 0.653 0.037 0.215
0 0.402 0.666 0.044 0.190
0 0.374 0.660 0.051 0.189
0 0.332 0.654 0.081 0.185
0 0.280 0.623 0.090 0.161
