0 0.300 0.445 0.049 0.177
0 0.351 0.448 0.051 0.174
0 0.383 0.433 0.030 0.180
0 0.413 0.436 0.040 0.173
0 0.435 0.428 0.038 0.212
0 0.466 0.448 0.024 0.170
0 0.491 0.453 0.034 0.180
0 0.526 0.461 0.034 0.181
0 0.550 0.459 0.025 0.164
0 0.580 0.438 0.035 0.205
0 0.605 0.451 0.041 0.181
0 0.630 0.452 0.031 0.177
0 0.663 0.456 0.046 0.172
0 0.710 0.450 0.047 0.181
0 0.712 0.668 0.084 0.178
0 0.652 0.682 0.072 0.177
0 0.610 0.690 0.036 0.195
0 0.583 0.685 0.030 0.201
0 0.556 0.682 0.031 0.228
0 0.529 0.649 0.027 0.167
0 0.510 0.638 0.024 0.148
0 0.492 0.642 0.023 0.154
0 0.471 0.651 0.024 0.170
0 0.445 0.680 0.034 0.230
0 0.418 0.678 0.028 0.200
0 0.392 0.679 0.033 0.198
0 0.349 0.686 0.073 0.207
0 0.295 0.663 0.084 0.181
