0 0.256 0.445 0.040 0.157
0 0.291 0.444 0.040 0.164
0 0.328 0.435 0.053 0.161
0 0.369 0.442 0.038 0.135
0 0.395 0.438 0.042 0.155
0 0.423 0.442 0.030 0.153
0 0.446 0.464 0.029 0.139
0 0.472 0.472 0.030 0.157
0 0.511 0.478 0.032 0.157
0 0.533 0.479 0.032 0.147
0 0.557 0.459 0.039 0.157
0 0.585 0.451 0.048 0.147
0 0.612 0.425 0.041 0.170
0 0.654 0.445 0.050 0.142
0 0.730 0.592 0.058 0.159
0 0.681 0.612 0.067 0.149
0 0.631 0.615 0.070 0.153
0 0.598 0.640 0.050 0.165
0 0.570 0.645 0.033 0.132
0 0.546 0.641 0.029 0.149
0 0.521 0.634 0.026 0.123
0 0.502 0.644 0.024 0.146
0 0.482 0.643 0.024 0.141
0 0.463 0.651 0.025 0.144
0 0.440 0.646 0.037 0.153
0 0.416 0.638 0.041 0.155
0 0.403 0.604 0.036 0.125
0 0.360 0.617 0.063 0.163
0 0.318 0.601 0.058 0.145
0 0.263 0.600 0.079 0.146
