0 0.310 0.374 0.042 0.150
0 0.360 0.383 0.050 0.171
0 0.396 0.401 0.035 0.169
0 0.444 0.409 0.034 0.217
0 0.468 0.441 0.030 0.161
0 0.495 0.432 0.030 0.182
0 0.527 0.438 0.034 0.182
0 0.554 0.425 0.035 0.192
0 0.583 0.404 0.032 0.218
0 0.604 0.414 0.031 0.194
0 0.627 0.382 0.039 0.136
0 0.667 0.394 0.045 0.176
0 0.712 0.381 0.047 0.163
0 0.701 0.595 0.057 0.127
0 0.644 0.602 0.083 0.180
0 0.602 0.606 0.053 0.167
0 0.584 0.620 0.037 0.160
0 0.561 0.643 0.031 0.193
0 0.535 0.618 0.021 0.154
0 0.520 0.619 0.023 0.167
0 0.498 0.615 0.021 0.153
0 0.480 0.614 0.020 0.149
0 0.457 0.621 0.033 0.174
0 0.434 0.619 0.038 0.186
0 0.412 0.606 0.050 0.179
0 0.371 0.586 0.082 0.198
0 0.333 0.565 0.063 0.182
