0 0.304 0.465 0.042 0.154
0 0.336 0.426 0.042 0.094
0 0.381 0.451 0.039 0.153
0 0.409 0.447 0.039 0.147
0 0.428 0.429 0.034 0.167
0 0.457 0.427 0.025 0.131
0 0.482 0.431 0.023 0.139
0 0.510 0.447 0.026 0.149
0 0.535 0.442 0.025 0.128
0 0.564 0.435 0.036 0.151
0 0.592 0.417 0.041 0.111
0 0.690 0.417 0.037 0.121
0 0.722 0.576 0.066 0.138
0 0.592 0.685 0.030 0.127
0 0.562 0.646 0.031 0.146
0 0.542 0.634 0.032 0.139
0 0.523 0.623 0.029 0.125
0 0.506 0.617 0.023 0.116
0 0.492 0.622 0.019 0.123
0 0.476 0.610 0.025 0.119
0 0.455 0.685 0.023 0.127
0 0.428 0.684 0.034 0.113
