0 0.161 0.486 0.058 0.124
0 0.207 0.527 0.049 0.186
0 0.257 0.529 0.053 0.173
0 0.299 0.516 0.043 0.192
0 0.333 0.510 0.055 0.175
0 0.364 0.482 0.055 0.187
0 0.411 0.482 0.051 0.185
0 0.462 0.471 0.059 0.196
0 0.520 0.475 0.052 0.193
0 0.574 0.466 0.046 0.193
0 0.629 0.469 0.047 0.205
0 0.666 0.492 0.048 0.181
0 0.706 0.503 0.042 0.187
0 0.751 0.518 0.054 0.184
0 0.805 0.507 0.053 0.183
0 0.823 0.678 0.059 0.115
0 0.775 0.702 0.063 0.183
0 0.716 0.708 0.072 0.171
0 0.665 0.712 0.057 0.194
0 0.619 0.700 0.038 0.199
0 0.577 0.709 0.045 0.220
0 0.539 0.682 0.040 0.185
0 0.510 0.677 0.039 0.164
0 0.479 0.669 0.042 0.156
0 0.452 0.690 0.038 0.167
0 0.416 0.701 0.039 0.195
0 0.376 0.713 0.041 0.200
0 0.340 0.723 0.039 0.193
0 0.289 0.725 0.067 0.190
0 0.230 0.716 0.064 0.179
0 0.176 0.696 0.068 0.131
