0 0.289 0.390 0.052 0.171
0 0.332 0.359 0.045 0.155
0 0.371 0.396 0.045 0.189
0 0.399 0.400 0.042 0.188
0 0.423 0.390 0.042 0.222
0 0.455 0.410 0.033 0.176
0 0.479 0.411 0.033 0.192
0 0.513 0.416 0.031 0.170
0 0.540 0.415 0.033 0.167
0 0.574 0.392 0.038 0.212
0 0.599 0.402 0.048 0.185
0 0.630 0.414 0.043 0.169
0 0.674 0.373 0.048 0.126
0 0.728 0.389 0.045 0.151
0 0.700 0.586 0.078 0.184
0 0.605 0.617 0.041 0.184
0 0.574 0.603 0.032 0.167
0 0.548 0.622 0.029 0.190
0 0.523 0.610 0.025 0.178
0 0.504 0.621 0.026 0.169
0 0.486 0.612 0.023 0.157
0 0.465 0.611 0.026 0.169
0 0.439 0.625 0.030 0.200
0 0.412 0.622 0.031 0.198
0 0.383 0.612 0.047 0.193
0 0.331 0.597 0.060 0.149
0 0.290 0.586 0.087 0.193
