0 0.338 0.413 0.034 0.112
0 0.374 0.449 0.036 0.149
0 0.401 0.443 0.041 0.168
0 0.433 0.444 0.035 0.169
0 0.470 0.434 0.037 0.174
0 0.507 0.436 0.037 0.172
0 0.545 0.445 0.041 0.164
0 0.587 0.432 0.055 0.207
0 0.607 0.448 0.049 0.176
0 0.642 0.462 0.038 0.165
0 0.716 0.614 0.084 0.158
0 0.661 0.631 0.095 0.163
0 0.609 0.638 0.054 0.139
0 0.576 0.642 0.045 0.141
0 0.544 0.635 0.043 0.153
0 0.517 0.622 0.031 0.137
0 0.484 0.648 0.027 0.064
0 0.470 0.610 0.028 0.112
0 0.447 0.615 0.028 0.120
0 0.418 0.638 0.041 0.163
0 0.386 0.661 0.033 0.083
0 0.352 0.654 0.036 0.110
0 0.308 0.654 0.055 0.120
0 0.259 0.614 0.053 0.089
