0 0.269 0.430 0.044 0.157
0 0.304 0.468 0.043 0.148
0 0.346 0.479 0.045 0.149
0 0.381 0.490 0.033 0.148
0 0.410 0.478 0.041 0.178
0 0.434 0.470 0.030 0.179
0 0.464 0.481 0.024 0.155
0 0.493 0.485 0.034 0.163
0 0.524 0.477 0.033 0.164
0 0.553 0.475 0.027 0.150
0 0.582 0.466 0.032 0.177
0 0.608 0.472 0.044 0.169
0 0.637 0.478 0.041 0.149
0 0.672 0.464 0.048 0.158
0 0.716 0.458 0.046 0.150
0 0.752 0.446 0.041 0.132
0 0.757 0.578 0.063 0.133
0 0.712 0.607 0.063 0.144
0 0.668 0.636 0.072 0.168
0 0.630 0.638 0.044 0.153
0 0.599 0.633 0.031 0.149
0 0.574 0.643 0.030 0.154
0 0.547 0.640 0.024 0.144
0 0.528 0.634 0.027 0.124
0 0.506 0.634 0.023 0.125
0 0.486 0.648 0.024 0.149
0 0.461 0.647 0.028 0.151
0 0.436 0.648 0.029 0.161
0 0.409 0.654 0.041 0.160
0 0.367 0.645 0.072 0.167
0 0.317 0.622 0.066 0.143
0 0.274 0.590 0.060 0.135
