0 0.249 0.484 0.056 0.130
0 0.285 0.507 0.048 0.141
0 0.327 0.507 0.047 0.138
0 0.362 0.509 0.037 0.137
0 0.390 0.504 0.032 0.159
0 0.414 0.497 0.041 0.181
0 0.446 0.517 0.030 0.142
0 0.472 0.506 0.038 0.169
0 0.511 0.503 0.034 0.175
0 0.542 0.507 0.029 0.161
0 0.575 0.500 0.039 0.173
0 0.604 0.507 0.047 0.153
0 0.630 0.502 0.040 0.155
0 0.666 0.499 0.050 0.162
0 0.711 0.500 0.043 0.161
0 0.746 0.487 0.052 0.141
0 0.726 0.663 0.082 0.146
0 0.675 0.690 0.079 0.171
0 0.631 0.694 0.052 0.158
0 0.594 0.696 0.036 0.167
0 0.567 0.698 0.038 0.190
0 0.536 0.686 0.025 0.161
0 0.514 0.676 0.029 0.142
0 0.491 0.681 0.028 0.155
0 0.471 0.678 0.031 0.148
0 0.444 0.696 0.030 0.186
0 0.413 0.699 0.033 0.167
0 0.382 0.695 0.038 0.169
0 0.342 0.696 0.074 0.177
0 0.295 0.674 0.063 0.160
