0 0.236 0.472 0.058 0.181
0 0.276 0.477 0.041 0.170
0 0.325 0.456 0.039 0.111
0 0.361 0.483 0.045 0.177
0 0.390 0.476 0.043 0.163
0 0.414 0.468 0.046 0.218
0 0.445 0.475 0.030 0.165
0 0.477 0.481 0.036 0.175
0 0.515 0.478 0.040 0.174
0 0.548 0.480 0.033 0.163
0 0.579 0.464 0.041 0.191
0 0.605 0.457 0.042 0.172
0 0.643 0.471 0.039 0.175
0 0.684 0.472 0.057 0.160
0 0.738 0.463 0.050 0.177
0 0.781 0.463 0.063 0.165
0 0.763 0.640 0.053 0.151
0 0.714 0.647 0.079 0.160
0 0.655 0.672 0.080 0.167
0 0.606 0.679 0.053 0.176
0 0.574 0.682 0.036 0.176
0 0.544 0.680 0.032 0.189
0 0.521 0.669 0.037 0.157
0 0.504 0.655 0.024 0.136
0 0.482 0.655 0.031 0.157
0 0.461 0.662 0.024 0.154
0 0.436 0.682 0.029 0.179
0 0.412 0.689 0.035 0.179
0 0.382 0.686 0.047 0.173
0 0.337 0.678 0.075 0.171
0 0.283 0.681 0.077 0.177
0 0.234 0.664 0.059 0.148
