0 0.296 0.448 0.047 0.169
0 0.342 0.462 0.051 0.167
0 0.390 0.471 0.035 0.179
0 0.422 0.482 0.040 0.175
0 0.448 0.468 0.033 0.217
0 0.475 0.500 0.031 0.159
0 0.498 0.505 0.032 0.184
0 0.532 0.512 0.035 0.188
0 0.560 0.513 0.025 0.172
0 0.589 0.504 0.030 0.181
0 0.612 0.507 0.039 0.182
0 0.638 0.501 0.031 0.186
0 0.673 0.496 0.044 0.184
0 0.713 0.494 0.041 0.165
0 0.734 0.660 0.085 0.137
0 0.648 0.718 0.075 0.175
0 0.607 0.728 0.047 0.182
0 0.583 0.729 0.030 0.166
0 0.551 0.726 0.036 0.191
0 0.532 0.706 0.033 0.171
0 0.511 0.694 0.031 0.154
0 0.493 0.692 0.027 0.153
0 0.476 0.693 0.024 0.157
0 0.452 0.700 0.029 0.178
0 0.425 0.700 0.040 0.181
0 0.399 0.687 0.055 0.163
0 0.357 0.680 0.084 0.190
0 0.307 0.646 0.073 0.169
0 0.263 0.623 0.053 0.149
