0 0.293 0.533 0.065 0.157
0 0.353 0.528 0.057 0.175
0 0.384 0.518 0.057 0.186
0 0.412 0.496 0.063 0.182
0 0.432 0.461 0.048 0.235
0 0.469 0.472 0.026 0.195
0 0.500 0.472 0.034 0.189
0 0.535 0.480 0.033 0.188
0 0.565 0.475 0.024 0.186
0 0.600 0.454 0.040 0.242
0 0.626 0.500 0.062 0.166
0 0.655 0.504 0.052 0.177
0 0.693 0.520 0.059 0.159
0 0.740 0.524 0.050 0.156
0 0.730 0.701 0.074 0.168
0 0.677 0.719 0.079 0.159
0 0.627 0.706 0.040 0.178
0 0.597 0.688 0.030 0.172
0 0.572 0.687 0.033 0.211
0 0.551 0.672 0.027 0.183
0 0.527 0.662 0.027 0.160
0 0.505 0.667 0.026 0.165
0 0.486 0.667 0.031 0.170
0 0.463 0.694 0.031 0.229
0 0.437 0.691 0.044 0.180
0 0.405 0.700 0.040 0.192
0 0.316 0.714 0.079 0.176
0 0.264 0.691 0.064 0.162
