0 0.289 0.464 0.048 0.165
0 0.328 0.459 0.051 0.173
0 0.376 0.442 0.036 0.159
0 0.408 0.446 0.039 0.170
0 0.429 0.440 0.034 0.184
0 0.457 0.429 0.031 0.171
0 0.484 0.432 0.036 0.180
0 0.519 0.442 0.034 0.162
0 0.549 0.444 0.034 0.167
0 0.574 0.442 0.041 0.187
0 0.598 0.457 0.045 0.171
0 0.629 0.455 0.038 0.165
0 0.667 0.469 0.060 0.154
0 0.712 0.465 0.049 0.170
0 0.746 0.603 0.063 0.153
0 0.698 0.627 0.068 0.152
0 0.654 0.650 0.075 0.182
0 0.613 0.657 0.026 0.113
0 0.585 0.643 0.035 0.186
0 0.559 0.638 0.034 0.190
0 0.531 0.628 0.024 0.181
0 0.510 0.626 0.027 0.167
0 0.491 0.623 0.029 0.161
0 0.471 0.635 0.042 0.171
0 0.446 0.645 0.031 0.187
0 0.417 0.646 0.036 0.175
0 0.386 0.653 0.044 0.175
0 0.342 0.658 0.073 0.180
0 0.293 0.636 0.067 0.148
