0 0.263 0.515 0.039 0.137
0 0.293 0.508 0.061 0.153
0 0.338 0.476 0.067 0.155
0 0.376 0.451 0.047 0.153
0 0.405 0.435 0.042 0.140
0 0.424 0.426 0.030 0.186
0 0.454 0.432 0.028 0.169
0 0.489 0.431 0.035 0.177
0 0.527 0.430 0.038 0.183
0 0.560 0.439 0.029 0.155
0 0.592 0.442 0.036 0.172
0 0.613 0.453 0.040 0.151
0 0.643 0.467 0.042 0.164
0 0.674 0.500 0.059 0.159
0 0.716 0.516 0.047 0.154
0 0.746 0.521 0.032 0.142
0 0.708 0.701 0.063 0.155
0 0.659 0.707 0.063 0.183
0 0.616 0.686 0.039 0.178
0 0.588 0.657 0.033 0.164
0 0.558 0.631 0.034 0.151
0 0.534 0.616 0.030 0.139
0 0.510 0.615 0.025 0.139
0 0.490 0.615 0.024 0.135
0 0.470 0.606 0.023 0.128
0 0.444 0.635 0.029 0.182
0 0.410 0.648 0.034 0.177
0 0.380 0.657 0.036 0.163
0 0.339 0.673 0.057 0.191
0 0.295 0.677 0.063 0.163
