0 0.258 0.444 0.043 0.164
0 0.299 0.453 0.051 0.164
0 0.362 0.441 0.037 0.180
0 0.391 0.446 0.038 0.175
0 0.419 0.440 0.038 0.193
0 0.450 0.445 0.036 0.202
0 0.479 0.454 0.033 0.203
0 0.513 0.448 0.037 0.219
0 0.539 0.443 0.032 0.203
0 0.570 0.434 0.045 0.225
0 0.595 0.452 0.056 0.194
0 0.625 0.457 0.046 0.185
0 0.676 0.462 0.068 0.172
0 0.720 0.474 0.051 0.146
0 0.761 0.451 0.056 0.142
0 0.767 0.646 0.067 0.164
0 0.713 0.656 0.074 0.149
0 0.661 0.684 0.083 0.191
0 0.612 0.684 0.048 0.187
0 0.587 0.674 0.034 0.168
0 0.558 0.678 0.037 0.176
0 0.528 0.661 0.044 0.153
0 0.514 0.647 0.032 0.152
0 0.498 0.650 0.024 0.148
0 0.478 0.660 0.028 0.173
0 0.446 0.680 0.047 0.192
0 0.427 0.660 0.033 0.158
0 0.396 0.685 0.043 0.211
0 0.354 0.671 0.072 0.195
0 0.299 0.647 0.075 0.173
0 0.255 0.624 0.054 0.140
