0 0.257 0.344 0.043 0.163
0 0.295 0.378 0.050 0.186
0 0.349 0.401 0.037 0.173
0 0.380 0.413 0.042 0.183
0 0.412 0.417 0.036 0.192
0 0.443 0.411 0.034 0.178
0 0.478 0.406 0.034 0.209
0 0.514 0.411 0.037 0.197
0 0.547 0.399 0.034 0.183
0 0.581 0.410 0.040 0.210
0 0.610 0.407 0.050 0.213
0 0.641 0.419 0.049 0.188
0 0.681 0.413 0.050 0.181
0 0.723 0.393 0.052 0.169
0 0.744 0.284 0.055 0.129
0 0.727 0.571 0.085 0.150
0 0.672 0.612 0.078 0.178
0 0.615 0.629 0.040 0.193
0 0.581 0.616 0.037 0.173
0 0.553 0.613 0.039 0.172
0 0.529 0.611 0.033 0.165
0 0.509 0.611 0.025 0.162
0 0.492 0.606 0.023 0.169
0 0.472 0.609 0.028 0.160
0 0.446 0.615 0.031 0.185
0 0.420 0.615 0.035 0.165
0 0.385 0.626 0.035 0.150
0 0.337 0.607 0.059 0.156
0 0.294 0.588 0.059 0.157
0 0.246 0.517 0.075 0.160
