0 0.272 0.382 0.046 0.152
0 0.312 0.395 0.045 0.164
0 0.357 0.387 0.046 0.152
0 0.391 0.381 0.038 0.150
0 0.425 0.365 0.032 0.210
0 0.462 0.380 0.042 0.184
0 0.484 0.402 0.033 0.158
0 0.512 0.402 0.032 0.164
0 0.544 0.388 0.028 0.163
0 0.581 0.378 0.051 0.202
0 0.608 0.379 0.039 0.169
0 0.639 0.391 0.039 0.160
0 0.677 0.387 0.055 0.148
0 0.722 0.387 0.051 0.155
0 0.746 0.532 0.077 0.142
0 0.699 0.573 0.074 0.173
0 0.652 0.574 0.060 0.163
0 0.611 0.596 0.047 0.164
0 0.579 0.589 0.031 0.158
0 0.551 0.574 0.030 0.176
0 0.525 0.573 0.026 0.156
0 0.506 0.570 0.023 0.154
0 0.489 0.567 0.026 0.155
0 0.471 0.572 0.030 0.171
0 0.444 0.577 0.030 0.183
0 0.415 0.587 0.029 0.160
0 0.384 0.597 0.031 0.171
0 0.340 0.596 0.074 0.188
0 0.294 0.557 0.082 0.159
