0 0.239 0.466 0.047 0.168
0 0.280 0.459 0.054 0.178
0 0.323 0.447 0.060 0.175
0 0.364 0.437 0.046 0.184
0 0.391 0.427 0.048 0.193
0 0.415 0.401 0.049 0.225
0 0.453 0.415 0.037 0.173
0 0.483 0.404 0.035 0.177
0 0.520 0.406 0.029 0.162
0 0.549 0.416 0.032 0.157
0 0.586 0.409 0.050 0.197
0 0.611 0.421 0.048 0.202
0 0.637 0.435 0.050 0.184
0 0.676 0.447 0.058 0.184
0 0.722 0.463 0.055 0.167
0 0.768 0.468 0.047 0.161
0 0.757 0.645 0.057 0.161
0 0.700 0.647 0.055 0.180
0 0.648 0.639 0.058 0.196
0 0.611 0.643 0.038 0.217
0 0.585 0.621 0.033 0.193
0 0.554 0.614 0.033 0.208
0 0.530 0.595 0.027 0.176
0 0.513 0.591 0.025 0.169
0 0.495 0.591 0.023 0.154
0 0.478 0.597 0.024 0.179
0 0.453 0.620 0.028 0.206
0 0.425 0.625 0.033 0.206
0 0.398 0.635 0.038 0.197
0 0.357 0.644 0.067 0.195
0 0.310 0.649 0.052 0.180
0 0.257 0.639 0.057 0.158
