0 0.307 0.451 0.043 0.163
0 0.349 0.449 0.049 0.180
0 0.393 0.481 0.042 0.172
0 0.423 0.477 0.035 0.182
0 0.451 0.477 0.028 0.173
0 0.476 0.481 0.033 0.162
0 0.509 0.486 0.033 0.163
0 0.538 0.480 0.030 0.147
0 0.565 0.461 0.033 0.180
0 0.655 0.436 0.047 0.184
0 0.699 0.435 0.034 0.167
0 0.726 0.635 0.059 0.125
0 0.658 0.652 0.082 0.184
0 0.613 0.629 0.043 0.170
0 0.587 0.653 0.036 0.178
0 0.557 0.654 0.037 0.177
0 0.536 0.649 0.022 0.156
0 0.517 0.653 0.022 0.141
0 0.500 0.648 0.027 0.154
0 0.483 0.650 0.028 0.135
0 0.460 0.658 0.027 0.174
0 0.435 0.661 0.034 0.176
0 0.411 0.661 0.041 0.173
0 0.368 0.662 0.082 0.209
0 0.309 0.625 0.081 0.165
