0 0.215 0.433 0.046 0.169
0 0.258 0.449 0.050 0.171
0 0.306 0.453 0.057 0.171
0 0.349 0.473 0.038 0.143
0 0.379 0.462 0.040 0.161
0 0.405 0.436 0.042 0.226
0 0.440 0.474 0.030 0.153
0 0.470 0.470 0.040 0.169
0 0.509 0.466 0.035 0.170
0 0.536 0.462 0.033 0.141
0 0.579 0.435 0.047 0.216
0 0.607 0.473 0.042 0.147
0 0.645 0.476 0.042 0.141
0 0.688 0.459 0.061 0.183
0 0.736 0.461 0.050 0.168
0 0.787 0.455 0.048 0.166
0 0.798 0.616 0.075 0.158
0 0.738 0.651 0.063 0.186
0 0.678 0.663 0.075 0.198
0 0.629 0.652 0.053 0.184
0 0.597 0.653 0.045 0.191
0 0.566 0.654 0.045 0.172
0 0.530 0.640 0.023 0.137
0 0.504 0.641 0.023 0.116
0 0.479 0.639 0.022 0.123
0 0.455 0.633 0.023 0.125
0 0.421 0.674 0.047 0.216
0 0.393 0.645 0.036 0.176
0 0.365 0.641 0.036 0.181
0 0.320 0.638 0.070 0.191
0 0.267 0.644 0.068 0.199
0 0.206 0.612 0.081 0.150
