0 0.230 0.426 0.061 0.141
0 0.264 0.451 0.052 0.157
0 0.313 0.467 0.059 0.177
0 0.360 0.472 0.033 0.133
0 0.393 0.489 0.048 0.166
0 0.423 0.488 0.040 0.189
0 0.458 0.495 0.038 0.173
0 0.492 0.502 0.039 0.168
0 0.528 0.507 0.040 0.176
0 0.565 0.496 0.033 0.180
0 0.598 0.494 0.034 0.189
0 0.627 0.488 0.040 0.177
0 0.660 0.487 0.032 0.171
0 0.703 0.477 0.060 0.156
0 0.751 0.455 0.059 0.147
0 0.744 0.630 0.083 0.161
0 0.686 0.666 0.075 0.186
0 0.632 0.669 0.048 0.168
0 0.601 0.678 0.040 0.157
0 0.570 0.685 0.032 0.161
0 0.540 0.690 0.027 0.175
0 0.516 0.672 0.024 0.131
0 0.493 0.674 0.025 0.143
0 0.468 0.674 0.028 0.161
0 0.438 0.690 0.036 0.172
0 0.412 0.667 0.042 0.160
0 0.381 0.664 0.050 0.161
0 0.331 0.654 0.072 0.170
0 0.271 0.631 0.080 0.169
0 0.216 0.592 0.077 0.171
