0 0.240 0.349 0.047 0.105
0 0.278 0.410 0.050 0.177
0 0.325 0.407 0.054 0.177
0 0.375 0.401 0.042 0.162
0 0.409 0.393 0.050 0.172
0 0.432 0.379 0.039 0.192
0 0.463 0.376 0.028 0.164
0 0.494 0.383 0.034 0.186
0 0.528 0.384 0.035 0.178
0 0.558 0.373 0.027 0.178
0 0.585 0.380 0.036 0.190
0 0.616 0.398 0.048 0.165
0 0.645 0.413 0.036 0.161
0 0.685 0.426 0.055 0.174
0 0.732 0.423 0.045 0.189
0 0.722 0.632 0.072 0.156
0 0.628 0.621 0.045 0.170
0 0.595 0.619 0.037 0.189
0 0.562 0.615 0.029 0.223
0 0.538 0.581 0.031 0.174
0 0.519 0.577 0.027 0.176
0 0.498 0.571 0.023 0.160
0 0.478 0.577 0.029 0.165
0 0.437 0.601 0.060 0.162
0 0.396 0.615 0.042 0.186
0 0.347 0.632 0.067 0.197
0 0.285 0.626 0.070 0.185
0 0.453 0.589 0.029 0.184
