0 0.249 0.496 0.075 0.154
0 0.296 0.472 0.073 0.172
0 0.359 0.458 0.035 0.179
0 0.387 0.452 0.047 0.166
0 0.409 0.436 0.044 0.201
0 0.447 0.450 0.035 0.144
0 0.480 0.446 0.040 0.156
0 0.514 0.429 0.037 0.163
0 0.547 0.447 0.028 0.150
0 0.584 0.442 0.040 0.191
0 0.607 0.451 0.041 0.198
0 0.687 0.458 0.055 0.189
0 0.722 0.483 0.056 0.182
0 0.771 0.503 0.057 0.200
0 0.706 0.657 0.059 0.166
0 0.657 0.654 0.063 0.183
0 0.618 0.656 0.044 0.198
0 0.590 0.638 0.034 0.166
0 0.560 0.644 0.029 0.203
0 0.537 0.617 0.024 0.166
0 0.518 0.613 0.038 0.165
0 0.498 0.620 0.033 0.154
0 0.476 0.619 0.027 0.164
0 0.452 0.643 0.034 0.201
0 0.426 0.643 0.033 0.182
0 0.398 0.656 0.040 0.197
0 0.359 0.662 0.072 0.200
0 0.310 0.660 0.055 0.192
