0 0.305 0.450 0.042 0.179
0 0.349 0.460 0.050 0.185
0 0.380 0.472 0.034 0.173
0 0.404 0.471 0.028 0.171
0 0.428 0.465 0.030 0.193
0 0.458 0.480 0.030 0.164
0 0.487 0.470 0.036 0.179
0 0.517 0.466 0.037 0.185
0 0.547 0.472 0.027 0.160
0 0.580 0.457 0.041 0.183
0 0.603 0.462 0.034 0.166
0 0.630 0.456 0.040 0.174
0 0.660 0.442 0.051 0.183
0 0.707 0.438 0.048 0.177
0 0.695 0.615 0.075 0.150
0 0.614 0.642 0.052 0.175
0 0.583 0.641 0.034 0.169
0 0.564 0.656 0.050 0.197
0 0.534 0.657 0.028 0.174
0 0.514 0.656 0.031 0.158
0 0.494 0.652 0.033 0.152
0 0.472 0.654 0.028 0.167
0 0.442 0.666 0.032 0.191
0 0.418 0.662 0.030 0.173
0 0.393 0.661 0.039 0.184
0 0.320 0.640 0.058 0.172
