0 0.300 0.436 0.047 0.165
0 0.337 0.431 0.057 0.145
0 0.385 0.419 0.039 0.142
0 0.415 0.445 0.043 0.172
0 0.444 0.425 0.040 0.205
0 0.476 0.444 0.030 0.167
0 0.501 0.449 0.038 0.187
0 0.537 0.444 0.031 0.201
0 0.566 0.453 0.025 0.166
0 0.597 0.443 0.032 0.209
0 0.623 0.457 0.040 0.185
0 0.653 0.457 0.035 0.151
0 0.723 0.428 0.042 0.098
0 0.754 0.596 0.071 0.138
0 0.699 0.642 0.068 0.166
0 0.651 0.643 0.065 0.169
0 0.610 0.650 0.042 0.187
0 0.582 0.642 0.034 0.174
0 0.555 0.648 0.029 0.195
0 0.529 0.645 0.027 0.172
0 0.509 0.632 0.024 0.148
0 0.491 0.630 0.023 0.162
0 0.467 0.641 0.026 0.184
0 0.445 0.641 0.030 0.207
0 0.420 0.621 0.037 0.179
0 0.394 0.620 0.042 0.173
0 0.313 0.615 0.070 0.160
0 0.261 0.587 0.065 0.147
