0 0.248 0.352 0.051 0.184
0 0.296 0.379 0.053 0.182
0 0.338 0.341 0.032 0.127
0 0.363 0.352 0.033 0.142
0 0.396 0.367 0.039 0.234
0 0.436 0.393 0.035 0.191
0 0.480 0.380 0.050 0.222
0 0.530 0.388 0.047 0.213
0 0.574 0.388 0.039 0.199
0 0.618 0.376 0.042 0.214
0 0.650 0.345 0.027 0.144
0 0.679 0.382 0.031 0.193
0 0.717 0.369 0.051 0.186
0 0.763 0.350 0.050 0.174
0 0.786 0.518 0.064 0.163
0 0.755 0.588 0.062 0.136
0 0.702 0.595 0.070 0.135
0 0.654 0.600 0.054 0.195
0 0.618 0.606 0.051 0.193
0 0.585 0.595 0.047 0.199
0 0.544 0.586 0.042 0.167
0 0.516 0.579 0.038 0.149
0 0.488 0.572 0.039 0.138
0 0.457 0.583 0.039 0.170
0 0.422 0.602 0.038 0.210
0 0.386 0.593 0.036 0.165
0 0.350 0.604 0.047 0.202
0 0.295 0.614 0.079 0.173
0 0.253 0.564 0.084 0.176
0 0.592 0.465 0.816 0.222
