0 0.239 0.450 0.048 0.144
0 0.278 0.453 0.041 0.161
0 0.319 0.462 0.054 0.156
0 0.350 0.460 0.043 0.171
0 0.377 0.459 0.051 0.175
0 0.405 0.447 0.039 0.204
0 0.435 0.451 0.034 0.165
0 0.469 0.447 0.038 0.165
0 0.507 0.447 0.034 0.153
0 0.539 0.452 0.034 0.161
0 0.573 0.448 0.037 0.185
0 0.605 0.465 0.043 0.161
0 0.637 0.462 0.036 0.169
0 0.672 0.463 0.049 0.162
0 0.718 0.455 0.046 0.167
0 0.757 0.449 0.055 0.143
0 0.770 0.605 0.092 0.178
0 0.715 0.636 0.093 0.177
0 0.650 0.639 0.073 0.169
0 0.603 0.651 0.049 0.196
0 0.571 0.652 0.037 0.218
0 0.542 0.631 0.032 0.182
0 0.514 0.619 0.025 0.145
0 0.493 0.612 0.024 0.151
0 0.473 0.610 0.025 0.147
0 0.451 0.617 0.023 0.168
0 0.424 0.630 0.024 0.192
0 0.394 0.638 0.032 0.196
0 0.365 0.632 0.046 0.179
0 0.327 0.639 0.066 0.186
0 0.276 0.624 0.063 0.166
0 0.226 0.598 0.075 0.171
