0 0.306 0.450 0.045 0.166
0 0.351 0.454 0.049 0.172
0 0.386 0.446 0.046 0.179
0 0.424 0.449 0.038 0.186
0 0.456 0.455 0.038 0.178
0 0.485 0.457 0.034 0.172
0 0.519 0.459 0.033 0.172
0 0.548 0.460 0.037 0.167
0 0.579 0.444 0.040 0.188
0 0.610 0.459 0.040 0.158
0 0.645 0.459 0.051 0.154
0 0.694 0.468 0.048 0.166
0 0.745 0.631 0.067 0.127
0 0.689 0.648 0.070 0.165
0 0.642 0.672 0.059 0.151
0 0.593 0.662 0.049 0.172
0 0.566 0.665 0.027 0.199
0 0.544 0.644 0.027 0.150
0 0.522 0.639 0.020 0.159
0 0.503 0.635 0.027 0.155
0 0.480 0.651 0.037 0.170
0 0.457 0.652 0.031 0.178
0 0.426 0.658 0.049 0.179
0 0.378 0.655 0.066 0.182
0 0.328 0.642 0.060 0.165
0 0.273 0.636 0.071 0.151
