0 0.246 0.351 0.051 0.154
0 0.283 0.365 0.047 0.170
0 0.329 0.384 0.050 0.174
0 0.449 0.415 0.035 0.192
0 0.481 0.423 0.035 0.190
0 0.514 0.413 0.031 0.190
0 0.538 0.409 0.037 0.183
0 0.571 0.394 0.037 0.202
0 0.616 0.357 0.025 0.087
0 0.654 0.397 0.051 0.169
0 0.705 0.375 0.045 0.172
0 0.745 0.365 0.049 0.153
0 0.766 0.522 0.075 0.174
0 0.713 0.550 0.080 0.179
0 0.659 0.562 0.079 0.160
0 0.620 0.586 0.054 0.174
0 0.594 0.592 0.052 0.162
0 0.564 0.605 0.040 0.191
0 0.536 0.603 0.031 0.160
0 0.510 0.592 0.031 0.136
0 0.487 0.597 0.026 0.141
0 0.448 0.623 0.045 0.208
0 0.421 0.580 0.049 0.158
0 0.397 0.580 0.045 0.179
0 0.351 0.565 0.080 0.174
0 0.299 0.557 0.085 0.186
0 0.245 0.518 0.074 0.168
