0 0.318 0.452 0.048 0.180
0 0.357 0.450 0.041 0.204
0 0.388 0.440 0.044 0.226
0 0.416 0.437 0.040 0.238
0 0.449 0.463 0.033 0.171
0 0.487 0.458 0.038 0.191
0 0.524 0.448 0.036 0.202
0 0.560 0.453 0.039 0.174
0 0.595 0.425 0.040 0.236
0 0.624 0.441 0.042 0.212
0 0.658 0.466 0.041 0.171
0 0.691 0.445 0.044 0.179
0 0.745 0.433 0.049 0.171
0 0.775 0.411 0.069 0.140
0 0.783 0.580 0.071 0.138
0 0.734 0.622 0.076 0.159
0 0.683 0.653 0.078 0.192
0 0.632 0.664 0.052 0.189
0 0.597 0.652 0.037 0.182
0 0.568 0.657 0.038 0.195
0 0.539 0.646 0.025 0.166
0 0.515 0.648 0.026 0.168
0 0.491 0.643 0.028 0.156
0 0.469 0.647 0.033 0.158
0 0.436 0.667 0.032 0.194
0 0.407 0.655 0.035 0.171
0 0.376 0.671 0.045 0.202
0 0.325 0.656 0.077 0.202
0 0.267 0.623 0.080 0.188
0 0.222 0.606 0.055 0.157
