0 0.308 0.531 0.059 0.165
0 0.344 0.545 0.049 0.180
0 0.380 0.545 0.031 0.166
0 0.411 0.553 0.037 0.161
0 0.435 0.526 0.033 0.191
0 0.461 0.542 0.025 0.138
0 0.484 0.536 0.033 0.172
0 0.519 0.539 0.035 0.157
0 0.557 0.509 0.030 0.097
0 0.599 0.534 0.038 0.118
0 0.630 0.556 0.039 0.162
0 0.668 0.557 0.051 0.167
0 0.705 0.539 0.057 0.181
0 0.723 0.715 0.084 0.169
0 0.671 0.734 0.083 0.173
0 0.625 0.740 0.049 0.186
0 0.590 0.736 0.031 0.179
0 0.566 0.724 0.026 0.165
0 0.544 0.710 0.024 0.143
0 0.524 0.708 0.024 0.152
0 0.504 0.708 0.023 0.147
0 0.485 0.715 0.024 0.151
0 0.464 0.730 0.024 0.192
0 0.438 0.734 0.033 0.185
0 0.406 0.728 0.049 0.171
0 0.356 0.726 0.080 0.165
0 0.302 0.711 0.072 0.174
