0 0.296 0.447 0.051 0.187
0 0.338 0.454 0.074 0.191
0 0.385 0.433 0.046 0.178
0 0.415 0.426 0.046 0.176
0 0.440 0.407 0.033 0.209
0 0.468 0.414 0.028 0.178
0 0.494 0.418 0.034 0.177
0 0.526 0.417 0.037 0.179
0 0.552 0.419 0.022 0.183
0 0.581 0.412 0.039 0.197
0 0.604 0.413 0.042 0.187
0 0.634 0.427 0.036 0.173
0 0.679 0.434 0.061 0.169
0 0.724 0.446 0.055 0.180
0 0.754 0.627 0.067 0.195
0 0.702 0.640 0.068 0.189
0 0.647 0.626 0.060 0.180
0 0.604 0.621 0.040 0.185
0 0.578 0.608 0.034 0.166
0 0.557 0.602 0.030 0.172
0 0.535 0.603 0.025 0.183
0 0.517 0.607 0.027 0.174
0 0.498 0.606 0.025 0.163
0 0.481 0.620 0.027 0.189
0 0.461 0.624 0.030 0.199
0 0.437 0.625 0.030 0.199
0 0.412 0.628 0.040 0.191
0 0.373 0.643 0.056 0.186
0 0.318 0.655 0.063 0.185
0 0.260 0.622 0.078 0.177
