0 0.472653 0.487592 0.0923873 0.173038 0.204085
0 0.616223 0.67002 0.0986696 0.166331 0.212713
0 0.428677 0.576459 0.045085 0.334675 0.220454
0 0.349778 0.649229 0.141537 0.150235 0.228877
0 0.720251 0.491952 0.119734 0.157612 0.229037
0 0.580931 0.671697 0.0716925 0.149564 0.272364
0 0.431449 0.65996 0.0957132 0.158283 0.27416
0 0.313378 0.462777 0.0923873 0.158283 0.284097
0 0.304878 0.575453 0.0576497 0.321932 0.294174
0 0.580007 0.490275 0.0609756 0.170355 0.415212
0 0.288987 0.439638 0.0495196 0.156271 0.551704
0 0.54065 0.67438 0.0339985 0.165661 0.755021
0 0.497967 0.667002 0.0284553 0.153588 0.78943
0 0.556726 0.679745 0.0351072 0.171026 0.811717
0 0.477827 0.668679 0.0273466 0.158283 0.825339
0 0.278825 0.404762 0.0461936 0.105298 0.833035
0 0.518847 0.675386 0.0258684 0.154259 0.839764
0 0.429047 0.663649 0.0347376 0.150905 0.840388
0 0.725425 0.500335 0.052476 0.156942 0.841406
0 0.501293 0.49061 0.0365854 0.169685 0.842144
0 0.596822 0.494299 0.0347376 0.191818 0.847299
0 0.469882 0.487928 0.0328899 0.149564 0.852862
0 0.455469 0.678068 0.0388027 0.175721 0.855426
0 0.534183 0.491616 0.0328899 0.169014 0.856128
0 0.611604 0.657277 0.0406504 0.140845 0.856176
0 0.583149 0.669685 0.0332594 0.142857 0.860486
0 0.76663 0.476861 0.0402809 0.139504 0.860554
0 0.402254 0.650905 0.04102 0.141516 0.861682
0 0.562084 0.493964 0.0339985 0.173709 0.862034
0 0.346268 0.493293 0.0532151 0.171026 0.863141
0 0.300259 0.482562 0.0484109 0.148223 0.865864
0 0.677014 0.508048 0.0517369 0.160295 0.868247
0 0.437361 0.482227 0.0343681 0.183769 0.871627
0 0.704915 0.678068 0.0705839 0.150235 0.881591
0 0.310791 0.653253 0.0761271 0.144869 0.890257
