0 0.601594 0.416891 0.103448 0.194482 0.223949
0 0.484427 0.422611 0.121987 0.199192 0.243986
0 0.556359 0.416555 0.0915832 0.204576 0.254385
0 0.350204 0.416891 0.134594 0.189098 0.257224
0 0.408788 0.64502 0.083426 0.195828 0.268512
0 0.677234 0.422947 0.112347 0.187752 0.298212
0 0.608825 0.649731 0.097145 0.194482 0.342097
0 0.416203 0.415882 0.0923248 0.191117 0.358658
0 0.4835 0.637281 0.0600667 0.176312 0.369695
0 0.278643 0.406124 0.103448 0.19179 0.405991
0 0.516871 0.636945 0.028921 0.194482 0.752015
0 0.577679 0.651077 0.0378198 0.205249 0.800798
0 0.348535 0.420929 0.0363367 0.178331 0.81856
0 0.604375 0.409489 0.0452354 0.211978 0.822422
0 0.406748 0.643338 0.0363367 0.216689 0.828963
0 0.466259 0.638627 0.0329996 0.187079 0.829184
0 0.441602 0.419919 0.0444939 0.193809 0.829493
0 0.493511 0.639637 0.0274379 0.16891 0.829785
0 0.545792 0.645357 0.0318873 0.191117 0.83289
0 0.379681 0.427995 0.0400445 0.17362 0.8343
0 0.407304 0.410161 0.0411568 0.210633 0.845311
0 0.484427 0.424966 0.04264 0.210633 0.846391
0 0.378198 0.6393 0.0430108 0.20323 0.847419
0 0.667594 0.422947 0.0418984 0.19179 0.848566
0 0.528365 0.42362 0.0452354 0.207941 0.848726
0 0.43604 0.649731 0.0355951 0.216016 0.849826
0 0.565443 0.419583 0.0407861 0.19179 0.850254
0 0.640897 0.648721 0.0456062 0.197847 0.857291
0 0.63515 0.421938 0.0400445 0.195155 0.859512
0 0.605488 0.65074 0.0415276 0.20996 0.860073
0 0.762885 0.396703 0.0537634 0.207941 0.863956
0 0.710419 0.41218 0.0496848 0.201211 0.866409
0 0.256211 0.394011 0.0489433 0.216016 0.871416
0 0.23007 0.581427 0.054505 0.149394 0.877085
0 0.746199 0.613728 0.0789766 0.183042 0.885999
0 0.307379 0.420929 0.0526511 0.189098 0.888162
0 0.330367 0.631898 0.0734149 0.197847 0.888388
0 0.693734 0.644347 0.0860215 0.199865 0.892378
0 0.797924 0.591857 0.0704486 0.159489 0.895536
0 0.274194 0.612046 0.0708194 0.181023 0.897322
