0 0.339829 0.684175 0.150334 0.137374 0.20508
0 0.571641 0.677441 0.0734967 0.162963 0.241946
0 0.542131 0.670034 0.0708983 0.162963 0.24703
0 0.468077 0.648485 0.0564217 0.156229 0.25019
0 0.547884 0.488889 0.0772086 0.149495 0.252819
0 0.424462 0.492929 0.0820341 0.153535 0.266511
0 0.500186 0.645455 0.0538233 0.151515 0.298582
0 0.305865 0.532323 0.0712695 0.177104 0.300849
0 0.599295 0.518855 0.0783222 0.155556 0.311876
0 0.644766 0.522896 0.0876021 0.121886 0.371493
0 0.629733 0.706397 0.0894581 0.145455 0.418691
0 0.401076 0.506734 0.0352635 0.151515 0.746673
0 0.522457 0.655892 0.0233853 0.161616 0.790629
0 0.545471 0.674074 0.0308092 0.180471 0.791967
0 0.484967 0.648822 0.0226429 0.148822 0.792759
0 0.502784 0.650168 0.0241277 0.148822 0.802655
0 0.672977 0.519192 0.0579065 0.111785 0.812247
0 0.645323 0.716835 0.0553081 0.101684 0.813362
0 0.625464 0.541077 0.0400891 0.152862 0.813906
0 0.465664 0.652525 0.0256125 0.158923 0.814756
0 0.704157 0.53468 0.043801 0.123906 0.822753
0 0.601893 0.694276 0.0419451 0.179125 0.823172
0 0.597439 0.516498 0.0360059 0.16835 0.823251
0 0.574053 0.687205 0.0337788 0.177104 0.828566
0 0.368411 0.513805 0.049369 0.165657 0.835223
0 0.293244 0.513468 0.0386043 0.138047 0.836335
0 0.541574 0.485185 0.0311804 0.154209 0.837995
0 0.335189 0.53064 0.0601336 0.16835 0.843183
0 0.569599 0.490572 0.0389755 0.163636 0.845045
0 0.440794 0.665657 0.0345212 0.181145 0.848212
0 0.457127 0.480808 0.0300668 0.150842 0.848398
0 0.51559 0.478451 0.0319228 0.146128 0.850831
0 0.429659 0.480808 0.0352635 0.172391 0.852674
0 0.485152 0.477778 0.0326652 0.154209 0.857411
0 0.291203 0.689562 0.05902 0.121212 0.859888
0 0.702858 0.716162 0.0597624 0.119192 0.862814
0 0.414811 0.663636 0.0330364 0.169024 0.86725
0 0.389013 0.669024 0.0408315 0.16633 0.872075
