0 0.597822 0.509791 0.04355 0.405132 0.21464
0 0.505114 0.636394 0.0673045 0.16948 0.217003
0 0.405147 0.648886 0.113494 0.18501 0.238345
0 0.705873 0.487846 0.0623557 0.361242 0.25549
0 0.611514 0.64686 0.135599 0.179608 0.259213
0 0.661663 0.417961 0.123062 0.174207 0.263297
0 0.5419 0.420662 0.0702738 0.191762 0.283545
0 0.363576 0.421337 0.102276 0.176907 0.301982
0 0.542725 0.64551 0.0580666 0.182309 0.325323
0 0.373474 0.572924 0.0475091 0.350439 0.346444
0 0.400858 0.419986 0.0343121 0.199865 0.749951
0 0.589079 0.431465 0.0399208 0.180959 0.755439
0 0.458924 0.435517 0.030353 0.18501 0.773045
0 0.276641 0.606009 0.069614 0.115463 0.789382
0 0.512702 0.640108 0.021775 0.178258 0.796902
0 0.567304 0.416948 0.0372814 0.205942 0.797797
0 0.661498 0.404456 0.0481689 0.160702 0.804247
0 0.514517 0.426063 0.0372814 0.198515 0.811273
0 0.372649 0.423363 0.0313428 0.156651 0.819185
0 0.540086 0.413572 0.0323326 0.20054 0.821145
0 0.535302 0.648211 0.0280435 0.207968 0.823129
0 0.620257 0.425051 0.0343121 0.178933 0.828352
0 0.493731 0.635719 0.0227648 0.180284 0.828798
0 0.698284 0.596219 0.0821511 0.159352 0.829391
0 0.432695 0.426401 0.0366216 0.203241 0.832345
0 0.448202 0.641121 0.0326625 0.178933 0.840739
0 0.471462 0.642134 0.0316727 0.180959 0.846617
0 0.560871 0.654288 0.0362917 0.194463 0.848688
0 0.73936 0.397029 0.0514682 0.171506 0.849613
0 0.596008 0.652937 0.047839 0.170155 0.852703
0 0.485813 0.435517 0.0313428 0.197164 0.857414
0 0.704883 0.413572 0.0491587 0.19919 0.860807
0 0.418674 0.650236 0.0395909 0.186361 0.867021
0 0.648301 0.632343 0.0831409 0.182984 0.873859
0 0.332728 0.41661 0.0498185 0.179608 0.882189
0 0.332069 0.608035 0.061036 0.161377 0.887462
0 0.371989 0.6553 0.069614 0.187036 0.889347
