0 0.586506 0.688802 0.0868762 0.158854 0.200824
0 0.503882 0.660156 0.0591497 0.144531 0.220274
0 0.394824 0.697266 0.10647 0.151042 0.228826
0 0.337153 0.55013 0.126433 0.164062 0.243522
0 0.537338 0.672526 0.0757856 0.157552 0.258645
0 0.470425 0.666667 0.0528651 0.157552 0.273686
0 0.440481 0.509115 0.0306839 0.169271 0.290798
0 0.50037 0.508464 0.0462107 0.138021 0.32352
0 0.402218 0.52832 0.0680222 0.162109 0.376775
0 0.565619 0.510091 0.0569316 0.147786 0.377332
0 0.584288 0.502279 0.0506469 0.134766 0.631367
0 0.544177 0.672526 0.0310536 0.157552 0.743521
0 0.490018 0.654622 0.0210721 0.145182 0.747413
0 0.474492 0.662435 0.0225508 0.159505 0.749012
0 0.522736 0.672526 0.0280961 0.161458 0.764144
0 0.542329 0.50293 0.0303142 0.154297 0.784515
0 0.567837 0.683919 0.0303142 0.181641 0.78693
0 0.507024 0.657878 0.0255083 0.163411 0.795304
0 0.42403 0.51888 0.0340111 0.167969 0.803959
0 0.453789 0.669271 0.0292052 0.167969 0.819397
0 0.453235 0.505859 0.0325323 0.158854 0.821679
0 0.479852 0.495443 0.0377079 0.166667 0.831923
0 0.427911 0.680664 0.0351201 0.173828 0.846382
0 0.513124 0.49056 0.031793 0.173828 0.852686
0 0.652865 0.536133 0.0510166 0.156901 0.857127
0 0.379113 0.530924 0.0402957 0.172526 0.864308
0 0.366543 0.716146 0.0491682 0.169271 0.865154
0 0.344917 0.540039 0.0487985 0.152995 0.877407
0 0.633087 0.71875 0.0661738 0.153646 0.88169
0 0.697227 0.541016 0.0465804 0.140625 0.886205
0 0.681701 0.711589 0.0672828 0.154948 0.88795
0 0.295564 0.575846 0.0595194 0.162109 0.890098
