7 0.731892 0.583659 0.0439763 0.0709635 0.231884
7 0.502217 0.509115 0.0546933 0.0807292 0.232053
7 0.485218 0.506836 0.0339985 0.0891927 0.242176
7 0.644309 0.597982 0.033629 0.0371094 0.25977
9 0.437546 0.518555 0.132299 0.111328 0.269462
0 0.523466 0.415365 0.0373245 0.104167 0.27911
7 0.304878 0.560547 0.0421286 0.0768229 0.326494
9 0.603474 0.512695 0.170732 0.094401 0.340402
0 0.478566 0.430339 0.0273466 0.0872396 0.343784
0 0.662047 0.426432 0.033629 0.105469 0.344063
0 0.7415 0.645182 0.0521064 0.0989583 0.356856
7 0.698448 0.527018 0.0354767 0.063151 0.357019
0 0.284922 0.492513 0.0650406 0.125651 0.360963
7 0.689024 0.605143 0.0365854 0.047526 0.382467
0 0.456948 0.41569 0.0269771 0.0813802 0.386035
0 0.328899 0.48763 0.0458241 0.102865 0.397467
0 0.700296 0.450521 0.0206948 0.09375 0.399436
7 0.351811 0.556641 0.0465632 0.0703125 0.406153
7 0.36881 0.64974 0.045085 0.0520833 0.409385
0 0.392831 0.426758 0.0325203 0.100911 0.412265
7 0.607724 0.593099 0.0210643 0.0325521 0.424346
3 0.488914 0.389974 0.561715 0.1875 0.431712
4 0.51663 0.584961 0.832225 0.611328 0.439682
0 0.519217 0.4375 0.0221729 0.111979 0.442549
7 0.313562 0.634766 0.0328899 0.0364583 0.456169
0 0.507761 0.43457 0.0199557 0.0996094 0.482211
0 0.604952 0.407552 0.0243902 0.0976562 0.497522
0 0.537324 0.404622 0.0214339 0.115234 0.539298
0 0.300813 0.482422 0.0332594 0.108073 0.544739
0 0.738729 0.606445 0.0591279 0.126953 0.607864
6 0.499076 0.247396 0.621951 0.329427 0.623924
0 0.534183 0.662109 0.0365854 0.175781 0.681887
0 0.46286 0.674479 0.0543237 0.171875 0.763178
0 0.521249 0.662435 0.0314117 0.163411 0.781241
0 0.560052 0.659505 0.033629 0.161458 0.803165
0 0.445491 0.689779 0.0424982 0.180339 0.810357
0 0.498891 0.664062 0.0443459 0.186198 0.81876
0 0.584072 0.657878 0.0388027 0.16862 0.821955
0 0.702328 0.653971 0.0646711 0.151693 0.82983
0 0.299335 0.688151 0.0687361 0.143229 0.838056
0 0.614006 0.662109 0.0461936 0.174479 0.839009
0 0.350517 0.704753 0.0764967 0.146484 0.846787
0 0.415743 0.704753 0.045085 0.182943 0.868926
0 0.653548 0.656901 0.0661493 0.169271 0.869857
0 0.265891 0.503906 0.0365854 0.164062 0.875327
