0 0.540059 0.712357 0.0541543 0.164754 0.283183
0 0.44362 0.527009 0.0289317 0.166779 0.346605
0 0.582159 0.723498 0.0775223 0.172181 0.375949
0 0.543583 0.516205 0.0790059 0.165429 0.397754
5 0.50204 0.743754 0.700668 0.309926 0.439682
0 0.467915 0.517556 0.0478487 0.165429 0.594093
4 0.519473 0.648886 0.844585 0.629305 0.670814
3 0.504637 0.470966 0.500371 0.184335 0.734631
6 0.503153 0.318704 0.536721 0.345712 0.746781
0 0.516506 0.524308 0.0374629 0.16813 0.77445
0 0.557678 0.721134 0.0307864 0.18501 0.776869
0 0.545438 0.525996 0.0359792 0.140446 0.782924
0 0.535237 0.718433 0.0237389 0.167454 0.7877
0 0.498145 0.714045 0.0259644 0.166779 0.788976
0 0.458086 0.739365 0.0289317 0.199865 0.790652
0 0.263909 0.48447 0.0456231 0.118163 0.795308
0 0.516135 0.711344 0.0263353 0.166779 0.800991
0 0.478672 0.717758 0.0270772 0.180959 0.802677
0 0.626484 0.521945 0.0363501 0.164754 0.813832
0 0.596625 0.516881 0.03227 0.16948 0.814965
0 0.485349 0.521607 0.0352374 0.172181 0.823767
0 0.402634 0.529372 0.0396884 0.170155 0.824819
0 0.43138 0.527009 0.0311573 0.164078 0.830563
0 0.583272 0.729912 0.0344955 0.18501 0.831712
0 0.406157 0.747468 0.0341246 0.178258 0.85046
0 0.432307 0.744092 0.0330119 0.172856 0.855921
0 0.455861 0.531735 0.0281899 0.155976 0.857941
0 0.608123 0.729237 0.0367211 0.176907 0.85948
0 0.374629 0.535787 0.037092 0.166779 0.865057
0 0.709755 0.523633 0.0471068 0.153275 0.865887
0 0.66339 0.527346 0.0530415 0.163403 0.867365
0 0.740542 0.465901 0.0500742 0.12424 0.868552
0 0.57066 0.513167 0.0315282 0.167454 0.869818
0 0.294881 0.53815 0.0452522 0.156651 0.870112
0 0.651521 0.727211 0.0827151 0.174207 0.874376
0 0.341803 0.546928 0.0530415 0.15395 0.877006
0 0.307493 0.732951 0.0867953 0.164078 0.882372
0 0.755935 0.686361 0.0756677 0.149223 0.883511
0 0.708086 0.709318 0.078635 0.158677 0.88431
0 0.358123 0.751182 0.0812315 0.181634 0.891874
0 0.250742 0.729912 0.0645401 0.143147 0.909712
