6 0.706709 0.501345 0.026768 0.0490921 0.219163
6 0.69729 0.546066 0.0178453 0.0309348 0.242942
6 0.301553 0.486214 0.026768 0.0457297 0.348796
6 0.308328 0.515467 0.0270985 0.0531271 0.429386
6 0.699273 0.53766 0.0270985 0.0396772 0.491867
6 0.362194 0.544048 0.0356907 0.0390047 0.521837
6 0.644085 0.562878 0.0350297 0.0430397 0.522795
6 0.666722 0.494956 0.0446134 0.0416947 0.534722
6 0.315433 0.5269 0.0221414 0.0423672 0.642981
6 0.345836 0.484196 0.0366821 0.0363147 0.672943
6 0.709518 0.485541 0.0231328 0.0376597 0.706711
3 0.513054 0.547411 0.850958 0.829859 0.724378
6 0.295935 0.466039 0.026768 0.0390047 0.740625
4 0.514375 0.638534 0.663252 0.400135 0.842382
2 0.50727 0.351379 0.483807 0.211836 0.896672
5 0.505618 0.183927 0.491738 0.367855 0.924258
