9 0.68422 0.573204 0.0129342 0.0194762 0.251982
6 0.371951 0.647079 0.0299335 0.0342512 0.252295
6 0.682003 0.567831 0.0365854 0.032908 0.392265
6 0.5449 0.531901 0.0107169 0.0228341 0.571405
9 0.747783 0.549698 0.0173688 0.0342512 0.689893
7 0.590724 0.713902 0.0151515 0.0846206 0.793437
9 0.617147 0.628274 0.0332594 0.0382807 0.802961
4 0.501293 0.708193 0.768293 0.324379 0.824185
3 0.470806 0.630625 0.941611 0.667562 0.851915
9 0.305617 0.651444 0.0465632 0.0537273 0.875048
5 0.503326 0.257555 0.645972 0.361988 0.89115
2 0.499446 0.416387 0.613082 0.212223 0.893293
9 0.25388 0.605104 0.0502587 0.0631296 0.930705
