6 0.629774 0.482539 0.0107527 0.0584285 0.492763
6 0.667964 0.577233 0.0307749 0.0342512 0.646061
9 0.728587 0.524177 0.0244716 0.0261921 0.656319
9 0.628105 0.576226 0.017056 0.0268637 0.672911
9 0.684093 0.525185 0.028921 0.02955 0.680657
6 0.325732 0.53593 0.0411568 0.0416387 0.749696
3 0.504264 0.597045 0.991472 0.711887 0.762987
6 0.314794 0.593015 0.0326288 0.02955 0.769803
9 0.709677 0.574882 0.0259548 0.02955 0.87134
5 0.504264 0.216588 0.672599 0.356615 0.876301
2 0.504635 0.371726 0.670375 0.207522 0.900692
4 0.499629 0.667226 0.861327 0.366017 0.909539
