6 0.550074 0.519476 0.0218034 0.047683 0.292718
6 0.523836 0.515447 0.0136733 0.0288784 0.308376
6 0.594974 0.528543 0.0214339 0.02955 0.352857
6 0.642646 0.594359 0.0332594 0.0335796 0.35701
6 0.616593 0.525856 0.0454545 0.0456682 0.490551
3 0.501663 0.572196 0.786031 0.754869 0.536577
6 0.632299 0.527535 0.0280857 0.0436535 0.610702
6 0.558758 0.525856 0.0192166 0.0496978 0.66633
6 0.603843 0.529214 0.0214339 0.02955 0.721443
5 0.495565 0.223304 0.404287 0.31632 0.861169
4 0.48337 0.645735 0.648189 0.406313 0.877379
2 0.501848 0.38818 0.402069 0.186702 0.878392
