8 0.400776 0.540039 0.114191 0.0878906 0.214097
8 0.578529 0.498372 0.0905395 0.0800781 0.219313
2 0.509978 0.326497 0.543976 0.154297 0.229382
7 0.349409 0.489583 0.00923873 0.0729167 0.295282
10 0.661493 0.464844 0.0110865 0.0338542 0.30786
10 0.604028 0.444661 0.00923873 0.0507812 0.320744
4 0.517554 0.653971 0.70473 0.367839 0.330022
7 0.485403 0.438802 0.0121951 0.0898438 0.334975
7 0.481153 0.432943 0.0133038 0.0768229 0.336369
10 0.539542 0.445638 0.0118256 0.0397135 0.352186
7 0.378788 0.45638 0.0184775 0.0794271 0.355965
7 0.675536 0.448893 0.037694 0.107422 0.357448
10 0.454545 0.432292 0.014782 0.0533854 0.358196
7 0.697339 0.495443 0.030303 0.10026 0.366607
7 0.313008 0.490885 0.0317812 0.0716146 0.403994
6 0.686438 0.605469 0.0343681 0.0481771 0.512175
7 0.735033 0.608398 0.030303 0.0761719 0.544054
7 0.514043 0.429036 0.0125647 0.114583 0.545741
6 0.309313 0.631185 0.0369549 0.0397135 0.546214
6 0.730968 0.581055 0.0487805 0.0865885 0.57085
6 0.362713 0.650391 0.0380636 0.0481771 0.579852
8 0.514782 0.514974 0.0273466 0.0820312 0.664308
7 0.698448 0.455404 0.0110865 0.0839844 0.67002
0 0.456948 0.416016 0.026238 0.10026 0.670775
7 0.344605 0.487956 0.018847 0.077474 0.671759
7 0.741685 0.652344 0.0266075 0.0703125 0.684981
0 0.393385 0.429362 0.0365854 0.10612 0.690168
7 0.297487 0.483073 0.0280857 0.0625 0.713374
0 0.657428 0.433919 0.030303 0.108724 0.722477
0 0.606984 0.40918 0.0240207 0.111328 0.736498
8 0.349963 0.558268 0.0458241 0.0761719 0.759816
0 0.536585 0.407227 0.0236511 0.102214 0.766656
2 0.513304 0.383464 0.586105 0.145833 0.783614
3 0.502587 0.59668 0.828529 0.705078 0.815484
8 0.699926 0.526042 0.0362158 0.0716146 0.828376
7 0.332594 0.491211 0.0354767 0.0813802 0.830717
8 0.484294 0.511393 0.0269771 0.0826823 0.8536
8 0.606245 0.504557 0.169623 0.106771 0.873659
5 0.506837 0.230469 0.592387 0.320312 0.877428
8 0.304139 0.556641 0.0413895 0.0768229 0.879562
8 0.424427 0.517578 0.086844 0.101562 0.886228
