0 0.412095 0.422327 0.0330469 0.190989 0.756198
0 0.508262 0.650639 0.02115 0.168796 0.773928
0 0.527594 0.651311 0.0234633 0.175521 0.781446
0 0.473067 0.648621 0.0241243 0.193006 0.795416
0 0.491738 0.64963 0.021811 0.170814 0.798028
0 0.553536 0.656019 0.031725 0.186281 0.801516
0 0.38384 0.413584 0.0340383 0.172159 0.80344
0 0.603272 0.436785 0.0360212 0.201076 0.810745
0 0.551553 0.43275 0.0310641 0.203766 0.812511
0 0.523463 0.437122 0.0337079 0.196369 0.820164
0 0.437872 0.408877 0.0343688 0.217888 0.827017
0 0.6654 0.425353 0.0518837 0.183591 0.833537
0 0.46811 0.431406 0.0360212 0.191661 0.835728
0 0.450264 0.64425 0.0294118 0.211163 0.839555
0 0.579643 0.658036 0.0330469 0.203766 0.840527
0 0.629709 0.430061 0.037343 0.190316 0.845225
0 0.344514 0.414257 0.0459352 0.172159 0.845551
0 0.30271 0.39341 0.0456048 0.190989 0.846358
0 0.492399 0.438467 0.0310641 0.197714 0.847912
0 0.424653 0.64425 0.032386 0.217888 0.850978
0 0.608724 0.648285 0.0423001 0.186954 0.85534
0 0.578652 0.431742 0.0350297 0.207128 0.857601
0 0.707204 0.418628 0.0495704 0.182246 0.864529
0 0.392432 0.64156 0.0492399 0.216543 0.869484
0 0.655155 0.639543 0.0763384 0.195024 0.880362
0 0.302545 0.589442 0.0644415 0.183591 0.881173
0 0.349967 0.626093 0.0760079 0.199059 0.889567
0 0.705882 0.609953 0.075347 0.193679 0.89253
