0 0.533814 0.610352 0.0365854 0.155599 0.705315
0 0.499261 0.602214 0.0266075 0.151042 0.705523
0 0.461567 0.41569 0.030303 0.184245 0.746857
0 0.513673 0.599935 0.0288248 0.149089 0.773614
0 0.482446 0.605794 0.0210643 0.155599 0.788284
0 0.461382 0.621094 0.033629 0.192708 0.795798
0 0.33592 0.60612 0.0554324 0.152344 0.808504
0 0.521803 0.416992 0.0325203 0.186849 0.817496
0 0.547487 0.408529 0.0284553 0.192057 0.819612
0 0.596268 0.404948 0.0328899 0.190104 0.825646
0 0.573725 0.402018 0.0306726 0.188151 0.831307
0 0.565595 0.635091 0.0476718 0.169922 0.833014
0 0.414265 0.639974 0.0569106 0.191406 0.834125
0 0.590909 0.626628 0.0502587 0.17513 0.844868
0 0.415373 0.416992 0.0369549 0.177734 0.851406
0 0.63119 0.410807 0.0443459 0.175781 0.85205
0 0.442166 0.405924 0.0424982 0.188151 0.854008
0 0.380451 0.416341 0.04915 0.172526 0.854789
0 0.490577 0.418945 0.0328899 0.179036 0.856185
0 0.672395 0.592448 0.0580192 0.157552 0.862924
0 0.669254 0.393555 0.0509978 0.184245 0.863794
0 0.379527 0.623047 0.0790835 0.175781 0.869646
0 0.3398 0.402344 0.0521064 0.179688 0.872704
0 0.632483 0.613281 0.0742794 0.179688 0.89509
