0 0.526374 0.667226 0.0274889 0.16857 0.780702
0 0.489785 0.663197 0.0226597 0.151108 0.794239
0 0.425706 0.679315 0.0289747 0.161854 0.794636
0 0.472511 0.663533 0.0245171 0.167898 0.799175
0 0.443536 0.461048 0.0289747 0.172599 0.801079
0 0.607541 0.472465 0.0390045 0.165883 0.808087
0 0.397103 0.465077 0.0319465 0.152451 0.815091
0 0.358655 0.469443 0.0523774 0.15178 0.819375
0 0.47084 0.472465 0.0293462 0.165883 0.82004
0 0.421434 0.461383 0.0293462 0.159839 0.822904
0 0.582095 0.467428 0.0289747 0.174614 0.824785
0 0.570022 0.691068 0.0286033 0.175957 0.824824
0 0.4961 0.478845 0.0338039 0.190732 0.827476
0 0.545691 0.673606 0.0267459 0.173271 0.827689
0 0.507987 0.663868 0.0234027 0.159167 0.829441
0 0.555163 0.477837 0.0300892 0.175285 0.829976
0 0.44948 0.669913 0.0274889 0.180658 0.831629
0 0.528046 0.474815 0.0338039 0.178643 0.831703
0 0.403046 0.676293 0.0349183 0.170584 0.836421
0 0.598254 0.702149 0.0338039 0.165883 0.836556
0 0.667905 0.478845 0.0468053 0.15178 0.836806
0 0.635958 0.472129 0.0364042 0.154466 0.855132
0 0.643202 0.711887 0.057578 0.130289 0.856583
0 0.311107 0.459369 0.0434621 0.163868 0.861704
0 0.694279 0.673942 0.0728083 0.172599 0.880802
0 0.711367 0.466756 0.0430906 0.166555 0.881007
0 0.362556 0.677972 0.064636 0.173942 0.883558
0 0.255944 0.676964 0.077266 0.153123 0.88662
0 0.315936 0.67092 0.0687221 0.179987 0.889492
