0 0.502953 0.652174 0.0218083 0.156126 0.668422
0 0.519764 0.657609 0.0227169 0.159091 0.685243
0 0.482508 0.657115 0.0199909 0.16996 0.712174
0 0.422081 0.464921 0.0290777 0.182806 0.729751
0 0.441845 0.448123 0.0258973 0.192688 0.740353
0 0.462744 0.669466 0.0231713 0.178854 0.743291
0 0.570423 0.424407 0.0304407 0.184783 0.766551
0 0.407996 0.477767 0.0327124 0.186759 0.768703
0 0.46388 0.452075 0.0208996 0.178854 0.773684
0 0.51204 0.446146 0.025443 0.192688 0.776089
0 0.559746 0.664526 0.0290777 0.198617 0.785589
0 0.531804 0.441206 0.0277147 0.168972 0.797266
0 0.589505 0.420949 0.0340754 0.158103 0.805603
0 0.540209 0.669466 0.0245343 0.200593 0.8075
0 0.440709 0.68083 0.0236256 0.166008 0.808063
0 0.484325 0.454051 0.0272603 0.182806 0.81518
0 0.555202 0.42836 0.028169 0.188735 0.819706
0 0.581781 0.666008 0.0368015 0.195652 0.850131
0 0.626079 0.413043 0.0472513 0.193676 0.856164
0 0.377783 0.501482 0.0395275 0.19664 0.859493
0 0.318037 0.450099 0.0408905 0.170949 0.865915
0 0.32667 0.647233 0.0717856 0.126482 0.872224
0 0.666515 0.593874 0.0763289 0.15415 0.877202
