0 0.338137 0.49349 0.0436068 0.110677 0.504515
0 0.355137 0.483724 0.0317812 0.0950521 0.644377
0 0.484848 0.442708 0.022912 0.0807292 0.687162
0 0.508684 0.443034 0.0203252 0.103516 0.715695
0 0.534553 0.656576 0.0314117 0.16862 0.732597
0 0.302846 0.480794 0.0447154 0.108724 0.762438
0 0.468958 0.673828 0.0473023 0.177083 0.775609
0 0.697709 0.452148 0.0354767 0.107422 0.778078
0 0.519217 0.657878 0.0347376 0.171224 0.785745
0 0.739468 0.619141 0.0583888 0.127604 0.797005
0 0.445491 0.676432 0.0402809 0.164062 0.819796
0 0.496305 0.660156 0.0443459 0.177083 0.82443
0 0.558019 0.655599 0.0317812 0.158854 0.838429
0 0.265891 0.503581 0.0351072 0.151693 0.849788
0 0.612713 0.659505 0.0436068 0.169271 0.85174
0 0.581486 0.652995 0.0358463 0.15625 0.85328
0 0.415188 0.704427 0.0447154 0.171875 0.858444
0 0.702513 0.661458 0.0731707 0.147135 0.859622
0 0.302106 0.683268 0.0772358 0.14388 0.881656
0 0.657428 0.659831 0.0643016 0.166016 0.889731
0 0.351256 0.703451 0.0809313 0.145182 0.889963
