0 0.496694 0.686202 0.0261157 0.172137 0.60283
0 0.544463 0.695244 0.0350413 0.178165 0.625675
0 0.508099 0.683188 0.0284298 0.174146 0.716967
0 0.53124 0.689216 0.0323967 0.179504 0.748144
0 0.412562 0.512726 0.0350413 0.180174 0.758862
0 0.478182 0.690891 0.0241322 0.177495 0.764486
0 0.275372 0.712324 0.0542149 0.115874 0.771331
0 0.593388 0.524782 0.0363636 0.168118 0.784579
0 0.437355 0.507033 0.0304132 0.183523 0.789232
0 0.569752 0.517749 0.0320661 0.159411 0.789341
0 0.570413 0.705291 0.031405 0.180844 0.796559
0 0.457355 0.71132 0.0267769 0.196919 0.801398
0 0.730909 0.728399 0.0495868 0.119893 0.810342
0 0.619174 0.528466 0.0370248 0.159411 0.817456
0 0.544628 0.513061 0.0287603 0.155392 0.81894
0 0.288099 0.476557 0.0380165 0.121232 0.823529
0 0.435041 0.716008 0.0297521 0.184863 0.827477
0 0.518678 0.511052 0.0310744 0.159411 0.828408
0 0.462975 0.512056 0.0254545 0.16142 0.829202
0 0.488264 0.510382 0.0290909 0.16209 0.83499
0 0.407603 0.725385 0.0330578 0.183523 0.839172
0 0.724628 0.480241 0.0436364 0.105827 0.840339
0 0.59686 0.713664 0.0347107 0.174816 0.845253
0 0.38595 0.531145 0.0360331 0.159411 0.857613
0 0.652727 0.539183 0.0479339 0.16209 0.861822
0 0.31405 0.544541 0.0370248 0.16075 0.862305
0 0.352397 0.535834 0.0476033 0.166109 0.86637
0 0.634545 0.715673 0.0538843 0.172137 0.870183
0 0.69438 0.543536 0.0413223 0.16276 0.87212
0 0.68281 0.717013 0.0604959 0.158741 0.873816
0 0.320661 0.726725 0.0687603 0.167448 0.886306
0 0.369091 0.731078 0.0598347 0.174816 0.901459
