0 0.487294 0.636333 0.0207921 0.147079 0.684105
0 0.526238 0.638348 0.0320132 0.153794 0.707202
0 0.423597 0.456682 0.0419142 0.178643 0.707902
0 0.523597 0.458026 0.0287129 0.173271 0.744753
0 0.54736 0.456011 0.0260726 0.170584 0.759929
0 0.39802 0.438214 0.0435644 0.148422 0.766547
0 0.621782 0.443922 0.0429043 0.182673 0.774746
0 0.445875 0.455675 0.0369637 0.173942 0.80481
0 0.591914 0.461048 0.0320132 0.169913 0.816608
0 0.505446 0.633983 0.0234323 0.142377 0.81753
0 0.494389 0.46004 0.0316832 0.169241 0.817901
0 0.470132 0.452653 0.0267327 0.170584 0.818169
0 0.689934 0.417394 0.0491749 0.16051 0.825663
0 0.44967 0.641706 0.0247525 0.161854 0.82703
0 0.571122 0.461383 0.0326733 0.167898 0.831367
0 0.469472 0.644056 0.0221122 0.163868 0.832761
0 0.3967 0.644392 0.0409241 0.159167 0.836476
0 0.54571 0.635997 0.0353135 0.154466 0.851487
0 0.357261 0.446944 0.0438944 0.163197 0.854406
0 0.425248 0.643721 0.0306931 0.167226 0.857051
0 0.569967 0.641034 0.0343234 0.149765 0.858947
0 0.593564 0.635326 0.0386139 0.157152 0.858954
0 0.661386 0.439221 0.0442244 0.162525 0.859027
0 0.322772 0.433848 0.049505 0.137005 0.860982
0 0.352145 0.625252 0.0877888 0.170584 0.869909
0 0.685479 0.610477 0.0726073 0.175957 0.874278
0 0.642904 0.642377 0.0805281 0.161854 0.882931
0 0.306601 0.57589 0.0818482 0.16051 0.892553
