7 0.735152 0.431544 0.0270973 0.0442953
7 0.671863 0.572483 0.0311804 0.042953
3 0.512992 0.409396 0.646622 0.408054
0 0.544543 0.673826 0.0734967 0.183893
0 0.506496 0.459732 0.0649592 0.202685
7 0.382145 0.491946 0.0270973 0.0469799
7 0.600223 0.594966 0.0267261 0.0369128
0 0.585561 0.441946 0.045657 0.191275
7 0.346325 0.495638 0.0267261 0.0395973
0 0.605605 0.430537 0.0345212 0.20604
7 0.3415 0.506376 0.0296956 0.0328859
0 0.406459 0.436913 0.03415 0.191946
0 0.383816 0.44094 0.0326652 0.165101
4 0.525241 0.544295 0.846325 0.763758
0 0.486637 0.66745 0.0282108 0.175168
5 0.514105 0.621812 0.706013 0.407383
0 0.52487 0.668792 0.0311804 0.180537
0 0.549369 0.678188 0.0311804 0.184564
0 0.422606 0.439597 0.0330364 0.198658
0 0.56199 0.443289 0.0334076 0.211409
0 0.53248 0.455705 0.0300668 0.209396
0 0.509094 0.663758 0.0293244 0.171812
0 0.41611 0.658725 0.030438 0.179195
3 0.507795 0.364765 0.512249 0.197987
0 0.575724 0.674161 0.0311804 0.191275
0 0.600408 0.667785 0.0434298 0.193289
0 0.441351 0.669463 0.0348924 0.200671
0 0.466778 0.669128 0.0293244 0.186577
0 0.507238 0.468121 0.0308092 0.188591
0 0.447105 0.45906 0.0293244 0.190604
0 0.476243 0.46745 0.0326652 0.199329
0 0.724759 0.378859 0.0686711 0.167114
0 0.642353 0.443289 0.0515961 0.177852
6 0.501114 0.189597 0.503341 0.341611
0 0.386229 0.656711 0.0345212 0.187248
0 0.698404 0.624832 0.096882 0.18255
0 0.270416 0.573825 0.0872309 0.157047
0 0.6817 0.413758 0.0575353 0.185906
0 0.305308 0.421477 0.0434298 0.175839
0 0.344284 0.436577 0.0441722 0.179195
0 0.739235 0.575168 0.0864885 0.165101
0 0.311062 0.629195 0.0824053 0.153691
