0 0.444937 0.663545 0.0591279 0.168562
5 0.492609 0.612375 0.853659 0.450167
0 0.488359 0.650167 0.0314117 0.135117
0 0.423688 0.670569 0.0395418 0.189298
0 0.460828 0.653512 0.030303 0.153846
0 0.547857 0.649164 0.033629 0.154515
0 0.518662 0.648829 0.0343681 0.148495
0 0.235403 0.360535 0.0443459 0.121739
0 0.366962 0.459532 0.0362158 0.184615
3 0.503326 0.355518 0.559497 0.21204
0 0.470806 0.451171 0.0391722 0.222742
0 0.51238 0.462207 0.0380636 0.19398
0 0.436253 0.448495 0.033629 0.194649
0 0.650961 0.438462 0.0388027 0.186622
0 0.585366 0.65786 0.0495196 0.185284
6 0.495011 0.199666 0.580562 0.341806
0 0.546378 0.450836 0.0358463 0.196656
0 0.398374 0.447826 0.0391722 0.217391
0 0.61881 0.446488 0.0358463 0.186622
0 0.298411 0.442475 0.0587583 0.177258
0 0.337029 0.452843 0.0354767 0.188629
0 0.810606 0.569565 0.0594974 0.143813
0 0.619734 0.64515 0.0384331 0.183946
0 0.385994 0.667559 0.0402809 0.179264
0 0.583149 0.443813 0.0369549 0.206689
0 0.251293 0.63612 0.0643016 0.192642
0 0.254989 0.4301 0.0606061 0.179264
0 0.347376 0.66689 0.0546933 0.19398
0 0.693274 0.434114 0.052476 0.184615
0 0.655026 0.641806 0.0513673 0.191973
0 0.182373 0.625418 0.0979305 0.121739
0 0.707317 0.637793 0.0842572 0.202676
0 0.759054 0.591973 0.0776053 0.163211
0 0.743348 0.420736 0.0558019 0.184615
0 0.298596 0.649164 0.0813008 0.18796
