4 0.50281 0.610851 0.799339 0.64434
0 0.532727 0.507703 0.0446281 0.16075
3 0.501157 0.51507 0.626777 0.288011
0 0.424628 0.716008 0.0757025 0.186202
0 0.504297 0.519424 0.0538843 0.16142
0 0.300496 0.522438 0.0528926 0.190221
0 0.498182 0.681179 0.0290909 0.155392
6 0.503141 0.331547 0.548099 0.32284
0 0.553884 0.706966 0.0373554 0.180174
5 0.514876 0.721366 0.650909 0.292029
0 0.508595 0.682518 0.027438 0.16209
0 0.532066 0.688212 0.0327273 0.166778
0 0.723636 0.480241 0.0396694 0.107167
0 0.571405 0.70931 0.0347107 0.180844
0 0.275372 0.72639 0.0476033 0.113195
0 0.477851 0.6929 0.0241322 0.169457
0 0.287769 0.482585 0.04 0.119893
0 0.413058 0.51507 0.0333884 0.174146
0 0.594876 0.519759 0.0353719 0.166109
0 0.570579 0.51708 0.0317355 0.16209
0 0.620331 0.522438 0.0347107 0.163429
0 0.435868 0.50067 0.0340496 0.169457
0 0.407934 0.727729 0.0323967 0.177495
0 0.734545 0.72505 0.0502479 0.105157
0 0.487107 0.515405 0.0294215 0.156062
0 0.461818 0.513396 0.0271074 0.158741
0 0.457025 0.711654 0.0280992 0.19491
0 0.434545 0.718017 0.0280992 0.180844
0 0.519174 0.510382 0.0294215 0.154052
0 0.385785 0.523443 0.0370248 0.164099
0 0.544959 0.51708 0.0261157 0.156731
0 0.597355 0.716678 0.0330578 0.178165
0 0.31438 0.542197 0.0390083 0.170797
0 0.352727 0.536169 0.0456198 0.169457
0 0.634876 0.722036 0.0552066 0.164769
0 0.694215 0.538848 0.0436364 0.16276
0 0.325124 0.724046 0.0618182 0.167448
0 0.653058 0.539183 0.048595 0.16075
0 0.681322 0.725385 0.0581818 0.156731
0 0.369091 0.730074 0.0598347 0.174146
