7 0.344679 0.48117 0.0350297 0.0437122 0.50228
7 0.707039 0.48655 0.0261071 0.0316073 0.526192
7 0.648381 0.561197 0.0290813 0.0369872 0.542036
4 0.516028 0.548083 0.838401 0.781439 0.688714
0 0.473397 0.648958 0.0241243 0.189644 0.700888
0 0.493556 0.648285 0.0247852 0.169469 0.711267
0 0.384501 0.414929 0.0333774 0.173504 0.75045
5 0.509088 0.645259 0.664574 0.38803 0.754752
0 0.553867 0.6577 0.0304032 0.186954 0.761101
0 0.602776 0.43813 0.032386 0.195696 0.768665
0 0.506775 0.650639 0.0241243 0.175521 0.772462
0 0.412095 0.420646 0.0343688 0.203766 0.778357
3 0.501652 0.352387 0.47918 0.231338 0.783609
0 0.468605 0.43275 0.0337079 0.202421 0.784382
0 0.437541 0.406523 0.0330469 0.217216 0.79459
0 0.528255 0.654001 0.0261071 0.179556 0.80085
0 0.551388 0.433759 0.0294118 0.196369 0.802236
0 0.425975 0.639879 0.0337079 0.202421 0.804327
0 0.663913 0.430733 0.0515532 0.171486 0.814645
0 0.342531 0.418964 0.0432915 0.164089 0.815811
0 0.578321 0.436785 0.0356907 0.213181 0.819225
0 0.449769 0.64694 0.0310641 0.199059 0.828631
0 0.578817 0.661399 0.0346993 0.210491 0.830637
0 0.629214 0.433759 0.0370126 0.184264 0.837524
0 0.65499 0.637861 0.0779907 0.195696 0.844446
0 0.351454 0.626765 0.0750165 0.192334 0.846596
0 0.304197 0.399462 0.0492399 0.200403 0.847246
0 0.707865 0.415266 0.0495704 0.183591 0.851189
0 0.609055 0.645595 0.0403173 0.176194 0.852762
0 0.392432 0.645259 0.0459352 0.207801 0.86094
6 0.505288 0.198386 0.478519 0.355077 0.866
0 0.523629 0.442165 0.0313946 0.187626 0.866753
0 0.704726 0.608944 0.0730337 0.178211 0.866786
0 0.302214 0.587088 0.0664243 0.185609 0.873108
0 0.49306 0.444855 0.0304032 0.193006 0.884403
