0 0.181818 0.698317 0.0857354 0.118519 0.805724
0 0.492239 0.651515 0.0273466 0.13266 0.805728
0 0.471175 0.662626 0.0384331 0.148148 0.806411
0 0.379527 0.50505 0.0421286 0.188552 0.806421
0 0.439209 0.700337 0.0432373 0.195286 0.807889
0 0.440872 0.487205 0.0391722 0.185185 0.820286
0 0.406874 0.702694 0.0421286 0.187879 0.833907
0 0.406504 0.491582 0.0576497 0.20202 0.836111
0 0.347007 0.504714 0.0399113 0.202694 0.843263
0 0.63544 0.484175 0.0402809 0.206061 0.844469
0 0.742424 0.473064 0.0495196 0.185185 0.84824
0 0.805617 0.674074 0.09017 0.122559 0.849368
0 0.601626 0.485859 0.0384331 0.183838 0.852908
0 0.775868 0.429966 0.0424982 0.151515 0.854128
0 0.605876 0.699663 0.0417591 0.187205 0.854717
0 0.641722 0.703367 0.0388027 0.17037 0.856625
0 0.566149 0.494613 0.0347376 0.182492 0.859195
0 0.528086 0.483838 0.0399113 0.183838 0.859492
0 0.664265 0.492929 0.0321508 0.199327 0.861201
0 0.569845 0.693266 0.0391722 0.198653 0.865733
0 0.480968 0.482828 0.0454545 0.200673 0.866369
0 0.702698 0.492593 0.0528455 0.185185 0.867185
0 0.220067 0.459933 0.0498891 0.156229 0.869015
0 0.304324 0.499663 0.04915 0.203367 0.870685
0 0.369734 0.712795 0.0484109 0.194613 0.88089
0 0.259608 0.494613 0.04915 0.181145 0.885475
0 0.260347 0.691246 0.0772358 0.187879 0.894858
0 0.68847 0.70202 0.0805617 0.19596 0.897053
0 0.738544 0.675084 0.0809313 0.174411 0.900297
0 0.318551 0.704377 0.0790835 0.199327 0.902591
