0 0.471954 0.667562 0.0263744 0.165212 0.801304
0 0.403046 0.678643 0.0356612 0.16857 0.803734
0 0.449294 0.671592 0.0278603 0.182673 0.80732
0 0.527489 0.474144 0.0319465 0.188046 0.810374
0 0.357169 0.468099 0.0508915 0.154466 0.814526
0 0.597697 0.697112 0.0371471 0.179987 0.817131
0 0.555163 0.475151 0.0338039 0.184688 0.817644
0 0.581724 0.472801 0.0319465 0.185359 0.826058
6 0.506315 0.264271 0.545319 0.344527 0.828278
0 0.397288 0.466756 0.0338039 0.158496 0.828615
0 0.668834 0.478173 0.0494056 0.149093 0.834565
0 0.570765 0.686367 0.0338039 0.190732 0.837848
0 0.420505 0.46407 0.0312036 0.155809 0.839567
0 0.634101 0.479852 0.0364042 0.152451 0.84024
0 0.496843 0.473472 0.031575 0.186702 0.843953
0 0.470468 0.473808 0.0300892 0.175285 0.844503
0 0.312964 0.456011 0.0442051 0.159839 0.866631
0 0.711738 0.463398 0.0393759 0.162525 0.869235
0 0.691679 0.676293 0.0720654 0.158496 0.885922
0 0.256501 0.677972 0.0746657 0.144392 0.891664
0 0.363113 0.679315 0.0694651 0.175285 0.891938
0 0.313336 0.671592 0.0672363 0.18133 0.901501
