0 0.478511 0.671707 0.024083 0.160618 0.800215
0 0.497592 0.669355 0.0229715 0.151882 0.80147
0 0.393664 0.486895 0.0426084 0.167339 0.802848
0 0.533346 0.670363 0.023342 0.160618 0.803296
0 0.466099 0.486895 0.0288996 0.188844 0.808716
0 0.579474 0.675403 0.0303816 0.180108 0.821144
0 0.554835 0.674731 0.0270471 0.185484 0.823177
0 0.313449 0.470766 0.0437199 0.171371 0.825294
0 0.552056 0.479503 0.0311226 0.174059 0.825566
0 0.457206 0.690188 0.0288996 0.201613 0.832867
0 0.657651 0.477151 0.0533531 0.169355 0.840237
0 0.526121 0.481183 0.0333457 0.180108 0.842452
0 0.700074 0.452957 0.0411263 0.159946 0.848323
0 0.731753 0.437836 0.048166 0.145833 0.850177
0 0.60226 0.673051 0.0389033 0.186156 0.850367
0 0.281401 0.447917 0.0507595 0.15121 0.854717
0 0.359763 0.484879 0.0518711 0.178091 0.855479
0 0.49296 0.481855 0.0351982 0.181452 0.868884
0 0.324194 0.640457 0.0689144 0.170699 0.875577
0 0.693405 0.628024 0.0700259 0.165995 0.883334
0 0.647462 0.667003 0.075213 0.188844 0.899001
0 0.274176 0.604839 0.0755835 0.151882 0.901593
0 0.373472 0.667675 0.0741015 0.183468 0.903392
0 0.741941 0.589382 0.07299 0.158602 0.906632
