0 0.554299 0.631296 0.0285397 0.167898 0.804691
0 0.523165 0.426796 0.03447 0.16454 0.806221
0 0.407153 0.643385 0.0366938 0.173271 0.816514
0 0.451631 0.43452 0.03447 0.157152 0.818794
0 0.555782 0.438549 0.0470719 0.165212 0.819961
6 0.50278 0.244124 0.546701 0.327065 0.822035
0 0.420497 0.458361 0.0352113 0.144392 0.82345
0 0.584322 0.461719 0.0404003 0.16051 0.826899
0 0.434767 0.637676 0.0311342 0.16857 0.829135
0 0.614715 0.47045 0.0352113 0.175285 0.852715
0 0.579318 0.6454 0.0378058 0.171927 0.854314
0 0.484804 0.433177 0.0363232 0.167898 0.859573
0 0.312268 0.466756 0.0441067 0.165212 0.864129
0 0.737398 0.484218 0.044848 0.154466 0.86702
0 0.391401 0.458026 0.0385471 0.165212 0.871209
0 0.35619 0.466756 0.0444774 0.149093 0.871384
0 0.656042 0.485225 0.0593032 0.167226 0.871523
0 0.610452 0.659503 0.0378058 0.18133 0.873743
0 0.365271 0.653459 0.0707932 0.170584 0.886357
0 0.272609 0.465413 0.0515196 0.15178 0.891069
0 0.706264 0.653459 0.0700519 0.150437 0.896303
0 0.696256 0.492612 0.0478132 0.171256 0.896781
0 0.652891 0.667226 0.0707932 0.153794 0.904822
0 0.317272 0.644056 0.0652335 0.155809 0.904919
0 0.26464 0.627267 0.0615271 0.146407 0.907142
