0 0.600037 0.692929 0.0367483 0.167003 0.811195
0 0.628805 0.530303 0.0504826 0.177104 0.818942
0 0.440052 0.67037 0.0345212 0.190572 0.820238
6 0.489792 0.302694 0.612843 0.344108 0.820642
0 0.457313 0.480471 0.0326652 0.155556 0.828473
0 0.484595 0.475421 0.0300668 0.153535 0.832495
0 0.368597 0.518855 0.0445434 0.156902 0.833818
0 0.416481 0.670707 0.0334076 0.185859 0.835137
0 0.572197 0.687879 0.0352635 0.177104 0.836261
0 0.569042 0.494613 0.0386043 0.169024 0.841416
0 0.387157 0.67138 0.0356347 0.16835 0.843419
0 0.542502 0.486532 0.0300668 0.154209 0.844195
0 0.430958 0.484175 0.0334076 0.167003 0.844605
0 0.597439 0.521886 0.0374907 0.162963 0.845071
0 0.332777 0.52862 0.0575353 0.161616 0.855349
