0 0.560052 0.659505 0.033629 0.161458 0.803165
0 0.445491 0.689779 0.0424982 0.180339 0.810357
0 0.498891 0.664062 0.0443459 0.186198 0.81876
0 0.584072 0.657878 0.0388027 0.16862 0.821955
0 0.702328 0.653971 0.0646711 0.151693 0.82983
0 0.299335 0.688151 0.0687361 0.143229 0.838056
0 0.614006 0.662109 0.0461936 0.174479 0.839009
0 0.350517 0.704753 0.0764967 0.146484 0.846787
0 0.415743 0.704753 0.045085 0.182943 0.868926
0 0.653548 0.656901 0.0661493 0.169271 0.869857
0 0.265891 0.503906 0.0365854 0.164062 0.875327
