0 0.660396 0.446273 0.0488449 0.153794 0.804113
0 0.690594 0.427468 0.0564356 0.148422 0.807082
0 0.324917 0.435863 0.0518152 0.134318 0.811352
0 0.546865 0.638012 0.0356436 0.157152 0.81932
0 0.494554 0.459369 0.0293729 0.175957 0.821129
0 0.39802 0.641034 0.0382838 0.165883 0.823355
6 0.50297 0.226326 0.50363 0.351914 0.830736
0 0.504455 0.632304 0.0227723 0.13499 0.831668
0 0.571122 0.462055 0.0293729 0.1773 0.834393
0 0.449835 0.644056 0.0250825 0.163868 0.839221
0 0.309406 0.578912 0.0788779 0.157152 0.843626
0 0.469307 0.638012 0.0217822 0.149093 0.843654
0 0.424752 0.646743 0.0316832 0.171927 0.853471
0 0.570627 0.640698 0.0349835 0.14775 0.856056
0 0.593894 0.635997 0.0372937 0.150437 0.865731
0 0.686139 0.609469 0.0706271 0.165883 0.866068
0 0.641419 0.646743 0.0716172 0.14775 0.8668
